"hh","rule","source","n_flagged_train","clean_rate_train","clean_rate_train_lcb","n_flagged_holdout","clean_flagged_holdout","clean_rate_holdout","clean_cut_holdout","err_dollars_lost_holdout","workload_pct_holdout","stratum_base_error","stratum_clean_floor","safety_multiple"
"1","medical_deductions >  0.500 & unc_rawben_rel_max <= -0.124","ranger",796,1,0.99661,346,341,0.9855,0.0153,0.0028,1.438,0.0772,0.9846,22.8
"1","cat_elig <=  2.50000 & medical_deductions >  0.50000 & rawben_rel_max <=  0.26600 & unc_rawben_rel_max <= -0.00915","ranger",982,0.99898,0.99545,431,425,0.9861,0.0191,0.0032,1.791,0.0772,0.9846,17
"1","medical_deductions >   3.50000 & rawben_rel_max <=   0.31600 & unc_rawben_rel_max <=  -0.00915 & utilities <= 851.00000","ranger",941,0.99894,0.99525,407,402,0.9877,0.0181,0.0023,1.691,0.0772,0.9846,16.3
"1","medical_deductions >  0.50000 & months_since_cert_n <= 26.50000 & rawben_rel_max <=  0.26600 & unc_rawben_rel_max <= -0.00915","ranger",939,0.99894,0.99524,409,404,0.9878,0.0182,0.0022,1.7,0.0772,0.9846,16.2
"1","medical_deductions >   0.50000 & rawben_rel_max <=   0.75400 & total_deductions_by_hh_size <= 306.00000 & unc_rawben_rel_max <=  -0.00544","ranger",538,1,0.995,247,244,0.9879,0.011,0.0017,1.026,0.0772,0.9846,15.4
"1","cat_elig <= 0.50 & elderly_disabled_i <= 0.50 & homeless > 0.50 & rawben_rel_max > 0.94","ranger",508,1,0.9947,238,237,0.9958,0.0107,9e-04,0.989,0.0772,0.9846,14.6
"1","cat_elig <= 0.5 & elderly_disabled_i <= 0.5 & homeless > 0.5 & unc_rawben_rel_max > 1.0","ranger",506,1,0.99468,238,237,0.9958,0.0107,9e-04,0.989,0.0772,0.9846,14.5
"1","cat_elig <= 0.500 & homeless > 0.500 & percent_abawd <= 0.500 & unc_rawben_rel_max > 0.991","ranger",480,1,0.99439,202,199,0.9851,0.009,0.002,0.839,0.0772,0.9846,13.8
"1","medical_deductions >  0.50000 & rawben_rel_max <=  0.26600 & unc_rawben_rel_max <= -0.00915","ranger",985,0.99797,0.99388,431,425,0.9861,0.0191,0.0032,1.791,0.0772,0.9846,12.6
"1","cat_elig <=  1.50 & medical_deductions >  3.50 & unc_rawben_rel_max <= -0.01","ranger",616,0.99838,0.99276,419,413,0.9857,0.0186,0.0032,1.741,0.0772,0.9846,10.7
"1","cat_elig <=   0.5 & percent_abawd <=   0.5 & shelter_expenses_by_hh_size > 167.0 & total_deductions_by_hh_size <=  42.5","ranger",340,1,0.9921,180,174,0.9667,0.0078,0.0033,0.748,0.0772,0.9846,9.8
"1","cat_elig <=  0.500 & total_deductions_by_hh_size <=  8.800 & unc_rawben_rel_max > -4.100 & unc_rawben_rel_max <=  0.191","ranger",325,1,0.99174,156,153,0.9808,0.0069,0.0016,0.648,0.0772,0.9846,9.3
"1","cat_elig <=   0.5 & homeless >   0.5 & total_deductions_by_hh_size <= 197.0 & utilities <=  18.5","ranger",537,0.99814,0.9917,249,246,0.988,0.0111,0.002,1.035,0.0772,0.9846,9.3
"1","cat_elig <= 0.500 & total_deductions_by_hh_size <= 7.800 & unc_rawben_rel_max <= 0.191","ranger",321,1,0.99164,156,153,0.9808,0.0069,0.0016,0.648,0.0772,0.9846,9.2
"1","cat_elig <= 0.500 & homeless > 0.500 & rawben_rel_max > 0.991","ranger",530,0.99811,0.99159,249,246,0.988,0.0111,0.002,1.035,0.0772,0.9846,9.2
"1","cat_elig <=  0.500 & homeless >  0.500 & months_since_cert_n <= 23.500 & rawben_rel_max >  0.924","ranger",529,0.99811,0.99157,248,245,0.9879,0.011,0.002,1.031,0.0772,0.9846,9.2
"1","cat_elig <=  0.500 & homeless >  0.500 & months_since_cert_n <= 26.500 & rawben_rel_max >  0.991","ranger",528,0.99811,0.99156,248,245,0.9879,0.011,0.002,1.031,0.0772,0.9846,9.1
"1","cat_elig <= 0.50 & homeless > 0.50 & unc_rawben_rel_max > 1.02 & unc_rawben_rel_max <= 1.93","ranger",526,0.9981,0.99152,245,242,0.9878,0.0109,0.002,1.018,0.0772,0.9846,9.1
"1","cat_elig <= 0.500 & children_i <= 0.500 & homeless > 0.500 & rawben_rel_max > 0.998","ranger",524,0.99809,0.99149,249,246,0.988,0.0111,0.002,1.035,0.0772,0.9846,9.1
"1","shelter_expenses_by_hh_size >  14.0000 & total_deductions_by_hh_size <= 257.0000 & unc_rawben_rel_max <=  -0.0292 & utilities > 360.0000","ranger",1035,0.99614,0.99142,547,543,0.9927,0.0244,0.0031,2.273,0.0772,0.9846,9
"1","cat_elig <= 0.500 & homeless > 0.500 & rawben_rel_max > 0.993 & utilities <= 9.500","ranger",518,0.99807,0.99139,242,239,0.9876,0.0108,0.002,1.006,0.0772,0.9846,9
"1","cat_elig <=  0.5 & homeless >  0.5 & months_since_cert_n <=  8.5 & utilities <= 18.5","ranger",509,0.99804,0.99124,229,226,0.9869,0.0102,0.002,0.952,0.0772,0.9846,8.8
"1","cat_elig <= 0.500 & expedited_i > 0.500 & homeless > 0.500 & rawben_rel_max > 0.991","ranger",300,1,0.99106,141,140,0.9929,0.0063,9e-04,0.586,0.0772,0.9846,8.6
"1","elderly_disabled_i >   0.500 & total_deductions_by_hh_size <= 184.000 & unc_rawben_rel_max <=  -0.181","ranger",1437,0.99513,0.99104,666,660,0.991,0.0297,0.0038,2.768,0.0772,0.9846,8.6
"1","cat_elig <=   0.5 & shelter_expenses_by_hh_size > 167.0 & total_deductions_by_hh_size <=   8.8","ranger",297,1,0.99097,150,146,0.9733,0.0066,0.0024,0.623,0.0772,0.9846,8.5
"1","cat_elig <= 0.500 & homeless > 0.500 & rawben_rel_max > 0.991 & unc_rawben_rel_max > 1.200","ranger",493,0.99797,0.99096,230,227,0.987,0.0102,0.002,0.956,0.0772,0.9846,8.5
"1","cat_elig <= 0.5 & expedited_i > 0.5 & homeless > 0.5 & utilities <= 5.0","ranger",296,1,0.99094,138,136,0.9855,0.0061,0.0012,0.573,0.0772,0.9846,8.5
"1","homeless <   1.000 & medical_deductions >= 116.000 & unc_rawben_rel_max <  -0.004","xgboost",824,0.99636,0.99092,388,382,0.9845,0.0172,0.0032,1.612,0.0772,0.9846,8.5
"1","expedited_i <    1.000 & shelter_expenses_by_hh_size < 1530.000 & unc_rawben_rel_max <   -0.056 & utilities >=  426.000","xgboost",1394,0.99498,0.99076,621,614,0.9887,0.0276,0.0061,2.581,0.0772,0.9846,8.4
"1","shelter_expenses_by_hh_size < 1030.000 & unc_rawben_rel_max <   -0.096 & utilities >=  426.000","xgboost",910,0.9956,0.99024,404,399,0.9876,0.018,0.005,1.679,0.0772,0.9846,7.9
"1","married <=   0.5000 & rawben_rel_max >   0.0795 & shelter_expenses_by_hh_size > 406.0000 & total_deductions_by_hh_size <=   8.9000","ranger",272,1,0.99015,299,293,0.9799,0.0132,0.0034,1.243,0.0772,0.9846,7.8
"1","children_i <=   0.50 & total_deductions_by_hh_size <=   7.80 & unc_rawben_rel_max <=   0.24 & utilities > 242.00","ranger",899,0.99555,0.99013,436,430,0.9862,0.0193,0.0047,1.812,0.0772,0.9846,7.8
"1","total_deductions_by_hh_size <  63.000 & unc_rawben_rel_max <  -0.004 & utilities >= 369.000","xgboost",451,0.99778,0.99012,227,226,0.9956,0.0102,0.001,0.943,0.0772,0.9846,7.8
"1","medical_deductions >= 104.000 & rawben_rel_max <   0.288 & total_deductions_by_hh_size >= 174.000 & unc_rawben_rel_max <  -0.016","xgboost",595,0.99664,0.98989,258,254,0.9845,0.0114,0.0018,1.072,0.0772,0.9846,7.6
"1","cat_elig <= 0.5 & count_divisible_by_100 <= 0.5 & elderly_disabled_i <= 0.5 & total_deductions_by_hh_size <= 1.5","ranger",1504,0.99402,0.98974,789,778,0.9861,0.035,0.0071,3.279,0.0772,0.9846,7.5
"1","elderly_disabled_i >=  1.000 & expedited_i <  1.000 & unc_rawben_rel_max >= -1.170 & unc_rawben_rel_max < -0.056","xgboost",3028,0.99273,0.98972,1411,1396,0.9894,0.0628,0.0088,5.864,0.0772,0.9846,7.5
"1","medical_deductions >  0.50000 & unc_rawben_rel_max <= -0.00544","ranger",996,0.99498,0.98972,436,430,0.9862,0.0193,0.0032,1.812,0.0772,0.9846,7.5
"1","cat_elig <= 0.500 & rawben_rel_max <= 0.113 & total_deductions_by_hh_size <= 7.800","ranger",259,1,0.98966,120,117,0.975,0.0053,0.0016,0.499,0.0772,0.9846,7.5
"1","percent_abawd <=   0.500 & rawben_rel_max <=   0.134 & total_deductions_by_hh_size <=   2.800 & utilities > 293.000","ranger",569,0.99649,0.98943,339,335,0.9882,0.0151,0.0028,1.409,0.0772,0.9846,7.3
"1","percent_abawd <=   0.75 & total_deductions_by_hh_size <=   5.80 & utilities > 360.00","ranger",421,0.99762,0.98942,221,219,0.991,0.0099,8e-04,0.918,0.0772,0.9846,7.3
"1","rawben_rel_max <   0.092 & shelter_expenses_by_hh_size >= 376.000 & total_deductions_by_hh_size <  22.400 & utilities >=  57.000","xgboost",565,0.99646,0.98936,285,278,0.9754,0.0125,0.0038,1.184,0.0772,0.9846,7.3
"1","expedited_i <=   0.500 & medical_deductions > 144.000 & rawben_rel_max <=   0.085 & utilities >  28.500","ranger",418,0.99761,0.98935,188,184,0.9787,0.0083,0.0021,0.781,0.0772,0.9846,7.2
"1","cat_elig <=  0.500 & percent_abawd <=  0.500 & total_deductions_by_hh_size <= 66.700 & unc_rawben_rel_max <=  0.222","ranger",416,0.9976,0.9893,212,208,0.9811,0.0094,0.0021,0.881,0.0772,0.9846,7.2
"1","rawben_rel_max <    0.948 & shelter_expenses_by_hh_size < 1410.000 & unc_rawben_rel_max <   -0.096 & utilities >=  417.000","xgboost",1318,0.99393,0.98926,557,549,0.9856,0.0247,0.0071,2.315,0.0772,0.9846,7.2
"1","medical_deductions >= 104.000 & rawben_rel_max <   0.084 & utilities >= 431.000 & utilities < 643.000","xgboost",408,0.99755,0.98909,182,181,0.9945,0.0081,7e-04,0.756,0.0772,0.9846,7.1
"1","cat_elig <=  2.5000 & expedited_i <=  0.5000 & total_deductions_by_hh_size <= 56.7000 & unc_rawben_rel_max <= -0.0389","ranger",1408,0.99361,0.98904,665,659,0.991,0.0296,0.004,2.764,0.0772,0.9846,7
"1","medical_deductions >=  85.000 & rawben_rel_max <   0.124 & total_deductions_by_hh_size < 535.000 & unc_rawben_rel_max <   0.076","xgboost",802,0.99501,0.98894,359,353,0.9833,0.0159,0.003,1.492,0.0772,0.9846,7
"1","cat_elig <=  0.5 & homeless >  0.5 & shelter_expenses_by_hh_size <= 14.5","ranger",539,0.99629,0.98885,252,248,0.9841,0.0112,0.0023,1.047,0.0772,0.9846,6.9
"1","shelter_expenses_by_hh_size < 1030.000 & unc_rawben_rel_max <   -0.096 & utilities >=  426.000 & utilities <  550.000","xgboost",536,0.99627,0.98879,228,226,0.9912,0.0102,0.002,0.948,0.0772,0.9846,6.9
"1","cat_elig <=  0.5 & homeless >  0.5 & medical_deductions <=  4.5 & shelter_expenses_by_hh_size <= 14.5","ranger",535,0.99626,0.98877,250,246,0.984,0.0111,0.0023,1.039,0.0772,0.9846,6.9
"1","cat_elig <= 0.5 & children_i <= 0.5 & elderly_disabled_i <= 0.5 & total_deductions_by_hh_size <= 8.9","ranger",1481,0.99325,0.98874,773,764,0.9884,0.0344,0.0053,3.212,0.0772,0.9846,6.9
"1","children_i <=  0.5000 & total_deductions_by_hh_size <=  7.8000 & unc_rawben_rel_max > -4.1000 & unc_rawben_rel_max <= -0.0389","ranger",1250,0.9936,0.98868,581,577,0.9931,0.026,0.0027,2.414,0.0772,0.9846,6.8
"1","cat_elig <=  0.500 & homeless >  0.500 & unc_rawben_rel_max >  0.533 & utilities <= 12.500","ranger",528,0.99621,0.98862,247,243,0.9838,0.0109,0.0023,1.026,0.0772,0.9846,6.8
"1","children_i <=   0.5 & months_since_cert_n <=  37.5 & total_deductions_by_hh_size <=   2.8 & utilities > 245.0","ranger",898,0.99443,0.98861,445,439,0.9865,0.0197,0.0047,1.849,0.0772,0.9846,6.8
"1","elderly_disabled_i >   0.5000 & total_deductions_by_hh_size <= 296.0000 & unc_rawben_rel_max <=  -0.0463","ranger",2519,0.99206,0.98858,1173,1163,0.9915,0.0523,0.0058,4.875,0.0772,0.9846,6.8
"1","cat_elig <=  0.5 & children_i <=  0.5 & months_since_cert_n <= 28.5 & total_deductions_by_hh_size <=  2.8","ranger",1979,0.99242,0.98847,1026,1010,0.9844,0.0454,0.0098,4.264,0.0772,0.9846,6.7
"1","cat_elig <= 0.5 & count_divisible_by_100 <= 0.5 & elderly_disabled_i <= 0.5 & homeless > 0.5","ranger",518,0.99614,0.9884,240,238,0.9917,0.0107,0.0012,0.997,0.0772,0.9846,6.7
"1","cat_elig <= 0.5 & count_divisible_by_100 <= 1.5 & months_since_cert_n <= 4.5 & total_deductions_by_hh_size <= 2.8","ranger",1328,0.99322,0.98839,684,673,0.9839,0.0303,0.008,2.843,0.0772,0.9846,6.6
"1","cat_elig <=  0.5 & children_i <=  0.5 & count_divisible_by_100 <=  0.5 & total_deductions_by_hh_size <= 65.4","ranger",2161,0.99213,0.98833,1143,1127,0.986,0.0507,0.0096,4.75,0.0772,0.9846,6.6
"1","cat_elig <=   0.5 & shelter_expenses_by_hh_size > 167.0 & total_deductions_by_hh_size <=  65.5","ranger",380,0.99737,0.98829,209,202,0.9665,0.0091,0.0038,0.869,0.0772,0.9846,6.6
"1","cat_elig <= 0.5 & elderly_disabled_i <= 0.5 & total_deductions_by_hh_size <= 1.5","ranger",1525,0.99279,0.98825,798,786,0.985,0.0354,0.0076,3.316,0.0772,0.9846,6.6
"1","expedited_i <=  0.5000 & total_deductions_by_hh_size <= 56.7000 & unc_rawben_rel_max <= -0.0389","ranger",1416,0.99294,0.98822,665,659,0.991,0.0296,0.004,2.764,0.0772,0.9846,6.6
"1","total_deductions_by_hh_size < 344.000 & unc_rawben_rel_max <  -0.056 & utilities >= 277.000 & utilities < 886.000","xgboost",1611,0.99255,0.98811,759,753,0.9921,0.0339,0.0047,3.154,0.0772,0.9846,6.5
"1","elderly_disabled_i >=  1.000 & expedited_i <  1.000 & unc_rawben_rel_max < -0.056","xgboost",3131,0.99106,0.98783,1460,1443,0.9884,0.0649,0.0106,6.067,0.0772,0.9846,6.3
"1","cat_elig <= 0.500 & elderly_disabled_i <= 0.500 & rawben_rel_max > 0.991 & shelter_expenses_by_hh_size <= 5.500","ranger",1568,0.99235,0.98778,814,804,0.9877,0.0362,0.0068,3.383,0.0772,0.9846,6.3
"1","cat_elig >  1.50 & medical_deductions >  3.50 & unc_rawben_rel_max <= -0.01","ranger",363,0.99725,0.98775,12,12,1,5e-04,0,0.05,0.0772,0.9846,6.3
"1","cat_elig <=   0.5 & homeless >   0.5 & months_since_cert_n >   0.5 & total_deductions_by_hh_size <= 197.0","ranger",490,0.99592,0.98774,219,217,0.9909,0.0098,0.0017,0.91,0.0772,0.9846,6.3
"1","total_deductions_by_hh_size <=  7.8000 & unc_rawben_rel_max > -4.1000 & unc_rawben_rel_max <= -0.0389","ranger",1251,0.99281,0.98767,582,578,0.9931,0.026,0.0027,2.419,0.0772,0.9846,6.3
"1","rawben_rel_max <   0.992 & total_deductions_by_hh_size < 303.000 & unc_rawben_rel_max <  -0.056 & utilities >= 201.000","xgboost",1541,0.99221,0.98757,717,712,0.993,0.032,0.0038,2.98,0.0772,0.9846,6.2
"1","cat_elig <=  0.5 & count_divisible_by_100 <=  1.5 & expedited_i >  0.5 & shelter_expenses_by_hh_size <= 33.5","ranger",822,0.99392,0.98756,411,406,0.9878,0.0183,0.0029,1.708,0.0772,0.9846,6.2
"1","cat_elig <=   0.5 & expedited_i >   0.5 & medical_deductions <= 233.0 & shelter_expenses_by_hh_size <=  25.0","ranger",820,0.9939,0.98753,413,407,0.9855,0.0183,0.0035,1.716,0.0772,0.9846,6.2
"1","unc_rawben_rel_max >=  1.02 & unc_rawben_rel_max <  1.20 & utilities < 80.00","xgboost",1132,0.99293,0.9875,633,629,0.9937,0.0283,0.0032,2.631,0.0772,0.9846,6.2
"1","cat_elig <=  0.5 & expedited_i >  0.5 & months_since_cert_n <= 35.5 & shelter_expenses_by_hh_size <=  5.5","ranger",817,0.99388,0.98748,412,406,0.9854,0.0183,0.0035,1.712,0.0772,0.9846,6.2
"1","cat_elig <=  0.5 & expedited_i >  0.5 & total_deductions_by_hh_size <= 62.1 & utilities <= 32.5","ranger",815,0.99387,0.98745,411,406,0.9878,0.0183,0.0026,1.708,0.0772,0.9846,6.2
"1","cat_elig <= 0.5 & children_i <= 0.5 & total_deductions_by_hh_size <= 2.5","ranger",2001,0.9915,0.9874,1045,1029,0.9847,0.0463,0.0098,4.343,0.0772,0.9846,6.1
"1","cat_elig <=  0.5 & elderly_disabled_i <=  0.5 & total_deductions_by_hh_size <= 66.1 & utilities <= 18.5","ranger",1615,0.99195,0.98738,833,821,0.9856,0.0369,0.0076,3.462,0.0772,0.9846,6.1
"1","cat_elig <=  0.5 & count_divisible_by_100 <=  0.5 & months_since_cert_n <= 26.5 & total_deductions_by_hh_size <= 65.4","ranger",2184,0.9913,0.98737,1148,1126,0.9808,0.0507,0.0139,4.771,0.0772,0.9846,6.1
"1","elderly_disabled_i >=   1.000 & expedited_i <   1.000 & total_deductions_by_hh_size < 803.000 & unc_rawben_rel_max <  -0.016","xgboost",3380,0.99053,0.98737,1600,1579,0.9869,0.071,0.0126,6.649,0.0772,0.9846,6.1
"1","shelter_expenses_by_hh_size < 1640.000 & total_deductions_by_hh_size >=    9.000 & unc_rawben_rel_max <   -0.056 & utilities >=  430.000","xgboost",1216,0.9926,0.98732,565,556,0.9841,0.025,0.0081,2.348,0.0772,0.9846,6.1
"1","children_i <=   0.5 & total_deductions_by_hh_size <=   2.8 & utilities > 218.0","ranger",904,0.99336,0.98722,451,442,0.98,0.0199,0.0054,1.874,0.0772,0.9846,6
"1","elderly_disabled_i >   0.5000 & rawben_rel_max <=   0.3010 & unc_rawben_rel_max <=  -0.0295 & utilities > 364.0000","ranger",1783,0.99159,0.98721,882,876,0.9932,0.0394,0.0048,3.665,0.0772,0.9846,6
"1","cat_elig <= 0.500 & elderly_disabled_i > 0.500 & total_deductions_by_hh_size <= 8.800 & unc_rawben_rel_max <= 0.257","ranger",347,0.99712,0.98719,172,169,0.9826,0.0076,0.0016,0.715,0.0772,0.9846,6
"1","rawben_rel_max <=   0.976 & total_deductions_by_hh_size <=   2.500 & utilities > 242.000","ranger",902,0.99335,0.98719,450,443,0.9844,0.0199,0.0057,1.87,0.0772,0.9846,6
"1","cat_elig <= 0.500 & elderly_disabled_i > 0.500 & total_deductions_by_hh_size <= 7.600 & unc_rawben_rel_max <= 0.268","ranger",346,0.99711,0.98715,172,169,0.9826,0.0076,0.0016,0.715,0.0772,0.9846,6
"1","total_deductions_by_hh_size < 538.000 & unc_rawben_rel_max <  -0.004 & utilities >= 426.000","xgboost",1297,0.99229,0.98714,604,595,0.9851,0.0268,0.0074,2.51,0.0772,0.9846,6
"1","cat_elig <=  0.500 & children_i <=  0.500 & rawben_rel_max >  0.993 & total_deductions_by_hh_size <= 55.500","ranger",1673,0.99163,0.98709,874,864,0.9886,0.0389,0.0065,3.632,0.0772,0.9846,6
"1","count_divisible_by_100 <   1.000 & total_deductions_by_hh_size < 202.000 & unc_rawben_rel_max >=  -0.904 & unc_rawben_rel_max <  -0.004","xgboost",2229,0.99103,0.98709,1034,1019,0.9855,0.0458,0.0089,4.297,0.0772,0.9846,6
"1","homeless <=   0.5 & total_deductions_by_hh_size <=   2.8 & utilities > 245.0","ranger",890,0.99326,0.98702,442,436,0.9864,0.0196,0.0047,1.837,0.0772,0.9846,5.9
"1","homeless <=   0.5 & percent_abawd <=   0.5 & total_deductions_by_hh_size <=   2.8 & utilities > 248.0","ranger",888,0.99324,0.98699,438,433,0.9886,0.0195,0.0037,1.82,0.0772,0.9846,5.9
"1","cat_elig <=   0.5 & children_i <=   0.5 & total_deductions_by_hh_size <=   2.8 & utilities <= 293.0","ranger",1935,0.99121,0.98697,979,964,0.9847,0.0434,0.0096,4.068,0.0772,0.9846,5.9
"1","cat_elig <  1 & children_i <  1 & months_since_cert_n < 21 & total_deductions_by_hh_size <  9","xgboost",1932,0.9912,0.98695,1006,991,0.9851,0.0446,0.0091,4.181,0.0772,0.9846,5.9
"1","cat_elig >  0.5000 & count_divisible_by_100 <=  0.5000 & total_deductions_by_hh_size <=  8.8000 & unc_rawben_rel_max <= -0.0389","ranger",1083,0.99261,0.98694,513,510,0.9942,0.0229,0.0023,2.132,0.0772,0.9846,5.9
"1","cat_elig <=  0.5 & count_divisible_by_100 <=  0.5 & months_since_cert_n <= 28.5 & total_deductions_by_hh_size <=  7.8","ranger",2017,0.99108,0.98691,1050,1031,0.9819,0.0464,0.0125,4.364,0.0772,0.9846,5.9
"1","cat_elig <=  0.5 & expedited_i >  0.5 & months_since_cert_n <= 31.5 & total_deductions_by_hh_size <=  1.5","ranger",781,0.9936,0.98691,399,394,0.9875,0.0177,0.0026,1.658,0.0772,0.9846,5.9
"1","cat_elig <= 0.5 & count_divisible_by_100 <= 0.5 & married <= 0.5 & total_deductions_by_hh_size <= 2.8","ranger",2017,0.99108,0.98691,1058,1039,0.982,0.0467,0.0125,4.397,0.0772,0.9846,5.9
"1","children_i <   1.000 & elderly_disabled_i >=   1.000 & total_deductions_by_hh_size < 289.000 & unc_rawben_rel_max <  -0.016","xgboost",2645,0.99055,0.98691,1257,1244,0.9897,0.056,0.0075,5.224,0.0772,0.9846,5.9
"1","count_divisible_by_100 <=   0.5 & total_deductions_by_hh_size <=   2.8 & utilities > 242.0","ranger",882,0.9932,0.9869,438,431,0.984,0.0194,0.0057,1.82,0.0772,0.9846,5.9
"1","total_deductions_by_hh_size < 1100.0000 & unc_rawben_rel_max >=   -1.1700 & unc_rawben_rel_max <   -0.0344 & utilities >=  302.0000","xgboost",2195,0.99089,0.9869,1086,1070,0.9853,0.0481,0.0119,4.513,0.0772,0.9846,5.9
"1","count_divisible_by_100 <  1.000 & months_since_cert_n >=  3.000 & total_deductions_by_hh_size <  4.400 & unc_rawben_rel_max < -0.004","xgboost",1079,0.99259,0.98689,503,500,0.994,0.0225,0.0016,2.09,0.0772,0.9846,5.9
"1","medical_deductions >= 129.000 & months_since_cert_n <  14.000 & rawben_rel_max <   0.084 & shelter_expenses_by_hh_size < 788.000","xgboost",339,0.99705,0.98689,178,176,0.9888,0.0079,7e-04,0.74,0.0772,0.9846,5.9
"1","children_i <=   0.5000 & shelter_expenses_by_hh_size >   5.5000 & total_deductions_by_hh_size <= 229.0000 & unc_rawben_rel_max <=  -0.0389","ranger",2103,0.99097,0.98688,982,972,0.9898,0.0437,0.0071,4.081,0.0772,0.9846,5.9
"1","cat_elig <=  0.5 & homeless >  0.5 & months_since_cert_n <=  5.5 & total_deductions_by_hh_size <= 36.9","ranger",456,0.99561,0.98683,201,198,0.9851,0.0089,0.002,0.835,0.0772,0.9846,5.9
"1","children_i <  1.0000 & rawben_rel_max <  0.9790 & total_deductions_by_hh_size < 55.0000 & unc_rawben_rel_max < -0.0344","xgboost",1449,0.99172,0.98678,685,678,0.9898,0.0305,0.0042,2.847,0.0772,0.9846,5.8
"1","homeless <   1.000 & medical_deductions < 116.000 & total_deductions_by_hh_size <  82.000 & unc_rawben_rel_max <  -0.004","xgboost",1633,0.99143,0.98678,770,762,0.9896,0.0343,0.004,3.2,0.0772,0.9846,5.8
"1","percent_abawd <=   0.75 & total_deductions_by_hh_size <=   0.10 & utilities > 245.00","ranger",873,0.99313,0.98676,437,432,0.9886,0.0194,0.0037,1.816,0.0772,0.9846,5.8
"1","cat_elig <=  0.5 & children_i <=  0.5 & months_since_cert_n <= 26.5 & shelter_expenses_by_hh_size <=  3.0","ranger",1811,0.99117,0.98674,959,942,0.9823,0.0424,0.0104,3.985,0.0772,0.9846,5.8
"1","medical_deductions >   3.500 & rawben_rel_max <=   0.308 & total_deductions_by_hh_size > 308.000 & unc_rawben_rel_max <=  -0.010","ranger",446,0.99552,0.98654,185,182,0.9838,0.0082,0.0015,0.769,0.0772,0.9846,5.7
"1","cat_elig >  1.500 & total_deductions_by_hh_size <=  7.800 & unc_rawben_rel_max <= -0.156","ranger",330,0.99697,0.98653,11,11,1,5e-04,0,0.046,0.0772,0.9846,5.7
"1","months_since_cert_n >=   9.000 & rawben_rel_max <   0.100 & total_deductions_by_hh_size < 218.000 & unc_rawben_rel_max <  -0.004","xgboost",1049,0.99237,0.98652,521,515,0.9885,0.0232,0.0033,2.165,0.0772,0.9846,5.7
"1","cat_elig <=  0.500 & total_deductions_by_hh_size <= 61.300 & unc_rawben_rel_max <=  0.351","ranger",445,0.99551,0.98651,236,231,0.9788,0.0104,0.003,0.981,0.0772,0.9846,5.7
"1","cat_elig <=   0.5 & children_i <=   0.5 & shelter_expenses_by_hh_size <= 324.0 & total_deductions_by_hh_size <=   2.8","ranger",1863,0.99087,0.98647,991,976,0.9849,0.0439,0.0096,4.118,0.0772,0.9846,5.7
"1","cat_elig <=  0.5 & months_since_cert_n <= 28.5 & total_deductions_by_hh_size <=  2.8","ranger",2036,0.99067,0.98645,1056,1036,0.9811,0.0466,0.0131,4.388,0.0772,0.9846,5.7
"1","cat_elig <=  0.500 & children_i <=  0.500 & shelter_expenses_by_hh_size <= 14.500 & unc_rawben_rel_max >  0.906","ranger",1680,0.99107,0.98643,878,865,0.9852,0.0389,0.0082,3.649,0.0772,0.9846,5.7
"1","cat_elig <= 0.500 & months_since_cert_n <= 5.500 & rawben_rel_max > 0.947 & shelter_expenses_by_hh_size <= 5.500","ranger",1411,0.9915,0.98643,722,711,0.9848,0.032,0.0076,3,0.0772,0.9846,5.7
"1","cat_elig <=  0.5 & children_i <=  0.5 & medical_deductions <=  3.5 & total_deductions_by_hh_size <= 65.5","ranger",2204,0.99047,0.98642,1158,1141,0.9853,0.0513,0.0102,4.812,0.0772,0.9846,5.7
"1","cat_elig <=  0.5 & children_i <=  0.5 & shelter_expenses_by_hh_size <=  5.5 & total_deductions_by_hh_size <= 66.7","ranger",1767,0.99095,0.98642,926,913,0.986,0.0411,0.0084,3.848,0.0772,0.9846,5.7
"1","cat_elig <=  0.500 & elderly_disabled_i <=  0.500 & rawben_rel_max >  0.991 & total_deductions_by_hh_size <= 71.200","ranger",1590,0.99119,0.98642,831,821,0.988,0.0369,0.0068,3.453,0.0772,0.9846,5.7
"1","cat_elig <=   0.5 & count_divisible_by_100 <=   0.5 & total_deductions_by_hh_size <=  65.5 & utilities <= 424.0","ranger",2200,0.99045,0.98639,1169,1148,0.982,0.0516,0.0136,4.858,0.0772,0.9846,5.7
"1","cat_elig <=   0.5 & homeless >   0.5 & total_deductions_by_hh_size <= 197.0","ranger",548,0.99453,0.98638,254,251,0.9882,0.0113,0.002,1.056,0.0772,0.9846,5.7
"1","shelter_expenses_by_hh_size >   5.5000 & total_deductions_by_hh_size <= 229.0000 & unc_rawben_rel_max <=  -0.0389","ranger",2106,0.9905,0.98634,984,974,0.9898,0.0438,0.0071,4.089,0.0772,0.9846,5.7
"1","cat_elig <= 0.5 & homeless > 0.5 & utilities <= 9.5","ranger",546,0.99451,0.98633,256,252,0.9844,0.0113,0.0023,1.064,0.0772,0.9846,5.6
"1","rawben_rel_max <  0.304 & total_deductions_by_hh_size < 18.400 & unc_rawben_rel_max < -0.004","xgboost",1400,0.99143,0.98632,652,646,0.9908,0.0291,0.0032,2.71,0.0772,0.9846,5.6
"1","cat_elig <= 0.50 & homeless > 0.50 & unc_rawben_rel_max <= 1.95 & utilities <= 7.50","ranger",545,0.9945,0.98631,256,252,0.9844,0.0113,0.0023,1.064,0.0772,0.9846,5.6
"1","cat_elig <   1 & months_since_cert_n <   5 & total_deductions_by_hh_size < 108","xgboost",1486,0.99125,0.98629,757,743,0.9815,0.0334,0.0093,3.146,0.0772,0.9846,5.6
"1","count_divisible_by_100 <=    1.50000 & shelter_expenses_by_hh_size <= 1150.00000 & total_deductions_by_hh_size <=   58.90000 & unc_rawben_rel_max <=   -0.00544","ranger",1575,0.99111,0.98629,740,732,0.9892,0.0329,0.0045,3.075,0.0772,0.9846,5.6
"1","cat_elig <=  0.5 & homeless >  0.5 & months_since_cert_n <= 26.5 & utilities <= 26.0","ranger",544,0.99449,0.98628,255,251,0.9843,0.0113,0.0023,1.06,0.0772,0.9846,5.6
"1","shelter_expenses_by_hh_size >= 363.000 & total_deductions_by_hh_size < 327.000 & unc_rawben_rel_max <  -0.304","xgboost",1031,0.99224,0.98628,487,484,0.9938,0.0218,0.0028,2.024,0.0772,0.9846,5.6
"1","cat_elig <=  0.500 & children_i <=  0.500 & rawben_rel_max >  0.998 & shelter_expenses_by_hh_size <= 29.500","ranger",1661,0.99097,0.98627,873,860,0.9851,0.0387,0.0082,3.628,0.0772,0.9846,5.6
"1","cat_elig <=  0.50 & months_since_cert_n <= 25.50 & rawben_rel_max >  0.92 & total_deductions_by_hh_size <= 65.50","ranger",1747,0.99084,0.98626,916,903,0.9858,0.0406,0.0088,3.807,0.0772,0.9846,5.6
"1","cat_elig <=  0.500 & count_divisible_by_100 <=  0.500 & rawben_rel_max >  0.541 & shelter_expenses_by_hh_size <= 13.000","ranger",1746,0.99084,0.98625,909,892,0.9813,0.0401,0.0109,3.778,0.0772,0.9846,5.6
"1","elderly_disabled_i >=  1.000 & rawben_rel_max <  0.787 & unc_rawben_rel_max >= -1.170 & unc_rawben_rel_max < -0.016","xgboost",3424,0.98949,0.98621,1613,1592,0.987,0.0716,0.0124,6.703,0.0772,0.9846,5.6
"1","medical_deductions >= 117.000 & rawben_rel_max <   0.247 & total_deductions_by_hh_size < 300.000","xgboost",538,0.99442,0.98613,278,270,0.9712,0.0121,0.0042,1.155,0.0772,0.9846,5.6
"1","cat_elig <=   0.500 & expedited_i >   0.500 & rawben_rel_max >   0.991 & shelter_expenses_by_hh_size <= 197.000","ranger",831,0.99278,0.9861,417,412,0.988,0.0185,0.003,1.733,0.0772,0.9846,5.6
"1","cat_elig <= 0.500 & children_i <= 0.500 & elderly_disabled_i <= 0.500 & rawben_rel_max > 0.993","ranger",1897,0.99051,0.98609,997,986,0.989,0.0444,0.0073,4.143,0.0772,0.9846,5.5
"1","rawben_rel_max <   0.992 & total_deductions_by_hh_size < 303.000 & unc_rawben_rel_max <  -0.056","xgboost",2571,0.98989,0.98609,1185,1174,0.9907,0.0528,0.0071,4.925,0.0772,0.9846,5.5
"1","cat_elig <=   0.5 & count_divisible_by_100 <=   0.5 & medical_deductions <= 146.0 & total_deductions_by_hh_size <=  42.5","ranger",2147,0.99022,0.98606,1121,1100,0.9813,0.0495,0.0134,4.659,0.0772,0.9846,5.5
"1","cat_elig <=   0.5 & elderly_disabled_i <=   0.5 & medical_deductions <= 110.0 & shelter_expenses_by_hh_size <=   4.0","ranger",1636,0.99083,0.98606,846,833,0.9846,0.0375,0.0079,3.516,0.0772,0.9846,5.5
"1","cat_elig <=   0.5 & months_since_cert_n <=   5.5 & total_deductions_by_hh_size <=  30.9 & utilities <= 360.0","ranger",1549,0.99096,0.98606,797,783,0.9824,0.0352,0.0097,3.312,0.0772,0.9846,5.5
"1","elderly_disabled_i >   0.5000 & shelter_expenses_by_hh_size > 274.0000 & total_deductions_by_hh_size <=   8.8000 & unc_rawben_rel_max <=  -0.0395","ranger",921,0.9924,0.98604,420,418,0.9952,0.0188,7e-04,1.745,0.0772,0.9846,5.5
"1","cat_elig <  1 & months_since_cert_n <  7 & shelter_expenses_by_hh_size < 29 & total_deductions_by_hh_size < 87","xgboost",1545,0.99094,0.98603,784,770,0.9821,0.0346,0.0094,3.258,0.0772,0.9846,5.5
"1","cat_elig <=   0.5 & medical_deductions <= 114.0 & shelter_expenses_by_hh_size >   5.5 & total_deductions_by_hh_size <=   2.5","ranger",318,0.99686,0.98603,154,150,0.974,0.0067,0.0024,0.64,0.0772,0.9846,5.5
"1","total_deductions_by_hh_size <=   2.8 & utilities > 293.0","ranger",731,0.99316,0.98602,447,440,0.9843,0.0198,0.0057,1.858,0.0772,0.9846,5.5
"1","count_divisible_by_100 <   1.000 & total_deductions_by_hh_size < 202.000 & unc_rawben_rel_max <  -0.004","xgboost",2391,0.98996,0.98601,1105,1089,0.9855,0.049,0.0098,4.592,0.0772,0.9846,5.5
"1","cat_elig <=  0.500 & count_divisible_by_100 <=  0.500 & total_deductions_by_hh_size <= 65.400 & unc_rawben_rel_max > -0.402","ranger",2222,0.9901,0.986,1175,1153,0.9813,0.0519,0.0139,4.883,0.0772,0.9846,5.5
"1","total_deductions_by_hh_size <  4.400 & unc_rawben_rel_max < -0.056","xgboost",1190,0.9916,0.98599,553,550,0.9946,0.0247,0.0023,2.298,0.0772,0.9846,5.5
"1","cat_elig <  1 & count_divisible_by_100 <  1 & total_deductions_by_hh_size < 10","xgboost",2050,0.99024,0.98597,1071,1052,0.9823,0.0473,0.0125,4.451,0.0772,0.9846,5.5
"1","cat_elig <=  0.5 & count_divisible_by_100 <=  1.5 & elderly_disabled_i <=  0.5 & total_deductions_by_hh_size <= 55.5","ranger",1625,0.99077,0.98597,839,826,0.9845,0.0372,0.0081,3.487,0.0772,0.9846,5.5
"1","cat_elig <=  0.5 & homeless >  0.5 & medical_deductions <=  4.5 & total_deductions_by_hh_size <= 55.5","ranger",532,0.99436,0.98597,244,241,0.9877,0.0108,0.002,1.014,0.0772,0.9846,5.5
"1","cat_elig >  0.500 & rawben_rel_max <=  0.113 & total_deductions_by_hh_size <=  7.800 & utilities > 56.500","ranger",631,0.99366,0.98595,326,319,0.9785,0.0144,0.0051,1.355,0.0772,0.9846,5.5
"1","cat_elig <=   0.5 & elderly_disabled_i <=   0.5 & total_deductions_by_hh_size <=   7.8 & utilities <= 148.0","ranger",1536,0.99089,0.98594,799,787,0.985,0.0354,0.0076,3.32,0.0772,0.9846,5.5
"1","expedited_i <=   0.5000 & medical_deductions > 112.0000 & rawben_rel_max <=   0.0887 & total_deductions_by_hh_size <= 189.0000","ranger",315,0.99683,0.9859,155,153,0.9871,0.0069,0.0013,0.644,0.0772,0.9846,5.5
"1","children_i <   1.000 & total_deductions_by_hh_size < 170.000 & unc_rawben_rel_max <  -0.004","xgboost",2287,0.98994,0.98589,1078,1062,0.9852,0.0478,0.0098,4.48,0.0772,0.9846,5.5
"1","elderly_disabled_i >  0.5000 & rawben_rel_max <=  0.2660 & unc_rawben_rel_max <= -0.0406","ranger",3347,0.98924,0.98589,1547,1528,0.9877,0.0687,0.0123,6.429,0.0772,0.9846,5.5
"1","cat_elig <   1.000 & rawben_rel_max <   0.084 & utilities < 298.000","xgboost",314,0.99682,0.98585,91,89,0.978,0.004,0.0013,0.378,0.0772,0.9846,5.5
"1","elderly_disabled_i >  0.5000 & percent_abawd <=  0.7500 & unc_rawben_rel_max <= -0.0406","ranger",3337,0.98921,0.98585,1538,1519,0.9876,0.0683,0.0123,6.392,0.0772,0.9846,5.5
"1","married <=  0.50000 & total_deductions_by_hh_size <=  7.60000 & unc_rawben_rel_max <= -0.00544","ranger",1352,0.99112,0.98584,630,625,0.9921,0.0281,0.003,2.618,0.0772,0.9846,5.5
"1","cat_elig <   1 & months_since_cert_n >=   3 & months_since_cert_n <   5 & total_deductions_by_hh_size < 108","xgboost",524,0.99427,0.98576,252,246,0.9762,0.0111,0.004,1.047,0.0772,0.9846,5.4
"1","cat_elig <= 0.5 & children_i <= 0.5 & married <= 0.5 & total_deductions_by_hh_size <= 8.9","ranger",2019,0.99009,0.98576,1052,1036,0.9848,0.0466,0.0098,4.372,0.0772,0.9846,5.4
"1","cat_elig <= 0.5 & months_since_cert_n > 0.5 & total_deductions_by_hh_size <= 8.8","ranger",1850,0.99027,0.98574,971,954,0.9825,0.0429,0.0109,4.035,0.0772,0.9846,5.4
"1","cat_elig <=  0.5 & count_divisible_by_100 <=  0.5 & married <=  0.5 & total_deductions_by_hh_size <= 53.6","ranger",2178,0.9899,0.98572,1143,1121,0.9808,0.0504,0.0139,4.75,0.0772,0.9846,5.4
"1","cat_elig <= 0.5 & elderly_disabled_i <= 0.5 & homeless > 0.5","ranger",522,0.99425,0.98571,244,242,0.9918,0.0109,0.0012,1.014,0.0772,0.9846,5.4
"1","cat_elig <= 0.5 & count_divisible_by_100 <= 0.5 & homeless > 0.5 & months_since_cert_n <= 8.5","ranger",521,0.99424,0.98568,233,230,0.9871,0.0103,0.002,0.968,0.0772,0.9846,5.4
"1","cat_elig <= 0.5 & elderly_disabled_i <= 0.5 & homeless > 0.5 & married <= 0.5","ranger",520,0.99423,0.98565,243,241,0.9918,0.0108,0.0012,1.01,0.0772,0.9846,5.4
"1","cat_elig <=  0.5 & count_divisible_by_100 <=  0.5 & months_since_cert_n <= 28.5 & shelter_expenses_by_hh_size <=  5.5","ranger",1833,0.99018,0.9856,972,953,0.9805,0.0429,0.0122,4.039,0.0772,0.9846,5.4
"1","months_since_cert_n <=  37.0 & shelter_expenses_by_hh_size > 360.0 & total_deductions_by_hh_size <=   2.8 & utilities > 194.0","ranger",518,0.99421,0.9856,269,265,0.9851,0.0119,0.0028,1.118,0.0772,0.9846,5.4
"1","count_divisible_by_100 <=  1.50000 & total_deductions_by_hh_size <= 58.90000 & unc_rawben_rel_max <= -0.00544","ranger",1580,0.99051,0.98557,743,735,0.9892,0.0331,0.0045,3.088,0.0772,0.9846,5.3
"1","cat_elig <=  0.5 & months_since_cert_n <= 26.5 & total_deductions_by_hh_size <= 65.4","ranger",2235,0.98971,0.98556,1169,1146,0.9803,0.0516,0.0145,4.858,0.0772,0.9846,5.3
"1","months_since_cert_n >= 16.0000 & rawben_rel_max <  0.6400 & unc_rawben_rel_max >= -0.3470 & unc_rawben_rel_max < -0.0344","xgboost",414,0.99517,0.98551,212,210,0.9906,0.0094,5e-04,0.881,0.0772,0.9846,5.3
"1","cat_elig <=  0.5 & elderly_disabled_i <=  0.5 & shelter_expenses_by_hh_size <= 66.5 & utilities <= 14.0","ranger",1653,0.99032,0.98548,852,839,0.9847,0.0377,0.0079,3.541,0.0772,0.9846,5.3
"1","cat_elig <= 0.5 & total_deductions_by_hh_size <= 2.5","ranger",2058,0.9898,0.98545,1075,1055,0.9814,0.0475,0.0131,4.467,0.0772,0.9846,5.3
"1","cat_elig <= 0.5 & married <= 0.5 & total_deductions_by_hh_size <= 2.8","ranger",2052,0.98977,0.98541,1072,1052,0.9813,0.0473,0.0131,4.455,0.0772,0.9846,5.3
"1","cat_elig <  1.0 & months_since_cert_n < 29.0 & total_deductions_by_hh_size <  4.4 & utilities < 27.0","xgboost",1808,0.99004,0.9854,957,940,0.9822,0.0423,0.0116,3.977,0.0772,0.9846,5.3
"1","cat_elig <=  0.5 & elderly_disabled_i <=  0.5 & shelter_expenses_by_hh_size <= 14.5","ranger",1641,0.99025,0.98538,848,835,0.9847,0.0376,0.0079,3.524,0.0772,0.9846,5.3
"1","cat_elig <= 0.500 & elderly_disabled_i <= 0.500 & rawben_rel_max > 0.993 & utilities <= 8.000","ranger",1642,0.99026,0.98538,854,843,0.9871,0.0379,0.0071,3.549,0.0772,0.9846,5.3
"1","shelter_expenses_by_hh_size >  48.50000 & total_deductions_by_hh_size <= 233.00000 & unc_rawben_rel_max <=  -0.00915","ranger",2206,0.98957,0.98537,1042,1027,0.9856,0.0462,0.0095,4.33,0.0772,0.9846,5.3
"1","cat_elig <=   0.5 & medical_deductions <= 210.0 & months_since_cert_n <=  26.5 & total_deductions_by_hh_size <=   7.8","ranger",2043,0.98972,0.98535,1060,1040,0.9811,0.0468,0.0131,4.405,0.0772,0.9846,5.3
"1","cat_elig <=   0.5 & months_since_cert_n <=  26.5 & total_deductions_by_hh_size <= 117.0 & utilities <=   8.0","ranger",1963,0.98981,0.98535,1021,1004,0.9833,0.0452,0.0116,4.243,0.0772,0.9846,5.3
"1","cat_elig <  1.0 & months_since_cert_n < 29.0 & total_deductions_by_hh_size <  4.4","xgboost",2042,0.98972,0.98534,1058,1038,0.9811,0.0467,0.0131,4.397,0.0772,0.9846,5.3
"1","cat_elig <=  0.5 & elderly_disabled_i <=  0.5 & total_deductions_by_hh_size <= 66.1","ranger",1637,0.99023,0.98534,852,838,0.9836,0.0377,0.0087,3.541,0.0772,0.9846,5.3
"1","shelter_expenses_by_hh_size >= 400.000 & unc_rawben_rel_max >=  -0.639 & unc_rawben_rel_max <  -0.056 & utilities >=  63.000","xgboost",1796,0.98998,0.98531,814,803,0.9865,0.0361,0.0072,3.383,0.0772,0.9846,5.3
"1","elderly_disabled_i >=   1.000 & months_since_cert_n <   5.000 & total_deductions_by_hh_size < 759.000 & unc_rawben_rel_max <  -0.056","xgboost",1048,0.99141,0.9853,454,449,0.989,0.0202,0.003,1.887,0.0772,0.9846,5.3
"1","elderly_disabled_i >   0.5000 & total_deductions_by_hh_size > 207.0000 & total_deductions_by_hh_size <= 296.0000 & unc_rawben_rel_max <=  -0.0463","ranger",302,0.99669,0.98529,155,154,0.9935,0.0069,4e-04,0.644,0.0772,0.9846,5.2
"1","cat_elig <=   0.500 & shelter_expenses_by_hh_size <=   5.500 & total_deductions_by_hh_size <= 136.000 & unc_rawben_rel_max >   0.976","ranger",1709,0.99005,0.98526,893,879,0.9843,0.0395,0.0097,3.711,0.0772,0.9846,5.2
"1","cat_elig <= 0.500 & rawben_rel_max > 0.991 & shelter_expenses_by_hh_size <= 5.500 & unc_rawben_rel_max <= 1.960","ranger",1709,0.99005,0.98526,895,879,0.9821,0.0395,0.0106,3.719,0.0772,0.9846,5.2
"1","cat_elig <=  0.50 & months_since_cert_n <=  6.50 & total_deductions_by_hh_size <= 54.50 & unc_rawben_rel_max <=  1.21","ranger",1045,0.99139,0.98525,868,848,0.977,0.0382,0.0129,3.607,0.0772,0.9846,5.2
"1","cat_elig <=   0.500 & percent_abawd <=   0.500 & rawben_rel_max <=   0.191 & total_deductions_by_hh_size <= 142.000","ranger",505,0.99406,0.98523,247,243,0.9838,0.0109,0.0021,1.026,0.0772,0.9846,5.2
"1","cat_elig <=   0.5 & shelter_expenses_by_hh_size <= 420.0 & total_deductions_by_hh_size <=   2.0","ranger",2025,0.98963,0.98522,1056,1037,0.982,0.0467,0.0128,4.388,0.0772,0.9846,5.2
"1","children_i <=   0.50 & total_deductions_by_hh_size <=   7.80 & unc_rawben_rel_max >  -2.44 & utilities > 192.00","ranger",955,0.99162,0.98519,470,458,0.9745,0.0206,0.0066,1.953,0.0772,0.9846,5.2
"1","married <=  0.50000 & months_since_cert_n > 11.50000 & shelter_expenses_by_hh_size > 14.50000 & unc_rawben_rel_max <= -0.00915","ranger",954,0.99161,0.98518,457,447,0.9781,0.0201,0.0093,1.899,0.0772,0.9846,5.2
"1","cat_elig <=   0.500 & elderly_disabled_i <=   0.500 & unc_rawben_rel_max >   0.994 & utilities <= 446.000","ranger",1854,0.98975,0.98513,1015,1000,0.9852,0.045,0.0103,4.218,0.0772,0.9846,5.2
"1","cat_elig <=  0.50 & months_since_cert_n <= 28.50 & total_deductions_by_hh_size <= 65.50 & unc_rawben_rel_max <=  2.56","ranger",2247,0.98932,0.98512,1172,1149,0.9804,0.0517,0.0145,4.871,0.0772,0.9846,5.2
"1","elderly_disabled_i >=   1.000 & total_deductions_by_hh_size < 803.000 & unc_rawben_rel_max <  -0.016","xgboost",3466,0.98846,0.98507,1633,1611,0.9865,0.0725,0.0136,6.786,0.0772,0.9846,5.2
"1","expedited_i <  1.000 & percent_abawd <  0.500 & unc_rawben_rel_max >= -1.170 & unc_rawben_rel_max < -0.016","xgboost",3617,0.98839,0.98507,1679,1650,0.9827,0.0742,0.0186,6.978,0.0772,0.9846,5.2
"1","expedited_i <=   0.5 & shelter_expenses_by_hh_size > 306.0 & total_deductions_by_hh_size <=   7.8 & utilities >  75.5","ranger",861,0.99187,0.98507,404,394,0.9752,0.0177,0.0062,1.679,0.0772,0.9846,5.2
"1","cat_elig >=  1.0000 & children_i <  1.0000 & total_deductions_by_hh_size <  9.0000 & unc_rawben_rel_max < -0.0344","xgboost",1110,0.99099,0.98499,538,534,0.9926,0.024,0.0026,2.236,0.0772,0.9846,5.1
"1","medical_deductions >= 116 & unc_rawben_rel_max <   0","xgboost",856,0.99182,0.98498,402,395,0.9826,0.0178,0.0038,1.671,0.0772,0.9846,5.1
"1","total_deductions_by_hh_size < 535.0000 & unc_rawben_rel_max <  -0.0344 & utilities >= 320.0000 & utilities < 651.0000","xgboost",1598,0.98999,0.98498,838,830,0.9905,0.0373,0.0058,3.483,0.0772,0.9846,5.1
"1","unc_rawben_rel_max >= -0.639 & unc_rawben_rel_max < -0.056 & utilities >= 63.000","xgboost",1991,0.98945,0.98497,913,900,0.9858,0.0405,0.0091,3.794,0.0772,0.9846,5.1
"1","cat_elig <=  0.50 & rawben_rel_max >  0.92 & total_deductions_by_hh_size <= 65.50","ranger",1754,0.98974,0.98496,918,905,0.9858,0.0407,0.0088,3.815,0.0772,0.9846,5.1
"1","cat_elig <=  2.50000 & elderly_disabled_i >  0.50000 & unc_rawben_rel_max <= -0.00915","ranger",3582,0.98827,0.98493,1691,1667,0.9858,0.075,0.0145,7.027,0.0772,0.9846,5.1
"1","cat_elig >  0.5000 & total_deductions_by_hh_size <=  8.8000 & unc_rawben_rel_max <= -0.0389","ranger",1105,0.99095,0.98492,531,528,0.9944,0.0238,0.0023,2.207,0.0772,0.9846,5.1
"1","elderly_disabled_i >  0.5000 & rawben_rel_max <=  0.3010 & unc_rawben_rel_max <= -0.0295","ranger",3432,0.98834,0.98492,1590,1570,0.9874,0.0706,0.0126,6.608,0.0772,0.9846,5.1
"1","children_i <   1.000 & total_deductions_by_hh_size < 213.000 & unc_rawben_rel_max <  -0.004","xgboost",2521,0.98889,0.9849,1176,1159,0.9855,0.0521,0.0108,4.887,0.0772,0.9846,5.1
"1","children_i <   1.000 & total_deductions_by_hh_size < 289.000 & unc_rawben_rel_max <  -0.016","xgboost",2744,0.9887,0.98487,1292,1275,0.9868,0.0574,0.0115,5.369,0.0772,0.9846,5.1
"1","expedited_i <=   0.5000 & total_deductions_by_hh_size >   2.8000 & total_deductions_by_hh_size <= 152.0000 & unc_rawben_rel_max <=  -0.0463","ranger",762,0.99213,0.98485,356,348,0.9775,0.0157,0.0051,1.479,0.0772,0.9846,5.1
"1","elderly_disabled_i >   0.5 & homeless <=   0.5 & total_deductions_by_hh_size <=   7.8 & utilities > 242.0","ranger",930,0.9914,0.9848,445,440,0.9888,0.0198,0.003,1.849,0.0772,0.9846,5.1
"1","cat_elig <= 0.50 & count_divisible_by_100 <= 0.50 & elderly_disabled_i <= 0.50 & unc_rawben_rel_max > 1.02","ranger",1890,0.98942,0.98479,981,966,0.9847,0.0435,0.01,4.077,0.0772,0.9846,5.1
"1","medical_deductions >  3.500 & months_since_cert_n <= 26.500 & rawben_rel_max <=  0.085","ranger",1095,0.99087,0.98478,488,482,0.9877,0.0217,0.0028,2.028,0.0772,0.9846,5.1
"1","homeless <=   0.5000 & rawben_rel_max >   0.0795 & total_deductions_by_hh_size <=   2.8000 & utilities > 245.0000","ranger",581,0.99312,0.98475,442,436,0.9864,0.0196,0.0047,1.837,0.0772,0.9846,5.1
"1","cat_elig <=  0.500 & medical_deductions <= 70.000 & shelter_expenses_by_hh_size <=  5.500 & unc_rawben_rel_max >  0.943","ranger",1723,0.98955,0.98469,899,884,0.9833,0.0398,0.0097,3.736,0.0772,0.9846,5
"1","cat_elig <=    0.500 & rawben_rel_max >    0.971 & shelter_expenses_by_hh_size <=   14.500 & total_deductions_by_hh_size <= 2930.000","ranger",1722,0.98955,0.98468,900,884,0.9822,0.0398,0.0106,3.74,0.0772,0.9846,5
"1","cat_elig <= 0.500 & shelter_expenses_by_hh_size <= 5.500 & unc_rawben_rel_max > 0.991 & unc_rawben_rel_max <= 1.290","ranger",1641,0.98964,0.98465,886,873,0.9853,0.0393,0.0088,3.682,0.0772,0.9846,5
"1","cat_elig <=   0.5 & total_deductions_by_hh_size <=  65.5 & utilities <= 424.0","ranger",2253,0.9889,0.98464,1191,1169,0.9815,0.0526,0.0142,4.95,0.0772,0.9846,5
"1","elderly_disabled_i >=   1.000 & total_deductions_by_hh_size < 321.000 & unc_rawben_rel_max <  -0.004","xgboost",2850,0.98842,0.98463,1336,1321,0.9888,0.0594,0.0083,5.552,0.0772,0.9846,5
"1","months_since_cert_n >=   1.000 & total_deductions_by_hh_size < 202.000 & unc_rawben_rel_max <  -0.004","xgboost",2326,0.98882,0.98463,1100,1086,0.9873,0.0489,0.0078,4.571,0.0772,0.9846,5
"1","cat_elig <=  0.500 & months_since_cert_n <= 37.000 & shelter_expenses_by_hh_size <=  5.500 & unc_rawben_rel_max >  0.976","ranger",1713,0.98949,0.9846,897,881,0.9822,0.0396,0.0106,3.728,0.0772,0.9846,5
"1","cat_elig <= 0.500 & rawben_rel_max > 0.991 & shelter_expenses_by_hh_size <= 5.500","ranger",1713,0.98949,0.9846,895,879,0.9821,0.0395,0.0106,3.719,0.0772,0.9846,5
"1","cat_elig <= 0.500 & total_deductions_by_hh_size <= 1.800 & unc_rawben_rel_max > 0.991","ranger",1636,0.98961,0.9846,860,847,0.9849,0.0381,0.0088,3.574,0.0772,0.9846,5
"1","cat_elig <=   0.500 & rawben_rel_max >   0.357 & shelter_expenses_by_hh_size <=  13.000 & total_deductions_by_hh_size <= 159.000","ranger",1788,0.98937,0.98458,928,912,0.9828,0.041,0.0106,3.857,0.0772,0.9846,5
"1","elderly_disabled_i >=  1.000 & rawben_rel_max <  0.240 & unc_rawben_rel_max < -0.056 & utilities >= 29.000","xgboost",2538,0.98857,0.98455,1170,1156,0.988,0.052,0.0091,4.862,0.0772,0.9846,5
"1","cat_elig >   0.5 & children_i <=   0.5 & total_deductions_by_hh_size <=   2.8 & utilities > 218.0","ranger",745,0.99195,0.9845,384,376,0.9792,0.0169,0.0052,1.596,0.0772,0.9846,5
"1","elderly_disabled_i >  0.5000 & rawben_rel_max <=  0.0850 & unc_rawben_rel_max <= -0.0149","ranger",3548,0.98788,0.98447,1663,1640,0.9862,0.0738,0.0142,6.911,0.0772,0.9846,5
"1","months_since_cert_n <=  37.0 & total_deductions_by_hh_size <=   2.8 & utilities > 194.0","ranger",909,0.9912,0.98445,454,443,0.9758,0.0199,0.0068,1.887,0.0772,0.9846,5
"1","percent_abawd <=   0.5 & total_deductions_by_hh_size <=   2.8 & utilities > 192.0","ranger",909,0.9912,0.98445,449,440,0.98,0.0198,0.0049,1.866,0.0772,0.9846,5
"1","cat_elig <=  0.5 & count_divisible_by_100 <=  0.5 & shelter_expenses_by_hh_size <= 13.0","ranger",1845,0.98916,0.98442,979,960,0.9806,0.0432,0.0122,4.068,0.0772,0.9846,5
"1","cat_elig <=   0.5 & shelter_expenses_by_hh_size <= 324.0 & total_deductions_by_hh_size <=   2.8","ranger",1920,0.98906,0.98441,1021,1002,0.9814,0.0451,0.0128,4.243,0.0772,0.9846,5
"1","elderly_disabled_i >=  1.000 & unc_rawben_rel_max < -0.016","xgboost",3535,0.98784,0.98441,1663,1640,0.9862,0.0738,0.0142,6.911,0.0772,0.9846,5
"1","cat_elig <=  0.5 & elderly_disabled_i <=  0.5 & percent_abawd <=  0.5 & shelter_expenses_by_hh_size <= 14.5","ranger",1226,0.99021,0.98439,594,583,0.9815,0.0262,0.0072,2.469,0.0772,0.9846,4.9
"1","elderly_disabled_i >  0.50000 & unc_rawben_rel_max <= -0.00915","ranger",3603,0.98779,0.98439,1691,1667,0.9858,0.075,0.0145,7.027,0.0772,0.9846,4.9
"1","elderly_disabled_i >=  1.000 & months_since_cert_n >=  5.000 & unc_rawben_rel_max < -0.056","xgboost",2139,0.98878,0.98437,1027,1014,0.9873,0.0456,0.0087,4.268,0.0772,0.9846,4.9
"1","unc_rawben_rel_max >= -0.304 & unc_rawben_rel_max < -0.056","xgboost",1839,0.98912,0.98437,838,825,0.9845,0.0371,0.0074,3.483,0.0772,0.9846,4.9
"1","elderly_disabled_i >=   1.000 & months_since_cert_n >=   5.000 & shelter_expenses_by_hh_size >= 412.000 & unc_rawben_rel_max <  -0.056","xgboost",1611,0.98945,0.98436,764,752,0.9843,0.0338,0.0083,3.175,0.0772,0.9846,4.9
"1","cat_elig <= 0.5 & count_divisible_by_100 <= 0.5 & married <= 0.5 & shelter_expenses_by_hh_size <= 5.5","ranger",1836,0.98911,0.98434,974,955,0.9805,0.043,0.0122,4.048,0.0772,0.9846,4.9
"1","cat_elig <  1 & elderly_disabled_i <  1 & months_since_cert_n >=  4 & utilities < 52","xgboost",652,0.99233,0.98433,325,318,0.9785,0.0143,0.0038,1.351,0.0772,0.9846,4.9
"1","cat_elig <=  0.5 & children_i <=  0.5 & shelter_expenses_by_hh_size <= 14.5","ranger",1828,0.98906,0.98427,967,950,0.9824,0.0427,0.0104,4.019,0.0772,0.9846,4.9
"1","cat_elig <=  0.5 & expedited_i >  0.5 & months_since_cert_n <= 14.5 & total_deductions_by_hh_size <= 66.1","ranger",817,0.99143,0.98427,413,408,0.9879,0.0184,0.0026,1.716,0.0772,0.9846,4.9
"1","expedited_i <   1.0000 & total_deductions_by_hh_size < 650.0000 & unc_rawben_rel_max >=  -1.1700 & unc_rawben_rel_max <  -0.0344","xgboost",3357,0.98779,0.98425,1568,1544,0.9847,0.0695,0.0161,6.516,0.0772,0.9846,4.9
"1","cat_elig <= 0.5 & elderly_disabled_i <= 0.5 & homeless > 0.5 & percent_abawd <= 0.5","ranger",473,0.99366,0.98424,196,194,0.9898,0.0087,0.0012,0.815,0.0772,0.9846,4.9
"1","cat_elig <=  0.5 & medical_deductions <=  3.5 & total_deductions_by_hh_size <= 65.5","ranger",2267,0.98853,0.98423,1191,1168,0.9807,0.0525,0.0145,4.95,0.0772,0.9846,4.9
"1","total_deductions_by_hh_size < 344.000 & unc_rawben_rel_max <  -0.056 & utilities < 886.000","xgboost",2705,0.98817,0.98423,1253,1241,0.9904,0.0558,0.008,5.207,0.0772,0.9846,4.9
"1","cat_elig <=   0.5 & months_since_cert_n <=  37.0 & total_deductions_by_hh_size <=   2.8 & utilities <= 194.0","ranger",1897,0.98893,0.98422,1006,988,0.9821,0.0444,0.0119,4.181,0.0772,0.9846,4.9
"1","cat_elig <= 0.500 & elderly_disabled_i <= 0.500 & months_since_cert_n > 3.500 & rawben_rel_max > 0.993","ranger",729,0.99177,0.98416,372,363,0.9758,0.0163,0.0049,1.546,0.0772,0.9846,4.9
"1","cat_elig <=  0.5 & married <=  0.5 & total_deductions_by_hh_size <=  2.8 & utilities <= 28.5","ranger",1814,0.98897,0.98415,961,944,0.9823,0.0425,0.0116,3.994,0.0772,0.9846,4.9
"1","homeless <=   0.500 & medical_deductions > 105.000 & total_deductions_by_hh_size <= 292.000 & unc_rawben_rel_max <=   0.268","ranger",558,0.99283,0.98413,275,266,0.9673,0.012,0.0045,1.143,0.0772,0.9846,4.9
"1","shelter_expenses_by_hh_size >=  360.000 & shelter_expenses_by_hh_size < 1120.000 & total_deductions_by_hh_size <  430.000 & unc_rawben_rel_max <   -0.056","xgboost",2179,0.98853,0.98412,994,984,0.9899,0.0443,0.0075,4.131,0.0772,0.9846,4.9
"1","rawben_rel_max > 0.991 & shelter_expenses_by_hh_size <= 5.500 & unc_rawben_rel_max <= 1.200","ranger",889,0.991,0.9841,491,490,0.998,0.022,9e-04,2.04,0.0772,0.9846,4.9
"1","expedited_i <  1.000 & unc_rawben_rel_max >= -1.170 & unc_rawben_rel_max < -0.056","xgboost",3385,0.98759,0.98405,1557,1532,0.9839,0.0689,0.0171,6.471,0.0772,0.9846,4.8
"1","cat_elig <=  0.5 & months_since_cert_n <= 26.5 & shelter_expenses_by_hh_size <=  3.0","ranger",1872,0.98878,0.98401,988,968,0.9798,0.0435,0.0127,4.106,0.0772,0.9846,4.8
"1","cat_elig <=  0.500 & rawben_rel_max >  0.971 & shelter_expenses_by_hh_size <= 14.500","ranger",1723,0.98897,0.984,900,884,0.9822,0.0398,0.0106,3.74,0.0772,0.9846,4.8
"1","homeless <=   0.500 & medical_deductions > 144.000 & rawben_rel_max <=   0.085 & unc_rawben_rel_max <=   0.268","ranger",466,0.99356,0.984,213,209,0.9812,0.0094,0.0021,0.885,0.0772,0.9846,4.8
"1","cat_elig <=  0.500 & rawben_rel_max >  0.421 & shelter_expenses_by_hh_size <= 13.000 & unc_rawben_rel_max <=  2.660","ranger",1791,0.98883,0.98395,934,915,0.9797,0.0412,0.0118,3.881,0.0772,0.9846,4.8
"1","total_deductions_by_hh_size <= 216.0 & unc_rawben_rel_max >   1.0 & unc_rawben_rel_max <=   1.2 & utilities <=   9.5","ranger",960,0.99062,0.98395,539,537,0.9963,0.0242,0.0012,2.24,0.0772,0.9846,4.8
"1","cat_elig <=  0.5 & married <=  0.5 & total_deductions_by_hh_size <= 53.6","ranger",2227,0.98833,0.98394,1161,1138,0.9802,0.0512,0.0145,4.825,0.0772,0.9846,4.8
"1","children_i <=   0.5 & total_deductions_by_hh_size <=   7.8 & utilities > 192.0","ranger",959,0.99062,0.98394,471,459,0.9745,0.0206,0.0066,1.957,0.0772,0.9846,4.8
"1","shelter_expenses_by_hh_size <= 1100.0 & total_deductions_by_hh_size <=    8.8 & utilities >  242.0","ranger",959,0.99062,0.98394,474,464,0.9789,0.0209,0.0067,1.97,0.0772,0.9846,4.8
"1","children_i <=   0.5 & medical_deductions <=   0.5 & total_deductions_by_hh_size <=   8.9 & utilities > 245.0","ranger",958,0.99061,0.98392,473,464,0.981,0.0209,0.0057,1.966,0.0772,0.9846,4.8
"1","cat_elig <= 0.500 & expedited_i > 0.500 & rawben_rel_max > 0.991 & unc_rawben_rel_max <= 1.410","ranger",877,0.99088,0.98388,445,439,0.9865,0.0197,0.0033,1.849,0.0772,0.9846,4.8
"1","cat_elig <= 0.500 & children_i <= 0.500 & elderly_disabled_i <= 0.500 & unc_rawben_rel_max > 0.943","ranger",1925,0.98857,0.98384,1006,995,0.9891,0.0448,0.0073,4.181,0.0772,0.9846,4.8
"1","elderly_disabled_i >=    1.000 & months_since_cert_n >=    2.000 & total_deductions_by_hh_size < 1560.000 & unc_rawben_rel_max <   -0.304","xgboost",1330,0.98947,0.98377,637,630,0.989,0.0283,0.0054,2.647,0.0772,0.9846,4.8
"1","cat_elig <=    0.500 & elderly_disabled_i <=    0.500 & total_deductions_by_hh_size <= 2930.000 & unc_rawben_rel_max >    0.993","ranger",1982,0.9884,0.98372,1045,1029,0.9847,0.0463,0.0107,4.343,0.0772,0.9846,4.7
"1","months_since_cert_n >= 12.000 & unc_rawben_rel_max >= -1.170 & unc_rawben_rel_max < -0.004","xgboost",1019,0.99019,0.98365,493,482,0.9777,0.0217,0.0082,2.049,0.0772,0.9846,4.7
"1","cat_elig <= 0.500 & expedited_i > 0.500 & months_since_cert_n <= 4.500 & unc_rawben_rel_max > 0.958","ranger",785,0.99108,0.98363,375,371,0.9893,0.0167,0.003,1.558,0.0772,0.9846,4.7
"1","medical_deductions > 112.00000 & rawben_rel_max <=   0.99600 & unc_rawben_rel_max <=  -0.00915 & utilities > 556.00000","ranger",271,0.99631,0.98363,127,126,0.9921,0.0057,9e-04,0.528,0.0772,0.9846,4.7
"1","months_since_cert_n >=   1.000 & rawben_rel_max >=   0.080 & total_deductions_by_hh_size < 202.000 & unc_rawben_rel_max <  -0.004","xgboost",1243,0.98954,0.98362,1100,1086,0.9873,0.0489,0.0078,4.571,0.0772,0.9846,4.7
"1","months_since_cert_n >=   22.000 & rawben_rel_max <    0.092 & total_deductions_by_hh_size < 1450.000 & unc_rawben_rel_max <   -0.004","xgboost",366,0.99454,0.98362,165,162,0.9818,0.0073,0.0022,0.686,0.0772,0.9846,4.7
"1","cat_elig <=   0.5 & medical_deductions <=   0.5 & total_deductions_by_hh_size <= 117.0 & utilities <=  10.5","ranger",1968,0.98831,0.9836,1030,1013,0.9835,0.0456,0.0116,4.28,0.0772,0.9846,4.7
"1","cat_elig <= 0.500 & percent_abawd <= 0.500 & rawben_rel_max > 0.991 & shelter_expenses_by_hh_size <= 5.500","ranger",1316,0.98936,0.9836,651,637,0.9785,0.0287,0.0098,2.705,0.0772,0.9846,4.7
"1","months_since_cert_n >=   3.000 & shelter_expenses_by_hh_size >= 363.000 & shelter_expenses_by_hh_size < 755.000 & unc_rawben_rel_max <  -0.347","xgboost",540,0.99259,0.9836,232,229,0.9871,0.0103,0.003,0.964,0.0772,0.9846,4.7
"1","cat_elig <=   0.5 & total_deductions_by_hh_size <=   7.8 & utilities > 148.0","ranger",162,1,0.98357,71,69,0.9718,0.0031,0.0011,0.295,0.0772,0.9846,4.7
"1","months_since_cert_n >   2.5 & months_since_cert_n <=  30.5 & total_deductions_by_hh_size <=   8.9 & utilities > 218.0","ranger",781,0.99104,0.98355,405,395,0.9753,0.0178,0.0052,1.683,0.0772,0.9846,4.7
"1","rawben_rel_max <    0.711 & shelter_expenses_by_hh_size < 1210.000 & unc_rawben_rel_max <   -0.016 & utilities >=  360.000","xgboost",1747,0.98855,0.98354,862,849,0.9849,0.0382,0.0111,3.582,0.0772,0.9846,4.7
"1","married <=   0.50000 & months_since_cert_n >   5.50000 & total_deductions_by_hh_size <= 256.00000 & unc_rawben_rel_max <=  -0.00544","ranger",1600,0.98875,0.98351,783,772,0.986,0.0347,0.0062,3.254,0.0772,0.9846,4.7
"1","total_deductions_by_hh_size <  329.000 & unc_rawben_rel_max <   -0.016 & utilities < 1010.000","xgboost",2918,0.98732,0.98343,1364,1346,0.9868,0.0606,0.0124,5.668,0.0772,0.9846,4.7
"1","cat_elig <=  0.500 & children_i <=  0.500 & unc_rawben_rel_max >  0.998 & utilities <= 14.500","ranger",1732,0.98845,0.9834,916,901,0.9836,0.0405,0.009,3.807,0.0772,0.9846,4.7
"1","medical_deductions >= 137 & months_since_cert_n <  14 & unc_rawben_rel_max <   0","xgboost",448,0.9933,0.98336,150,147,0.98,0.0066,0.0015,0.623,0.0772,0.9846,4.6
"1","cat_elig <= 0.5 & count_divisible_by_100 <= 0.5 & percent_abawd <= 0.5 & shelter_expenses_by_hh_size <= 5.5","ranger",1440,0.98889,0.98334,727,710,0.9766,0.0319,0.0114,3.021,0.0772,0.9846,4.6
"1","total_deductions_by_hh_size < 888.000 & unc_rawben_rel_max <  -0.016 & utilities >= 302.000","xgboost",2351,0.98766,0.98332,1170,1148,0.9812,0.0516,0.0189,4.862,0.0772,0.9846,4.6
"1","cat_elig <= 0.500 & elderly_disabled_i <= 0.500 & expedited_i > 0.500 & rawben_rel_max > 0.991","ranger",923,0.99025,0.98331,463,456,0.9849,0.0205,0.0043,1.924,0.0772,0.9846,4.6
"1","rawben_rel_max >=    0.959 & shelter_expenses_by_hh_size < 1390.000 & utilities >=  875.000 & utilities <  912.000","xgboost",359,0.99443,0.98331,0,0,NA,0,0,0,0.0772,0.9846,4.6
"1","cat_elig <=   0.5 & shelter_expenses_by_hh_size <=  14.5 & total_deductions_by_hh_size <= 162.0","ranger",1861,0.98818,0.98329,974,957,0.9825,0.0431,0.0116,4.048,0.0772,0.9846,4.6
"1","cat_elig <=  0.5 & percent_abawd <=  0.5 & total_deductions_by_hh_size <= 42.5","ranger",1791,0.98827,0.98329,896,876,0.9777,0.0394,0.0132,3.724,0.0772,0.9846,4.6
"1","cat_elig <=   0.5 & children_i <=   0.5 & total_deductions_by_hh_size <=   2.8 & utilities > 218.0","ranger",159,1,0.98327,67,66,0.9851,0.003,2e-04,0.278,0.0772,0.9846,4.6
"1","cat_elig <=  0.500 & rawben_rel_max >  0.993 & unc_rawben_rel_max <=  1.200 & utilities <= 14.000","ranger",159,1,0.98327,84,84,1,0.0038,0,0.349,0.0772,0.9846,4.6
"1","cat_elig <=   0.5 & count_divisible_by_100 <=   1.5 & shelter_expenses_by_hh_size <=   5.5 & total_deductions_by_hh_size <= 170.0","ranger",1858,0.98816,0.98326,972,956,0.9835,0.043,0.011,4.039,0.0772,0.9846,4.6
"1","cat_elig <= 0.5 & children_i <= 0.5 & elderly_disabled_i <= 0.5 & expedited_i > 0.5","ranger",920,0.99022,0.98326,464,456,0.9828,0.0205,0.0048,1.928,0.0772,0.9846,4.6
"1","children_i <=   0.5 & count_divisible_by_100 <=   1.5 & total_deductions_by_hh_size <=   8.9 & utilities > 337.0","ranger",529,0.99244,0.98326,361,352,0.9751,0.0158,0.0057,1.5,0.0772,0.9846,4.6
"1","expedited_i >  0.500 & months_since_cert_n <=  4.500 & rawben_rel_max >  0.991 & total_deductions_by_hh_size <= 40.500","ranger",2676,0.98729,0.98321,1300,1281,0.9854,0.0576,0.0139,5.402,0.0772,0.9846,4.6
"1","children_i <   1 & total_deductions_by_hh_size <   9 & utilities >= 281","xgboost",917,0.99019,0.9832,471,462,0.9809,0.0208,0.0057,1.957,0.0772,0.9846,4.6
"1","months_since_cert_n <  25.000 & total_deductions_by_hh_size < 297.000 & unc_rawben_rel_max <  -0.004","xgboost",2740,0.98723,0.98319,1288,1269,0.9852,0.0571,0.0122,5.353,0.0772,0.9846,4.6
"1","cat_elig <=   0.5 & shelter_expenses_by_hh_size <=  14.5 & total_deductions_by_hh_size <= 162.0 & unc_rawben_rel_max >   1.2","ranger",1568,0.98852,0.98318,823,809,0.983,0.0364,0.0097,3.42,0.0772,0.9846,4.6
"1","medical_deductions > 111.000 & rawben_rel_max <=   0.325 & total_deductions_by_hh_size <= 205.000","ranger",443,0.99323,0.98318,224,217,0.9688,0.0098,0.0036,0.931,0.0772,0.9846,4.6
"1","expedited_i <=   0.50 & percent_abawd <=   0.25 & total_deductions_by_hh_size <=   7.80 & utilities > 294.00","ranger",763,0.99083,0.98316,442,436,0.9864,0.0196,0.004,1.837,0.0772,0.9846,4.6
"1","cat_elig <= 0.500 & elderly_disabled_i <= 0.500 & rawben_rel_max > 0.993","ranger",1983,0.9879,0.98314,1045,1029,0.9847,0.0463,0.0107,4.343,0.0772,0.9846,4.6
"1","cat_elig <= 0.500 & elderly_disabled_i <= 0.500 & unc_rawben_rel_max > 0.994","ranger",1982,0.98789,0.98313,1045,1029,0.9847,0.0463,0.0107,4.343,0.0772,0.9846,4.6
"1","cat_elig <= 0.500 & elderly_disabled_i <= 0.500 & unc_rawben_rel_max > 0.991 & unc_rawben_rel_max <= 1.930","ranger",1979,0.98787,0.98311,1044,1028,0.9847,0.0462,0.0107,4.339,0.0772,0.9846,4.6
"1","cat_elig <=   0.500 & medical_deductions <=  70.000 & rawben_rel_max >   0.987 & total_deductions_by_hh_size <= 187.000","ranger",1765,0.9881,0.98305,927,913,0.9849,0.0411,0.0091,3.852,0.0772,0.9846,4.6
"1","cat_elig <=  0.5 & medical_deductions <=  1.5 & shelter_expenses_by_hh_size <= 18.5 & total_deductions_by_hh_size <= 90.7","ranger",1835,0.98801,0.98305,959,943,0.9833,0.0424,0.0107,3.985,0.0772,0.9846,4.6
"1","cat_elig >=  1.000 & expedited_i <  1.000 & unc_rawben_rel_max >= -1.170 & unc_rawben_rel_max < -0.056","xgboost",3116,0.98684,0.98304,1454,1430,0.9835,0.0643,0.0168,6.042,0.0772,0.9846,4.6
"1","cat_elig <= 0.500 & percent_abawd <= 0.500 & rawben_rel_max > 0.971 & total_deductions_by_hh_size <= 8.900","ranger",1271,0.98899,0.98302,632,621,0.9826,0.0279,0.0081,2.626,0.0772,0.9846,4.5
"1","cat_elig <=   0.5 & elderly_disabled_i <=   0.5 & total_deductions_by_hh_size <= 774.0 & utilities <=   5.0","ranger",1749,0.98799,0.98289,898,883,0.9833,0.0397,0.0085,3.732,0.0772,0.9846,4.5
"1","expedited_i <  1.000 & percent_abawd <  0.500 & unc_rawben_rel_max < -0.056","xgboost",3418,0.98654,0.98289,1570,1543,0.9828,0.0694,0.0205,6.525,0.0772,0.9846,4.5
"1","cat_elig <= 0.500 & count_divisible_by_100 <= 0.500 & unc_rawben_rel_max > 0.991 & utilities <= 5.000","ranger",1747,0.98798,0.98287,914,896,0.9803,0.0403,0.0113,3.798,0.0772,0.9846,4.5
"1","cat_elig <= 0.50 & shelter_expenses_by_hh_size <= 5.50 & unc_rawben_rel_max <= 1.95","ranger",1882,0.98778,0.98286,994,974,0.9799,0.0438,0.0127,4.131,0.0772,0.9846,4.5
"1","cat_elig <=  0.5 & homeless <=  0.5 & months_since_cert_n <=  5.5 & total_deductions_by_hh_size <= 36.9","ranger",1115,0.98924,0.98284,605,592,0.9785,0.0266,0.0085,2.514,0.0772,0.9846,4.5
"1","cat_elig <= 0.50 & count_divisible_by_100 <= 0.50 & elderly_disabled_i <= 0.50 & rawben_rel_max > 0.92","ranger",1944,0.98765,0.9828,1000,985,0.985,0.0443,0.01,4.156,0.0772,0.9846,4.5
"1","total_deductions_by_hh_size < 600.000 & unc_rawben_rel_max >=  -1.170 & unc_rawben_rel_max <  -0.056 & utilities < 892.000","xgboost",3198,0.98655,0.98277,1455,1432,0.9842,0.0644,0.0169,6.047,0.0772,0.9846,4.5
"1","medical_deductions >  1.000 & months_since_cert_n <= 26.500 & rawben_rel_max <=  0.085 & utilities > 26.500","ranger",965,0.98964,0.98274,417,412,0.988,0.0185,0.0025,1.733,0.0772,0.9846,4.5
"1","married <=   0.5 & shelter_expenses_by_hh_size > 501.0 & total_deductions_by_hh_size <=   7.8","ranger",256,0.99609,0.98268,137,135,0.9854,0.0061,0.0013,0.569,0.0772,0.9846,4.5
"1","homeless <=   0.5 & married <=   0.5 & total_deductions_by_hh_size <=   7.8 & utilities > 127.0","ranger",961,0.98959,0.98267,477,464,0.9727,0.0209,0.0068,1.982,0.0772,0.9846,4.5
"1","months_since_cert_n <  20.000 & rawben_rel_max >=   0.992 & unc_rawben_rel_max <   1.160 & utilities < 302.000","xgboost",1033,0.98935,0.98267,555,548,0.9874,0.0247,0.005,2.306,0.0772,0.9846,4.5
"1","shelter_expenses_by_hh_size < 502.000 & total_deductions_by_hh_size < 329.000 & unc_rawben_rel_max <  -0.056","xgboost",1315,0.98859,0.98267,559,555,0.9928,0.025,0.0025,2.323,0.0772,0.9846,4.5
"1","cat_elig <= 0.5 & elderly_disabled_i <= 0.5 & expedited_i > 0.5 & months_since_cert_n <= 5.5","ranger",815,0.99018,0.98266,399,392,0.9825,0.0176,0.0042,1.658,0.0772,0.9846,4.5
"1","months_since_cert_n >   5.5 & total_deductions_by_hh_size <=   2.7 & utilities > 194.0","ranger",589,0.99151,0.98266,314,309,0.9841,0.0139,0.0037,1.305,0.0772,0.9846,4.5
"1","elderly_disabled_i >=  1.000 & total_deductions_by_hh_size >=  4.400 & unc_rawben_rel_max >= -0.744 & unc_rawben_rel_max < -0.016","xgboost",1994,0.98746,0.98265,943,927,0.983,0.0417,0.009,3.919,0.0772,0.9846,4.4
"1","shelter_expenses_by_hh_size < 1000.000 & unc_rawben_rel_max >=   -0.268 & unc_rawben_rel_max <   -0.056","xgboost",1382,0.98842,0.98264,610,602,0.9869,0.0271,0.005,2.535,0.0772,0.9846,4.4
"1","rawben_rel_max >  0.976 & shelter_expenses_by_hh_size <= 12.500 & total_deductions_by_hh_size >  0.100 & total_deductions_by_hh_size <= 53.700","ranger",428,0.99299,0.98259,222,222,1,0.01,0,0.923,0.0772,0.9846,4.4
"1","cat_elig <=  0.500 & elderly_disabled_i <=  0.500 & months_since_cert_n <= 10.500 & rawben_rel_max >  0.991","ranger",1919,0.98749,0.98258,1010,994,0.9842,0.0447,0.0107,4.197,0.0772,0.9846,4.4
"1","cat_elig <= 0.500 & elderly_disabled_i <= 0.500 & rawben_rel_max > 0.991","ranger",1985,0.98741,0.98257,1046,1030,0.9847,0.0463,0.0107,4.347,0.0772,0.9846,4.4
"1","cat_elig <=   0.5 & total_deductions_by_hh_size <= 134.0 & unc_rawben_rel_max >   1.2 & utilities <=   7.5","ranger",1580,0.98797,0.98256,826,812,0.9831,0.0365,0.0097,3.433,0.0772,0.9846,4.4
"1","expedited_i >  0.5 & months_since_cert_n >  0.5 & months_since_cert_n <=  4.5 & total_deductions_by_hh_size <= 33.4","ranger",2310,0.98701,0.98253,1110,1091,0.9829,0.0491,0.0131,4.613,0.0772,0.9846,4.4
"1","cat_elig <   1.0 & months_since_cert_n <   9.0 & total_deductions_by_hh_size < 256.0 & unc_rawben_rel_max >=   1.2","xgboost",1441,0.9882,0.98252,757,744,0.9828,0.0335,0.0084,3.146,0.0772,0.9846,4.4
"1","cat_elig <  1 & shelter_expenses_by_hh_size < 29 & total_deductions_by_hh_size < 87","xgboost",1844,0.98753,0.9825,964,948,0.9834,0.0426,0.0107,4.006,0.0772,0.9846,4.4
"1","cat_elig <= 0.500 & elderly_disabled_i <= 0.500 & married <= 0.500 & unc_rawben_rel_max > 0.991","ranger",1970,0.98731,0.98244,1036,1020,0.9846,0.0459,0.0107,4.305,0.0772,0.9846,4.4
"1","months_since_cert_n <=  23.50 & shelter_expenses_by_hh_size > 324.00 & total_deductions_by_hh_size <=   2.80 & unc_rawben_rel_max >  -2.63","ranger",1153,0.98873,0.98235,607,594,0.9786,0.0267,0.0077,2.523,0.0772,0.9846,4.4
"1","cat_elig < 1.0000 & total_deductions_by_hh_size < 9.0000 & unc_rawben_rel_max >= 0.0172","xgboost",1887,0.98728,0.98229,1007,990,0.9831,0.0445,0.0115,4.185,0.0772,0.9846,4.4
"1","cat_elig <=  0.50 & shelter_expenses_by_hh_size <= 13.00 & unc_rawben_rel_max <=  2.66","ranger",1887,0.98728,0.98229,996,976,0.9799,0.0439,0.0127,4.139,0.0772,0.9846,4.4
"1","cat_elig <= 0.5 & shelter_expenses_by_hh_size <= 5.5","ranger",1886,0.98727,0.98228,994,974,0.9799,0.0438,0.0127,4.131,0.0772,0.9846,4.4
"1","rawben_rel_max <  0.1580 & shelter_expenses_by_hh_size >= 44.0000 & total_deductions_by_hh_size < 40.0000 & unc_rawben_rel_max <  0.0378","xgboost",1353,0.98817,0.98227,647,636,0.983,0.0286,0.0063,2.689,0.0772,0.9846,4.4
"1","cat_elig <= 0.5 & married <= 0.5 & shelter_expenses_by_hh_size <= 5.5","ranger",1880,0.98723,0.98222,991,971,0.9798,0.0437,0.0127,4.118,0.0772,0.9846,4.3
"1","percent_abawd <    0.500 & shelter_expenses_by_hh_size >=  405.000 & total_deductions_by_hh_size < 1200.000 & unc_rawben_rel_max <   -0.184","xgboost",1880,0.98723,0.98222,837,820,0.9797,0.0369,0.0144,3.478,0.0772,0.9846,4.3
"1","rawben_rel_max <  0.6400 & unc_rawben_rel_max >= -0.3470 & unc_rawben_rel_max < -0.0344","xgboost",2205,0.98685,0.98222,1025,1008,0.9834,0.0453,0.0096,4.26,0.0772,0.9846,4.3
"1","expedited_i <   1.000 & percent_abawd <   0.500 & shelter_expenses_by_hh_size >= 197.000 & unc_rawben_rel_max <  -0.016","xgboost",3284,0.98599,0.9822,1532,1502,0.9804,0.0676,0.0216,6.367,0.0772,0.9846,4.3
"1","percent_abawd <  0.500 & unc_rawben_rel_max >= -1.170 & unc_rawben_rel_max < -0.016","xgboost",3720,0.98575,0.98219,1724,1689,0.9797,0.076,0.0246,7.165,0.0772,0.9846,4.3
"1","expedited_i <  1.000 & percent_abawd <  0.500 & unc_rawben_rel_max >= -0.904 & unc_rawben_rel_max < -0.004","xgboost",3594,0.98581,0.98218,1653,1623,0.9819,0.073,0.0186,6.869,0.0772,0.9846,4.3
"1","cat_elig <=   0.5 & medical_deductions <= 110.0 & shelter_expenses_by_hh_size <=   4.0","ranger",1874,0.98719,0.98216,983,964,0.9807,0.0434,0.0118,4.085,0.0772,0.9846,4.3
"1","children_i <   1.0 & shelter_expenses_by_hh_size >= 502.0 & total_deductions_by_hh_size <   4.4","xgboost",248,0.99597,0.98213,130,129,0.9923,0.0058,0.001,0.54,0.0772,0.9846,4.3
"1","cat_elig <= 0.500 & children_i <= 0.500 & months_since_cert_n <= 6.500 & rawben_rel_max > 0.991","ranger",1869,0.98716,0.98212,958,945,0.9864,0.0425,0.0094,3.981,0.0772,0.9846,4.3
"1","shelter_expenses_by_hh_size >= 245.00 & unc_rawben_rel_max >=  -1.17 & unc_rawben_rel_max <  -0.14","xgboost",2378,0.98654,0.98207,1073,1050,0.9786,0.0472,0.0173,4.459,0.0772,0.9846,4.3
"1","cat_elig >   0.5 & children_i <=   0.5 & total_deductions_by_hh_size <=   8.9 & utilities > 293.0","ranger",716,0.99022,0.98206,403,395,0.9801,0.0178,0.0055,1.675,0.0772,0.9846,4.3
"1","months_since_cert_n <=  30.5 & total_deductions_by_hh_size <=   8.9 & utilities > 218.0","ranger",928,0.98922,0.98206,462,449,0.9719,0.0202,0.0073,1.92,0.0772,0.9846,4.3
"1","cat_elig <=   0.5 & children_i <=   0.5 & medical_deductions <=   4.5 & total_deductions_by_hh_size <= 154.0","ranger",2437,0.98646,0.98203,1260,1238,0.9825,0.0557,0.0115,5.236,0.0772,0.9846,4.3
"1","married <=   0.5 & shelter_expenses_by_hh_size > 406.0 & total_deductions_by_hh_size <=   8.9","ranger",642,0.99065,0.98203,299,293,0.9799,0.0132,0.0034,1.243,0.0772,0.9846,4.3
"1","expedited_i <    1.000 & months_since_cert_n >=    7.000 & total_deductions_by_hh_size < 1200.000 & unc_rawben_rel_max <   -0.016","xgboost",1924,0.98701,0.98202,960,939,0.9781,0.0422,0.0163,3.99,0.0772,0.9846,4.3
"1","cat_elig <= 0.50 & percent_abawd <= 0.50 & shelter_expenses_by_hh_size <= 5.50 & unc_rawben_rel_max <= 1.95","ranger",1466,0.98772,0.98201,740,722,0.9757,0.0325,0.012,3.075,0.0772,0.9846,4.3
"1","cat_elig <   1.000 & rawben_rel_max <   0.116 & total_deductions_by_hh_size < 265.000 & utilities < 288.000","xgboost",332,0.99398,0.98196,103,101,0.9806,0.0045,0.0013,0.428,0.0772,0.9846,4.3
"1","medical_deductions <  14.000 & total_deductions_by_hh_size < 269.000 & unc_rawben_rel_max <  -0.004 & utilities >=  56.000","xgboost",1396,0.98782,0.98196,664,652,0.9819,0.0293,0.0079,2.759,0.0772,0.9846,4.3
"1","elderly_disabled_i >=  1.000 & rawben_rel_max <  0.288 & total_deductions_by_hh_size >=  9.000 & unc_rawben_rel_max < -0.056","xgboost",2043,0.98678,0.98194,947,931,0.9831,0.0419,0.0109,3.936,0.0772,0.9846,4.3
"1","elderly_disabled_i >  0.5000 & total_deductions_by_hh_size >  7.6000 & unc_rawben_rel_max <= -0.0463","ranger",2105,0.9867,0.98192,970,953,0.9825,0.0429,0.0116,4.031,0.0772,0.9846,4.3
"1","medical_deductions >= 116.000 & total_deductions_by_hh_size < 194.000 & unc_rawben_rel_max <   0.168 & utilities < 670.000","xgboost",331,0.99396,0.98191,168,164,0.9762,0.0074,0.0021,0.698,0.0772,0.9846,4.3
"1","cat_elig <   1 & months_since_cert_n >=   1 & total_deductions_by_hh_size < 117","xgboost",2166,0.98661,0.9819,1136,1115,0.9815,0.0502,0.0124,4.721,0.0772,0.9846,4.3
"1","cat_elig <= 0.5 & elderly_disabled_i <= 0.5 & months_since_cert_n > 5.5 & shelter_expenses_by_hh_size <= 7.5","ranger",244,0.9959,0.98184,148,147,0.9932,0.0066,6e-04,0.615,0.0772,0.9846,4.3
"1","expedited_i <    1.000 & shelter_expenses_by_hh_size < 1530.000 & unc_rawben_rel_max <   -0.056","xgboost",3463,0.98556,0.98183,1580,1555,0.9842,0.07,0.0201,6.566,0.0772,0.9846,4.2
"1","shelter_expenses_by_hh_size >= 376.000 & total_deductions_by_hh_size < 104.000 & unc_rawben_rel_max <  -0.004","xgboost",1120,0.98839,0.98183,517,508,0.9826,0.0229,0.0051,2.149,0.0772,0.9846,4.2
"1","shelter_expenses_by_hh_size < 930.000 & total_deductions_by_hh_size < 372.000 & unc_rawben_rel_max <  -0.004","xgboost",2903,0.98588,0.98179,1325,1305,0.9849,0.0587,0.0133,5.506,0.0772,0.9846,4.2
"1","cat_elig <=   0.5 & homeless >   0.5 & percent_abawd <=   1.5 & shelter_expenses_by_hh_size <= 560.0","ranger",560,0.99107,0.98177,264,260,0.9848,0.0117,0.0023,1.097,0.0772,0.9846,4.2
"1","expedited_i <  1.000 & percent_abawd <  0.500 & unc_rawben_rel_max < -0.016","xgboost",3757,0.98536,0.98177,1742,1709,0.9811,0.0769,0.0239,7.239,0.0772,0.9846,4.2
"1","homeless <    1.000 & shelter_expenses_by_hh_size < 1610.000 & unc_rawben_rel_max >=   -1.170 & unc_rawben_rel_max <   -0.016","xgboost",3684,0.98534,0.98171,1694,1663,0.9817,0.0748,0.022,7.04,0.0772,0.9846,4.2
"1","cat_elig <=  0.500 & total_deductions_by_hh_size <= 61.300 & unc_rawben_rel_max >  0.351","ranger",1823,0.98683,0.98167,953,935,0.9811,0.0421,0.0115,3.96,0.0772,0.9846,4.2
"1","rawben_rel_max <=   0.976 & shelter_expenses_by_hh_size > 282.000 & total_deductions_by_hh_size <=   8.800 & utilities > 194.000","ranger",907,0.98897,0.98164,479,467,0.9749,0.021,0.0075,1.991,0.0772,0.9846,4.2
"1","cat_elig <= 0.5 & elderly_disabled_i <= 0.5 & utilities <= 7.5","ranger",1755,0.98689,0.98162,900,885,0.9833,0.0398,0.0085,3.74,0.0772,0.9846,4.2
"1","cat_elig <=  0.50 & elderly_disabled_i <=  0.50 & percent_abawd >  0.75 & total_deductions_by_hh_size <= 56.50","ranger",405,0.99259,0.98161,248,246,0.9919,0.0111,7e-04,1.031,0.0772,0.9846,4.2
"1","cat_elig <= 0.500 & rawben_rel_max > 0.192 & total_deductions_by_hh_size <= 7.800 & unc_rawben_rel_max > 0.191","ranger",1752,0.98687,0.98159,927,910,0.9817,0.0409,0.0115,3.852,0.0772,0.9846,4.2
"1","unc_rawben_rel_max >=  -1.170 & unc_rawben_rel_max <  -0.016 & utilities >= 360.000","xgboost",2002,0.98651,0.98157,990,970,0.9798,0.0436,0.0159,4.114,0.0772,0.9846,4.2
"1","cat_elig <= 0.5 & elderly_disabled_i <= 0.5 & married <= 0.5 & utilities <= 7.5","ranger",1748,0.98684,0.98155,897,882,0.9833,0.0397,0.0085,3.728,0.0772,0.9846,4.2
"1","cat_elig <= 0.5 & homeless <= 0.5 & total_deductions_by_hh_size <= 3.3","ranger",1554,0.98713,0.98151,839,822,0.9797,0.037,0.0111,3.487,0.0772,0.9846,4.2
"1","married <=   0.500 & medical_deductions > 144.000 & rawben_rel_max <=   0.087","ranger",478,0.99163,0.98149,220,216,0.9818,0.0097,0.0021,0.914,0.0772,0.9846,4.2
"1","months_since_cert_n >   1.5 & shelter_expenses_by_hh_size > 368.0 & total_deductions_by_hh_size <=   8.9 & utilities > 127.0","ranger",478,0.99163,0.98149,255,249,0.9765,0.0112,0.0028,1.06,0.0772,0.9846,4.2
"1","cat_elig <   1 & children_i <   1 & elderly_disabled_i <   1 & utilities < 281","xgboost",1800,0.98667,0.98143,919,904,0.9837,0.0407,0.0077,3.819,0.0772,0.9846,4.2
"1","cat_elig <=   0.500 & medical_deductions <= 112.000 & rawben_rel_max >   0.994 & utilities <=  39.500","ranger",1800,0.98667,0.98143,943,925,0.9809,0.0416,0.0114,3.919,0.0772,0.9846,4.2
"1","elderly_disabled_i <  1.00 & months_since_cert_n < 19.00 & rawben_rel_max >=  1.00 & unc_rawben_rel_max <  1.18","xgboost",1291,0.98761,0.98142,696,688,0.9885,0.031,0.005,2.892,0.0772,0.9846,4.2
"1","medical_deductions >  0.500 & rawben_rel_max <=  0.085 & shelter_expenses_by_hh_size > 14.500 & unc_rawben_rel_max <=  0.326","ranger",1095,0.98813,0.98141,484,478,0.9876,0.0215,0.0035,2.011,0.0772,0.9846,4.2
"1","rawben_rel_max <   0.948 & total_deductions_by_hh_size <  87.000 & unc_rawben_rel_max <  -0.096 & utilities < 417.000","xgboost",1027,0.98832,0.98138,492,487,0.9898,0.0219,0.003,2.045,0.0772,0.9846,4.1
"1","cat_elig <= 0.500 & rawben_rel_max > 0.993 & utilities <= 9.500","ranger",1794,0.98662,0.98137,944,926,0.9809,0.0417,0.0113,3.923,0.0772,0.9846,4.1
"1","cat_elig <= 0.500 & count_divisible_by_100 <= 1.500 & rawben_rel_max > 0.991 & utilities <= 9.500","ranger",1791,0.9866,0.98134,943,925,0.9809,0.0416,0.0113,3.919,0.0772,0.9846,4.1
"1","shelter_expenses_by_hh_size < 1800.0 & total_deductions_by_hh_size <    4.4 & utilities >=  334.0","xgboost",547,0.99086,0.98134,346,339,0.9798,0.0153,0.005,1.438,0.0772,0.9846,4.1
"1","count_divisible_by_100 <    1.0000 & expedited_i <    1.0000 & total_deductions_by_hh_size < 1010.0000 & unc_rawben_rel_max <   -0.0344","xgboost",3550,0.98507,0.98133,1624,1596,0.9828,0.0718,0.0208,6.749,0.0772,0.9846,4.1
"1","months_since_cert_n <=  23.5 & shelter_expenses_by_hh_size > 324.0 & total_deductions_by_hh_size <=   2.8","ranger",1155,0.98788,0.98133,609,596,0.9787,0.0268,0.0077,2.531,0.0772,0.9846,4.1
"1","cat_elig <= 0.5 & elderly_disabled_i <= 0.5 & expedited_i > 0.5","ranger",957,0.98851,0.9813,479,470,0.9812,0.0211,0.0051,1.991,0.0772,0.9846,4.1
"1","expedited_i <    1.000 & total_deductions_by_hh_size < 1010.000 & unc_rawben_rel_max >=   -1.170 & unc_rawben_rel_max <   -0.004","xgboost",3839,0.98489,0.98129,1772,1740,0.9819,0.0783,0.0208,7.364,0.0772,0.9846,4.1
"1","medical_deductions >  3.500 & rawben_rel_max <=  0.085 & shelter_expenses_by_hh_size > 27.500","ranger",1088,0.98805,0.98129,484,478,0.9876,0.0215,0.0035,2.011,0.0772,0.9846,4.1
"1","cat_elig <=  0.5 & shelter_expenses_by_hh_size <= 66.5 & utilities <= 14.0","ranger",1907,0.98637,0.98126,1007,987,0.9801,0.0444,0.0127,4.185,0.0772,0.9846,4.1
"1","cat_elig <= 0.5 & percent_abawd <= 0.5 & shelter_expenses_by_hh_size <= 5.5","ranger",1470,0.98707,0.98126,740,722,0.9757,0.0325,0.012,3.075,0.0772,0.9846,4.1
"1","total_deductions_by_hh_size <  63.000 & unc_rawben_rel_max <  -0.004 & utilities < 369.000","xgboost",1151,0.98784,0.98126,523,516,0.9866,0.0232,0.0036,2.173,0.0772,0.9846,4.1
"1","elderly_disabled_i < 1.000 & rawben_rel_max >= 0.992 & unc_rawben_rel_max < 1.200","xgboost",1469,0.98707,0.98124,780,769,0.9859,0.0346,0.0066,3.241,0.0772,0.9846,4.1
"1","medical_deductions > 3.500 & rawben_rel_max <= 0.085","ranger",1149,0.98782,0.98123,513,506,0.9864,0.0228,0.0038,2.132,0.0772,0.9846,4.1
"1","months_since_cert_n >=   1.000 & rawben_rel_max <   0.080 & total_deductions_by_hh_size < 202.000 & unc_rawben_rel_max <  -0.004","xgboost",1083,0.988,0.98121,0,0,NA,0,0,0,0.0772,0.9846,4.1
"1","cat_elig <= 0.5 & elderly_disabled_i <= 0.5 & expedited_i > 0.5 & married <= 0.5","ranger",951,0.98843,0.98119,477,468,0.9811,0.0211,0.0051,1.982,0.0772,0.9846,4.1
"1","cat_elig <=    2.5000 & shelter_expenses_by_hh_size <= 1650.0000 & unc_rawben_rel_max <=   -0.0443 & utilities >    8.0000","ranger",2868,0.98536,0.98118,1316,1292,0.9818,0.0581,0.0199,5.469,0.0772,0.9846,4.1
"1","cat_elig >   0.5 & percent_abawd <=   0.5 & total_deductions_by_hh_size <=   2.8 & utilities > 192.0","ranger",750,0.98933,0.98117,380,373,0.9816,0.0168,0.0037,1.579,0.0772,0.9846,4.1
"1","total_deductions_by_hh_size < 546.000 & unc_rawben_rel_max >=   0.996 & unc_rawben_rel_max <   1.200","xgboost",1462,0.987,0.98115,806,798,0.9901,0.0359,0.0058,3.35,0.0772,0.9846,4.1
"1","cat_elig <= 0.500 & married <= 0.500 & months_since_cert_n <= 5.500 & unc_rawben_rel_max > 0.991","ranger",1832,0.98635,0.98112,946,930,0.9831,0.0418,0.0114,3.931,0.0772,0.9846,4.1
"1","medical_deductions >=    3.0000 & total_deductions_by_hh_size < 1560.0000 & unc_rawben_rel_max <    0.0378","xgboost",1078,0.98794,0.98112,480,473,0.9854,0.0213,0.0038,1.995,0.0772,0.9846,4.1
"1","rawben_rel_max <   0.992 & total_deductions_by_hh_size < 675.000 & unc_rawben_rel_max <  -0.004 & utilities >= 281.000","xgboost",2440,0.98566,0.98112,1164,1144,0.9828,0.0515,0.0155,4.837,0.0772,0.9846,4.1
"1","shelter_expenses_by_hh_size >  432.0 & shelter_expenses_by_hh_size <= 1140.0 & total_deductions_by_hh_size <=    2.8","ranger",468,0.99145,0.9811,238,233,0.979,0.0105,0.0031,0.989,0.0772,0.9846,4.1
"1","count_divisible_by_100 <    1.000 & total_deductions_by_hh_size < 1100.000 & unc_rawben_rel_max >=   -1.170 & unc_rawben_rel_max <   -0.016","xgboost",3680,0.98478,0.98109,1698,1664,0.98,0.0749,0.0237,7.056,0.0772,0.9846,4.1
"1","cat_elig <= 0.50 & count_divisible_by_100 <= 1.50 & months_since_cert_n <= 5.50 & unc_rawben_rel_max > 1.01","ranger",1826,0.98631,0.98106,940,925,0.984,0.0416,0.0108,3.906,0.0772,0.9846,4.1
"1","elderly_disabled_i >=  1.000 & unc_rawben_rel_max < -0.004","xgboost",3667,0.98473,0.98102,1710,1685,0.9854,0.0758,0.015,7.106,0.0772,0.9846,4.1
"1","cat_elig <= 0.5 & homeless <= 0.5 & total_deductions_by_hh_size <= 8.8","ranger",1575,0.98667,0.98101,845,828,0.9799,0.0373,0.0111,3.512,0.0772,0.9846,4.1
"1","cat_elig <= 0.500 & medical_deductions <= 0.500 & months_since_cert_n <= 5.500 & unc_rawben_rel_max > 0.993","ranger",1819,0.98626,0.98099,941,925,0.983,0.0416,0.0114,3.911,0.0772,0.9846,4.1
"1","cat_elig <= 0.500 & elderly_disabled_i <= 0.500 & expedited_i > 0.500 & rawben_rel_max > 0.804","ranger",940,0.9883,0.98097,468,460,0.9829,0.0207,0.0048,1.945,0.0772,0.9846,4.1
"1","shelter_expenses_by_hh_size >= 387.000 & total_deductions_by_hh_size < 982.000 & unc_rawben_rel_max <  -0.184","xgboost",1995,0.98596,0.98093,888,870,0.9797,0.0391,0.0159,3.69,0.0772,0.9846,4
"1","cat_elig >  0.500 & medical_deductions >  0.500 & rawben_rel_max <=  0.085 & utilities > 28.500","ranger",937,0.98826,0.98091,411,406,0.9878,0.0183,0.0025,1.708,0.0772,0.9846,4
"1","expedited_i <=    0.50000 & rawben_rel_max <=    0.23700 & total_deductions_by_hh_size <= 1120.00000 & unc_rawben_rel_max <=   -0.00915","ranger",3935,0.9845,0.98091,1828,1792,0.9803,0.0806,0.0262,7.597,0.0772,0.9846,4
"1","total_deductions_by_hh_size < 1100.000 & unc_rawben_rel_max >=   -1.170 & unc_rawben_rel_max <   -0.016","xgboost",3818,0.98455,0.9809,1777,1739,0.9786,0.0782,0.0273,7.385,0.0772,0.9846,4
"1","expedited_i <    1.0000 & total_deductions_by_hh_size < 1100.0000 & unc_rawben_rel_max <   -0.0344","xgboost",3699,0.98459,0.98089,1710,1679,0.9819,0.0755,0.0232,7.106,0.0772,0.9846,4
"1","percent_abawd <   0.500 & shelter_expenses_by_hh_size < 744.000 & unc_rawben_rel_max >=  -1.170 & unc_rawben_rel_max <  -0.016","xgboost",2342,0.98548,0.98082,1050,1030,0.981,0.0463,0.0146,4.364,0.0772,0.9846,4
"1","cat_elig <= 0.5 & expedited_i > 0.5 & utilities <= 5.0","ranger",867,0.98847,0.9808,435,428,0.9839,0.0193,0.0038,1.808,0.0772,0.9846,4
"1","percent_abawd >  0.75 & shelter_expenses_by_hh_size <=  5.50 & total_deductions_by_hh_size >  0.10 & total_deductions_by_hh_size <= 48.30","ranger",138,1,0.98077,80,80,1,0.0036,0,0.332,0.0772,0.9846,4
"1","medical_deductions <  14.000 & total_deductions_by_hh_size < 269.000 & unc_rawben_rel_max <  -0.004","xgboost",2276,0.9855,0.98076,1072,1057,0.986,0.0476,0.0095,4.455,0.0772,0.9846,4
"1","cat_elig <= 0.500 & expedited_i <= 0.500 & homeless > 0.500 & rawben_rel_max > 0.991","ranger",230,0.99565,0.98075,108,106,0.9815,0.0048,0.0011,0.449,0.0772,0.9846,4
"1","homeless <=  0.500 & percent_abawd >  0.750 & shelter_expenses_by_hh_size <= 14.000 & unc_rawben_rel_max >  0.882","ranger",1971,0.98579,0.9807,1163,1132,0.9733,0.0509,0.0252,4.833,0.0772,0.9846,4
"1","cat_elig <=   0.500 & rawben_rel_max >   0.991 & unc_rawben_rel_max <=   2.150 & utilities <= 270.000","ranger",1851,0.98595,0.98069,977,958,0.9806,0.0431,0.0123,4.06,0.0772,0.9846,4
"1","elderly_disabled_i >=  1.000 & months_since_cert_n < 24.000 & unc_rawben_rel_max < -0.004","xgboost",3427,0.98453,0.98067,1601,1578,0.9856,0.071,0.0137,6.653,0.0772,0.9846,4
"1","married <=  0.500 & medical_deductions > 19.500 & rawben_rel_max <=  0.087 & total_deductions_by_hh_size > 56.600","ranger",1115,0.98744,0.98066,506,499,0.9862,0.0224,0.0038,2.103,0.0772,0.9846,4
"1","homeless <=   0.5000 & rawben_rel_max <=   0.0795 & total_deductions_by_hh_size <=   2.8000 & utilities > 245.0000","ranger",309,0.99353,0.98063,0,0,NA,0,0,0,0.0772,0.9846,4
"1","cat_elig <= 0.5 & count_divisible_by_100 <= 0.5 & elderly_disabled_i <= 0.5 & expedited_i > 0.5","ranger",922,0.98807,0.9806,463,455,0.9827,0.0205,0.0046,1.924,0.0772,0.9846,4
"1","cat_elig <=   0.500 & medical_deductions <= 122.000 & rawben_rel_max >   0.991 & utilities <=  61.500","ranger",1840,0.98587,0.98058,968,950,0.9814,0.0427,0.0114,4.023,0.0772,0.9846,4
"1","cat_elig <= 0.5 & elderly_disabled_i <= 0.5 & expedited_i <= 0.5 & homeless > 0.5","ranger",228,0.99561,0.98058,105,105,1,0.0047,0,0.436,0.0772,0.9846,4
"1","months_since_cert_n >=    2.000 & shelter_expenses_by_hh_size >=  430.000 & shelter_expenses_by_hh_size < 1670.000 & unc_rawben_rel_max <   -0.056","xgboost",2196,0.98543,0.98058,1016,996,0.9803,0.0448,0.0161,4.222,0.0772,0.9846,4
"1","cat_elig <= 0.5 & children_i <= 0.5 & expedited_i > 0.5 & months_since_cert_n <= 4.5","ranger",792,0.98864,0.98057,384,379,0.987,0.0171,0.0033,1.596,0.0772,0.9846,4
"1","cat_elig <  1 & shelter_expenses_by_hh_size < 29","xgboost",1898,0.98577,0.98056,1001,981,0.98,0.0441,0.0127,4.16,0.0772,0.9846,4
"1","rawben_rel_max <    0.992 & shelter_expenses_by_hh_size < 1710.000 & unc_rawben_rel_max >=   -1.170 & unc_rawben_rel_max <   -0.016","xgboost",3805,0.98423,0.98055,1764,1726,0.9785,0.0776,0.0276,7.331,0.0772,0.9846,4
"1","expedited_i <   1.000 & percent_abawd <   0.500 & shelter_expenses_by_hh_size < 502.000 & unc_rawben_rel_max <  -0.056","xgboost",1355,0.98672,0.98054,579,574,0.9914,0.0258,0.0036,2.406,0.0772,0.9846,4
"1","expedited_i <    1.000 & shelter_expenses_by_hh_size < 1800.000 & unc_rawben_rel_max <   -0.004 & utilities >=  201.000","xgboost",2651,0.98491,0.98049,1218,1196,0.9819,0.0538,0.0172,5.062,0.0772,0.9846,4
"1","cat_elig <= 0.5 & expedited_i <= 0.5 & total_deductions_by_hh_size <= 7.8","ranger",1289,0.98681,0.98047,682,667,0.978,0.03,0.0105,2.834,0.0772,0.9846,4
"1","children_i <=  0.50000 & elderly_disabled_i >  0.50000 & total_deductions_by_hh_size >  8.80000 & unc_rawben_rel_max <= -0.00915","ranger",2298,0.9852,0.98045,1081,1060,0.9806,0.0477,0.0136,4.492,0.0772,0.9846,3.9
"1","expedited_i <    1.000 & shelter_expenses_by_hh_size < 1750.000 & unc_rawben_rel_max >=   -1.170 & unc_rawben_rel_max <   -0.004","xgboost",3841,0.98412,0.98044,1766,1733,0.9813,0.078,0.0215,7.339,0.0772,0.9846,3.9
"1","cat_elig <= 0.5 & expedited_i > 0.5 & homeless > 0.5","ranger",305,0.99344,0.98038,143,141,0.986,0.0063,0.0012,0.594,0.0772,0.9846,3.9
"1","expedited_i >   0.5 & months_since_cert_n <=   4.5 & total_deductions_by_hh_size <= 152.0 & utilities <=   9.5","ranger",2804,0.98466,0.98035,1344,1321,0.9829,0.0594,0.0163,5.585,0.0772,0.9846,3.9
"1","children_i <  1.000 & expedited_i <  1.000 & unc_rawben_rel_max >= -1.170 & unc_rawben_rel_max < -0.004","xgboost",3869,0.98398,0.9803,1775,1741,0.9808,0.0783,0.0224,7.376,0.0772,0.9846,3.9
"1","elderly_disabled_i >=  1.000 & total_deductions_by_hh_size >=  4.400 & unc_rawben_rel_max < -0.016","xgboost",2279,0.98508,0.98029,1073,1052,0.9804,0.0473,0.0136,4.459,0.0772,0.9846,3.9
"1","expedited_i >  0.5 & months_since_cert_n <=  4.5 & total_deductions_by_hh_size <= 33.4","ranger",2738,0.98466,0.98029,1321,1299,0.9833,0.0584,0.0152,5.49,0.0772,0.9846,3.9
"1","elderly_disabled_i >   0.5 & homeless <=   0.5 & total_deductions_by_hh_size <=   8.9 & utilities > 130.0","ranger",967,0.98759,0.98023,476,463,0.9727,0.0208,0.0055,1.978,0.0772,0.9846,3.9
"1","shelter_expenses_by_hh_size >  43.00000 & total_deductions_by_hh_size <= 510.00000 & unc_rawben_rel_max <=  -0.00744 & utilities >  30.50000","ranger",2614,0.9847,0.98022,1195,1175,0.9833,0.0529,0.0129,4.966,0.0772,0.9846,3.9
"1","cat_elig <=  0.5000 & unc_rawben_rel_max <=  0.0592 & utilities > 14.5000","ranger",376,0.99202,0.9802,151,149,0.9868,0.0067,6e-04,0.628,0.0772,0.9846,3.9
"1","percent_abawd <    0.500 & shelter_expenses_by_hh_size < 1970.000 & unc_rawben_rel_max <   -0.016","xgboost",3849,0.98389,0.9802,1784,1747,0.9793,0.0786,0.0283,7.414,0.0772,0.9846,3.9
"1","months_since_cert_n >=    2.000 & total_deductions_by_hh_size < 1010.000 & unc_rawben_rel_max >=   -0.560 & unc_rawben_rel_max <   -0.016","xgboost",2666,0.98462,0.98018,1257,1233,0.9809,0.0555,0.0159,5.224,0.0772,0.9846,3.9
"1","elderly_disabled_i <=  0.500 & expedited_i >  0.500 & rawben_rel_max >  0.947 & shelter_expenses_by_hh_size <= 13.000","ranger",3615,0.98396,0.98014,1787,1755,0.9821,0.079,0.0282,7.426,0.0772,0.9846,3.9
"1","unc_rawben_rel_max <  -0.056 & utilities >= 388.000","xgboost",1740,0.98563,0.98013,775,759,0.9794,0.0341,0.0133,3.221,0.0772,0.9846,3.9
"1","expedited_i >  0.5 & months_since_cert_n <=  5.5 & shelter_expenses_by_hh_size <= 16.5 & total_deductions_by_hh_size <= 97.1","ranger",3049,0.98426,0.9801,1476,1451,0.9831,0.0653,0.0188,6.134,0.0772,0.9846,3.9
"1","rawben_rel_max <   0.948 & unc_rawben_rel_max <  -0.096 & utilities >= 417.000","xgboost",1442,0.98613,0.98008,624,608,0.9744,0.0274,0.0133,2.593,0.0772,0.9846,3.9
"1","cat_elig <=  1.500 & expedited_i >  0.500 & rawben_rel_max >  0.991 & total_deductions_by_hh_size <= 17.800","ranger",2310,0.98485,0.98006,1754,1723,0.9823,0.0775,0.0264,7.289,0.0772,0.9846,3.9
"1","medical_deductions > 17.500 & rawben_rel_max <=  0.087 & unc_rawben_rel_max <=  0.998","ranger",1142,0.98687,0.98006,515,508,0.9864,0.0229,0.0038,2.14,0.0772,0.9846,3.9
"1","months_since_cert_n >=   15.000 & rawben_rel_max >=    0.572 & utilities >= 1010.000","xgboost",133,1,0.98006,166,164,0.988,0.0074,0.001,0.69,0.0772,0.9846,3.9
"1","cat_elig <= 0.500 & medical_deductions <= 6.500 & months_since_cert_n <= 6.500 & rawben_rel_max > 0.993","ranger",1907,0.98532,0.98005,985,968,0.9827,0.0435,0.0124,4.093,0.0772,0.9846,3.9
"1","cat_elig <= 0.500 & percent_abawd <= 0.750 & rawben_rel_max > 0.993 & utilities <= 7.500","ranger",1380,0.98623,0.98004,688,673,0.9782,0.0303,0.0103,2.859,0.0772,0.9846,3.9
"1","total_deductions_by_hh_size < 600.000 & unc_rawben_rel_max <  -0.056 & utilities < 892.000","xgboost",3320,0.98404,0.98004,1503,1480,0.9847,0.0666,0.0169,6.246,0.0772,0.9846,3.9
"1","cat_elig <= 0.50 & homeless <= 0.50 & total_deductions_by_hh_size <= 8.80 & unc_rawben_rel_max <= 1.21","ranger",1019,0.98724,0.98003,845,828,0.9799,0.0373,0.0111,3.512,0.0772,0.9846,3.9
"1","cat_elig <= 0.50 & count_divisible_by_100 <= 0.50 & unc_rawben_rel_max > 1.02 & unc_rawben_rel_max <= 2.15","ranger",2191,0.98494,0.98002,1138,1110,0.9754,0.0499,0.0195,4.729,0.0772,0.9846,3.9
"1","cat_elig <   1.0 & months_since_cert_n >=   1.0 & total_deductions_by_hh_size < 141.0 & unc_rawben_rel_max <   1.9","xgboost",2247,0.98487,0.98001,1180,1158,0.9814,0.0521,0.0133,4.904,0.0772,0.9846,3.9
"1","homeless <  1.000 & unc_rawben_rel_max >= -1.170 & unc_rawben_rel_max < -0.016","xgboost",3758,0.98377,0.98001,1735,1699,0.9793,0.0764,0.0254,7.21,0.0772,0.9846,3.9
"1","percent_abawd <   0.500 & shelter_expenses_by_hh_size >= 744.000 & unc_rawben_rel_max >=  -1.170 & unc_rawben_rel_max <  -0.016","xgboost",1378,0.98621,0.98001,674,659,0.9777,0.0296,0.0099,2.801,0.0772,0.9846,3.9
"1","cat_elig <= 0.500 & medical_deductions <= 3.500 & months_since_cert_n <= 6.500 & unc_rawben_rel_max > 0.998","ranger",1902,0.98528,0.98,984,968,0.9837,0.0435,0.0117,4.089,0.0772,0.9846,3.9
"1","elderly_disabled_i >  0.50000 & total_deductions_by_hh_size >  8.80000 & unc_rawben_rel_max <= -0.00915","ranger",2301,0.98479,0.97999,1084,1063,0.9806,0.0478,0.0136,4.505,0.0772,0.9846,3.9
"1","expedited_i >   0.5 & medical_deductions <= 105.0 & months_since_cert_n <=   4.5 & total_deductions_by_hh_size <=   8.9","ranger",2639,0.98446,0.97998,1281,1261,0.9844,0.0567,0.0139,5.324,0.0772,0.9846,3.9
"1","medical_deductions >  1.000 & rawben_rel_max <=  0.085 & utilities > 26.500","ranger",1015,0.98719,0.97996,439,434,0.9886,0.0195,0.0025,1.824,0.0772,0.9846,3.9
"1","months_since_cert_n >   1.5 & total_deductions_by_hh_size <=   8.9 & utilities > 127.0","ranger",892,0.98767,0.97995,454,440,0.9692,0.0198,0.0066,1.887,0.0772,0.9846,3.9
"1","months_since_cert_n <   9.000 & rawben_rel_max <   0.100 & total_deductions_by_hh_size < 218.000 & unc_rawben_rel_max <  -0.004","xgboost",1491,0.98592,0.97994,664,653,0.9834,0.0294,0.0076,2.759,0.0772,0.9846,3.8
"1","total_deductions_by_hh_size <= 510.00000 & unc_rawben_rel_max <=  -0.00744 & utilities >  30.50000","ranger",2632,0.98442,0.97993,1206,1186,0.9834,0.0534,0.0129,5.012,0.0772,0.9846,3.8
"1","expedited_i > 0.500 & percent_abawd > 0.750 & rawben_rel_max > 0.976 & shelter_expenses_by_hh_size <= 5.500","ranger",1251,0.98641,0.97988,684,667,0.9751,0.03,0.0151,2.843,0.0772,0.9846,3.8
"1","cat_elig <=  0.5 & homeless >  0.5 & months_since_cert_n <= 11.5 & percent_abawd <=  0.5","ranger",506,0.99012,0.97984,211,208,0.9858,0.0094,0.002,0.877,0.0772,0.9846,3.8
"1","elderly_disabled_i <=  0.500 & expedited_i >  0.500 & rawben_rel_max >  0.958 & shelter_expenses_by_hh_size <= 15.000","ranger",3614,0.98367,0.97983,1784,1752,0.9821,0.0788,0.0282,7.414,0.0772,0.9846,3.8
"1","cat_elig < 1.000 & months_since_cert_n < 7.000 & rawben_rel_max >= 0.992","xgboost",1939,0.98504,0.97979,998,981,0.983,0.0441,0.0124,4.147,0.0772,0.9846,3.8
"1","cat_elig >=  1.000 & months_since_cert_n < 33.000 & unc_rawben_rel_max >= -1.170 & unc_rawben_rel_max < -0.056","xgboost",3168,0.9839,0.97979,1483,1452,0.9791,0.0653,0.0236,6.163,0.0772,0.9846,3.8
"1","rawben_rel_max >=   0.080 & shelter_expenses_by_hh_size >= 197.000 & unc_rawben_rel_max <  -0.056","xgboost",1707,0.98535,0.97975,1464,1431,0.9775,0.0644,0.0263,6.084,0.0772,0.9846,3.8
"1","children_i <  1.00 & elderly_disabled_i <  1.00 & total_deductions_by_hh_size < 10.00 & unc_rawben_rel_max >=  1.02","xgboost",7761,0.98235,0.97972,4154,4061,0.9776,0.1827,0.0761,17.263,0.0772,0.9846,3.8
"1","months_since_cert_n >= 22.000 & rawben_rel_max <  0.158 & unc_rawben_rel_max < -0.004","xgboost",367,0.99183,0.97972,165,162,0.9818,0.0073,0.0022,0.686,0.0772,0.9846,3.8
"1","medical_deductions > 19.500 & rawben_rel_max <=  0.087 & total_deductions_by_hh_size > 56.600","ranger",1122,0.98663,0.97971,506,499,0.9862,0.0224,0.0038,2.103,0.0772,0.9846,3.8
"1","expedited_i <=    0.50000 & rawben_rel_max <=    0.26800 & shelter_expenses_by_hh_size <= 2170.00000 & unc_rawben_rel_max <=   -0.00915","ranger",3965,0.98335,0.97967,1834,1798,0.9804,0.0809,0.0262,7.622,0.0772,0.9846,3.8
"1","expedited_i <=  0.50000 & rawben_rel_max <=  0.31200 & shelter_expenses_by_hh_size >  5.50000 & unc_rawben_rel_max <= -0.00915","ranger",3586,0.98355,0.97967,1668,1632,0.9784,0.0734,0.0261,6.932,0.0772,0.9846,3.8
"1","percent_abawd <  0.500 & unc_rawben_rel_max < -0.056","xgboost",3522,0.98353,0.97962,1611,1579,0.9801,0.071,0.0255,6.695,0.0772,0.9846,3.8
"1","elderly_disabled_i >=  1.000 & months_since_cert_n >=  4.000 & months_since_cert_n < 24.000 & unc_rawben_rel_max < -0.004","xgboost",2478,0.98426,0.97959,1200,1181,0.9842,0.0531,0.0105,4.987,0.0772,0.9846,3.8
"1","cat_elig <=  0.500 & rawben_rel_max >  0.993 & unc_rawben_rel_max >  1.200 & utilities <= 14.000","ranger",1635,0.98532,0.97957,860,842,0.9791,0.0379,0.0113,3.574,0.0772,0.9846,3.8
"1","shelter_expenses_by_hh_size < 1670.000 & total_deductions_by_hh_size <  743.000 & unc_rawben_rel_max <   -0.056","xgboost",3509,0.98347,0.97954,1607,1577,0.9813,0.0709,0.0246,6.678,0.0772,0.9846,3.8
"1","cat_elig <= 0.500 & rawben_rel_max > 0.996 & unc_rawben_rel_max <= 1.630","ranger",2081,0.98462,0.97951,1107,1088,0.9828,0.0489,0.0131,4.6,0.0772,0.9846,3.8
"1","expedited_i <  1.000 & unc_rawben_rel_max >= -1.170 & unc_rawben_rel_max < -0.004","xgboost",3879,0.98324,0.9795,1785,1750,0.9804,0.0787,0.0232,7.418,0.0772,0.9846,3.8
"1","children_i <=  0.5 & months_since_cert_n > 10.5 & total_deductions_by_hh_size <=  2.8 & utilities > 83.0","ranger",362,0.99171,0.97945,201,197,0.9801,0.0089,0.002,0.835,0.0772,0.9846,3.8
"1","months_since_cert_n < 19.0 & total_deductions_by_hh_size <  4.4 & utilities >= 80.0","xgboost",809,0.98764,0.97943,403,390,0.9677,0.0175,0.0077,1.675,0.0772,0.9846,3.8
"1","cat_elig <=   0.5 & percent_abawd <=   0.5 & shelter_expenses_by_hh_size <= 167.0 & total_deductions_by_hh_size <=  42.5","ranger",1451,0.98553,0.97939,716,702,0.9804,0.0316,0.01,2.976,0.0772,0.9846,3.7
"1","children_i <= 0.500 & elderly_disabled_i <= 0.500 & rawben_rel_max > 0.941 & shelter_expenses_by_hh_size <= 5.500","ranger",8203,0.98196,0.97938,4385,4292,0.9788,0.1931,0.0761,18.223,0.0772,0.9846,3.7
"1","months_since_cert_n < 16.0000 & rawben_rel_max <  0.6400 & unc_rawben_rel_max >= -0.3470 & unc_rawben_rel_max < -0.0344","xgboost",1788,0.9849,0.97937,812,797,0.9815,0.0359,0.009,3.374,0.0772,0.9846,3.7
"1","shelter_expenses_by_hh_size > 324.000 & total_deductions_by_hh_size <=   2.800 & unc_rawben_rel_max <=   0.235","ranger",1219,0.98605,0.97935,639,626,0.9797,0.0282,0.0077,2.656,0.0772,0.9846,3.7
"1","cat_elig <    3.000 & shelter_expenses_by_hh_size >=  254.000 & total_deductions_by_hh_size < 1170.000 & unc_rawben_rel_max <   -0.162","xgboost",2339,0.98418,0.97934,1046,1023,0.978,0.046,0.0196,4.347,0.0772,0.9846,3.7
"1","elderly_disabled_i >   0.5 & total_deductions_by_hh_size <=   8.9 & utilities > 130.0","ranger",984,0.98679,0.97933,483,470,0.9731,0.0211,0.0055,2.007,0.0772,0.9846,3.7
"1","percent_abawd <=  0.5000 & rawben_rel_max <=  0.2680 & unc_rawben_rel_max <= -0.0443","ranger",3634,0.98321,0.97933,1658,1625,0.9801,0.0731,0.0262,6.89,0.0772,0.9846,3.7
"1","months_since_cert_n <  28.0000 & rawben_rel_max <   0.0893 & total_deductions_by_hh_size < 430.0000 & unc_rawben_rel_max <  -0.0960","xgboost",2606,0.98388,0.97929,1190,1175,0.9874,0.0529,0.011,4.945,0.0772,0.9846,3.7
"1","cat_elig <=  0.50 & elderly_disabled_i >  0.50 & rawben_rel_max <=  0.92 & total_deductions_by_hh_size <= 65.50","ranger",492,0.98984,0.97927,262,256,0.9771,0.0115,0.0037,1.089,0.0772,0.9846,3.7
"1","months_since_cert_n >=  12.000 & shelter_expenses_by_hh_size >= 405.000 & unc_rawben_rel_max <  -0.004","xgboost",801,0.98752,0.97923,376,366,0.9734,0.0165,0.0089,1.563,0.0772,0.9846,3.7
"1","shelter_expenses_by_hh_size < 1000.000 & unc_rawben_rel_max <   -0.056","xgboost",2975,0.98353,0.97923,1331,1307,0.982,0.0588,0.0191,5.531,0.0772,0.9846,3.7
"1","total_deductions_by_hh_size <= 1180.0000 & unc_rawben_rel_max <=   -0.0443 & utilities >    8.0000","ranger",2922,0.98357,0.97923,1340,1315,0.9813,0.0592,0.0199,5.569,0.0772,0.9846,3.7
"1","months_since_cert_n <  11.00 & rawben_rel_max <   0.21 & shelter_expenses_by_hh_size >= 454.00 & total_deductions_by_hh_size <  34.00","xgboost",358,0.99162,0.97922,158,155,0.981,0.007,0.0017,0.657,0.0772,0.9846,3.7
"1","children_i <= 0.500 & elderly_disabled_i <= 0.500 & rawben_rel_max > 0.908 & shelter_expenses_by_hh_size <= 5.500","ranger",8237,0.98179,0.9792,4401,4308,0.9789,0.1938,0.0761,18.289,0.0772,0.9846,3.7
"1","rawben_rel_max <   0.092 & shelter_expenses_by_hh_size >= 376.000 & total_deductions_by_hh_size <  22.400","xgboost",859,0.98719,0.97918,402,394,0.9801,0.0177,0.004,1.671,0.0772,0.9846,3.7
"1","elderly_disabled_i <=  0.500 & months_since_cert_n <=  5.500 & total_deductions_by_hh_size <= 17.700 & unc_rawben_rel_max >  0.991","ranger",6010,0.9822,0.97917,3153,3087,0.9791,0.1389,0.0511,13.103,0.0772,0.9846,3.7
"1","rawben_rel_max <   0.084 & shelter_expenses_by_hh_size >= 382.000 & total_deductions_by_hh_size <  92.000 & utilities >= 417.000","xgboost",424,0.99057,0.97915,178,175,0.9831,0.0079,0.0018,0.74,0.0772,0.9846,3.7
"1","cat_elig <=   0.5 & count_divisible_by_100 <=   0.5 & shelter_expenses_by_hh_size <= 350.0 & utilities <=  14.5","ranger",1986,0.98439,0.97911,1053,1028,0.9763,0.0462,0.0147,4.376,0.0772,0.9846,3.7
"1","percent_abawd <=  0.5000 & rawben_rel_max <=  0.2680 & shelter_expenses_by_hh_size > 27.5000 & unc_rawben_rel_max <= -0.0443","ranger",3275,0.98321,0.97909,1500,1473,0.982,0.0663,0.0209,6.234,0.0772,0.9846,3.7
"1","rawben_rel_max <   0.992 & total_deductions_by_hh_size < 303.000 & unc_rawben_rel_max <  -0.056 & utilities < 201.000","xgboost",1030,0.98641,0.97907,468,462,0.9872,0.0208,0.0033,1.945,0.0772,0.9846,3.7
"1","expedited_i >   0.5 & months_since_cert_n <=   5.5 & total_deductions_by_hh_size <= 117.0 & utilities <=   9.5","ranger",3111,0.98329,0.97906,1503,1475,0.9814,0.0664,0.0206,6.246,0.0772,0.9846,3.7
"1","children_i <= 0.500 & expedited_i > 0.500 & shelter_expenses_by_hh_size <= 5.500 & unc_rawben_rel_max > 0.906","ranger",3898,0.98281,0.97904,1924,1890,0.9823,0.085,0.0294,7.996,0.0772,0.9846,3.7
"1","elderly_disabled_i >   0.5000 & rawben_rel_max <=   0.3010 & unc_rawben_rel_max <=  -0.0295 & utilities <= 364.0000","ranger",1649,0.98484,0.97904,708,694,0.9802,0.0312,0.0078,2.942,0.0772,0.9846,3.7
"1","expedited_i <   1.000 & unc_rawben_rel_max <  -0.016 & utilities >=  27.000 & utilities < 875.000","xgboost",2945,0.98336,0.97902,1354,1330,0.9823,0.0598,0.0177,5.627,0.0772,0.9846,3.7
"1","cat_elig <=   0.5 & homeless <=   0.5 & shelter_expenses_by_hh_size <= 324.0 & total_deductions_by_hh_size <=   7.8","ranger",1424,0.98525,0.979,788,772,0.9797,0.0347,0.0108,3.275,0.0772,0.9846,3.7
"1","cat_elig <=   0.5 & percent_abawd >   0.5 & total_deductions_by_hh_size <= 142.0","ranger",421,0.9905,0.979,257,254,0.9883,0.0114,0.001,1.068,0.0772,0.9846,3.7
"1","cat_elig <=   0.5 & total_deductions_by_hh_size <= 134.0 & unc_rawben_rel_max <=   1.2 & utilities <=   7.5","ranger",421,0.9905,0.979,221,216,0.9774,0.0097,0.003,0.918,0.0772,0.9846,3.7
"1","children_i <=  0.500 & expedited_i >  0.500 & rawben_rel_max >  0.947 & shelter_expenses_by_hh_size <= 14.000","ranger",3892,0.98279,0.979,1921,1887,0.9823,0.0849,0.0294,7.983,0.0772,0.9846,3.7
"1","medical_deductions > 152.000 & rawben_rel_max <=   0.266 & shelter_expenses_by_hh_size >   5.500 & unc_rawben_rel_max <=   0.087","ranger",421,0.9905,0.979,185,181,0.9784,0.0081,0.0021,0.769,0.0772,0.9846,3.7
"1","cat_elig <=   0.5 & count_divisible_by_100 <=   0.5 & months_since_cert_n <=  25.5 & total_deductions_by_hh_size <= 180.0","ranger",2515,0.9837,0.97899,1313,1283,0.9772,0.0577,0.0169,5.457,0.0772,0.9846,3.7
"1","expedited_i <  1.000 & total_deductions_by_hh_size >=  9.000 & unc_rawben_rel_max >= -1.170 & unc_rawben_rel_max < -0.056","xgboost",2242,0.98394,0.97896,1021,1000,0.9794,0.045,0.0144,4.243,0.0772,0.9846,3.7
"1","expedited_i >  0.500 & percent_abawd >  0.750 & shelter_expenses_by_hh_size <= 15.000 & unc_rawben_rel_max >  0.991","ranger",1251,0.98561,0.97893,684,667,0.9751,0.03,0.0151,2.843,0.0772,0.9846,3.7
"1","months_since_cert_n >=    4.000 & percent_abawd <    0.500 & shelter_expenses_by_hh_size < 1970.000 & unc_rawben_rel_max <   -0.016","xgboost",2774,0.98342,0.97893,1330,1298,0.9759,0.0584,0.0243,5.527,0.0772,0.9846,3.7
"1","expedited_i <  1.000 & unc_rawben_rel_max < -0.056","xgboost",3556,0.98285,0.97888,1629,1598,0.981,0.0719,0.0237,6.77,0.0772,0.9846,3.7
"1","months_since_cert_n <= 2.500 & rawben_rel_max > 0.906 & total_deductions_by_hh_size <= 2.800","ranger",3501,0.98286,0.97886,1883,1842,0.9782,0.0829,0.0332,7.825,0.0772,0.9846,3.7
"1","elderly_disabled_i <=  0.500 & months_since_cert_n <= 13.500 & rawben_rel_max >  0.991 & shelter_expenses_by_hh_size <=  5.500","ranger",8099,0.98148,0.97885,4335,4237,0.9774,0.1906,0.0806,18.015,0.0772,0.9846,3.7
"1","elderly_disabled_i <  1.00 & expedited_i >=  1.00 & unc_rawben_rel_max >=  1.21 & utilities < 34.00","xgboost",1795,0.9844,0.97881,120,114,0.95,0.0051,0.0046,0.499,0.0772,0.9846,3.6
"1","children_i <=  0.500 & expedited_i >  0.500 & rawben_rel_max >  0.991 & total_deductions_by_hh_size <= 57.500","ranger",3957,0.98256,0.9788,1956,1922,0.9826,0.0865,0.0284,8.129,0.0772,0.9846,3.6
"1","shelter_expenses_by_hh_size >=  405.000 & total_deductions_by_hh_size < 1200.000 & unc_rawben_rel_max <   -0.184","xgboost",1956,0.98415,0.97879,874,854,0.9771,0.0384,0.0174,3.632,0.0772,0.9846,3.6
"1","elderly_disabled_i <=  0.500 & months_since_cert_n <= 12.500 & rawben_rel_max >  0.947 & shelter_expenses_by_hh_size <=  5.500","ranger",8123,0.98141,0.97878,4347,4250,0.9777,0.1912,0.0796,18.065,0.0772,0.9846,3.6
"1","expedited_i <=  0.50000 & unc_rawben_rel_max <= -0.00915 & utilities >  8.00000","ranger",3119,0.98301,0.97876,1444,1414,0.9792,0.0636,0.0219,6.001,0.0772,0.9846,3.6
"1","count_divisible_by_100 <= 0.50 & expedited_i > 0.50 & percent_abawd > 0.75 & total_deductions_by_hh_size <= 8.80","ranger",1184,0.98564,0.97875,651,635,0.9754,0.0286,0.0141,2.705,0.0772,0.9846,3.6
"1","cat_elig <= 0.5 & expedited_i > 0.5 & months_since_cert_n <= 5.5","ranger",898,0.98664,0.97871,440,432,0.9818,0.0194,0.0052,1.829,0.0772,0.9846,3.6
"1","cat_elig <=  0.5 & elderly_disabled_i <=  0.5 & percent_abawd >  0.5 & shelter_expenses_by_hh_size <= 14.5","ranger",415,0.99036,0.9787,254,252,0.9921,0.0113,7e-04,1.056,0.0772,0.9846,3.6
"1","elderly_disabled_i <=  0.500 & months_since_cert_n <= 10.500 & rawben_rel_max >  0.942 & shelter_expenses_by_hh_size <= 13.000","ranger",7887,0.98136,0.97869,4183,4091,0.978,0.184,0.0747,17.384,0.0772,0.9846,3.6
"1","total_deductions_by_hh_size >=    9.000 & total_deductions_by_hh_size < 1100.000 & unc_rawben_rel_max <   -0.016 & utilities >=  281.000","xgboost",2000,0.984,0.97869,952,931,0.9779,0.0419,0.0176,3.956,0.0772,0.9846,3.6
"1","count_divisible_by_100 <   1.000 & medical_deductions < 216.000 & total_deductions_by_hh_size < 715.000 & unc_rawben_rel_max <  -0.016","xgboost",3626,0.98263,0.97868,1666,1632,0.9796,0.0734,0.0251,6.923,0.0772,0.9846,3.6
"1","total_deductions_by_hh_size < 759.000 & unc_rawben_rel_max >=  -0.904 & unc_rawben_rel_max <  -0.004","xgboost",3678,0.9826,0.97868,1702,1666,0.9788,0.075,0.0255,7.073,0.0772,0.9846,3.6
"1","months_since_cert_n <=  2.50 & total_deductions_by_hh_size <= 32.80 & unc_rawben_rel_max >  1.01","ranger",3623,0.98261,0.97866,1940,1899,0.9789,0.0854,0.0332,8.062,0.0772,0.9846,3.6
"1","elderly_disabled_i <= 0.500 & months_since_cert_n <= 5.500 & shelter_expenses_by_hh_size <= 5.000 & unc_rawben_rel_max > 0.802","ranger",6369,0.98163,0.97865,3346,3279,0.98,0.1475,0.0519,13.905,0.0772,0.9846,3.6
"1","cat_elig <=  0.500 & percent_abawd <=  0.500 & total_deductions_by_hh_size <= 66.700 & unc_rawben_rel_max >  0.222","ranger",1454,0.98487,0.97863,737,720,0.9769,0.0324,0.0116,3.063,0.0772,0.9846,3.6
"1","children_i <=  0.500 & months_since_cert_n <=  5.500 & shelter_expenses_by_hh_size <= 16.500 & unc_rawben_rel_max >  0.874","ranger",6664,0.98154,0.97863,3503,3435,0.9806,0.1545,0.0509,14.558,0.0772,0.9846,3.6
"1","count_divisible_by_100 <=   0.5 & married <=   0.5 & shelter_expenses_by_hh_size > 300.0 & total_deductions_by_hh_size <=   2.8","ranger",1453,0.98486,0.97862,804,785,0.9764,0.0353,0.0107,3.341,0.0772,0.9846,3.6
"1","rawben_rel_max <=  0.47700 & unc_rawben_rel_max > -1.70000 & unc_rawben_rel_max <= -0.00915","ranger",4023,0.98235,0.9786,1863,1817,0.9753,0.0817,0.036,7.742,0.0772,0.9846,3.6
"1","cat_elig <=  0.500 & expedited_i >  0.500 & months_since_cert_n <= 11.500 & rawben_rel_max >  0.991","ranger",1007,0.9861,0.97859,505,496,0.9822,0.0223,0.0062,2.099,0.0772,0.9846,3.6
"1","rawben_rel_max <    0.312 & shelter_expenses_by_hh_size < 1640.000 & unc_rawben_rel_max <   -0.056","xgboost",3606,0.98253,0.97856,1642,1609,0.9799,0.0724,0.0279,6.824,0.0772,0.9846,3.6
"1","months_since_cert_n >= 12.000 & unc_rawben_rel_max < -0.004","xgboost",1060,0.98585,0.97852,504,491,0.9742,0.0221,0.0118,2.095,0.0772,0.9846,3.6
"1","cat_elig >=    1.000 & children_i <    1.000 & shelter_expenses_by_hh_size < 1430.000 & unc_rawben_rel_max <   -0.056","xgboost",3238,0.98271,0.97851,1484,1455,0.9805,0.0655,0.0247,6.167,0.0772,0.9846,3.6
"1","medical_deductions >=    3.0000 & total_deductions_by_hh_size >=  163.0000 & total_deductions_by_hh_size < 1560.0000 & unc_rawben_rel_max <    0.0378","xgboost",774,0.98708,0.9785,335,330,0.9851,0.0148,0.0025,1.392,0.0772,0.9846,3.6
"1","months_since_cert_n >=   21.000 & shelter_expenses_by_hh_size < 1670.000 & total_deductions_by_hh_size <  743.000 & unc_rawben_rel_max <   -0.056","xgboost",346,0.99133,0.9785,159,157,0.9874,0.0071,0.0012,0.661,0.0772,0.9846,3.6
"1","medical_deductions >= 117.000 & rawben_rel_max <   0.247 & total_deductions_by_hh_size < 369.000","xgboost",656,0.9878,0.97849,334,325,0.9731,0.0146,0.0045,1.388,0.0772,0.9846,3.6
"1","percent_abawd <=  0.50000 & unc_rawben_rel_max <= -0.00915","ranger",3943,0.98225,0.97844,1820,1779,0.9775,0.08,0.0312,7.563,0.0772,0.9846,3.6
"1","children_i < 1.000 & months_since_cert_n < 7.000 & rawben_rel_max >= 0.924 & total_deductions_by_hh_size < 9.000","xgboost",6748,0.98133,0.97842,3524,3451,0.9793,0.1553,0.0553,14.645,0.0772,0.9846,3.6
"1","elderly_disabled_i <=  0.5 & expedited_i >  0.5 & shelter_expenses_by_hh_size <= 14.5 & total_deductions_by_hh_size <= 47.8","ranger",3634,0.98239,0.97842,1796,1761,0.9805,0.0792,0.0299,7.464,0.0772,0.9846,3.6
"1","cat_elig <=  0.50 & months_since_cert_n <= 11.50 & unc_rawben_rel_max >  1.00 & unc_rawben_rel_max <=  3.43","ranger",2238,0.98347,0.97841,1178,1157,0.9822,0.0521,0.0149,4.895,0.0772,0.9846,3.6
"1","count_divisible_by_100 < 1.00 & elderly_disabled_i < 1.00 & total_deductions_by_hh_size < 4.40 & unc_rawben_rel_max >= 1.02","xgboost",7785,0.98112,0.97841,4166,4066,0.976,0.1829,0.083,17.313,0.0772,0.9846,3.6
"1","elderly_disabled_i <=  0.500 & expedited_i >  0.500 & shelter_expenses_by_hh_size <= 34.500 & unc_rawben_rel_max >  0.802","ranger",3683,0.98235,0.97841,1820,1783,0.9797,0.0802,0.0313,7.563,0.0772,0.9846,3.6
"1","expedited_i > 0.5 & homeless > 0.5 & months_since_cert_n <= 4.5 & utilities <= 9.5","ranger",997,0.98596,0.97838,466,456,0.9785,0.0205,0.0067,1.937,0.0772,0.9846,3.6
"1","expedited_i > 0.500 & percent_abawd > 0.750 & unc_rawben_rel_max > 0.998 & utilities <= 9.500","ranger",1328,0.98494,0.97837,714,696,0.9748,0.0313,0.0154,2.967,0.0772,0.9846,3.6
"1","shelter_expenses_by_hh_size >  316.0 & shelter_expenses_by_hh_size <= 1140.0 & total_deductions_by_hh_size <=    2.8","ranger",1328,0.98494,0.97837,676,660,0.9763,0.0297,0.0088,2.809,0.0772,0.9846,3.6
"1","count_divisible_by_100 <   1 & months_since_cert_n >=   3 & total_deductions_by_hh_size <   9 & utilities >= 111","xgboost",826,0.98668,0.97835,427,414,0.9696,0.0186,0.0063,1.775,0.0772,0.9846,3.6
"1","cat_elig <=  0.50 & percent_abawd >  0.75 & percent_abawd <=  1.50 & total_deductions_by_hh_size <= 56.50","ranger",408,0.9902,0.97834,249,247,0.992,0.0111,7e-04,1.035,0.0772,0.9846,3.6
"1","count_divisible_by_100 <= 1.500 & expedited_i <= 0.500 & rawben_rel_max <= 0.102 & total_deductions_by_hh_size <= 8.900","ranger",1703,0.98415,0.97834,809,794,0.9815,0.0357,0.0089,3.362,0.0772,0.9846,3.6
"1","expedited_i >  0.50 & percent_abawd >  0.75 & unc_rawben_rel_max >  1.00 & utilities <= 14.50","ranger",1326,0.98492,0.97834,714,696,0.9748,0.0313,0.0154,2.967,0.0772,0.9846,3.6
"1","shelter_expenses_by_hh_size >    5.50000 & shelter_expenses_by_hh_size <= 2030.00000 & unc_rawben_rel_max <=   -0.00915","ranger",3670,0.98229,0.97834,1702,1665,0.9783,0.0749,0.0281,7.073,0.0772,0.9846,3.6
"1","expedited_i <=  0.50000 & percent_abawd <=  1.50000 & rawben_rel_max <=  0.26600 & unc_rawben_rel_max <= -0.00915","ranger",3973,0.98213,0.97833,1833,1795,0.9793,0.0808,0.0281,7.618,0.0772,0.9846,3.6
"1","months_since_cert_n <   21.000 & shelter_expenses_by_hh_size < 1670.000 & total_deductions_by_hh_size <  743.000 & unc_rawben_rel_max <   -0.056","xgboost",3159,0.98259,0.97833,1447,1419,0.9806,0.0638,0.0234,6.013,0.0772,0.9846,3.6
"1","cat_elig <=   0.5 & homeless <=   0.5 & shelter_expenses_by_hh_size <=  14.5 & total_deductions_by_hh_size <= 149.0","ranger",1325,0.98491,0.97832,727,713,0.9807,0.0321,0.0096,3.021,0.0772,0.9846,3.6
"1","expedited_i >  0.500 & months_since_cert_n <= 10.500 & rawben_rel_max >  0.947 & shelter_expenses_by_hh_size <=  5.000","ranger",3715,0.98223,0.9783,1821,1789,0.9824,0.0805,0.0274,7.568,0.0772,0.9846,3.6
"1","months_since_cert_n >=  15.000 & rawben_rel_max <   0.232 & shelter_expenses_by_hh_size < 360.000 & total_deductions_by_hh_size <  10.000","xgboost",469,0.98934,0.97826,246,240,0.9756,0.0108,0.0027,1.022,0.0772,0.9846,3.6
"1","medical_deductions <=  92.50 & shelter_expenses_by_hh_size > 376.00 & total_deductions_by_hh_size <=   2.80 & unc_rawben_rel_max >  -2.63","ranger",765,0.98693,0.97825,374,369,0.9866,0.0166,0.0031,1.554,0.0772,0.9846,3.5
"1","months_since_cert_n <   3.000 & total_deductions_by_hh_size < 321.000 & unc_rawben_rel_max >=   0.972 & unc_rawben_rel_max <   1.230","xgboost",3756,0.98216,0.97825,2044,2003,0.9799,0.0901,0.0332,8.494,0.0772,0.9846,3.5
"1","elderly_disabled_i <=  0.5 & expedited_i >  0.5 & shelter_expenses_by_hh_size <= 13.0 & total_deductions_by_hh_size <= 81.4","ranger",3652,0.9822,0.97823,1801,1766,0.9806,0.0794,0.0299,7.485,0.0772,0.9846,3.5
"1","cat_elig <   1.0 & months_since_cert_n <   3.0 & shelter_expenses_by_hh_size < 269.0 & unc_rawben_rel_max >=   1.2","xgboost",763,0.98689,0.9782,405,402,0.9926,0.0181,0.0024,1.683,0.0772,0.9846,3.5
"1","elderly_disabled_i <=   0.50 & total_deductions_by_hh_size <= 191.00 & unc_rawben_rel_max >   1.01 & unc_rawben_rel_max <=   1.22","ranger",8298,0.98084,0.9782,4464,4359,0.9765,0.1961,0.0857,18.551,0.0772,0.9846,3.5
"1","expedited_i <    1.000 & total_deductions_by_hh_size < 1010.000 & unc_rawben_rel_max <   -0.004","xgboost",3996,0.98198,0.97818,1839,1803,0.9804,0.0811,0.0262,7.642,0.0772,0.9846,3.5
"1","elderly_disabled_i <= 0.50 & married <= 0.50 & total_deductions_by_hh_size <= 7.80 & unc_rawben_rel_max > 1.02","ranger",7891,0.98086,0.97816,4208,4107,0.976,0.1848,0.0826,17.487,0.0772,0.9846,3.5
"1","medical_deductions <=   0.50000 & total_deductions_by_hh_size <= 374.00000 & unc_rawben_rel_max <=  -0.00915 & utilities >  10.50000","ranger",1846,0.98375,0.97815,882,869,0.9853,0.0391,0.0087,3.665,0.0772,0.9846,3.5
"1","homeless > 0.500 & percent_abawd <= 0.250 & rawben_rel_max > 0.991 & shelter_expenses_by_hh_size <= 9.500","ranger",2105,0.98337,0.97813,899,883,0.9822,0.0397,0.012,3.736,0.0772,0.9846,3.5
"1","cat_elig <=  0.500 & months_since_cert_n <= 28.000 & rawben_rel_max >  0.991 & unc_rawben_rel_max <=  2.150","ranger",2309,0.98311,0.9781,1217,1189,0.977,0.0535,0.0197,5.058,0.0772,0.9846,3.5
"1","total_deductions_by_hh_size >   2.50000 & total_deductions_by_hh_size <= 513.00000 & unc_rawben_rel_max <=  -0.00915 & utilities >  30.50000","ranger",1841,0.9837,0.97809,856,840,0.9813,0.0378,0.0103,3.557,0.0772,0.9846,3.5
"1","elderly_disabled_i < 1.000 & rawben_rel_max >= 0.988 & unc_rawben_rel_max < 1.200","xgboost",1524,0.98425,0.97808,814,803,0.9865,0.0361,0.0066,3.383,0.0772,0.9846,3.5
"1","elderly_disabled_i <=  0.5 & expedited_i >  0.5 & total_deductions_by_hh_size <= 63.6 & utilities <=  8.0","ranger",3677,0.98205,0.97808,1811,1773,0.979,0.0798,0.0314,7.526,0.0772,0.9846,3.5
"1","elderly_disabled_i <= 0.500 & married <= 0.500 & shelter_expenses_by_hh_size <= 5.500 & unc_rawben_rel_max > 0.991","ranger",8300,0.98072,0.97808,4412,4311,0.9771,0.1939,0.0826,18.335,0.0772,0.9846,3.5
"1","expedited_i <=  0.50000 & rawben_rel_max <=  0.26600 & unc_rawben_rel_max <= -0.00915","ranger",3977,0.9819,0.97808,1838,1799,0.9788,0.0809,0.0284,7.638,0.0772,0.9846,3.5
"1","elderly_disabled_i <= 0.500 & married <= 0.500 & rawben_rel_max > 0.993 & shelter_expenses_by_hh_size <= 5.500","ranger",8297,0.98072,0.97807,4411,4310,0.9771,0.1939,0.0826,18.331,0.0772,0.9846,3.5
"1","expedited_i >  0.500 & shelter_expenses_by_hh_size <= 14.000 & total_deductions_by_hh_size <= 57.200 & unc_rawben_rel_max >  0.947","ranger",3924,0.98191,0.97806,1936,1903,0.983,0.0856,0.0284,8.046,0.0772,0.9846,3.5
"1","elderly_disabled_i <=  0.5 & expedited_i >  0.5 & total_deductions_by_hh_size <= 55.5 & utilities <=  9.5","ranger",3671,0.98202,0.97804,1809,1772,0.9795,0.0797,0.0306,7.518,0.0772,0.9846,3.5
"1","cat_elig <=  0.5 & percent_abawd >  0.5 & total_deductions_by_hh_size <= 42.5 & utilities <= 18.5","ranger",402,0.99005,0.97802,242,240,0.9917,0.0108,7e-04,1.006,0.0772,0.9846,3.5
"1","cat_elig <= 0.5 & count_divisible_by_100 <= 0.5 & percent_abawd > 0.5 & shelter_expenses_by_hh_size <= 5.5","ranger",402,0.99005,0.97802,250,248,0.992,0.0112,7e-04,1.039,0.0772,0.9846,3.5
"1","elderly_disabled_i <=   0.500 & shelter_expenses_by_hh_size <=   5.000 & total_deductions_by_hh_size <= 110.000 & unc_rawben_rel_max >   0.963","ranger",8327,0.98067,0.97802,4436,4333,0.9768,0.1949,0.085,18.435,0.0772,0.9846,3.5
"1","elderly_disabled_i <=  0.500 & months_since_cert_n >  0.500 & rawben_rel_max >  0.991 & total_deductions_by_hh_size <= 17.800","ranger",7158,0.98086,0.97801,3844,3750,0.9755,0.1687,0.0769,15.975,0.0772,0.9846,3.5
"1","elderly_disabled_i <= 0.500 & rawben_rel_max > 0.976 & shelter_expenses_by_hh_size <= 5.500 & unc_rawben_rel_max <= 1.700","ranger",8323,0.98066,0.97801,4444,4341,0.9768,0.1953,0.085,18.468,0.0772,0.9846,3.5
"1","medical_deductions < 216.000 & total_deductions_by_hh_size < 715.000 & unc_rawben_rel_max <  -0.016","xgboost",3765,0.98194,0.97801,1743,1707,0.9793,0.0768,0.0271,7.243,0.0772,0.9846,3.5
"1","cat_elig <=  0.500 & count_divisible_by_100 <=  1.500 & months_since_cert_n <= 10.500 & rawben_rel_max >  0.998","ranger",2194,0.98314,0.97798,1147,1126,0.9817,0.0507,0.0149,4.767,0.0772,0.9846,3.5
"1","cat_elig <=  0.500 & percent_abawd >  0.750 & rawben_rel_max >  0.941 & shelter_expenses_by_hh_size <= 14.500","ranger",401,0.99002,0.97797,246,244,0.9919,0.011,7e-04,1.022,0.0772,0.9846,3.5
"1","expedited_i <=   0.5 & shelter_expenses_by_hh_size > 306.0 & total_deductions_by_hh_size <=   7.8","ranger",1463,0.98428,0.97797,742,722,0.973,0.0325,0.0104,3.084,0.0772,0.9846,3.5
"1","expedited_i <   1.000 & unc_rawben_rel_max <  -0.016 & utilities < 875.000","xgboost",3807,0.98188,0.97796,1745,1712,0.9811,0.077,0.0242,7.252,0.0772,0.9846,3.5
"1","expedited_i > 0.50 & percent_abawd > 0.75 & total_deductions_by_hh_size <= 8.80","ranger",1195,0.98494,0.97795,657,641,0.9756,0.0288,0.0141,2.73,0.0772,0.9846,3.5
"1","shelter_expenses_by_hh_size > 324.0 & total_deductions_by_hh_size <=   2.8","ranger",1249,0.98479,0.97795,647,634,0.9799,0.0285,0.0077,2.689,0.0772,0.9846,3.5
"1","elderly_disabled_i <=  0.500 & rawben_rel_max >  0.802 & total_deductions_by_hh_size <= 56.700 & unc_rawben_rel_max <=  1.220","ranger",8389,0.98057,0.97793,4500,4394,0.9764,0.1977,0.0869,18.701,0.0772,0.9846,3.5
"1","elderly_disabled_i <=   0.500 & shelter_expenses_by_hh_size <=  14.500 & total_deductions_by_hh_size <= 119.000 & unc_rawben_rel_max >   0.967","ranger",8331,0.98055,0.97791,4439,4336,0.9768,0.1951,0.085,18.447,0.0772,0.9846,3.5
"1","homeless <=    0.5 & shelter_expenses_by_hh_size >  324.0 & shelter_expenses_by_hh_size <= 1100.0 & total_deductions_by_hh_size <=    7.8","ranger",1300,0.98462,0.97791,660,646,0.9788,0.0291,0.0074,2.743,0.0772,0.9846,3.5
"1","cat_elig <=  0.5 & children_i <=  0.5 & expedited_i <=  0.5 & shelter_expenses_by_hh_size <= 16.5","ranger",1030,0.98544,0.9779,564,553,0.9805,0.0249,0.0069,2.344,0.0772,0.9846,3.5
"1","elderly_disabled_i <=  0.500 & rawben_rel_max >  0.947 & shelter_expenses_by_hh_size <= 32.500 & unc_rawben_rel_max <=  1.220","ranger",8232,0.98056,0.9779,4420,4316,0.9765,0.1942,0.0854,18.368,0.0772,0.9846,3.5
"1","elderly_disabled_i <=  0.500 & shelter_expenses_by_hh_size <= 14.500 & unc_rawben_rel_max >  0.991 & unc_rawben_rel_max <=  1.650","ranger",8318,0.98052,0.97787,4423,4320,0.9767,0.1943,0.085,18.381,0.0772,0.9846,3.5
"1","elderly_disabled_i <=  0.500 & married <=  0.500 & shelter_expenses_by_hh_size <= 12.500 & unc_rawben_rel_max >  0.947","ranger",8354,0.98049,0.97784,4448,4347,0.9773,0.1956,0.0826,18.485,0.0772,0.9846,3.5
"1","expedited_i >  0.500 & rawben_rel_max >  0.804 & total_deductions_by_hh_size <= 57.200 & utilities <=  9.500","ranger",3983,0.98167,0.97783,1966,1929,0.9812,0.0868,0.031,8.17,0.0772,0.9846,3.5
"1","cat_elig <=    0.500 & expedited_i >    0.500 & rawben_rel_max >    0.991 & total_deductions_by_hh_size <= 1420.000","ranger",1026,0.98538,0.97782,514,501,0.9747,0.0225,0.0098,2.136,0.0772,0.9846,3.5
"1","expedited_i >  0.500 & months_since_cert_n <= 37.000 & rawben_rel_max >  0.991 & total_deductions_by_hh_size <= 40.800","ranger",3930,0.98168,0.97781,1938,1903,0.9819,0.0856,0.0293,8.054,0.0772,0.9846,3.5
"1","count_divisible_by_100 < 1 & elderly_disabled_i < 1 & months_since_cert_n < 3 & total_deductions_by_hh_size < 9","xgboost",3333,0.982,0.9778,1805,1763,0.9767,0.0793,0.0331,7.501,0.0772,0.9846,3.5
"1","count_divisible_by_100 < 1.000 & elderly_disabled_i < 1.000 & rawben_rel_max >= 0.988 & unc_rawben_rel_max < 1.200","xgboost",1291,0.98451,0.97776,692,686,0.9913,0.0309,0.0032,2.876,0.0772,0.9846,3.5
"1","cat_elig <= 0.500 & percent_abawd > 0.500 & rawben_rel_max > 0.991 & shelter_expenses_by_hh_size <= 5.500","ranger",397,0.98992,0.97775,244,242,0.9918,0.0109,7e-04,1.014,0.0772,0.9846,3.5
"1","cat_elig <= 0.500 & homeless <= 0.500 & percent_abawd > 0.500 & rawben_rel_max > 0.991","ranger",458,0.98908,0.97774,255,251,0.9843,0.0113,0.0017,1.06,0.0772,0.9846,3.5
"1","children_i <=    0.50000 & shelter_expenses_by_hh_size <= 2120.00000 & unc_rawben_rel_max <=   -0.00915 & utilities >    8.00000","ranger",3175,0.98205,0.97774,1464,1433,0.9788,0.0645,0.0234,6.084,0.0772,0.9846,3.5
"1","elderly_disabled_i <= 0.500 & rawben_rel_max > 0.991 & shelter_expenses_by_hh_size <= 5.500 & unc_rawben_rel_max <= 1.970","ranger",8318,0.9804,0.97774,4423,4320,0.9767,0.1943,0.085,18.381,0.0772,0.9846,3.5
"1","homeless <    1.000 & rawben_rel_max <    0.992 & total_deductions_by_hh_size < 1200.000 & unc_rawben_rel_max <   -0.076","xgboost",3374,0.98192,0.97774,1523,1494,0.981,0.0672,0.0231,6.329,0.0772,0.9846,3.5
"1","cat_elig <= 0.50 & unc_rawben_rel_max > 1.02 & unc_rawben_rel_max <= 1.93","ranger",2271,0.98283,0.97773,1196,1168,0.9766,0.0525,0.0195,4.97,0.0772,0.9846,3.5
"1","homeless <=   0.500 & percent_abawd >   0.750 & rawben_rel_max >   0.815 & total_deductions_by_hh_size <= 400.000","ranger",2271,0.98283,0.97773,1317,1281,0.9727,0.0576,0.028,5.473,0.0772,0.9846,3.5
"1","elderly_disabled_i <= 0.500 & homeless > 0.500 & rawben_rel_max > 0.991 & unc_rawben_rel_max <= 1.220","ranger",2522,0.98255,0.97772,1253,1234,0.9848,0.0555,0.0165,5.207,0.0772,0.9846,3.5
"1","elderly_disabled_i <=  0.500 & rawben_rel_max >  0.991 & total_deductions_by_hh_size <= 28.900 & utilities <=  9.500","ranger",8162,0.9804,0.97771,4346,4242,0.9761,0.1908,0.0854,18.061,0.0772,0.9846,3.5
"1","elderly_disabled_i >   0.5 & shelter_expenses_by_hh_size > 376.0 & total_deductions_by_hh_size <=   8.8","ranger",802,0.98628,0.97771,392,386,0.9847,0.0174,0.0029,1.629,0.0772,0.9846,3.5
"1","cat_elig <= 0.500 & medical_deductions <= 3.500 & unc_rawben_rel_max > 0.991 & unc_rawben_rel_max <= 2.150","ranger",2267,0.9828,0.97769,1193,1165,0.9765,0.0524,0.0192,4.958,0.0772,0.9846,3.5
"1","expedited_i > 0.500 & married <= 0.500 & rawben_rel_max > 0.804 & total_deductions_by_hh_size <= 2.800","ranger",3758,0.98164,0.97767,1868,1833,0.9813,0.0825,0.0297,7.763,0.0772,0.9846,3.5
"1","elderly_disabled_i <= 0.500 & rawben_rel_max > 0.976 & shelter_expenses_by_hh_size <= 5.500","ranger",8332,0.98032,0.97765,4448,4345,0.9768,0.1955,0.085,18.485,0.0772,0.9846,3.5
"1","cat_elig <=   0.50 & medical_deductions <= 144.00 & unc_rawben_rel_max >   1.04 & unc_rawben_rel_max <=   1.95","ranger",2211,0.98281,0.97764,1166,1138,0.976,0.0512,0.0195,4.846,0.0772,0.9846,3.5
"1","elderly_disabled_i <=    0.500 & rawben_rel_max >    0.991 & shelter_expenses_by_hh_size <=   14.500 & total_deductions_by_hh_size <= 2930.000","ranger",8328,0.98031,0.97764,4428,4325,0.9767,0.1946,0.085,18.402,0.0772,0.9846,3.5
"1","rawben_rel_max <    0.481 & shelter_expenses_by_hh_size >=  405.000 & shelter_expenses_by_hh_size < 1390.000 & unc_rawben_rel_max <   -0.304","xgboost",1337,0.98429,0.97764,608,597,0.9819,0.0269,0.0114,2.527,0.0772,0.9846,3.5
"1","cat_elig <=   0.5 & percent_abawd <=   0.5 & total_deductions_by_hh_size <= 142.0","ranger",2109,0.98293,0.97763,1064,1038,0.9756,0.0467,0.0159,4.422,0.0772,0.9846,3.5
"1","months_since_cert_n <    4.000 & percent_abawd <    0.500 & shelter_expenses_by_hh_size < 1970.000 & unc_rawben_rel_max <   -0.016","xgboost",1071,0.98506,0.97763,453,448,0.989,0.0202,0.004,1.883,0.0772,0.9846,3.5
"1","cat_elig <= 0.500 & expedited_i > 0.500 & rawben_rel_max > 0.998 & unc_rawben_rel_max <= 1.960","ranger",1017,0.98525,0.97762,513,501,0.9766,0.0225,0.0088,2.132,0.0772,0.9846,3.4
"1","homeless <=  0.5000 & rawben_rel_max <=  0.2790 & shelter_expenses_by_hh_size >  5.5000 & unc_rawben_rel_max <= -0.0406","ranger",3405,0.98179,0.97762,1545,1513,0.9793,0.0681,0.0248,6.421,0.0772,0.9846,3.4
"1","count_divisible_by_100 <  1.00 & months_since_cert_n < 10.00 & total_deductions_by_hh_size <  9.00 & unc_rawben_rel_max >=  1.09","xgboost",7650,0.98039,0.97761,4016,3918,0.9756,0.1763,0.0782,16.69,0.0772,0.9846,3.4
"1","elderly_disabled_i <=  0.500 & total_deductions_by_hh_size <= 14.800 & unc_rawben_rel_max >  0.991","ranger",8030,0.98032,0.97761,4276,4173,0.9759,0.1877,0.085,17.77,0.0772,0.9846,3.4
"1","elderly_disabled_i <= 0.500 & shelter_expenses_by_hh_size <= 1.500 & unc_rawben_rel_max > 0.991","ranger",8317,0.98028,0.97761,4424,4321,0.9767,0.1944,0.085,18.385,0.0772,0.9846,3.4
"1","elderly_disabled_i <=  0.500 & rawben_rel_max >  0.991 & total_deductions_by_hh_size <= 14.500 & unc_rawben_rel_max <=  1.950","ranger",8029,0.98032,0.9776,4276,4173,0.9759,0.1877,0.085,17.77,0.0772,0.9846,3.4
"1","percent_abawd <   0.500 & total_deductions_by_hh_size < 452.000 & unc_rawben_rel_max <  -0.495 & utilities >= 366.000","xgboost",455,0.98901,0.9776,225,222,0.9867,0.01,0.0027,0.935,0.0772,0.9846,3.4
"1","elderly_disabled_i <= 0.5 & expedited_i > 0.5 & months_since_cert_n <= 5.5 & utilities <= 9.5","ranger",3104,0.98196,0.97759,1501,1469,0.9787,0.0661,0.0248,6.238,0.0772,0.9846,3.4
"1","cat_elig <=  0.500 & homeless <=  0.500 & rawben_rel_max >  0.991 & shelter_expenses_by_hh_size <= 55.500","ranger",1228,0.98453,0.97758,671,658,0.9806,0.0296,0.0086,2.789,0.0772,0.9846,3.4
"1","cat_elig <=  1.50000 & homeless <=  0.50000 & shelter_expenses_by_hh_size >  5.50000 & unc_rawben_rel_max <= -0.00915","ranger",2305,0.98265,0.97757,1615,1577,0.9765,0.0709,0.0281,6.712,0.0772,0.9846,3.4
"1","months_since_cert_n <= 5.500 & rawben_rel_max > 0.991 & shelter_expenses_by_hh_size <= 5.500 & unc_rawben_rel_max <= 1.690","ranger",6685,0.98055,0.97757,3500,3425,0.9786,0.1541,0.0571,14.545,0.0772,0.9846,3.4
"1","elderly_disabled_i >  0.500 & rawben_rel_max <=  0.273 & total_deductions_by_hh_size <=  8.500 & utilities <= 30.500","ranger",1745,0.98338,0.97755,773,764,0.9884,0.0344,0.0057,3.212,0.0772,0.9846,3.4
"1","expedited_i <=   0.50000 & homeless <=   0.50000 & shelter_expenses_by_hh_size <= 552.00000 & unc_rawben_rel_max <=  -0.00915","ranger",1694,0.98347,0.97755,724,714,0.9862,0.0321,0.0064,3.009,0.0772,0.9846,3.4
"1","unc_rawben_rel_max >=  -0.184 & unc_rawben_rel_max <  -0.016 & utilities >= 201.000","xgboost",960,0.98542,0.97755,470,460,0.9787,0.0207,0.0069,1.953,0.0772,0.9846,3.4
"1","elderly_disabled_i <=  0.500 & rawben_rel_max >  0.991 & total_deductions_by_hh_size <= 17.800","ranger",8054,0.98026,0.97754,4287,4184,0.976,0.1882,0.085,17.816,0.0772,0.9846,3.4
"1","elderly_disabled_i <= 0.500 & rawben_rel_max > 0.947 & shelter_expenses_by_hh_size <= 5.500 & total_deductions_by_hh_size <= 8.800","ranger",8007,0.98027,0.97754,4276,4173,0.9759,0.1877,0.085,17.77,0.0772,0.9846,3.4
"1","expedited_i >  0.500 & rawben_rel_max >  0.991 & total_deductions_by_hh_size <= 40.500","ranger",3931,0.98143,0.97754,1938,1903,0.9819,0.0856,0.0293,8.054,0.0772,0.9846,3.4
"1","elderly_disabled_i <=   0.500 & rawben_rel_max >   0.991 & shelter_expenses_by_hh_size <= 241.000 & utilities <=   9.500","ranger",8522,0.98017,0.97753,4531,4424,0.9764,0.199,0.0869,18.83,0.0772,0.9846,3.4
"1","elderly_disabled_i <=  0.500 & expedited_i >  0.500 & unc_rawben_rel_max >  0.802 & utilities <= 36.000","ranger",3929,0.98142,0.97753,1937,1892,0.9768,0.0851,0.0381,8.05,0.0772,0.9846,3.4
"1","expedited_i <   1.0000 & medical_deductions >=  19.0000 & rawben_rel_max <   0.0893 & total_deductions_by_hh_size < 982.0000","xgboost",1119,0.98481,0.97752,503,495,0.9841,0.0223,0.0048,2.09,0.0772,0.9846,3.4
"1","rawben_rel_max <  0.1580 & total_deductions_by_hh_size < 40.0000 & unc_rawben_rel_max <  0.0378","xgboost",1692,0.98345,0.97752,786,772,0.9822,0.0347,0.0085,3.266,0.0772,0.9846,3.4
"1","homeless <=  0.50000 & married <=  0.50000 & shelter_expenses_by_hh_size > 18.50000 & unc_rawben_rel_max <= -0.00915","ranger",3633,0.98156,0.97751,1677,1640,0.9779,0.0738,0.0278,6.969,0.0772,0.9846,3.4
"1","months_since_cert_n >=    7.000 & total_deductions_by_hh_size < 1200.000 & unc_rawben_rel_max <   -0.016","xgboost",1996,0.98297,0.97751,991,966,0.9748,0.0435,0.0201,4.118,0.0772,0.9846,3.4
"1","cat_elig >=  1.000 & expedited_i <  1.000 & unc_rawben_rel_max < -0.056","xgboost",3287,0.98175,0.97749,1526,1496,0.9803,0.0673,0.0234,6.342,0.0772,0.9846,3.4
"1","elderly_disabled_i <=  0.50 & shelter_expenses_by_hh_size <= 32.50 & unc_rawben_rel_max >  0.98 & utilities <=  9.50","ranger",8365,0.98016,0.97749,4465,4361,0.9767,0.1962,0.0854,18.555,0.0772,0.9846,3.4
"1","medical_deductions <= 100.00 & months_since_cert_n <=   4.50 & shelter_expenses_by_hh_size <=   5.50 & unc_rawben_rel_max >   1.02","ranger",5801,0.98069,0.97749,3059,2996,0.9794,0.1348,0.0485,12.712,0.0772,0.9846,3.4
"1","percent_abawd <=  0.25000 & unc_rawben_rel_max <= -0.00915 & utilities >  8.00000","ranger",3090,0.98188,0.97749,1423,1392,0.9782,0.0626,0.0229,5.914,0.0772,0.9846,3.4
"1","married <=  0.500 & months_since_cert_n <=  4.500 & total_deductions_by_hh_size <= 18.800 & unc_rawben_rel_max >  0.995","ranger",5649,0.9807,0.97746,2981,2919,0.9792,0.1313,0.0476,12.388,0.0772,0.9846,3.4
"1","expedited_i >= 1.000 & rawben_rel_max >= 0.948 & total_deductions_by_hh_size < 9.000","xgboost",3768,0.98142,0.97744,1873,1840,0.9824,0.0828,0.0284,7.784,0.0772,0.9846,3.4
"1","elderly_disabled_i <= 0.500 & rawben_rel_max > 0.976 & total_deductions_by_hh_size <= 2.800 & unc_rawben_rel_max > 0.804","ranger",7909,0.98015,0.9774,4235,4132,0.9757,0.1859,0.085,17.6,0.0772,0.9846,3.4
"1","months_since_cert_n <= 5.500 & rawben_rel_max > 0.947 & shelter_expenses_by_hh_size <= 5.500","ranger",6729,0.98038,0.9774,3530,3455,0.9788,0.1554,0.0571,14.67,0.0772,0.9846,3.4
"1","cat_elig <   1 & elderly_disabled_i <   1 & utilities < 281","xgboost",1885,0.98302,0.97739,951,933,0.9811,0.042,0.01,3.952,0.0772,0.9846,3.4
"1","cat_elig <   1.00 & total_deductions_by_hh_size < 710.00 & unc_rawben_rel_max >=   1.02","xgboost",2136,0.98268,0.97739,1129,1102,0.9761,0.0496,0.0191,4.692,0.0772,0.9846,3.4
"1","expedited_i >  0.50 & homeless >  0.50 & total_deductions_by_hh_size <= 32.60 & unc_rawben_rel_max >  1.02","ranger",1372,0.98397,0.97736,650,636,0.9785,0.0286,0.0117,2.701,0.0772,0.9846,3.4
"1","expedited_i >  0.500 & medical_deductions <= 73.000 & rawben_rel_max >  0.947 & shelter_expenses_by_hh_size <= 14.000","ranger",3948,0.98126,0.97736,1943,1909,0.9825,0.0859,0.0294,8.075,0.0772,0.9846,3.4
"1","expedited_i > 0.500 & unc_rawben_rel_max > 0.991 & unc_rawben_rel_max <= 1.230","ranger",4238,0.98112,0.97736,2132,2090,0.9803,0.094,0.0326,8.86,0.0772,0.9846,3.4
"1","count_divisible_by_100 <= 1.500 & elderly_disabled_i <= 0.500 & rawben_rel_max > 0.802 & total_deductions_by_hh_size <= 2.800","ranger",8032,0.98008,0.97735,4283,4181,0.9762,0.1881,0.0846,17.799,0.0772,0.9846,3.4
"1","count_divisible_by_100 <= 1.500 & rawben_rel_max > 0.976 & total_deductions_by_hh_size <= 2.800 & unc_rawben_rel_max <= 1.180","ranger",450,0.98889,0.97735,267,266,0.9963,0.012,9e-04,1.11,0.0772,0.9846,3.4
"1","cat_elig < 1 & homeless >= 1","xgboost",566,0.98763,0.97734,266,262,0.985,0.0118,0.0023,1.105,0.0772,0.9846,3.4
"1","elderly_disabled_i <=  0.500 & shelter_expenses_by_hh_size <= 14.500 & unc_rawben_rel_max >  0.967","ranger",8359,0.98002,0.97734,4454,4351,0.9769,0.1957,0.085,18.51,0.0772,0.9846,3.4
"1","cat_elig <=   0.5 & count_divisible_by_100 <=   0.5 & total_deductions_by_hh_size <= 180.0","ranger",2577,0.98215,0.97733,1356,1326,0.9779,0.0597,0.0169,5.635,0.0772,0.9846,3.4
"1","expedited_i <   1.000 & total_deductions_by_hh_size >=   9.000 & total_deductions_by_hh_size < 372.000 & unc_rawben_rel_max <  -0.004","xgboost",1779,0.98314,0.97733,842,828,0.9834,0.0373,0.0093,3.499,0.0772,0.9846,3.4
"1","cat_elig <= 0.500 & children_i <= 0.500 & percent_abawd > 0.500 & rawben_rel_max > 0.998","ranger",508,0.98819,0.97732,301,297,0.9867,0.0134,0.0017,1.251,0.0772,0.9846,3.4
"1","elderly_disabled_i <= 0.500 & rawben_rel_max > 0.989 & unc_rawben_rel_max <= 1.780 & utilities <= 8.000","ranger",8772,0.97994,0.97732,4668,4559,0.9766,0.2051,0.0887,19.399,0.0772,0.9846,3.4
"1","cat_elig <= 0.5 & elderly_disabled_i <= 0.5 & homeless <= 0.5 & unc_rawben_rel_max > 1.0","ranger",1472,0.9837,0.97731,804,790,0.9826,0.0355,0.0091,3.341,0.0772,0.9846,3.4
"1","expedited_i >  0.500 & married <=  0.500 & shelter_expenses_by_hh_size <= 14.000 & unc_rawben_rel_max >  0.943","ranger",3939,0.98121,0.97731,1938,1904,0.9825,0.0857,0.0294,8.054,0.0772,0.9846,3.4
"1","cat_elig <= 0.50 & homeless > 0.50 & unc_rawben_rel_max <= 1.96","ranger",565,0.98761,0.9773,266,262,0.985,0.0118,0.0023,1.105,0.0772,0.9846,3.4
"1","months_since_cert_n <= 4.500 & rawben_rel_max > 0.947 & shelter_expenses_by_hh_size <= 5.500 & unc_rawben_rel_max > 0.837","ranger",5894,0.98049,0.9773,3117,3054,0.9798,0.1374,0.0485,12.953,0.0772,0.9846,3.4
"1","count_divisible_by_100 <=  1.500 & expedited_i >  0.500 & rawben_rel_max >  0.991 & shelter_expenses_by_hh_size <= 14.000","ranger",3936,0.9812,0.97729,1933,1898,0.9819,0.0854,0.0303,8.033,0.0772,0.9846,3.4
"1","elderly_disabled_i <=  0.500 & rawben_rel_max >  0.942 & shelter_expenses_by_hh_size <= 13.000","ranger",8387,0.97997,0.97729,4471,4368,0.977,0.1965,0.085,18.58,0.0772,0.9846,3.4
"1","homeless >  0.500 & percent_abawd <=  0.500 & total_deductions_by_hh_size <= 32.800 & unc_rawben_rel_max >  0.991","ranger",2077,0.98267,0.97729,891,875,0.982,0.0394,0.0122,3.703,0.0772,0.9846,3.4
"1","medical_deductions >  92.500 & percent_abawd <=   0.500 & total_deductions_by_hh_size <= 296.000 & unc_rawben_rel_max <=   0.384","ranger",677,0.98671,0.97729,330,318,0.9636,0.0143,0.0061,1.371,0.0772,0.9846,3.4
"1","percent_abawd <    0.500 & shelter_expenses_by_hh_size >=  305.000 & shelter_expenses_by_hh_size < 1710.000 & unc_rawben_rel_max <   -0.004","xgboost",3306,0.98155,0.97729,1539,1507,0.9792,0.0678,0.0228,6.396,0.0772,0.9846,3.4
"1","cat_elig <  1.000 & months_since_cert_n >=  3.000 & unc_rawben_rel_max >= -0.212 & unc_rawben_rel_max <  0.000","xgboost",263,0.9924,0.97728,127,124,0.9764,0.0056,0.0016,0.528,0.0772,0.9846,3.4
"1","count_divisible_by_100 <=  0.50 & expedited_i >  0.50 & shelter_expenses_by_hh_size <= 14.50 & unc_rawben_rel_max >  1.02","ranger",3838,0.98124,0.97728,1895,1860,0.9815,0.0837,0.0303,7.875,0.0772,0.9846,3.4
"1","children_i <=  0.500 & count_divisible_by_100 <=  0.500 & total_deductions_by_hh_size <= 17.800 & unc_rawben_rel_max >  0.991","ranger",8794,0.97987,0.97726,4687,4578,0.9767,0.206,0.0873,19.478,0.0772,0.9846,3.4
"1","expedited_i > 0.500 & rawben_rel_max > 0.991 & shelter_expenses_by_hh_size <= 5.500 & unc_rawben_rel_max <= 1.690","ranger",3929,0.98117,0.97725,1931,1896,0.9819,0.0853,0.0303,8.025,0.0772,0.9846,3.4
"1","medical_deductions <  3.0000 & total_deductions_by_hh_size < 40.0000 & unc_rawben_rel_max <  0.0378","xgboost",1671,0.98324,0.97724,781,767,0.9821,0.0345,0.0085,3.246,0.0772,0.9846,3.4
"1","cat_elig <=  1.50 & homeless >  0.50 & percent_abawd <=  0.25 & total_deductions_by_hh_size <= 53.10","ranger",1467,0.98364,0.97723,1029,1006,0.9776,0.0453,0.0164,4.276,0.0772,0.9846,3.4
"1","medical_deductions >= 137.0000 & rawben_rel_max <   0.0893 & shelter_expenses_by_hh_size < 906.0000","xgboost",388,0.98969,0.97723,140,138,0.9857,0.0062,0.001,0.582,0.0772,0.9846,3.4
"1","cat_elig <=  0.5 & homeless >  0.5 & months_since_cert_n <= 23.5","ranger",563,0.98757,0.97722,265,261,0.9849,0.0117,0.0023,1.101,0.0772,0.9846,3.4
"1","months_since_cert_n <  24 & shelter_expenses_by_hh_size >= 305 & total_deductions_by_hh_size <   9","xgboost",1415,0.98375,0.97722,754,731,0.9695,0.0329,0.0121,3.133,0.0772,0.9846,3.4
"1","cat_elig <=  0.500 & medical_deductions <= 96.200 & rawben_rel_max >  0.991 & unc_rawben_rel_max <=  2.150","ranger",2268,0.98236,0.97721,1193,1165,0.9765,0.0524,0.0192,4.958,0.0772,0.9846,3.4
"1","elderly_disabled_i <= 0.500 & total_deductions_by_hh_size <= 2.800 & unc_rawben_rel_max > 0.804","ranger",8030,0.97995,0.97721,4287,4182,0.9755,0.1881,0.0864,17.816,0.0772,0.9846,3.4
"1","months_since_cert_n >= 1.00 & months_since_cert_n < 8.00 & total_deductions_by_hh_size < 9.00 & unc_rawben_rel_max >= 1.02","xgboost",6245,0.9803,0.9772,3278,3199,0.9759,0.1439,0.0593,13.623,0.0772,0.9846,3.4
"1","rawben_rel_max >=  0.080 & unc_rawben_rel_max < -0.056","xgboost",1969,0.98273,0.9772,1677,1637,0.9761,0.0736,0.0325,6.969,0.0772,0.9846,3.4
"1","cat_elig <= 0.50 & count_divisible_by_100 <= 0.50 & unc_rawben_rel_max > 1.02","ranger",2217,0.98241,0.97719,1144,1115,0.9747,0.0502,0.0205,4.754,0.0772,0.9846,3.4
"1","cat_elig <= 0.500 & rawben_rel_max > 0.991 & unc_rawben_rel_max <= 2.150","ranger",2316,0.9823,0.97719,1219,1190,0.9762,0.0535,0.0201,5.066,0.0772,0.9846,3.4
"1","cat_elig >  0.50000 & expedited_i <=  0.50000 & unc_rawben_rel_max <= -0.00915 & utilities > 30.50000","ranger",2758,0.98187,0.97719,1302,1274,0.9785,0.0573,0.0205,5.411,0.0772,0.9846,3.4
"1","elderly_disabled_i <= 0.500 & married <= 0.500 & rawben_rel_max > 0.856 & shelter_expenses_by_hh_size <= 5.500","ranger",8444,0.97987,0.97719,4490,4387,0.9771,0.1974,0.0841,18.659,0.0772,0.9846,3.4
"1","elderly_disabled_i <=   0.500 & total_deductions_by_hh_size <= 596.000 & unc_rawben_rel_max >   0.991 & utilities <=  14.500","ranger",8716,0.97981,0.97718,4619,4510,0.9764,0.2029,0.0887,19.195,0.0772,0.9846,3.4
"1","elderly_disabled_i <=  0.500 & shelter_expenses_by_hh_size <= 13.000 & unc_rawben_rel_max >  0.941","ranger",8390,0.97986,0.97717,4471,4368,0.977,0.1965,0.085,18.58,0.0772,0.9846,3.4
"1","elderly_disabled_i <=  0.5 & expedited_i >  0.5 & medical_deductions <=  0.5 & total_deductions_by_hh_size <= 40.8","ranger",3673,0.98121,0.97716,1812,1774,0.979,0.0798,0.0311,7.53,0.0772,0.9846,3.4
"1","count_divisible_by_100 <= 1.500 & months_since_cert_n <= 5.500 & rawben_rel_max > 0.947 & total_deductions_by_hh_size <= 7.800","ranger",6420,0.98022,0.97715,3366,3293,0.9783,0.1481,0.0558,13.988,0.0772,0.9846,3.4
"1","elderly_disabled_i <= 0.500 & rawben_rel_max > 0.908 & shelter_expenses_by_hh_size <= 5.500","ranger",8422,0.97981,0.97714,4486,4383,0.977,0.1972,0.085,18.643,0.0772,0.9846,3.4
"1","cat_elig <=   0.50 & medical_deductions <= 108.00 & unc_rawben_rel_max >   1.08 & unc_rawben_rel_max <=   2.15","ranger",2161,0.98242,0.97713,1140,1113,0.9763,0.0501,0.0186,4.738,0.0772,0.9846,3.4
"1","homeless <= 0.500 & percent_abawd > 0.750 & rawben_rel_max > 0.186 & total_deductions_by_hh_size <= 8.900","ranger",1913,0.98275,0.97713,1114,1082,0.9713,0.0487,0.0256,4.63,0.0772,0.9846,3.4
"1","count_divisible_by_100 <=  1.500 & expedited_i >  0.500 & rawben_rel_max >  0.947 & shelter_expenses_by_hh_size <= 18.500","ranger",3954,0.98103,0.97712,1945,1910,0.982,0.0859,0.0303,8.083,0.0772,0.9846,3.4
"1","elderly_disabled_i <= 0.50 & expedited_i > 0.50 & rawben_rel_max > 0.68 & shelter_expenses_by_hh_size <= 5.00","ranger",3666,0.98118,0.97712,1806,1769,0.9795,0.0796,0.0314,7.505,0.0772,0.9846,3.4
"1","expedited_i >  0.500 & rawben_rel_max >  0.947 & shelter_expenses_by_hh_size <= 13.000","ranger",3952,0.98102,0.97711,1944,1909,0.982,0.0859,0.0303,8.079,0.0772,0.9846,3.4
"1","expedited_i >  0.500 & rawben_rel_max >  0.998 & shelter_expenses_by_hh_size <= 14.000 & total_deductions_by_hh_size <=  0.100","ranger",3713,0.98115,0.97711,1843,1810,0.9821,0.0814,0.0284,7.659,0.0772,0.9846,3.4
"1","homeless <=   0.5 & shelter_expenses_by_hh_size > 324.0 & total_deductions_by_hh_size <=   7.8","ranger",1305,0.98391,0.9771,663,649,0.9789,0.0292,0.0074,2.755,0.0772,0.9846,3.4
"1","shelter_expenses_by_hh_size > 316.00 & total_deductions_by_hh_size <=   7.80 & unc_rawben_rel_max >  -3.78 & unc_rawben_rel_max <=   1.96","ranger",1405,0.98363,0.97706,705,687,0.9745,0.0309,0.0094,2.93,0.0772,0.9846,3.4
"1","cat_elig <= 0.500 & count_divisible_by_100 <= 1.500 & rawben_rel_max > 0.991 & unc_rawben_rel_max <= 1.930","ranger",2301,0.98218,0.97705,1211,1182,0.9761,0.0532,0.0201,5.033,0.0772,0.9846,3.4
"1","children_i <  1.00 & months_since_cert_n < 20.00 & total_deductions_by_hh_size <  9.00 & unc_rawben_rel_max >=  1.21","xgboost",3798,0.98104,0.97705,45,44,0.9778,0.002,0.001,0.187,0.0772,0.9846,3.4
"1","months_since_cert_n <=   5.500 & rawben_rel_max >   0.991 & total_deductions_by_hh_size <= 136.000 & utilities <=  30.500","ranger",6813,0.98004,0.97705,3573,3496,0.9784,0.1573,0.0584,14.849,0.0772,0.9846,3.4
"1","months_since_cert_n >=   2 & months_since_cert_n <  24 & shelter_expenses_by_hh_size >= 305 & total_deductions_by_hh_size <   9","xgboost",1250,0.984,0.97703,680,661,0.9721,0.0297,0.0091,2.826,0.0772,0.9846,3.4
"1","expedited_i >  0.500 & months_since_cert_n <= 36.000 & rawben_rel_max >  0.796 & total_deductions_by_hh_size <= 40.800","ranger",3985,0.98093,0.97702,1972,1932,0.9797,0.0869,0.0332,8.195,0.0772,0.9846,3.4
"1","cat_elig <=  0.500 & children_i <=  0.500 & months_since_cert_n <= 26.500 & rawben_rel_max >  0.991","ranger",2248,0.98221,0.97701,1174,1150,0.9796,0.0517,0.0174,4.879,0.0772,0.9846,3.4
"1","count_divisible_by_100 <= 0.500 & percent_abawd > 0.750 & shelter_expenses_by_hh_size <= 5.500 & unc_rawben_rel_max > 0.943","ranger",2590,0.98185,0.97701,1570,1529,0.9739,0.0688,0.0345,6.525,0.0772,0.9846,3.4
"1","elderly_disabled_i >   0.5000 & total_deductions_by_hh_size <= 184.0000 & unc_rawben_rel_max <=   0.0887","ranger",2881,0.9816,0.97701,1375,1345,0.9782,0.0605,0.0156,5.714,0.0772,0.9846,3.4
"1","medical_deductions <= 132.00 & months_since_cert_n <=  10.50 & shelter_expenses_by_hh_size <=   5.50 & unc_rawben_rel_max >   1.02","ranger",8467,0.97969,0.97701,4463,4356,0.976,0.196,0.0853,18.547,0.0772,0.9846,3.4
"1","percent_abawd >  0.750 & rawben_rel_max >  0.798 & total_deductions_by_hh_size <= 61.200 & unc_rawben_rel_max <=  1.230","ranger",2638,0.9818,0.977,1589,1549,0.9748,0.0697,0.0335,6.603,0.0772,0.9846,3.4
"1","elderly_disabled_i <= 0.500 & homeless > 0.500 & unc_rawben_rel_max > 0.982 & utilities <= 9.500","ranger",2685,0.98175,0.97699,1290,1271,0.9853,0.0572,0.0165,5.361,0.0772,0.9846,3.4
"1","expedited_i > 0.500 & shelter_expenses_by_hh_size <= 2.500 & unc_rawben_rel_max > 0.991","ranger",3932,0.98093,0.97699,1933,1898,0.9819,0.0854,0.0303,8.033,0.0772,0.9846,3.4
"1","percent_abawd > 0.750 & rawben_rel_max > 0.943 & shelter_expenses_by_hh_size <= 5.500 & unc_rawben_rel_max <= 1.560","ranger",2636,0.98179,0.97699,1588,1547,0.9742,0.0696,0.0345,6.599,0.0772,0.9846,3.4
"1","cat_elig <   1 & children_i <   1 & total_deductions_by_hh_size < 228","xgboost",2732,0.9817,0.97698,1430,1400,0.979,0.063,0.0147,5.943,0.0772,0.9846,3.4
"1","children_i <=  0.500 & elderly_disabled_i <=  0.500 & unc_rawben_rel_max >  0.991 & utilities <= 12.500","ranger",8683,0.97962,0.97697,4619,4514,0.9773,0.2031,0.0852,19.195,0.0772,0.9846,3.4
"1","medical_deductions >= 135.0000 & rawben_rel_max <   0.0928 & utilities < 585.0000","xgboost",722,0.98615,0.97697,222,219,0.9865,0.0099,9e-04,0.923,0.0772,0.9846,3.4
"1","months_since_cert_n <   25.000 & shelter_expenses_by_hh_size < 1000.000 & total_deductions_by_hh_size <  888.000 & unc_rawben_rel_max <   -0.016","xgboost",3116,0.98139,0.97697,1416,1389,0.9809,0.0625,0.0205,5.885,0.0772,0.9846,3.4
"1","cat_elig <= 0.5 & children_i <= 0.5 & count_divisible_by_100 <= 0.5 & elderly_disabled_i <= 0.5","ranger",2045,0.9824,0.97694,1050,1030,0.981,0.0463,0.01,4.364,0.0772,0.9846,3.3
"1","homeless <=  0.5000 & rawben_rel_max <=  0.2180 & unc_rawben_rel_max <= -0.0443 & utilities >  5.0000","ranger",2920,0.98151,0.97694,1327,1302,0.9812,0.0586,0.0199,5.515,0.0772,0.9846,3.3
"1","shelter_expenses_by_hh_size <= 2140.0000 & unc_rawben_rel_max <=   -0.0149 & utilities >   29.5000","ranger",3065,0.9814,0.97694,1412,1380,0.9773,0.0621,0.0246,5.868,0.0772,0.9846,3.3
"1","expedited_i >  0.5 & married <=  0.5 & months_since_cert_n <=  4.5 & shelter_expenses_by_hh_size <= 72.0","ranger",2870,0.98153,0.97692,1386,1360,0.9812,0.0612,0.0187,5.76,0.0772,0.9846,3.3
"1","elderly_disabled_i <= 0.500 & months_since_cert_n <= 4.500 & rawben_rel_max > 0.991 & utilities <= 9.500","ranger",5887,0.98013,0.97691,3097,3033,0.9793,0.1364,0.0505,12.87,0.0772,0.9846,3.3
"1","percent_abawd >   0.750 & rawben_rel_max >   0.991 & shelter_expenses_by_hh_size <=  16.500 & total_deductions_by_hh_size <= 488.000","ranger",2626,0.98172,0.9769,1581,1540,0.9741,0.0693,0.0345,6.57,0.0772,0.9846,3.3
"1","elderly_disabled_i <   1.00 & rawben_rel_max >=   0.88 & shelter_expenses_by_hh_size < 300.00 & total_deductions_by_hh_size <   4.40","xgboost",8011,0.97965,0.97689,4279,4174,0.9755,0.1878,0.0864,17.782,0.0772,0.9846,3.3
"1","children_i <= 0.500 & shelter_expenses_by_hh_size <= 5.500 & unc_rawben_rel_max > 0.971 & unc_rawben_rel_max <= 1.280","ranger",9017,0.97948,0.97688,4852,4739,0.9767,0.2132,0.0903,20.164,0.0772,0.9846,3.3
"1","months_since_cert_n <   3.00 & total_deductions_by_hh_size < 198.00 & unc_rawben_rel_max >=   1.15 & unc_rawben_rel_max <   1.24","xgboost",3391,0.98113,0.97688,1821,1781,0.978,0.0801,0.0323,7.568,0.0772,0.9846,3.3
"1","cat_elig <=  0.500 & expedited_i <=  0.500 & rawben_rel_max >  0.991 & total_deductions_by_hh_size <= 17.800","ranger",879,0.98521,0.97687,474,464,0.9789,0.0209,0.0071,1.97,0.0772,0.9846,3.3
"1","children_i <   1.00 & total_deductions_by_hh_size < 194.00 & unc_rawben_rel_max >=   1.02 & unc_rawben_rel_max <   1.23","xgboost",9152,0.97946,0.97687,4920,4805,0.9766,0.2162,0.0911,20.446,0.0772,0.9846,3.3
"1","children_i <=  0.500 & rawben_rel_max >  0.976 & shelter_expenses_by_hh_size <=  5.500 & total_deductions_by_hh_size <= 60.300","ranger",9151,0.97946,0.97687,4884,4771,0.9769,0.2146,0.0903,20.297,0.0772,0.9846,3.3
"1","months_since_cert_n <= 4.500 & shelter_expenses_by_hh_size <= 5.500 & unc_rawben_rel_max > 0.837","ranger",5972,0.98007,0.97687,3162,3099,0.9801,0.1394,0.0485,13.141,0.0772,0.9846,3.3
"1","months_since_cert_n >=  5.0000 & rawben_rel_max <  0.0840 & unc_rawben_rel_max < -0.0344 & utilities >= 48.0000","xgboost",1793,0.98271,0.97687,870,847,0.9736,0.0381,0.019,3.616,0.0772,0.9846,3.3
"1","elderly_disabled_i <= 0.500 & homeless > 0.500 & rawben_rel_max > 0.991 & utilities <= 9.500","ranger",2670,0.98165,0.97686,1280,1261,0.9852,0.0567,0.0165,5.319,0.0772,0.9846,3.3
"1","elderly_disabled_i <=   0.500 & rawben_rel_max >   0.952 & shelter_expenses_by_hh_size <= 516.000 & utilities <=  14.500","ranger",8776,0.97949,0.97685,4664,4555,0.9766,0.2049,0.0887,19.382,0.0772,0.9846,3.3
"1","percent_abawd >  0.750 & rawben_rel_max >  0.798 & shelter_expenses_by_hh_size <= 15.500 & total_deductions_by_hh_size <=  8.900","ranger",2522,0.98176,0.97683,1518,1478,0.9736,0.0665,0.0335,6.308,0.0772,0.9846,3.3
"1","medical_deductions <= 132.000 & months_since_cert_n <=  10.500 & rawben_rel_max >   0.943 & shelter_expenses_by_hh_size <=   5.500","ranger",8620,0.97947,0.9768,4553,4446,0.9765,0.2,0.0853,18.921,0.0772,0.9846,3.3
"1","medical_deductions < 599.000 & unc_rawben_rel_max >=  -0.904 & unc_rawben_rel_max <  -0.004 & utilities < 789.000","xgboost",3614,0.98091,0.97679,1638,1606,0.9805,0.0723,0.0223,6.807,0.0772,0.9846,3.3
"1","months_since_cert_n <=  5.500 & total_deductions_by_hh_size <= 40.800 & unc_rawben_rel_max >  0.943 & utilities <= 32.000","ranger",6736,0.97981,0.97679,3528,3453,0.9787,0.1553,0.0565,14.662,0.0772,0.9846,3.3
"1","shelter_expenses_by_hh_size <= 2120.00000 & unc_rawben_rel_max <=   -0.00915 & utilities >    8.00000","ranger",3187,0.98117,0.97679,1473,1441,0.9783,0.0648,0.0242,6.121,0.0772,0.9846,3.3
"1","expedited_i >  0.500 & total_deductions_by_hh_size <= 57.200 & unc_rawben_rel_max >  0.947","ranger",4037,0.98068,0.97678,1991,1955,0.9819,0.088,0.0301,8.274,0.0772,0.9846,3.3
"1","cat_elig <= 0.50 & months_since_cert_n <= 5.50 & percent_abawd > 0.75 & total_deductions_by_hh_size <= 2.80","ranger",320,0.99062,0.97677,191,189,0.9895,0.0085,7e-04,0.794,0.0772,0.9846,3.3
"1","children_i <  1.000 & unc_rawben_rel_max >= -1.170 & unc_rawben_rel_max < -0.004","xgboost",3987,0.98069,0.97676,1827,1784,0.9765,0.0803,0.0313,7.593,0.0772,0.9846,3.3
"1","children_i <=    0.50000 & total_deductions_by_hh_size <= 1330.00000 & unc_rawben_rel_max <=   -0.00915 & utilities >    8.00000","ranger",3181,0.98114,0.97674,1467,1434,0.9775,0.0645,0.0251,6.096,0.0772,0.9846,3.3
"1","cat_elig <=   0.500 & medical_deductions <= 136.000 & rawben_rel_max >   0.991 & unc_rawben_rel_max <=   1.960","ranger",2270,0.98194,0.97673,1196,1167,0.9758,0.0525,0.0201,4.97,0.0772,0.9846,3.3
"1","children_i <=  0.500 & rawben_rel_max >  0.978 & total_deductions_by_hh_size <= 56.600 & utilities <=  9.500","ranger",9233,0.97931,0.97673,4934,4819,0.9767,0.2168,0.0916,20.505,0.0772,0.9846,3.3
"1","medical_deductions <= 122.000 & months_since_cert_n <=   7.500 & rawben_rel_max >   0.991 & shelter_expenses_by_hh_size <=  16.500","ranger",7539,0.97957,0.97672,3926,3836,0.9771,0.1726,0.0692,16.316,0.0772,0.9846,3.3
"1","months_since_cert_n <=  5.500 & shelter_expenses_by_hh_size <= 16.500 & unc_rawben_rel_max >  0.874","ranger",6806,0.97972,0.97672,3568,3492,0.9787,0.1571,0.0578,14.828,0.0772,0.9846,3.3
"1","cat_elig <= 0.500 & percent_abawd > 0.500 & rawben_rel_max > 0.971 & total_deductions_by_hh_size <= 8.900","ranger",379,0.98945,0.9767,234,232,0.9915,0.0104,7e-04,0.972,0.0772,0.9846,3.3
"1","children_i <=  0.500 & rawben_rel_max >  0.991 & total_deductions_by_hh_size <= 57.700 & utilities <= 14.500","ranger",9211,0.97926,0.97668,4905,4790,0.9766,0.2155,0.0916,20.384,0.0772,0.9846,3.3
"1","count_divisible_by_100 <=  1.500 & months_since_cert_n <= 10.500 & rawben_rel_max >  0.943 & shelter_expenses_by_hh_size <=  5.500","ranger",8623,0.97936,0.97668,4552,4445,0.9765,0.2,0.0861,18.917,0.0772,0.9846,3.3
"1","shelter_expenses_by_hh_size >= 405.0000 & unc_rawben_rel_max <  -0.0344 & utilities < 992.0000","xgboost",2791,0.98137,0.97667,1250,1223,0.9784,0.055,0.0208,5.195,0.0772,0.9846,3.3
"1","cat_elig <=  0.500 & expedited_i >  0.500 & unc_rawben_rel_max > -0.388 & unc_rawben_rel_max <=  1.540","ranger",975,0.98462,0.97666,493,483,0.9797,0.0217,0.0054,2.049,0.0772,0.9846,3.3
"1","children_i <=  0.500 & total_deductions_by_hh_size <= 55.500 & unc_rawben_rel_max >  0.991 & utilities <= 14.500","ranger",9206,0.97925,0.97666,4903,4788,0.9765,0.2154,0.0916,20.376,0.0772,0.9846,3.3
"1","expedited_i <    1.000 & shelter_expenses_by_hh_size < 1800.000 & unc_rawben_rel_max <   -0.004","xgboost",4017,0.98058,0.97666,1837,1800,0.9799,0.081,0.027,7.634,0.0772,0.9846,3.3
"1","expedited_i >  0.500 & rawben_rel_max >  0.991 & total_deductions_by_hh_size <= 57.500","ranger",4017,0.98058,0.97666,1979,1944,0.9823,0.0875,0.0293,8.224,0.0772,0.9846,3.3
"1","children_i <  1 & expedited_i >=  1 & months_since_cert_n < 17 & total_deductions_by_hh_size <  9","xgboost",3780,0.98069,0.97665,1895,1857,0.9799,0.0835,0.0305,7.875,0.0772,0.9846,3.3
"1","children_i <  1.000 & months_since_cert_n < 18.000 & rawben_rel_max >=  0.924 & total_deductions_by_hh_size <  9.000","xgboost",8610,0.97933,0.97665,4624,4516,0.9766,0.2032,0.0859,19.216,0.0772,0.9846,3.3
"1","percent_abawd >= 0.50 & unc_rawben_rel_max >= 1.29 & unc_rawben_rel_max < 1.67","xgboost",378,0.98942,0.97664,210,201,0.9571,0.009,0.0071,0.873,0.0772,0.9846,3.3
"1","children_i <= 0.500 & rawben_rel_max > 0.947 & shelter_expenses_by_hh_size <= 5.500 & unc_rawben_rel_max <= 1.290","ranger",9056,0.97924,0.97663,4865,4752,0.9768,0.2138,0.0903,20.218,0.0772,0.9846,3.3
"1","expedited_i <  1.000 & months_since_cert_n >=  1.000 & months_since_cert_n < 29.000 & unc_rawben_rel_max < -0.016","xgboost",3543,0.98081,0.97663,1661,1628,0.9801,0.0732,0.024,6.903,0.0772,0.9846,3.3
"1","months_since_cert_n >=   12 & utilities >= 1010","xgboost",189,0.99471,0.97663,225,221,0.9822,0.0099,0.002,0.935,0.0772,0.9846,3.3
"1","married <=   0.5 & shelter_expenses_by_hh_size > 300.0 & total_deductions_by_hh_size <=   2.8","ranger",1478,0.98309,0.97662,821,802,0.9769,0.0361,0.0107,3.412,0.0772,0.9846,3.3
"1","cat_elig <=   0.5 & homeless <=   0.5 & shelter_expenses_by_hh_size <= 167.0 & total_deductions_by_hh_size <=   8.8","ranger",1278,0.98357,0.97661,695,682,0.9813,0.0307,0.0087,2.888,0.0772,0.9846,3.3
"1","children_i <= 0.500 & elderly_disabled_i <= 0.500 & rawben_rel_max > 0.941 & utilities <= 9.500","ranger",8774,0.97926,0.9766,4679,4573,0.9773,0.2057,0.0862,19.445,0.0772,0.9846,3.3
"1","shelter_expenses_by_hh_size >= 1000.000 & shelter_expenses_by_hh_size < 1860.000 & unc_rawben_rel_max <   -0.056 & utilities >=  417.000","xgboost",548,0.98723,0.9766,256,249,0.9727,0.0112,0.0048,1.064,0.0772,0.9846,3.3
"1","rawben_rel_max <=  0.2680 & shelter_expenses_by_hh_size > 27.5000 & unc_rawben_rel_max <= -0.0443","ranger",3395,0.98085,0.97658,1556,1521,0.9775,0.0684,0.0279,6.466,0.0772,0.9846,3.3
"1","rawben_rel_max <=  0.2790 & shelter_expenses_by_hh_size >  5.5000 & unc_rawben_rel_max <= -0.0406","ranger",3441,0.98082,0.97658,1568,1532,0.977,0.0689,0.0287,6.516,0.0772,0.9846,3.3
"1","children_i <=  0.500 & months_since_cert_n <=  7.500 & rawben_rel_max >  0.991 & shelter_expenses_by_hh_size <= 55.500","ranger",7627,0.97942,0.97657,3992,3903,0.9777,0.1756,0.0681,16.59,0.0772,0.9846,3.3
"1","count_divisible_by_100 <=   0.5 & shelter_expenses_by_hh_size > 282.0 & total_deductions_by_hh_size <=   2.8","ranger",1721,0.98257,0.97657,927,907,0.9784,0.0408,0.0115,3.852,0.0772,0.9846,3.3
"1","elderly_disabled_i <=  0.500 & months_since_cert_n <= 15.500 & rawben_rel_max >  0.793 & total_deductions_by_hh_size <= 55.900","ranger",8532,0.97925,0.97656,4558,4450,0.9763,0.2002,0.0877,18.942,0.0772,0.9846,3.3
"1","married <=  0.50000 & shelter_expenses_by_hh_size >  5.50000 & unc_rawben_rel_max <= -0.00915","ranger",3672,0.98066,0.97656,1701,1660,0.9759,0.0747,0.0316,7.069,0.0772,0.9846,3.3
"1","cat_elig <= 0.500 & children_i <= 0.500 & medical_deductions <= 4.500 & rawben_rel_max > 0.993","ranger",2204,0.98185,0.97655,1149,1125,0.9791,0.0506,0.0169,4.775,0.0772,0.9846,3.3
"1","children_i <    1.000 & rawben_rel_max <    0.384 & shelter_expenses_by_hh_size < 1970.000 & unc_rawben_rel_max <   -0.016","xgboost",3998,0.98049,0.97655,1844,1801,0.9767,0.081,0.0343,7.663,0.0772,0.9846,3.3
"1","percent_abawd > 0.750 & total_deductions_by_hh_size <= 0.100 & unc_rawben_rel_max > 0.798","ranger",2491,0.98153,0.97655,1503,1463,0.9734,0.0658,0.0335,6.246,0.0772,0.9846,3.3
"1","elderly_disabled_i <= 0.500 & homeless <= 0.500 & rawben_rel_max > 0.947 & shelter_expenses_by_hh_size <= 5.500","ranger",5700,0.97982,0.97653,3181,3097,0.9736,0.1393,0.0685,13.219,0.0772,0.9846,3.3
"1","married <=  0.5000 & rawben_rel_max <=  0.2660 & shelter_expenses_by_hh_size >  5.5000 & unc_rawben_rel_max <= -0.0149","ranger",3620,0.98066,0.97652,1672,1632,0.9761,0.0734,0.0313,6.948,0.0772,0.9846,3.3
"1","medical_deductions >= 101.000 & medical_deductions < 167.000 & months_since_cert_n <  17.000 & rawben_rel_max <   0.264","xgboost",866,0.98499,0.97652,406,396,0.9754,0.0178,0.0041,1.687,0.0772,0.9846,3.3
"1","percent_abawd > 0.750 & rawben_rel_max > 0.976 & shelter_expenses_by_hh_size <= 5.500","ranger",2631,0.98138,0.97652,1589,1548,0.9742,0.0696,0.0345,6.603,0.0772,0.9846,3.3
"1","rawben_rel_max <    0.0893 & shelter_expenses_by_hh_size < 1000.0000 & unc_rawben_rel_max <   -0.0040","xgboost",3386,0.9808,0.97652,1522,1488,0.9777,0.0669,0.026,6.325,0.0772,0.9846,3.3
"1","cat_elig <=    0.500 & children_i <=    0.500 & rawben_rel_max >    0.991 & shelter_expenses_by_hh_size <= 1930.000","ranger",2248,0.98176,0.97651,1175,1150,0.9787,0.0517,0.0178,4.883,0.0772,0.9846,3.3
"1","shelter_expenses_by_hh_size < 500.000 & unc_rawben_rel_max >=  -0.904 & unc_rawben_rel_max <  -0.004","xgboost",1520,0.98289,0.9765,664,652,0.9819,0.0293,0.0098,2.759,0.0772,0.9846,3.3
"1","cat_elig <=   0.5 & expedited_i >   0.5 & homeless <=   0.5 & total_deductions_by_hh_size <= 172.0","ranger",545,0.98716,0.97648,287,282,0.9826,0.0127,0.0026,1.193,0.0772,0.9846,3.3
"1","cat_elig <=  0.500 & expedited_i <=  0.500 & rawben_rel_max >  0.943 & shelter_expenses_by_hh_size <= 18.500","ranger",916,0.98472,0.97648,497,485,0.9759,0.0218,0.0079,2.065,0.0772,0.9846,3.3
"1","children_i <=   0.50 & percent_abawd <=   0.75 & shelter_expenses_by_hh_size > 316.00 & total_deductions_by_hh_size <=   8.90","ranger",1420,0.9831,0.97648,715,696,0.9734,0.0313,0.0086,2.971,0.0772,0.9846,3.3
"1","homeless <=  0.50 & percent_abawd >  0.75 & shelter_expenses_by_hh_size <= 14.50 & total_deductions_by_hh_size <= 80.20","ranger",2004,0.98204,0.97647,1173,1141,0.9727,0.0513,0.0256,4.875,0.0772,0.9846,3.3
"1","elderly_disabled_i <=  0.500 & unc_rawben_rel_max >  0.943 & unc_rawben_rel_max <=  1.710 & utilities <= 28.500","ranger",8856,0.97911,0.97646,4690,4581,0.9768,0.2061,0.0888,19.491,0.0772,0.9846,3.3
"1","elderly_disabled_i <=   0.500 & medical_deductions <= 108.000 & rawben_rel_max >   0.823 & shelter_expenses_by_hh_size <=   5.500","ranger",8492,0.97916,0.97645,4524,4419,0.9768,0.1988,0.0864,18.801,0.0772,0.9846,3.3
"1","rawben_rel_max <    0.992 & shelter_expenses_by_hh_size < 1710.000 & unc_rawben_rel_max <   -0.016","xgboost",3980,0.9804,0.97645,1836,1792,0.976,0.0806,0.035,7.63,0.0772,0.9846,3.3
"1","homeless <=  0.50000 & rawben_rel_max <=  0.31200 & shelter_expenses_by_hh_size > 13.00000 & unc_rawben_rel_max <= -0.00915","ranger",3653,0.98056,0.97644,1684,1646,0.9774,0.0741,0.0281,6.998,0.0772,0.9846,3.3
"1","cat_elig <=  0.5 & expedited_i >  0.5 & medical_deductions <= 67.5 & unc_rawben_rel_max >  1.0","ranger",1016,0.98425,0.97642,513,501,0.9766,0.0225,0.0089,2.132,0.0772,0.9846,3.3
"1","children_i <   1.000 & shelter_expenses_by_hh_size < 996.000 & unc_rawben_rel_max <  -0.004 & utilities < 643.000","xgboost",3231,0.98081,0.97642,1440,1409,0.9785,0.0634,0.0232,5.984,0.0772,0.9846,3.3
"1","children_i <   1 & months_since_cert_n <  25 & shelter_expenses_by_hh_size >= 300 & total_deductions_by_hh_size <   9","xgboost",1563,0.98273,0.97641,848,826,0.9741,0.0372,0.0112,3.524,0.0772,0.9846,3.3
"1","children_i <= 0.500 & elderly_disabled_i <= 0.500 & unc_rawben_rel_max > 0.991 & unc_rawben_rel_max <= 1.710","ranger",10360,0.97886,0.97641,5536,5408,0.9769,0.2433,0.1043,23.006,0.0772,0.9846,3.3
"1","expedited_i >  0.500 & rawben_rel_max >  0.856 & shelter_expenses_by_hh_size <= 18.500","ranger",3974,0.98037,0.97641,1955,1917,0.9806,0.0862,0.0325,8.125,0.0772,0.9846,3.3
"1","total_deductions_by_hh_size < 186 & unc_rawben_rel_max <   0 & utilities >= 493","xgboost",374,0.9893,0.97639,184,180,0.9783,0.0081,0.0038,0.765,0.0772,0.9846,3.3
"1","children_i <=  0.500 & rawben_rel_max >  0.941 & shelter_expenses_by_hh_size <= 27.500 & unc_rawben_rel_max <=  1.220","ranger",9091,0.97899,0.97637,4888,4775,0.9769,0.2148,0.0898,20.313,0.0772,0.9846,3.3
"1","cat_elig <=   0.5 & married <=   0.5 & percent_abawd >   0.5 & shelter_expenses_by_hh_size <= 201.0","ranger",431,0.9884,0.97636,268,264,0.9851,0.0119,0.0013,1.114,0.0772,0.9846,3.3
"1","months_since_cert_n <=  5.500 & total_deductions_by_hh_size <= 40.800 & unc_rawben_rel_max >  0.943","ranger",6745,0.97939,0.97635,3537,3461,0.9785,0.1557,0.0573,14.699,0.0772,0.9846,3.3
"1","months_since_cert_n <  5.000 & unc_rawben_rel_max >= -0.744 & unc_rawben_rel_max < -0.016","xgboost",1263,0.98337,0.97634,537,528,0.9832,0.0238,0.0067,2.232,0.0772,0.9846,3.3
"1","children_i <=  0.500 & shelter_expenses_by_hh_size <=  5.000 & total_deductions_by_hh_size <= 17.800 & unc_rawben_rel_max >  0.991","ranger",8897,0.97898,0.97633,4731,4618,0.9761,0.2078,0.0903,19.661,0.0772,0.9846,3.3
"1","elderly_disabled_i <= 0.500 & homeless > 0.500 & rawben_rel_max > 0.938 & utilities <= 9.500","ranger",2703,0.98113,0.97632,1300,1281,0.9854,0.0576,0.0165,5.402,0.0772,0.9846,3.3
"1","children_i <   1.00 & shelter_expenses_by_hh_size < 300.00 & total_deductions_by_hh_size <   9.00 & unc_rawben_rel_max >=   1.21","xgboost",3911,0.98031,0.97631,47,46,0.9787,0.0021,0.001,0.195,0.0772,0.9846,3.3
"1","married <=  0.500 & months_since_cert_n <= 13.500 & rawben_rel_max >  0.991 & shelter_expenses_by_hh_size <= 14.500","ranger",8881,0.97894,0.97629,4746,4633,0.9762,0.2084,0.091,19.723,0.0772,0.9846,3.3
"1","rawben_rel_max <=    0.45900 & shelter_expenses_by_hh_size <= 2030.00000 & unc_rawben_rel_max <=   -0.00915","ranger",4089,0.98019,0.97628,1888,1843,0.9762,0.0829,0.0353,7.846,0.0772,0.9846,3.3
"1","count_divisible_by_100 <=  1.500 & months_since_cert_n <= 10.500 & rawben_rel_max >  0.991 & total_deductions_by_hh_size <= 28.900","ranger",8426,0.97899,0.97627,4429,4322,0.9758,0.1944,0.0856,18.406,0.0772,0.9846,3.3
"1","months_since_cert_n <  14.000 & rawben_rel_max >=   0.945 & total_deductions_by_hh_size < 154.000 & unc_rawben_rel_max <   1.230","xgboost",9052,0.9789,0.97627,4898,4783,0.9765,0.2152,0.0925,20.355,0.0772,0.9846,3.3
"1","cat_elig >=  1.000 & expedited_i <  1.000 & rawben_rel_max <  0.344 & unc_rawben_rel_max < -0.016","xgboost",3580,0.98045,0.97626,1675,1638,0.9779,0.0737,0.0278,6.961,0.0772,0.9846,3.3
"1","children_i <  1.00 & total_deductions_by_hh_size < 10.00 & unc_rawben_rel_max >=  1.02","xgboost",8775,0.97892,0.97624,4671,4558,0.9758,0.2051,0.0903,19.412,0.0772,0.9846,3.2
"1","elderly_disabled_i <=  0.500 & medical_deductions <=  3.000 & total_deductions_by_hh_size <= 40.500 & unc_rawben_rel_max >  0.998","ranger",8327,0.97898,0.97624,4429,4322,0.9758,0.1944,0.0872,18.406,0.0772,0.9846,3.2
"1","cat_elig <= 0.5 & children_i <= 0.5 & months_since_cert_n <= 5.5 & utilities <= 9.5","ranger",1648,0.9824,0.97623,837,820,0.9797,0.0369,0.0084,3.478,0.0772,0.9846,3.2
"1","expedited_i >  0.5 & months_since_cert_n <=  4.5 & shelter_expenses_by_hh_size <= 72.0","ranger",2880,0.9809,0.97623,1390,1363,0.9806,0.0613,0.0196,5.777,0.0772,0.9846,3.2
"1","expedited_i >  0.5 & months_since_cert_n <= 35.5 & shelter_expenses_by_hh_size <= 14.0 & total_deductions_by_hh_size <= 53.5","ranger",4036,0.98018,0.97623,1986,1949,0.9814,0.0877,0.0309,8.253,0.0772,0.9846,3.2
"1","children_i <=  0.5000 & rawben_rel_max <=  0.2610 & unc_rawben_rel_max <= -0.0406 & utilities > 14.5000","ranger",2971,0.98081,0.97622,1346,1317,0.9785,0.0592,0.0237,5.594,0.0772,0.9846,3.2
"1","rawben_rel_max <   0.460 & total_deductions_by_hh_size < 715.000 & unc_rawben_rel_max <  -0.212","xgboost",2267,0.98147,0.97621,1026,1004,0.9786,0.0452,0.0181,4.264,0.0772,0.9846,3.2
"1","children_i <=   0.50 & shelter_expenses_by_hh_size <= 322.00 & total_deductions_by_hh_size <=   7.80 & unc_rawben_rel_max >   1.02","ranger",8751,0.97886,0.97618,4659,4546,0.9757,0.2045,0.0903,19.362,0.0772,0.9846,3.2
"1","percent_abawd >  0.750 & rawben_rel_max >  0.941 & shelter_expenses_by_hh_size <= 14.500","ranger",2640,0.98106,0.97618,1592,1551,0.9742,0.0698,0.0345,6.616,0.0772,0.9846,3.2
"1","children_i <  1.000 & rawben_rel_max >=  0.979 & total_deductions_by_hh_size < 55.000 & utilities < 30.000","xgboost",9276,0.97876,0.97616,4949,4832,0.9764,0.2174,0.093,20.567,0.0772,0.9846,3.2
"1","children_i <   1.000 & rawben_rel_max >=   0.924 & total_deductions_by_hh_size < 163.000 & unc_rawben_rel_max <   1.230","xgboost",9363,0.97875,0.97615,5053,4937,0.977,0.2221,0.0925,20.999,0.0772,0.9846,3.2
"1","children_i <=   0.50 & total_deductions_by_hh_size <=   2.80 & unc_rawben_rel_max >   1.02 & utilities <= 218.00","ranger",8695,0.97884,0.97615,4631,4518,0.9756,0.2033,0.0903,19.245,0.0772,0.9846,3.2
"1","months_since_cert_n <   6.000 & shelter_expenses_by_hh_size < 859.000 & unc_rawben_rel_max >=  -1.170 & unc_rawben_rel_max <  -0.004","xgboost",1253,0.98324,0.97615,542,530,0.9779,0.0238,0.0101,2.252,0.0772,0.9846,3.2
"1","rawben_rel_max >=   1.0 & unc_rawben_rel_max <   1.2 & utilities < 369.0","xgboost",1449,0.98275,0.97615,773,762,0.9858,0.0343,0.0054,3.212,0.0772,0.9846,3.2
"1","total_deductions_by_hh_size >=   9.000 & total_deductions_by_hh_size < 888.000 & unc_rawben_rel_max >=  -0.904 & unc_rawben_rel_max <  -0.016","xgboost",2355,0.98132,0.97614,1099,1069,0.9727,0.0481,0.0221,4.567,0.0772,0.9846,3.2
"1","total_deductions_by_hh_size >=  63.000 & total_deductions_by_hh_size < 209.000 & unc_rawben_rel_max <  -0.004","xgboost",903,0.9845,0.97614,418,409,0.9785,0.0184,0.0063,1.737,0.0772,0.9846,3.2
"1","cat_elig <=  0.5 & homeless <=  0.5 & shelter_expenses_by_hh_size <= 14.5","ranger",1350,0.98296,0.97613,744,728,0.9785,0.0328,0.0105,3.092,0.0772,0.9846,3.2
"1","total_deductions_by_hh_size >=    4.400 & total_deductions_by_hh_size < 1010.000 & unc_rawben_rel_max >=   -1.170 & unc_rawben_rel_max <   -0.016","xgboost",2541,0.98111,0.97613,1173,1141,0.9727,0.0513,0.0233,4.875,0.0772,0.9846,3.2
"1","children_i <=  0.500 & rawben_rel_max >  0.991 & total_deductions_by_hh_size <= 17.700","ranger",8906,0.97878,0.97612,4733,4620,0.9761,0.2078,0.0903,19.669,0.0772,0.9846,3.2
"1","cat_elig <= 0.500 & homeless <= 0.500 & percent_abawd > 0.500 & unc_rawben_rel_max > 0.726","ranger",482,0.98755,0.97611,267,262,0.9813,0.0118,0.0019,1.11,0.0772,0.9846,3.2
"1","children_i <=   0.500 & medical_deductions <= 100.000 & shelter_expenses_by_hh_size <=  14.500 & unc_rawben_rel_max >   0.971","ranger",9212,0.97872,0.97611,4912,4796,0.9764,0.2158,0.0922,20.413,0.0772,0.9846,3.2
"1","children_i <=  0.5 & elderly_disabled_i <=  0.5 & total_deductions_by_hh_size <= 61.0 & utilities <=  9.5","ranger",8459,0.97884,0.97611,4493,4385,0.976,0.1973,0.0843,18.672,0.0772,0.9846,3.2
"1","elderly_disabled_i <=  0.500 & months_since_cert_n <=  5.500 & unc_rawben_rel_max >  0.947 & utilities <= 26.000","ranger",6766,0.97916,0.97611,3541,3466,0.9788,0.1559,0.0581,14.716,0.0772,0.9846,3.2
"1","percent_abawd >  0.750 & rawben_rel_max >  0.991 & shelter_expenses_by_hh_size <= 16.500","ranger",2630,0.98099,0.97609,1585,1544,0.9741,0.0695,0.0345,6.587,0.0772,0.9846,3.2
"1","shelter_expenses_by_hh_size < 1970.000 & unc_rawben_rel_max <   -0.016","xgboost",4010,0.98005,0.97608,1852,1808,0.9762,0.0813,0.035,7.696,0.0772,0.9846,3.2
"1","homeless <=  0.500 & percent_abawd >  0.750 & rawben_rel_max >  0.941 & utilities <= 28.500","ranger",2160,0.98148,0.97607,1244,1208,0.9711,0.0543,0.0276,5.17,0.0772,0.9846,3.2
"1","total_deductions_by_hh_size < 1200.000 & unc_rawben_rel_max <   -0.016","xgboost",4008,0.98004,0.97607,1854,1810,0.9763,0.0814,0.0347,7.705,0.0772,0.9846,3.2
"1","children_i <=  0.50 & shelter_expenses_by_hh_size <= 27.50 & total_deductions_by_hh_size <= 80.20 & unc_rawben_rel_max >  1.02","ranger",9106,0.9787,0.97606,4851,4735,0.9761,0.213,0.0928,20.16,0.0772,0.9846,3.2
"1","children_i <=  0.500 & married <=  0.500 & rawben_rel_max >  0.998 & shelter_expenses_by_hh_size <= 14.500","ranger",9149,0.97869,0.97606,4877,4761,0.9762,0.2142,0.0918,20.268,0.0772,0.9846,3.2
"1","rawben_rel_max <   0.992 & total_deductions_by_hh_size < 675.000 & unc_rawben_rel_max <  -0.004","xgboost",3916,0.98008,0.97606,1805,1766,0.9784,0.0794,0.0282,7.501,0.0772,0.9846,3.2
"1","elderly_disabled_i <=  0.500 & rawben_rel_max >  0.673 & shelter_expenses_by_hh_size <= 30.000 & total_deductions_by_hh_size <=  7.800","ranger",8127,0.97884,0.97605,4326,4219,0.9753,0.1898,0.087,17.978,0.0772,0.9846,3.2
"1","cat_elig <= 0.500 & children_i <= 0.500 & count_divisible_by_100 <= 1.500 & unc_rawben_rel_max > 0.993","ranger",2250,0.98133,0.97603,1171,1146,0.9787,0.0516,0.0178,4.866,0.0772,0.9846,3.2
"1","expedited_i >   0.500 & rawben_rel_max >   0.991 & shelter_expenses_by_hh_size <= 516.000 & utilities <=  14.500","ranger",4092,0.97996,0.97603,2015,1972,0.9787,0.0887,0.0353,8.374,0.0772,0.9846,3.2
"1","months_since_cert_n <= 12.50 & shelter_expenses_by_hh_size <=  5.50 & unc_rawben_rel_max >  1.00 & unc_rawben_rel_max <=  3.43","ranger",8830,0.97871,0.97603,4710,4596,0.9758,0.2068,0.0923,19.574,0.0772,0.9846,3.2
"1","total_deductions_by_hh_size >=  55.000 & unc_rawben_rel_max <  -0.016 & utilities >= 417.000","xgboost",1393,0.98277,0.97603,621,603,0.971,0.0271,0.0143,2.581,0.0772,0.9846,3.2
"1","cat_elig <= 0.500 & children_i <= 0.500 & rawben_rel_max > 0.998","ranger",2249,0.98133,0.97602,1172,1147,0.9787,0.0516,0.0178,4.871,0.0772,0.9846,3.2
"1","count_divisible_by_100 <=  1.500 & expedited_i >  0.500 & shelter_expenses_by_hh_size <= 55.500 & unc_rawben_rel_max >  0.991","ranger",4046,0.97998,0.97602,1998,1961,0.9815,0.0882,0.0313,8.303,0.0772,0.9846,3.2
"1","elderly_disabled_i <=  0.500 & homeless <=  0.500 & shelter_expenses_by_hh_size <= 13.000 & unc_rawben_rel_max >  0.941","ranger",5713,0.97935,0.97602,3188,3104,0.9737,0.1396,0.0685,13.249,0.0772,0.9846,3.2
"1","cat_elig >  0.500 & total_deductions_by_hh_size <= 18.800 & unc_rawben_rel_max >  0.991 & unc_rawben_rel_max <=  1.180","ranger",480,0.9875,0.97601,266,265,0.9962,0.0119,9e-04,1.105,0.0772,0.9846,3.2
"1","unc_rawben_rel_max >= -1.170 & unc_rawben_rel_max < -0.004","xgboost",3998,0.97999,0.97601,1838,1794,0.9761,0.0807,0.032,7.638,0.0772,0.9846,3.2
"1","rawben_rel_max <= 0.113 & total_deductions_by_hh_size <= 7.800","ranger",1775,0.98197,0.976,844,828,0.981,0.0373,0.0095,3.507,0.0772,0.9846,3.2
"1","elderly_disabled_i <=  0.500 & homeless >  0.500 & shelter_expenses_by_hh_size <= 13.000 & unc_rawben_rel_max >  0.941","ranger",2666,0.98087,0.97599,1279,1260,0.9851,0.0567,0.0165,5.315,0.0772,0.9846,3.2
"1","months_since_cert_n <=  4.500 & rawben_rel_max >  0.995 & shelter_expenses_by_hh_size <= 40.500 & unc_rawben_rel_max <=  2.000","ranger",5930,0.97926,0.97599,3129,3065,0.9795,0.1379,0.049,13.003,0.0772,0.9846,3.2
"1","cat_elig <=   0.5 & count_divisible_by_100 <=   1.5 & total_deductions_by_hh_size <= 170.0","ranger",2618,0.9809,0.97598,1363,1333,0.978,0.06,0.0169,5.664,0.0772,0.9846,3.2
"1","expedited_i >  0.5 & shelter_expenses_by_hh_size <= 14.0 & total_deductions_by_hh_size <= 53.5","ranger",4038,0.97994,0.97598,1986,1949,0.9814,0.0877,0.0309,8.253,0.0772,0.9846,3.2
"1","elderly_disabled_i <=  0.500 & homeless <=  0.500 & rawben_rel_max >  0.802 & total_deductions_by_hh_size <= 28.900","ranger",5702,0.97931,0.97597,3165,3078,0.9725,0.1385,0.0704,13.153,0.0772,0.9846,3.2
"1","homeless >  0.500 & months_since_cert_n <= 10.500 & unc_rawben_rel_max >  0.991 & unc_rawben_rel_max <=  1.220","ranger",2476,0.98102,0.97595,1217,1192,0.9795,0.0536,0.0204,5.058,0.0772,0.9846,3.2
"1","children_i <=  0.500 & rawben_rel_max >  0.971 & total_deductions_by_hh_size <=  8.900 & unc_rawben_rel_max > -3.780","ranger",8836,0.97861,0.97593,4717,4604,0.976,0.2071,0.0903,19.603,0.0772,0.9846,3.2
"1","children_i <= 0.500 & rawben_rel_max > 0.991 & shelter_expenses_by_hh_size <= 5.500 & unc_rawben_rel_max <= 1.930","ranger",9187,0.97856,0.97593,4879,4761,0.9758,0.2142,0.0941,20.276,0.0772,0.9846,3.2
"1","count_divisible_by_100 <=  1.5 & expedited_i >  0.5 & shelter_expenses_by_hh_size <= 32.0 & total_deductions_by_hh_size <= 63.6","ranger",4076,0.97988,0.97593,2004,1966,0.981,0.0884,0.0313,8.328,0.0772,0.9846,3.2
"1","children_i <=   0.500 & rawben_rel_max >   0.991 & shelter_expenses_by_hh_size <=  14.000 & total_deductions_by_hh_size <= 504.000","ranger",9185,0.97855,0.97592,4879,4763,0.9762,0.2143,0.0932,20.276,0.0772,0.9846,3.2
"1","children_i < 1 & count_divisible_by_100 < 1 & months_since_cert_n < 3 & total_deductions_by_hh_size < 9","xgboost",4208,0.9798,0.97591,2229,2176,0.9762,0.0979,0.0363,9.263,0.0772,0.9846,3.2
"1","cat_elig <=    0.500 & months_since_cert_n <=   28.000 & rawben_rel_max >    0.991 & total_deductions_by_hh_size <= 2090.000","ranger",2331,0.98112,0.9759,1222,1193,0.9763,0.0537,0.0207,5.078,0.0772,0.9846,3.2
"1","children_i <=  0.500 & rawben_rel_max >  0.993 & total_deductions_by_hh_size <= 28.800 & unc_rawben_rel_max >  1.020","ranger",8996,0.97855,0.97589,4778,4663,0.9759,0.2098,0.0918,19.856,0.0772,0.9846,3.2
"1","elderly_disabled_i <=   0.5 & months_since_cert_n <=   4.5 & total_deductions_by_hh_size <= 108.0 & utilities <=   9.5","ranger",5773,0.97921,0.97589,3034,2966,0.9776,0.1334,0.0514,12.609,0.0772,0.9846,3.2
"1","cat_elig <   1.000 & rawben_rel_max >=   0.988 & shelter_expenses_by_hh_size < 950.000 & utilities < 298.000","xgboost",1908,0.98166,0.97588,976,957,0.9805,0.0431,0.0123,4.056,0.0772,0.9846,3.2
"1","cat_elig <= 0.500 & medical_deductions <= 0.500 & rawben_rel_max > 0.991 & unc_rawben_rel_max <= 2.420","ranger",2283,0.98117,0.97588,1196,1167,0.9758,0.0525,0.0202,4.97,0.0772,0.9846,3.2
"1","shelter_expenses_by_hh_size >= 54.0000 & total_deductions_by_hh_size >=  9.0000 & unc_rawben_rel_max >= -1.1700 & unc_rawben_rel_max < -0.0344","xgboost",2282,0.98116,0.97587,1046,1021,0.9761,0.0459,0.0184,4.347,0.0772,0.9846,3.2
"1","count_divisible_by_100 <=  0.500 & rawben_rel_max >  0.947 & shelter_expenses_by_hh_size <= 14.000 & total_deductions_by_hh_size <= 53.700","ranger",9198,0.97847,0.97584,4911,4792,0.9758,0.2156,0.0962,20.409,0.0772,0.9846,3.2
"1","elderly_disabled_i <=   0.500 & shelter_expenses_by_hh_size <= 468.000 & unc_rawben_rel_max >   0.802 & utilities <=  14.500","ranger",8935,0.97851,0.97584,4729,4617,0.9763,0.2077,0.0908,19.653,0.0772,0.9846,3.2
"1","homeless > 0.50 & percent_abawd <= 0.25 & total_deductions_by_hh_size <= 2.80","ranger",2325,0.98108,0.97584,992,974,0.9819,0.0438,0.0129,4.123,0.0772,0.9846,3.2
"1","months_since_cert_n >=  6.000 & unc_rawben_rel_max >= -1.170 & unc_rawben_rel_max < -0.004","xgboost",2279,0.98113,0.97584,1112,1083,0.9739,0.0487,0.0205,4.621,0.0772,0.9846,3.2
"1","children_i <=    0.500 & rawben_rel_max >    0.991 & shelter_expenses_by_hh_size <=   10.000 & total_deductions_by_hh_size <= 2930.000","ranger",9195,0.97847,0.97583,4887,4769,0.9759,0.2145,0.0941,20.309,0.0772,0.9846,3.2
"1","children_i <=  0.5 & count_divisible_by_100 <=  1.5 & total_deductions_by_hh_size <= 28.9 & unc_rawben_rel_max >  1.0","ranger",9019,0.97849,0.97583,4800,4687,0.9765,0.2109,0.0906,19.948,0.0772,0.9846,3.2
"1","children_i <= 0.500 & shelter_expenses_by_hh_size <= 5.500 & unc_rawben_rel_max > 0.991","ranger",9193,0.97846,0.97583,4883,4765,0.9758,0.2144,0.0941,20.293,0.0772,0.9846,3.2
"1","children_i <=   0.500 & total_deductions_by_hh_size <= 143.000 & unc_rawben_rel_max >   0.941 & utilities <=   8.000","ranger",9404,0.97841,0.97581,5026,4906,0.9761,0.2207,0.0961,20.887,0.0772,0.9846,3.2
"1","percent_abawd > 0.750 & total_deductions_by_hh_size <= 0.100 & unc_rawben_rel_max > 0.687","ranger",2505,0.98084,0.97579,1503,1463,0.9734,0.0658,0.0335,6.246,0.0772,0.9846,3.2
"1","unc_rawben_rel_max >=  -0.904 & unc_rawben_rel_max <  -0.056 & utilities < 388.000","xgboost",1760,0.98182,0.97579,816,799,0.9792,0.0359,0.0117,3.391,0.0772,0.9846,3.2
"1","count_divisible_by_100 <  1.00 & percent_abawd >=  0.50 & total_deductions_by_hh_size < 18.40 & unc_rawben_rel_max >=  1.02","xgboost",2504,0.98083,0.97578,1503,1463,0.9734,0.0658,0.0335,6.246,0.0772,0.9846,3.2
"1","months_since_cert_n >=   15 & shelter_expenses_by_hh_size >= 1250 & total_deductions_by_hh_size >=  701 & utilities >= 1010","xgboost",109,1,0.97578,141,138,0.9787,0.0062,0.0014,0.586,0.0772,0.9846,3.2
"1","children_i <= 0.500 & rawben_rel_max > 0.998 & shelter_expenses_by_hh_size <= 5.500 & unc_rawben_rel_max > 0.991","ranger",9170,0.97841,0.97577,4881,4763,0.9758,0.2143,0.0941,20.284,0.0772,0.9846,3.2
"1","children_i <=  0.500 & count_divisible_by_100 <=  0.500 & rawben_rel_max >  0.875 & shelter_expenses_by_hh_size <= 16.500","ranger",9167,0.9784,0.97576,4901,4785,0.9763,0.2153,0.0927,20.367,0.0772,0.9846,3.2
"1","elderly_disabled_i <=   0.500 & percent_abawd >   0.750 & total_deductions_by_hh_size <= 389.000 & unc_rawben_rel_max >   0.971","ranger",2914,0.98044,0.97575,1732,1690,0.9758,0.076,0.0344,7.198,0.0772,0.9846,3.2
"1","months_since_cert_n <  3.000 & total_deductions_by_hh_size <  4.400 & unc_rawben_rel_max >= -0.162 & utilities < 32.000","xgboost",3953,0.97976,0.97574,2122,2070,0.9755,0.0931,0.0389,8.819,0.0772,0.9846,3.2
"1","children_i <=  0.500 & rawben_rel_max >  0.991 & shelter_expenses_by_hh_size <= 14.000","ranger",9198,0.97836,0.97573,4887,4769,0.9759,0.2145,0.0941,20.309,0.0772,0.9846,3.2
"1","elderly_disabled_i >=   1.000 & months_since_cert_n >=   5.000 & shelter_expenses_by_hh_size < 412.000 & unc_rawben_rel_max <  -0.056","xgboost",528,0.98674,0.97572,263,262,0.9962,0.0118,3e-04,1.093,0.0772,0.9846,3.2
"1","elderly_disabled_i <=  0.500 & medical_deductions <=  0.500 & total_deductions_by_hh_size <= 18.800 & unc_rawben_rel_max >  0.626","ranger",8278,0.9785,0.97571,4396,4286,0.975,0.1928,0.0881,18.269,0.0772,0.9846,3.2
"1","cat_elig <= 0.500 & expedited_i > 0.500 & rawben_rel_max > 0.991","ranger",1035,0.98357,0.9757,515,502,0.9748,0.0226,0.0098,2.14,0.0772,0.9846,3.2
"1","children_i < 1.000 & rawben_rel_max >= 0.924 & total_deductions_by_hh_size < 9.000","xgboost",8885,0.97839,0.9757,4740,4627,0.9762,0.2082,0.0903,19.698,0.0772,0.9846,3.2
"1","elderly_disabled_i >   0.5000 & rawben_rel_max <=   0.0887 & shelter_expenses_by_hh_size <= 704.0000 & total_deductions_by_hh_size <= 297.0000","ranger",2678,0.98058,0.97569,1215,1186,0.9761,0.0534,0.0148,5.049,0.0772,0.9846,3.2
"1","expedited_i >  0.5 & shelter_expenses_by_hh_size <= 32.0 & total_deductions_by_hh_size <= 63.6","ranger",4077,0.97964,0.97567,2005,1966,0.9805,0.0884,0.0318,8.332,0.0772,0.9846,3.2
"1","months_since_cert_n <  3.0 & total_deductions_by_hh_size <  4.4 & utilities < 32.0","xgboost",4032,0.97966,0.97567,2152,2100,0.9758,0.0945,0.0389,8.943,0.0772,0.9846,3.2
"1","months_since_cert_n >=    4.000 & shelter_expenses_by_hh_size < 1190.000 & unc_rawben_rel_max <   -0.004","xgboost",2676,0.98057,0.97567,1256,1225,0.9753,0.0551,0.023,5.22,0.0772,0.9846,3.2
"1","rawben_rel_max <  0.0840 & unc_rawben_rel_max < -0.0344 & utilities >= 48.0000","xgboost",2768,0.98049,0.97567,1280,1252,0.9781,0.0563,0.0232,5.319,0.0772,0.9846,3.2
"1","count_divisible_by_100 <= 0.5 & expedited_i > 0.5 & married <= 0.5 & total_deductions_by_hh_size <= 2.8","ranger",3851,0.97975,0.97566,1917,1881,0.9812,0.0846,0.0291,7.967,0.0772,0.9846,3.2
"1","elderly_disabled_i <= 0.500 & expedited_i > 0.500 & months_since_cert_n <= 5.500 & unc_rawben_rel_max > 0.948","ranger",3982,0.97966,0.97564,1908,1869,0.9796,0.0841,0.0321,7.929,0.0772,0.9846,3.2
"1","cat_elig <= 0.5 & expedited_i > 0.5 & unc_rawben_rel_max > 1.0","ranger",1032,0.98353,0.97563,514,501,0.9747,0.0225,0.0098,2.136,0.0772,0.9846,3.2
"1","children_i < 1 & expedited_i >= 1 & total_deductions_by_hh_size < 9","xgboost",3889,0.97969,0.97562,1940,1902,0.9804,0.0856,0.0305,8.062,0.0772,0.9846,3.2
"1","children_i <=   0.5 & expedited_i >   0.5 & total_deductions_by_hh_size <=  56.7 & utilities <= 320.0","ranger",4158,0.97956,0.97562,2053,2011,0.9795,0.0905,0.0332,8.532,0.0772,0.9846,3.2
"1","children_i <=  0.500 & total_deductions_by_hh_size <= 29.900 & unc_rawben_rel_max >  0.991 & unc_rawben_rel_max <=  1.960","ranger",9071,0.97828,0.97562,4821,4705,0.9759,0.2117,0.0923,20.035,0.0772,0.9846,3.2
"1","count_divisible_by_100 <= 0.500 & elderly_disabled_i <= 0.500 & rawben_rel_max > 0.971 & utilities <= 9.500","ranger",8636,0.97835,0.97562,4590,4478,0.9756,0.2015,0.0921,19.075,0.0772,0.9846,3.2
"1","count_divisible_by_100 <=   0.500 & medical_deductions <= 116.000 & rawben_rel_max >   0.991 & total_deductions_by_hh_size <=  14.500","ranger",8937,0.97829,0.97561,4753,4634,0.975,0.2085,0.0962,19.752,0.0772,0.9846,3.2
"1","medical_deductions <= 10.500 & months_since_cert_n <=  5.500 & rawben_rel_max >  0.943 & total_deductions_by_hh_size <= 54.500","ranger",6892,0.97867,0.97561,3604,3526,0.9784,0.1586,0.0593,14.977,0.0772,0.9846,3.2
"1","cat_elig < 2 & count_divisible_by_100 < 1 & months_since_cert_n < 8 & total_deductions_by_hh_size < 9","xgboost",6054,0.97886,0.97559,4563,4435,0.9719,0.1995,0.0858,18.963,0.0772,0.9846,3.2
"1","expedited_i >  0.5 & total_deductions_by_hh_size <= 57.2 & utilities <=  9.5","ranger",4108,0.97955,0.97559,2016,1977,0.9807,0.0889,0.0316,8.378,0.0772,0.9846,3.2
"1","months_since_cert_n < 32.000 & unc_rawben_rel_max >= -1.170 & unc_rawben_rel_max < -0.004","xgboost",3930,0.97964,0.97559,1817,1773,0.9758,0.0798,0.032,7.551,0.0772,0.9846,3.2
"1","count_divisible_by_100 <=   0.5000 & elderly_disabled_i >   0.5000 & rawben_rel_max <=   0.0887 & total_deductions_by_hh_size <= 300.0000","ranger",3390,0.97994,0.97558,1591,1557,0.9786,0.07,0.0177,6.612,0.0772,0.9846,3.2
"1","months_since_cert_n <  13.000 & total_deductions_by_hh_size < 190.000 & unc_rawben_rel_max >=   0.996 & utilities <  30.000","xgboost",9053,0.97824,0.97557,4828,4706,0.9747,0.2117,0.0971,20.064,0.0772,0.9846,3.2
"1","count_divisible_by_100 <=  0.500 & total_deductions_by_hh_size <= 17.800 & unc_rawben_rel_max >  0.991","ranger",8964,0.97825,0.97556,4766,4647,0.975,0.2091,0.0962,19.806,0.0772,0.9846,3.2
"1","cat_elig >=    1.000 & shelter_expenses_by_hh_size >=  305.000 & shelter_expenses_by_hh_size < 1230.000 & unc_rawben_rel_max <   -0.004","xgboost",2845,0.98032,0.97555,1329,1301,0.9789,0.0585,0.0198,5.523,0.0772,0.9846,3.2
"1","homeless >  0.500 & months_since_cert_n <= 10.500 & unc_rawben_rel_max >  0.991 & utilities <=  9.500","ranger",2618,0.98052,0.97555,1236,1211,0.9798,0.0545,0.0211,5.137,0.0772,0.9846,3.2
"1","married <=  0.500 & shelter_expenses_by_hh_size <=  5.500 & total_deductions_by_hh_size <= 80.200 & unc_rawben_rel_max >  0.976","ranger",9306,0.97819,0.97555,4955,4833,0.9754,0.2174,0.0978,20.592,0.0772,0.9846,3.2
"1","children_i <=  0.500 & total_deductions_by_hh_size <= 47.900 & unc_rawben_rel_max >  0.976 & unc_rawben_rel_max <=  1.210","ranger",5293,0.97903,0.97554,4862,4748,0.9766,0.2136,0.0908,20.205,0.0772,0.9846,3.2
"1","cat_elig <= 0.5 & percent_abawd > 0.5 & shelter_expenses_by_hh_size <= 5.5","ranger",416,0.98798,0.97552,254,252,0.9921,0.0113,7e-04,1.056,0.0772,0.9846,3.2
"1","count_divisible_by_100 <= 0.500 & elderly_disabled_i <= 0.500 & unc_rawben_rel_max > 0.967 & utilities <= 9.500","ranger",8646,0.97826,0.97552,4593,4480,0.9754,0.2015,0.093,19.087,0.0772,0.9846,3.2
"1","expedited_i >  0.5 & shelter_expenses_by_hh_size <= 13.0 & total_deductions_by_hh_size <= 81.4","ranger",4051,0.97951,0.97552,1989,1951,0.9809,0.0878,0.0319,8.266,0.0772,0.9846,3.2
"1","shelter_expenses_by_hh_size >= 245.00 & unc_rawben_rel_max <  -0.14","xgboost",2523,0.98058,0.97552,1135,1105,0.9736,0.0497,0.0249,4.717,0.0772,0.9846,3.2
"1","expedited_i >  0.5 & total_deductions_by_hh_size <= 62.1 & utilities <= 32.5","ranger",4138,0.97946,0.97551,2031,1990,0.9798,0.0895,0.0329,8.44,0.0772,0.9846,3.2
"1","shelter_expenses_by_hh_size >  5.50000 & unc_rawben_rel_max <= -0.00915","ranger",3692,0.97969,0.9755,1708,1666,0.9754,0.075,0.0319,7.098,0.0772,0.9846,3.2
"1","count_divisible_by_100 <=   0.50 & medical_deductions <= 132.00 & shelter_expenses_by_hh_size <=   5.50 & unc_rawben_rel_max >   1.02","ranger",9105,0.97814,0.97548,4850,4727,0.9746,0.2127,0.0989,20.155,0.0772,0.9846,3.1
"1","elderly_disabled_i <=    0.500 & rawben_rel_max >    0.991 & shelter_expenses_by_hh_size <= 1670.000 & utilities <=    9.500","ranger",8889,0.97818,0.97548,4707,4591,0.9754,0.2065,0.0951,19.561,0.0772,0.9846,3.1
"1","months_since_cert_n < 20.000 & percent_abawd <  0.500 & unc_rawben_rel_max < -0.184","xgboost",2154,0.98097,0.97548,982,956,0.9735,0.043,0.0227,4.081,0.0772,0.9846,3.1
"1","cat_elig <=   1.5 & shelter_expenses_by_hh_size > 322.0 & total_deductions_by_hh_size <=   7.8","ranger",878,0.98405,0.97547,641,624,0.9735,0.0281,0.0089,2.664,0.0772,0.9846,3.1
"1","children_i <=   0.500 & medical_deductions <= 366.000 & rawben_rel_max >   0.941 & shelter_expenses_by_hh_size <=  14.000","ranger",9269,0.9781,0.97546,4939,4821,0.9761,0.2169,0.0941,20.525,0.0772,0.9846,3.1
"1","medical_deductions >= 116.000 & unc_rawben_rel_max <   0.168 & utilities < 670.000","xgboost",976,0.98361,0.97546,459,449,0.9782,0.0202,0.0046,1.907,0.0772,0.9846,3.1
"1","unc_rawben_rel_max <  -0.056 & utilities < 886.000","xgboost",3596,0.9797,0.97546,1619,1585,0.979,0.0713,0.0277,6.728,0.0772,0.9846,3.1
"1","cat_elig <  2 & expedited_i >=  1 & months_since_cert_n <  3 & total_deductions_by_hh_size < 43","xgboost",1121,0.98305,0.97545,805,793,0.9851,0.0357,0.008,3.345,0.0772,0.9846,3.1
"1","cat_elig <=    0.500 & total_deductions_by_hh_size <= 1880.000 & unc_rawben_rel_max >    0.993 & unc_rawben_rel_max <=    3.090","ranger",2334,0.98072,0.97545,1221,1191,0.9754,0.0536,0.0211,5.074,0.0772,0.9846,3.1
"1","cat_elig <= 0.500 & rawben_rel_max > 0.993 & unc_rawben_rel_max <= 2.450","ranger",2334,0.98072,0.97545,1221,1191,0.9754,0.0536,0.0211,5.074,0.0772,0.9846,3.1
"1","count_divisible_by_100 <= 1.500 & elderly_disabled_i <= 0.500 & unc_rawben_rel_max > 0.991 & utilities <= 9.500","ranger",8878,0.97815,0.97545,4701,4587,0.9757,0.2064,0.0938,19.536,0.0772,0.9846,3.1
"1","rawben_rel_max <=  0.2660 & shelter_expenses_by_hh_size >  5.5000 & unc_rawben_rel_max <= -0.0149","ranger",3640,0.97967,0.97545,1679,1638,0.9756,0.0737,0.0316,6.978,0.0772,0.9846,3.1
"1","shelter_expenses_by_hh_size >=  305.000 & shelter_expenses_by_hh_size < 1710.000 & unc_rawben_rel_max <   -0.004","xgboost",3417,0.97981,0.97545,1590,1553,0.9767,0.0699,0.0276,6.608,0.0772,0.9846,3.1
"1","expedited_i >  0.5 & married <=  0.5 & shelter_expenses_by_hh_size <= 14.5 & total_deductions_by_hh_size <= 94.0","ranger",4039,0.97945,0.97544,1982,1944,0.9808,0.0875,0.0318,8.237,0.0772,0.9846,3.1
"1","cat_elig <=    0.500 & months_since_cert_n <=   26.500 & rawben_rel_max >    0.991 & shelter_expenses_by_hh_size <= 2340.000","ranger",2332,0.9807,0.97543,1222,1193,0.9763,0.0537,0.0207,5.078,0.0772,0.9846,3.1
"1","expedited_i >  0.5 & months_since_cert_n <= 35.5 & total_deductions_by_hh_size <= 78.4 & utilities <=  9.5","ranger",4125,0.97939,0.97543,2022,1981,0.9797,0.0891,0.0334,8.403,0.0772,0.9846,3.1
"1","shelter_expenses_by_hh_size >=  29.00 & unc_rawben_rel_max <  -0.14 & utilities < 852.00","xgboost",2514,0.98051,0.97543,1118,1095,0.9794,0.0493,0.0197,4.646,0.0772,0.9846,3.1
"1","expedited_i >  0.50 & shelter_expenses_by_hh_size <= 32.00 & total_deductions_by_hh_size <= 65.60 & unc_rawben_rel_max <=  1.93","ranger",4079,0.97941,0.97542,2005,1966,0.9805,0.0884,0.0318,8.332,0.0772,0.9846,3.1
"1","cat_elig <   1 & months_since_cert_n <   9 & total_deductions_by_hh_size < 256","xgboost",2239,0.98079,0.97541,1138,1110,0.9754,0.0499,0.0153,4.729,0.0772,0.9846,3.1
"1","cat_elig <=  0.500 & medical_deductions <= 72.500 & rawben_rel_max >  0.993 & unc_rawben_rel_max <=  2.450","ranger",2285,0.98074,0.97541,1195,1166,0.9757,0.0525,0.0202,4.966,0.0772,0.9846,3.1
"1","expedited_i >  0.500 & homeless >  0.500 & rawben_rel_max >  0.991 & total_deductions_by_hh_size <= 49.500","ranger",1405,0.98221,0.97541,666,652,0.979,0.0293,0.0117,2.768,0.0772,0.9846,3.1
"1","rawben_rel_max <  0.304 & total_deductions_by_hh_size < 18.400 & unc_rawben_rel_max <  0.000","xgboost",1452,0.98209,0.97541,674,661,0.9807,0.0297,0.0082,2.801,0.0772,0.9846,3.1
"1","cat_elig <=  0.500 & percent_abawd >  0.750 & unc_rawben_rel_max >  0.991 & utilities <= 30.500","ranger",414,0.98792,0.9754,256,253,0.9883,0.0114,0.0011,1.064,0.0772,0.9846,3.1
"1","elderly_disabled_i <=  0.500 & homeless <=  0.500 & total_deductions_by_hh_size <= 32.800 & unc_rawben_rel_max >  0.991","ranger",5652,0.97877,0.97538,3129,3044,0.9728,0.1369,0.0689,13.003,0.0772,0.9846,3.1
"1","months_since_cert_n >=    1.000 & rawben_rel_max <    0.152 & shelter_expenses_by_hh_size < 1020.000 & unc_rawben_rel_max <   -0.004","xgboost",3229,0.97987,0.97538,1458,1429,0.9801,0.0643,0.0212,6.059,0.0772,0.9846,3.1
"1","children_i <=  0.5 & elderly_disabled_i <=  0.5 & shelter_expenses_by_hh_size <= 35.5 & total_deductions_by_hh_size <=  7.8","ranger",8033,0.97821,0.97537,4268,4166,0.9761,0.1874,0.0816,17.737,0.0772,0.9846,3.1
"1","married <=   0.500 & rawben_rel_max >   0.976 & shelter_expenses_by_hh_size <=  14.500 & total_deductions_by_hh_size <= 129.000","ranger",9324,0.97801,0.97537,4961,4838,0.9752,0.2177,0.0987,20.617,0.0772,0.9846,3.1
"1","cat_elig <= 0.5 & children_i <= 0.5 & medical_deductions <= 4.5 & utilities <= 8.0","ranger",2097,0.98093,0.97536,1106,1081,0.9774,0.0486,0.0129,4.596,0.0772,0.9846,3.1
"1","homeless >  0.500 & months_since_cert_n <= 10.500 & shelter_expenses_by_hh_size <= 17.000 & unc_rawben_rel_max >  0.978","ranger",2597,0.98036,0.97536,1228,1203,0.9796,0.0541,0.0211,5.103,0.0772,0.9846,3.1
"1","elderly_disabled_i <=    0.500 & total_deductions_by_hh_size <= 2930.000 & unc_rawben_rel_max >    0.996 & utilities <=   14.500","ranger",8881,0.97804,0.97534,4709,4593,0.9754,0.2066,0.0951,19.569,0.0772,0.9846,3.1
"1","expedited_i > 0.500 & homeless > 0.500 & rawben_rel_max > 0.991 & unc_rawben_rel_max <= 1.230","ranger",1354,0.98227,0.97534,656,644,0.9817,0.029,0.0102,2.726,0.0772,0.9846,3.1
"1","months_since_cert_n <=   5.500 & rawben_rel_max >   0.906 & shelter_expenses_by_hh_size <= 479.000 & utilities <=   8.000","ranger",7118,0.97836,0.97534,3732,3650,0.978,0.1642,0.0615,15.509,0.0772,0.9846,3.1
"1","months_since_cert_n <= 14.500 & percent_abawd <=  1.500 & shelter_expenses_by_hh_size <= 14.000 & unc_rawben_rel_max >  0.947","ranger",9013,0.97803,0.97534,4821,4704,0.9757,0.2116,0.0946,20.035,0.0772,0.9846,3.1
"1","married <=   0.500 & total_deductions_by_hh_size <= 118.000 & unc_rawben_rel_max >   0.991 & utilities <=  14.500","ranger",9437,0.97796,0.97533,5014,4889,0.9751,0.2199,0.0999,20.837,0.0772,0.9846,3.1
"1","elderly_disabled_i <=   0.500 & married <=   0.500 & rawben_rel_max >   0.993 & total_deductions_by_hh_size <= 189.000","ranger",8790,0.97804,0.97532,4645,4532,0.9757,0.2039,0.0913,19.303,0.0772,0.9846,3.1
"1","married <=   0.500 & rawben_rel_max >   0.971 & total_deductions_by_hh_size <= 104.000 & utilities <=   5.000","ranger",9475,0.97794,0.97532,5047,4922,0.9752,0.2214,0.0999,20.974,0.0772,0.9846,3.1
"1","months_since_cert_n <  14.000 & rawben_rel_max >=   0.955 & total_deductions_by_hh_size < 236.000 & unc_rawben_rel_max <   1.250","xgboost",9174,0.97798,0.97532,4959,4839,0.9758,0.2177,0.0949,20.608,0.0772,0.9846,3.1
"1","months_since_cert_n <=  13.500 & rawben_rel_max >   0.991 & shelter_expenses_by_hh_size <= 226.000 & utilities <=  14.500","ranger",9133,0.97799,0.97532,4883,4763,0.9754,0.2143,0.0956,20.293,0.0772,0.9846,3.1
"1","elderly_disabled_i >   0.5 & shelter_expenses_by_hh_size > 466.0 & total_deductions_by_hh_size <=  53.5","ranger",571,0.98599,0.97531,279,268,0.9606,0.0121,0.0053,1.159,0.0772,0.9846,3.1
"1","cat_elig <=   1.5 & medical_deductions <=   0.5 & shelter_expenses_by_hh_size > 322.0 & total_deductions_by_hh_size <=   7.8","ranger",872,0.98394,0.9753,641,624,0.9735,0.0281,0.0089,2.664,0.0772,0.9846,3.1
"1","children_i <=  0.500 & rawben_rel_max >  0.802 & total_deductions_by_hh_size <= 54.300 & utilities <= 30.500","ranger",9468,0.97793,0.9753,5030,4909,0.9759,0.2208,0.096,20.903,0.0772,0.9846,3.1
"1","children_i <=  0.5 & months_since_cert_n <=  7.5 & shelter_expenses_by_hh_size <= 14.5 & total_deductions_by_hh_size <= 97.1","ranger",8263,0.9781,0.97529,4282,4182,0.9766,0.1881,0.073,17.795,0.0772,0.9846,3.1
"1","elderly_disabled_i <=  0.500 & homeless >  0.500 & rawben_rel_max >  0.971 & total_deductions_by_hh_size <= 53.000","ranger",2680,0.98022,0.97529,1293,1272,0.9838,0.0572,0.018,5.373,0.0772,0.9846,3.1
"1","expedited_i >  0.50 & rawben_rel_max >  0.09 & shelter_expenses_by_hh_size <= 16.00 & total_deductions_by_hh_size <=  2.80","ranger",3838,0.97942,0.97529,1899,1862,0.9805,0.0838,0.0309,7.892,0.0772,0.9846,3.1
"1","elderly_disabled_i <=  0.500 & rawben_rel_max >  0.991 & utilities <= 14.500","ranger",8896,0.97797,0.97526,4710,4594,0.9754,0.2067,0.0951,19.574,0.0772,0.9846,3.1
"1","expedited_i > 0.500 & rawben_rel_max > 0.996 & unc_rawben_rel_max <= 2.080 & utilities <= 9.500","ranger",4185,0.97921,0.97526,2058,2012,0.9776,0.0905,0.0379,8.553,0.0772,0.9846,3.1
"1","expedited_i <  1.000 & unc_rawben_rel_max < -0.004","xgboost",4050,0.97926,0.97524,1857,1816,0.9779,0.0817,0.0298,7.717,0.0772,0.9846,3.1
"1","months_since_cert_n >= 23.000 & rawben_rel_max <  0.241 & unc_rawben_rel_max < -0.004","xgboost",300,0.99,0.97524,135,132,0.9778,0.0059,0.0022,0.561,0.0772,0.9846,3.1
"1","count_divisible_by_100 <=  0.5 & elderly_disabled_i <=  0.5 & shelter_expenses_by_hh_size <=  5.5 & total_deductions_by_hh_size <= 60.0","ranger",8371,0.97802,0.97522,4457,4351,0.9762,0.1957,0.0862,18.522,0.0772,0.9846,3.1
"1","count_divisible_by_100 <=  1.5 & expedited_i >  0.5 & total_deductions_by_hh_size <=  8.9 & utilities <= 32.5","ranger",3914,0.97931,0.97522,1934,1897,0.9809,0.0853,0.0306,8.037,0.0772,0.9846,3.1
"1","elderly_disabled_i <=  0.500 & unc_rawben_rel_max >  0.996 & utilities <= 14.500","ranger",8882,0.97793,0.97522,4709,4593,0.9754,0.2066,0.0951,19.569,0.0772,0.9846,3.1
"1","months_since_cert_n <  22.00 & total_deductions_by_hh_size < 337.00 & unc_rawben_rel_max <  -0.56","xgboost",569,0.98594,0.97522,275,272,0.9891,0.0122,0.0021,1.143,0.0772,0.9846,3.1
"1","months_since_cert_n <= 37.000 & shelter_expenses_by_hh_size <=  5.500 & total_deductions_by_hh_size <= 59.900 & unc_rawben_rel_max >  0.991","ranger",9309,0.97787,0.97522,4933,4810,0.9751,0.2164,0.0992,20.5,0.0772,0.9846,3.1
"1","count_divisible_by_100 <=  1.500 & shelter_expenses_by_hh_size <=  5.500 & total_deductions_by_hh_size <= 80.200 & unc_rawben_rel_max >  0.971","ranger",9346,0.97785,0.97521,4970,4848,0.9755,0.2181,0.0989,20.654,0.0772,0.9846,3.1
"1","count_divisible_by_100 <=  0.5 & elderly_disabled_i <=  0.5 & months_since_cert_n <=  4.5 & total_deductions_by_hh_size <= 53.0","ranger",5652,0.97859,0.97519,2998,2929,0.977,0.1318,0.0525,12.459,0.0772,0.9846,3.1
"1","expedited_i >  0.5 & total_deductions_by_hh_size <= 78.4 & utilities <=  9.5","ranger",4127,0.97916,0.97518,2023,1982,0.9797,0.0892,0.0334,8.407,0.0772,0.9846,3.1
"1","expedited_i >  0.50 & total_deductions_by_hh_size <=  7.80 & unc_rawben_rel_max <=  1.95 & utilities <= 31.50","ranger",3906,0.97926,0.97517,1932,1894,0.9803,0.0852,0.0311,8.029,0.0772,0.9846,3.1
"1","medical_deductions <=  0.500 & rawben_rel_max >  0.976 & shelter_expenses_by_hh_size <=  5.500 & total_deductions_by_hh_size <= 60.300","ranger",9329,0.97781,0.97516,4965,4842,0.9752,0.2178,0.0992,20.633,0.0772,0.9846,3.1
"1","homeless >   0.500 & rawben_rel_max >   0.991 & total_deductions_by_hh_size <= 746.000 & unc_rawben_rel_max <=   1.220","ranger",2665,0.98011,0.97515,1323,1298,0.9811,0.0584,0.0204,5.498,0.0772,0.9846,3.1
"1","homeless >  0.500 & months_since_cert_n <= 10.500 & rawben_rel_max >  0.908 & shelter_expenses_by_hh_size <= 17.000","ranger",2619,0.98015,0.97514,1241,1216,0.9799,0.0547,0.0211,5.157,0.0772,0.9846,3.1
"1","count_divisible_by_100 <= 1.5 & elderly_disabled_i <= 0.5 & months_since_cert_n <= 4.5 & total_deductions_by_hh_size <= 2.8","ranger",5379,0.97862,0.97513,2836,2771,0.9771,0.1247,0.0498,11.786,0.0772,0.9846,3.1
"1","shelter_expenses_by_hh_size <=  5.500 & total_deductions_by_hh_size <= 59.900 & unc_rawben_rel_max >  0.991","ranger",9316,0.97778,0.97513,4940,4817,0.9751,0.2167,0.0992,20.529,0.0772,0.9846,3.1
"1","cat_elig < 1.000 & percent_abawd >= 0.500 & rawben_rel_max >= 0.935","xgboost",515,0.98641,0.97512,305,301,0.9869,0.0135,0.0017,1.268,0.0772,0.9846,3.1
"1","cat_elig <=  0.5 & expedited_i >  0.5 & medical_deductions <=  3.5 & months_since_cert_n <= 11.5","ranger",1058,0.98299,0.97511,538,526,0.9777,0.0237,0.0074,2.236,0.0772,0.9846,3.1
"1","months_since_cert_n >= 29.000 & rawben_rel_max <  0.236 & total_deductions_by_hh_size <  4.400","xgboost",106,1,0.97511,48,48,1,0.0022,0,0.199,0.0772,0.9846,3.1
"1","rawben_rel_max >  0.996 & shelter_expenses_by_hh_size <=  5.500 & total_deductions_by_hh_size <= 65.600","ranger",9309,0.97776,0.97511,4940,4817,0.9751,0.2167,0.0992,20.529,0.0772,0.9846,3.1
"1","unc_rawben_rel_max <  -0.004 & utilities >= 426.000","xgboost",1665,0.98138,0.9751,770,750,0.974,0.0337,0.0163,3.2,0.0772,0.9846,3.1
"1","cat_elig <   1 & total_deductions_by_hh_size < 281 & utilities <  52","xgboost",2210,0.98054,0.97509,1150,1123,0.9765,0.0505,0.0151,4.779,0.0772,0.9846,3.1
"1","cat_elig <= 0.5 & expedited_i > 0.5 & months_since_cert_n <= 5.5 & percent_abawd <= 0.5","ranger",667,0.98501,0.97508,330,323,0.9788,0.0145,0.0049,1.371,0.0772,0.9846,3.1
"1","children_i <=  0.50000 & unc_rawben_rel_max <= -0.00915 & utilities >  8.00000","ranger",3189,0.97962,0.97508,1469,1434,0.9762,0.0645,0.027,6.105,0.0772,0.9846,3.1
"1","shelter_expenses_by_hh_size <= 14.000 & total_deductions_by_hh_size >  0.100 & total_deductions_by_hh_size <= 60.300 & unc_rawben_rel_max >  0.616","ranger",462,0.98701,0.97508,231,231,1,0.0104,0,0.96,0.0772,0.9846,3.1
"1","cat_elig <= 0.500 & homeless <= 0.500 & months_since_cert_n <= 5.500 & unc_rawben_rel_max > 0.995","ranger",1386,0.98196,0.97507,745,731,0.9812,0.0329,0.0098,3.096,0.0772,0.9846,3.1
"1","count_divisible_by_100 <=   1.500 & total_deductions_by_hh_size <= 119.000 & unc_rawben_rel_max >   0.991 & utilities <=  14.500","ranger",9465,0.97771,0.97507,5025,4900,0.9751,0.2204,0.101,20.883,0.0772,0.9846,3.1
"1","elderly_disabled_i <  1.00 & months_since_cert_n < 17.00 & unc_rawben_rel_max >=  1.01 & unc_rawben_rel_max <  1.58","xgboost",10014,0.97763,0.97507,5359,5226,0.9752,0.2351,0.1068,22.271,0.0772,0.9846,3.1
"1","expedited_i >  0.500 & homeless <=  0.500 & rawben_rel_max >  0.991 & total_deductions_by_hh_size <= 49.500","ranger",2566,0.98012,0.97506,1291,1270,0.9837,0.0571,0.0177,5.365,0.0772,0.9846,3.1
"1","count_divisible_by_100 <=  0.50 & shelter_expenses_by_hh_size <= 14.50 & unc_rawben_rel_max >  1.02","ranger",9117,0.97773,0.97505,4855,4731,0.9745,0.2128,0.0999,20.176,0.0772,0.9846,3.1
"1","expedited_i >   0.5 & months_since_cert_n <=  35.5 & shelter_expenses_by_hh_size <=   5.5 & total_deductions_by_hh_size <= 108.0","ranger",4059,0.97906,0.97503,1988,1949,0.9804,0.0877,0.0327,8.262,0.0772,0.9846,3.1
"1","percent_abawd >   0.750 & total_deductions_by_hh_size <= 389.000 & unc_rawben_rel_max >   0.971","ranger",2918,0.97978,0.97503,1736,1692,0.9747,0.0761,0.0361,7.214,0.0772,0.9846,3.1
"1","cat_elig <= 0.500 & unc_rawben_rel_max > 0.993 & unc_rawben_rel_max <= 3.090","ranger",2338,0.98033,0.97502,1223,1193,0.9755,0.0537,0.0211,5.082,0.0772,0.9846,3.1
"1","children_i <=   0.5 & elderly_disabled_i <=   0.5 & total_deductions_by_hh_size <= 104.0 & utilities <=  14.5","ranger",8598,0.97779,0.97502,4562,4450,0.9754,0.2002,0.0873,18.959,0.0772,0.9846,3.1
"1","elderly_disabled_i >   0.5000 & rawben_rel_max <=   0.0887 & total_deductions_by_hh_size <= 300.0000","ranger",3489,0.97936,0.97502,1653,1618,0.9788,0.0728,0.0187,6.869,0.0772,0.9846,3.1
"1","married <= 0.50 & total_deductions_by_hh_size <= 7.80 & unc_rawben_rel_max > 1.02","ranger",8894,0.97774,0.97502,4724,4603,0.9744,0.2071,0.0968,19.632,0.0772,0.9846,3.1
"1","months_since_cert_n <  20.000 & percent_abawd <   0.500 & unc_rawben_rel_max <  -0.184 & utilities < 600.000","xgboost",1888,0.98093,0.97502,835,816,0.9772,0.0367,0.0167,3.47,0.0772,0.9846,3.1
"1","cat_elig <=   0.50 & count_divisible_by_100 <=   0.50 & total_deductions_by_hh_size <= 274.00 & unc_rawben_rel_max <=   1.95","ranger",2871,0.9798,0.97501,1506,1469,0.9754,0.0661,0.019,6.259,0.0772,0.9846,3.1
"1","expedited_i <=   0.5000 & rawben_rel_max <=   0.0887 & total_deductions_by_hh_size <= 189.0000","ranger",2916,0.97977,0.97501,1397,1362,0.9749,0.0613,0.0206,5.806,0.0772,0.9846,3.1
"1","expedited_i >  0.5 & homeless >  0.5 & total_deductions_by_hh_size <= 63.3 & utilities <= 30.5","ranger",1429,0.98181,0.97501,675,659,0.9763,0.0296,0.0128,2.805,0.0772,0.9846,3.1
"1","cat_elig < 1 & homeless >= 1 & months_since_cert_n < 4","xgboost",353,0.98867,0.975,161,160,0.9938,0.0072,3e-04,0.669,0.0772,0.9846,3.1
"1","cat_elig <=    0.500 & rawben_rel_max >    0.991 & total_deductions_by_hh_size <= 2220.000 & unc_rawben_rel_max >    0.993","ranger",2337,0.98032,0.975,1222,1192,0.9755,0.0536,0.0211,5.078,0.0772,0.9846,3.1
"1","expedited_i <=    0.5 & shelter_expenses_by_hh_size >  280.0 & total_deductions_by_hh_size <=    7.5 & utilities <= 1050.0","ranger",1841,0.98099,0.975,964,942,0.9772,0.0424,0.0121,4.006,0.0772,0.9846,3.1
"1","elderly_disabled_i <=  0.5 & months_since_cert_n <= 13.5 & shelter_expenses_by_hh_size <= 14.5 & total_deductions_by_hh_size <= 90.7","ranger",8377,0.9778,0.97499,4459,4353,0.9762,0.1958,0.0852,18.531,0.0772,0.9846,3.1
"1","shelter_expenses_by_hh_size <=   5.500 & total_deductions_by_hh_size <= 136.000 & unc_rawben_rel_max >   0.976","ranger",9348,0.97764,0.97499,4976,4850,0.9747,0.2182,0.1021,20.679,0.0772,0.9846,3.1
"1","cat_elig <=  0.500 & months_since_cert_n <= 26.500 & rawben_rel_max >  0.991","ranger",2335,0.9803,0.97498,1222,1193,0.9763,0.0537,0.0207,5.078,0.0772,0.9846,3.1
"1","expedited_i <   1.000 & months_since_cert_n >=  14.000 & unc_rawben_rel_max <  -0.212 & utilities < 724.000","xgboost",407,0.98771,0.97498,181,178,0.9834,0.008,0.0038,0.752,0.0772,0.9846,3.1
"1","expedited_i >   0.500 & total_deductions_by_hh_size <= 934.000 & unc_rawben_rel_max >   0.991 & utilities <=  32.000","ranger",4224,0.97893,0.97498,2083,2034,0.9765,0.0915,0.04,8.656,0.0772,0.9846,3.1
"1","percent_abawd <=   1.500 & rawben_rel_max >   0.978 & shelter_expenses_by_hh_size <=  14.500 & total_deductions_by_hh_size <= 119.000","ranger",9345,0.97764,0.97498,4964,4840,0.975,0.2177,0.1002,20.629,0.0772,0.9846,3.1
"1","expedited_i > 0.50 & rawben_rel_max > 0.09 & total_deductions_by_hh_size <= 2.80","ranger",3875,0.9791,0.97497,1927,1888,0.9798,0.0849,0.0314,8.008,0.0772,0.9846,3.1
"1","cat_elig >=    1.000 & shelter_expenses_by_hh_size < 1750.000 & unc_rawben_rel_max <   -0.162 & utilities <  852.000","xgboost",2511,0.98009,0.97496,1138,1113,0.978,0.0501,0.0226,4.729,0.0772,0.9846,3.1
"1","children_i <=  0.500 & rawben_rel_max >  0.998 & shelter_expenses_by_hh_size <= 29.500","ranger",9246,0.97761,0.97494,4924,4803,0.9754,0.2161,0.096,20.463,0.0772,0.9846,3.1
"1","rawben_rel_max >  0.947 & shelter_expenses_by_hh_size <= 14.000 & total_deductions_by_hh_size <= 53.700","ranger",9375,0.9776,0.97494,4982,4859,0.9753,0.2186,0.0992,20.704,0.0772,0.9846,3.1
"1","cat_elig <= 0.50 & unc_rawben_rel_max > 1.00 & unc_rawben_rel_max <= 3.43","ranger",2330,0.98026,0.97493,1217,1188,0.9762,0.0534,0.0205,5.058,0.0772,0.9846,3.1
"1","elderly_disabled_i <=    0.500 & rawben_rel_max >    0.969 & total_deductions_by_hh_size <= 2380.000 & utilities <=   14.500","ranger",8949,0.97765,0.97493,4748,4632,0.9756,0.2084,0.0951,19.732,0.0772,0.9846,3.1
"1","children_i <= 0.5 & elderly_disabled_i <= 0.5 & married <= 0.5 & total_deductions_by_hh_size <= 7.8","ranger",8057,0.97778,0.97492,4297,4191,0.9753,0.1885,0.0833,17.857,0.0772,0.9846,3.1
"1","children_i <= 0.5 & homeless > 0.5 & percent_abawd <= 0.5 & total_deductions_by_hh_size <= 8.9","ranger",2329,0.98025,0.97492,1004,987,0.9831,0.0444,0.012,4.172,0.0772,0.9846,3.1
"1","married <=   0.500 & medical_deductions <= 132.000 & rawben_rel_max >   0.998 & total_deductions_by_hh_size <=  17.800","ranger",9029,0.97763,0.97492,4799,4678,0.9748,0.2105,0.0968,19.943,0.0772,0.9846,3.1
"1","count_divisible_by_100 <= 0.500 & elderly_disabled_i > 0.500 & rawben_rel_max <= 0.277 & total_deductions_by_hh_size <= 2.800","ranger",3255,0.97942,0.97491,1498,1463,0.9766,0.0658,0.0165,6.225,0.0772,0.9846,3.1
"1","shelter_expenses_by_hh_size >= 245.00 & unc_rawben_rel_max >=   1.33 & unc_rawben_rel_max <   1.48","xgboost",810,0.98395,0.97491,499,491,0.984,0.0221,0.0057,2.074,0.0772,0.9846,3.1
"1","cat_elig <=  0.500 & expedited_i <=  0.500 & rawben_rel_max >  0.993 & utilities <= 39.500","ranger",954,0.98323,0.9749,522,509,0.9751,0.0229,0.0084,2.169,0.0772,0.9846,3.1
"1","children_i <  1.000 & shelter_expenses_by_hh_size < 80.000 & unc_rawben_rel_max >=  0.883 & unc_rawben_rel_max <  1.230","xgboost",9360,0.97756,0.9749,5033,4914,0.9764,0.2211,0.095,20.916,0.0772,0.9846,3.1
"1","elderly_disabled_i <=  0.5 & married <=  0.5 & shelter_expenses_by_hh_size <=  5.5 & total_deductions_by_hh_size <= 56.4","ranger",8514,0.97768,0.97489,4507,4397,0.9756,0.1978,0.0881,18.73,0.0772,0.9846,3.1
"1","married <= 0.500 & rawben_rel_max > 0.976 & total_deductions_by_hh_size <= 5.900","ranger",8935,0.97762,0.97489,4761,4640,0.9746,0.2087,0.0968,19.786,0.0772,0.9846,3.1
"1","rawben_rel_max >   0.976 & shelter_expenses_by_hh_size <=  14.500 & total_deductions_by_hh_size <= 129.000","ranger",9354,0.97755,0.97489,4975,4850,0.9749,0.2182,0.1011,20.675,0.0772,0.9846,3.1
"1","homeless >  0.500 & rawben_rel_max >  0.993 & total_deductions_by_hh_size <= 65.600 & utilities <= 14.500","ranger",2768,0.97977,0.97488,1325,1302,0.9826,0.0586,0.0191,5.506,0.0772,0.9846,3.1
"1","married <= 0.500 & rawben_rel_max > 0.976 & total_deductions_by_hh_size <= 8.800","ranger",8971,0.97759,0.97488,4781,4660,0.9747,0.2096,0.0968,19.869,0.0772,0.9846,3.1
"1","count_divisible_by_100 <= 0.5 & homeless > 0.5 & months_since_cert_n <= 5.5 & total_deductions_by_hh_size <= 2.8","ranger",2101,0.98049,0.97487,987,968,0.9807,0.0435,0.0147,4.102,0.0772,0.9846,3.1
"1","total_deductions_by_hh_size <= 119.000 & unc_rawben_rel_max >   0.991 & utilities <=  14.500","ranger",9468,0.9775,0.97486,5028,4901,0.9747,0.2205,0.1022,20.895,0.0772,0.9846,3.1
"1","cat_elig <   3.000 & shelter_expenses_by_hh_size >= 254.000 & unc_rawben_rel_max <  -0.162","xgboost",2367,0.98014,0.97485,1055,1027,0.9735,0.0462,0.0238,4.384,0.0772,0.9846,3.1
"1","count_divisible_by_100 <=  0.5 & expedited_i >  0.5 & months_since_cert_n <= 36.0 & total_deductions_by_hh_size <=  8.9","ranger",3899,0.97897,0.97484,1939,1902,0.9809,0.0856,0.03,8.058,0.0772,0.9846,3.1
"1","expedited_i > 0.50 & married <= 0.50 & total_deductions_by_hh_size <= 2.80 & unc_rawben_rel_max <= 1.93","ranger",3898,0.97896,0.97484,1938,1900,0.9804,0.0855,0.0305,8.054,0.0772,0.9846,3.1
"1","rawben_rel_max >   0.971 & total_deductions_by_hh_size <= 104.000 & utilities <=   5.000","ranger",9505,0.97749,0.97484,5061,4934,0.9749,0.222,0.1022,21.032,0.0772,0.9846,3.1
"1","children_i <=  0.500 & rawben_rel_max >  0.941 & shelter_expenses_by_hh_size <= 27.500","ranger",9331,0.97749,0.97483,4967,4847,0.9758,0.2181,0.0955,20.642,0.0772,0.9846,3.1
"1","married <=   0.500 & rawben_rel_max >   0.976 & total_deductions_by_hh_size <=   7.800 & utilities <= 192.000","ranger",8956,0.97756,0.97483,4772,4651,0.9746,0.2092,0.0968,19.831,0.0772,0.9846,3.1
"1","months_since_cert_n < 18.000 & rawben_rel_max >=  0.924 & total_deductions_by_hh_size <  9.000","xgboost",8785,0.97758,0.97483,4703,4585,0.9749,0.2063,0.0947,19.545,0.0772,0.9846,3.1
"1","cat_elig <= 0.500 & married <= 0.500 & unc_rawben_rel_max > 0.991 & unc_rawben_rel_max <= 2.610","ranger",2320,0.98017,0.97482,1213,1183,0.9753,0.0532,0.0211,5.041,0.0772,0.9846,3.1
"1","medical_deductions <= 96.200 & shelter_expenses_by_hh_size <= 14.000 & unc_rawben_rel_max >  0.976 & unc_rawben_rel_max <=  1.700","ranger",9372,0.97749,0.97482,4985,4861,0.9751,0.2187,0.1002,20.716,0.0772,0.9846,3.1
"1","children_i <= 0.500 & elderly_disabled_i > 0.500 & rawben_rel_max <= 0.305 & total_deductions_by_hh_size <= 2.800","ranger",3373,0.97925,0.97481,1603,1566,0.9769,0.0705,0.0172,6.662,0.0772,0.9846,3.1
"1","children_i <= 0.5 & months_since_cert_n <= 4.5 & total_deductions_by_hh_size <= 7.8","ranger",7007,0.97788,0.9748,3603,3521,0.9772,0.1584,0.0549,14.973,0.0772,0.9846,3.1
"1","count_divisible_by_100 <= 1.500 & expedited_i > 0.500 & rawben_rel_max > 0.991 & utilities <= 8.000","ranger",4194,0.97878,0.9748,2061,2013,0.9767,0.0906,0.0395,8.565,0.0772,0.9846,3.1
"1","months_since_cert_n < 20.00 & total_deductions_by_hh_size <  9.00 & unc_rawben_rel_max >=  1.21","xgboost",3849,0.97896,0.9748,46,45,0.9783,0.002,0.001,0.191,0.0772,0.9846,3.1
"1","children_i <=    0.5 & elderly_disabled_i <=    0.5 & shelter_expenses_by_hh_size <= 1140.0 & total_deductions_by_hh_size <=    2.8","ranger",8017,0.97767,0.97479,4279,4171,0.9748,0.1876,0.0856,17.782,0.0772,0.9846,3.1
"1","children_i <= 0.500 & homeless <= 0.500 & rawben_rel_max > 0.943 & shelter_expenses_by_hh_size <= 5.500","ranger",6454,0.978,0.97479,3585,3492,0.9741,0.1571,0.0736,14.898,0.0772,0.9846,3.1
"1","elderly_disabled_i <=   0.50 & total_deductions_by_hh_size <= 191.00 & unc_rawben_rel_max >   1.01","ranger",8771,0.97754,0.97479,4642,4527,0.9752,0.2037,0.0937,19.291,0.0772,0.9846,3.1
"1","rawben_rel_max <   0.084 & total_deductions_by_hh_size < 842.000 & unc_rawben_rel_max <  -0.004","xgboost",4063,0.97883,0.97479,1868,1824,0.9764,0.0821,0.034,7.763,0.0772,0.9846,3.1
"1","shelter_expenses_by_hh_size < 704.00 & total_deductions_by_hh_size < 692.00 & unc_rawben_rel_max >=   1.05 & unc_rawben_rel_max <   1.23","xgboost",9519,0.97741,0.97477,5056,4928,0.9747,0.2217,0.1013,21.012,0.0772,0.9846,3.1
"1","children_i <  1.000 & rawben_rel_max >=  0.979 & total_deductions_by_hh_size < 55.000","xgboost",9433,0.97742,0.97476,5011,4889,0.9757,0.2199,0.0974,20.825,0.0772,0.9846,3.1
"1","elderly_disabled_i <=  0.500 & homeless >  0.500 & rawben_rel_max >  0.802 & total_deductions_by_hh_size <= 28.900","ranger",2623,0.97979,0.97476,1262,1243,0.9849,0.0559,0.0165,5.245,0.0772,0.9846,3.1
"1","elderly_disabled_i <= 0.500 & months_since_cert_n <= 6.500 & rawben_rel_max > 0.991 & unc_rawben_rel_max <= 1.820","ranger",8805,0.97751,0.97476,4567,4467,0.9781,0.201,0.0777,18.979,0.0772,0.9846,3.1
"1","expedited_i >   0.500 & medical_deductions <= 132.000 & rawben_rel_max >   0.991 & utilities <=  32.000","ranger",4230,0.97872,0.97476,2085,2035,0.976,0.0916,0.041,8.665,0.0772,0.9846,3.1
"1","children_i <=  0.500 & total_deductions_by_hh_size <= 47.900 & unc_rawben_rel_max >  0.976","ranger",9343,0.97742,0.97475,4967,4847,0.9758,0.2181,0.0956,20.642,0.0772,0.9846,3.1
"1","count_divisible_by_100 <=  1.500 & married <=  0.500 & shelter_expenses_by_hh_size <= 14.500 & unc_rawben_rel_max >  0.991","ranger",9343,0.97742,0.97475,4952,4828,0.975,0.2172,0.0994,20.579,0.0772,0.9846,3.1
"1","expedited_i > 0.500 & married <= 0.500 & unc_rawben_rel_max > 0.991 & utilities <= 8.000","ranger",4184,0.97873,0.97474,2054,2007,0.9771,0.0903,0.0386,8.536,0.0772,0.9846,3.1
"1","cat_elig <   1.000 & rawben_rel_max <   0.116 & total_deductions_by_hh_size < 265.000","xgboost",507,0.98619,0.97473,227,224,0.9868,0.0101,0.0016,0.943,0.0772,0.9846,3.1
"1","cat_elig <= 0.500 & homeless <= 0.500 & rawben_rel_max > 0.993 & utilities <= 9.500","ranger",1275,0.98196,0.97473,702,687,0.9786,0.0309,0.0094,2.917,0.0772,0.9846,3.1
"1","children_i <=  0.500 & rawben_rel_max >  0.978 & total_deductions_by_hh_size <= 56.600","ranger",9453,0.97736,0.97471,5031,4909,0.9758,0.2208,0.0974,20.908,0.0772,0.9846,3.1
"1","children_i <= 0.5 & count_divisible_by_100 <= 1.5 & elderly_disabled_i <= 0.5 & total_deductions_by_hh_size <= 7.8","ranger",8075,0.97759,0.97471,4301,4196,0.9756,0.1888,0.0838,17.874,0.0772,0.9846,3.1
"1","married <=  0.500 & rawben_rel_max >  0.991 & unc_rawben_rel_max <=  1.470 & utilities <= 14.500","ranger",9706,0.97733,0.97471,5142,5009,0.9741,0.2253,0.1055,21.369,0.0772,0.9846,3.1
"1","rawben_rel_max <=   0.30900 & unc_rawben_rel_max <=  -0.00915 & utilities <= 851.00000","ranger",3965,0.97881,0.97471,1801,1760,0.9772,0.0792,0.0323,7.485,0.0772,0.9846,3.1
"1","children_i <=  0.500 & total_deductions_by_hh_size <= 55.500 & unc_rawben_rel_max >  0.991","ranger",9411,0.97737,0.9747,4998,4876,0.9756,0.2194,0.0974,20.77,0.0772,0.9846,3.1
"1","elderly_disabled_i <= 0.50 & expedited_i > 0.50 & months_since_cert_n <= 7.50 & rawben_rel_max > 0.95","ranger",4348,0.97861,0.97469,2137,2089,0.9775,0.094,0.0406,8.881,0.0772,0.9846,3.1
"1","homeless <  1.000 & rawben_rel_max <  0.992 & unc_rawben_rel_max < -0.076","xgboost",3401,0.97912,0.97469,1531,1497,0.9778,0.0673,0.0273,6.362,0.0772,0.9846,3.1
"1","elderly_disabled_i <= 0.50 & rawben_rel_max > 0.68 & shelter_expenses_by_hh_size <= 5.00","ranger",8609,0.97747,0.97468,4564,4452,0.9755,0.2003,0.09,18.967,0.0772,0.9846,3
"1","rawben_rel_max <=  0.2680 & unc_rawben_rel_max <= -0.0443","ranger",3788,0.97888,0.97468,1725,1684,0.9762,0.0758,0.0332,7.169,0.0772,0.9846,3
"1","children_i <=  0.5 & months_since_cert_n <= 12.5 & shelter_expenses_by_hh_size <=  5.5 & total_deductions_by_hh_size <= 80.2","ranger",9814,0.97728,0.97467,5192,5068,0.9761,0.228,0.094,21.577,0.0772,0.9846,3
"1","children_i <=  0.500 & rawben_rel_max >  0.943 & total_deductions_by_hh_size <= 53.600","ranger",9477,0.97731,0.97466,5033,4910,0.9756,0.2209,0.0981,20.916,0.0772,0.9846,3
"1","count_divisible_by_100 <=  1.500 & rawben_rel_max >  0.976 & total_deductions_by_hh_size <= 18.800","ranger",9103,0.97737,0.97466,4841,4720,0.975,0.2123,0.0979,20.118,0.0772,0.9846,3
"1","expedited_i > 0.50 & months_since_cert_n <= 4.50 & percent_abawd <= 0.75 & total_deductions_by_hh_size <= 8.80","ranger",1816,0.98073,0.97466,838,827,0.9869,0.0372,0.0076,3.483,0.0772,0.9846,3
"1","children_i <=  0.500 & homeless <=  0.500 & shelter_expenses_by_hh_size <= 14.500 & unc_rawben_rel_max >  0.976","ranger",6419,0.97788,0.97465,3573,3480,0.974,0.1566,0.0736,14.849,0.0772,0.9846,3
"1","children_i <=  0.500 & rawben_rel_max >  0.991 & total_deductions_by_hh_size <= 57.700","ranger",9431,0.97731,0.97465,5001,4879,0.9756,0.2195,0.0974,20.783,0.0772,0.9846,3
"1","count_divisible_by_100 <=  0.5 & medical_deductions <=  0.5 & total_deductions_by_hh_size <= 32.8 & unc_rawben_rel_max >  1.0","ranger",9141,0.97735,0.97465,4859,4736,0.9747,0.2131,0.0991,20.193,0.0772,0.9846,3
"1","medical_deductions <= 100.00 & shelter_expenses_by_hh_size <=   5.50 & unc_rawben_rel_max >   1.02","ranger",9265,0.97733,0.97465,4918,4792,0.9744,0.2156,0.101,20.438,0.0772,0.9846,3
"1","medical_deductions <= 132.00 & shelter_expenses_by_hh_size <=   5.50 & unc_rawben_rel_max >   1.02","ranger",9266,0.97734,0.97465,4921,4794,0.9742,0.2157,0.1019,20.45,0.0772,0.9846,3
"1","total_deductions_by_hh_size >   2.80000 & total_deductions_by_hh_size <= 392.00000 & unc_rawben_rel_max <=  -0.00915","ranger",1905,0.98058,0.97465,879,863,0.9818,0.0388,0.0111,3.653,0.0772,0.9846,3
"1","cat_elig <= 0.50 & homeless <= 0.50 & total_deductions_by_hh_size <= 8.80 & unc_rawben_rel_max > 1.21","ranger",556,0.98561,0.97464,0,0,NA,0,0,0,0.0772,0.9846,3
"1","rawben_rel_max <=  0.2660 & unc_rawben_rel_max <= -0.0406","ranger",3825,0.97882,0.97464,1738,1696,0.9758,0.0763,0.034,7.223,0.0772,0.9846,3
"1","total_deductions_by_hh_size < 1010.000 & unc_rawben_rel_max <   -0.004","xgboost",4123,0.97866,0.97463,1894,1849,0.9762,0.0832,0.035,7.871,0.0772,0.9846,3
"1","children_i <= 0.5 & elderly_disabled_i <= 0.5 & total_deductions_by_hh_size <= 8.8","ranger",8089,0.9775,0.97462,4314,4206,0.975,0.1892,0.0856,17.928,0.0772,0.9846,3
"1","married <= 0.500 & rawben_rel_max > 0.943 & total_deductions_by_hh_size <= 7.800","ranger",9004,0.97734,0.97462,4789,4668,0.9747,0.21,0.0968,19.902,0.0772,0.9846,3
"1","children_i <   1 & shelter_expenses_by_hh_size >= 300 & total_deductions_by_hh_size <   9","xgboost",1678,0.98093,0.97461,911,888,0.9748,0.0399,0.0115,3.786,0.0772,0.9846,3
"1","medical_deductions <= 70.000 & months_since_cert_n <= 37.000 & shelter_expenses_by_hh_size <= 14.500 & unc_rawben_rel_max >  0.976","ranger",9374,0.97728,0.9746,4984,4858,0.9747,0.2186,0.101,20.712,0.0772,0.9846,3
"1","shelter_expenses_by_hh_size < 1530.00 & unc_rawben_rel_max >=    1.03 & unc_rawben_rel_max <    1.20 & utilities <  417.00","xgboost",1360,0.98162,0.9746,774,763,0.9858,0.0343,0.0061,3.217,0.0772,0.9846,3
"1","total_deductions_by_hh_size < 321.000 & unc_rawben_rel_max >=   0.972 & unc_rawben_rel_max <   1.230","xgboost",9621,0.97724,0.9746,5149,5021,0.9751,0.2259,0.1012,21.398,0.0772,0.9846,3
"1","children_i <=  0.50 & months_since_cert_n <= 36.50 & total_deductions_by_hh_size <= 56.60 & unc_rawben_rel_max >  1.01","ranger",9370,0.97727,0.97459,4975,4853,0.9755,0.2183,0.0974,20.675,0.0772,0.9846,3
"1","homeless <=   0.50 & percent_abawd >   0.75 & shelter_expenses_by_hh_size <=  27.50 & total_deductions_by_hh_size <= 116.00","ranger",2034,0.98033,0.97459,1187,1154,0.9722,0.0519,0.0266,4.933,0.0772,0.9846,3
"1","shelter_expenses_by_hh_size >= 382 & utilities >= 875 & utilities < 886","xgboost",453,0.98675,0.97459,1,1,1,0,0,0.004,0.0772,0.9846,3
"1","children_i <=  0.500 & homeless >  0.500 & rawben_rel_max >  0.978 & shelter_expenses_by_hh_size <= 17.000","ranger",2779,0.97949,0.97458,1336,1311,0.9813,0.059,0.0205,5.552,0.0772,0.9846,3
"1","count_divisible_by_100 <= 0.5 & expedited_i > 0.5 & total_deductions_by_hh_size <= 8.9","ranger",3901,0.97872,0.97458,1940,1903,0.9809,0.0856,0.03,8.062,0.0772,0.9846,3
"1","married <=  0.500 & rawben_rel_max >  0.991 & total_deductions_by_hh_size <= 28.900","ranger",9198,0.97728,0.97458,4874,4751,0.9748,0.2137,0.0983,20.255,0.0772,0.9846,3
"1","medical_deductions <= 132.000 & rawben_rel_max >   0.991 & shelter_expenses_by_hh_size <=   5.500","ranger",9364,0.97725,0.97458,4964,4837,0.9744,0.2176,0.1019,20.629,0.0772,0.9846,3
"1","children_i <= 0.500 & expedited_i > 0.500 & months_since_cert_n <= 5.500 & rawben_rel_max > 0.991","ranger",4284,0.97852,0.97457,2075,2026,0.9764,0.0911,0.0397,8.623,0.0772,0.9846,3
"1","rawben_rel_max >=   0.945 & total_deductions_by_hh_size < 154.000 & unc_rawben_rel_max <   1.230","xgboost",9526,0.97722,0.97457,5111,4986,0.9755,0.2243,0.1004,21.24,0.0772,0.9846,3
"1","elderly_disabled_i < 1.00 & unc_rawben_rel_max >= 1.01 & unc_rawben_rel_max < 1.58","xgboost",10186,0.97713,0.97456,5419,5284,0.9751,0.2377,0.1088,22.52,0.0772,0.9846,3
"1","cat_elig <=    0.500 & rawben_rel_max >    0.991 & total_deductions_by_hh_size <= 2220.000","ranger",2339,0.97991,0.97455,1224,1194,0.9755,0.0537,0.0211,5.087,0.0772,0.9846,3
"1","married <=   0.500 & rawben_rel_max >   0.991 & total_deductions_by_hh_size <= 240.000 & utilities <=  12.500","ranger",9560,0.9772,0.97455,5075,4943,0.974,0.2224,0.1045,21.09,0.0772,0.9846,3
"1","medical_deductions <= 109.00 & shelter_expenses_by_hh_size <=  14.50 & unc_rawben_rel_max >   1.02","ranger",9271,0.97724,0.97455,4922,4796,0.9744,0.2158,0.101,20.455,0.0772,0.9846,3
"1","months_since_cert_n <= 37.000 & rawben_rel_max >  0.991 & shelter_expenses_by_hh_size <=  5.500 & unc_rawben_rel_max <=  1.700","ranger",9354,0.97723,0.97455,4953,4827,0.9746,0.2172,0.1021,20.583,0.0772,0.9846,3
"1","children_i <=   0.500 & rawben_rel_max >   0.993 & shelter_expenses_by_hh_size <= 217.000 & utilities <=  30.500","ranger",9475,0.9772,0.97454,5035,4907,0.9746,0.2208,0.1004,20.924,0.0772,0.9846,3
"1","elderly_disabled_i <   1.000 & rawben_rel_max >=   0.948 & total_deductions_by_hh_size < 202.000 & unc_rawben_rel_max >=  -0.004","xgboost",8936,0.97728,0.97454,4726,4611,0.9757,0.2074,0.0937,19.64,0.0772,0.9846,3
"1","homeless > 0.5 & months_since_cert_n <= 5.5 & total_deductions_by_hh_size <= 2.8","ranger",2118,0.98017,0.97454,997,977,0.9799,0.044,0.0149,4.143,0.0772,0.9846,3
"1","children_i <= 0.500 & months_since_cert_n <= 5.500 & rawben_rel_max > 0.991 & utilities <= 9.500","ranger",7059,0.97762,0.97453,3706,3622,0.9773,0.1629,0.0617,15.401,0.0772,0.9846,3
"1","married <=  0.500 & shelter_expenses_by_hh_size <= 14.500 & unc_rawben_rel_max >  0.991","ranger",9347,0.97721,0.97453,4956,4830,0.9746,0.2173,0.1006,20.596,0.0772,0.9846,3
"1","medical_deductions <=  3.500 & shelter_expenses_by_hh_size <= 13.000 & unc_rawben_rel_max >  0.971 & unc_rawben_rel_max <=  1.930","ranger",9387,0.9772,0.97453,4991,4865,0.9748,0.2189,0.101,20.741,0.0772,0.9846,3
"1","medical_deductions <= 132.000 & shelter_expenses_by_hh_size <=   5.500 & unc_rawben_rel_max >   0.947 & unc_rawben_rel_max <=   3.430","ranger",9424,0.97719,0.97452,5006,4879,0.9746,0.2195,0.1019,20.804,0.0772,0.9846,3
"1","rawben_rel_max >  0.991 & total_deductions_by_hh_size <= 14.500","ranger",9054,0.97725,0.97452,4800,4677,0.9744,0.2104,0.0992,19.948,0.0772,0.9846,3
"1","medical_deductions <= 96.200 & shelter_expenses_by_hh_size <= 14.000 & unc_rawben_rel_max >  0.976","ranger",9381,0.97719,0.97451,4991,4865,0.9748,0.2189,0.101,20.741,0.0772,0.9846,3
"1","months_since_cert_n <  32.000 & shelter_expenses_by_hh_size >= 436.000 & unc_rawben_rel_max >=  -1.170 & unc_rawben_rel_max <  -0.004","xgboost",2685,0.97952,0.97451,1230,1198,0.974,0.0539,0.0217,5.112,0.0772,0.9846,3
"1","rawben_rel_max > 0.113 & total_deductions_by_hh_size <= 7.800 & unc_rawben_rel_max > 1.020","ranger",8924,0.97725,0.97451,4736,4613,0.974,0.2075,0.0992,19.682,0.0772,0.9846,3
"1","children_i <=  0.50 & total_deductions_by_hh_size <= 56.60 & unc_rawben_rel_max >  1.01","ranger",9377,0.97718,0.9745,4982,4860,0.9755,0.2186,0.0974,20.704,0.0772,0.9846,3
"1","homeless >   0.500 & medical_deductions <= 788.000 & rawben_rel_max >   0.991 & utilities <=   9.500","ranger",2814,0.97939,0.9745,1347,1321,0.9807,0.0594,0.0214,5.598,0.0772,0.9846,3
"1","cat_elig <= 0.500 & medical_deductions <= 6.500 & rawben_rel_max > 0.993","ranger",2290,0.97991,0.97449,1196,1167,0.9758,0.0525,0.0202,4.97,0.0772,0.9846,3
"1","children_i <=   0.50 & shelter_expenses_by_hh_size > 268.00 & total_deductions_by_hh_size <=   2.80 & unc_rawben_rel_max >  -1.29","ranger",1981,0.98031,0.97449,999,977,0.978,0.044,0.0115,4.152,0.0772,0.9846,3
"1","medical_deductions <=   70.000 & rawben_rel_max >    0.991 & shelter_expenses_by_hh_size <=   16.500 & total_deductions_by_hh_size <= 2930.000","ranger",9372,0.97717,0.97449,4965,4839,0.9746,0.2177,0.101,20.633,0.0772,0.9846,3
"1","cat_elig <=  0.5 & children_i <=  0.5 & shelter_expenses_by_hh_size >  5.5 & total_deductions_by_hh_size <= 66.7","ranger",451,0.9867,0.97448,240,236,0.9833,0.0106,0.0018,0.997,0.0772,0.9846,3
"1","homeless >  0.500 & rawben_rel_max >  0.993 & utilities <= 14.500","ranger",2812,0.97937,0.97448,1347,1321,0.9807,0.0594,0.0214,5.598,0.0772,0.9846,3
"1","months_since_cert_n >=   2.000 & shelter_expenses_by_hh_size >= 430.000 & unc_rawben_rel_max <  -0.056","xgboost",2245,0.97996,0.97448,1040,1016,0.9769,0.0457,0.0196,4.322,0.0772,0.9846,3
"1","children_i <=  0.50000 & rawben_rel_max <=  0.37700 & unc_rawben_rel_max <= -0.00915","ranger",4097,0.97852,0.97447,1882,1834,0.9745,0.0825,0.0381,7.821,0.0772,0.9846,3
"1","count_divisible_by_100 <=   1.500 & shelter_expenses_by_hh_size <= 306.000 & total_deductions_by_hh_size <=   7.800 & unc_rawben_rel_max >   0.971","ranger",8993,0.9772,0.97447,4784,4663,0.9747,0.2098,0.0979,19.881,0.0772,0.9846,3
"1","elderly_disabled_i <=  0.500 & percent_abawd >  0.750 & rawben_rel_max >  0.991 & utilities <= 12.500","ranger",2811,0.97937,0.97447,1660,1617,0.9741,0.0727,0.0347,6.899,0.0772,0.9846,3
"1","homeless > 0.500 & rawben_rel_max > 0.991 & unc_rawben_rel_max <= 1.930 & utilities <= 9.500","ranger",2811,0.97937,0.97447,1347,1321,0.9807,0.0594,0.0214,5.598,0.0772,0.9846,3
"1","count_divisible_by_100 <= 0.500 & rawben_rel_max > 0.991 & unc_rawben_rel_max <= 1.510 & utilities <= 8.000","ranger",9486,0.97712,0.97446,5035,4906,0.9744,0.2207,0.103,20.924,0.0772,0.9846,3
"1","count_divisible_by_100 <= 1.500 & rawben_rel_max > 0.991 & shelter_expenses_by_hh_size <= 5.500 & unc_rawben_rel_max <= 1.930","ranger",9361,0.97714,0.97446,4958,4832,0.9746,0.2174,0.1017,20.604,0.0772,0.9846,3
"1","elderly_disabled_i <=  0.5 & married <=  0.5 & total_deductions_by_hh_size <= 56.7 & utilities <=  5.0","ranger",8619,0.97726,0.97446,4559,4444,0.9748,0.1999,0.0899,18.946,0.0772,0.9846,3
"1","homeless >   0.500 & rawben_rel_max >   0.991 & total_deductions_by_hh_size <= 758.000 & utilities <=   9.500","ranger",2810,0.97936,0.97446,1347,1321,0.9807,0.0594,0.0214,5.598,0.0772,0.9846,3
"1","shelter_expenses_by_hh_size >= 305 & total_deductions_by_hh_size <   9","xgboost",1533,0.98108,0.97445,818,794,0.9707,0.0357,0.0124,3.399,0.0772,0.9846,3
"1","elderly_disabled_i <=  0.500 & homeless <=  0.500 & rawben_rel_max >  0.802 & total_deductions_by_hh_size <= 61.200","ranger",6030,0.97778,0.97443,3320,3229,0.9726,0.1453,0.0737,13.797,0.0772,0.9846,3
"1","expedited_i > 0.500 & homeless > 0.500 & percent_abawd <= 0.250 & rawben_rel_max > 0.991","ranger",1168,0.98202,0.97442,482,474,0.9834,0.0213,0.0063,2.003,0.0772,0.9846,3
"1","married <= 0.500 & unc_rawben_rel_max > 0.991 & unc_rawben_rel_max <= 1.500 & utilities <= 9.500","ranger",9719,0.97706,0.97442,5146,5013,0.9742,0.2255,0.1055,21.386,0.0772,0.9846,3
"1","medical_deductions <= 132.000 & rawben_rel_max >   0.998 & total_deductions_by_hh_size <=  17.800","ranger",9059,0.97715,0.97442,4812,4689,0.9744,0.211,0.0992,19.998,0.0772,0.9846,3
"1","count_divisible_by_100 <=  1.500 & rawben_rel_max >  0.976 & shelter_expenses_by_hh_size <= 14.500 & unc_rawben_rel_max <=  3.150","ranger",9382,0.97708,0.9744,4992,4866,0.9748,0.2189,0.1017,20.746,0.0772,0.9846,3
"1","total_deductions_by_hh_size <= 18.800 & unc_rawben_rel_max >  0.991","ranger",9092,0.97712,0.9744,4823,4700,0.9745,0.2114,0.0992,20.043,0.0772,0.9846,3
"1","children_i <=  0.5 & expedited_i >  0.5 & married <=  0.5 & total_deductions_by_hh_size <= 58.5","ranger",4168,0.97841,0.97438,2064,2023,0.9801,0.091,0.0322,8.577,0.0772,0.9846,3
"1","count_divisible_by_100 <=  0.50000 & rawben_rel_max <=  0.99100 & unc_rawben_rel_max <= -0.00915","ranger",3955,0.97851,0.97438,1807,1761,0.9745,0.0792,0.0356,7.509,0.0772,0.9846,3
"1","expedited_i > 0.5 & total_deductions_by_hh_size <= 2.8","ranger",3914,0.97854,0.97438,1945,1906,0.9799,0.0857,0.0314,8.083,0.0772,0.9846,3
"1","medical_deductions <= 152.000 & total_deductions_by_hh_size <= 151.000 & unc_rawben_rel_max >   0.976 & utilities <=   5.000","ranger",9539,0.97704,0.97438,5082,4951,0.9742,0.2227,0.1052,21.12,0.0772,0.9846,3
"1","medical_deductions <= 621.000 & total_deductions_by_hh_size <= 128.000 & unc_rawben_rel_max >   0.941 & utilities <=   5.000","ranger",9581,0.97704,0.97438,5098,4971,0.9751,0.2236,0.1022,21.186,0.0772,0.9846,3
"1","medical_deductions <= 70.000 & rawben_rel_max >  0.991 & shelter_expenses_by_hh_size <= 16.500","ranger",9373,0.97706,0.97438,4965,4839,0.9746,0.2177,0.101,20.633,0.0772,0.9846,3
"1","elderly_disabled_i <  1.000 & months_since_cert_n < 13.000 & rawben_rel_max >=  0.992 & unc_rawben_rel_max <  1.810","xgboost",10848,0.97686,0.97437,5729,5585,0.9749,0.2513,0.1167,23.808,0.0772,0.9846,3
"1","elderly_disabled_i <=  0.5 & shelter_expenses_by_hh_size <=  2.5 & total_deductions_by_hh_size <= 60.3","ranger",8546,0.97718,0.97437,4525,4413,0.9752,0.1985,0.0904,18.805,0.0772,0.9846,3
"1","homeless <= 0.50 & percent_abawd > 0.75 & total_deductions_by_hh_size <= 8.90","ranger",1928,0.98029,0.97437,1124,1091,0.9706,0.0491,0.0266,4.671,0.0772,0.9846,3
"1","married <=  0.500 & rawben_rel_max >  0.971 & shelter_expenses_by_hh_size <= 32.500 & total_deductions_by_hh_size <= 48.800","ranger",9411,0.97705,0.97437,5000,4875,0.975,0.2193,0.0998,20.779,0.0772,0.9846,3
"1","cat_elig <=    0.500 & married <=    0.500 & total_deductions_by_hh_size <= 2930.000 & unc_rawben_rel_max >    0.993","ranger",2322,0.97976,0.97436,1212,1182,0.9752,0.0532,0.0211,5.037,0.0772,0.9846,3
"1","count_divisible_by_100 <=  0.5 & months_since_cert_n <= 10.5 & shelter_expenses_by_hh_size <=  5.0 & total_deductions_by_hh_size <= 90.7","ranger",9449,0.97703,0.97436,4962,4843,0.976,0.2179,0.0919,20.621,0.0772,0.9846,3
"1","expedited_i >    0.500 & months_since_cert_n <=    4.500 & rawben_rel_max >    0.991 & shelter_expenses_by_hh_size <= 2800.000","ranger",3910,0.97852,0.97436,1854,1815,0.979,0.0817,0.0311,7.705,0.0772,0.9846,3
"1","homeless >   0.50 & medical_deductions <= 109.00 & shelter_expenses_by_hh_size <=  14.50 & unc_rawben_rel_max >   1.02","ranger",2755,0.97931,0.97436,1323,1298,0.9811,0.0584,0.0204,5.498,0.0772,0.9846,3
"1","cat_elig <=  0.5 & children_i <=  0.5 & months_since_cert_n <= 25.5 & utilities <=  7.5","ranger",2146,0.97996,0.97435,1125,1097,0.9751,0.0494,0.0146,4.675,0.0772,0.9846,3
"1","elderly_disabled_i <=   0.500 & rawben_rel_max >   0.811 & shelter_expenses_by_hh_size <= 504.000 & utilities <=  30.500","ranger",9033,0.97708,0.97435,4771,4656,0.9759,0.2095,0.0928,19.827,0.0772,0.9846,3
"1","months_since_cert_n <=  37.000 & rawben_rel_max >   0.991 & total_deductions_by_hh_size <= 216.000 & utilities <=   5.000","ranger",9569,0.97701,0.97435,5072,4939,0.9738,0.2222,0.1059,21.078,0.0772,0.9846,3
"1","shelter_expenses_by_hh_size >= 300.0 & total_deductions_by_hh_size <   4.4","xgboost",1616,0.98082,0.97435,879,859,0.9772,0.0386,0.0109,3.653,0.0772,0.9846,3
"1","medical_deductions <= 132.000 & rawben_rel_max >   0.943 & shelter_expenses_by_hh_size <=   5.500","ranger",9438,0.97701,0.97433,5018,4891,0.9747,0.22,0.1019,20.854,0.0772,0.9846,3
"1","rawben_rel_max >   0.976 & total_deductions_by_hh_size <=   7.800 & utilities <= 192.000","ranger",8986,0.97708,0.97433,4785,4662,0.9743,0.2097,0.0992,19.885,0.0772,0.9846,3
"1","expedited_i >  0.500 & rawben_rel_max >  0.991 & utilities <= 12.500","ranger",4200,0.97833,0.97432,2062,2014,0.9767,0.0906,0.0395,8.569,0.0772,0.9846,3
"1","medical_deductions <= 70.000 & shelter_expenses_by_hh_size <=  5.500 & unc_rawben_rel_max >  0.943","ranger",9436,0.977,0.97432,5014,4888,0.9749,0.2199,0.101,20.837,0.0772,0.9846,3
"1","count_divisible_by_100 <=    1.500 & shelter_expenses_by_hh_size <=    5.500 & total_deductions_by_hh_size <= 2930.000 & unc_rawben_rel_max >    0.947","ranger",9429,0.97699,0.97431,5004,4878,0.9748,0.2195,0.1017,20.795,0.0772,0.9846,3
"1","count_divisible_by_100 <=  1.500 & rawben_rel_max >  0.991 & total_deductions_by_hh_size <= 28.900","ranger",9226,0.97702,0.97431,4884,4761,0.9748,0.2142,0.0994,20.297,0.0772,0.9846,3
"1","homeless >  0.500 & rawben_rel_max >  0.978 & shelter_expenses_by_hh_size <= 17.000","ranger",2792,0.97923,0.9743,1338,1312,0.9806,0.059,0.0214,5.56,0.0772,0.9846,3
"1","elderly_disabled_i <=  0.5 & married <=  0.5 & total_deductions_by_hh_size <= 61.0 & utilities <= 12.5","ranger",8642,0.97709,0.97429,4566,4450,0.9746,0.2002,0.0908,18.975,0.0772,0.9846,3
"1","married <=   0.500 & rawben_rel_max >   0.991 & total_deductions_by_hh_size <= 277.000 & utilities <=   9.500","ranger",9586,0.97695,0.97429,5089,4957,0.9741,0.223,0.1045,21.149,0.0772,0.9846,3
"1","months_since_cert_n <= 5.50 & percent_abawd > 0.75 & total_deductions_by_hh_size <= 2.80","ranger",1834,0.98037,0.97429,1086,1062,0.9779,0.0478,0.0172,4.513,0.0772,0.9846,3
"1","shelter_expenses_by_hh_size <= 1830.000 & unc_rawben_rel_max >    0.991 & unc_rawben_rel_max <=    1.410 & utilities <=    9.500","ranger",9712,0.97694,0.97429,5130,4996,0.9739,0.2248,0.1069,21.319,0.0772,0.9846,3
"1","expedited_i >   0.50 & medical_deductions <= 125.00 & percent_abawd >   0.75 & total_deductions_by_hh_size <=  61.20","ranger",1298,0.98151,0.97428,698,681,0.9756,0.0306,0.0151,2.901,0.0772,0.9846,3
"1","married <=  0.500 & shelter_expenses_by_hh_size <= 14.000 & unc_rawben_rel_max >  0.943","ranger",9421,0.97697,0.97428,5010,4884,0.9749,0.2197,0.1006,20.82,0.0772,0.9846,3
"1","months_since_cert_n < 8.00 & rawben_rel_max < 0.11 & total_deductions_by_hh_size < 9.00 & unc_rawben_rel_max < 1.02","xgboost",931,0.98281,0.97428,421,410,0.9739,0.0184,0.0069,1.75,0.0772,0.9846,3
"1","count_divisible_by_100 <=    1.500 & shelter_expenses_by_hh_size <=   16.500 & total_deductions_by_hh_size <= 2930.000 & unc_rawben_rel_max >    0.991","ranger",9376,0.97696,0.97427,4966,4840,0.9746,0.2177,0.1017,20.637,0.0772,0.9846,3
"1","expedited_i >  0.500 & unc_rawben_rel_max >  0.991 & utilities <= 32.000","ranger",4235,0.97828,0.97427,2086,2036,0.976,0.0916,0.041,8.669,0.0772,0.9846,3
"1","homeless >  0.50 & months_since_cert_n <=  5.50 & total_deductions_by_hh_size <=  8.90 & unc_rawben_rel_max > -2.49","ranger",2139,0.9799,0.97427,1010,990,0.9802,0.0445,0.0149,4.197,0.0772,0.9846,3
"1","medical_deductions <= 298.000 & months_since_cert_n <=  37.000 & rawben_rel_max >   0.976 & shelter_expenses_by_hh_size <=   5.500","ranger",9374,0.97696,0.97427,4984,4856,0.9743,0.2185,0.1029,20.712,0.0772,0.9846,3
"1","count_divisible_by_100 <=  1.500 & total_deductions_by_hh_size <= 29.900 & unc_rawben_rel_max >  0.991","ranger",9247,0.97697,0.97426,4898,4774,0.9747,0.2148,0.0999,20.355,0.0772,0.9846,3
"1","rawben_rel_max <   0.084 & shelter_expenses_by_hh_size >= 440.000 & total_deductions_by_hh_size <  92.000 & utilities >=  30.000","xgboost",694,0.98415,0.97426,365,354,0.9699,0.0159,0.0062,1.517,0.0772,0.9846,3
"1","count_divisible_by_100 <=  1.500 & percent_abawd <=  1.500 & shelter_expenses_by_hh_size <= 14.500 & unc_rawben_rel_max >  0.991","ranger",9366,0.97694,0.97425,4956,4830,0.9746,0.2173,0.1017,20.596,0.0772,0.9846,3
"1","expedited_i >=   1.000 & rawben_rel_max >=   0.261 & shelter_expenses_by_hh_size < 376.000 & total_deductions_by_hh_size <  14.000","xgboost",3893,0.97842,0.97425,1926,1887,0.9798,0.0849,0.0319,8.004,0.0772,0.9846,3
"1","cat_elig <= 0.5 & expedited_i <= 0.5 & shelter_expenses_by_hh_size <= 5.5","ranger",1068,0.98221,0.97423,582,568,0.9759,0.0256,0.0092,2.419,0.0772,0.9846,3
"1","homeless > 0.500 & medical_deductions <= 0.500 & shelter_expenses_by_hh_size <= 5.500 & unc_rawben_rel_max > 0.991","ranger",2784,0.97917,0.97423,1331,1306,0.9812,0.0588,0.0204,5.531,0.0772,0.9846,3
"1","cat_elig <= 0.50 & unc_rawben_rel_max > 1.02","ranger",2308,0.97964,0.97421,1204,1175,0.9759,0.0529,0.0205,5.004,0.0772,0.9846,3
"1","children_i <=  0.5 & expedited_i >  0.5 & total_deductions_by_hh_size <= 58.5","ranger",4182,0.97824,0.97421,2069,2027,0.9797,0.0912,0.0332,8.598,0.0772,0.9846,3
"1","count_divisible_by_100 <  1.00 & unc_rawben_rel_max >=  1.01 & unc_rawben_rel_max <  1.25 & utilities < 54.00","xgboost",9313,0.97691,0.97421,4985,4861,0.9751,0.2187,0.0987,20.716,0.0772,0.9846,3
"1","months_since_cert_n >   5.5000 & percent_abawd <=   0.2500 & rawben_rel_max <=   0.0887 & total_deductions_by_hh_size <= 246.0000","ranger",1960,0.9801,0.97421,956,934,0.977,0.042,0.0119,3.973,0.0772,0.9846,3
"1","shelter_expenses_by_hh_size <= 5.50 & unc_rawben_rel_max > 1.02","ranger",9273,0.97692,0.97421,4923,4795,0.974,0.2157,0.1029,20.459,0.0772,0.9846,3
"1","cat_elig < 1.00 & months_since_cert_n < 4.00 & percent_abawd >= 1.00 & unc_rawben_rel_max >= 1.04","xgboost",342,0.9883,0.9742,192,191,0.9948,0.0086,5e-04,0.798,0.0772,0.9846,3
"1","count_divisible_by_100 <= 1.500 & shelter_expenses_by_hh_size <= 5.500 & unc_rawben_rel_max > 0.947","ranger",9430,0.97688,0.9742,5004,4878,0.9748,0.2195,0.1017,20.795,0.0772,0.9846,3
"1","rawben_rel_max >  0.976 & shelter_expenses_by_hh_size <= 14.500 & unc_rawben_rel_max <=  3.150","ranger",9386,0.97688,0.97419,4996,4868,0.9744,0.219,0.1029,20.762,0.0772,0.9846,3
"1","unc_rawben_rel_max > 0.991 & unc_rawben_rel_max <= 1.410 & utilities <= 9.500","ranger",9713,0.97684,0.97419,5130,4996,0.9739,0.2248,0.1069,21.319,0.0772,0.9846,3
"1","cat_elig >  0.500 & elderly_disabled_i <=  0.500 & total_deductions_by_hh_size <= 14.500 & unc_rawben_rel_max >  0.806","ranger",6633,0.97739,0.97418,3550,3456,0.9735,0.1555,0.0791,14.753,0.0772,0.9846,3
"1","count_divisible_by_100 <= 1.500 & rawben_rel_max > 0.947 & shelter_expenses_by_hh_size <= 2.500","ranger",9424,0.97687,0.97418,5004,4878,0.9748,0.2195,0.1017,20.795,0.0772,0.9846,3
"1","elderly_disabled_i <=   0.5 & medical_deductions <= 631.0 & shelter_expenses_by_hh_size <=  14.5 & total_deductions_by_hh_size <=  63.4","ranger",8565,0.977,0.97418,4532,4420,0.9753,0.1988,0.0904,18.834,0.0772,0.9846,3
"1","medical_deductions <= 804.000 & shelter_expenses_by_hh_size <=   5.500 & unc_rawben_rel_max >   0.998 & unc_rawben_rel_max <=   1.950","ranger",9341,0.97688,0.97418,4959,4831,0.9742,0.2173,0.1029,20.608,0.0772,0.9846,3
"1","months_since_cert_n <= 37.000 & shelter_expenses_by_hh_size <= 14.500 & unc_rawben_rel_max >  0.976","ranger",9382,0.97687,0.97418,4989,4861,0.9743,0.2187,0.1029,20.733,0.0772,0.9846,3
"1","percent_abawd >  0.750 & rawben_rel_max >  0.798 & total_deductions_by_hh_size <= 61.200","ranger",2736,0.97917,0.97418,1625,1584,0.9748,0.0713,0.0345,6.753,0.0772,0.9846,3
"1","rawben_rel_max > 0.976 & shelter_expenses_by_hh_size <= 5.500","ranger",9383,0.97687,0.97418,4992,4864,0.9744,0.2188,0.1029,20.746,0.0772,0.9846,3
"1","total_deductions_by_hh_size < 692.00 & unc_rawben_rel_max >=   1.05 & unc_rawben_rel_max <   1.23","xgboost",9711,0.97683,0.97418,5136,5003,0.9741,0.2251,0.1035,21.344,0.0772,0.9846,3
"1","cat_elig <= 0.5 & expedited_i > 0.5 & months_since_cert_n <= 5.5 & percent_abawd > 0.5","ranger",231,0.99134,0.97417,110,109,0.9909,0.0049,3e-04,0.457,0.0772,0.9846,3
"1","count_divisible_by_100 <  1.0 & medical_deductions <  4.0 & rawben_rel_max <  0.1 & total_deductions_by_hh_size < 50.0","xgboost",1913,0.98014,0.97417,916,891,0.9727,0.0401,0.0131,3.807,0.0772,0.9846,3
"1","count_divisible_by_100 <=   1.500 & total_deductions_by_hh_size <= 162.000 & unc_rawben_rel_max >   0.934 & utilities <=  12.500","ranger",9625,0.97683,0.97417,5124,4995,0.9748,0.2247,0.104,21.294,0.0772,0.9846,3
"1","married <= 0.500 & rawben_rel_max > 0.905 & shelter_expenses_by_hh_size <= 5.500 & unc_rawben_rel_max <= 1.930","ranger",9461,0.97685,0.97417,5024,4898,0.9749,0.2204,0.1006,20.879,0.0772,0.9846,3
"1","married <= 0.500 & rawben_rel_max > 0.943 & total_deductions_by_hh_size <= 7.800 & unc_rawben_rel_max > 1.180","ranger",8481,0.97701,0.97417,4495,4375,0.9733,0.1968,0.0959,18.68,0.0772,0.9846,3
"1","medical_deductions <= 298.000 & rawben_rel_max >   0.976 & shelter_expenses_by_hh_size <=   5.500","ranger",9381,0.97687,0.97417,4991,4863,0.9744,0.2188,0.1029,20.741,0.0772,0.9846,3
"1","medical_deductions >=   3.000 & rawben_rel_max <   0.124 & total_deductions_by_hh_size < 224.000","xgboost",496,0.98589,0.97417,222,220,0.991,0.0099,0.0013,0.923,0.0772,0.9846,3
"1","months_since_cert_n <= 10.500 & unc_rawben_rel_max >  0.991 & unc_rawben_rel_max <=  1.880 & utilities <=  5.000","ranger",9094,0.97691,0.97417,4832,4700,0.9727,0.2114,0.1034,20.081,0.0772,0.9846,3
"1","elderly_disabled_i <=   0.500 & medical_deductions <= 130.000 & rawben_rel_max >   0.991 & unc_rawben_rel_max <=   1.690","ranger",10720,0.97668,0.97416,5683,5536,0.9741,0.2491,0.1198,23.617,0.0772,0.9846,3
"1","married <=  0.5 & months_since_cert_n <= 10.5 & shelter_expenses_by_hh_size <= 14.0 & total_deductions_by_hh_size <= 60.3","ranger",9579,0.97682,0.97416,4998,4876,0.9756,0.2194,0.0927,20.77,0.0772,0.9846,3
"1","months_since_cert_n <   3.00 & total_deductions_by_hh_size < 198.00 & unc_rawben_rel_max >=   1.15","xgboost",3585,0.97852,0.97416,1874,1831,0.9771,0.0824,0.0351,7.788,0.0772,0.9846,3
"1","rawben_rel_max >    0.991 & shelter_expenses_by_hh_size <=   14.500 & total_deductions_by_hh_size <= 2930.000","ranger",9376,0.97686,0.97416,4970,4842,0.9742,0.2178,0.1029,20.654,0.0772,0.9846,3
"1","elderly_disabled_i <=  0.5 & months_since_cert_n <=  5.5 & total_deductions_by_hh_size <= 30.6","ranger",6378,0.97742,0.97415,3334,3258,0.9772,0.1466,0.0568,13.855,0.0772,0.9846,3
"1","months_since_cert_n >=  10.000 & unc_rawben_rel_max <  -0.076 & utilities < 426.000","xgboost",643,0.98445,0.97415,336,326,0.9702,0.0147,0.0101,1.396,0.0772,0.9846,3
"1","unc_rawben_rel_max <= -0.00915 & utilities >  8.00000","ranger",3202,0.97876,0.97415,1478,1442,0.9756,0.0649,0.0277,6.142,0.0772,0.9846,3
"1","cat_elig >   1.500 & shelter_expenses_by_hh_size > 322.000 & total_deductions_by_hh_size <=   7.800 & unc_rawben_rel_max <=   0.244","ranger",445,0.98652,0.97414,41,41,1,0.0018,0,0.17,0.0772,0.9846,3
"1","count_divisible_by_100 <=    1.500 & rawben_rel_max >    0.943 & shelter_expenses_by_hh_size <=   14.500 & total_deductions_by_hh_size <= 2460.000","ranger",9446,0.97682,0.97413,5020,4894,0.9749,0.2202,0.1017,20.862,0.0772,0.9846,3
"1","shelter_expenses_by_hh_size <= 198.000 & unc_rawben_rel_max >   0.991 & unc_rawben_rel_max <=   2.920 & utilities <=  14.500","ranger",9567,0.9768,0.97413,5073,4939,0.9736,0.2222,0.1065,21.082,0.0772,0.9846,3
"1","count_divisible_by_100 <= 0.500 & percent_abawd > 0.750 & rawben_rel_max > 0.971 & utilities <= 8.000","ranger",2730,0.97912,0.97412,1627,1581,0.9717,0.0711,0.037,6.761,0.0772,0.9846,3
"1","elderly_disabled_i > 0.500 & rawben_rel_max <= 0.268 & total_deductions_by_hh_size <= 7.600","ranger",3368,0.97862,0.97412,1540,1504,0.9766,0.0677,0.0169,6.4,0.0772,0.9846,3
"1","rawben_rel_max >  0.9430 & total_deductions_by_hh_size <=  7.8000 & unc_rawben_rel_max > -0.0389","ranger",9034,0.97687,0.97412,4802,4679,0.9744,0.2105,0.0992,19.956,0.0772,0.9846,3
"1","cat_elig <= 0.500 & rawben_rel_max > 0.993","ranger",2342,0.9795,0.97411,1223,1193,0.9755,0.0537,0.0211,5.082,0.0772,0.9846,3
"1","expedited_i >  0.5 & homeless >  0.5 & total_deductions_by_hh_size <= 18.6","ranger",1379,0.98115,0.97411,661,646,0.9773,0.0291,0.0122,2.747,0.0772,0.9846,3
"1","cat_elig <=    0.500 & rawben_rel_max >    0.991 & shelter_expenses_by_hh_size <= 2340.000","ranger",2341,0.9795,0.9741,1225,1195,0.9755,0.0538,0.0211,5.091,0.0772,0.9846,3
"1","elderly_disabled_i <=   0.5 & shelter_expenses_by_hh_size <= 179.0 & total_deductions_by_hh_size <=  61.0 & utilities <=  12.5","ranger",8656,0.97689,0.97409,4571,4455,0.9746,0.2004,0.0922,18.996,0.0772,0.9846,3
"1","rawben_rel_max >=    0.080 & shelter_expenses_by_hh_size < 1410.000 & unc_rawben_rel_max <   -0.004","xgboost",2168,0.9797,0.97409,1817,1775,0.9769,0.0799,0.0331,7.551,0.0772,0.9846,3
"1","shelter_expenses_by_hh_size <= 5.500 & unc_rawben_rel_max > 0.947 & unc_rawben_rel_max <= 3.430","ranger",9432,0.97678,0.97409,5008,4880,0.9744,0.2195,0.1029,20.812,0.0772,0.9846,3
"1","cat_elig <=   0.5 & months_since_cert_n <=  28.5 & total_deductions_by_hh_size <= 804.0 & utilities <=   8.0","ranger",2210,0.97964,0.97408,1157,1126,0.9732,0.0507,0.0169,4.808,0.0772,0.9846,3
"1","count_divisible_by_100 <=  1.500 & elderly_disabled_i <=  0.500 & rawben_rel_max >  0.594 & total_deductions_by_hh_size <= 55.500","ranger",8776,0.97687,0.97408,4637,4524,0.9756,0.2035,0.0905,19.27,0.0772,0.9846,3
"1","rawben_rel_max >   0.991 & total_deductions_by_hh_size <= 240.000 & utilities <=  12.500","ranger",9592,0.97675,0.97408,5089,4955,0.9737,0.2229,0.1068,21.149,0.0772,0.9846,3
"1","expedited_i >  0.5 & homeless >  0.5 & total_deductions_by_hh_size <= 18.8 & utilities <= 38.5","ranger",1377,0.98112,0.97407,657,642,0.9772,0.0289,0.0122,2.73,0.0772,0.9846,3
"1","elderly_disabled_i <=  0.5 & married <=  0.5 & shelter_expenses_by_hh_size <= 30.0 & total_deductions_by_hh_size <=  8.8","ranger",8198,0.97695,0.97406,4347,4237,0.9747,0.1906,0.0881,18.065,0.0772,0.9846,3
"1","percent_abawd <=  1.500 & rawben_rel_max >  0.978 & shelter_expenses_by_hh_size <= 14.500","ranger",9382,0.97676,0.97406,4986,4858,0.9743,0.2186,0.1029,20.721,0.0772,0.9846,3
"1","shelter_expenses_by_hh_size <=   16.500 & total_deductions_by_hh_size <= 2930.000 & unc_rawben_rel_max >    0.991","ranger",9380,0.97676,0.97406,4970,4842,0.9742,0.2178,0.1029,20.654,0.0772,0.9846,3
"1","count_divisible_by_100 <= 1.5 & expedited_i > 0.5 & total_deductions_by_hh_size <= 8.9","ranger",3947,0.97821,0.97405,1961,1923,0.9806,0.0865,0.0308,8.149,0.0772,0.9846,3
"1","medical_deductions <= 146.000 & rawben_rel_max >   0.991 & shelter_expenses_by_hh_size <=  17.000 & unc_rawben_rel_max <=   1.930","ranger",9373,0.97674,0.97404,4965,4837,0.9742,0.2176,0.1029,20.633,0.0772,0.9846,3
"1","months_since_cert_n <= 45.50 & unc_rawben_rel_max >  1.00 & unc_rawben_rel_max <=  1.47 & utilities <=  9.50","ranger",9698,0.9767,0.97404,5142,5007,0.9737,0.2253,0.1078,21.369,0.0772,0.9846,3
"1","shelter_expenses_by_hh_size >    5.500 & shelter_expenses_by_hh_size <= 1640.000 & total_deductions_by_hh_size <=    3.500 & unc_rawben_rel_max <=    0.209","ranger",2034,0.97984,0.97404,994,971,0.9769,0.0437,0.012,4.131,0.0772,0.9846,3
"1","cat_elig <= 0.500 & medical_deductions <= 3.500 & unc_rawben_rel_max > 0.991","ranger",2292,0.97949,0.97403,1198,1169,0.9758,0.0526,0.0202,4.979,0.0772,0.9846,3
"1","count_divisible_by_100 < 1 & months_since_cert_n < 3 & total_deductions_by_hh_size < 9","xgboost",4279,0.97803,0.97403,2269,2209,0.9736,0.0994,0.0427,9.429,0.0772,0.9846,3
"1","months_since_cert_n <=  5.500 & rawben_rel_max <=  0.947 & total_deductions_by_hh_size <=  7.800 & utilities > 57.000","ranger",392,0.98724,0.97403,200,190,0.95,0.0085,0.0052,0.831,0.0772,0.9846,3
"1","count_divisible_by_100 <=  1.500 & rawben_rel_max >  0.943 & shelter_expenses_by_hh_size <= 14.500","ranger",9448,0.97671,0.97402,5020,4894,0.9749,0.2202,0.1017,20.862,0.0772,0.9846,3
"1","shelter_expenses_by_hh_size <= 198.000 & unc_rawben_rel_max >   0.991 & utilities <=  14.500","ranger",9570,0.9767,0.97402,5073,4939,0.9736,0.2222,0.1065,21.082,0.0772,0.9846,3
"1","unc_rawben_rel_max <=   -0.00915 & utilities <= 1020.00000","ranger",4110,0.9781,0.97402,1863,1814,0.9737,0.0816,0.0389,7.742,0.0772,0.9846,3
"1","cat_elig <= 0.5 & unc_rawben_rel_max > 1.0","ranger",2333,0.97943,0.97401,1217,1188,0.9762,0.0534,0.0205,5.058,0.0772,0.9846,3
"1","children_i <= 0.500 & percent_abawd <= 0.750 & shelter_expenses_by_hh_size <= 5.500 & unc_rawben_rel_max > 0.943","ranger",6630,0.97722,0.97401,3353,3274,0.9764,0.1473,0.0606,13.934,0.0772,0.9846,3
"1","expedited_i > 0.50 & total_deductions_by_hh_size <= 7.80 & unc_rawben_rel_max <= 1.95","ranger",3940,0.97817,0.974,1959,1920,0.9801,0.0864,0.0314,8.141,0.0772,0.9846,3
"1","children_i <= 0.5 & elderly_disabled_i <= 0.5 & expedited_i > 0.5 & utilities <= 7.5","ranger",3897,0.97819,0.97399,1919,1871,0.975,0.0842,0.0399,7.975,0.0772,0.9846,3
"1","expedited_i > 0.500 & months_since_cert_n <= 5.500 & unc_rawben_rel_max > 0.991 & unc_rawben_rel_max <= 1.970","ranger",4314,0.97798,0.97399,2076,2032,0.9788,0.0914,0.0358,8.627,0.0772,0.9846,3
"1","homeless >  0.5 & months_since_cert_n <= 12.5 & shelter_expenses_by_hh_size <= 31.5 & total_deductions_by_hh_size <= 18.8","ranger",2801,0.97894,0.97399,1341,1315,0.9806,0.0592,0.0208,5.573,0.0772,0.9846,3
"1","total_deductions_by_hh_size <= 162.000 & unc_rawben_rel_max >   0.934 & utilities <=  12.500","ranger",9631,0.97664,0.97397,5128,4997,0.9745,0.2248,0.1052,21.311,0.0772,0.9846,3
"1","children_i <= 0.500 & homeless > 0.500 & rawben_rel_max > 0.943 & shelter_expenses_by_hh_size <= 5.500","ranger",2798,0.97891,0.97396,1347,1322,0.9814,0.0595,0.0205,5.598,0.0772,0.9846,3
"1","elderly_disabled_i <= 0.500 & percent_abawd <= 0.750 & unc_rawben_rel_max > 0.991 & utilities <= 8.000","ranger",6085,0.97732,0.97396,3050,2977,0.9761,0.1339,0.0603,12.675,0.0772,0.9846,3
"1","months_since_cert_n <=  37.0 & shelter_expenses_by_hh_size <= 360.0 & total_deductions_by_hh_size <=   2.8 & utilities > 194.0","ranger",391,0.98721,0.97396,185,178,0.9622,0.008,0.0041,0.769,0.0772,0.9846,3
"1","cat_elig <= 0.500 & count_divisible_by_100 <= 1.500 & rawben_rel_max > 0.998","ranger",2328,0.97938,0.97395,1214,1185,0.9761,0.0533,0.0205,5.045,0.0772,0.9846,3
"1","cat_elig >=  1.000 & children_i <  1.000 & unc_rawben_rel_max < -0.056","xgboost",3388,0.97845,0.97395,1563,1525,0.9757,0.0686,0.0319,6.495,0.0772,0.9846,3
"1","shelter_expenses_by_hh_size <= 32.50 & unc_rawben_rel_max >  0.98 & utilities <=  9.50","ranger",9422,0.97665,0.97395,5016,4887,0.9743,0.2199,0.1034,20.845,0.0772,0.9846,3
"1","children_i <  1 & count_divisible_by_100 <  1 & total_deductions_by_hh_size <  9 & utilities < 30","xgboost",11155,0.97642,0.97394,5884,5747,0.9767,0.2585,0.1016,24.452,0.0772,0.9846,3
"1","elderly_disabled_i > 0.500 & total_deductions_by_hh_size <= 8.800 & unc_rawben_rel_max <= 0.257","ranger",3260,0.97853,0.97394,1542,1503,0.9747,0.0676,0.018,6.408,0.0772,0.9846,3
"1","months_since_cert_n >   5.5000 & rawben_rel_max <=   0.0887 & total_deductions_by_hh_size <= 172.0000 & unc_rawben_rel_max <=   1.9600","ranger",1722,0.98026,0.97394,856,835,0.9755,0.0376,0.012,3.557,0.0772,0.9846,3
"1","elderly_disabled_i <=  0.5 & total_deductions_by_hh_size <= 54.3 & utilities <= 14.5","ranger",8640,0.97674,0.97392,4570,4453,0.9744,0.2003,0.0923,18.992,0.0772,0.9846,3
"1","cat_elig >  0.500 & percent_abawd >  0.750 & rawben_rel_max >  0.941 & shelter_expenses_by_hh_size <= 14.500","ranger",2239,0.97946,0.97391,1346,1307,0.971,0.0588,0.0338,5.594,0.0772,0.9846,3
"1","cat_elig <= 0.500 & married <= 0.500 & rawben_rel_max > 0.993","ranger",2323,0.97934,0.9739,1213,1183,0.9753,0.0532,0.0211,5.041,0.0772,0.9846,3
"1","medical_deductions >= 110.000 & rawben_rel_max <   0.268 & utilities < 703.000","xgboost",1234,0.98136,0.97389,572,559,0.9773,0.0251,0.0057,2.377,0.0772,0.9846,3
"1","homeless >  0.500 & total_deductions_by_hh_size <= 32.800 & unc_rawben_rel_max >  0.991","ranger",2747,0.97889,0.97388,1319,1294,0.981,0.0582,0.0206,5.481,0.0772,0.9846,3
"1","count_divisible_by_100 <=  1.5 & elderly_disabled_i <=  0.5 & total_deductions_by_hh_size <= 60.9 & utilities <= 12.5","ranger",8666,0.97669,0.97387,4574,4460,0.9751,0.2006,0.0905,19.008,0.0772,0.9846,3
"1","months_since_cert_n >=    2.000 & rawben_rel_max >=    0.080 & shelter_expenses_by_hh_size < 1410.000 & unc_rawben_rel_max <   -0.004","xgboost",1848,0.97998,0.97387,1599,1564,0.9781,0.0704,0.0271,6.645,0.0772,0.9846,3
"1","expedited_i >  0.5 & homeless >  0.5 & total_deductions_by_hh_size <= 32.6","ranger",1410,0.98085,0.97386,670,654,0.9761,0.0294,0.0127,2.784,0.0772,0.9846,3
"1","homeless <=  0.500 & months_since_cert_n <=  5.500 & total_deductions_by_hh_size <= 54.500 & unc_rawben_rel_max >  0.947","ranger",4786,0.97764,0.97385,2591,2531,0.9768,0.1139,0.046,10.768,0.0772,0.9846,3
"1","expedited_i > 0.500 & months_since_cert_n <= 4.500 & rawben_rel_max > 0.991","ranger",3916,0.97804,0.97384,1858,1818,0.9785,0.0818,0.0321,7.721,0.0772,0.9846,3
"1","cat_elig > 0.500 & months_since_cert_n <= 5.500 & rawben_rel_max > 0.947 & shelter_expenses_by_hh_size <= 5.500","ranger",5318,0.97744,0.97383,2808,2744,0.9772,0.1234,0.0495,11.669,0.0772,0.9846,2.9
"1","months_since_cert_n <= 5.50 & unc_rawben_rel_max > 1.01 & unc_rawben_rel_max <= 1.93 & utilities <= 9.50","ranger",7155,0.97694,0.97383,3744,3656,0.9765,0.1645,0.0669,15.559,0.0772,0.9846,2.9
"1","percent_abawd > 0.750 & rawben_rel_max > 0.971 & utilities <= 8.000","ranger",2826,0.97877,0.97383,1677,1631,0.9726,0.0734,0.037,6.969,0.0772,0.9846,2.9
"1","expedited_i >   0.5 & months_since_cert_n <=  10.5 & total_deductions_by_hh_size <= 161.0 & utilities <=   5.0","ranger",3912,0.97802,0.97382,1909,1868,0.9785,0.084,0.0324,7.933,0.0772,0.9846,2.9
"1","expedited_i >=   1.000 & months_since_cert_n <   5.000 & unc_rawben_rel_max >=   0.996 & utilities < 992.000","xgboost",3871,0.97804,0.97382,1833,1793,0.9782,0.0807,0.0321,7.618,0.0772,0.9846,2.9
"1","married <  1.000 & percent_abawd <  0.500 & unc_rawben_rel_max < -0.004 & utilities < 32.000","xgboost",960,0.98229,0.97381,443,432,0.9752,0.0194,0.0093,1.841,0.0772,0.9846,2.9
"1","shelter_expenses_by_hh_size <= 14.000 & unc_rawben_rel_max >  0.943","ranger",9452,0.97651,0.97381,5024,4896,0.9745,0.2203,0.1029,20.879,0.0772,0.9846,2.9
"1","count_divisible_by_100 <= 1.500 & rawben_rel_max > 0.976 & total_deductions_by_hh_size <= 2.800 & unc_rawben_rel_max > 1.180","ranger",8475,0.97664,0.97378,4487,4367,0.9733,0.1965,0.097,18.647,0.0772,0.9846,2.9
"1","months_since_cert_n <=  42.500 & shelter_expenses_by_hh_size <= 217.000 & unc_rawben_rel_max >   0.991 & utilities <=   5.000","ranger",9601,0.97646,0.97378,5092,4957,0.9735,0.223,0.1068,21.161,0.0772,0.9846,2.9
"1","cat_elig >  0.500 & percent_abawd >  0.750 & rawben_rel_max >  0.998 & total_deductions_by_hh_size <= 29.900","ranger",2183,0.97939,0.97376,1315,1277,0.9711,0.0575,0.0328,5.465,0.0772,0.9846,2.9
"1","cat_elig < 2 & children_i < 1 & count_divisible_by_100 < 1 & total_deductions_by_hh_size < 9","xgboost",8543,0.97659,0.97374,6426,6254,0.9732,0.2814,0.1153,26.705,0.0772,0.9846,2.9
"1","medical_deductions > 112.000 & rawben_rel_max <=   0.268 & utilities <= 730.000","ranger",1271,0.98112,0.97374,584,569,0.9743,0.0256,0.0063,2.427,0.0772,0.9846,2.9
"1","expedited_i >=  1 & months_since_cert_n <  4 & utilities < 29","xgboost",2520,0.97897,0.97373,1184,1158,0.978,0.0521,0.0192,4.92,0.0772,0.9846,2.9
"1","elderly_disabled_i <=    0.500 & rawben_rel_max >    0.991 & shelter_expenses_by_hh_size <= 1690.000 & unc_rawben_rel_max <=    1.820","ranger",11142,0.97622,0.97372,5860,5709,0.9742,0.2568,0.1238,24.353,0.0772,0.9846,2.9
"1","married <=   0.500 & total_deductions_by_hh_size <= 300.000 & unc_rawben_rel_max >   0.991 & utilities <=   5.000","ranger",9619,0.9764,0.97372,5109,4975,0.9738,0.2238,0.1062,21.232,0.0772,0.9846,2.9
"1","expedited_i >  0.5 & months_since_cert_n <= 36.0 & total_deductions_by_hh_size <= 40.8","ranger",4143,0.97779,0.9737,2048,2005,0.979,0.0902,0.0341,8.511,0.0772,0.9846,2.9
"1","homeless > 0.500 & shelter_expenses_by_hh_size <= 5.500 & unc_rawben_rel_max > 0.935","ranger",2812,0.97866,0.9737,1351,1325,0.9808,0.0596,0.0214,5.614,0.0772,0.9846,2.9
"1","married <=  0.500 & percent_abawd >  0.750 & rawben_rel_max >  0.991 & utilities <= 14.500","ranger",2812,0.97866,0.9737,1662,1616,0.9723,0.0727,0.037,6.907,0.0772,0.9846,2.9
"1","rawben_rel_max >   0.991 & shelter_expenses_by_hh_size <= 226.000 & utilities <=  14.500","ranger",9614,0.97639,0.9737,5098,4963,0.9735,0.2233,0.1068,21.186,0.0772,0.9846,2.9
"1","shelter_expenses_by_hh_size <= 13.000 & unc_rawben_rel_max >  0.941","ranger",9454,0.97641,0.9737,5024,4896,0.9745,0.2203,0.1029,20.879,0.0772,0.9846,2.9
"1","count_divisible_by_100 <=  1.500 & homeless >  0.500 & total_deductions_by_hh_size <= 29.900 & unc_rawben_rel_max >  0.991","ranger",2727,0.97873,0.97369,1309,1286,0.9824,0.0579,0.0194,5.44,0.0772,0.9846,2.9
"1","homeless <=   0.500 & rawben_rel_max >   0.991 & shelter_expenses_by_hh_size <=   5.500 & total_deductions_by_hh_size <= 118.000","ranger",6549,0.97694,0.97369,3612,3512,0.9723,0.158,0.08,15.011,0.0772,0.9846,2.9
"1","married <= 0.500 & months_since_cert_n <= 4.500 & unc_rawben_rel_max > 0.991 & utilities <= 5.000","ranger",6306,0.97701,0.97369,3319,3241,0.9765,0.1458,0.0588,13.793,0.0772,0.9846,2.9
"1","medical_deductions <=  0.5 & total_deductions_by_hh_size <= 32.8 & unc_rawben_rel_max >  1.0","ranger",9289,0.97642,0.97369,4923,4796,0.9742,0.2158,0.1021,20.459,0.0772,0.9846,2.9
"1","months_since_cert_n <= 10.5 & shelter_expenses_by_hh_size <= 14.0 & total_deductions_by_hh_size <= 60.3","ranger",9608,0.97637,0.97369,5011,4887,0.9753,0.2199,0.095,20.825,0.0772,0.9846,2.9
"1","percent_abawd > 0.750 & unc_rawben_rel_max > 0.998 & utilities <= 9.500","ranger",2810,0.97865,0.97368,1665,1619,0.9724,0.0728,0.037,6.919,0.0772,0.9846,2.9
"1","cat_elig >=  1.000 & children_i <  1.000 & unc_rawben_rel_max < -0.016 & utilities >= 27.000","xgboost",2850,0.9786,0.97366,1344,1311,0.9754,0.059,0.0263,5.585,0.0772,0.9846,2.9
"1","expedited_i <= 0.500 & months_since_cert_n <= 2.500 & rawben_rel_max > 0.906 & total_deductions_by_hh_size <= 2.800","ranger",1876,0.97974,0.97366,1097,1066,0.9717,0.048,0.0254,4.559,0.0772,0.9846,2.9
"1","unc_rawben_rel_max > 1.00 & unc_rawben_rel_max <= 1.51 & utilities <= 9.50","ranger",9719,0.97634,0.97366,5153,5018,0.9738,0.2258,0.1078,21.415,0.0772,0.9846,2.9
"1","count_divisible_by_100 <=   0.500 & rawben_rel_max >   0.991 & shelter_expenses_by_hh_size <= 217.000 & utilities <=  30.500","ranger",9436,0.97637,0.97365,5009,4876,0.9734,0.2194,0.1055,20.816,0.0772,0.9846,2.9
"1","cat_elig <   1.00 & shelter_expenses_by_hh_size < 531.00 & total_deductions_by_hh_size < 358.00 & unc_rawben_rel_max <   1.29","xgboost",2595,0.97881,0.97363,1385,1351,0.9755,0.0608,0.0182,5.756,0.0772,0.9846,2.9
"1","homeless >   0.500 & rawben_rel_max >   0.982 & shelter_expenses_by_hh_size <= 458.000 & utilities <=  32.000","ranger",2845,0.97856,0.97362,1363,1334,0.9787,0.06,0.0232,5.664,0.0772,0.9846,2.9
"1","married <=   0.500 & rawben_rel_max >   0.991 & shelter_expenses_by_hh_size <= 200.000 & utilities <=  29.500","ranger",9624,0.97631,0.97362,5102,4967,0.9735,0.2235,0.1067,21.203,0.0772,0.9846,2.9
"1","total_deductions_by_hh_size >=  9.000 & unc_rawben_rel_max >= -0.904 & unc_rawben_rel_max < -0.016","xgboost",2425,0.97897,0.97362,1122,1089,0.9706,0.049,0.0247,4.663,0.0772,0.9846,2.9
"1","cat_elig <  1.000 & months_since_cert_n < 11.000 & percent_abawd >=  0.500 & rawben_rel_max >=  0.568","xgboost",534,0.98502,0.97361,313,308,0.984,0.0139,0.0019,1.301,0.0772,0.9846,2.9
"1","rawben_rel_max >=   0.955 & total_deductions_by_hh_size < 236.000 & unc_rawben_rel_max <   1.250","xgboost",9658,0.97629,0.97361,5174,5044,0.9749,0.2269,0.1027,21.502,0.0772,0.9846,2.9
"1","medical_deductions >= 101.000 & medical_deductions < 167.000 & rawben_rel_max <   0.264","xgboost",1042,0.98177,0.9736,486,474,0.9753,0.0213,0.0056,2.02,0.0772,0.9846,2.9
"1","rawben_rel_max >   0.991 & shelter_expenses_by_hh_size <= 241.000 & utilities <=   9.500","ranger",9615,0.97629,0.9736,5102,4966,0.9733,0.2234,0.1077,21.203,0.0772,0.9846,2.9
"1","elderly_disabled_i <=  0.5 & expedited_i >  0.5 & shelter_expenses_by_hh_size <= 13.0","ranger",3713,0.97792,0.97359,1824,1783,0.9775,0.0802,0.0354,7.58,0.0772,0.9846,2.9
"1","months_since_cert_n <  2.0000 & rawben_rel_max <  0.0893 & unc_rawben_rel_max < -0.0560","xgboost",485,0.98557,0.97359,197,191,0.9695,0.0086,0.0045,0.819,0.0772,0.9846,2.9
"1","shelter_expenses_by_hh_size >= 500.000 & unc_rawben_rel_max >=  -0.904 & unc_rawben_rel_max <  -0.004","xgboost",2296,0.97909,0.97359,1088,1060,0.9743,0.0477,0.0186,4.521,0.0772,0.9846,2.9
"1","elderly_disabled_i <=  0.5 & shelter_expenses_by_hh_size <= 30.0 & total_deductions_by_hh_size <=  7.8","ranger",8210,0.97649,0.97358,4352,4240,0.9743,0.1908,0.0904,18.086,0.0772,0.9846,2.9
"1","months_since_cert_n <  16 & shelter_expenses_by_hh_size >= 528 & total_deductions_by_hh_size <  78","xgboost",385,0.98701,0.97356,195,190,0.9744,0.0085,0.0033,0.81,0.0772,0.9846,2.9
"1","percent_abawd >   0.250 & shelter_expenses_by_hh_size <=   5.500 & total_deductions_by_hh_size <= 496.000 & unc_rawben_rel_max >   0.802","ranger",2671,0.97866,0.97355,1601,1560,0.9744,0.0702,0.0345,6.653,0.0772,0.9846,2.9
"1","elderly_disabled_i >    0.500 & rawben_rel_max <=    0.085 & total_deductions_by_hh_size <= 1010.000 & utilities >   14.500","ranger",3624,0.97792,0.97354,1695,1656,0.977,0.0745,0.022,7.044,0.0772,0.9846,2.9
"1","elderly_disabled_i >   0.500 & rawben_rel_max <=   0.085 & shelter_expenses_by_hh_size >   5.500 & total_deductions_by_hh_size <= 509.000","ranger",3705,0.97787,0.97353,1748,1713,0.98,0.0771,0.0189,7.264,0.0772,0.9846,2.9
"1","months_since_cert_n >   5.500 & rawben_rel_max <=   0.087 & total_deductions_by_hh_size <= 246.000 & unc_rawben_rel_max <=   1.220","ranger",1952,0.97951,0.97353,962,939,0.9761,0.0422,0.0129,3.998,0.0772,0.9846,2.9
"1","cat_elig <   2 & expedited_i >=   1 & medical_deductions < 142 & total_deductions_by_hh_size <  59","xgboost",2626,0.97867,0.97352,1953,1914,0.98,0.0861,0.0313,8.116,0.0772,0.9846,2.9
"1","cat_elig <=   0.500 & medical_deductions <= 184.000 & rawben_rel_max >   0.991","ranger",2332,0.97899,0.97352,1219,1189,0.9754,0.0535,0.0211,5.066,0.0772,0.9846,2.9
"1","cat_elig <  1 & total_deductions_by_hh_size < 96 & utilities >= 54","xgboost",333,0.98799,0.97351,188,182,0.9681,0.0082,0.0029,0.781,0.0772,0.9846,2.9
"1","count_divisible_by_100 >   0.500 & unc_rawben_rel_max >   0.991 & unc_rawben_rel_max <=   1.200 & utilities <= 402.000","ranger",225,0.99111,0.9735,123,119,0.9675,0.0054,0.0028,0.511,0.0772,0.9846,2.9
"1","cat_elig <= 0.5 & expedited_i <= 0.5 & months_since_cert_n <= 5.5 & unc_rawben_rel_max > 1.0","ranger",993,0.98187,0.97349,531,523,0.9849,0.0235,0.0058,2.207,0.0772,0.9846,2.9
"1","elderly_disabled_i <=  0.5 & shelter_expenses_by_hh_size <= 14.5 & total_deductions_by_hh_size <= 90.7","ranger",8618,0.97633,0.97348,4554,4442,0.9754,0.1998,0.0904,18.925,0.0772,0.9846,2.9
"1","cat_elig >=  2.0 & rawben_rel_max <  0.1 & total_deductions_by_hh_size < 14.0","xgboost",626,0.98403,0.97346,44,44,1,0.002,0,0.183,0.0772,0.9846,2.9
"1","children_i <=  0.5 & elderly_disabled_i <=  0.5 & married <=  0.5 & total_deductions_by_hh_size <= 61.2","ranger",8731,0.97629,0.97346,4631,4514,0.9747,0.2031,0.0909,19.245,0.0772,0.9846,2.9
"1","expedited_i >  0.5 & medical_deductions <=  0.5 & total_deductions_by_hh_size <= 40.8","ranger",4144,0.97756,0.97345,2049,2006,0.979,0.0902,0.0341,8.515,0.0772,0.9846,2.9
"1","cat_elig <= 0.500 & married <= 0.500 & rawben_rel_max > 0.991","ranger",2325,0.97892,0.97344,1215,1185,0.9753,0.0533,0.0211,5.049,0.0772,0.9846,2.9
"1","expedited_i >   0.5 & total_deductions_by_hh_size <=  56.7 & utilities <= 320.0","ranger",4224,0.97751,0.97344,2076,2033,0.9793,0.0915,0.0341,8.627,0.0772,0.9846,2.9
"1","rawben_rel_max > 0.991 & shelter_expenses_by_hh_size <= 5.500 & unc_rawben_rel_max > 1.200 & unc_rawben_rel_max <= 1.290","ranger",8285,0.97634,0.97344,4414,4292,0.9724,0.1931,0.0983,18.344,0.0772,0.9846,2.9
"1","married <  1.000 & rawben_rel_max >=  0.992 & unc_rawben_rel_max >= -0.004 & unc_rawben_rel_max <  1.230","xgboost",12199,0.97582,0.97342,6486,6300,0.9713,0.2834,0.1366,26.954,0.0772,0.9846,2.9
"1","elderly_disabled_i <   1.000 & rawben_rel_max >=   0.804 & total_deductions_by_hh_size < 104.000 & unc_rawben_rel_max >=   1.180","xgboost",7879,0.97639,0.97341,4152,4043,0.9737,0.1819,0.0892,17.255,0.0772,0.9846,2.9
"1","total_deductions_by_hh_size >=  9.0000 & unc_rawben_rel_max >= -1.1700 & unc_rawben_rel_max < -0.0344","xgboost",2448,0.97876,0.97341,1113,1083,0.973,0.0487,0.0227,4.625,0.0772,0.9846,2.9
"1","cat_elig >=  1.000 & unc_rawben_rel_max < -0.056","xgboost",3400,0.97794,0.9734,1571,1532,0.9752,0.0689,0.0322,6.529,0.0772,0.9846,2.9
"1","elderly_disabled_i <=    0.500 & shelter_expenses_by_hh_size <= 2750.000 & unc_rawben_rel_max >    0.991 & unc_rawben_rel_max <=    1.820","ranger",11204,0.9759,0.9734,5889,5735,0.9738,0.258,0.126,24.473,0.0772,0.9846,2.9
"1","elderly_disabled_i >=  1.000 & rawben_rel_max >=  0.124 & rawben_rel_max <  0.240 & utilities < 29.000","xgboost",855,0.98246,0.9734,457,450,0.9847,0.0202,0.0053,1.899,0.0772,0.9846,2.9
"1","expedited_i <    1.000 & shelter_expenses_by_hh_size < 1530.000 & unc_rawben_rel_max <   -0.056 & utilities <  426.000","xgboost",2069,0.97922,0.9734,959,941,0.9812,0.0423,0.014,3.985,0.0772,0.9846,2.9
"1","count_divisible_by_100 <=  0.5 & elderly_disabled_i <=  0.5 & expedited_i >  0.5 & shelter_expenses_by_hh_size <= 13.0","ranger",3645,0.97778,0.97339,1800,1762,0.9789,0.0793,0.0329,7.48,0.0772,0.9846,2.9
"1","elderly_disabled_i <   1.00 & rawben_rel_max >=   1.00 & total_deductions_by_hh_size < 455.00 & unc_rawben_rel_max <   1.73","xgboost",9541,0.9761,0.97339,5064,4935,0.9745,0.222,0.1074,21.045,0.0772,0.9846,2.9
"1","elderly_disabled_i >=  1.000 & medical_deductions < 16.000 & total_deductions_by_hh_size <  9.000 & unc_rawben_rel_max <  0.271","xgboost",3399,0.97793,0.97339,1558,1519,0.975,0.0683,0.018,6.475,0.0772,0.9846,2.9
"1","expedited_i >= 1.00 & months_since_cert_n < 6.00 & unc_rawben_rel_max >= 1.02 & unc_rawben_rel_max < 2.22","xgboost",4296,0.97742,0.97338,2063,2017,0.9777,0.0907,0.0376,8.573,0.0772,0.9846,2.9
"1","months_since_cert_n <=   5.5 & total_deductions_by_hh_size <=  30.9 & utilities > 360.0","ranger",224,0.99107,0.97338,102,100,0.9804,0.0045,0.0012,0.424,0.0772,0.9846,2.9
"1","shelter_expenses_by_hh_size > 268.00 & total_deductions_by_hh_size <=   2.80 & unc_rawben_rel_max >  -1.29","ranger",1983,0.97932,0.97338,1001,978,0.977,0.044,0.0124,4.16,0.0772,0.9846,2.9
"1","elderly_disabled_i <=  0.5 & total_deductions_by_hh_size <= 54.3 & utilities <= 26.5","ranger",8661,0.97622,0.97337,4576,4459,0.9744,0.2006,0.0923,19.017,0.0772,0.9846,2.9
"1","children_i <=  0.500 & months_since_cert_n <= 10.500 & rawben_rel_max >  0.993 & utilities <=  9.500","ranger",9011,0.97614,0.97335,4758,4628,0.9727,0.2082,0.0999,19.773,0.0772,0.9846,2.9
"1","elderly_disabled_i >=   1.000 & medical_deductions >= 113.000 & rawben_rel_max <   0.124","xgboost",1165,0.98112,0.97335,510,498,0.9765,0.0224,0.0058,2.119,0.0772,0.9846,2.9
"1","medical_deductions <=  0.5 & months_since_cert_n <=  5.5 & total_deductions_by_hh_size <=  2.8 & utilities <= 26.0","ranger",7384,0.97644,0.97335,3835,3745,0.9765,0.1685,0.0645,15.937,0.0772,0.9846,2.9
"1","elderly_disabled_i <   1.000 & rawben_rel_max >=   0.992 & total_deductions_by_hh_size < 535.000 & unc_rawben_rel_max <   1.700","xgboost",9716,0.97602,0.97333,5147,5016,0.9745,0.2257,0.1088,21.39,0.0772,0.9846,2.9
"1","elderly_disabled_i < 1.000 & rawben_rel_max >= 0.992 & unc_rawben_rel_max < 1.810","xgboost",11173,0.97583,0.97333,5878,5725,0.974,0.2576,0.125,24.428,0.0772,0.9846,2.9
"1","months_since_cert_n >= 2.00 & unc_rawben_rel_max >= 1.09 & unc_rawben_rel_max < 1.20","xgboost",1511,0.98015,0.97333,844,822,0.9739,0.037,0.0136,3.507,0.0772,0.9846,2.9
"1","elderly_disabled_i <=  0.5 & percent_abawd <=  1.5 & total_deductions_by_hh_size <= 61.2 & utilities <= 26.5","ranger",8682,0.97616,0.97331,4577,4459,0.9742,0.2006,0.0931,19.021,0.0772,0.9846,2.9
"1","children_i <=   0.50 & shelter_expenses_by_hh_size <= 300.00 & unc_rawben_rel_max >   1.01 & utilities <=  30.50","ranger",9506,0.97602,0.9733,5058,4926,0.9739,0.2216,0.1035,21.02,0.0772,0.9846,2.9
"1","expedited_i >= 1.000 & months_since_cert_n < 4.000 & rawben_rel_max >= 0.412 & unc_rawben_rel_max >= 1.050","xgboost",3182,0.978,0.9733,1478,1445,0.9777,0.065,0.027,6.142,0.0772,0.9846,2.9
"1","homeless >=  1.0000 & rawben_rel_max >=  0.0928 & total_deductions_by_hh_size < 18.4000","xgboost",2975,0.97815,0.97329,1416,1389,0.9809,0.0625,0.0211,5.885,0.0772,0.9846,2.9
"1","expedited_i <=   0.500 & rawben_rel_max >   0.993 & shelter_expenses_by_hh_size <= 556.000 & unc_rawben_rel_max <=   1.210","ranger",3548,0.97773,0.97328,3189,3095,0.9705,0.1392,0.0735,13.253,0.0772,0.9846,2.9
"1","expedited_i > 0.500 & homeless > 0.500 & months_since_cert_n <= 5.500 & rawben_rel_max > 0.991","ranger",1249,0.98078,0.97328,571,561,0.9825,0.0252,0.007,2.373,0.0772,0.9846,2.9
"1","medical_deductions <=  3.000 & total_deductions_by_hh_size <= 40.500 & unc_rawben_rel_max >  0.998","ranger",9380,0.97601,0.97327,4971,4843,0.9743,0.2179,0.1024,20.658,0.0772,0.9846,2.9
"1","months_since_cert_n <= 2.5 & total_deductions_by_hh_size <= 2.8","ranger",4318,0.9773,0.97327,2274,2213,0.9732,0.0996,0.0435,9.45,0.0772,0.9846,2.9
"1","cat_elig <= 0.500 & elderly_disabled_i <= 0.500 & expedited_i <= 0.500 & unc_rawben_rel_max > 0.858","ranger",1117,0.9812,0.97326,605,596,0.9851,0.0268,0.0064,2.514,0.0772,0.9846,2.9
"1","elderly_disabled_i <= 0.5 & homeless <= 0.5 & months_since_cert_n <= 9.5 & total_deductions_by_hh_size <= 2.8","ranger",5124,0.97697,0.97326,2818,2736,0.9709,0.1231,0.063,11.711,0.0772,0.9846,2.9
"1","rawben_rel_max <=   0.976 & shelter_expenses_by_hh_size > 282.000 & total_deductions_by_hh_size <=   8.800","ranger",1848,0.97944,0.97326,991,966,0.9748,0.0435,0.0132,4.118,0.0772,0.9846,2.9
"1","expedited_i >   0.500 & medical_deductions <= 132.000 & unc_rawben_rel_max >   0.991 & utilities <=  58.500","ranger",4356,0.97727,0.97325,2140,2088,0.9757,0.0939,0.043,8.893,0.0772,0.9846,2.9
"1","homeless <   1.000 & total_deductions_by_hh_size < 289.000 & unc_rawben_rel_max <   0.056","xgboost",3257,0.97789,0.97324,1528,1488,0.9738,0.0669,0.0253,6.35,0.0772,0.9846,2.9
"1","married <=   0.500 & medical_deductions > 120.000 & medical_deductions <= 200.000 & unc_rawben_rel_max <=   0.268","ranger",1160,0.98103,0.97324,559,541,0.9678,0.0243,0.0081,2.323,0.0772,0.9846,2.9
"1","children_i <  1.000 & months_since_cert_n < 18.000 & rawben_rel_max >=  0.992 & unc_rawben_rel_max <  1.210","xgboost",7389,0.97632,0.97323,5933,5780,0.9742,0.26,0.1114,24.656,0.0772,0.9846,2.9
"1","homeless > 0.5000 & married <= 0.5000 & total_deductions_by_hh_size <= 7.8000 & unc_rawben_rel_max > 0.0815","ranger",2927,0.97813,0.97323,1392,1366,0.9813,0.0615,0.0203,5.785,0.0772,0.9846,2.9
"1","children_i <=  0.5 & expedited_i >  0.5 & months_since_cert_n <= 34.5 & shelter_expenses_by_hh_size <= 12.5","ranger",4066,0.97737,0.97321,1994,1947,0.9764,0.0876,0.0397,8.287,0.0772,0.9846,2.9
"1","shelter_expenses_by_hh_size < 1800.000 & unc_rawben_rel_max <   -0.004","xgboost",4146,0.97733,0.9732,1892,1845,0.9752,0.083,0.0368,7.863,0.0772,0.9846,2.9
"1","shelter_expenses_by_hh_size >= 440.00 & total_deductions_by_hh_size <  40.00 & unc_rawben_rel_max <   0.43","xgboost",620,0.98387,0.9732,304,297,0.977,0.0134,0.0034,1.263,0.0772,0.9846,2.9
"1","cat_elig <  2 & homeless >=  1 & months_since_cert_n < 11 & total_deductions_by_hh_size < 34","xgboost",1716,0.9796,0.97319,1266,1236,0.9763,0.0556,0.0242,5.261,0.0772,0.9846,2.9
"1","cat_elig <= 0.500 & elderly_disabled_i <= 0.500 & homeless <= 0.500 & rawben_rel_max > 0.854","ranger",1546,0.97995,0.97319,834,818,0.9808,0.0368,0.0103,3.466,0.0772,0.9846,2.9
"1","cat_elig >  0.500 & months_since_cert_n <=  9.500 & rawben_rel_max >  0.971 & shelter_expenses_by_hh_size <= 14.500","ranger",6662,0.97643,0.97318,3499,3408,0.974,0.1533,0.074,14.541,0.0772,0.9846,2.9
"1","count_divisible_by_100 <=   1.500 & rawben_rel_max >   0.993 & shelter_expenses_by_hh_size <= 217.000 & utilities <=  30.500","ranger",9660,0.97588,0.97318,5115,4979,0.9734,0.224,0.108,21.257,0.0772,0.9846,2.9
"1","children_i <= 0.5 & count_divisible_by_100 <= 0.5 & married <= 0.5 & total_deductions_by_hh_size <= 7.8","ranger",12903,0.97551,0.97317,6759,6588,0.9747,0.2964,0.1151,28.089,0.0772,0.9846,2.9
"1","cat_elig <= 0.5 & expedited_i <= 0.5 & shelter_expenses_by_hh_size <= 9.5","ranger",1069,0.98129,0.97316,583,569,0.976,0.0256,0.0092,2.423,0.0772,0.9846,2.9
"1","medical_deductions <= 116.000 & months_since_cert_n <=   5.500 & rawben_rel_max >   0.991 & utilities <=   9.500","ranger",7211,0.97629,0.97316,3771,3678,0.9753,0.1655,0.0696,15.671,0.0772,0.9846,2.9
"1","medical_deductions > 105.000 & rawben_rel_max <=   0.268 & total_deductions_by_hh_size >  58.500 & utilities <= 730.000","ranger",1287,0.98057,0.97316,588,573,0.9745,0.0258,0.0063,2.444,0.0772,0.9846,2.9
"1","expedited_i <=  0.500 & months_since_cert_n <= 10.500 & rawben_rel_max >  0.947 & shelter_expenses_by_hh_size <=  5.000","ranger",4902,0.97695,0.97315,2720,2644,0.9721,0.1189,0.0589,11.304,0.0772,0.9846,2.9
"1","months_since_cert_n <    7.000 & total_deductions_by_hh_size < 1200.000 & unc_rawben_rel_max <   -0.016 & utilities >=   41.000","xgboost",1458,0.98011,0.97315,598,588,0.9833,0.0265,0.0073,2.485,0.0772,0.9846,2.9
"1","cat_elig <=   0.50 & total_deductions_by_hh_size <= 274.00 & unc_rawben_rel_max <=   1.95","ranger",2958,0.97803,0.97314,1542,1504,0.9754,0.0677,0.0196,6.408,0.0772,0.9846,2.9
"1","married <  1.000 & months_since_cert_n < 11.000 & rawben_rel_max >=  0.992 & unc_rawben_rel_max <  1.460","xgboost",11916,0.97558,0.97314,6289,6114,0.9722,0.2751,0.1283,26.136,0.0772,0.9846,2.9
"1","children_i <=  0.5 & expedited_i >  0.5 & married <=  0.5 & shelter_expenses_by_hh_size <= 14.5","ranger",4054,0.97731,0.97313,1990,1944,0.9769,0.0875,0.0388,8.27,0.0772,0.9846,2.9
"1","elderly_disabled_i >   0.500 & expedited_i >   0.500 & rawben_rel_max >   0.991 & utilities > 804.000","ranger",98,1,0.97313,80,79,0.9875,0.0036,0.001,0.332,0.0772,0.9846,2.9
"1","cat_elig <   1.000 & percent_abawd >=   0.500 & rawben_rel_max >=   0.116 & total_deductions_by_hh_size < 167.000","xgboost",428,0.98598,0.97312,261,257,0.9847,0.0116,0.0013,1.085,0.0772,0.9846,2.9
"1","medical_deductions <= 10.5 & months_since_cert_n <= 13.5 & shelter_expenses_by_hh_size <= 14.5 & total_deductions_by_hh_size <= 60.3","ranger",10033,0.97578,0.97312,5314,5180,0.9748,0.233,0.1029,22.084,0.0772,0.9846,2.9
"1","months_since_cert_n <=   4.5000 & rawben_rel_max <=   0.0907 & total_deductions_by_hh_size <= 152.0000 & utilities >   9.5000","ranger",618,0.98382,0.97312,268,262,0.9776,0.0118,0.0043,1.114,0.0772,0.9846,2.9
"1","cat_elig <=  0.5 & months_since_cert_n <=  5.5 & utilities <= 36.0","ranger",1711,0.97954,0.97311,867,847,0.9769,0.0381,0.0107,3.603,0.0772,0.9846,2.9
"1","homeless <= 0.500 & medical_deductions <= 0.500 & shelter_expenses_by_hh_size <= 5.500 & unc_rawben_rel_max > 0.991","ranger",6566,0.97639,0.97311,3626,3525,0.9721,0.1586,0.0806,15.069,0.0772,0.9846,2.9
"1","count_divisible_by_100 <= 0.500 & elderly_disabled_i <= 0.500 & rawben_rel_max > 0.963 & unc_rawben_rel_max <= 1.820","ranger",10765,0.97566,0.9731,5650,5509,0.975,0.2478,0.1166,23.48,0.0772,0.9846,2.9
"1","count_divisible_by_100 <  1 & months_since_cert_n <  3 & total_deductions_by_hh_size < 30","xgboost",4451,0.97708,0.97309,2359,2295,0.9729,0.1032,0.0444,9.803,0.0772,0.9846,2.9
"1","months_since_cert_n <= 14.50 & percent_abawd >  0.75 & shelter_expenses_by_hh_size <= 46.00 & total_deductions_by_hh_size <=  8.90","ranger",2501,0.97841,0.97309,1508,1470,0.9748,0.0661,0.0313,6.267,0.0772,0.9846,2.9
"1","elderly_disabled_i >  0.500 & months_since_cert_n <= 36.500 & rawben_rel_max <=  0.085 & utilities >  8.000","ranger",3642,0.97748,0.97307,1708,1667,0.976,0.075,0.0237,7.098,0.0772,0.9846,2.9
"1","months_since_cert_n > 14.5 & shelter_expenses_by_hh_size >  5.5 & total_deductions_by_hh_size <=  2.5","ranger",663,0.98341,0.97307,357,348,0.9748,0.0157,0.0037,1.484,0.0772,0.9846,2.9
"1","months_since_cert_n <  13.000 & total_deductions_by_hh_size < 190.000 & unc_rawben_rel_max >=   0.996","xgboost",9383,0.97581,0.97306,4986,4857,0.9741,0.2185,0.1034,20.721,0.0772,0.9846,2.9
"1","rawben_rel_max <=   0.991 & shelter_expenses_by_hh_size > 262.000 & total_deductions_by_hh_size <=   7.600 & unc_rawben_rel_max <=   0.421","ranger",2126,0.97883,0.97306,1065,1040,0.9765,0.0468,0.0131,4.426,0.0772,0.9846,2.9
"1","cat_elig < 2.00 & children_i < 1.00 & rawben_rel_max >= 1.00 & unc_rawben_rel_max < 1.48","xgboost",9064,0.97584,0.97304,6989,6801,0.9731,0.306,0.141,29.045,0.0772,0.9846,2.9
"1","cat_elig <= 0.500 & expedited_i <= 0.500 & rawben_rel_max > 0.998 & unc_rawben_rel_max <= 1.960","ranger",1281,0.98048,0.97304,699,683,0.9771,0.0307,0.0107,2.905,0.0772,0.9846,2.9
"1","months_since_cert_n <= 13.5 & shelter_expenses_by_hh_size <= 14.5 & total_deductions_by_hh_size <= 60.3","ranger",10039,0.97569,0.97304,5316,5182,0.9748,0.2331,0.1029,22.092,0.0772,0.9846,2.9
"1","cat_elig >=  1.000 & months_since_cert_n < 33.000 & unc_rawben_rel_max < -0.056","xgboost",3352,0.97763,0.97302,1558,1519,0.975,0.0683,0.0322,6.475,0.0772,0.9846,2.9
"1","elderly_disabled_i >=    1.000 & rawben_rel_max <    0.084 & shelter_expenses_by_hh_size < 1250.000 & utilities <  819.000","xgboost",4118,0.97717,0.97302,1942,1899,0.9779,0.0854,0.0232,8.07,0.0772,0.9846,2.9
"1","homeless <=   0.50 & medical_deductions <= 109.00 & shelter_expenses_by_hh_size <=  14.50 & unc_rawben_rel_max >   1.02","ranger",6503,0.97632,0.97301,3595,3494,0.9719,0.1572,0.0806,14.94,0.0772,0.9846,2.9
"1","homeless <=  0.50 & unc_rawben_rel_max >  1.01 & unc_rawben_rel_max <=  1.32 & utilities <= 26.00","ranger",6818,0.97624,0.97301,3749,3644,0.972,0.1639,0.0834,15.58,0.0772,0.9846,2.9
"1","rawben_rel_max >=   0.992 & shelter_expenses_by_hh_size <  34.000 & unc_rawben_rel_max <   1.480 & utilities < 912.000","xgboost",9482,0.97574,0.97301,5016,4886,0.9741,0.2198,0.105,20.845,0.0772,0.9846,2.9
"1","children_i <  1 & count_divisible_by_100 <  1 & total_deductions_by_hh_size < 55 & utilities < 27","xgboost",11657,0.97547,0.973,6171,6023,0.976,0.271,0.1061,25.645,0.0772,0.9846,2.9
"1","married <= 0.50 & months_since_cert_n <= 6.50 & percent_abawd > 0.75 & total_deductions_by_hh_size <= 8.90","ranger",1997,0.97897,0.973,1162,1134,0.9759,0.051,0.0206,4.829,0.0772,0.9846,2.9
"1","months_since_cert_n >=   5.000 & rawben_rel_max <   0.084 & shelter_expenses_by_hh_size >= 305.000 & unc_rawben_rel_max <  -0.004","xgboost",2246,0.97863,0.973,1092,1061,0.9716,0.0477,0.0228,4.538,0.0772,0.9846,2.9
"1","cat_elig <   1 & expedited_i >=   1 & shelter_expenses_by_hh_size < 979","xgboost",1018,0.98134,0.97298,510,494,0.9686,0.0222,0.0109,2.119,0.0772,0.9846,2.9
"1","elderly_disabled_i <  1.000 & homeless >=  1.000 & rawben_rel_max >=  0.935 & total_deductions_by_hh_size < 78.000","xgboost",2737,0.97808,0.97298,1319,1298,0.9841,0.0584,0.018,5.481,0.0772,0.9846,2.9
"1","homeless <=   0.500 & rawben_rel_max >   0.971 & shelter_expenses_by_hh_size <=   5.500 & total_deductions_by_hh_size <= 184.000","ranger",6575,0.97627,0.97298,3642,3541,0.9723,0.1593,0.0809,15.135,0.0772,0.9846,2.9
"1","children_i <= 0.500 & elderly_disabled_i <= 0.500 & homeless > 0.500 & rawben_rel_max > 0.991","ranger",3062,0.97779,0.97297,1468,1446,0.985,0.0651,0.019,6.101,0.0772,0.9846,2.9
"1","elderly_disabled_i <=  0.5 & homeless >  0.5 & months_since_cert_n <= 14.5 & total_deductions_by_hh_size <=  2.8","ranger",2490,0.97831,0.97297,1207,1184,0.9809,0.0533,0.0194,5.016,0.0772,0.9846,2.9
"1","elderly_disabled_i <= 0.5 & married <= 0.5 & total_deductions_by_hh_size <= 8.8","ranger",8258,0.9759,0.97297,4387,4271,0.9736,0.1921,0.0921,18.231,0.0772,0.9846,2.9
"1","months_since_cert_n <= 5.500 & rawben_rel_max > 0.998 & utilities <= 9.500","ranger",7200,0.97611,0.97297,3775,3682,0.9754,0.1656,0.0696,15.688,0.0772,0.9846,2.9
"1","shelter_expenses_by_hh_size <= 32.50 & unc_rawben_rel_max >  0.98","ranger",9508,0.9757,0.97297,5049,4917,0.9739,0.2212,0.1058,20.982,0.0772,0.9846,2.9
"1","cat_elig <=  0.50 & rawben_rel_max <=  0.92 & total_deductions_by_hh_size <= 65.50","ranger",521,0.98464,0.97295,279,269,0.9642,0.0121,0.0056,1.159,0.0772,0.9846,2.9
"1","children_i <= 0.5 & count_divisible_by_100 <= 0.5 & total_deductions_by_hh_size <= 2.8","ranger",12796,0.9753,0.97295,6706,6534,0.9744,0.294,0.1177,27.869,0.0772,0.9846,2.9
"1","children_i <= 0.5 & expedited_i > 0.5 & shelter_expenses_by_hh_size <= 5.5","ranger",4066,0.97713,0.97294,1993,1946,0.9764,0.0875,0.0397,8.282,0.0772,0.9846,2.9
"1","months_since_cert_n <  30.0000 & rawben_rel_max <   0.0893 & shelter_expenses_by_hh_size < 678.0000 & unc_rawben_rel_max <  -0.1160","xgboost",1700,0.97941,0.97294,720,703,0.9764,0.0316,0.0146,2.992,0.0772,0.9846,2.9
"1","total_deductions_by_hh_size <  14 & utilities >= 369","xgboost",425,0.98588,0.97293,227,224,0.9868,0.0101,0.0018,0.943,0.0772,0.9846,2.9
"1","cat_elig <= 0.500 & children_i <= 0.500 & percent_abawd <= 0.500 & rawben_rel_max > 0.998","ranger",1741,0.97932,0.97292,871,850,0.9759,0.0382,0.0161,3.62,0.0772,0.9846,2.9
"1","children_i <= 0.500 & elderly_disabled_i > 0.500 & rawben_rel_max <= 0.087 & utilities > 5.000","ranger",3661,0.97733,0.97292,1721,1680,0.9762,0.0756,0.0237,7.152,0.0772,0.9846,2.9
"1","elderly_disabled_i <=   0.500 & rawben_rel_max >   0.991 & total_deductions_by_hh_size <= 516.000 & unc_rawben_rel_max >   0.993","ranger",9920,0.9756,0.97292,5185,5052,0.9743,0.2273,0.1107,21.548,0.0772,0.9846,2.9
"1","rawben_rel_max <    0.080 & shelter_expenses_by_hh_size < 1410.000 & total_deductions_by_hh_size < 1020.000 & unc_rawben_rel_max <   -0.004","xgboost",1824,0.97917,0.97291,0,0,NA,0,0,0,0.0772,0.9846,2.8
"1","expedited_i >  0.500 & homeless >  0.500 & total_deductions_by_hh_size <= 55.500 & unc_rawben_rel_max >  0.122","ranger",1445,0.97993,0.9729,687,671,0.9767,0.0302,0.0127,2.855,0.0772,0.9846,2.8
"1","rawben_rel_max >=  0.992 & unc_rawben_rel_max >= -0.004 & unc_rawben_rel_max <  1.230","xgboost",12273,0.97531,0.9729,6518,6330,0.9712,0.2848,0.1389,27.087,0.0772,0.9846,2.8
"1","shelter_expenses_by_hh_size <= 552.000 & unc_rawben_rel_max >   0.989 & unc_rawben_rel_max <=   1.510 & utilities <=  30.500","ranger",9793,0.97559,0.9729,5205,5066,0.9733,0.2279,0.1106,21.631,0.0772,0.9846,2.8
"1","elderly_disabled_i <=   0.5 & married <=   0.5 & shelter_expenses_by_hh_size <= 501.0 & total_deductions_by_hh_size <=   7.8","ranger",8236,0.97584,0.97289,4376,4261,0.9737,0.1917,0.0911,18.186,0.0772,0.9846,2.8
"1","elderly_disabled_i >  0.500 & homeless <=  0.500 & unc_rawben_rel_max <=  0.085 & utilities > 10.500","ranger",3617,0.97733,0.97289,1696,1656,0.9764,0.0745,0.0229,7.048,0.0772,0.9846,2.8
"1","rawben_rel_max >   0.991 & shelter_expenses_by_hh_size <= 217.000 & utilities <=  30.500","ranger",9673,0.9756,0.97289,5123,4985,0.9731,0.2243,0.1093,21.29,0.0772,0.9846,2.8
"1","children_i <  1 & months_since_cert_n >=  1 & months_since_cert_n < 10 & total_deductions_by_hh_size < 10","xgboost",9399,0.97564,0.97288,4878,4742,0.9721,0.2133,0.0917,20.272,0.0772,0.9846,2.8
"1","elderly_disabled_i >  0.500 & months_since_cert_n <= 41.000 & rawben_rel_max <=  0.085 & utilities > 28.500","ranger",3616,0.97732,0.97288,1699,1658,0.9759,0.0746,0.0237,7.061,0.0772,0.9846,2.8
"1","count_divisible_by_100 <=  1.500 & homeless <=  0.500 & total_deductions_by_hh_size <= 29.900 & unc_rawben_rel_max >  0.991","ranger",6507,0.97618,0.97287,3585,3484,0.9718,0.1567,0.0805,14.898,0.0772,0.9846,2.8
"1","months_since_cert_n <= 5.50 & unc_rawben_rel_max > 1.01 & utilities <= 9.50","ranger",7175,0.97603,0.97287,3756,3663,0.9752,0.1648,0.0696,15.609,0.0772,0.9846,2.8
"1","percent_abawd >  0.750 & unc_rawben_rel_max >  0.991 & utilities <= 30.500","ranger",2848,0.97788,0.97287,1675,1629,0.9725,0.0733,0.037,6.961,0.0772,0.9846,2.8
"1","elderly_disabled_i >   0.5000 & rawben_rel_max >   0.0795 & shelter_expenses_by_hh_size > 376.0000 & total_deductions_by_hh_size <=   8.8000","ranger",375,0.98667,0.97286,392,386,0.9847,0.0174,0.0029,1.629,0.0772,0.9846,2.8
"1","months_since_cert_n >= 15.000 & rawben_rel_max <  0.232 & total_deductions_by_hh_size < 10.000","xgboost",703,0.98293,0.97285,361,351,0.9723,0.0158,0.0043,1.5,0.0772,0.9846,2.8
"1","cat_elig <   1.00 & months_since_cert_n <  10.00 & shelter_expenses_by_hh_size < 543.00 & unc_rawben_rel_max <   1.24","xgboost",2191,0.97855,0.97284,1153,1124,0.9748,0.0506,0.016,4.792,0.0772,0.9846,2.8
"1","elderly_disabled_i <=  0.5 & medical_deductions <=  1.5 & total_deductions_by_hh_size <= 61.0 & utilities <= 30.5","ranger",8725,0.9757,0.97284,4600,4481,0.9741,0.2016,0.0936,19.116,0.0772,0.9846,2.8
"1","children_i <=  0.5 & married <=  0.5 & shelter_expenses_by_hh_size <= 14.5 & total_deductions_by_hh_size <= 63.6","ranger",10580,0.97543,0.97283,5559,5422,0.9754,0.2439,0.1022,23.102,0.0772,0.9846,2.8
"1","elderly_disabled_i <=   0.5 & shelter_expenses_by_hh_size <= 252.0 & total_deductions_by_hh_size <= 104.0 & utilities <=  12.5","ranger",8800,0.97568,0.97283,4644,4524,0.9742,0.2035,0.0953,19.299,0.0772,0.9846,2.8
"1","elderly_disabled_i <=   0.500 & rawben_rel_max >   0.991 & total_deductions_by_hh_size <= 516.000","ranger",9925,0.97552,0.97283,5188,5055,0.9744,0.2274,0.1107,21.56,0.0772,0.9846,2.8
"1","total_deductions_by_hh_size <  9 & utilities >= 74","xgboost",1099,0.98089,0.97282,542,524,0.9668,0.0236,0.0093,2.252,0.0772,0.9846,2.8
"1","cat_elig >  0.500 & months_since_cert_n <=  5.500 & rawben_rel_max >  0.906 & shelter_expenses_by_hh_size <= 32.500","ranger",5433,0.97644,0.97281,2866,2801,0.9773,0.126,0.05,11.91,0.0772,0.9846,2.8
"1","count_divisible_by_100 <= 1.500 & homeless <= 0.500 & rawben_rel_max > 0.947 & shelter_expenses_by_hh_size <= 5.500","ranger",6610,0.9761,0.97281,3658,3557,0.9724,0.16,0.0805,15.202,0.0772,0.9846,2.8
"1","months_since_cert_n <= 14.50 & percent_abawd >  0.75 & total_deductions_by_hh_size <=  8.90","ranger",2516,0.97814,0.97281,1518,1478,0.9736,0.0665,0.0332,6.308,0.0772,0.9846,2.8
"1","cat_elig <   1 & medical_deductions < 129 & shelter_expenses_by_hh_size < 314 & total_deductions_by_hh_size < 903","xgboost",2229,0.97847,0.9728,1189,1158,0.9739,0.0521,0.0186,4.941,0.0772,0.9846,2.8
"1","children_i <  1 & count_divisible_by_100 <  1 & months_since_cert_n < 28 & total_deductions_by_hh_size <  9","xgboost",12728,0.97517,0.9728,6679,6502,0.9735,0.2925,0.1188,27.756,0.0772,0.9846,2.8
"1","children_i <= 0.500 & elderly_disabled_i <= 0.500 & expedited_i > 0.500 & unc_rawben_rel_max > 0.957","ranger",4996,0.97658,0.9728,2475,2408,0.9729,0.1083,0.0579,10.286,0.0772,0.9846,2.8
"1","medical_deductions <  14.000 & total_deductions_by_hh_size < 269.000 & unc_rawben_rel_max <  -0.004 & utilities <  56.000","xgboost",880,0.98182,0.9728,408,405,0.9926,0.0182,0.0016,1.696,0.0772,0.9846,2.8
"1","elderly_disabled_i <= 0.5 & homeless > 0.5 & total_deductions_by_hh_size <= 2.8","ranger",2555,0.97808,0.97279,1228,1205,0.9813,0.0542,0.0194,5.103,0.0772,0.9846,2.8
"1","homeless >  0.5 & total_deductions_by_hh_size <=  2.8 & unc_rawben_rel_max > -4.1 & utilities <= 32.0","ranger",2919,0.97773,0.97278,1387,1361,0.9813,0.0612,0.0208,5.764,0.0772,0.9846,2.8
"1","cat_elig >  0.500 & expedited_i >  0.500 & total_deductions_by_hh_size <= 53.100 & unc_rawben_rel_max >  0.804","ranger",3241,0.97748,0.97277,1590,1554,0.9774,0.0699,0.031,6.608,0.0772,0.9846,2.8
"1","children_i <=   0.500 & shelter_expenses_by_hh_size <= 552.000 & unc_rawben_rel_max >   0.976 & utilities <=   8.000","ranger",9708,0.97548,0.97277,5174,5034,0.9729,0.2265,0.1078,21.502,0.0772,0.9846,2.8
"1","count_divisible_by_100 < 1.0 & homeless >= 1.0 & months_since_cert_n < 7.0 & total_deductions_by_hh_size < 4.4","xgboost",2226,0.97844,0.97276,1046,1026,0.9809,0.0462,0.0157,4.347,0.0772,0.9846,2.8
"1","percent_abawd > 0.250 & shelter_expenses_by_hh_size <= 5.500 & unc_rawben_rel_max > 0.802","ranger",2674,0.97794,0.97276,1605,1564,0.9745,0.0704,0.0345,6.67,0.0772,0.9846,2.8
"1","children_i <=  0.5 & total_deductions_by_hh_size <=  8.9 & utilities <= 30.5","ranger",11360,0.97526,0.97275,5964,5818,0.9755,0.2617,0.1078,24.785,0.0772,0.9846,2.8
"1","elderly_disabled_i <= 0.500 & rawben_rel_max > 0.993 & unc_rawben_rel_max > 0.943 & unc_rawben_rel_max <= 1.850","ranger",11284,0.97527,0.97275,5911,5756,0.9738,0.259,0.127,24.565,0.0772,0.9846,2.8
"1","homeless >= 1.000 & months_since_cert_n < 3.000 & rawben_rel_max >= 0.992 & unc_rawben_rel_max < 1.640","xgboost",1182,0.98054,0.97275,573,563,0.9825,0.0253,0.0079,2.381,0.0772,0.9846,2.8
"1","rawben_rel_max >  0.943 & total_deductions_by_hh_size <= 53.600","ranger",9664,0.97548,0.97275,5115,4982,0.974,0.2241,0.1069,21.257,0.0772,0.9846,2.8
"1","cat_elig <=   0.500 & percent_abawd <=   0.500 & rawben_rel_max >   0.191 & total_deductions_by_hh_size <= 142.000","ranger",1604,0.97943,0.97274,817,795,0.9731,0.0358,0.0138,3.395,0.0772,0.9846,2.8
"1","homeless <=   0.5000 & rawben_rel_max <=   0.0887 & shelter_expenses_by_hh_size <= 616.0000 & utilities >   5.0000","ranger",1646,0.97934,0.97274,719,698,0.9708,0.0314,0.0121,2.988,0.0772,0.9846,2.8
"1","months_since_cert_n >=   2.0 & shelter_expenses_by_hh_size >= 300.0 & total_deductions_by_hh_size <   4.4","xgboost",1436,0.97981,0.97274,791,775,0.9798,0.0349,0.0079,3.287,0.0772,0.9846,2.8
"1","cat_elig >  0.50000 & unc_rawben_rel_max <= -0.00915 & utilities > 30.50000","ranger",2832,0.97775,0.97272,1334,1300,0.9745,0.0585,0.0264,5.544,0.0772,0.9846,2.8
"1","homeless >  0.50 & total_deductions_by_hh_size <= 54.60 & unc_rawben_rel_max <=  1.29 & utilities <=  8.00","ranger",2913,0.97769,0.97272,1410,1385,0.9823,0.0623,0.0198,5.86,0.0772,0.9846,2.8
"1","children_i <=  0.5 & shelter_expenses_by_hh_size <= 16.5 & total_deductions_by_hh_size <= 48.6","ranger",10574,0.97532,0.97271,5547,5408,0.9749,0.2433,0.1045,23.052,0.0772,0.9846,2.8
"1","homeless >  0.5 & total_deductions_by_hh_size <= 54.6 & utilities <=  8.0","ranger",3072,0.97754,0.9727,1457,1431,0.9822,0.0644,0.0208,6.055,0.0772,0.9846,2.8
"1","count_divisible_by_100 <=  0.500 & percent_abawd <=  0.750 & shelter_expenses_by_hh_size <= 13.000 & unc_rawben_rel_max >  0.976","ranger",6620,0.97598,0.97269,3354,3271,0.9753,0.1472,0.0654,13.938,0.0772,0.9846,2.8
"1","homeless >  0.5 & shelter_expenses_by_hh_size <= 31.5 & total_deductions_by_hh_size <=  2.8","ranger",2910,0.97766,0.97269,1379,1353,0.9811,0.0609,0.0208,5.731,0.0772,0.9846,2.8
"1","married <=  0.50 & percent_abawd <=  0.75 & total_deductions_by_hh_size <= 18.80 & unc_rawben_rel_max >  1.00","ranger",6504,0.97601,0.97269,3284,3203,0.9753,0.1441,0.0633,13.648,0.0772,0.9846,2.8
"1","cat_elig >  0.500 & elderly_disabled_i <=  0.500 & shelter_expenses_by_hh_size <= 13.000 & unc_rawben_rel_max >  0.802","ranger",6929,0.9759,0.97268,3706,3611,0.9744,0.1625,0.0799,15.401,0.0772,0.9846,2.8
"1","months_since_cert_n <   3.00 & shelter_expenses_by_hh_size < 281.00 & unc_rawben_rel_max >=   1.12","xgboost",3709,0.97708,0.97268,1939,1896,0.9778,0.0853,0.0351,8.058,0.0772,0.9846,2.8
"1","rawben_rel_max <   1.000 & total_deductions_by_hh_size >=   9.000 & total_deductions_by_hh_size < 650.000 & unc_rawben_rel_max <  -0.016","xgboost",2423,0.97813,0.97268,1123,1092,0.9724,0.0491,0.0235,4.667,0.0772,0.9846,2.8
"1","count_divisible_by_100 <= 1.5 & elderly_disabled_i <= 0.5 & total_deductions_by_hh_size <= 2.8","ranger",8207,0.97563,0.97267,4361,4246,0.9736,0.191,0.0927,18.123,0.0772,0.9846,2.8
"1","homeless >  0.5 & married <=  0.5 & total_deductions_by_hh_size <= 54.6 & utilities <=  9.5","ranger",3068,0.97751,0.97267,1456,1430,0.9821,0.0643,0.0208,6.051,0.0772,0.9846,2.8
"1","percent_abawd >  0.75 & shelter_expenses_by_hh_size <=  5.50 & total_deductions_by_hh_size <= 48.30","ranger",2665,0.97786,0.97267,1597,1556,0.9743,0.07,0.034,6.637,0.0772,0.9846,2.8
"1","unc_rawben_rel_max >=  -1.170 & unc_rawben_rel_max <  -0.016 & utilities < 360.000","xgboost",1848,0.9789,0.97266,796,775,0.9736,0.0349,0.0144,3.308,0.0772,0.9846,2.8
"1","elderly_disabled_i <=  0.5 & expedited_i >  0.5 & homeless >  0.5 & total_deductions_by_hh_size <= 40.5","ranger",1347,0.97996,0.97264,640,626,0.9781,0.0282,0.0117,2.66,0.0772,0.9846,2.8
"1","percent_abawd >  0.75 & total_deductions_by_hh_size <= 56.40 & utilities <= 12.50","ranger",2703,0.9778,0.97264,1608,1567,0.9745,0.0705,0.034,6.682,0.0772,0.9846,2.8
"1","elderly_disabled_i <=  0.5 & medical_deductions <=  0.5 & total_deductions_by_hh_size <= 18.8","ranger",8389,0.97556,0.97263,4451,4331,0.973,0.1948,0.0953,18.497,0.0772,0.9846,2.8
"1","expedited_i <  1.000 & total_deductions_by_hh_size >=  9.000 & unc_rawben_rel_max < -0.056","xgboost",2378,0.97813,0.97263,1081,1054,0.975,0.0474,0.0211,4.492,0.0772,0.9846,2.8
"1","cat_elig <= 0.5 & count_divisible_by_100 <= 1.5 & elderly_disabled_i <= 0.5 & percent_abawd > 0.5","ranger",561,0.98396,0.97262,334,329,0.985,0.0148,0.0019,1.388,0.0772,0.9846,2.8
"1","months_since_cert_n <    2.000 & total_deductions_by_hh_size < 1010.000 & unc_rawben_rel_max >=   -0.560 & unc_rawben_rel_max <   -0.016","xgboost",420,0.98571,0.97261,169,165,0.9763,0.0074,0.003,0.702,0.0772,0.9846,2.8
"1","rawben_rel_max <  0.080 & shelter_expenses_by_hh_size >= 44.000 & unc_rawben_rel_max >= -0.304 & unc_rawben_rel_max < -0.004","xgboost",961,0.98127,0.97261,0,0,NA,0,0,0,0.0772,0.9846,2.8
"1","cat_elig <=    0.5 & shelter_expenses_by_hh_size <=  420.0 & total_deductions_by_hh_size <= 2460.0","ranger",2578,0.97789,0.9726,1341,1306,0.9739,0.0588,0.0205,5.573,0.0772,0.9846,2.8
"1","homeless <   1.000 & shelter_expenses_by_hh_size < 789.000 & total_deductions_by_hh_size < 289.000 & unc_rawben_rel_max <   0.056","xgboost",2779,0.97769,0.9726,1267,1229,0.97,0.0553,0.0242,5.265,0.0772,0.9846,2.8
"1","cat_elig <= 0.50 & children_i <= 0.50 & unc_rawben_rel_max <= 1.95 & utilities <= 5.00","ranger",2171,0.97835,0.97259,1141,1112,0.9746,0.05,0.015,4.742,0.0772,0.9846,2.8
"1","shelter_expenses_by_hh_size < 676.00 & unc_rawben_rel_max >=   1.18 & unc_rawben_rel_max <   1.24 & utilities < 992.00","xgboost",8568,0.97549,0.97259,4569,4445,0.9729,0.2,0.0992,18.988,0.0772,0.9846,2.8
"1","children_i < 1.00 & months_since_cert_n < 2.00 & unc_rawben_rel_max >= 1.20 & unc_rawben_rel_max < 1.46","xgboost",2414,0.97804,0.97258,1258,1237,0.9833,0.0557,0.0174,5.228,0.0772,0.9846,2.8
"1","elderly_disabled_i <=  0.5 & months_since_cert_n <=  5.5 & total_deductions_by_hh_size <= 72.6","ranger",6711,0.97586,0.97258,3508,3426,0.9766,0.1541,0.0612,14.578,0.0772,0.9846,2.8
"1","expedited_i <   1.000 & months_since_cert_n <  14.000 & unc_rawben_rel_max <  -0.212 & utilities < 724.000","xgboost",1719,0.97906,0.97258,780,767,0.9833,0.0345,0.0096,3.241,0.0772,0.9846,2.8
"1","children_i < 1.000 & married < 1.000 & rawben_rel_max >= 0.992 & unc_rawben_rel_max < 1.460","xgboost",13838,0.97485,0.97257,7369,7169,0.9729,0.3225,0.1469,30.624,0.0772,0.9846,2.8
"1","children_i <=  0.5 & homeless >  0.5 & shelter_expenses_by_hh_size <= 31.5 & total_deductions_by_hh_size <=  2.8","ranger",2897,0.97756,0.97257,1377,1352,0.9818,0.0608,0.0198,5.722,0.0772,0.9846,2.8
"1","homeless > 0.500 & months_since_cert_n <= 5.500 & rawben_rel_max > 0.991","ranger",2373,0.97809,0.97257,1135,1116,0.9833,0.0502,0.0142,4.717,0.0772,0.9846,2.8
"1","months_since_cert_n <=  5.500 & rawben_rel_max >  0.991 & utilities <= 30.500","ranger",7290,0.97572,0.97257,3808,3712,0.9748,0.167,0.0721,15.825,0.0772,0.9846,2.8
"1","homeless >  0.5 & months_since_cert_n <= 12.5 & total_deductions_by_hh_size <= 18.8","ranger",2856,0.97759,0.97256,1368,1339,0.9788,0.0602,0.023,5.685,0.0772,0.9846,2.8
"1","cat_elig >  0.500 & elderly_disabled_i <=  0.500 & shelter_expenses_by_hh_size <= 18.500 & unc_rawben_rel_max >  0.802","ranger",6936,0.97578,0.97255,3711,3616,0.9744,0.1627,0.0799,15.422,0.0772,0.9846,2.8
"1","homeless > 0.500 & medical_deductions <= 0.500 & months_since_cert_n <= 5.500 & rawben_rel_max > 0.991","ranger",2371,0.97807,0.97255,1135,1116,0.9833,0.0502,0.0142,4.717,0.0772,0.9846,2.8
"1","cat_elig >=  1.000 & children_i <  1.000 & unc_rawben_rel_max < -0.016","xgboost",3690,0.97696,0.97254,1718,1672,0.9732,0.0752,0.0375,7.14,0.0772,0.9846,2.8
"1","elderly_disabled_i <= 0.5 & total_deductions_by_hh_size <= 2.8","ranger",8208,0.97551,0.97254,4365,4247,0.973,0.1911,0.0945,18.14,0.0772,0.9846,2.8
"1","elderly_disabled_i <= 0.500 & homeless > 0.500 & unc_rawben_rel_max > 0.982","ranger",3093,0.97737,0.97253,1480,1457,0.9845,0.0655,0.02,6.151,0.0772,0.9846,2.8
"1","expedited_i <=  0.5 & months_since_cert_n > 14.5 & shelter_expenses_by_hh_size >  5.5 & total_deductions_by_hh_size <=  2.5","ranger",650,0.98308,0.97253,348,339,0.9741,0.0153,0.0037,1.446,0.0772,0.9846,2.8
"1","homeless >  0.5 & total_deductions_by_hh_size <=  2.8 & unc_rawben_rel_max > -4.1","ranger",2973,0.97746,0.97253,1409,1381,0.9801,0.0621,0.0223,5.855,0.0772,0.9846,2.8
"1","cat_elig <=   0.50 & expedited_i >   0.50 & medical_deductions <= 114.00 & unc_rawben_rel_max <=   2.16","ranger",1087,0.98068,0.97252,551,537,0.9746,0.0242,0.009,2.29,0.0772,0.9846,2.8
"1","elderly_disabled_i <=   0.5 & total_deductions_by_hh_size <= 104.0 & utilities <=  12.5","ranger",8813,0.97538,0.97251,4651,4529,0.9738,0.2038,0.0961,19.328,0.0772,0.9846,2.8
"1","expedited_i > 0.500 & married <= 0.500 & months_since_cert_n <= 5.500 & rawben_rel_max > 0.991","ranger",4357,0.97659,0.97251,2102,2052,0.9762,0.0923,0.0407,8.735,0.0772,0.9846,2.8
"1","percent_abawd >  0.750 & rawben_rel_max >  0.941 & utilities <= 28.500","ranger",2851,0.97755,0.97251,1685,1639,0.9727,0.0737,0.037,7.002,0.0772,0.9846,2.8
"1","homeless <= 0.500 & rawben_rel_max > 0.947 & shelter_expenses_by_hh_size <= 5.500","ranger",6614,0.97581,0.9725,3660,3558,0.9721,0.1601,0.0815,15.21,0.0772,0.9846,2.8
"1","cat_elig >  0.500 & children_i <=  0.500 & rawben_rel_max >  0.991 & shelter_expenses_by_hh_size <= 14.500","ranger",7538,0.97559,0.97249,4017,3912,0.9739,0.176,0.0858,16.694,0.0772,0.9846,2.8
"1","elderly_disabled_i <=   0.500 & rawben_rel_max >   0.991 & total_deductions_by_hh_size > 516.000 & unc_rawben_rel_max <=   1.720","ranger",1127,0.98048,0.97246,591,575,0.9729,0.0259,0.011,2.456,0.0772,0.9846,2.8
"1","medical_deductions < 192.000 & months_since_cert_n >=   6.000 & unc_rawben_rel_max <  -0.212","xgboost",1296,0.97994,0.97246,594,573,0.9646,0.0258,0.02,2.469,0.0772,0.9846,2.8
"1","children_i <=  0.5 & married <=  0.5 & total_deductions_by_hh_size <= 57.8 & utilities <= 12.5","ranger",11842,0.97492,0.97245,6261,6106,0.9752,0.2747,0.1097,26.019,0.0772,0.9846,2.8
"1","rawben_rel_max <  0.080 & unc_rawben_rel_max >= -0.304 & unc_rawben_rel_max < -0.004","xgboost",1084,0.98063,0.97245,0,0,NA,0,0,0,0.0772,0.9846,2.8
"1","medical_deductions >   3.500 & rawben_rel_max <=   0.239 & total_deductions_by_hh_size >  15.000 & total_deductions_by_hh_size <= 308.000","ranger",737,0.98236,0.97244,339,330,0.9735,0.0148,0.0045,1.409,0.0772,0.9846,2.8
"1","expedited_i <=   0.5000 & medical_deductions <= 112.0000 & rawben_rel_max <=   0.0887 & total_deductions_by_hh_size <= 189.0000","ranger",2601,0.9777,0.97242,1242,1209,0.9734,0.0544,0.0192,5.161,0.0772,0.9846,2.8
"1","cat_elig <=   0.5 & medical_deductions <= 134.0 & utilities <=  10.5","ranger",2197,0.97815,0.9724,1153,1122,0.9731,0.0505,0.0171,4.792,0.0772,0.9846,2.8
"1","elderly_disabled_i <= 0.500 & homeless > 0.500 & rawben_rel_max > 0.991","ranger",3077,0.97725,0.97239,1470,1447,0.9844,0.0651,0.02,6.109,0.0772,0.9846,2.8
"1","married <= 0.5 & months_since_cert_n <= 6.5 & total_deductions_by_hh_size <= 8.9","ranger",8887,0.97524,0.97239,4555,4433,0.9732,0.1994,0.0816,18.929,0.0772,0.9846,2.8
"1","count_divisible_by_100 <= 1.500 & elderly_disabled_i <= 0.500 & homeless > 0.500 & rawben_rel_max > 0.991","ranger",3076,0.97724,0.97238,1468,1446,0.985,0.0651,0.0197,6.101,0.0772,0.9846,2.8
"1","elderly_disabled_i <=    0.5 & shelter_expenses_by_hh_size <= 1100.0 & total_deductions_by_hh_size <=    8.8 & utilities <=  242.0","ranger",8275,0.97535,0.97238,4387,4272,0.9738,0.1922,0.0915,18.231,0.0772,0.9846,2.8
"1","homeless <=  0.500 & shelter_expenses_by_hh_size <= 14.500 & unc_rawben_rel_max >  0.942 & unc_rawben_rel_max <=  1.960","ranger",6624,0.97569,0.97238,3667,3565,0.9722,0.1604,0.0815,15.239,0.0772,0.9846,2.8
"1","cat_elig >  0.500 & children_i <=  0.500 & rawben_rel_max >  0.991 & shelter_expenses_by_hh_size <= 16.500","ranger",7542,0.97547,0.97237,4017,3912,0.9739,0.176,0.0858,16.694,0.0772,0.9846,2.8
"1","homeless <=   0.500 & rawben_rel_max >   0.943 & total_deductions_by_hh_size <=   2.800 & utilities <= 248.000","ranger",6312,0.97576,0.97237,3496,3396,0.9714,0.1528,0.08,14.529,0.0772,0.9846,2.8
"1","percent_abawd <=  0.750 & shelter_expenses_by_hh_size <=  5.000 & total_deductions_by_hh_size <= 18.700 & unc_rawben_rel_max >  0.991","ranger",6544,0.9757,0.97237,3295,3212,0.9748,0.1445,0.0656,13.693,0.0772,0.9846,2.8
"1","rawben_rel_max <  0.948 & unc_rawben_rel_max < -0.096","xgboost",3310,0.97704,0.97235,1505,1466,0.9741,0.066,0.0322,6.254,0.0772,0.9846,2.8
"1","cat_elig <=   0.5 & total_deductions_by_hh_size <= 804.0 & utilities <=   8.0","ranger",2232,0.97805,0.97234,1170,1138,0.9726,0.0512,0.0173,4.862,0.0772,0.9846,2.8
"1","expedited_i <=  0.500 & months_since_cert_n <= 13.500 & rawben_rel_max >  0.982 & shelter_expenses_by_hh_size <=  5.500","ranger",5107,0.97611,0.97234,2890,2807,0.9713,0.1263,0.0659,12.01,0.0772,0.9846,2.8
"1","months_since_cert_n >=   5.000 & rawben_rel_max <   0.485 & shelter_expenses_by_hh_size < 603.000 & unc_rawben_rel_max <  -0.016","xgboost",1248,0.97997,0.97233,561,549,0.9786,0.0247,0.0091,2.331,0.0772,0.9846,2.8
"1","count_divisible_by_100 <=  0.50 & homeless >  0.50 & percent_abawd <=  0.75 & total_deductions_by_hh_size <= 63.30","ranger",2472,0.97775,0.97232,1075,1052,0.9786,0.0473,0.017,4.467,0.0772,0.9846,2.8
"1","elderly_disabled_i >   0.5 & shelter_expenses_by_hh_size > 274.0 & total_deductions_by_hh_size <=   8.8","ranger",1988,0.97837,0.97232,998,975,0.977,0.0439,0.0106,4.147,0.0772,0.9846,2.8
"1","expedited_i >  0.5 & married <=  0.5 & months_since_cert_n <=  5.5 & utilities <= 32.0","ranger",3385,0.97696,0.97232,1640,1598,0.9744,0.0719,0.0312,6.815,0.0772,0.9846,2.8
"1","cat_elig <   1 & total_deductions_by_hh_size < 281","xgboost",2989,0.97725,0.97231,1551,1512,0.9749,0.068,0.0199,6.446,0.0772,0.9846,2.8
"1","elderly_disabled_i >    0.500 & rawben_rel_max <=    0.085 & total_deductions_by_hh_size <= 1710.000","ranger",4595,0.97628,0.9723,2167,2116,0.9765,0.0952,0.0292,9.006,0.0772,0.9846,2.8
"1","medical_deductions >  15.500 & total_deductions_by_hh_size <= 162.000 & unc_rawben_rel_max <=   0.934 & utilities <=  12.500","ranger",159,0.99371,0.9723,85,79,0.9294,0.0036,0.0028,0.353,0.0772,0.9846,2.8
"1","children_i <= 0.500 & elderly_disabled_i > 0.500 & rawben_rel_max <= 0.085 & unc_rawben_rel_max <= 0.268","ranger",4593,0.97627,0.97228,2164,2113,0.9764,0.0951,0.0292,8.993,0.0772,0.9846,2.8
"1","months_since_cert_n <  2.000 & rawben_rel_max >=  0.907 & total_deductions_by_hh_size < 96.000","xgboost",2507,0.97766,0.97227,1308,1283,0.9809,0.0577,0.0211,5.436,0.0772,0.9846,2.8
"1","months_since_cert_n <  32.000 & shelter_expenses_by_hh_size < 436.000 & unc_rawben_rel_max >=  -1.170 & unc_rawben_rel_max <  -0.004","xgboost",1245,0.97992,0.97226,587,575,0.9796,0.0259,0.0103,2.439,0.0772,0.9846,2.8
"1","homeless >  0.50 & percent_abawd <=  0.75 & total_deductions_by_hh_size <= 63.30","ranger",2505,0.97764,0.97225,1087,1063,0.9779,0.0478,0.0172,4.517,0.0772,0.9846,2.8
"1","children_i <=  0.5 & percent_abawd >  0.5 & shelter_expenses_by_hh_size <= 16.5 & total_deductions_by_hh_size <= 48.6","ranger",2663,0.97747,0.97223,1586,1547,0.9754,0.0696,0.033,6.591,0.0772,0.9846,2.8
"1","elderly_disabled_i <=    0.500 & expedited_i >    0.500 & shelter_expenses_by_hh_size <= 1350.000 & unc_rawben_rel_max >    0.991","ranger",4894,0.97609,0.97223,2418,2355,0.9739,0.1059,0.0542,10.049,0.0772,0.9846,2.8
"1","elderly_disabled_i <= 0.5 & expedited_i > 0.5 & married <= 0.5 & utilities <= 9.5","ranger",3961,0.97652,0.97223,1940,1891,0.9747,0.0851,0.0409,8.062,0.0772,0.9846,2.8
"1","months_since_cert_n <  3.000 & rawben_rel_max >=  0.496 & shelter_expenses_by_hh_size < 50.000","xgboost",3962,0.97653,0.97223,2135,2084,0.9761,0.0938,0.0375,8.873,0.0772,0.9846,2.8
"1","expedited_i > 0.500 & months_since_cert_n <= 4.500 & unc_rawben_rel_max > 0.958","ranger",3957,0.9765,0.9722,1875,1831,0.9765,0.0824,0.0346,7.792,0.0772,0.9846,2.8
"1","children_i <= 0.5 & married <= 0.5 & medical_deductions <= 3.5 & total_deductions_by_hh_size <= 2.8","ranger",12970,0.97456,0.97218,6787,6609,0.9738,0.2973,0.1207,28.205,0.0772,0.9846,2.8
"1","count_divisible_by_100 <=  1.50 & elderly_disabled_i <=  0.50 & total_deductions_by_hh_size <= 28.80 & unc_rawben_rel_max <=  1.93","ranger",8519,0.97511,0.97218,4510,4392,0.9738,0.1976,0.094,18.742,0.0772,0.9846,2.8
"1","elderly_disabled_i <=  0.5 & months_since_cert_n <= 15.5 & total_deductions_by_hh_size <= 55.9","ranger",8707,0.97508,0.97218,4639,4513,0.9728,0.203,0.0983,19.279,0.0772,0.9846,2.8
"1","months_since_cert_n >=   6.0000 & months_since_cert_n <  18.0000 & rawben_rel_max <   0.0893 & total_deductions_by_hh_size < 209.0000","xgboost",1366,0.9795,0.97218,664,648,0.9759,0.0292,0.009,2.759,0.0772,0.9846,2.8
"1","cat_elig >   0.5 & shelter_expenses_by_hh_size > 324.0 & total_deductions_by_hh_size <=   8.8 & unc_rawben_rel_max >  -4.1","ranger",1199,0.97998,0.97217,632,615,0.9731,0.0277,0.0092,2.626,0.0772,0.9846,2.8
"1","homeless > 0.5 & total_deductions_by_hh_size <= 2.8","ranger",2974,0.97714,0.97217,1409,1381,0.9801,0.0621,0.0223,5.855,0.0772,0.9846,2.8
"1","cat_elig >=   1.000 & rawben_rel_max <   0.084 & total_deductions_by_hh_size < 842.000 & unc_rawben_rel_max >=   0.000","xgboost",685,0.98248,0.97214,318,310,0.9748,0.0139,0.0047,1.322,0.0772,0.9846,2.8
"1","count_divisible_by_100 < 1.000 & elderly_disabled_i >= 1.000 & rawben_rel_max < 0.084","xgboost",4415,0.97622,0.97214,2081,2032,0.9765,0.0914,0.0275,8.648,0.0772,0.9846,2.8
"1","cat_elig <= 0.500 & married <= 0.500 & percent_abawd > 0.750 & unc_rawben_rel_max > 0.423","ranger",551,0.98367,0.97213,328,323,0.9848,0.0145,0.0019,1.363,0.0772,0.9846,2.8
"1","children_i < 1.000 & rawben_rel_max >= 0.992 & unc_rawben_rel_max < 1.460","xgboost",13882,0.97443,0.97213,7390,7187,0.9725,0.3233,0.1497,30.711,0.0772,0.9846,2.8
"1","expedited_i >  0.5 & medical_deductions <= 42.5 & months_since_cert_n <=  5.5 & unc_rawben_rel_max >  1.0","ranger",4336,0.97625,0.97213,2100,2049,0.9757,0.0922,0.0416,8.727,0.0772,0.9846,2.8
"1","homeless <    1 & months_since_cert_n >=   15 & total_deductions_by_hh_size >=  310 & utilities >= 1010","xgboost",158,0.99367,0.97213,198,195,0.9848,0.0088,0.0014,0.823,0.0772,0.9846,2.8
"1","children_i <= 0.5 & expedited_i > 0.5 & percent_abawd > 0.5 & shelter_expenses_by_hh_size <= 5.5","ranger",1280,0.97969,0.97212,687,670,0.9753,0.0301,0.0151,2.855,0.0772,0.9846,2.8
"1","count_divisible_by_100 <=  0.5 & married <=  0.5 & shelter_expenses_by_hh_size <=  5.5 & total_deductions_by_hh_size <= 80.2","ranger",10574,0.97475,0.97212,5564,5424,0.9748,0.244,0.106,23.123,0.0772,0.9846,2.8
"1","homeless >  0.5 & married <=  0.5 & shelter_expenses_by_hh_size <= 18.5 & total_deductions_by_hh_size <= 60.5","ranger",3047,0.97703,0.97212,1442,1416,0.982,0.0637,0.0208,5.993,0.0772,0.9846,2.8
"1","count_divisible_by_100 <=  0.5 & shelter_expenses_by_hh_size <=  5.5 & total_deductions_by_hh_size <= 60.0","ranger",10571,0.97474,0.97211,5559,5418,0.9746,0.2437,0.1074,23.102,0.0772,0.9846,2.8
"1","homeless <=  0.500 & total_deductions_by_hh_size <= 32.800 & unc_rawben_rel_max >  0.991","ranger",6559,0.97545,0.97211,3604,3502,0.9717,0.1575,0.0815,14.977,0.0772,0.9846,2.8
"1","homeless >  0.50 & percent_abawd <=  0.25 & shelter_expenses_by_hh_size <= 17.00","ranger",2453,0.97758,0.97211,1066,1039,0.9747,0.0467,0.0187,4.43,0.0772,0.9846,2.8
"1","percent_abawd <=   0.750 & rawben_rel_max >   0.941 & shelter_expenses_by_hh_size <=  14.500 & total_deductions_by_hh_size <= 119.000","ranger",6787,0.97539,0.97211,3418,3335,0.9757,0.15,0.0656,14.204,0.0772,0.9846,2.8
"1","rawben_rel_max >=  0.080 & unc_rawben_rel_max < -0.004","xgboost",2214,0.97787,0.97211,1914,1862,0.9728,0.0838,0.0406,7.954,0.0772,0.9846,2.8
"1","married <=  0.500 & percent_abawd <=  0.750 & rawben_rel_max >  0.943 & shelter_expenses_by_hh_size <= 14.000","ranger",6785,0.97539,0.9721,3420,3335,0.9751,0.15,0.0661,14.213,0.0772,0.9846,2.8
"1","months_since_cert_n >=  2.000 & rawben_rel_max <  0.268 & total_deductions_by_hh_size < 92.000 & unc_rawben_rel_max <  0.000","xgboost",1567,0.97894,0.9721,759,741,0.9763,0.0333,0.0098,3.154,0.0772,0.9846,2.8
"1","shelter_expenses_by_hh_size >= 305.000 & unc_rawben_rel_max <  -0.004","xgboost",3476,0.9767,0.9721,1616,1574,0.974,0.0708,0.0315,6.716,0.0772,0.9846,2.8
"1","months_since_cert_n < 18.000 & rawben_rel_max >=  0.992 & unc_rawben_rel_max <  1.210","xgboost",7618,0.97519,0.97209,6055,5887,0.9723,0.2648,0.1239,25.163,0.0772,0.9846,2.8
"1","percent_abawd <=  0.750 & total_deductions_by_hh_size <= 18.700 & unc_rawben_rel_max >  0.991","ranger",6553,0.97543,0.97208,3298,3215,0.9748,0.1446,0.0656,13.706,0.0772,0.9846,2.8
"1","expedited_i >  0.5 & total_deductions_by_hh_size <= 58.5","ranger",4248,0.97622,0.97207,2092,2049,0.9794,0.0922,0.0341,8.694,0.0772,0.9846,2.8
"1","homeless >  0.50 & total_deductions_by_hh_size <=  8.90 & unc_rawben_rel_max > -2.49","ranger",3002,0.97702,0.97207,1430,1402,0.9804,0.0631,0.0223,5.943,0.0772,0.9846,2.8
"1","medical_deductions <=  3.500 & months_since_cert_n <= 10.500 & rawben_rel_max >  0.991 & utilities <=  5.000","ranger",9201,0.97489,0.97207,4839,4699,0.9711,0.2114,0.1087,20.11,0.0772,0.9846,2.8
"1","percent_abawd <=  0.250 & rawben_rel_max >  0.941 & shelter_expenses_by_hh_size <= 16.500","ranger",6814,0.97534,0.97206,3432,3345,0.9747,0.1505,0.0684,14.263,0.0772,0.9846,2.8
"1","cat_elig > 0.500 & shelter_expenses_by_hh_size <= 5.500 & unc_rawben_rel_max > 0.991 & unc_rawben_rel_max <= 1.290","ranger",7533,0.97518,0.97205,4019,3909,0.9726,0.1759,0.0904,16.702,0.0772,0.9846,2.8
"1","children_i <=   0.5 & homeless >   0.5 & medical_deductions <= 107.0 & total_deductions_by_hh_size <=   2.8","ranger",2961,0.97703,0.97205,1407,1380,0.9808,0.0621,0.0214,5.847,0.0772,0.9846,2.8
"1","children_i <= 0.500 & elderly_disabled_i <= 0.500 & expedited_i > 0.500 & unc_rawben_rel_max > 0.934","ranger",5014,0.97587,0.97204,2480,2412,0.9726,0.1085,0.0588,10.306,0.0772,0.9846,2.8
"1","elderly_disabled_i >  0.500 & months_since_cert_n <= 42.500 & rawben_rel_max <=  0.085","ranger",4591,0.97604,0.97204,2166,2115,0.9765,0.0952,0.0292,9.001,0.0772,0.9846,2.8
"1","months_since_cert_n >=  1.000 & months_since_cert_n < 29.000 & unc_rawben_rel_max < -0.016","xgboost",3663,0.97652,0.97204,1713,1670,0.9749,0.0751,0.0338,7.119,0.0772,0.9846,2.8
"1","rawben_rel_max <=  0.26800 & total_deductions_by_hh_size >  8.90000 & unc_rawben_rel_max > -1.70000 & unc_rawben_rel_max <= -0.00915","ranger",2684,0.97727,0.97204,1240,1199,0.9669,0.0539,0.0331,5.153,0.0772,0.9846,2.8
"1","percent_abawd >   0.750 & rawben_rel_max >   0.815 & total_deductions_by_hh_size <= 400.000","ranger",2996,0.97697,0.97201,1775,1729,0.9741,0.0778,0.0373,7.376,0.0772,0.9846,2.8
"1","total_deductions_by_hh_size < 289.000 & unc_rawben_rel_max <   0.056","xgboost",3347,0.9767,0.97201,1579,1531,0.9696,0.0689,0.0316,6.562,0.0772,0.9846,2.8
"1","cat_elig > 0.500 & elderly_disabled_i <= 0.500 & rawben_rel_max > 0.991 & utilities <= 9.500","ranger",7253,0.97518,0.972,3856,3751,0.9728,0.1688,0.088,16.025,0.0772,0.9846,2.8
"1","cat_elig <=  0.5 & count_divisible_by_100 <=  0.5 & elderly_disabled_i <=  0.5 & medical_deductions <= 66.0","ranger",2163,0.97781,0.97197,1106,1080,0.9765,0.0486,0.0137,4.596,0.0772,0.9846,2.8
"1","medical_deductions <= 0.5 & months_since_cert_n <= 5.5 & total_deductions_by_hh_size <= 2.8","ranger",8114,0.97498,0.97197,4178,4071,0.9744,0.1831,0.0721,17.363,0.0772,0.9846,2.8
"1","children_i <   1 & shelter_expenses_by_hh_size >= 269 & total_deductions_by_hh_size <   9 & utilities >=  30","xgboost",1478,0.97903,0.97196,763,738,0.9672,0.0332,0.0127,3.171,0.0772,0.9846,2.8
"1","count_divisible_by_100 <= 0.5 & married <= 0.5 & total_deductions_by_hh_size <= 2.8","ranger",12944,0.97435,0.97196,6777,6597,0.9734,0.2968,0.1242,28.164,0.0772,0.9846,2.8
"1","homeless >  0.5 & total_deductions_by_hh_size <= 18.8 & utilities <= 38.5","ranger",2990,0.97692,0.97196,1427,1400,0.9811,0.063,0.0215,5.93,0.0772,0.9846,2.8
"1","married <   1 & months_since_cert_n <   2 & total_deductions_by_hh_size < 130 & utilities <  29","xgboost",2834,0.97706,0.97196,1491,1449,0.9718,0.0652,0.029,6.196,0.0772,0.9846,2.8
"1","children_i <=   0.500 & rawben_rel_max >   0.971 & shelter_expenses_by_hh_size <= 636.000 & utilities <=  12.500","ranger",9763,0.9747,0.97195,5202,5059,0.9725,0.2276,0.1096,21.618,0.0772,0.9846,2.8
"1","homeless >   0.5 & medical_deductions <= 107.0 & months_since_cert_n <=   2.5 & utilities <=   9.5","ranger",1231,0.97969,0.97195,594,574,0.9663,0.0258,0.0137,2.469,0.0772,0.9846,2.8
"1","homeless >=  1.000 & months_since_cert_n >=  1.000 & rawben_rel_max >=  0.364 & total_deductions_by_hh_size < 18.400","xgboost",2557,0.97732,0.97195,1220,1198,0.982,0.0539,0.0172,5.07,0.0772,0.9846,2.8
"1","children_i <= 0.5 & count_divisible_by_100 <= 1.5 & married <= 0.5 & total_deductions_by_hh_size <= 8.9","ranger",13157,0.97431,0.97194,6875,6694,0.9737,0.3012,0.121,28.571,0.0772,0.9846,2.8
"1","cat_elig >  0.500 & shelter_expenses_by_hh_size <= 16.500 & unc_rawben_rel_max >  0.991 & unc_rawben_rel_max <=  1.290","ranger",7539,0.97506,0.97193,4021,3911,0.9726,0.1759,0.0904,16.71,0.0772,0.9846,2.8
"1","cat_elig >   0.500 & medical_deductions > 100.000 & rawben_rel_max <=   0.266 & shelter_expenses_by_hh_size >  14.500","ranger",1271,0.97954,0.97192,577,559,0.9688,0.0251,0.0083,2.398,0.0772,0.9846,2.7
"1","cat_elig > 0.500 & count_divisible_by_100 <= 0.500 & rawben_rel_max > 0.976 & total_deductions_by_hh_size <= 2.800","ranger",7194,0.97512,0.97191,3856,3750,0.9725,0.1687,0.0874,16.025,0.0772,0.9846,2.7
"1","cat_elig > 0.500 & rawben_rel_max <= 0.113 & total_deductions_by_hh_size <= 7.800","ranger",1516,0.97889,0.97191,724,711,0.982,0.032,0.0079,3.009,0.0772,0.9846,2.7
"1","children_i <  1 & months_since_cert_n < 15 & total_deductions_by_hh_size < 10","xgboost",11878,0.97441,0.97191,6254,6089,0.9736,0.2739,0.1134,25.99,0.0772,0.9846,2.7
"1","homeless >  0.500 & married <=  0.500 & total_deductions_by_hh_size <= 53.100 & unc_rawben_rel_max >  0.122","ranger",3100,0.97677,0.97189,1477,1447,0.9797,0.0651,0.0235,6.138,0.0772,0.9846,2.7
"1","months_since_cert_n >=  13.000 & rawben_rel_max <   0.080 & unc_rawben_rel_max <   0.271 & utilities >= 511.000","xgboost",212,0.99057,0.97189,0,0,NA,0,0,0,0.0772,0.9846,2.7
"1","cat_elig >  0.500 & children_i <=  0.500 & shelter_expenses_by_hh_size <= 14.500 & unc_rawben_rel_max >  0.906","ranger",7638,0.97499,0.97188,4083,3978,0.9743,0.179,0.0858,16.968,0.0772,0.9846,2.7
"1","cat_elig <   2.000 & medical_deductions < 478.000 & unc_rawben_rel_max <  -0.004","xgboost",2629,0.97718,0.97187,1837,1785,0.9717,0.0803,0.0406,7.634,0.0772,0.9846,2.7
"1","expedited_i >  0.5 & homeless <=  0.5 & total_deductions_by_hh_size <= 71.0 & utilities <= 53.0","ranger",2746,0.97706,0.97187,1374,1348,0.9811,0.0606,0.0204,5.71,0.0772,0.9846,2.7
"1","medical_deductions > 96.200 & months_since_cert_n <= 29.500 & rawben_rel_max <=  0.268 & unc_rawben_rel_max <=  0.278","ranger",1473,0.97895,0.97187,671,649,0.9672,0.0292,0.0095,2.789,0.0772,0.9846,2.7
"1","months_since_cert_n >  0.500 & months_since_cert_n <= 10.500 & rawben_rel_max >  0.991 & utilities <= 14.500","ranger",8162,0.97488,0.97187,4310,4182,0.9703,0.1881,0.0986,17.911,0.0772,0.9846,2.7
"1","cat_elig <=   0.5 & children_i <=   0.5 & medical_deductions <=   4.5 & utilities <= 276.0","ranger",2352,0.97747,0.97186,1238,1208,0.9758,0.0543,0.0152,5.145,0.0772,0.9846,2.7
"1","children_i <=  0.50 & married <=  0.50 & total_deductions_by_hh_size <=  8.90 & unc_rawben_rel_max > -2.44","ranger",13154,0.97423,0.97186,6876,6692,0.9732,0.3011,0.1228,28.575,0.0772,0.9846,2.7
"1","children_i <= 0.5 & married <= 0.5 & total_deductions_by_hh_size <= 7.8","ranger",13115,0.97423,0.97185,6852,6672,0.9737,0.3002,0.1214,28.475,0.0772,0.9846,2.7
"1","medical_deductions >=  19.000 & unc_rawben_rel_max <   0.271 & utilities < 511.000","xgboost",1061,0.98021,0.97185,459,445,0.9695,0.02,0.0063,1.907,0.0772,0.9846,2.7
"1","children_i <=    0.5 & shelter_expenses_by_hh_size <= 1140.0 & total_deductions_by_hh_size <=    2.8","ranger",12999,0.97423,0.97184,6795,6614,0.9734,0.2976,0.124,28.238,0.0772,0.9846,2.7
"1","elderly_disabled_i > 0.500 & rawben_rel_max <= 0.085 & unc_rawben_rel_max <= 0.264","ranger",4597,0.97585,0.97184,2167,2116,0.9765,0.0952,0.0292,9.006,0.0772,0.9846,2.7
"1","cat_elig <   1 & months_since_cert_n <  10 & shelter_expenses_by_hh_size < 543","xgboost",2429,0.97736,0.97183,1251,1218,0.9736,0.0548,0.0192,5.199,0.0772,0.9846,2.7
"1","homeless <=  0.500 & married <=  0.500 & rawben_rel_max >  0.996 & total_deductions_by_hh_size <= 57.700","ranger",6757,0.97514,0.97183,3710,3606,0.972,0.1622,0.0823,15.418,0.0772,0.9846,2.7
"1","cat_elig > 0.500 & married <= 0.500 & rawben_rel_max > 0.976 & total_deductions_by_hh_size <= 7.800","ranger",7318,0.97499,0.97181,3909,3801,0.9724,0.171,0.088,16.245,0.0772,0.9846,2.7
"1","children_i <=  0.5 & months_since_cert_n <= 37.5 & total_deductions_by_hh_size <=  2.8","ranger",12985,0.9742,0.97181,6787,6606,0.9733,0.2972,0.124,28.205,0.0772,0.9846,2.7
"1","count_divisible_by_100 <=  1.5 & months_since_cert_n >  0.5 & months_since_cert_n <= 10.5 & total_deductions_by_hh_size <=  8.9","ranger",10050,0.97453,0.97181,5244,5100,0.9725,0.2294,0.0991,21.793,0.0772,0.9846,2.7
"1","medical_deductions <= 348.000 & percent_abawd <=   0.750 & shelter_expenses_by_hh_size <=   5.500 & unc_rawben_rel_max >   0.978","ranger",6750,0.97511,0.9718,3402,3315,0.9744,0.1491,0.0684,14.138,0.0772,0.9846,2.7
"1","children_i <= 0.500 & elderly_disabled_i <= 0.500 & months_since_cert_n <= 5.500 & rawben_rel_max > 0.967","ranger",9111,0.97465,0.97179,4719,4603,0.9754,0.2071,0.09,19.611,0.0772,0.9846,2.7
"1","months_since_cert_n <= 10.500 & rawben_rel_max >  0.991 & utilities <= 14.500","ranger",9218,0.97461,0.97178,4849,4708,0.9709,0.2118,0.1097,20.151,0.0772,0.9846,2.7
"1","children_i <= 0.5 & total_deductions_by_hh_size <= 2.8","ranger",13004,0.97416,0.97177,6798,6617,0.9734,0.2977,0.124,28.251,0.0772,0.9846,2.7
"1","elderly_disabled_i <= 0.5 & expedited_i > 0.5 & utilities <= 8.0","ranger",3973,0.97609,0.97177,1947,1897,0.9743,0.0853,0.0418,8.091,0.0772,0.9846,2.7
"1","homeless <  1.000 & unc_rawben_rel_max < -0.004","xgboost",4088,0.97603,0.97177,1860,1813,0.9747,0.0816,0.0358,7.73,0.0772,0.9846,2.7
"1","rawben_rel_max >=  0.184 & shelter_expenses_by_hh_size < 29.000 & unc_rawben_rel_max >=  1.180","xgboost",8619,0.97471,0.97177,4550,4421,0.9716,0.1989,0.1035,18.909,0.0772,0.9846,2.7
"1","cat_elig >   0.500 & shelter_expenses_by_hh_size <=   5.500 & total_deductions_by_hh_size <= 136.000 & unc_rawben_rel_max >   0.976","ranger",7639,0.97487,0.97175,4083,3971,0.9726,0.1786,0.0923,16.968,0.0772,0.9846,2.7
"1","cat_elig > 0.500 & married <= 0.500 & rawben_rel_max > 0.971 & total_deductions_by_hh_size <= 8.900","ranger",7336,0.97492,0.97174,3920,3812,0.9724,0.1715,0.088,16.291,0.0772,0.9846,2.7
"1","elderly_disabled_i <= 0.500 & married <= 0.500 & rawben_rel_max > 0.714 & utilities <= 8.000","ranger",9242,0.97457,0.97174,4878,4746,0.9729,0.2135,0.1039,20.272,0.0772,0.9846,2.7
"1","cat_elig <  1 & elderly_disabled_i <  1 & months_since_cert_n <  4 & utilities < 52","xgboost",1139,0.97981,0.97173,590,579,0.9814,0.026,0.0062,2.452,0.0772,0.9846,2.7
"1","count_divisible_by_100 <=  1.50 & percent_abawd >  0.75 & shelter_expenses_by_hh_size <= 14.50 & total_deductions_by_hh_size <= 80.20","ranger",2693,0.97698,0.97172,1607,1565,0.9739,0.0704,0.035,6.678,0.0772,0.9846,2.7
"1","elderly_disabled_i >= 1.000 & rawben_rel_max < 0.084","xgboost",4575,0.97574,0.97171,2167,2116,0.9765,0.0952,0.0292,9.006,0.0772,0.9846,2.7
"1","elderly_disabled_i <= 0.5 & homeless > 0.5 & months_since_cert_n <= 5.5 & utilities <= 9.5","ranger",2103,0.97765,0.9717,1021,999,0.9785,0.0449,0.0152,4.243,0.0772,0.9846,2.7
"1","months_since_cert_n <= 37.000 & percent_abawd <=  0.750 & rawben_rel_max >  0.943 & shelter_expenses_by_hh_size <=  5.500","ranger",6801,0.975,0.9717,3421,3334,0.9746,0.15,0.0684,14.217,0.0772,0.9846,2.7
"1","cat_elig <=  0.5 & months_since_cert_n <= 26.5 & utilities <= 26.0","ranger",2220,0.97748,0.97169,1157,1126,0.9732,0.0507,0.0169,4.808,0.0772,0.9846,2.7
"1","married <=  0.5 & medical_deductions <=  3.5 & months_since_cert_n <= 14.5 & total_deductions_by_hh_size <=  2.8","ranger",11822,0.9742,0.97169,6225,6058,0.9732,0.2725,0.1175,25.87,0.0772,0.9846,2.7
"1","cat_elig <= 0.50 & homeless <= 0.50 & unc_rawben_rel_max > 1.02 & unc_rawben_rel_max <= 1.93","ranger",1744,0.97821,0.97168,951,926,0.9737,0.0417,0.0175,3.952,0.0772,0.9846,2.7
"1","medical_deductions <=  70.000 & rawben_rel_max >   0.987 & total_deductions_by_hh_size <= 187.000","ranger",9962,0.9744,0.97167,5272,5131,0.9733,0.2308,0.1128,21.909,0.0772,0.9846,2.7
"1","cat_elig >  0.500 & elderly_disabled_i <=  0.500 & rawben_rel_max >  0.952 & utilities <= 14.500","ranger",7317,0.97485,0.97166,3903,3797,0.9728,0.1708,0.0889,16.22,0.0772,0.9846,2.7
"1","count_divisible_by_100 < 1.0 & homeless >= 1.0 & total_deductions_by_hh_size < 4.4","xgboost",2958,0.97667,0.97165,1402,1375,0.9807,0.0619,0.0221,5.826,0.0772,0.9846,2.7
"1","homeless >=  1.0 & total_deductions_by_hh_size <  4.4 & utilities < 80.0","xgboost",2958,0.97667,0.97165,1405,1379,0.9815,0.062,0.0208,5.839,0.0772,0.9846,2.7
"1","married <=  0.5 & total_deductions_by_hh_size <=  2.8 & utilities <= 28.5","ranger",11285,0.97421,0.97164,5931,5780,0.9745,0.26,0.1126,24.648,0.0772,0.9846,2.7
"1","months_since_cert_n <=   10.50 & shelter_expenses_by_hh_size <= 1140.00 & total_deductions_by_hh_size <=    2.70 & unc_rawben_rel_max <=    1.97","ranger",11063,0.97424,0.97164,5747,5589,0.9725,0.2514,0.1111,23.883,0.0772,0.9846,2.7
"1","percent_abawd <=  0.750 & rawben_rel_max >  0.991 & shelter_expenses_by_hh_size <= 16.500","ranger",6751,0.97497,0.97164,3385,3298,0.9743,0.1484,0.0684,14.067,0.0772,0.9846,2.7
"1","married <=  0.5 & shelter_expenses_by_hh_size <=  5.5 & total_deductions_by_hh_size <= 48.6","ranger",10724,0.97426,0.97163,5613,5466,0.9738,0.2459,0.111,23.326,0.0772,0.9846,2.7
"1","elderly_disabled_i > 0.500 & homeless <= 0.500 & rawben_rel_max <= 0.087","ranger",4524,0.97569,0.97162,2144,2095,0.9771,0.0943,0.0275,8.91,0.0772,0.9846,2.7
"1","homeless > 0.5 & married <= 0.5 & total_deductions_by_hh_size <= 7.8","ranger",2993,0.97661,0.97162,1424,1396,0.9803,0.0628,0.0223,5.918,0.0772,0.9846,2.7
"1","children_i <=  0.5 & shelter_expenses_by_hh_size <= 27.5 & total_deductions_by_hh_size <= 80.2","ranger",10719,0.97425,0.97161,5619,5477,0.9747,0.2464,0.107,23.351,0.0772,0.9846,2.7
"1","children_i <= 0.500 & expedited_i <= 0.500 & rawben_rel_max > 0.991 & shelter_expenses_by_hh_size <= 5.500","ranger",5316,0.97536,0.97161,2969,2885,0.9717,0.1298,0.0647,12.338,0.0772,0.9846,2.7
"1","homeless >  0.500 & total_deductions_by_hh_size <= 55.500 & unc_rawben_rel_max >  0.122","ranger",3108,0.97651,0.97161,1485,1454,0.9791,0.0654,0.0241,6.171,0.0772,0.9846,2.7
"1","married <=   0.500 & rawben_rel_max >   0.993 & total_deductions_by_hh_size <= 189.000","ranger",9902,0.97435,0.9716,5227,5086,0.973,0.2288,0.1124,21.722,0.0772,0.9846,2.7
"1","cat_elig <=  0.5 & count_divisible_by_100 <=  0.5 & utilities <= 14.5","ranger",2173,0.97745,0.97159,1131,1101,0.9735,0.0495,0.0165,4.7,0.0772,0.9846,2.7
"1","cat_elig >  0.500 & count_divisible_by_100 <=  0.500 & rawben_rel_max >  0.978 & shelter_expenses_by_hh_size <= 16.500","ranger",7523,0.97474,0.97159,4035,3927,0.9732,0.1767,0.0893,16.768,0.0772,0.9846,2.7
"1","children_i < 1.00 & unc_rawben_rel_max >= 1.20 & unc_rawben_rel_max < 1.46","xgboost",10342,0.97428,0.97159,5493,5348,0.9736,0.2406,0.1146,22.828,0.0772,0.9846,2.7
"1","percent_abawd <=   0.750 & rawben_rel_max >   0.971 & total_deductions_by_hh_size <= 150.000 & utilities <=  14.500","ranger",6889,0.97489,0.97159,3486,3397,0.9745,0.1528,0.0704,14.487,0.0772,0.9846,2.7
"1","percent_abawd >  0.75 & shelter_expenses_by_hh_size <= 15.50 & total_deductions_by_hh_size <=  8.90","ranger",2562,0.97697,0.97157,1532,1491,0.9732,0.0671,0.034,6.367,0.0772,0.9846,2.7
"1","total_deductions_by_hh_size >= 209.00 & unc_rawben_rel_max >=   1.09 & unc_rawben_rel_max <   1.46 & utilities < 494.00","xgboost",967,0.98035,0.97156,450,442,0.9822,0.0199,0.0047,1.87,0.0772,0.9846,2.7
"1","cat_elig >  0.500 & children_i <=  0.500 & rawben_rel_max >  0.998 & shelter_expenses_by_hh_size <= 29.500","ranger",7585,0.97469,0.97155,4051,3943,0.9733,0.1774,0.0878,16.835,0.0772,0.9846,2.7
"1","children_i <  1.000 & unc_rawben_rel_max < -0.004","xgboost",4171,0.97579,0.97155,1902,1852,0.9737,0.0833,0.0396,7.904,0.0772,0.9846,2.7
"1","count_divisible_by_100 <=  1.5 & months_since_cert_n <= 10.5 & total_deductions_by_hh_size <=  8.9","ranger",11210,0.97413,0.97155,5816,5657,0.9727,0.2545,0.1113,24.17,0.0772,0.9846,2.7
"1","homeless >  0.5 & total_deductions_by_hh_size <= 63.3 & utilities <= 30.5","ranger",3101,0.97646,0.97155,1473,1445,0.981,0.065,0.022,6.121,0.0772,0.9846,2.7
"1","married <=  0.50000 & months_since_cert_n <= 11.50000 & shelter_expenses_by_hh_size > 14.50000 & unc_rawben_rel_max <= -0.00915","ranger",2715,0.9768,0.97155,1242,1211,0.975,0.0545,0.0223,5.161,0.0772,0.9846,2.7
"1","months_since_cert_n >=  7.000 & unc_rawben_rel_max < -0.004","xgboost",2091,0.97752,0.97154,1029,999,0.9708,0.0449,0.0238,4.276,0.0772,0.9846,2.7
"1","cat_elig > 0.500 & elderly_disabled_i > 0.500 & total_deductions_by_hh_size <= 7.600 & unc_rawben_rel_max <= 0.268","ranger",3022,0.97651,0.97153,1368,1335,0.9759,0.0601,0.0153,5.685,0.0772,0.9846,2.7
"1","children_i <=   0.5 & shelter_expenses_by_hh_size <=   5.5 & total_deductions_by_hh_size <= 117.0 & utilities <=   8.0","ranger",10725,0.97417,0.97153,5618,5472,0.974,0.2462,0.1088,23.347,0.0772,0.9846,2.7
"1","total_deductions_by_hh_size >=    4.400 & total_deductions_by_hh_size < 1010.000 & unc_rawben_rel_max <   -0.016","xgboost",2675,0.97682,0.97153,1232,1194,0.9692,0.0537,0.0307,5.12,0.0772,0.9846,2.7
"1","children_i <=  0.5 & percent_abawd <=  0.5 & shelter_expenses_by_hh_size <= 16.5 & total_deductions_by_hh_size <= 48.6","ranger",7911,0.97459,0.97152,3961,3861,0.9748,0.1737,0.0715,16.461,0.0772,0.9846,2.7
"1","percent_abawd <=  0.750 & rawben_rel_max >  0.991 & unc_rawben_rel_max <=  1.440 & utilities <= 12.500","ranger",7021,0.97479,0.97152,3526,3435,0.9742,0.1545,0.0718,14.653,0.0772,0.9846,2.7
"1","children_i < 1.000 & rawben_rel_max < 0.084 & unc_rawben_rel_max >= 0.000","xgboost",840,0.98095,0.97151,410,403,0.9829,0.0181,0.004,1.704,0.0772,0.9846,2.7
"1","children_i <=  0.5 & elderly_disabled_i <=  0.5 & months_since_cert_n <= 10.5 & shelter_expenses_by_hh_size <=  5.5","ranger",8202,0.97452,0.9715,4330,4216,0.9737,0.1897,0.0862,17.994,0.0772,0.9846,2.7
"1","homeless >= 1.000 & rawben_rel_max >= 0.164 & rawben_rel_max < 0.400 & unc_rawben_rel_max >= 0.000","xgboost",209,0.99043,0.9715,97,91,0.9381,0.0041,0.0024,0.403,0.0772,0.9846,2.7
"1","months_since_cert_n <  20.00 & rawben_rel_max >=   1.00 & shelter_expenses_by_hh_size < 968.00 & unc_rawben_rel_max <   1.48","xgboost",10936,0.97412,0.9715,5763,5615,0.9743,0.2526,0.1161,23.95,0.0772,0.9846,2.7
"1","total_deductions_by_hh_size <= 596.000 & unc_rawben_rel_max >   0.991 & utilities <=  14.500","ranger",9867,0.97426,0.9715,5219,5070,0.9715,0.2281,0.117,21.689,0.0772,0.9846,2.7
"1","cat_elig <= 0.5 & count_divisible_by_100 <= 0.5 & elderly_disabled_i <= 0.5","ranger",2164,0.97736,0.97147,1107,1081,0.9765,0.0486,0.0137,4.6,0.0772,0.9846,2.7
"1","children_i <= 0.5 & count_divisible_by_100 <= 1.5 & total_deductions_by_hh_size <= 8.9","ranger",13192,0.97385,0.97146,6886,6702,0.9733,0.3015,0.1243,28.617,0.0772,0.9846,2.7
"1","expedited_i >  0.5 & months_since_cert_n <=  5.5 & utilities <= 32.0","ranger",3397,0.97616,0.97146,1645,1602,0.9739,0.0721,0.0321,6.836,0.0772,0.9846,2.7
"1","homeless <   1.00 & rawben_rel_max <   0.08 & total_deductions_by_hh_size < 842.00 & utilities >=  27.00","xgboost",1770,0.97797,0.97145,0,0,NA,0,0,0,0.0772,0.9846,2.7
"1","children_i <=  0.500 & expedited_i <=  0.500 & rawben_rel_max >  0.991 & shelter_expenses_by_hh_size <= 16.500","ranger",5321,0.97519,0.97144,2972,2888,0.9717,0.1299,0.0647,12.351,0.0772,0.9846,2.7
"1","elderly_disabled_i <   1.0 & homeless >=   1.0 & shelter_expenses_by_hh_size < 585.0 & unc_rawben_rel_max >=   1.2","xgboost",2589,0.97683,0.97144,1231,1211,0.9838,0.0545,0.0171,5.116,0.0772,0.9846,2.7
"1","married <=   0.5 & shelter_expenses_by_hh_size <= 406.0 & total_deductions_by_hh_size <=   8.9 & utilities <=  28.5","ranger",11278,0.97402,0.97144,5939,5786,0.9742,0.2603,0.1134,24.681,0.0772,0.9846,2.7
"1","married <=  0.500 & months_since_cert_n <= 13.500 & unc_rawben_rel_max >  0.991 & utilities <=  8.000","ranger",9551,0.97424,0.97144,5094,4947,0.9711,0.2226,0.1147,21.169,0.0772,0.9846,2.7
"1","count_divisible_by_100 <=  0.5 & expedited_i >  0.5 & married <=  0.5 & shelter_expenses_by_hh_size <= 14.0","ranger",4039,0.97574,0.97142,1985,1941,0.9778,0.0873,0.0373,8.249,0.0772,0.9846,2.7
"1","cat_elig <= 0.50 & homeless <= 0.50 & unc_rawben_rel_max > 1.00 & unc_rawben_rel_max <= 1.93","ranger",1767,0.97793,0.97141,960,935,0.974,0.0421,0.0175,3.99,0.0772,0.9846,2.7
"1","count_divisible_by_100 <=  0.50 & expedited_i <=  0.50 & shelter_expenses_by_hh_size <= 14.50 & unc_rawben_rel_max >  1.02","ranger",5278,0.97518,0.97141,2956,2867,0.9699,0.129,0.0696,12.284,0.0772,0.9846,2.7
"1","count_divisible_by_100 <= 0.5 & total_deductions_by_hh_size <= 2.8","ranger",12984,0.97381,0.97141,6792,6609,0.9731,0.2973,0.1275,28.226,0.0772,0.9846,2.7
"1","married < 1.000 & rawben_rel_max < 0.084 & unc_rawben_rel_max >= 0.000","xgboost",837,0.98088,0.97141,411,404,0.983,0.0182,0.004,1.708,0.0772,0.9846,2.7
"1","months_since_cert_n < 11.00 & total_deductions_by_hh_size < 92.00 & unc_rawben_rel_max <  1.23 & utilities < 30.00","xgboost",10608,0.97408,0.97141,5606,5467,0.9752,0.246,0.1014,23.297,0.0772,0.9846,2.7
"1","rawben_rel_max <    0.084 & shelter_expenses_by_hh_size < 1860.000 & unc_rawben_rel_max >=    0.000","xgboost",837,0.98088,0.97141,409,401,0.9804,0.018,0.0047,1.7,0.0772,0.9846,2.7
"1","elderly_disabled_i <=  0.5 & homeless >  0.5 & total_deductions_by_hh_size <= 53.1","ranger",2740,0.97664,0.9714,1315,1290,0.981,0.058,0.0208,5.465,0.0772,0.9846,2.7
"1","cat_elig >  0.500 & rawben_rel_max >  0.991 & total_deductions_by_hh_size <= 14.800 & unc_rawben_rel_max <=  1.960","ranger",7396,0.97458,0.97139,3932,3822,0.972,0.1719,0.0904,16.34,0.0772,0.9846,2.7
"1","cat_elig >   0.500 & medical_deductions <= 132.000 & rawben_rel_max >   0.991 & shelter_expenses_by_hh_size <=  10.000","ranger",7653,0.97452,0.97138,4071,3960,0.9727,0.1782,0.0913,16.918,0.0772,0.9846,2.7
"1","cat_elig >  0.500 & medical_deductions <=  3.500 & shelter_expenses_by_hh_size <= 14.500 & unc_rawben_rel_max >  0.991","ranger",7653,0.97452,0.97138,4070,3959,0.9727,0.1781,0.0913,16.914,0.0772,0.9846,2.7
"1","elderly_disabled_i <= 0.500 & unc_rawben_rel_max > 0.943 & unc_rawben_rel_max <= 1.850","ranger",11505,0.97392,0.97137,6034,5877,0.974,0.2644,0.1289,25.076,0.0772,0.9846,2.7
"1","expedited_i >=  1.0 & homeless >=  1.0 & percent_abawd <  0.5 & utilities < 48.0","xgboost",1084,0.9797,0.97137,481,467,0.9709,0.021,0.0094,1.999,0.0772,0.9846,2.7
"1","elderly_disabled_i <=  0.5 & homeless >  0.5 & married <=  0.5 & total_deductions_by_hh_size <= 53.1","ranger",2736,0.97661,0.97136,1314,1289,0.981,0.058,0.0208,5.461,0.0772,0.9846,2.7
"1","medical_deductions <  116.000 & shelter_expenses_by_hh_size < 1070.000 & unc_rawben_rel_max <   -0.004","xgboost",2927,0.97643,0.97135,1312,1280,0.9756,0.0576,0.0257,5.452,0.0772,0.9846,2.7
"1","elderly_disabled_i >   0.500 & rawben_rel_max <=   0.266 & total_deductions_by_hh_size <= 290.000 & utilities <=  30.500","ranger",2271,0.9771,0.97134,1049,1027,0.979,0.0462,0.0131,4.359,0.0772,0.9846,2.7
"1","cat_elig >  0.500 & total_deductions_by_hh_size <= 17.700 & unc_rawben_rel_max >  0.991","ranger",7418,0.97452,0.97133,3943,3833,0.9721,0.1724,0.0904,16.386,0.0772,0.9846,2.7
"1","elderly_disabled_i <= 0.50 & homeless > 0.50 & married <= 0.50 & unc_rawben_rel_max > 0.92","ranger",3115,0.97624,0.97133,1492,1469,0.9846,0.0661,0.02,6.2,0.0772,0.9846,2.7
"1","children_i <=  0.5 & total_deductions_by_hh_size <=  8.8 & unc_rawben_rel_max > -4.1","ranger",13194,0.9737,0.97131,6888,6701,0.9729,0.3015,0.1261,28.625,0.0772,0.9846,2.7
"1","children_i <=  0.50 & total_deductions_by_hh_size <=  8.90 & unc_rawben_rel_max > -3.78","ranger",13193,0.9737,0.97131,6888,6701,0.9729,0.3015,0.1261,28.625,0.0772,0.9846,2.7
"1","homeless >   0.5 & medical_deductions <= 140.0 & months_since_cert_n <=   5.5 & shelter_expenses_by_hh_size <=   5.0","ranger",2268,0.97707,0.97131,1084,1057,0.9751,0.0476,0.019,4.505,0.0772,0.9846,2.7
"1","cat_elig <  2.000 & rawben_rel_max >=  0.526 & total_deductions_by_hh_size < 18.400","xgboost",5929,0.97487,0.9713,4757,4622,0.9716,0.2079,0.1027,19.769,0.0772,0.9846,2.7
"1","children_i <= 0.500 & expedited_i <= 0.500 & shelter_expenses_by_hh_size <= 5.500 & unc_rawben_rel_max > 0.943","ranger",5371,0.97505,0.9713,3011,2927,0.9721,0.1317,0.0647,12.513,0.0772,0.9846,2.7
"1","percent_abawd >  0.75 & shelter_expenses_by_hh_size <= 30.00 & total_deductions_by_hh_size <=  2.80","ranger",2538,0.97675,0.9713,1520,1479,0.973,0.0665,0.034,6.317,0.0772,0.9846,2.7
"1","elderly_disabled_i <=  0.5 & expedited_i >  0.5 & utilities <= 26.0","ranger",3983,0.97565,0.97129,1951,1900,0.9739,0.0855,0.042,8.108,0.0772,0.9846,2.7
"1","expedited_i >  0.500 & homeless <=  0.500 & unc_rawben_rel_max >  0.991 & utilities <= 32.000","ranger",2806,0.97648,0.97129,1418,1383,0.9753,0.0622,0.0283,5.893,0.0772,0.9846,2.7
"1","percent_abawd <=  0.750 & rawben_rel_max >  0.941 & shelter_expenses_by_hh_size <= 14.500","ranger",6815,0.97461,0.97129,3432,3345,0.9747,0.1505,0.0684,14.263,0.0772,0.9846,2.7
"1","count_divisible_by_100 <=  1.5 & months_since_cert_n <= 13.5 & total_deductions_by_hh_size <=  8.8 & unc_rawben_rel_max > -4.1","ranger",11906,0.97379,0.97128,6250,6080,0.9728,0.2735,0.1201,25.973,0.0772,0.9846,2.7
"1","children_i <=  0.50 & percent_abawd >  0.75 & shelter_expenses_by_hh_size <= 30.00 & total_deductions_by_hh_size <=  2.80","ranger",2534,0.97672,0.97126,1511,1472,0.9742,0.0662,0.033,6.279,0.0772,0.9846,2.7
"1","months_since_cert_n < 28.000 & total_deductions_by_hh_size <  9.000 & unc_rawben_rel_max >=  0.056 & utilities < 30.000","xgboost",10696,0.97392,0.97126,5668,5517,0.9734,0.2482,0.1124,23.555,0.0772,0.9846,2.7
"1","cat_elig >  0.500 & total_deductions_by_hh_size <= 18.800 & unc_rawben_rel_max >  0.991","ranger",7429,0.97442,0.97123,3953,3843,0.9722,0.1729,0.0904,16.428,0.0772,0.9846,2.7
"1","expedited_i <=  0.500 & months_since_cert_n <=  5.500 & rawben_rel_max >  0.991 & total_deductions_by_hh_size <= 18.600","ranger",3597,0.97581,0.97123,1981,1928,0.9732,0.0867,0.0401,8.233,0.0772,0.9846,2.7
"1","homeless >   0.500 & months_since_cert_n <=   4.500 & total_deductions_by_hh_size <= 758.000 & unc_rawben_rel_max >   0.991","ranger",2068,0.97727,0.97123,986,969,0.9828,0.0436,0.0124,4.098,0.0772,0.9846,2.7
"1","medical_deductions >   3.500 & rawben_rel_max <=   0.239 & total_deductions_by_hh_size <= 308.000","ranger",748,0.98128,0.97123,344,335,0.9738,0.0151,0.0045,1.43,0.0772,0.9846,2.7
"1","cat_elig > 0.500 & elderly_disabled_i > 0.500 & total_deductions_by_hh_size <= 8.800 & unc_rawben_rel_max <= 0.257","ranger",2913,0.97631,0.97122,1370,1334,0.9737,0.06,0.0164,5.693,0.0772,0.9846,2.7
"1","children_i <= 0.5 & medical_deductions <= 0.5 & total_deductions_by_hh_size <= 8.9","ranger",13183,0.9736,0.97121,6888,6702,0.973,0.3015,0.1257,28.625,0.0772,0.9846,2.7
"1","count_divisible_by_100 <=  1.5 & elderly_disabled_i <=  0.5 & total_deductions_by_hh_size <= 55.5","ranger",8889,0.97413,0.97121,4698,4572,0.9732,0.2057,0.0994,19.524,0.0772,0.9846,2.7
"1","children_i <    1.000 & rawben_rel_max >=    0.992 & unc_rawben_rel_max <    1.200 & utilities < 1010.000","xgboost",3366,0.97594,0.97119,1732,1682,0.9711,0.0757,0.0292,7.198,0.0772,0.9846,2.7
"1","homeless <=  0.500 & total_deductions_by_hh_size <= 57.700 & unc_rawben_rel_max >  0.991 & unc_rawben_rel_max <=  1.960","ranger",6791,0.97453,0.97119,3724,3618,0.9715,0.1628,0.0846,15.476,0.0772,0.9846,2.7
"1","cat_elig >  0.500 & expedited_i >  0.500 & rawben_rel_max >  0.802 & shelter_expenses_by_hh_size <= 32.000","ranger",3213,0.97603,0.97118,1577,1541,0.9772,0.0693,0.031,6.554,0.0772,0.9846,2.7
"1","cat_elig >  0.500 & rawben_rel_max >  0.976 & total_deductions_by_hh_size <=  7.800 & unc_rawben_rel_max > -4.100","ranger",7342,0.97439,0.97118,3919,3809,0.9719,0.1714,0.0904,16.286,0.0772,0.9846,2.7
"1","percent_abawd >   0.75 & shelter_expenses_by_hh_size <=  35.50 & total_deductions_by_hh_size <=   8.90 & utilities <= 218.00","ranger",2566,0.97662,0.97118,1532,1491,0.9732,0.0671,0.034,6.367,0.0772,0.9846,2.7
"1","cat_elig <= 0.50 & percent_abawd > 0.50 & unc_rawben_rel_max <= 1.96 & utilities <= 7.50","ranger",444,0.98423,0.97117,270,267,0.9889,0.012,0.0011,1.122,0.0772,0.9846,2.7
"1","married <=  0.5 & shelter_expenses_by_hh_size <= 18.5 & total_deductions_by_hh_size <= 60.5","ranger",10774,0.97383,0.97117,5644,5497,0.974,0.2473,0.111,23.455,0.0772,0.9846,2.7
"1","cat_elig >  0.500 & cat_elig <=  2.500 & total_deductions_by_hh_size <= 17.700 & unc_rawben_rel_max >  0.991","ranger",7337,0.97438,0.97116,3943,3833,0.9721,0.1724,0.0904,16.386,0.0772,0.9846,2.7
"1","count_divisible_by_100 <=  1.500 & months_since_cert_n <= 13.500 & unc_rawben_rel_max >  0.991 & utilities <= 14.500","ranger",9567,0.97397,0.97116,5102,4954,0.971,0.2229,0.1168,21.203,0.0772,0.9846,2.7
"1","expedited_i <=  0.500 & rawben_rel_max >  0.976 & shelter_expenses_by_hh_size <=  5.500 & total_deductions_by_hh_size <= 80.200","ranger",5419,0.9749,0.97116,3031,2941,0.9703,0.1323,0.0707,12.596,0.0772,0.9846,2.7
"1","expedited_i >  0.5 & married <=  0.5 & shelter_expenses_by_hh_size <= 14.5","ranger",4115,0.97546,0.97116,2012,1965,0.9766,0.0884,0.0397,8.361,0.0772,0.9846,2.7
"1","cat_elig >  0.5 & expedited_i >  0.5 & total_deductions_by_hh_size <= 62.1 & utilities <= 32.5","ranger",3323,0.97593,0.97115,1620,1584,0.9778,0.0713,0.0303,6.732,0.0772,0.9846,2.7
"1","cat_elig >  0.500 & children_i <=  0.500 & rawben_rel_max >  0.993 & total_deductions_by_hh_size <= 55.500","ranger",7735,0.97427,0.97114,4123,4011,0.9728,0.1804,0.0909,17.134,0.0772,0.9846,2.7
"1","count_divisible_by_100 <=  1.5 & elderly_disabled_i <=  0.5 & medical_deductions <=  0.5 & total_deductions_by_hh_size <= 56.7","ranger",8904,0.97406,0.97114,4700,4574,0.9732,0.2058,0.0994,19.532,0.0772,0.9846,2.7
"1","shelter_expenses_by_hh_size <=  5.5 & total_deductions_by_hh_size <= 48.3","ranger",10759,0.97379,0.97113,5628,5479,0.9735,0.2465,0.1133,23.389,0.0772,0.9846,2.7
"1","cat_elig >  0.500 & count_divisible_by_100 <=  1.500 & rawben_rel_max >  0.991 & shelter_expenses_by_hh_size <= 14.500","ranger",7656,0.97427,0.97112,4070,3960,0.973,0.1782,0.0911,16.914,0.0772,0.9846,2.7
"1","cat_elig > 0.50 & months_since_cert_n <= 5.50 & percent_abawd > 0.75 & total_deductions_by_hh_size <= 2.80","ranger",1514,0.9782,0.97112,895,873,0.9754,0.0393,0.0164,3.719,0.0772,0.9846,2.7
"1","cat_elig > 0.500 & rawben_rel_max > 0.971 & total_deductions_by_hh_size <= 8.900","ranger",7360,0.97432,0.97111,3930,3820,0.972,0.1719,0.0904,16.332,0.0772,0.9846,2.7
"1","homeless >= 1.000 & rawben_rel_max >= 0.992 & unc_rawben_rel_max < 1.640","xgboost",3016,0.97613,0.97111,1453,1422,0.9787,0.064,0.0259,6.038,0.0772,0.9846,2.7
"1","children_i <= 0.5 & medical_deductions <= 0.5 & months_since_cert_n <= 5.5 & shelter_expenses_by_hh_size <= 5.0","ranger",7504,0.97428,0.9711,3916,3815,0.9742,0.1716,0.072,16.274,0.0772,0.9846,2.7
"1","count_divisible_by_100 <  1.00 & rawben_rel_max >=  0.21 & total_deductions_by_hh_size < 10.00 & utilities < 52.00","xgboost",10238,0.97382,0.9711,5522,5374,0.9732,0.2418,0.108,22.948,0.0772,0.9846,2.7
"1","married <=  0.5 & months_since_cert_n <= 26.5 & total_deductions_by_hh_size <=  2.8","ranger",12875,0.97351,0.97109,6738,6551,0.9722,0.2947,0.1285,28.001,0.0772,0.9846,2.7
"1","children_i <= 0.5 & months_since_cert_n > 0.5 & months_since_cert_n <= 5.5 & shelter_expenses_by_hh_size <= 5.5","ranger",6473,0.97451,0.97108,3393,3302,0.9732,0.1486,0.0642,14.1,0.0772,0.9846,2.7
"1","unc_rawben_rel_max <   0.056 & utilities >= 415.000 & utilities < 600.000","xgboost",1432,0.97835,0.97107,555,542,0.9766,0.0244,0.0093,2.306,0.0772,0.9846,2.7
"1","cat_elig >  0.500 & medical_deductions <= 70.000 & shelter_expenses_by_hh_size <=  5.500 & unc_rawben_rel_max >  0.943","ranger",7713,0.9742,0.97106,4115,4004,0.973,0.1801,0.0913,17.101,0.0772,0.9846,2.7
"1","count_divisible_by_100 <   1.000 & rawben_rel_max >=   0.896 & total_deductions_by_hh_size < 178.000 & unc_rawben_rel_max <   1.330","xgboost",9681,0.97387,0.97106,5167,5034,0.9743,0.2265,0.1078,21.473,0.0772,0.9846,2.7
"1","expedited_i >= 1.000 & unc_rawben_rel_max >= 0.936 & unc_rawben_rel_max < 1.250","xgboost",4435,0.9752,0.97106,2236,2178,0.9741,0.098,0.0425,9.292,0.0772,0.9846,2.7
"1","count_divisible_by_100 <= 0.5 & homeless > 0.5 & months_since_cert_n <= 6.5 & shelter_expenses_by_hh_size <= 5.5","ranger",2363,0.97672,0.97105,1129,1103,0.977,0.0496,0.0188,4.692,0.0772,0.9846,2.7
"1","unc_rawben_rel_max > 0.991 & unc_rawben_rel_max <= 1.880 & utilities <= 5.000","ranger",9968,0.97382,0.97105,5320,5162,0.9703,0.2322,0.1244,22.109,0.0772,0.9846,2.7
"1","married <= 0.500 & unc_rawben_rel_max > 0.998 & unc_rawben_rel_max <= 1.470","ranger",14074,0.97336,0.97103,7471,7261,0.9719,0.3267,0.157,31.048,0.0772,0.9846,2.7
"1","cat_elig >  0.500 & months_since_cert_n <= 37.000 & shelter_expenses_by_hh_size <=  5.500 & unc_rawben_rel_max >  0.976","ranger",7663,0.97416,0.97101,4088,3976,0.9726,0.1789,0.0923,16.989,0.0772,0.9846,2.7
"1","count_divisible_by_100 <=  1.5 & expedited_i >  0.5 & shelter_expenses_by_hh_size <= 14.0","ranger",4130,0.9753,0.97101,2017,1971,0.9772,0.0887,0.039,8.382,0.0772,0.9846,2.7
"1","expedited_i <=   0.500 & rawben_rel_max >   0.978 & total_deductions_by_hh_size <= 119.000 & utilities <=   5.000","ranger",5537,0.97472,0.97101,3097,3005,0.9703,0.1352,0.0724,12.87,0.0772,0.9846,2.7
"1","homeless >=  1.0 & months_since_cert_n <  9.0 & percent_abawd <  0.5 & total_deductions_by_hh_size < 63.0","xgboost",2091,0.97704,0.97101,890,871,0.9787,0.0392,0.0138,3.699,0.0772,0.9846,2.7
"1","cat_elig <=   0.5 & married <=   0.5 & medical_deductions <= 141.0 & utilities <=  12.5","ranger",2206,0.97688,0.971,1157,1126,0.9732,0.0507,0.0171,4.808,0.0772,0.9846,2.7
"1","medical_deductions <=  0.5 & shelter_expenses_by_hh_size <=  5.5 & total_deductions_by_hh_size <= 60.3","ranger",10781,0.97366,0.971,5639,5491,0.9738,0.247,0.113,23.434,0.0772,0.9846,2.7
"1","cat_elig <=    0.5 & count_divisible_by_100 <=    1.5 & expedited_i >    0.5 & total_deductions_by_hh_size <= 1920.0","ranger",1110,0.97928,0.97099,553,538,0.9729,0.0242,0.0104,2.298,0.0772,0.9846,2.7
"1","cat_elig >  0.500 & count_divisible_by_100 <=  1.500 & shelter_expenses_by_hh_size <= 16.500 & unc_rawben_rel_max >  0.993","ranger",7657,0.97414,0.97099,4069,3959,0.973,0.1781,0.0911,16.91,0.0772,0.9846,2.7
"1","shelter_expenses_by_hh_size <= 292.0 & total_deductions_by_hh_size <=  58.9 & utilities <=   5.0","ranger",11501,0.97357,0.97099,6040,5881,0.9737,0.2646,0.1182,25.101,0.0772,0.9846,2.7
"1","cat_elig >  0.500 & months_since_cert_n <= 37.000 & rawben_rel_max >  0.991 & shelter_expenses_by_hh_size <= 14.500","ranger",7655,0.97413,0.97098,4066,3954,0.9725,0.1779,0.0923,16.897,0.0772,0.9846,2.7
"1","cat_elig > 0.500 & rawben_rel_max > 0.991 & shelter_expenses_by_hh_size <= 5.500 & unc_rawben_rel_max <= 1.780","ranger",7655,0.97413,0.97098,4067,3955,0.9725,0.1779,0.0923,16.901,0.0772,0.9846,2.7
"1","expedited_i >  0.5 & months_since_cert_n <= 35.5 & shelter_expenses_by_hh_size <=  5.5","ranger",4126,0.97528,0.97098,2018,1970,0.9762,0.0886,0.0406,8.386,0.0772,0.9846,2.7
"1","married < 1.000 & rawben_rel_max >= 0.992 & unc_rawben_rel_max < 1.460","xgboost",14156,0.9733,0.97098,7503,7285,0.9709,0.3277,0.1615,31.181,0.0772,0.9846,2.7
"1","elderly_disabled_i >  0.5000 & months_since_cert_n <= 21.5000 & rawben_rel_max <=  0.0887 & utilities >  5.0000","ranger",3340,0.97575,0.97097,1563,1525,0.9757,0.0686,0.022,6.495,0.0772,0.9846,2.7
"1","expedited_i <=  0.500 & shelter_expenses_by_hh_size <= 13.000 & total_deductions_by_hh_size <= 81.400 & unc_rawben_rel_max >  0.981","ranger",5420,0.97472,0.97097,3034,2944,0.9703,0.1324,0.0707,12.609,0.0772,0.9846,2.7
"1","married <=  0.5 & months_since_cert_n >  0.5 & months_since_cert_n <= 26.5 & total_deductions_by_hh_size <=  2.8","ranger",11731,0.97349,0.97094,6175,6003,0.9721,0.2701,0.1163,25.662,0.0772,0.9846,2.7
"1","cat_elig <= 1.500 & homeless > 0.500 & unc_rawben_rel_max > 0.991 & unc_rawben_rel_max <= 2.270","ranger",1931,0.97721,0.97092,1475,1441,0.9769,0.0648,0.0281,6.13,0.0772,0.9846,2.7
"1","cat_elig > 0.500 & rawben_rel_max > 0.943 & total_deductions_by_hh_size <= 7.800 & unc_rawben_rel_max <= 1.950","ranger",7385,0.97414,0.97092,3936,3826,0.9721,0.1721,0.0904,16.357,0.0772,0.9846,2.7
"1","months_since_cert_n <    7.000 & total_deductions_by_hh_size < 1200.000 & unc_rawben_rel_max <   -0.016","xgboost",2008,0.97709,0.97092,862,843,0.978,0.0379,0.0146,3.582,0.0772,0.9846,2.7
"1","shelter_expenses_by_hh_size >= 305.000 & total_deductions_by_hh_size >=   9.000 & unc_rawben_rel_max >=  -0.904 & unc_rawben_rel_max <  -0.004","xgboost",2314,0.97666,0.97092,1069,1041,0.9738,0.0468,0.0192,4.443,0.0772,0.9846,2.7
"1","children_i <= 0.5 & months_since_cert_n <= 5.5 & shelter_expenses_by_hh_size <= 5.5","ranger",7563,0.97408,0.97091,3943,3841,0.9741,0.1728,0.0724,16.386,0.0772,0.9846,2.7
"1","expedited_i >  0.5 & medical_deductions <=  5.0 & months_since_cert_n <= 35.5 & shelter_expenses_by_hh_size <= 16.0","ranger",4116,0.97522,0.97091,2015,1969,0.9772,0.0886,0.0392,8.374,0.0772,0.9846,2.7
"1","shelter_expenses_by_hh_size < 1390 & utilities >=  875 & utilities <  912","xgboost",698,0.98138,0.97091,1,0,0,0,4e-04,0.004,0.0772,0.9846,2.7
"1","cat_elig <=   0.5 & homeless <=   0.5 & total_deductions_by_hh_size <= 172.0","ranger",2083,0.97696,0.9709,1114,1086,0.9749,0.0489,0.0155,4.63,0.0772,0.9846,2.7
"1","children_i <  1.000 & shelter_expenses_by_hh_size < 80.000 & unc_rawben_rel_max >=  0.883","xgboost",9805,0.97369,0.97089,5204,5070,0.9743,0.2281,0.1073,21.627,0.0772,0.9846,2.7
"1","count_divisible_by_100 <= 1.50 & expedited_i > 0.50 & percent_abawd <= 0.75 & total_deductions_by_hh_size <= 2.80","ranger",2729,0.97618,0.97089,1293,1271,0.983,0.0572,0.0167,5.373,0.0772,0.9846,2.7
"1","expedited_i <=  0.500 & medical_deductions > 83.000 & rawben_rel_max <=  0.268 & total_deductions_by_hh_size >  8.800","ranger",1502,0.97803,0.97089,682,660,0.9677,0.0297,0.0095,2.834,0.0772,0.9846,2.7
"1","months_since_cert_n >  2.50 & months_since_cert_n <=  5.50 & total_deductions_by_hh_size <= 32.80 & unc_rawben_rel_max >  1.01","ranger",2993,0.97594,0.97089,1520,1486,0.9776,0.0669,0.0234,6.317,0.0772,0.9846,2.7
"1","cat_elig <= 0.5 & expedited_i > 0.5 & homeless <= 0.5 & utilities <= 5.0","ranger",570,0.98246,0.97087,297,292,0.9832,0.0131,0.0026,1.234,0.0772,0.9846,2.7
"1","cat_elig <= 0.500 & rawben_rel_max > 0.991 & unc_rawben_rel_max > 1.210 & unc_rawben_rel_max <= 2.150","ranger",1225,0.97878,0.97087,232,217,0.9353,0.0098,0.0107,0.964,0.0772,0.9846,2.7
"1","cat_elig >  0.5 & children_i <=  0.5 & expedited_i >  0.5 & total_deductions_by_hh_size <= 55.9","ranger",3366,0.97564,0.97087,1663,1626,0.9778,0.0732,0.0306,6.911,0.0772,0.9846,2.7
"1","children_i <=  0.5 & married <=  0.5 & months_since_cert_n <=  5.5 & total_deductions_by_hh_size <= 58.9","ranger",8893,0.9738,0.97087,4613,4493,0.974,0.2021,0.0746,19.171,0.0772,0.9846,2.7
"1","count_divisible_by_100 <=  0.5 & elderly_disabled_i <=  0.5 & expedited_i >  0.5 & utilities <= 26.0","ranger",3851,0.97533,0.97087,1889,1842,0.9751,0.0829,0.0386,7.85,0.0772,0.9846,2.7
"1","percent_abawd >  0.75 & total_deductions_by_hh_size <= 14.50","ranger",2614,0.97628,0.97087,1560,1517,0.9724,0.0682,0.036,6.483,0.0772,0.9846,2.7
"1","rawben_rel_max <   0.084 & total_deductions_by_hh_size >=  10.000 & total_deductions_by_hh_size < 603.000 & utilities >= 361.000","xgboost",1812,0.97737,0.97087,892,867,0.972,0.039,0.0178,3.707,0.0772,0.9846,2.7
"1","unc_rawben_rel_max < -0.004","xgboost",4185,0.97515,0.97087,1914,1862,0.9728,0.0838,0.0406,7.954,0.0772,0.9846,2.7
"1","cat_elig >  0.500 & rawben_rel_max >  0.991 & shelter_expenses_by_hh_size <= 10.000","ranger",7659,0.97402,0.97086,4073,3961,0.9725,0.1782,0.0923,16.926,0.0772,0.9846,2.6
"1","medical_deductions < 429.00 & percent_abawd <   0.50 & unc_rawben_rel_max >=   1.02 & unc_rawben_rel_max <   1.27","xgboost",9395,0.97371,0.97085,4803,4662,0.9706,0.2097,0.103,19.96,0.0772,0.9846,2.6
"1","medical_deductions < 478.000 & unc_rawben_rel_max <  -0.004","xgboost",4181,0.97513,0.97085,1913,1861,0.9728,0.0837,0.0406,7.95,0.0772,0.9846,2.6
"1","months_since_cert_n <=   4.5 & total_deductions_by_hh_size <= 152.0 & utilities <=   9.5","ranger",7222,0.97411,0.97085,3790,3690,0.9736,0.166,0.0678,15.75,0.0772,0.9846,2.6
"1","rawben_rel_max >=   0.948 & total_deductions_by_hh_size < 202.000 & unc_rawben_rel_max >=  -0.004","xgboost",10078,0.97361,0.97085,5327,5183,0.973,0.2332,0.1155,22.138,0.0772,0.9846,2.6
"1","months_since_cert_n >=   7.000 & rawben_rel_max <   0.084 & utilities >= 424.000","xgboost",1104,0.97917,0.97084,523,503,0.9618,0.0226,0.0139,2.173,0.0772,0.9846,2.6
"1","married <=  0.50 & total_deductions_by_hh_size <=  2.80 & unc_rawben_rel_max > -3.78","ranger",13157,0.97325,0.97083,6868,6679,0.9725,0.3005,0.1305,28.542,0.0772,0.9846,2.6
"1","married <= 0.50 & months_since_cert_n <= 6.50 & percent_abawd <= 0.75 & total_deductions_by_hh_size <= 8.90","ranger",6890,0.97417,0.97083,3393,3299,0.9723,0.1484,0.061,14.1,0.0772,0.9846,2.6
"1","homeless >=  1.0 & months_since_cert_n <  8.0 & total_deductions_by_hh_size < 22.4 & utilities < 57.0","xgboost",2420,0.97645,0.97082,1137,1116,0.9815,0.0502,0.0161,4.725,0.0772,0.9846,2.6
"1","cat_elig >  0.500 & elderly_disabled_i >  0.500 & rawben_rel_max <=  0.087 & utilities > 30.500","ranger",3171,0.97572,0.9708,1507,1469,0.9748,0.0661,0.0221,6.263,0.0772,0.9846,2.6
"1","cat_elig >  0.500 & rawben_rel_max >  0.971 & shelter_expenses_by_hh_size <= 14.500","ranger",7680,0.97396,0.9708,4100,3988,0.9727,0.1794,0.0923,17.039,0.0772,0.9846,2.6
"1","cat_elig >  0.500 & rawben_rel_max >  0.978 & shelter_expenses_by_hh_size <= 16.500","ranger",7675,0.97394,0.97078,4097,3985,0.9727,0.1793,0.0923,17.026,0.0772,0.9846,2.6
"1","cat_elig >  0.500 & rawben_rel_max >  0.998 & shelter_expenses_by_hh_size <= 14.500 & unc_rawben_rel_max <=  1.960","ranger",7638,0.97395,0.97078,4068,3956,0.9725,0.178,0.0923,16.906,0.0772,0.9846,2.6
"1","children_i <  1.000 & months_since_cert_n <  9.000 & total_deductions_by_hh_size < 43.000 & unc_rawben_rel_max >=  0.179","xgboost",9299,0.97365,0.97078,4893,4748,0.9704,0.2136,0.0946,20.334,0.0772,0.9846,2.6
"1","children_i <=  0.5 & expedited_i >  0.5 & homeless >  0.5 & utilities <= 28.5","ranger",1457,0.97804,0.97078,690,670,0.971,0.0301,0.0156,2.867,0.0772,0.9846,2.6
"1","rawben_rel_max <   0.084 & total_deductions_by_hh_size < 842.000 & unc_rawben_rel_max >=   0.000","xgboost",819,0.98046,0.97078,394,386,0.9797,0.0174,0.0047,1.637,0.0772,0.9846,2.6
"1","rawben_rel_max >=   0.992 & unc_rawben_rel_max <   1.480 & utilities < 912.000","xgboost",13774,0.97314,0.97078,6951,6750,0.9711,0.3037,0.1496,28.887,0.0772,0.9846,2.6
"1","cat_elig > 0.500 & unc_rawben_rel_max > 0.991 & unc_rawben_rel_max <= 1.220","ranger",10372,0.97349,0.97077,5478,5304,0.9682,0.2386,0.1294,22.765,0.0772,0.9846,2.6
"1","children_i <= 0.500 & expedited_i > 0.500 & homeless > 0.500 & unc_rawben_rel_max > 0.991","ranger",1612,0.97767,0.97077,755,738,0.9775,0.0332,0.0146,3.138,0.0772,0.9846,2.6
"1","elderly_disabled_i <=  0.5 & married <=  0.5 & months_since_cert_n <=  5.5 & shelter_expenses_by_hh_size <= 18.5","ranger",6656,0.97416,0.97076,3486,3395,0.9739,0.1527,0.0668,14.487,0.0772,0.9846,2.6
"1","elderly_disabled_i <= 0.50 & expedited_i <= 0.50 & rawben_rel_max > 0.68 & shelter_expenses_by_hh_size <= 5.00","ranger",4942,0.97471,0.97076,2754,2679,0.9728,0.1205,0.0586,11.445,0.0772,0.9846,2.6
"1","married <= 0.5 & total_deductions_by_hh_size <= 2.8","ranger",13159,0.97317,0.97076,6870,6681,0.9725,0.3006,0.1305,28.55,0.0772,0.9846,2.6
"1","medical_deductions > 108.000 & months_since_cert_n <=  42.500 & rawben_rel_max <=   0.266","ranger",1456,0.97802,0.97076,661,641,0.9697,0.0288,0.0089,2.747,0.0772,0.9846,2.6
"1","total_deductions_by_hh_size <  4.4 & utilities >= 63.0","xgboost",1101,0.97911,0.97076,529,513,0.9698,0.0231,0.0086,2.198,0.0772,0.9846,2.6
"1","cat_elig >  0.5 & shelter_expenses_by_hh_size <= 14.5 & unc_rawben_rel_max >  1.0","ranger",7632,0.97393,0.97075,4067,3955,0.9725,0.1779,0.0923,16.901,0.0772,0.9846,2.6
"1","expedited_i >  0.5 & shelter_expenses_by_hh_size <= 13.0","ranger",4131,0.97507,0.97075,2020,1972,0.9762,0.0887,0.0406,8.395,0.0772,0.9846,2.6
"1","cat_elig <=  0.500 & count_divisible_by_100 <=  0.500 & unc_rawben_rel_max > -0.392 & utilities <= 34.500","ranger",2186,0.97667,0.97074,1132,1102,0.9735,0.0496,0.0165,4.704,0.0772,0.9846,2.6
"1","cat_elig >  0.500 & shelter_expenses_by_hh_size <= 16.500 & unc_rawben_rel_max >  0.991","ranger",7664,0.9739,0.97074,4073,3961,0.9725,0.1782,0.0923,16.926,0.0772,0.9846,2.6
"1","expedited_i >   0.5 & medical_deductions <= 276.0 & shelter_expenses_by_hh_size <=   5.5","ranger",4127,0.97504,0.97073,2018,1970,0.9762,0.0886,0.0406,8.386,0.0772,0.9846,2.6
"1","homeless >=   1.000 & months_since_cert_n <   5.000 & rawben_rel_max >=   0.955 & shelter_expenses_by_hh_size < 744.000","xgboost",1995,0.97694,0.97073,936,919,0.9818,0.0413,0.0125,3.89,0.0772,0.9846,2.6
"1","cat_elig >  0.500 & rawben_rel_max >  0.998 & total_deductions_by_hh_size <= 29.900","ranger",7548,0.9739,0.97071,4021,3908,0.9719,0.1758,0.0923,16.71,0.0772,0.9846,2.6
"1","homeless >  0.5000 & rawben_rel_max >  0.0795 & total_deductions_by_hh_size <= 55.5000","ranger",3161,0.97564,0.97071,1522,1488,0.9777,0.0669,0.0264,6.325,0.0772,0.9846,2.6
"1","rawben_rel_max <=   0.0887 & shelter_expenses_by_hh_size <= 616.0000 & utilities >   5.0000","ranger",1686,0.97746,0.97071,736,712,0.9674,0.032,0.0142,3.059,0.0772,0.9846,2.6
"1","children_i <=   0.5 & married <=   0.5 & total_deductions_by_hh_size <=   2.8 & utilities <= 192.0","ranger",12060,0.97322,0.97069,6333,6165,0.9735,0.2774,0.1148,26.318,0.0772,0.9846,2.6
"1","children_i <= 0.5 & expedited_i > 0.5 & percent_abawd <= 0.5 & shelter_expenses_by_hh_size <= 5.5","ranger",2786,0.97595,0.97069,1306,1276,0.977,0.0574,0.0246,5.427,0.0772,0.9846,2.6
"1","count_divisible_by_100 <=  1.50 & married <=  0.50 & total_deductions_by_hh_size <=  8.90 & unc_rawben_rel_max > -2.63","ranger",13344,0.9731,0.97069,6955,6763,0.9724,0.3043,0.1308,28.903,0.0772,0.9846,2.6
"1","cat_elig <=   0.5 & count_divisible_by_100 <=   0.5 & shelter_expenses_by_hh_size <= 608.0","ranger",2972,0.97577,0.97068,1528,1478,0.9673,0.0665,0.0274,6.35,0.0772,0.9846,2.6
"1","cat_elig <= 0.500 & children_i <= 0.500 & expedited_i <= 0.500 & unc_rawben_rel_max > 0.993","ranger",1256,0.9785,0.97067,673,660,0.9807,0.0297,0.0083,2.797,0.0772,0.9846,2.6
"1","expedited_i >  0.5 & medical_deductions <=  5.0 & shelter_expenses_by_hh_size <= 16.0","ranger",4118,0.97499,0.97066,2015,1969,0.9772,0.0886,0.0392,8.374,0.0772,0.9846,2.6
"1","expedited_i >    0.500 & months_since_cert_n <=    7.500 & shelter_expenses_by_hh_size <= 2880.000 & unc_rawben_rel_max >    0.991","ranger",4849,0.97463,0.97065,2371,2309,0.9739,0.1039,0.0507,9.853,0.0772,0.9846,2.6
"1","married <= 0.500 & rawben_rel_max > 0.943 & total_deductions_by_hh_size <= 7.800 & unc_rawben_rel_max <= 1.180","ranger",523,0.98279,0.97065,294,293,0.9966,0.0132,9e-04,1.222,0.0772,0.9846,2.6
"1","elderly_disabled_i <= 0.50 & homeless <= 0.50 & total_deductions_by_hh_size <= 7.80 & unc_rawben_rel_max <= 1.93","ranger",5683,0.97431,0.97062,3145,3050,0.9698,0.1372,0.0751,13.07,0.0772,0.9846,2.6
"1","homeless >   0.500 & months_since_cert_n <=  10.500 & rawben_rel_max >   0.991 & total_deductions_by_hh_size <= 675.000","ranger",3003,0.97569,0.97062,1415,1383,0.9774,0.0622,0.0268,5.88,0.0772,0.9846,2.6
"1","rawben_rel_max <   0.460 & unc_rawben_rel_max <  -0.016 & utilities >= 529.000","xgboost",936,0.9797,0.97062,464,451,0.972,0.0203,0.0109,1.928,0.0772,0.9846,2.6
"1","count_divisible_by_100 <=  1.50000 & shelter_expenses_by_hh_size <= 14.00000 & total_deductions_by_hh_size <= 58.90000 & unc_rawben_rel_max > -0.00544","ranger",10532,0.97332,0.97061,5526,5380,0.9736,0.242,0.1115,22.965,0.0772,0.9846,2.6
"1","shelter_expenses_by_hh_size < 2090.000 & unc_rawben_rel_max >=   -0.744 & unc_rawben_rel_max <    0.076 & utilities >=  366.000","xgboost",2252,0.97647,0.97061,1077,1050,0.9749,0.0472,0.0185,4.476,0.0772,0.9846,2.6
"1","cat_elig <=  0.500 & count_divisible_by_100 <=  0.500 & rawben_rel_max <=  0.085 & utilities > 34.500","ranger",391,0.98465,0.9706,170,168,0.9882,0.0076,6e-04,0.706,0.0772,0.9846,2.6
"1","children_i <   1.0 & shelter_expenses_by_hh_size < 430.0 & total_deductions_by_hh_size <   4.4","xgboost",12555,0.97308,0.9706,6577,6400,0.9731,0.2879,0.1212,27.332,0.0772,0.9846,2.6
"1","children_i <=   0.5 & count_divisible_by_100 <=   1.5 & total_deductions_by_hh_size <=   8.9 & utilities <= 337.0","ranger",12663,0.97307,0.9706,6525,6350,0.9732,0.2857,0.1185,27.116,0.0772,0.9846,2.6
"1","count_divisible_by_100 <   1.000 & rawben_rel_max >=   0.896 & total_deductions_by_hh_size < 178.000","xgboost",9885,0.97339,0.9706,5233,5095,0.9736,0.2292,0.1114,21.747,0.0772,0.9846,2.6
"1","count_divisible_by_100 <=  1.5 & expedited_i >  0.5 & homeless >  0.5 & shelter_expenses_by_hh_size <= 14.0","ranger",1448,0.9779,0.9706,676,660,0.9763,0.0297,0.013,2.809,0.0772,0.9846,2.6
"1","rawben_rel_max >=   0.955 & total_deductions_by_hh_size < 236.000","xgboost",10100,0.97337,0.9706,5350,5204,0.9727,0.2341,0.1166,22.233,0.0772,0.9846,2.6
"1","count_divisible_by_100 <=  1.5 & shelter_expenses_by_hh_size <= 14.5 & total_deductions_by_hh_size <= 80.2","ranger",10845,0.97326,0.97059,5669,5522,0.9741,0.2484,0.1125,23.559,0.0772,0.9846,2.6
"1","expedited_i <= 0.500 & married <= 0.500 & rawben_rel_max > 0.991 & shelter_expenses_by_hh_size <= 5.500","ranger",5422,0.97436,0.97059,3022,2930,0.9696,0.1318,0.0712,12.559,0.0772,0.9846,2.6
"1","cat_elig <=  0.500 & months_since_cert_n <= 31.500 & percent_abawd <=  0.750 & rawben_rel_max >  0.991","ranger",1832,0.97707,0.97058,922,896,0.9718,0.0403,0.0194,3.832,0.0772,0.9846,2.6
"1","cat_elig <=   0.5 & expedited_i >   0.5 & medical_deductions <= 114.0","ranger",1094,0.97898,0.97057,553,538,0.9729,0.0242,0.01,2.298,0.0772,0.9846,2.6
"1","elderly_disabled_i <=   0.500 & homeless >   0.500 & rawben_rel_max >   0.854 & total_deductions_by_hh_size <= 625.000","ranger",2998,0.97565,0.97057,1486,1463,0.9845,0.0658,0.02,6.175,0.0772,0.9846,2.6
"1","cat_elig <=   0.5 & count_divisible_by_100 <=   0.5 & expedited_i <=   0.5 & total_deductions_by_hh_size <= 272.0","ranger",2021,0.97674,0.97056,1076,1045,0.9712,0.047,0.0158,4.472,0.0772,0.9846,2.6
"1","medical_deductions <= 10.50 & shelter_expenses_by_hh_size <=  5.50 & total_deductions_by_hh_size <= 80.20 & unc_rawben_rel_max <=  1.95","ranger",10834,0.97323,0.97056,5664,5514,0.9735,0.2481,0.1143,23.538,0.0772,0.9846,2.6
"1","count_divisible_by_100 <= 1.5 & married <= 0.5 & total_deductions_by_hh_size <= 8.9","ranger",13349,0.97296,0.97055,6958,6766,0.9724,0.3044,0.1308,28.916,0.0772,0.9846,2.6
"1","count_divisible_by_100 <= 0.500 & elderly_disabled_i <= 0.500 & expedited_i > 0.500 & rawben_rel_max > 0.958","ranger",4905,0.97452,0.97054,2429,2362,0.9724,0.1063,0.0573,10.094,0.0772,0.9846,2.6
"1","medical_deductions < 192.000 & rawben_rel_max >=   0.990 & unc_rawben_rel_max >=  -0.212 & unc_rawben_rel_max <   1.460","xgboost",14194,0.97288,0.97054,7528,7307,0.9706,0.3287,0.1643,31.285,0.0772,0.9846,2.6
"1","cat_elig >  0.500 & percent_abawd >  0.750 & unc_rawben_rel_max >  0.991 & utilities <= 30.500","ranger",2434,0.97617,0.97053,1419,1376,0.9697,0.0619,0.0359,5.897,0.0772,0.9846,2.6
"1","count_divisible_by_100 < 1.0 & months_since_cert_n >= 1.0 & percent_abawd < 0.5 & total_deductions_by_hh_size < 9.0","xgboost",9753,0.97334,0.97052,4924,4790,0.9728,0.2155,0.0839,20.463,0.0772,0.9846,2.6
"1","expedited_i > 0.50 & percent_abawd <= 0.75 & total_deductions_by_hh_size <= 2.80","ranger",2730,0.97582,0.9705,1294,1271,0.9822,0.0572,0.0173,5.378,0.0772,0.9846,2.6
"1","cat_elig <   1.00 & count_divisible_by_100 <   1.00 & rawben_rel_max <   0.64 & total_deductions_by_hh_size < 150.00","xgboost",688,0.9811,0.97049,366,355,0.9699,0.016,0.0058,1.521,0.0772,0.9846,2.6
"1","cat_elig <=  0.50 & unc_rawben_rel_max <=  2.29 & utilities <= 14.00","ranger",2243,0.97637,0.97049,1171,1139,0.9727,0.0512,0.0173,4.866,0.0772,0.9846,2.6
"1","elderly_disabled_i <= 0.5 & months_since_cert_n <= 5.5 & shelter_expenses_by_hh_size <= 5.0","ranger",6667,0.9739,0.97049,3491,3399,0.9736,0.1529,0.0677,14.508,0.0772,0.9846,2.6
"1","children_i <=   0.50 & percent_abawd >   0.75 & total_deductions_by_hh_size <=   7.80 & utilities <= 242.00","ranger",2578,0.97595,0.97047,1531,1492,0.9745,0.0671,0.033,6.362,0.0772,0.9846,2.6
"1","married <=  0.50 & total_deductions_by_hh_size <=  8.90 & unc_rawben_rel_max > -2.44","ranger",13346,0.97288,0.97047,6959,6764,0.972,0.3043,0.1326,28.92,0.0772,0.9846,2.6
"1","months_since_cert_n < 17.000 & unc_rawben_rel_max >=  0.000 & unc_rawben_rel_max <  0.076","xgboost",646,0.98142,0.97047,289,282,0.9758,0.0127,0.0045,1.201,0.0772,0.9846,2.6
"1","medical_deductions <= 804.000 & rawben_rel_max >   0.991 & unc_rawben_rel_max <=   1.480","ranger",14365,0.97278,0.97046,7605,7383,0.9708,0.3321,0.1653,31.605,0.0772,0.9846,2.6
"1","cat_elig >  0.500 & expedited_i >  0.500 & rawben_rel_max >  0.991 & utilities <= 32.000","ranger",3392,0.97524,0.97045,1664,1619,0.973,0.0728,0.038,6.915,0.0772,0.9846,2.6
"1","count_divisible_by_100 <=  1.500 & expedited_i <=  0.500 & total_deductions_by_hh_size <= 18.700 & unc_rawben_rel_max >  0.991","ranger",5288,0.97428,0.97045,2937,2849,0.97,0.1282,0.0695,12.205,0.0772,0.9846,2.6
"1","married <= 0.50 & total_deductions_by_hh_size <= 7.60 & unc_rawben_rel_max <= 1.95","ranger",13303,0.97286,0.97045,6934,6743,0.9725,0.3034,0.1311,28.816,0.0772,0.9846,2.6
"1","expedited_i <= 0.500 & rawben_rel_max > 0.991 & shelter_expenses_by_hh_size <= 5.500 & unc_rawben_rel_max <= 1.690","ranger",5431,0.97422,0.97044,3025,2934,0.9699,0.132,0.0717,12.571,0.0772,0.9846,2.6
"1","rawben_rel_max >=    0.992 & total_deductions_by_hh_size < 1140.000 & unc_rawben_rel_max <    1.200","xgboost",3537,0.97512,0.97044,1878,1817,0.9675,0.0817,0.0376,7.805,0.0772,0.9846,2.6
"1","cat_elig >=   1.000 & shelter_expenses_by_hh_size >= 305.000 & unc_rawben_rel_max <  -0.004","xgboost",3204,0.97534,0.97042,1504,1463,0.9727,0.0658,0.0312,6.25,0.0772,0.9846,2.6
"1","count_divisible_by_100 <=   0.5 & married <=   0.5 & shelter_expenses_by_hh_size <= 300.0 & total_deductions_by_hh_size <=   2.8","ranger",11491,0.97302,0.97042,5973,5812,0.973,0.2615,0.1136,24.822,0.0772,0.9846,2.6
"1","expedited_i <=  0.500 & rawben_rel_max >  0.991 & total_deductions_by_hh_size <= 17.800","ranger",5282,0.97425,0.97042,2934,2844,0.9693,0.1279,0.0707,12.193,0.0772,0.9846,2.6
"1","expedited_i <=  0.50000 & rawben_rel_max <=  0.08700 & total_deductions_by_hh_size > 56.70000 & unc_rawben_rel_max <= -0.00915","ranger",2462,0.97604,0.97042,1121,1090,0.9723,0.049,0.0238,4.659,0.0772,0.9846,2.6
"1","months_since_cert_n >=   3.000 & total_deductions_by_hh_size < 321.000 & unc_rawben_rel_max >=   0.972 & unc_rawben_rel_max <   1.230","xgboost",5860,0.97406,0.97042,3101,3014,0.9719,0.1356,0.068,12.887,0.0772,0.9846,2.6
"1","cat_elig <=   0.5 & married <=   0.5 & medical_deductions <= 282.0 & utilities <=  30.5","ranger",2237,0.97631,0.97041,1166,1134,0.9726,0.051,0.0173,4.846,0.0772,0.9846,2.6
"1","elderly_disabled_i <= 0.500 & expedited_i <= 0.500 & unc_rawben_rel_max > 0.991 & utilities <= 5.000","ranger",5062,0.97432,0.9704,2822,2743,0.972,0.1234,0.0633,11.728,0.0772,0.9846,2.6
"1","married <=  0.5 & medical_deductions <= 96.2 & total_deductions_by_hh_size <=  8.9 & unc_rawben_rel_max > -4.1","ranger",13351,0.97281,0.9704,6960,6765,0.972,0.3043,0.1326,28.924,0.0772,0.9846,2.6
"1","cat_elig <   1 & children_i <   1 & shelter_expenses_by_hh_size < 616","xgboost",3015,0.97546,0.97038,1573,1527,0.9708,0.0687,0.024,6.537,0.0772,0.9846,2.6
"1","cat_elig <= 1.500 & homeless > 0.500 & unc_rawben_rel_max > 0.991","ranger",1933,0.97672,0.97038,1478,1444,0.977,0.065,0.0281,6.142,0.0772,0.9846,2.6
"1","married <=  0.50 & percent_abawd >  0.25 & shelter_expenses_by_hh_size <= 12.50 & total_deductions_by_hh_size <= 61.20","ranger",2682,0.97576,0.97038,1598,1557,0.9743,0.07,0.034,6.641,0.0772,0.9846,2.6
"1","months_since_cert_n <    4.000 & shelter_expenses_by_hh_size < 1190.000 & unc_rawben_rel_max <   -0.004","xgboost",1087,0.97884,0.97038,447,440,0.9843,0.0198,0.006,1.858,0.0772,0.9846,2.6
"1","months_since_cert_n < 32.000 & unc_rawben_rel_max < -0.004","xgboost",4114,0.97472,0.97037,1892,1840,0.9725,0.0828,0.0406,7.863,0.0772,0.9846,2.6
"1","rawben_rel_max >=  0.907 & total_deductions_by_hh_size < 87.000 & unc_rawben_rel_max <  1.150","xgboost",888,0.97973,0.97037,527,522,0.9905,0.0235,0.0046,2.19,0.0772,0.9846,2.6
"1","medical_deductions <= 92.50 & total_deductions_by_hh_size <=  2.80 & unc_rawben_rel_max > -2.63","ranger",13194,0.97279,0.97036,6883,6691,0.9721,0.301,0.1337,28.604,0.0772,0.9846,2.6
"1","rawben_rel_max <   0.084 & shelter_expenses_by_hh_size >= 297.000 & unc_rawben_rel_max >=   0.000","xgboost",685,0.98102,0.97036,346,343,0.9913,0.0154,0.0025,1.438,0.0772,0.9846,2.6
"1","cat_elig <= 0.5 & expedited_i <= 0.5 & homeless > 0.5 & utilities <= 9.5","ranger",250,0.988,0.97035,118,116,0.9831,0.0052,0.0011,0.49,0.0772,0.9846,2.6
"1","count_divisible_by_100 < 1.0 & percent_abawd < 0.5 & total_deductions_by_hh_size < 9.0","xgboost",10614,0.97305,0.97035,5350,5204,0.9727,0.2341,0.0936,22.233,0.0772,0.9846,2.6
"1","children_i <= 0.50 & percent_abawd <= 0.75 & total_deductions_by_hh_size <= 8.90","ranger",10611,0.97305,0.97034,5351,5205,0.9727,0.2342,0.0911,22.237,0.0772,0.9846,2.6
"1","elderly_disabled_i <=  0.50 & percent_abawd >  0.75 & total_deductions_by_hh_size <= 56.50","ranger",2753,0.97566,0.97034,1632,1589,0.9737,0.0715,0.0358,6.782,0.0772,0.9846,2.6
"1","homeless > 0.5 & months_since_cert_n <= 4.5 & utilities <= 9.5","ranger",2044,0.97652,0.97034,975,949,0.9733,0.0427,0.0177,4.052,0.0772,0.9846,2.6
"1","homeless >=   1.00 & unc_rawben_rel_max >=   1.02 & utilities < 450.00","xgboost",2901,0.97553,0.97034,1402,1372,0.9786,0.0617,0.0249,5.826,0.0772,0.9846,2.6
"1","shelter_expenses_by_hh_size <= 552.000 & unc_rawben_rel_max >   0.989 & utilities <=  30.500","ranger",9977,0.97314,0.97034,5289,5135,0.9709,0.231,0.1201,21.98,0.0772,0.9846,2.6
"1","total_deductions_by_hh_size >=    9.000 & total_deductions_by_hh_size < 1100.000 & unc_rawben_rel_max >=   -1.170 & unc_rawben_rel_max <   -0.004","xgboost",2641,0.97577,0.97034,1207,1171,0.9702,0.0527,0.0261,5.016,0.0772,0.9846,2.6
"1","total_deductions_by_hh_size <= 58.9 & utilities <=  5.0","ranger",12088,0.97287,0.97033,6361,6192,0.9734,0.2786,0.122,26.435,0.0772,0.9846,2.6
"1","cat_elig >  0.5 & elderly_disabled_i <=  0.5 & shelter_expenses_by_hh_size <=  5.5 & total_deductions_by_hh_size <= 53.7","ranger",6950,0.97367,0.97032,3700,3600,0.973,0.162,0.0828,15.376,0.0772,0.9846,2.6
"1","expedited_i <=  0.50 & total_deductions_by_hh_size <= 17.70 & unc_rawben_rel_max >  1.00 & unc_rawben_rel_max <=  1.93","ranger",5265,0.97417,0.97032,2931,2841,0.9693,0.1278,0.0707,12.181,0.0772,0.9846,2.6
"1","count_divisible_by_100 <=   0.500 & medical_deductions > 100.000 & months_since_cert_n <=   5.500 & rawben_rel_max <=   0.248","ranger",517,0.98259,0.97031,246,237,0.9634,0.0107,0.0035,1.022,0.0772,0.9846,2.6
"1","married <= 0.5 & medical_deductions <= 0.5 & total_deductions_by_hh_size <= 8.8","ranger",13340,0.97271,0.9703,6960,6766,0.9721,0.3044,0.1322,28.924,0.0772,0.9846,2.6
"1","months_since_cert_n >  9.5 & shelter_expenses_by_hh_size > 38.5 & total_deductions_by_hh_size <=  2.8","ranger",1084,0.97878,0.9703,602,592,0.9834,0.0266,0.0046,2.502,0.0772,0.9846,2.6
"1","rawben_rel_max >=    0.992 & unc_rawben_rel_max <    1.200 & utilities < 1010.000","xgboost",3484,0.97503,0.9703,1783,1727,0.9686,0.0777,0.0337,7.41,0.0772,0.9846,2.6
"1","children_i <   1 & shelter_expenses_by_hh_size < 305 & total_deductions_by_hh_size <   9 & utilities <  63","xgboost",11440,0.9729,0.97029,5999,5840,0.9735,0.2627,0.113,24.93,0.0772,0.9846,2.6
"1","children_i <=  0.5 & months_since_cert_n <=  8.5 & total_deductions_by_hh_size <= 56.7","ranger",11018,0.97295,0.97029,5705,5532,0.9697,0.2489,0.1113,23.709,0.0772,0.9846,2.6
"1","unc_rawben_rel_max >= 0.000 & unc_rawben_rel_max < 0.076","xgboost",765,0.98039,0.97029,356,349,0.9803,0.0157,0.0045,1.479,0.0772,0.9846,2.6
"1","cat_elig <=   0.5 & count_divisible_by_100 <=   0.5 & homeless <=   0.5 & shelter_expenses_by_hh_size <= 420.0","ranger",1927,0.97665,0.97028,1022,992,0.9706,0.0446,0.0177,4.247,0.0772,0.9846,2.6
"1","children_i <   1.000 & total_deductions_by_hh_size < 515.000 & unc_rawben_rel_max <  -0.016 & utilities >= 750.000","xgboost",148,0.99324,0.97028,44,41,0.9318,0.0018,0.0029,0.183,0.0772,0.9846,2.6
"1","shelter_expenses_by_hh_size <= 1140.0 & total_deductions_by_hh_size <=    2.8","ranger",13194,0.97271,0.97028,6883,6691,0.9721,0.301,0.1337,28.604,0.0772,0.9846,2.6
"1","expedited_i >=  1.00 & unc_rawben_rel_max >=  1.21 & utilities < 34.00","xgboost",1963,0.97657,0.97026,141,125,0.8865,0.0056,0.0121,0.586,0.0772,0.9846,2.6
"1","cat_elig <=  0.5 & count_divisible_by_100 <=  0.5 & utilities <= 34.5","ranger",2187,0.97622,0.97025,1132,1102,0.9735,0.0496,0.0165,4.704,0.0772,0.9846,2.6
"1","cat_elig <=  0.500 & months_since_cert_n <= 11.500 & percent_abawd >  0.500 & rawben_rel_max >  0.292","ranger",558,0.98208,0.97025,333,328,0.985,0.0148,0.0019,1.384,0.0772,0.9846,2.6
"1","elderly_disabled_i <=  0.5 & homeless >  0.5 & married <=  0.5 & total_deductions_by_hh_size <= 58.5","ranger",2744,0.97558,0.97025,1322,1296,0.9803,0.0583,0.0214,5.494,0.0772,0.9846,2.6
"1","homeless < 1.000 & months_since_cert_n < 8.000 & rawben_rel_max >= 0.992 & unc_rawben_rel_max < 1.640","xgboost",8533,0.97328,0.97025,4583,4454,0.9719,0.2004,0.0934,19.046,0.0772,0.9846,2.6
"1","homeless >=  1.0 & total_deductions_by_hh_size < 22.4 & utilities < 57.0","xgboost",3039,0.97532,0.97025,1448,1421,0.9814,0.0639,0.0215,6.018,0.0772,0.9846,2.6
"1","months_since_cert_n <= 37.0 & total_deductions_by_hh_size <=  2.8","ranger",13179,0.97268,0.97025,6875,6683,0.9721,0.3007,0.1337,28.571,0.0772,0.9846,2.6
"1","children_i < 1.000 & total_deductions_by_hh_size < 9.000 & unc_rawben_rel_max >= 0.271","xgboost",9729,0.97307,0.97024,5301,5157,0.9728,0.232,0.1041,22.03,0.0772,0.9846,2.6
"1","expedited_i >  0.50 & shelter_expenses_by_hh_size <= 32.00 & unc_rawben_rel_max <=  1.93","ranger",4168,0.97457,0.97024,2043,1992,0.975,0.0896,0.0418,8.49,0.0772,0.9846,2.6
"1","expedited_i > 0.500 & months_since_cert_n <= 7.500 & unc_rawben_rel_max > 0.991","ranger",4855,0.97425,0.97024,2375,2312,0.9735,0.104,0.0517,9.87,0.0772,0.9846,2.6
"1","rawben_rel_max < 0.084 & unc_rawben_rel_max >= 0.000","xgboost",844,0.97986,0.97024,412,404,0.9806,0.0182,0.0047,1.712,0.0772,0.9846,2.6
"1","cat_elig >  0.5 & elderly_disabled_i <=  0.5 & shelter_expenses_by_hh_size <= 14.5 & total_deductions_by_hh_size <= 61.2","ranger",6964,0.97358,0.97023,3704,3604,0.973,0.1621,0.0828,15.393,0.0772,0.9846,2.6
"1","children_i <=   0.500 & medical_deductions <= 132.000 & rawben_rel_max >   0.991 & utilities <=   8.000","ranger",9869,0.97305,0.97023,5240,5083,0.97,0.2287,0.1213,21.776,0.0772,0.9846,2.6
"1","children_i <=  0.5 & expedited_i <=  0.5 & months_since_cert_n <= 10.5 & total_deductions_by_hh_size <=  2.8","ranger",7285,0.97351,0.97023,3877,3765,0.9711,0.1694,0.0737,16.112,0.0772,0.9846,2.6
"1","rawben_rel_max >=   0.992 & total_deductions_by_hh_size >= 848.000 & unc_rawben_rel_max <   1.140 & utilities >= 852.000","xgboost",200,0.99,0.97023,137,130,0.9489,0.0058,0.0056,0.569,0.0772,0.9846,2.6
"1","cat_elig <= 0.5 & children_i <= 0.5 & expedited_i > 0.5","ranger",1081,0.97872,0.97022,541,526,0.9723,0.0237,0.0106,2.248,0.0772,0.9846,2.6
"1","cat_elig >= 2.00 & children_i < 1.00 & total_deductions_by_hh_size < 9.00 & unc_rawben_rel_max >= 1.16","xgboost",3363,0.97502,0.9702,280,276,0.9857,0.0124,0.0037,1.164,0.0772,0.9846,2.6
"1","medical_deductions < 565.000 & rawben_rel_max <   0.084 & unc_rawben_rel_max >=   0.000","xgboost",843,0.97983,0.9702,411,403,0.9805,0.0181,0.0047,1.708,0.0772,0.9846,2.6
"1","medical_deductions <= 210.0 & months_since_cert_n <=  26.5 & total_deductions_by_hh_size <=   7.8","ranger",13053,0.97265,0.9702,6816,6624,0.9718,0.298,0.1323,28.326,0.0772,0.9846,2.6
"1","elderly_disabled_i <= 0.500 & expedited_i > 0.500 & married <= 0.500 & unc_rawben_rel_max > 0.991","ranger",5062,0.97412,0.97019,2496,2427,0.9724,0.1092,0.0592,10.373,0.0772,0.9846,2.6
"1","homeless >  0.500 & months_since_cert_n <= 10.500 & rawben_rel_max >  0.991","ranger",3033,0.97527,0.97019,1431,1399,0.9776,0.0629,0.0268,5.947,0.0772,0.9846,2.6
"1","cat_elig > 0.5 & cat_elig <= 1.5 & elderly_disabled_i <= 0.5 & total_deductions_by_hh_size <= 7.8","ranger",3470,0.97493,0.97018,3299,3197,0.9691,0.1438,0.0831,13.71,0.0772,0.9846,2.6
"1","elderly_disabled_i >= 1.000 & months_since_cert_n >= 5.000 & rawben_rel_max < 0.447 & total_deductions_by_hh_size < 9.000","xgboost",2479,0.9758,0.97018,1291,1260,0.976,0.0567,0.0138,5.365,0.0772,0.9846,2.6
"1","months_since_cert_n <   7.00 & unc_rawben_rel_max >=   1.24 & unc_rawben_rel_max <   1.86 & utilities >= 385.00","xgboost",1466,0.97749,0.97018,752,737,0.9801,0.0332,0.0125,3.125,0.0772,0.9846,2.6
"1","shelter_expenses_by_hh_size < 828.0000 & total_deductions_by_hh_size < 642.0000 & unc_rawben_rel_max <  -0.0344 & utilities < 339.0000","xgboost",1580,0.97722,0.97018,631,618,0.9794,0.0278,0.0094,2.622,0.0772,0.9846,2.6
"1","homeless <=   0.500 & rawben_rel_max >   0.991 & total_deductions_by_hh_size <= 118.000","ranger",6951,0.97353,0.97017,3819,3711,0.9717,0.167,0.0864,15.871,0.0772,0.9846,2.6
"1","months_since_cert_n >=  10.000 & unc_rawben_rel_max <  -0.004 & utilities < 426.000","xgboost",802,0.98005,0.97017,412,398,0.966,0.0179,0.0129,1.712,0.0772,0.9846,2.6
"1","children_i < 1.0 & elderly_disabled_i < 1.0 & expedited_i >= 1.0 & unc_rawben_rel_max >= 0.8","xgboost",5093,0.97408,0.97016,2521,2445,0.9699,0.11,0.0647,10.477,0.0772,0.9846,2.6
"1","children_i <=   0.5 & months_since_cert_n <=  37.5 & total_deductions_by_hh_size <=   2.8 & utilities <= 245.0","ranger",12087,0.9727,0.97015,6342,6167,0.9724,0.2774,0.1192,26.356,0.0772,0.9846,2.6
"1","homeless >  0.500 & married <=  0.500 & months_since_cert_n <= 10.500 & rawben_rel_max >  0.991","ranger",3029,0.97524,0.97015,1430,1398,0.9776,0.0629,0.0268,5.943,0.0772,0.9846,2.6
"1","homeless >=  1 & months_since_cert_n < 11 & total_deductions_by_hh_size < 34","xgboost",2845,0.9754,0.97015,1332,1302,0.9775,0.0586,0.0242,5.535,0.0772,0.9846,2.6
"1","cat_elig <=  0.500 & expedited_i >  0.500 & unc_rawben_rel_max > -0.388","ranger",1117,0.97851,0.97014,556,540,0.9712,0.0243,0.0109,2.311,0.0772,0.9846,2.6
"1","count_divisible_by_100 <= 1.500 & rawben_rel_max > 0.991 & unc_rawben_rel_max <= 1.930 & utilities <= 9.500","ranger",10050,0.97294,0.97014,5315,5155,0.9699,0.2319,0.1261,22.088,0.0772,0.9846,2.6
"1","married <   1.000 & medical_deductions < 140.000 & rawben_rel_max >=   0.992 & unc_rawben_rel_max <   1.580","xgboost",14597,0.97246,0.97014,7791,7552,0.9693,0.3398,0.1794,32.378,0.0772,0.9846,2.6
"1","expedited_i <=  0.500 & married <=  0.500 & shelter_expenses_by_hh_size <= 14.000 & unc_rawben_rel_max >  0.943","ranger",5481,0.97391,0.97013,3068,2976,0.97,0.1339,0.0712,12.75,0.0772,0.9846,2.6
"1","expedited_i <= 0.500 & rawben_rel_max <= 0.268 & total_deductions_by_hh_size <= 7.600","ranger",3354,0.97496,0.97012,1530,1491,0.9745,0.0671,0.0206,6.358,0.0772,0.9846,2.6
"1","medical_deductions > 105.000 & medical_deductions <= 614.000 & rawben_rel_max <=   0.266","ranger",1463,0.97744,0.97012,663,643,0.9698,0.0289,0.0089,2.755,0.0772,0.9846,2.6
"1","percent_abawd >  0.75 & percent_abawd <=  1.50 & total_deductions_by_hh_size <= 56.50","ranger",2769,0.97544,0.97012,1640,1596,0.9732,0.0718,0.0366,6.815,0.0772,0.9846,2.6
"1","cat_elig <=   0.5 & expedited_i >   0.5 & medical_deductions <= 233.0","ranger",1116,0.97849,0.97011,556,540,0.9712,0.0243,0.0109,2.311,0.0772,0.9846,2.6
"1","children_i <  1.00 & months_since_cert_n < 14.00 & total_deductions_by_hh_size < 47.00 & unc_rawben_rel_max <  1.24","xgboost",12525,0.97261,0.97011,6686,6487,0.9702,0.2918,0.1289,27.785,0.0772,0.9846,2.6
"1","children_i <=  0.500 & married <=  0.500 & rawben_rel_max >  0.991 & utilities <= 14.500","ranger",9864,0.97293,0.97011,5239,5083,0.9702,0.2287,0.1199,21.772,0.0772,0.9846,2.6
"1","homeless >  0.50 & medical_deductions <=  5.50 & total_deductions_by_hh_size <= 48.80 & unc_rawben_rel_max <=  1.95","ranger",3171,0.97509,0.97011,1500,1468,0.9787,0.066,0.0255,6.234,0.0772,0.9846,2.6
"1","elderly_disabled_i <=  0.500 & expedited_i >  0.500 & months_since_cert_n <= 36.000 & rawben_rel_max >  0.991","ranger",5082,0.97403,0.9701,2511,2441,0.9721,0.1098,0.0601,10.435,0.0772,0.9846,2.6
"1","medical_deductions <   4.0000 & rawben_rel_max <   0.0893 & total_deductions_by_hh_size < 903.0000 & unc_rawben_rel_max >=   0.0000","xgboost",760,0.98026,0.9701,370,362,0.9784,0.0163,0.0047,1.538,0.0772,0.9846,2.6
"1","rawben_rel_max <=    0.998 & unc_rawben_rel_max <=   -0.010 & utilities >  556.000 & utilities <= 1020.000","ranger",800,0.98,0.97009,389,378,0.9717,0.017,0.0097,1.617,0.0772,0.9846,2.6
"1","count_divisible_by_100 <=  1.50 & total_deductions_by_hh_size <=  8.90 & unc_rawben_rel_max > -2.63","ranger",13385,0.97251,0.97008,6971,6776,0.972,0.3048,0.134,28.97,0.0772,0.9846,2.6
"1","expedited_i <= 0.500 & rawben_rel_max > 0.991 & shelter_expenses_by_hh_size <= 5.500","ranger",5436,0.97388,0.97008,3029,2936,0.9693,0.1321,0.0726,12.588,0.0772,0.9846,2.6
"1","elderly_disabled_i <= 0.500 & expedited_i > 0.500 & rawben_rel_max > 0.958","ranger",5113,0.97399,0.97007,2523,2452,0.9719,0.1103,0.061,10.485,0.0772,0.9846,2.6
"1","homeless <= 0.500 & unc_rawben_rel_max > 0.991 & unc_rawben_rel_max <= 1.690 & utilities <= 9.500","ranger",7034,0.97341,0.97007,3871,3754,0.9698,0.1689,0.0914,16.087,0.0772,0.9846,2.6
"1","cat_elig <= 0.5 & count_divisible_by_100 <= 1.5 & expedited_i > 0.5","ranger",1114,0.97846,0.97006,553,538,0.9729,0.0242,0.0104,2.298,0.0772,0.9846,2.6
"1","children_i <=  0.500 & unc_rawben_rel_max >  0.993 & unc_rawben_rel_max <=  1.960 & utilities <= 30.500","ranger",9953,0.97287,0.97006,5268,5113,0.9706,0.23,0.121,21.893,0.0772,0.9846,2.6
"1","count_divisible_by_100 <= 1.500 & elderly_disabled_i <= 0.500 & expedited_i > 0.500 & rawben_rel_max > 0.991","ranger",5074,0.97399,0.97005,2508,2438,0.9721,0.1097,0.0601,10.423,0.0772,0.9846,2.6
"1","cat_elig <= 0.5 & utilities <= 5.0","ranger",2246,0.97596,0.97004,1171,1139,0.9727,0.0512,0.0173,4.866,0.0772,0.9846,2.6
"1","cat_elig <= 0.500 & percent_abawd <= 0.750 & rawben_rel_max > 0.991","ranger",1836,0.97658,0.97003,923,897,0.9718,0.0404,0.0194,3.836,0.0772,0.9846,2.6
"1","count_divisible_by_100 <=  1.5 & expedited_i >  0.5 & shelter_expenses_by_hh_size <= 33.5","ranger",4174,0.97437,0.97002,2043,1994,0.976,0.0897,0.0402,8.49,0.0772,0.9846,2.6
"1","count_divisible_by_100 <=  1.5 & total_deductions_by_hh_size <=  8.8 & unc_rawben_rel_max > -4.1","ranger",13389,0.97244,0.97002,6972,6777,0.972,0.3049,0.134,28.974,0.0772,0.9846,2.6
"1","elderly_disabled_i <=   0.500 & expedited_i >   0.500 & total_deductions_by_hh_size <= 996.000 & unc_rawben_rel_max >   0.958","ranger",5104,0.97394,0.97002,2518,2449,0.9726,0.1102,0.0596,10.464,0.0772,0.9846,2.6
"1","count_divisible_by_100 <=    1.5 & shelter_expenses_by_hh_size <= 1140.0 & total_deductions_by_hh_size <=    8.9","ranger",13385,0.97243,0.97001,6971,6776,0.972,0.3048,0.134,28.97,0.0772,0.9846,2.6
"1","rawben_rel_max <   0.084 & unc_rawben_rel_max >=  -1.170 & utilities >= 426.000","xgboost",1945,0.97635,0.96999,902,873,0.9678,0.0393,0.0213,3.748,0.0772,0.9846,2.6
"1","homeless <=  0.500 & rawben_rel_max >  0.991 & shelter_expenses_by_hh_size <= 55.500","ranger",6836,0.97338,0.96998,3764,3656,0.9713,0.1645,0.0861,15.642,0.0772,0.9846,2.6
"1","cat_elig <=   0.5 & count_divisible_by_100 <=   1.5 & months_since_cert_n <=  12.5 & shelter_expenses_by_hh_size <= 630.0","ranger",2792,0.97529,0.96997,1430,1390,0.972,0.0625,0.0215,5.943,0.0772,0.9846,2.6
"1","count_divisible_by_100 < 1 & percent_abawd < 1 & total_deductions_by_hh_size < 9","xgboost",10619,0.97269,0.96997,5350,5204,0.9727,0.2341,0.0936,22.233,0.0772,0.9846,2.6
"1","count_divisible_by_100 <=   1.5 & elderly_disabled_i <=   0.5 & total_deductions_by_hh_size <= 137.0 & utilities <=  30.5","ranger",8944,0.97294,0.96997,4708,4581,0.973,0.2061,0.0989,19.565,0.0772,0.9846,2.6
"1","cat_elig > 0.5 & expedited_i > 0.5 & total_deductions_by_hh_size <= 7.8","ranger",3155,0.97496,0.96996,1558,1524,0.9782,0.0686,0.0288,6.475,0.0772,0.9846,2.6
"1","children_i < 1.00 & months_since_cert_n >= 2.00 & unc_rawben_rel_max >= 1.20 & unc_rawben_rel_max < 1.46","xgboost",7922,0.97311,0.96996,4230,4106,0.9707,0.1847,0.0972,17.579,0.0772,0.9846,2.6
"1","married <=  0.50 & percent_abawd <=  0.75 & shelter_expenses_by_hh_size <=  5.50 & total_deductions_by_hh_size <= 48.30","ranger",8062,0.97308,0.96996,4019,3913,0.9736,0.176,0.077,16.702,0.0772,0.9846,2.6
"1","elderly_disabled_i <= 0.500 & expedited_i <= 0.500 & rawben_rel_max > 0.976 & utilities <= 8.000","ranger",5093,0.97389,0.96995,2848,2769,0.9723,0.1246,0.0633,11.836,0.0772,0.9846,2.6
"1","months_since_cert_n < 18.000 & rawben_rel_max <  0.084 & unc_rawben_rel_max >=  0.000","xgboost",716,0.98045,0.96995,345,337,0.9768,0.0152,0.0047,1.434,0.0772,0.9846,2.6
"1","married <=   0.500 & medical_deductions > 120.000 & unc_rawben_rel_max <=   0.268","ranger",1378,0.9775,0.96994,652,630,0.9663,0.0283,0.0095,2.71,0.0772,0.9846,2.6
"1","children_i <=   0.5 & shelter_expenses_by_hh_size <= 322.0 & total_deductions_by_hh_size <=   7.8","ranger",11825,0.97252,0.96993,6181,6015,0.9731,0.2706,0.1157,25.687,0.0772,0.9846,2.6
"1","expedited_i >  0.5 & homeless <=  0.5 & married <=  0.5 & total_deductions_by_hh_size <= 65.5","ranger",2788,0.97525,0.96993,1407,1380,0.9808,0.0621,0.0214,5.847,0.0772,0.9846,2.6
"1","months_since_cert_n >=    1.000 & rawben_rel_max >=    0.992 & total_deductions_by_hh_size < 1140.000 & unc_rawben_rel_max <    1.200","xgboost",3297,0.97483,0.96993,1742,1686,0.9679,0.0759,0.0351,7.239,0.0772,0.9846,2.6
"1","months_since_cert_n >=   3.000 & shelter_expenses_by_hh_size < 305.000 & unc_rawben_rel_max >=  -0.347 & unc_rawben_rel_max <  -0.004","xgboost",338,0.98521,0.96993,138,136,0.9855,0.0061,0.002,0.573,0.0772,0.9846,2.6
"1","cat_elig <   2 & elderly_disabled_i <   1 & shelter_expenses_by_hh_size < 464 & total_deductions_by_hh_size < 170","xgboost",5763,0.97362,0.96992,4630,4479,0.9674,0.2015,0.1121,19.241,0.0772,0.9846,2.6
"1","count_divisible_by_100 <=  0.5 & homeless <=  0.5 & months_since_cert_n <= 23.5 & total_deductions_by_hh_size <=  8.9","ranger",9835,0.97275,0.96992,5283,5126,0.9703,0.2306,0.1046,21.955,0.0772,0.9846,2.6
"1","expedited_i >  0.500 & percent_abawd <=  0.750 & unc_rawben_rel_max >  0.991 & utilities <= 49.500","ranger",2933,0.97511,0.96992,1386,1353,0.9762,0.0609,0.0265,5.76,0.0772,0.9846,2.6
"1","total_deductions_by_hh_size <=  7.80 & unc_rawben_rel_max > -3.78 & unc_rawben_rel_max <=  1.96","ranger",13345,0.97235,0.96992,6949,6755,0.9721,0.3039,0.1343,28.878,0.0772,0.9846,2.6
"1","cat_elig <=   1.5 & elderly_disabled_i <=   0.5 & total_deductions_by_hh_size <= 172.0","ranger",5793,0.97359,0.9699,4643,4490,0.967,0.202,0.1141,19.295,0.0772,0.9846,2.6
"1","expedited_i <=  0.500 & rawben_rel_max >  0.266 & shelter_expenses_by_hh_size <= 16.500 & unc_rawben_rel_max >  0.993","ranger",5439,0.97371,0.9699,3031,2938,0.9693,0.1322,0.0726,12.596,0.0772,0.9846,2.6
"1","children_i <=  0.5 & months_since_cert_n <=  7.5 & shelter_expenses_by_hh_size <= 14.5","ranger",8604,0.97292,0.96989,4476,4350,0.9718,0.1957,0.09,18.601,0.0772,0.9846,2.6
"1","homeless >   0.5 & total_deductions_by_hh_size <= 160.0 & utilities <=   9.5","ranger",3148,0.9749,0.96989,1495,1463,0.9786,0.0658,0.0249,6.213,0.0772,0.9846,2.6
"1","rawben_rel_max >=    0.992 & shelter_expenses_by_hh_size < 1640.000 & unc_rawben_rel_max <    1.550","xgboost",14509,0.97222,0.96989,7653,7429,0.9707,0.3342,0.1682,31.804,0.0772,0.9846,2.6
"1","children_i <   1 & shelter_expenses_by_hh_size < 305 & total_deductions_by_hh_size <   9","xgboost",11664,0.97248,0.96988,6074,5910,0.973,0.2659,0.1146,25.242,0.0772,0.9846,2.6
"1","months_since_cert_n <=  35.5 & shelter_expenses_by_hh_size <=   5.5 & total_deductions_by_hh_size <= 108.0","ranger",10902,0.97257,0.96988,5688,5534,0.9729,0.249,0.1166,23.638,0.0772,0.9846,2.6
"1","cat_elig <=   0.5 & children_i <=   0.5 & expedited_i <=   0.5 & total_deductions_by_hh_size <= 298.0","ranger",2123,0.97598,0.96987,1113,1085,0.9748,0.0488,0.0123,4.625,0.0772,0.9846,2.6
"1","elderly_disabled_i <= 0.500 & months_since_cert_n <= 5.500 & percent_abawd <= 1.500 & unc_rawben_rel_max > 0.991","ranger",9401,0.97277,0.96987,4822,4693,0.9732,0.2111,0.1014,20.039,0.0772,0.9846,2.6
"1","months_since_cert_n <= 5.50 & percent_abawd <= 0.75 & total_deductions_by_hh_size <= 2.80","ranger",6281,0.97341,0.96986,3092,3009,0.9732,0.1354,0.0549,12.85,0.0772,0.9846,2.6
"1","total_deductions_by_hh_size <=  8.90 & unc_rawben_rel_max > -2.63","ranger",13388,0.97229,0.96986,6975,6777,0.9716,0.3049,0.1358,28.986,0.0772,0.9846,2.6
"1","elderly_disabled_i <= 0.500 & expedited_i <= 0.500 & homeless > 0.500 & rawben_rel_max > 0.991","ranger",1525,0.97705,0.96985,752,743,0.988,0.0334,0.0076,3.125,0.0772,0.9846,2.6
"1","total_deductions_by_hh_size < 1100.0000 & unc_rawben_rel_max >=   -1.1700 & unc_rawben_rel_max <   -0.0344 & utilities <  302.0000","xgboost",1450,0.97724,0.96985,600,584,0.9733,0.0263,0.0108,2.493,0.0772,0.9846,2.6
"1","count_divisible_by_100 <=   0.5 & total_deductions_by_hh_size <=   2.8 & utilities <= 242.0","ranger",12102,0.9724,0.96984,6354,6178,0.9723,0.2779,0.1218,26.406,0.0772,0.9846,2.6
"1","months_since_cert_n < 29.0 & total_deductions_by_hh_size <  4.4","xgboost",13036,0.97231,0.96984,6809,6618,0.9719,0.2977,0.132,28.297,0.0772,0.9846,2.6
"1","percent_abawd >   0.75 & total_deductions_by_hh_size <= 150.00 & utilities <=  14.50","ranger",2780,0.97518,0.96984,1648,1603,0.9727,0.0721,0.0373,6.849,0.0772,0.9846,2.6
"1","expedited_i <=  0.500 & rawben_rel_max >  0.998 & shelter_expenses_by_hh_size <= 14.000 & unc_rawben_rel_max >  0.971","ranger",5426,0.97365,0.96983,3030,2937,0.9693,0.1321,0.0726,12.592,0.0772,0.9846,2.6
"1","homeless >  0.50 & total_deductions_by_hh_size <= 48.80 & unc_rawben_rel_max <=  1.95","ranger",3177,0.97482,0.96983,1501,1469,0.9787,0.0661,0.0255,6.238,0.0772,0.9846,2.6
"1","elderly_disabled_i <=   0.5 & expedited_i >   0.5 & medical_deductions <= 132.0 & unc_rawben_rel_max >   1.0","ranger",5069,0.97376,0.96981,2508,2438,0.9721,0.1097,0.0601,10.423,0.0772,0.9846,2.6
"1","expedited_i <=  0.500 & shelter_expenses_by_hh_size <= 14.000 & unc_rawben_rel_max >  0.971","ranger",5458,0.97362,0.96981,3055,2962,0.9696,0.1333,0.0726,12.696,0.0772,0.9846,2.6
"1","months_since_cert_n < 32.000 & rawben_rel_max <  0.084 & unc_rawben_rel_max >=  0.000","xgboost",832,0.97957,0.96981,406,398,0.9803,0.0179,0.0047,1.687,0.0772,0.9846,2.6
"1","percent_abawd <   0.50 & rawben_rel_max >=   1.00 & total_deductions_by_hh_size < 734.00 & unc_rawben_rel_max <   1.17","xgboost",1448,0.97721,0.96981,701,687,0.98,0.0309,0.0085,2.913,0.0772,0.9846,2.6
"1","medical_deductions < 4.0 & total_deductions_by_hh_size < 4.4","xgboost",13259,0.97225,0.9698,6912,6719,0.9721,0.3023,0.134,28.725,0.0772,0.9846,2.6
"1","children_i <= 0.500 & homeless > 0.500 & unc_rawben_rel_max > 0.991 & unc_rawben_rel_max <= 2.010","ranger",3245,0.97473,0.96979,1552,1519,0.9787,0.0683,0.0272,6.45,0.0772,0.9846,2.6
"1","count_divisible_by_100 <  1 & months_since_cert_n <  5 & shelter_expenses_by_hh_size < 34","xgboost",6688,0.97324,0.96979,3538,3442,0.9729,0.1548,0.0692,14.703,0.0772,0.9846,2.6
"1","medical_deductions <= 650.000 & unc_rawben_rel_max >   0.991 & unc_rawben_rel_max <=   1.970 & utilities <=  14.500","ranger",10070,0.97259,0.96979,5323,5161,0.9696,0.2322,0.1274,22.121,0.0772,0.9846,2.6
"1","rawben_rel_max > 0.991 & unc_rawben_rel_max <= 1.940 & utilities <= 9.500","ranger",10071,0.97259,0.96979,5324,5162,0.9696,0.2322,0.1274,22.125,0.0772,0.9846,2.6
"1","total_deductions_by_hh_size <=  8.8 & unc_rawben_rel_max > -4.1","ranger",13392,0.97222,0.96979,6976,6778,0.9716,0.3049,0.1358,28.991,0.0772,0.9846,2.6
"1","cat_elig <= 0.500 & children_i <= 0.500 & expedited_i <= 0.500 & unc_rawben_rel_max > 0.991","ranger",1257,0.97772,0.96978,675,662,0.9807,0.0298,0.0083,2.805,0.0772,0.9846,2.6
"1","shelter_expenses_by_hh_size <= 1100.0 & total_deductions_by_hh_size <=    8.8","ranger",13388,0.97221,0.96978,6975,6777,0.9716,0.3049,0.1358,28.986,0.0772,0.9846,2.6
"1","elderly_disabled_i <=  0.50 & homeless <=  0.50 & unc_rawben_rel_max >  0.78 & utilities <= 10.50","ranger",6473,0.97327,0.96977,3554,3447,0.9699,0.1551,0.0861,14.77,0.0772,0.9846,2.6
"1","elderly_disabled_i <= 0.500 & rawben_rel_max > 0.854 & unc_rawben_rel_max <= 1.820","ranger",11727,0.97237,0.96977,6169,5996,0.972,0.2697,0.1392,25.637,0.0772,0.9846,2.6
"1","expedited_i >  0.5 & shelter_expenses_by_hh_size <= 33.5","ranger",4175,0.97413,0.96977,2046,1995,0.9751,0.0898,0.0418,8.503,0.0772,0.9846,2.6
"1","cat_elig > 0.5 & cat_elig <= 1.5 & expedited_i > 0.5 & total_deductions_by_hh_size <= 7.8","ranger",1632,0.97672,0.96974,1429,1398,0.9783,0.0629,0.0266,5.939,0.0772,0.9846,2.6
"1","expedited_i > 0.500 & rawben_rel_max > 0.991 & unc_rawben_rel_max <= 1.900","ranger",5587,0.97351,0.96974,2895,2804,0.9686,0.1261,0.0734,12.031,0.0772,0.9846,2.6
"1","count_divisible_by_100 <= 0.500 & expedited_i > 0.500 & homeless > 0.500 & unc_rawben_rel_max > 0.991","ranger",1594,0.97679,0.96973,745,728,0.9772,0.0328,0.0146,3.096,0.0772,0.9846,2.6
"1","percent_abawd <=    0.500 & rawben_rel_max <=    0.085 & total_deductions_by_hh_size <= 1120.000 & utilities >   12.500","ranger",3884,0.97425,0.96973,1808,1754,0.9701,0.0789,0.0358,7.514,0.0772,0.9846,2.6
"1","children_i <=   0.5 & medical_deductions <=   0.5 & total_deductions_by_hh_size <=   8.9 & utilities <= 245.0","ranger",12225,0.97227,0.96972,6415,6238,0.9724,0.2806,0.12,26.659,0.0772,0.9846,2.5
"1","months_since_cert_n <= 4.5 & shelter_expenses_by_hh_size <= 5.5","ranger",6742,0.97315,0.96972,3538,3444,0.9734,0.1549,0.0682,14.703,0.0772,0.9846,2.5
"1","medical_deductions <  3.000 & rawben_rel_max <  0.124 & total_deductions_by_hh_size < 40.000","xgboost",2001,0.97601,0.96971,955,936,0.9801,0.0421,0.0103,3.969,0.0772,0.9846,2.5
"1","children_i <  1.000 & medical_deductions >= 46.000 & rawben_rel_max <  0.268","xgboost",1592,0.97676,0.96969,720,698,0.9694,0.0314,0.0095,2.992,0.0772,0.9846,2.5
"1","homeless > 0.5 & months_since_cert_n <= 6.5 & shelter_expenses_by_hh_size <= 5.5","ranger",2403,0.97545,0.96969,1145,1117,0.9755,0.0503,0.02,4.758,0.0772,0.9846,2.5
"1","children_i <=   0.5 & homeless >   0.5 & shelter_expenses_by_hh_size <=  17.0 & total_deductions_by_hh_size <= 171.0","ranger",3090,0.97476,0.96968,1475,1444,0.979,0.065,0.0234,6.13,0.0772,0.9846,2.5
"1","homeless >=   1.00 & percent_abawd <   0.50 & rawben_rel_max >=   0.45 & total_deductions_by_hh_size < 101.00","xgboost",2292,0.97557,0.96968,993,971,0.9778,0.0437,0.016,4.127,0.0772,0.9846,2.5
"1","children_i <=  0.500 & rawben_rel_max >  0.991 & utilities <= 14.500","ranger",9892,0.9725,0.96967,5249,5091,0.9699,0.229,0.1222,21.814,0.0772,0.9846,2.5
"1","count_divisible_by_100 <=  0.5 & elderly_disabled_i <=  0.5 & homeless >  0.5 & total_deductions_by_hh_size <= 63.4","ranger",2728,0.97507,0.96967,1313,1287,0.9802,0.0579,0.022,5.457,0.0772,0.9846,2.5
"1","homeless > 0.500 & months_since_cert_n <= 6.500 & unc_rawben_rel_max > 0.923","ranger",2546,0.97526,0.96966,1221,1194,0.9779,0.0537,0.0196,5.074,0.0772,0.9846,2.5
"1","cat_elig >  0.5 & homeless <=  0.5 & shelter_expenses_by_hh_size <= 14.5 & unc_rawben_rel_max >  1.0","ranger",5359,0.9735,0.96965,2971,2882,0.97,0.1297,0.0729,12.347,0.0772,0.9846,2.5
"1","homeless >  0.5 & total_deductions_by_hh_size <= 55.5","ranger",3194,0.97464,0.96965,1522,1488,0.9777,0.0669,0.0264,6.325,0.0772,0.9846,2.5
"1","rawben_rel_max >=   0.992 & total_deductions_by_hh_size >= 687.000 & unc_rawben_rel_max <   1.930 & utilities >= 450.000","xgboost",3263,0.97456,0.96962,1770,1716,0.9695,0.0772,0.0387,7.356,0.0772,0.9846,2.5
"1","total_deductions_by_hh_size <=    7.600 & unc_rawben_rel_max <=    0.268 & utilities <= 1050.000","ranger",3441,0.97443,0.96961,1573,1533,0.9746,0.069,0.0208,6.537,0.0772,0.9846,2.5
"1","married < 1.000 & rawben_rel_max >= 0.992 & unc_rawben_rel_max < 1.580","xgboost",14850,0.97192,0.9696,7891,7649,0.9693,0.3441,0.182,32.793,0.0772,0.9846,2.5
"1","shelter_expenses_by_hh_size < 61.00 & total_deductions_by_hh_size >= 18.40 & total_deductions_by_hh_size < 59.00 & unc_rawben_rel_max <  1.21","xgboost",378,0.98413,0.9696,206,203,0.9854,0.0091,0.0017,0.856,0.0772,0.9846,2.5
"1","children_i <=  0.500 & unc_rawben_rel_max >  0.998 & utilities <= 14.500","ranger",9866,0.97243,0.96959,5245,5087,0.9699,0.2289,0.1222,21.797,0.0772,0.9846,2.5
"1","count_divisible_by_100 <= 0.5 & homeless <= 0.5 & total_deductions_by_hh_size <= 8.9","ranger",10179,0.97239,0.96959,5461,5299,0.9703,0.2384,0.1075,22.695,0.0772,0.9846,2.5
"1","count_divisible_by_100 < 1.0 & homeless < 1.0 & total_deductions_by_hh_size < 4.4","xgboost",10072,0.9724,0.96958,5411,5254,0.971,0.2364,0.1057,22.487,0.0772,0.9846,2.5
"1","elderly_disabled_i <= 0.500 & months_since_cert_n <= 5.500 & percent_abawd <= 1.500 & unc_rawben_rel_max > 0.967","ranger",9484,0.97248,0.96958,4861,4732,0.9735,0.2129,0.1014,20.201,0.0772,0.9846,2.5
"1","children_i < 1 & count_divisible_by_100 < 1 & expedited_i < 1 & total_deductions_by_hh_size < 9","xgboost",9137,0.97253,0.96957,4873,4731,0.9709,0.2128,0.0908,20.251,0.0772,0.9846,2.5
"1","rawben_rel_max >   0.993 & total_deductions_by_hh_size >  21.500 & total_deductions_by_hh_size <= 120.000 & utilities <=  14.500","ranger",334,0.98503,0.96957,189,185,0.9788,0.0083,0.0031,0.785,0.0772,0.9846,2.5
"1","expedited_i > 0.50 & percent_abawd <= 0.75 & total_deductions_by_hh_size <= 8.80","ranger",2753,0.97494,0.96955,1305,1282,0.9824,0.0577,0.0173,5.423,0.0772,0.9846,2.5
"1","expedited_i > 0.500 & homeless > 0.500 & rawben_rel_max > 0.991","ranger",1622,0.97657,0.96955,755,738,0.9775,0.0332,0.0146,3.138,0.0772,0.9846,2.5
"1","months_since_cert_n >=  1.00 & months_since_cert_n < 11.00 & rawben_rel_max >=  0.21 & total_deductions_by_hh_size < 34.00","xgboost",8784,0.97256,0.96955,4703,4560,0.9696,0.2051,0.0979,19.545,0.0772,0.9846,2.5
"1","cat_elig <   1 & months_since_cert_n <   3 & shelter_expenses_by_hh_size < 658","xgboost",1209,0.97767,0.96954,640,621,0.9703,0.0279,0.0096,2.66,0.0772,0.9846,2.5
"1","expedited_i > 0.500 & homeless > 0.500 & medical_deductions <= 3.500 & rawben_rel_max > 0.991","ranger",1621,0.97656,0.96954,755,738,0.9775,0.0332,0.0146,3.138,0.0772,0.9846,2.5
"1","medical_deductions > 146.000 & percent_abawd <=   0.500 & total_deductions_by_hh_size <= 505.000 & unc_rawben_rel_max <=   0.284","ranger",377,0.98408,0.96952,182,177,0.9725,0.008,0.0022,0.756,0.0772,0.9846,2.5
"1","cat_elig <  2.0 & children_i <  1.0 & percent_abawd >=  0.5 & total_deductions_by_hh_size < 40.0","xgboost",1693,0.97637,0.9695,1512,1471,0.9729,0.0662,0.035,6.284,0.0772,0.9846,2.5
"1","cat_elig <= 0.5 & children_i <= 0.5 & elderly_disabled_i > 0.5 & total_deductions_by_hh_size <= 8.9","ranger",544,0.98162,0.96949,281,274,0.9751,0.0123,0.0045,1.168,0.0772,0.9846,2.5
"1","children_i <  1 & months_since_cert_n < 14 & total_deductions_by_hh_size < 47","xgboost",12746,0.97199,0.96949,6743,6541,0.97,0.2943,0.1312,28.022,0.0772,0.9846,2.5
"1","children_i < 1 & count_divisible_by_100 < 1 & months_since_cert_n >= 3 & total_deductions_by_hh_size < 9","xgboost",8766,0.97251,0.96949,4562,4437,0.9726,0.1996,0.0836,18.959,0.0772,0.9846,2.5
"1","rawben_rel_max >=   0.955 & total_deductions_by_hh_size >=  22.400 & total_deductions_by_hh_size < 170.000 & unc_rawben_rel_max <   1.240","xgboost",503,0.98211,0.96949,302,298,0.9868,0.0134,0.0029,1.255,0.0772,0.9846,2.5
"1","children_i <=  0.5 & elderly_disabled_i <=  0.5 & married <=  0.5 & shelter_expenses_by_hh_size <= 17.0","ranger",8726,0.9725,0.96947,4625,4495,0.9719,0.2022,0.0996,19.22,0.0772,0.9846,2.5
"1","married <   1 & shelter_expenses_by_hh_size < 700 & total_deductions_by_hh_size <  10","xgboost",13355,0.97192,0.96947,6968,6767,0.9712,0.3044,0.134,28.957,0.0772,0.9846,2.5
"1","expedited_i <=  0.500 & rawben_rel_max >  0.943 & shelter_expenses_by_hh_size <= 18.500","ranger",5501,0.97328,0.96946,3079,2986,0.9698,0.1343,0.0726,12.796,0.0772,0.9846,2.5
"1","months_since_cert_n <=  10.5 & total_deductions_by_hh_size <= 161.0 & utilities <=   5.0","ranger",11129,0.97214,0.96946,5846,5679,0.9714,0.2555,0.1168,24.295,0.0772,0.9846,2.5
"1","count_divisible_by_100 <=  0.500 & medical_deductions <=  3.500 & rawben_rel_max >  0.998 & utilities <= 14.500","ranger",9718,0.97232,0.96945,5147,4986,0.9687,0.2243,0.1254,21.39,0.0772,0.9846,2.5
"1","children_i < 1.00 & expedited_i >= 1.00 & unc_rawben_rel_max >= 1.01 & unc_rawben_rel_max < 1.93","xgboost",5706,0.97319,0.96944,2841,2753,0.969,0.1239,0.0713,11.807,0.0772,0.9846,2.5
"1","elderly_disabled_i <= 0.5 & expedited_i > 0.5 & months_since_cert_n <= 2.5","ranger",2419,0.9752,0.96944,1110,1081,0.9739,0.0486,0.022,4.613,0.0772,0.9846,2.5
"1","months_since_cert_n < 13.0000 & rawben_rel_max >=  0.9920 & unc_rawben_rel_max >= -0.0344 & unc_rawben_rel_max <  1.7300","xgboost",14019,0.97182,0.96943,7394,7175,0.9704,0.3228,0.1669,30.728,0.0772,0.9846,2.5
"1","count_divisible_by_100 <  1.0 & percent_abawd >=  0.5 & total_deductions_by_hh_size < 18.4","xgboost",2598,0.97498,0.96942,1550,1507,0.9723,0.0678,0.036,6.441,0.0772,0.9846,2.5
"1","homeless >=   1.0 & percent_abawd <   0.5 & shelter_expenses_by_hh_size < 430.0 & utilities <  48.0","xgboost",2562,0.97502,0.96942,1142,1107,0.9694,0.0498,0.0236,4.746,0.0772,0.9846,2.5
"1","months_since_cert_n > 0.5 & months_since_cert_n <= 5.5 & shelter_expenses_by_hh_size <= 5.5","ranger",6607,0.97291,0.96942,3454,3359,0.9725,0.1511,0.0671,14.354,0.0772,0.9846,2.5
"1","count_divisible_by_100 <  1.00 & rawben_rel_max <  0.21 & total_deductions_by_hh_size < 10.00","xgboost",2740,0.97482,0.96941,1238,1204,0.9725,0.0542,0.0181,5.145,0.0772,0.9846,2.5
"1","married <=  0.500 & medical_deductions <=  0.500 & unc_rawben_rel_max >  0.991 & utilities <= 10.500","ranger",10048,0.97223,0.96941,5312,5147,0.9689,0.2316,0.1278,22.075,0.0772,0.9846,2.5
"1","count_divisible_by_100 <=    1.50 & percent_abawd <=    0.75 & shelter_expenses_by_hh_size <= 1090.00 & total_deductions_by_hh_size <=    2.80","ranger",10629,0.97215,0.9694,5345,5199,0.9727,0.2339,0.0959,22.213,0.0772,0.9846,2.5
"1","married <=  0.500 & medical_deductions <= 96.200 & rawben_rel_max >  0.991 & utilities <=  9.500","ranger",10047,0.97223,0.9694,5312,5147,0.9689,0.2316,0.1278,22.075,0.0772,0.9846,2.5
"1","expedited_i <=   0.500 & rawben_rel_max >   0.991 & shelter_expenses_by_hh_size <= 276.000 & utilities <=   9.500","ranger",5625,0.97316,0.96938,3133,3035,0.9687,0.1365,0.0758,13.02,0.0772,0.9846,2.5
"1","medical_deductions <=  92.50 & shelter_expenses_by_hh_size <= 376.00 & total_deductions_by_hh_size <=   2.80 & unc_rawben_rel_max >  -2.63","ranger",12429,0.97192,0.96938,6509,6322,0.9713,0.2844,0.1306,27.05,0.0772,0.9846,2.5
"1","rawben_rel_max >=    0.476 & total_deductions_by_hh_size < 1450.000 & unc_rawben_rel_max >=    1.020 & unc_rawben_rel_max <    1.640","xgboost",14764,0.97169,0.96935,7810,7569,0.9691,0.3405,0.185,32.456,0.0772,0.9846,2.5
"1","months_since_cert_n >=  10.00 & rawben_rel_max <   0.24 & shelter_expenses_by_hh_size >= 254.00 & total_deductions_by_hh_size <  10.00","xgboost",819,0.97924,0.96933,438,428,0.9772,0.0193,0.004,1.82,0.0772,0.9846,2.5
"1","rawben_rel_max >= 0.0928 & unc_rawben_rel_max >= 1.0200 & unc_rawben_rel_max < 1.6400","xgboost",14852,0.97165,0.96933,7866,7625,0.9694,0.343,0.185,32.689,0.0772,0.9846,2.5
"1","elderly_disabled_i <=  0.5 & married <=  0.5 & months_since_cert_n <= 11.5 & shelter_expenses_by_hh_size <=  5.5","ranger",8581,0.97238,0.96932,4561,4432,0.9717,0.1994,0.0977,18.954,0.0772,0.9846,2.5
"1","months_since_cert_n <=   5.5 & total_deductions_by_hh_size <=  30.9 & utilities <= 360.0","ranger",8410,0.97241,0.96932,4338,4221,0.973,0.1899,0.0752,18.028,0.0772,0.9846,2.5
"1","cat_elig <   1 & medical_deductions < 110 & shelter_expenses_by_hh_size < 869 & total_deductions_by_hh_size < 324","xgboost",3016,0.97447,0.9693,1573,1529,0.972,0.0688,0.0229,6.537,0.0772,0.9846,2.5
"1","married <=   0.5 & medical_deductions <= 100.0 & months_since_cert_n <=   5.5 & shelter_expenses_by_hh_size <=   5.0","ranger",7650,0.97255,0.9693,3981,3873,0.9729,0.1742,0.0781,16.544,0.0772,0.9846,2.5
"1","expedited_i > 0.50 & months_since_cert_n <= 5.50 & percent_abawd <= 0.75 & unc_rawben_rel_max > 1.00","ranger",2979,0.97449,0.96929,1398,1362,0.9742,0.0613,0.0305,5.81,0.0772,0.9846,2.5
"1","homeless <=  0.5 & married <=  0.5 & shelter_expenses_by_hh_size <= 18.5 & total_deductions_by_hh_size <= 60.5","ranger",7714,0.97252,0.96929,4198,4077,0.9712,0.1834,0.0903,17.446,0.0772,0.9846,2.5
"1","medical_deductions < 135.0 & shelter_expenses_by_hh_size < 370.0 & total_deductions_by_hh_size < 112.0 & unc_rawben_rel_max >=   1.2","xgboost",8778,0.97232,0.96929,4599,4466,0.9711,0.2009,0.1071,19.112,0.0772,0.9846,2.5
"1","medical_deductions >   0.500 & rawben_rel_max <=   0.325 & total_deductions_by_hh_size <= 205.000","ranger",581,0.98107,0.96929,279,272,0.9749,0.0122,0.0036,1.159,0.0772,0.9846,2.5
"1","percent_abawd <=  0.75 & shelter_expenses_by_hh_size <=  5.50 & total_deductions_by_hh_size <= 48.30","ranger",8094,0.97245,0.96929,4031,3923,0.9732,0.1765,0.0793,16.752,0.0772,0.9846,2.5
"1","rawben_rel_max >=   0.5 & total_deductions_by_hh_size >= 600.0 & utilities >= 875.0 & utilities < 912.0","xgboost",581,0.98107,0.96929,1,1,1,0,0,0.004,0.0772,0.9846,2.5
"1","months_since_cert_n <  11.000 & rawben_rel_max >=   0.652 & shelter_expenses_by_hh_size < 322.000 & unc_rawben_rel_max <   1.240","xgboost",9322,0.97222,0.96928,4964,4829,0.9728,0.2172,0.1004,20.629,0.0772,0.9846,2.5
"1","children_i <   1 & expedited_i >=   1 & total_deductions_by_hh_size < 303 & utilities <  56","xgboost",4352,0.97358,0.96927,2155,2099,0.974,0.0944,0.0426,8.956,0.0772,0.9846,2.5
"1","cat_elig > 0.500 & percent_abawd > 0.750 & unc_rawben_rel_max > 0.849 & utilities <= 8.000","ranger",2441,0.97501,0.96926,1432,1387,0.9686,0.0624,0.0376,5.951,0.0772,0.9846,2.5
"1","expedited_i <=   0.5 & medical_deductions > 141.0 & shelter_expenses_by_hh_size > 588.0 & total_deductions_by_hh_size <= 398.0","ranger",143,0.99301,0.96926,69,68,0.9855,0.0031,7e-04,0.287,0.0772,0.9846,2.5
"1","homeless > 0.500 & rawben_rel_max > 0.991 & unc_rawben_rel_max <= 2.010","ranger",3260,0.97423,0.96926,1554,1520,0.9781,0.0684,0.0281,6.458,0.0772,0.9846,2.5
"1","children_i <= 0.5 & elderly_disabled_i <= 0.5 & homeless > 0.5 & months_since_cert_n <= 2.5","ranger",1272,0.9772,0.96924,638,621,0.9734,0.0279,0.0113,2.651,0.0772,0.9846,2.5
"1","count_divisible_by_100 <   1 & total_deductions_by_hh_size <  14 & utilities < 341","xgboost",12881,0.97174,0.96924,6623,6435,0.9716,0.2895,0.1268,27.524,0.0772,0.9846,2.5
"1","cat_elig <=   0.500 & medical_deductions <= 122.000 & rawben_rel_max <=   0.991 & total_deductions_by_hh_size <= 124.000","ranger",699,0.97997,0.96923,353,341,0.966,0.0153,0.0062,1.467,0.0772,0.9846,2.5
"1","rawben_rel_max >=   0.744 & total_deductions_by_hh_size < 135.000 & unc_rawben_rel_max <   2.520 & utilities <  45.000","xgboost",10024,0.97207,0.96923,5299,5152,0.9723,0.2318,0.1146,22.021,0.0772,0.9846,2.5
"1","children_i <=  0.500 & expedited_i <=  0.500 & rawben_rel_max <=  0.087 & utilities > 28.500","ranger",3924,0.97375,0.96922,1841,1784,0.969,0.0803,0.0393,7.651,0.0772,0.9846,2.5
"1","homeless >=  1 & months_since_cert_n <  6 & utilities < 27","xgboost",2330,0.97511,0.96922,1123,1092,0.9724,0.0491,0.0217,4.667,0.0772,0.9846,2.5
"1","percent_abawd <=    0.75 & shelter_expenses_by_hh_size <= 1090.00 & total_deductions_by_hh_size <=    2.80","ranger",10631,0.97197,0.96921,5348,5199,0.9721,0.2339,0.0977,22.225,0.0772,0.9846,2.5
"1","rawben_rel_max < 0.230 & total_deductions_by_hh_size < 4.400 & unc_rawben_rel_max < 0.684","xgboost",2828,0.97454,0.9692,1499,1463,0.976,0.0658,0.0189,6.229,0.0772,0.9846,2.5
"1","cat_elig <=   0.5 & medical_deductions <=   4.5 & utilities <= 276.0","ranger",2434,0.97494,0.96918,1270,1237,0.974,0.0557,0.0175,5.278,0.0772,0.9846,2.5
"1","elderly_disabled_i <=  0.500 & medical_deductions <= 66.000 & months_since_cert_n <=  5.500 & rawben_rel_max >  0.971","ranger",9498,0.9721,0.96918,4872,4743,0.9735,0.2134,0.1014,20.247,0.0772,0.9846,2.5
"1","months_since_cert_n <  16 & total_deductions_by_hh_size < 121 & utilities <  29","xgboost",11706,0.97181,0.96918,6208,6037,0.9725,0.2716,0.1223,25.799,0.0772,0.9846,2.5
"1","children_i <=  0.5 & elderly_disabled_i <=  0.5 & shelter_expenses_by_hh_size <= 14.5","ranger",8743,0.97221,0.96917,4633,4501,0.9715,0.2025,0.1019,19.254,0.0772,0.9846,2.5
"1","homeless <=  0.5 & married <=  0.5 & total_deductions_by_hh_size <=  2.8 & unc_rawben_rel_max > -4.1","ranger",10176,0.97199,0.96917,5456,5295,0.9705,0.2382,0.1081,22.674,0.0772,0.9846,2.5
"1","cat_elig <=    0.500 & expedited_i <=    0.500 & rawben_rel_max >    0.991 & total_deductions_by_hh_size <= 1980.000","ranger",1306,0.97703,0.96916,708,691,0.976,0.0311,0.0113,2.942,0.0772,0.9846,2.5
"1","elderly_disabled_i <=  0.5 & expedited_i <=  0.5 & shelter_expenses_by_hh_size <= 14.5 & total_deductions_by_hh_size <= 47.8","ranger",4892,0.97322,0.96916,2712,2635,0.9716,0.1185,0.0605,11.27,0.0772,0.9846,2.5
"1","months_since_cert_n < 21.0 & total_deductions_by_hh_size < 18.4 & utilities < 54.0","xgboost",11798,0.97177,0.96916,6183,6013,0.9725,0.2705,0.1203,25.695,0.0772,0.9846,2.5
"1","count_divisible_by_100 <   1.0 & months_since_cert_n <  28.0 & shelter_expenses_by_hh_size < 382.0 & total_deductions_by_hh_size <  18.4","xgboost",12402,0.9717,0.96914,6553,6353,0.9695,0.2858,0.1312,27.233,0.0772,0.9846,2.5
"1","cat_elig < 1 & expedited_i >= 1","xgboost",1118,0.97764,0.96913,556,540,0.9712,0.0243,0.0109,2.311,0.0772,0.9846,2.5
"1","elderly_disabled_i <= 0.500 & homeless > 0.500 & rawben_rel_max > 0.854","ranger",3140,0.9742,0.96913,1500,1477,0.9847,0.0664,0.02,6.234,0.0772,0.9846,2.5
"1","expedited_i <= 0.500 & percent_abawd > 0.750 & rawben_rel_max > 0.976 & shelter_expenses_by_hh_size <= 5.500","ranger",1379,0.97679,0.96913,905,881,0.9735,0.0396,0.0194,3.761,0.0772,0.9846,2.5
"1","months_since_cert_n < 11.00 & rawben_rel_max >=  0.21 & total_deductions_by_hh_size < 34.00","xgboost",9855,0.97199,0.96913,5251,5094,0.9701,0.2292,0.1092,21.822,0.0772,0.9846,2.5
"1","percent_abawd <= 0.75 & total_deductions_by_hh_size <= 2.80","ranger",10636,0.97189,0.96913,5351,5202,0.9722,0.234,0.0977,22.237,0.0772,0.9846,2.5
"1","children_i <  1 & count_divisible_by_100 <  1 & months_since_cert_n < 16 & total_deductions_by_hh_size < 63","xgboost",13169,0.9716,0.96912,6985,6773,0.9696,0.3047,0.1376,29.028,0.0772,0.9846,2.5
"1","homeless >   0.500 & rawben_rel_max >   0.991 & total_deductions_by_hh_size <= 758.000","ranger",3245,0.97411,0.96912,1548,1514,0.978,0.0681,0.0281,6.433,0.0772,0.9846,2.5
"1","homeless <=   0.5 & medical_deductions <= 140.0 & shelter_expenses_by_hh_size <=   5.0 & total_deductions_by_hh_size <=  48.6","ranger",7703,0.97235,0.96911,4187,4064,0.9706,0.1828,0.0926,17.4,0.0772,0.9846,2.5
"1","cat_elig > 0.5 & married <= 0.5 & months_since_cert_n <= 4.5 & total_deductions_by_hh_size <= 7.8","ranger",5782,0.97285,0.9691,2972,2893,0.9734,0.1302,0.0538,12.351,0.0772,0.9846,2.5
"1","elderly_disabled_i <=  0.5 & homeless <=  0.5 & total_deductions_by_hh_size <= 61.2","ranger",6195,0.97272,0.9691,3399,3295,0.9694,0.1482,0.0808,14.125,0.0772,0.9846,2.5
"1","months_since_cert_n >   1.5 & shelter_expenses_by_hh_size <= 368.0 & total_deductions_by_hh_size <=   8.9 & utilities > 127.0","ranger",414,0.98309,0.9691,199,191,0.9598,0.0086,0.0037,0.827,0.0772,0.9846,2.5
"1","cat_elig > 0.5 & expedited_i > 0.5 & homeless > 0.5 & total_deductions_by_hh_size <= 7.8","ranger",1079,0.97776,0.96909,514,502,0.9767,0.0226,0.0103,2.136,0.0772,0.9846,2.5
"1","months_since_cert_n <=  34.50 & shelter_expenses_by_hh_size <= 268.00 & total_deductions_by_hh_size <=   2.80 & unc_rawben_rel_max >  -1.29","ranger",11164,0.97178,0.96909,5859,5690,0.9712,0.256,0.1212,24.349,0.0772,0.9846,2.5
"1","shelter_expenses_by_hh_size < 1480.00 & unc_rawben_rel_max >=    1.10 & unc_rawben_rel_max <    1.73 & utilities >=  417.00","xgboost",2712,0.97456,0.96909,1398,1367,0.9778,0.0615,0.0221,5.81,0.0772,0.9846,2.5
"1","shelter_expenses_by_hh_size < 2090.000 & unc_rawben_rel_max <    0.076 & utilities >=  366.000","xgboost",2534,0.97474,0.96909,1216,1184,0.9737,0.0533,0.0231,5.053,0.0772,0.9846,2.5
"1","cat_elig <=   0.500 & shelter_expenses_by_hh_size <= 608.000 & unc_rawben_rel_max >  -0.398 & unc_rawben_rel_max <=   2.960","ranger",3100,0.97419,0.96908,1606,1553,0.967,0.0699,0.029,6.674,0.0772,0.9846,2.5
"1","count_divisible_by_100 <= 0.5 & expedited_i <= 0.5 & married <= 0.5 & total_deductions_by_hh_size <= 2.8","ranger",9092,0.97206,0.96908,4856,4712,0.9703,0.212,0.0952,20.18,0.0772,0.9846,2.5
"1","count_divisible_by_100 <=   0.5 & medical_deductions <= 298.0 & months_since_cert_n <=  10.5 & shelter_expenses_by_hh_size <=   5.5","ranger",9836,0.97194,0.96907,5181,5032,0.9712,0.2264,0.1114,21.531,0.0772,0.9846,2.5
"1","months_since_cert_n >=  1 & shelter_expenses_by_hh_size < 29 & total_deductions_by_hh_size < 92 & utilities < 30","xgboost",9871,0.97194,0.96907,5176,5035,0.9728,0.2265,0.1066,21.51,0.0772,0.9846,2.5
"1","rawben_rel_max >=   0.324 & shelter_expenses_by_hh_size < 432.000 & total_deductions_by_hh_size <   4.400","xgboost",9736,0.97196,0.96907,5156,5009,0.9715,0.2253,0.1106,21.427,0.0772,0.9846,2.5
"1","rawben_rel_max <    0.0893 & total_deductions_by_hh_size < 1120.0000 & utilities >=  366.0000","xgboost",2603,0.97464,0.96906,1253,1220,0.9737,0.0549,0.0238,5.207,0.0772,0.9846,2.5
"1","cat_elig <=  0.5 & expedited_i >  0.5 & months_since_cert_n <= 31.5","ranger",1115,0.97758,0.96905,556,540,0.9712,0.0243,0.0109,2.311,0.0772,0.9846,2.5
"1","homeless >=   1 & shelter_expenses_by_hh_size < 828 & total_deductions_by_hh_size <  59","xgboost",3200,0.97406,0.96902,1525,1491,0.9777,0.0671,0.0264,6.338,0.0772,0.9846,2.5
"1","count_divisible_by_100 <=  0.500 & percent_abawd <=  1.500 & unc_rawben_rel_max >  0.991 & utilities <= 12.500","ranger",9750,0.9719,0.96901,5150,4987,0.9683,0.2244,0.1273,21.402,0.0772,0.9846,2.5
"1","rawben_rel_max <=    0.971 & shelter_expenses_by_hh_size <= 1140.000 & total_deductions_by_hh_size <=    8.900 & unc_rawben_rel_max <=    0.277","ranger",3479,0.97384,0.96901,1595,1551,0.9724,0.0698,0.0222,6.628,0.0772,0.9846,2.5
"1","cat_elig <=  0.5 & elderly_disabled_i <=  0.5 & medical_deductions <= 66.0","ranger",2277,0.97497,0.96899,1171,1142,0.9752,0.0514,0.0153,4.866,0.0772,0.9846,2.5
"1","homeless <=  0.50 & shelter_expenses_by_hh_size <= 14.50 & total_deductions_by_hh_size <= 48.80 & unc_rawben_rel_max <=  1.95","ranger",7709,0.97224,0.96899,4192,4069,0.9707,0.1831,0.0926,17.421,0.0772,0.9846,2.5
"1","medical_deductions <= 10.5 & months_since_cert_n <=  5.5 & total_deductions_by_hh_size <= 54.5","ranger",8998,0.97199,0.96899,4655,4523,0.9716,0.2035,0.0844,19.345,0.0772,0.9846,2.5
"1","shelter_expenses_by_hh_size <= 268.00 & total_deductions_by_hh_size <=   2.80 & unc_rawben_rel_max >  -1.29","ranger",11195,0.97168,0.96899,5876,5707,0.9712,0.2567,0.1212,24.419,0.0772,0.9846,2.5
"1","cat_elig >=  1.000 & unc_rawben_rel_max < -0.004","xgboost",3825,0.97359,0.96898,1770,1719,0.9712,0.0773,0.0403,7.356,0.0772,0.9846,2.5
"1","count_divisible_by_100 <   1.0 & shelter_expenses_by_hh_size < 382.0 & total_deductions_by_hh_size <  18.4","xgboost",12637,0.97151,0.96898,6661,6459,0.9697,0.2906,0.1324,27.682,0.0772,0.9846,2.5
"1","medical_deductions < 139.0 & percent_abawd <   0.5 & total_deductions_by_hh_size <   4.4","xgboost",10685,0.97174,0.96898,5371,5221,0.9721,0.2349,0.098,22.321,0.0772,0.9846,2.5
"1","children_i <=  0.5 & expedited_i >  0.5 & months_since_cert_n <=  9.5 & utilities <= 14.5","ranger",3997,0.97348,0.96897,1934,1879,0.9716,0.0845,0.0418,8.037,0.0772,0.9846,2.5
"1","cat_elig <=   0.5 & elderly_disabled_i <=   0.5 & medical_deductions <= 122.0 & months_since_cert_n <=  25.5","ranger",2274,0.97493,0.96895,1171,1142,0.9752,0.0514,0.0153,4.866,0.0772,0.9846,2.5
"1","married <=   0.5000 & rawben_rel_max <=   0.0795 & shelter_expenses_by_hh_size > 406.0000 & total_deductions_by_hh_size <=   8.9000","ranger",370,0.98378,0.96895,0,0,NA,0,0,0,0.0772,0.9846,2.5
"1","homeless <= 0.5 & married <= 0.5 & total_deductions_by_hh_size <= 7.8","ranger",10300,0.97175,0.96894,5507,5344,0.9704,0.2404,0.1088,22.886,0.0772,0.9846,2.5
"1","medical_deductions <= 0.5 & months_since_cert_n <= 5.5 & shelter_expenses_by_hh_size <= 5.0","ranger",7662,0.9722,0.96894,3988,3879,0.9727,0.1745,0.079,16.573,0.0772,0.9846,2.5
"1","shelter_expenses_by_hh_size <= 14.0 & total_deductions_by_hh_size >  0.1 & total_deductions_by_hh_size <= 60.3","ranger",494,0.98178,0.96894,246,244,0.9919,0.011,6e-04,1.022,0.0772,0.9846,2.5
"1","count_divisible_by_100 <=  0.500 & unc_rawben_rel_max >  0.991 & utilities <= 12.500","ranger",9758,0.97182,0.96893,5162,4999,0.9684,0.2249,0.1273,21.452,0.0772,0.9846,2.5
"1","count_divisible_by_100 <= 0.500 & rawben_rel_max > 0.991 & utilities <= 8.000","ranger",9757,0.97182,0.96893,5162,4999,0.9684,0.2249,0.1273,21.452,0.0772,0.9846,2.5
"1","percent_abawd >=   1.00 & total_deductions_by_hh_size < 441.00 & unc_rawben_rel_max >=   1.21","xgboost",1479,0.97634,0.96891,138,134,0.971,0.006,0.0036,0.573,0.0772,0.9846,2.5
"1","count_divisible_by_100 <   2.0 & total_deductions_by_hh_size < 190.0 & unc_rawben_rel_max >=   1.2","xgboost",8838,0.97194,0.9689,4623,4485,0.9701,0.2018,0.1113,19.212,0.0772,0.9846,2.5
"1","count_divisible_by_100 <=  0.5 & months_since_cert_n <= 10.5 & shelter_expenses_by_hh_size <= 14.5","ranger",9851,0.97178,0.9689,5188,5038,0.9711,0.2267,0.1123,21.56,0.0772,0.9846,2.5
"1","medical_deductions <= 132.000 & rawben_rel_max >   0.991 & utilities <=   8.000","ranger",10082,0.97173,0.96889,5331,5163,0.9685,0.2323,0.1311,22.154,0.0772,0.9846,2.5
"1","expedited_i >=   1.000 & months_since_cert_n <   4.000 & rawben_rel_max >=   0.533 & shelter_expenses_by_hh_size < 968.000","xgboost",3010,0.97409,0.96888,1399,1365,0.9757,0.0614,0.0263,5.814,0.0772,0.9846,2.5
"1","children_i <=   0.5 & total_deductions_by_hh_size <= 143.0 & utilities <=   8.0","ranger",12593,0.97141,0.96887,6692,6497,0.9709,0.2923,0.1339,27.81,0.0772,0.9846,2.5
"1","count_divisible_by_100 <=  1.50 & percent_abawd <=  0.75 & shelter_expenses_by_hh_size <= 14.50 & total_deductions_by_hh_size <= 80.20","ranger",8152,0.97203,0.96887,4062,3957,0.9742,0.178,0.0775,16.881,0.0772,0.9846,2.5
"1","rawben_rel_max < 0.084 & total_deductions_by_hh_size >= 4.400 & unc_rawben_rel_max >= 0.000","xgboost",573,0.9808,0.96887,264,258,0.9773,0.0116,0.0041,1.097,0.0772,0.9846,2.5
"1","unc_rawben_rel_max >=   1.10 & unc_rawben_rel_max <   1.73 & utilities >= 417.00","xgboost",3289,0.97385,0.96887,1722,1682,0.9768,0.0757,0.0291,7.156,0.0772,0.9846,2.5
"1","children_i <=   0.500 & medical_deductions <= 132.000 & rawben_rel_max >   0.993 & utilities <=  30.500","ranger",9970,0.97172,0.96885,5276,5115,0.9695,0.2301,0.1247,21.926,0.0772,0.9846,2.5
"1","elderly_disabled_i <=  0.50 & married <=  0.50 & percent_abawd <=  0.25 & shelter_expenses_by_hh_size <= 12.50","ranger",6110,0.9725,0.96885,3057,2966,0.9702,0.1334,0.0688,12.704,0.0772,0.9846,2.5
"1","married <=  0.500 & rawben_rel_max >  0.991 & utilities <= 14.500","ranger",10071,0.9717,0.96885,5324,5157,0.9686,0.232,0.1297,22.125,0.0772,0.9846,2.5
"1","medical_deductions <=  3.500 & rawben_rel_max >  0.995 & utilities <= 14.500","ranger",10069,0.9717,0.96885,5325,5158,0.9686,0.232,0.1302,22.129,0.0772,0.9846,2.5
"1","rawben_rel_max >=  0.21 & shelter_expenses_by_hh_size < 80.00 & total_deductions_by_hh_size < 40.00","xgboost",10404,0.97165,0.96884,5498,5349,0.9729,0.2406,0.1138,22.848,0.0772,0.9846,2.5
"1","cat_elig <   1 & expedited_i >=   1 & homeless <   1 & shelter_expenses_by_hh_size < 689","xgboost",651,0.98003,0.96883,337,326,0.9674,0.0147,0.0082,1.4,0.0772,0.9846,2.5
"1","medical_deductions >   22.500 & unc_rawben_rel_max <=    0.268 & utilities <= 1170.000","ranger",1656,0.97585,0.96882,743,720,0.969,0.0324,0.0105,3.088,0.0772,0.9846,2.5
"1","percent_abawd < 0.5 & total_deductions_by_hh_size < 9.0","xgboost",10800,0.97157,0.96882,5430,5275,0.9715,0.2373,0.0998,22.566,0.0772,0.9846,2.5
"1","count_divisible_by_100 <=  0.5 & elderly_disabled_i <=  0.5 & married <=  0.5 & shelter_expenses_by_hh_size <= 18.5","ranger",8710,0.97187,0.96881,4640,4505,0.9709,0.2027,0.1038,19.283,0.0772,0.9846,2.5
"1","homeless >=  1.0 & months_since_cert_n >=  9.0 & percent_abawd <  0.5 & total_deductions_by_hh_size < 63.0","xgboost",410,0.98293,0.9688,196,191,0.9745,0.0086,0.0035,0.815,0.0772,0.9846,2.5
"1","elderly_disabled_i >  0.500 & rawben_rel_max >  0.991 & total_deductions_by_hh_size <= 17.800 & unc_rawben_rel_max <=  1.200","ranger",84,1,0.96879,47,47,1,0.0021,0,0.195,0.0772,0.9846,2.5
"1","rawben_rel_max >=  0.828 & shelter_expenses_by_hh_size < 61.000","xgboost",10017,0.97165,0.96879,5299,5152,0.9723,0.2318,0.1177,22.021,0.0772,0.9846,2.5
"1","shelter_expenses_by_hh_size > 501 & total_deductions_by_hh_size <= 119 & utilities <=   8","ranger",84,1,0.96879,36,34,0.9444,0.0015,9e-04,0.15,0.0772,0.9846,2.5
"1","months_since_cert_n >= 12.00 & percent_abawd <  0.50 & rawben_rel_max <  0.08","xgboost",689,0.97968,0.96878,0,0,NA,0,0,0,0.0772,0.9846,2.5
"1","cat_elig >  0.5 & homeless >  0.5 & shelter_expenses_by_hh_size <= 14.5 & unc_rawben_rel_max >  1.0","ranger",2261,0.97479,0.96877,1092,1069,0.9789,0.0481,0.0195,4.538,0.0772,0.9846,2.5
"1","count_divisible_by_100 <=  0.5 & homeless >  0.5 & total_deductions_by_hh_size <= 63.4","ranger",3174,0.97385,0.96877,1515,1481,0.9776,0.0666,0.0269,6.296,0.0772,0.9846,2.5
"1","elderly_disabled_i <=  0.5 & expedited_i <=  0.5 & total_deductions_by_hh_size <= 55.5 & utilities <=  9.5","ranger",4969,0.97283,0.96877,2759,2679,0.971,0.1205,0.0616,11.466,0.0772,0.9846,2.5
"1","rawben_rel_max >=   0.804 & shelter_expenses_by_hh_size < 430.000 & unc_rawben_rel_max >=   1.180 & unc_rawben_rel_max <   1.480","xgboost",9138,0.97177,0.96877,4799,4658,0.9706,0.2096,0.1134,19.943,0.0772,0.9846,2.5
"1","cat_elig <=   0.50 & shelter_expenses_by_hh_size <= 608.00 & unc_rawben_rel_max <=   2.96","ranger",3101,0.97388,0.96874,1606,1553,0.967,0.0699,0.029,6.674,0.0772,0.9846,2.5
"1","rawben_rel_max <= 0.971 & total_deductions_by_hh_size <= 8.900 & unc_rawben_rel_max <= 0.277","ranger",3484,0.97359,0.96874,1598,1554,0.9725,0.0699,0.0222,6.641,0.0772,0.9846,2.5
"1","unc_rawben_rel_max > 0.991 & unc_rawben_rel_max <= 1.640","ranger",15370,0.97105,0.96874,8122,7868,0.9687,0.354,0.1924,33.753,0.0772,0.9846,2.5
"1","count_divisible_by_100 <= 1.50 & percent_abawd <= 0.75 & total_deductions_by_hh_size <= 8.90","ranger",10802,0.97149,0.96873,5427,5275,0.972,0.2373,0.098,22.553,0.0772,0.9846,2.5
"1","medical_deductions < 139.0 & percent_abawd >=   0.5 & total_deductions_by_hh_size <   4.4","xgboost",2575,0.97437,0.96873,1541,1498,0.9721,0.0674,0.036,6.404,0.0772,0.9846,2.5
"1","months_since_cert_n <=  37.0 & total_deductions_by_hh_size <=   2.8 & utilities <= 194.0","ranger",12270,0.97131,0.96873,6421,6240,0.9718,0.2807,0.1268,26.684,0.0772,0.9846,2.5
"1","medical_deductions > 116.0 & shelter_expenses_by_hh_size >  48.5 & total_deductions_by_hh_size <= 246.0","ranger",450,0.98222,0.96872,225,213,0.9467,0.0096,0.0053,0.935,0.0772,0.9846,2.5
"1","rawben_rel_max <   0.0893 & total_deductions_by_hh_size < 769.0000 & utilities >= 329.0000","xgboost",2714,0.97421,0.96871,1382,1337,0.9674,0.0601,0.0353,5.743,0.0772,0.9846,2.5
"1","children_i <= 0.5 & expedited_i <= 0.5 & married <= 0.5 & total_deductions_by_hh_size <= 8.8","ranger",9284,0.97167,0.9687,4940,4793,0.9702,0.2156,0.0932,20.529,0.0772,0.9846,2.5
"1","count_divisible_by_100 <= 0.500 & rawben_rel_max <= 0.991 & total_deductions_by_hh_size <= 8.800 & unc_rawben_rel_max <= 0.318","ranger",3514,0.97353,0.9687,1757,1707,0.9715,0.0768,0.0248,7.302,0.0772,0.9846,2.5
"1","cat_elig <   1 & months_since_cert_n <   4 & utilities < 281","xgboost",1432,0.97626,0.96869,723,706,0.9765,0.0318,0.0085,3.005,0.0772,0.9846,2.5
"1","cat_elig <= 0.5 & elderly_disabled_i <= 0.5 & married <= 0.5","ranger",2254,0.97471,0.96868,1160,1131,0.975,0.0509,0.0153,4.821,0.0772,0.9846,2.5
"1","expedited_i >  0.500 & homeless >  0.500 & months_since_cert_n <= 10.500 & unc_rawben_rel_max >  0.991","ranger",1540,0.97597,0.96867,710,694,0.9775,0.0312,0.0137,2.951,0.0772,0.9846,2.5
"1","cat_elig >   1.5 & shelter_expenses_by_hh_size > 322.0 & total_deductions_by_hh_size <=   7.8","ranger",449,0.98218,0.96866,41,41,1,0.0018,0,0.17,0.0772,0.9846,2.5
"1","medical_deductions <=   0.5 & total_deductions_by_hh_size <= 117.0 & utilities <=  10.5","ranger",12510,0.97122,0.96866,6596,6412,0.9721,0.2885,0.1308,27.411,0.0772,0.9846,2.5
"1","children_i <=  0.500 & unc_rawben_rel_max >  0.993 & utilities <= 29.500","ranger",9972,0.97152,0.96865,5282,5120,0.9693,0.2303,0.1257,21.951,0.0772,0.9846,2.5
"1","elderly_disabled_i >    0.5000 & medical_deductions <= 2010.0000 & months_since_cert_n <=    4.5000 & rawben_rel_max <=    0.0887","ranger",1503,0.97605,0.96865,686,671,0.9781,0.0302,0.009,2.851,0.0772,0.9846,2.5
"1","rawben_rel_max <=   0.99600 & unc_rawben_rel_max <=  -0.00915 & utilities > 556.00000","ranger",801,0.97878,0.96865,420,408,0.9714,0.0184,0.0099,1.745,0.0772,0.9846,2.5
"1","children_i <   1.000 & medical_deductions >=  46.000 & rawben_rel_max <   0.268 & shelter_expenses_by_hh_size >= 297.000","xgboost",1466,0.97613,0.96864,662,641,0.9683,0.0288,0.0092,2.751,0.0772,0.9846,2.5
"1","total_deductions_by_hh_size >=  9.000 & unc_rawben_rel_max >= -0.904 & unc_rawben_rel_max < -0.004","xgboost",2532,0.97433,0.96863,1161,1125,0.969,0.0506,0.0265,4.825,0.0772,0.9846,2.5
"1","elderly_disabled_i >  0.5000 & total_deductions_by_hh_size >  2.5000 & total_deductions_by_hh_size <= 47.8000 & unc_rawben_rel_max <=  0.0592","ranger",236,0.98729,0.96862,108,102,0.9444,0.0046,0.0031,0.449,0.0772,0.9846,2.5
"1","elderly_disabled_i >=  1.000 & months_since_cert_n >= 24.000 & unc_rawben_rel_max < -0.004","xgboost",236,0.98729,0.96862,108,106,0.9815,0.0048,0.0012,0.449,0.0772,0.9846,2.5
"1","expedited_i >  0.5 & homeless <=  0.5 & total_deductions_by_hh_size <= 71.0","ranger",2811,0.97403,0.96862,1423,1395,0.9803,0.0628,0.0223,5.914,0.0772,0.9846,2.5
"1","cat_elig >  0.5 & cat_elig <=  1.5 & elderly_disabled_i <=  0.5 & total_deductions_by_hh_size <= 53.6","ranger",3779,0.97327,0.96861,3530,3421,0.9691,0.1539,0.0878,14.67,0.0772,0.9846,2.5
"1","cat_elig >  0.5 & expedited_i >  0.5 & total_deductions_by_hh_size <= 53.1","ranger",3400,0.97353,0.96861,1667,1629,0.9772,0.0733,0.0315,6.928,0.0772,0.9846,2.5
"1","shelter_expenses_by_hh_size < 1800.000 & unc_rawben_rel_max >=    0.996 & unc_rawben_rel_max <    1.670","xgboost",15272,0.97093,0.96861,8053,7803,0.969,0.351,0.1911,33.466,0.0772,0.9846,2.5
"1","cat_elig >  0.5 & children_i <=  0.5 & months_since_cert_n <= 16.5 & total_deductions_by_hh_size <=  8.8","ranger",10189,0.97144,0.9686,5370,5214,0.9709,0.2346,0.1078,22.316,0.0772,0.9846,2.5
"1","months_since_cert_n >= 5.000 & rawben_rel_max < 0.084 & unc_rawben_rel_max >= 0.000","xgboost",568,0.98063,0.9686,266,262,0.985,0.0118,0.003,1.105,0.0772,0.9846,2.5
"1","count_divisible_by_100 <=  1.500 & unc_rawben_rel_max >  0.991 & utilities <= 14.500","ranger",10086,0.97145,0.96859,5331,5164,0.9687,0.2323,0.1308,22.154,0.0772,0.9846,2.5
"1","count_divisible_by_100 <= 1.500 & rawben_rel_max > 0.991 & utilities <= 9.500","ranger",10085,0.97144,0.96859,5331,5164,0.9687,0.2323,0.1308,22.154,0.0772,0.9846,2.5
"1","months_since_cert_n <   5.0 & total_deductions_by_hh_size < 982.0 & unc_rawben_rel_max >=   1.2 & utilities <  54.0","xgboost",5789,0.97236,0.96859,2994,2913,0.9729,0.1311,0.062,12.442,0.0772,0.9846,2.5
"1","percent_abawd >=   0.5 & total_deductions_by_hh_size <  30.0 & utilities < 388.0","xgboost",2669,0.97415,0.96859,1596,1554,0.9737,0.0699,0.035,6.633,0.0772,0.9846,2.5
"1","children_i <= 0.5 & expedited_i <= 0.5 & total_deductions_by_hh_size <= 2.8","ranger",9147,0.97158,0.96857,4871,4728,0.9706,0.2127,0.0935,20.243,0.0772,0.9846,2.5
"1","percent_abawd >  0.75 & total_deductions_by_hh_size <= 61.20","ranger",2806,0.97398,0.96857,1659,1614,0.9729,0.0726,0.0376,6.894,0.0772,0.9846,2.5
"1","months_since_cert_n >= 1.000 & rawben_rel_max >= 0.992 & unc_rawben_rel_max < 1.640","xgboost",13993,0.97099,0.96856,7422,7183,0.9678,0.3232,0.181,30.844,0.0772,0.9846,2.5
"1","count_divisible_by_100 <  1.00 & rawben_rel_max <  0.21 & total_deductions_by_hh_size < 10.00 & utilities >= 30.00","xgboost",1426,0.97616,0.96855,664,638,0.9608,0.0287,0.0127,2.759,0.0772,0.9846,2.5
"1","rawben_rel_max <  0.1 & total_deductions_by_hh_size < 92.0 & utilities >= 30.0","xgboost",1389,0.97624,0.96854,686,665,0.9694,0.0299,0.0112,2.851,0.0772,0.9846,2.5
"1","homeless >=   1.0 & shelter_expenses_by_hh_size < 585.0 & unc_rawben_rel_max >=   1.2","xgboost",2733,0.97402,0.96853,1289,1261,0.9783,0.0567,0.023,5.357,0.0772,0.9846,2.5
"1","medical_deductions <= 10.50 & percent_abawd <=  0.75 & total_deductions_by_hh_size <= 64.40 & utilities <= 12.50","ranger",9401,0.97149,0.96853,4765,4635,0.9727,0.2085,0.0893,19.802,0.0772,0.9846,2.5
"1","medical_deductions >=  7.00 & months_since_cert_n < 23.00 & rawben_rel_max <  0.24 & total_deductions_by_hh_size >=  9.00","xgboost",1497,0.97595,0.96853,681,663,0.9736,0.0298,0.0082,2.83,0.0772,0.9846,2.5
"1","cat_elig <= 0.5 & elderly_disabled_i <= 0.5","ranger",2278,0.97454,0.96852,1172,1143,0.9753,0.0514,0.0153,4.871,0.0772,0.9846,2.5
"1","shelter_expenses_by_hh_size < 360.00 & total_deductions_by_hh_size <  50.00 & unc_rawben_rel_max >=   1.21 & utilities <  63.00","xgboost",4111,0.973,0.96852,109,102,0.9358,0.0046,0.0058,0.453,0.0772,0.9846,2.5
"1","cat_elig > 0.500 & medical_deductions > 7.500 & rawben_rel_max <= 0.266","ranger",1496,0.97594,0.96851,669,649,0.9701,0.0292,0.0096,2.78,0.0772,0.9846,2.5
"1","children_i <=   0.50 & percent_abawd <=   0.75 & shelter_expenses_by_hh_size <= 316.00 & total_deductions_by_hh_size <=   8.90","ranger",9191,0.97149,0.9685,4636,4509,0.9726,0.2029,0.0825,19.266,0.0772,0.9846,2.5
"1","count_divisible_by_100 <  1.0 & homeless <  1.0 & shelter_expenses_by_hh_size < 61.0 & total_deductions_by_hh_size <  4.4","xgboost",7522,0.97182,0.9685,4072,3955,0.9713,0.1779,0.087,16.922,0.0772,0.9846,2.5
"1","children_i <  1.000 & months_since_cert_n <  6.000 & shelter_expenses_by_hh_size < 54.000 & unc_rawben_rel_max >= -0.904","xgboost",7920,0.97172,0.96849,4114,4003,0.973,0.1801,0.0775,17.097,0.0772,0.9846,2.5
"1","count_divisible_by_100 <   1 & months_since_cert_n <   8 & percent_abawd >=   1 & total_deductions_by_hh_size < 159","xgboost",2345,0.97441,0.96848,1364,1327,0.9729,0.0597,0.0269,5.668,0.0772,0.9846,2.4
"1","homeless >  0.5 & months_since_cert_n <= 10.5 & shelter_expenses_by_hh_size <= 17.0","ranger",2902,0.97381,0.96848,1372,1335,0.973,0.0601,0.0284,5.702,0.0772,0.9846,2.4
"1","cat_elig > 0.5 & count_divisible_by_100 <= 1.5 & elderly_disabled_i <= 0.5 & total_deductions_by_hh_size <= 8.8","ranger",6743,0.97197,0.96847,3595,3491,0.9711,0.1571,0.0856,14.94,0.0772,0.9846,2.4
"1","count_divisible_by_100 <= 0.5 & expedited_i <= 0.5 & total_deductions_by_hh_size <= 2.8","ranger",9116,0.97148,0.96847,4865,4719,0.97,0.2123,0.0975,20.218,0.0772,0.9846,2.4
"1","expedited_i >= 1.0 & homeless >= 1.0 & unc_rawben_rel_max >= 1.2","xgboost",1494,0.9759,0.96847,683,666,0.9751,0.03,0.0146,2.838,0.0772,0.9846,2.4
"1","cat_elig > 0.5 & children_i <= 0.5 & married <= 0.5 & total_deductions_by_hh_size <= 8.9","ranger",11141,0.97119,0.96846,5827,5659,0.9712,0.2546,0.113,24.216,0.0772,0.9846,2.4
"1","homeless <= 0.5 & total_deductions_by_hh_size <= 2.8","ranger",10212,0.97131,0.96846,5473,5309,0.97,0.2388,0.1114,22.744,0.0772,0.9846,2.4
"1","medical_deductions > 13.000 & months_since_cert_n <= 42.500 & unc_rawben_rel_max <=  0.266","ranger",1672,0.97548,0.96845,745,724,0.9718,0.0326,0.0099,3.096,0.0772,0.9846,2.4
"1","percent_abawd <= 0.75 & total_deductions_by_hh_size <= 8.90","ranger",10805,0.97122,0.96845,5430,5275,0.9715,0.2373,0.0998,22.566,0.0772,0.9846,2.4
"1","cat_elig <=   0.500 & rawben_rel_max <=   0.991 & shelter_expenses_by_hh_size <= 556.000 & total_deductions_by_hh_size <= 124.000","ranger",643,0.97978,0.96844,330,318,0.9636,0.0143,0.0062,1.371,0.0772,0.9846,2.4
"1","total_deductions_by_hh_size < 329.000 & unc_rawben_rel_max >=   0.972","xgboost",10338,0.97127,0.96844,5434,5283,0.9722,0.2377,0.1206,22.582,0.0772,0.9846,2.4
"1","cat_elig >  0.5 & married <=  0.5 & total_deductions_by_hh_size <=  2.8 & utilities <= 28.5","ranger",9471,0.97139,0.96843,4970,4836,0.973,0.2176,0.101,20.654,0.0772,0.9846,2.4
"1","count_divisible_by_100 <= 1.50 & homeless <= 0.50 & total_deductions_by_hh_size <= 7.80 & unc_rawben_rel_max <= 1.93","ranger",10334,0.97126,0.96843,5520,5356,0.9703,0.241,0.1105,22.94,0.0772,0.9846,2.4
"1","medical_deductions <  3.0000 & rawben_rel_max <  0.0928 & unc_rawben_rel_max >= -0.1400 & unc_rawben_rel_max < -0.0160","xgboost",908,0.97797,0.96843,450,439,0.9756,0.0197,0.0073,1.87,0.0772,0.9846,2.4
"1","count_divisible_by_100 <  1.0 & homeless <  1.0 & shelter_expenses_by_hh_size >= 61.0 & total_deductions_by_hh_size <  4.4","xgboost",2550,0.97412,0.96842,1339,1299,0.9701,0.0584,0.0187,5.565,0.0772,0.9846,2.4
"1","elderly_disabled_i <=  0.500 & expedited_i >  0.500 & months_since_cert_n <=  4.500 & unc_rawben_rel_max > -0.755","ranger",3756,0.97311,0.96842,1765,1719,0.9739,0.0773,0.0356,7.335,0.0772,0.9846,2.4
"1","elderly_disabled_i >  0.5 & shelter_expenses_by_hh_size > 49.5 & total_deductions_by_hh_size <=  2.5","ranger",2654,0.974,0.96842,1361,1324,0.9728,0.0596,0.0164,5.656,0.0772,0.9846,2.4
"1","months_since_cert_n <= 42.500 & unc_rawben_rel_max >  0.991 & utilities <=  5.000","ranger",10098,0.97128,0.96842,5335,5166,0.9683,0.2324,0.1321,22.171,0.0772,0.9846,2.4
"1","months_since_cert_n <  4.00 & percent_abawd <  0.50 & shelter_expenses_by_hh_size < 29.00 & unc_rawben_rel_max <  1.33","xgboost",3959,0.97297,0.9684,2008,1949,0.9706,0.0877,0.0431,8.345,0.0772,0.9846,2.4
"1","shelter_expenses_by_hh_size <= 316.00 & total_deductions_by_hh_size <=   7.80 & unc_rawben_rel_max >  -3.78 & unc_rawben_rel_max <=   1.96","ranger",11940,0.97102,0.96839,6244,6068,0.9718,0.273,0.1249,25.949,0.0772,0.9846,2.4
"1","cat_elig <=   0.5 & homeless <=   0.5 & percent_abawd >   0.5 & shelter_expenses_by_hh_size <= 609.0","ranger",445,0.98202,0.96838,251,247,0.9841,0.0111,0.0013,1.043,0.0772,0.9846,2.4
"1","children_i <=   0.50 & percent_abawd <=   0.75 & total_deductions_by_hh_size <=   7.80 & utilities <= 242.00","ranger",9623,0.97132,0.96838,4870,4733,0.9719,0.2129,0.0866,20.239,0.0772,0.9846,2.4
"1","count_divisible_by_100 <= 0.5 & elderly_disabled_i <= 0.5 & shelter_expenses_by_hh_size <= 5.5","ranger",8726,0.97146,0.96838,4644,4508,0.9707,0.2028,0.106,19.299,0.0772,0.9846,2.4
"1","elderly_disabled_i >   0.5 & shelter_expenses_by_hh_size > 704.0 & total_deductions_by_hh_size <= 206.0","ranger",445,0.98202,0.96838,262,259,0.9885,0.0117,0.0024,1.089,0.0772,0.9846,2.4
"1","children_i < 1.00 & rawben_rel_max >= 1.00 & unc_rawben_rel_max < 1.81","xgboost",15676,0.97066,0.96836,8292,8034,0.9689,0.3614,0.1961,34.46,0.0772,0.9846,2.4
"1","children_i <=    0.500 & rawben_rel_max <=    0.085 & shelter_expenses_by_hh_size <= 1640.000 & utilities >    8.000","ranger",3954,0.97294,0.96836,1837,1780,0.969,0.0801,0.0401,7.634,0.0772,0.9846,2.4
"1","children_i <=  0.5 & homeless >  0.5 & months_since_cert_n <=  5.5 & utilities <= 32.0","ranger",2336,0.97432,0.96836,1136,1104,0.9718,0.0497,0.0216,4.721,0.0772,0.9846,2.4
"1","married <   1.00 & unc_rawben_rel_max >=   1.02 & unc_rawben_rel_max <   1.73 & utilities < 783.00","xgboost",13512,0.97084,0.96836,6907,6691,0.9687,0.301,0.1674,28.704,0.0772,0.9846,2.4
"1","married < 1.00 & unc_rawben_rel_max >= 1.02 & unc_rawben_rel_max < 1.73","xgboost",15252,0.97069,0.96836,8052,7800,0.9687,0.3509,0.1936,33.462,0.0772,0.9846,2.4
"1","percent_abawd <=  0.75 & total_deductions_by_hh_size <= 64.40 & utilities <= 12.50","ranger",9417,0.97133,0.96836,4770,4640,0.9727,0.2087,0.0893,19.823,0.0772,0.9846,2.4
"1","cat_elig <  1.0 & months_since_cert_n < 29.0 & total_deductions_by_hh_size <  4.4 & utilities >= 27.0","xgboost",234,0.98718,0.96835,101,98,0.9703,0.0044,0.0015,0.42,0.0772,0.9846,2.4
"1","cat_elig >  1.500 & expedited_i >  0.500 & rawben_rel_max >  0.991 & total_deductions_by_hh_size <= 17.800","ranger",1488,0.97581,0.96834,121,119,0.9835,0.0054,0.002,0.503,0.0772,0.9846,2.4
"1","cat_elig > 0.5 & children_i <= 0.5 & count_divisible_by_100 <= 1.5 & total_deductions_by_hh_size <= 7.8","ranger",11131,0.97107,0.96834,5807,5642,0.9716,0.2538,0.1135,24.132,0.0772,0.9846,2.4
"1","rawben_rel_max >  0.991 & utilities <= 12.500","ranger",10105,0.9712,0.96834,5340,5171,0.9684,0.2326,0.1321,22.192,0.0772,0.9846,2.4
"1","cat_elig > 0.5 & count_divisible_by_100 <= 1.5 & months_since_cert_n <= 4.5 & total_deductions_by_hh_size <= 2.8","ranger",5742,0.97214,0.96833,2951,2872,0.9732,0.1292,0.0545,12.264,0.0772,0.9846,2.4
"1","expedited_i > 0.500 & homeless <= 0.500 & percent_abawd > 0.750 & rawben_rel_max > 0.954","ranger",1380,0.97609,0.96833,682,663,0.9721,0.0298,0.0156,2.834,0.0772,0.9846,2.4
"1","cat_elig <= 0.500 & expedited_i <= 0.500 & rawben_rel_max > 0.993","ranger",1307,0.97628,0.96831,708,691,0.976,0.0311,0.0113,2.942,0.0772,0.9846,2.4
"1","children_i <= 0.500 & percent_abawd <= 1.500 & rawben_rel_max > 0.991 & unc_rawben_rel_max <= 1.810","ranger",15786,0.97061,0.96831,8348,8084,0.9684,0.3637,0.199,34.692,0.0772,0.9846,2.4
"1","months_since_cert_n <= 45.5 & unc_rawben_rel_max >  1.0 & utilities <=  9.5","ranger",10062,0.97118,0.96831,5324,5155,0.9683,0.2319,0.1321,22.125,0.0772,0.9846,2.4
"1","cat_elig <=  0.500 & homeless <=  0.500 & months_since_cert_n <= 26.500 & rawben_rel_max >  0.991","ranger",1806,0.97508,0.9683,974,948,0.9733,0.0426,0.0188,4.048,0.0772,0.9846,2.4
"1","cat_elig >  0.5 & elderly_disabled_i <=  0.5 & months_since_cert_n <= 37.0 & total_deductions_by_hh_size <=  8.8","ranger",6741,0.97181,0.9683,3594,3488,0.9705,0.1569,0.0868,14.936,0.0772,0.9846,2.4
"1","children_i <=  0.50 & expedited_i <=  0.50 & total_deductions_by_hh_size <=  8.90 & unc_rawben_rel_max > -2.63","ranger",9300,0.97129,0.9683,4943,4794,0.9699,0.2157,0.0956,20.542,0.0772,0.9846,2.4
"1","children_i <=  0.500 & rawben_rel_max >  0.993 & utilities <= 30.500","ranger",9992,0.97118,0.96829,5285,5123,0.9693,0.2305,0.1257,21.963,0.0772,0.9846,2.4
"1","cat_elig >   0.500 & medical_deductions <=  70.000 & rawben_rel_max >   0.987 & total_deductions_by_hh_size <= 187.000","ranger",8197,0.97145,0.96827,4345,4218,0.9708,0.1898,0.1037,18.057,0.0772,0.9846,2.4
"1","months_since_cert_n >=   8 & shelter_expenses_by_hh_size >= 254 & total_deductions_by_hh_size <   9","xgboost",1124,0.97687,0.96827,593,584,0.9848,0.0263,0.0046,2.464,0.0772,0.9846,2.4
"1","cat_elig > 0.5 & children_i <= 0.5 & total_deductions_by_hh_size <= 2.8","ranger",11003,0.97101,0.96826,5753,5588,0.9713,0.2514,0.1141,23.908,0.0772,0.9846,2.4
"1","cat_elig >= 1.000 & rawben_rel_max >= 0.992 & unc_rawben_rel_max < 1.200","xgboost",3362,0.97323,0.96826,1782,1719,0.9646,0.0773,0.0389,7.406,0.0772,0.9846,2.4
"1","count_divisible_by_100 <=  1.5 & expedited_i >  0.5 & homeless <=  0.5 & shelter_expenses_by_hh_size <= 14.0","ranger",2675,0.97383,0.96826,1341,1311,0.9776,0.059,0.0261,5.573,0.0772,0.9846,2.4
"1","rawben_rel_max <    0.711 & shelter_expenses_by_hh_size < 1210.000 & unc_rawben_rel_max <   -0.016 & utilities <  360.000","xgboost",1909,0.97486,0.96826,812,789,0.9717,0.0355,0.0164,3.374,0.0772,0.9846,2.4
"1","expedited_i <=  0.500 & rawben_rel_max <=  0.087 & utilities > 28.500","ranger",3940,0.97284,0.96825,1852,1793,0.9681,0.0807,0.0408,7.696,0.0772,0.9846,2.4
"1","cat_elig <=   0.5 & expedited_i <=   0.5 & medical_deductions <= 112.0 & total_deductions_by_hh_size <= 246.0","ranger",1943,0.97478,0.96824,1023,997,0.9746,0.0449,0.0141,4.251,0.0772,0.9846,2.4
"1","cat_elig >  0.5 & married <=  0.5 & shelter_expenses_by_hh_size <=  5.5 & total_deductions_by_hh_size <= 48.6","ranger",8917,0.97129,0.96824,4667,4536,0.9719,0.2041,0.1003,19.395,0.0772,0.9846,2.4
"1","elderly_disabled_i <    1.000 & months_since_cert_n <    5.000 & shelter_expenses_by_hh_size < 1210.000 & unc_rawben_rel_max >=    0.876","xgboost",8058,0.97146,0.96824,4142,4049,0.9775,0.1822,0.0713,17.213,0.0772,0.9846,2.4
"1","cat_elig <=   0.500 & elderly_disabled_i >   0.500 & rawben_rel_max <=   0.991 & total_deductions_by_hh_size <= 150.000","ranger",715,0.97902,0.96823,374,364,0.9733,0.0164,0.005,1.554,0.0772,0.9846,2.4
"1","cat_elig <=   1.500 & medical_deductions > 105.000 & medical_deductions <= 614.000 & rawben_rel_max <=   0.266","ranger",902,0.97783,0.96822,638,618,0.9687,0.0278,0.0089,2.651,0.0772,0.9846,2.4
"1","unc_rawben_rel_max >  1.0 & utilities <= 14.5","ranger",10069,0.9711,0.96822,5329,5160,0.9683,0.2321,0.1321,22.146,0.0772,0.9846,2.4
"1","shelter_expenses_by_hh_size <= 1100.0 & total_deductions_by_hh_size <=    8.8 & utilities <=  242.0","ranger",12429,0.97079,0.96821,6501,6313,0.9711,0.284,0.1292,27.017,0.0772,0.9846,2.4
"1","cat_elig >=  1.0 & children_i <  1.0 & total_deductions_by_hh_size <  4.4 & utilities < 54.0","xgboost",9964,0.9711,0.9682,5242,5096,0.9721,0.2293,0.1037,21.784,0.0772,0.9846,2.4
"1","children_i <   1.0 & shelter_expenses_by_hh_size >= 277.0 & shelter_expenses_by_hh_size < 430.0 & total_deductions_by_hh_size <   4.4","xgboost",1410,0.97589,0.9682,728,712,0.978,0.032,0.0081,3.025,0.0772,0.9846,2.4
"1","medical_deductions >= 104.000 & rawben_rel_max <   0.258 & total_deductions_by_hh_size < 150.000 & utilities < 431.000","xgboost",187,0.9893,0.9682,91,88,0.967,0.004,0.0018,0.378,0.0772,0.9846,2.4
"1","children_i < 1.000 & months_since_cert_n < 5.000 & unc_rawben_rel_max >= 0.996 & unc_rawben_rel_max < 1.930","xgboost",9494,0.97114,0.96818,4899,4781,0.9759,0.2151,0.09,20.359,0.0772,0.9846,2.4
"1","cat_elig <  2 & children_i <  1 & months_since_cert_n < 32 & total_deductions_by_hh_size < 30","xgboost",9127,0.97118,0.96816,6806,6592,0.9686,0.2966,0.1342,28.284,0.0772,0.9846,2.4
"1","cat_elig >  0.5 & children_i <=  0.5 & months_since_cert_n <= 27.5 & total_deductions_by_hh_size <=  8.9","ranger",10935,0.97092,0.96816,5739,5570,0.9706,0.2506,0.1143,23.85,0.0772,0.9846,2.4
"1","children_i <=   0.500 & expedited_i <=   0.500 & rawben_rel_max >   0.991 & total_deductions_by_hh_size <= 250.000","ranger",5744,0.97197,0.96816,3182,3088,0.9705,0.1389,0.0733,13.224,0.0772,0.9846,2.4
"1","married <=  0.50000 & total_deductions_by_hh_size <=  7.60000 & unc_rawben_rel_max > -0.00544 & unc_rawben_rel_max <=  1.95000","ranger",11951,0.9708,0.96816,6304,6118,0.9705,0.2752,0.1281,26.198,0.0772,0.9846,2.4
"1","months_since_cert_n >=   1.0000 & rawben_rel_max <   0.0893 & total_deductions_by_hh_size < 340.0000","xgboost",3658,0.97294,0.96816,1738,1691,0.973,0.0761,0.0282,7.223,0.0772,0.9846,2.4
"1","expedited_i >   0.5 & months_since_cert_n <=  35.5 & shelter_expenses_by_hh_size <= 640.0 & utilities <=   9.5","ranger",4400,0.9725,0.96814,2156,2094,0.9712,0.0942,0.0488,8.96,0.0772,0.9846,2.4
"1","rawben_rel_max <=    0.316 & total_deductions_by_hh_size <=    7.600 & unc_rawben_rel_max <=    1.000 & utilities <= 1170.000","ranger",3553,0.97298,0.96813,1769,1722,0.9734,0.0775,0.0237,7.352,0.0772,0.9846,2.4
"1","cat_elig >=  1 & children_i <  1 & count_divisible_by_100 <  1 & total_deductions_by_hh_size < 10","xgboost",11053,0.97087,0.96812,5790,5620,0.9706,0.2528,0.113,24.062,0.0772,0.9846,2.4
"1","children_i <=   0.5 & expedited_i <=   0.5 & shelter_expenses_by_hh_size <= 552.0 & total_deductions_by_hh_size <=   2.8","ranger",8983,0.97117,0.96812,4790,4648,0.9704,0.2091,0.0925,19.906,0.0772,0.9846,2.4
"1","children_i <=  0.50 & unc_rawben_rel_max >  1.01 & utilities <= 30.50","ranger",9936,0.97101,0.96812,5264,5102,0.9692,0.2295,0.1257,21.876,0.0772,0.9846,2.4
"1","count_divisible_by_100 < 1 & months_since_cert_n >= 3 & total_deductions_by_hh_size < 9","xgboost",8885,0.97119,0.96812,4608,4479,0.972,0.2015,0.0869,19.15,0.0772,0.9846,2.4
"1","shelter_expenses_by_hh_size < 601.000 & unc_rawben_rel_max <  -0.096 & utilities < 426.000","xgboost",1335,0.97603,0.96812,589,577,0.9796,0.026,0.0097,2.448,0.0772,0.9846,2.4
"1","count_divisible_by_100 <   1.0 & shelter_expenses_by_hh_size < 376.0 & total_deductions_by_hh_size <  22.4","xgboost",12652,0.97068,0.96811,6645,6446,0.9701,0.29,0.132,27.615,0.0772,0.9846,2.4
"1","expedited_i > 0.50 & married <= 0.50 & percent_abawd <= 0.75 & shelter_expenses_by_hh_size <= 5.50","ranger",2834,0.97354,0.96811,1322,1292,0.9773,0.0581,0.0246,5.494,0.0772,0.9846,2.4
"1","children_i < 1 & expedited_i < 1 & total_deductions_by_hh_size < 9","xgboost",9305,0.97109,0.96809,4946,4797,0.9699,0.2158,0.0956,20.554,0.0772,0.9846,2.4
"1","elderly_disabled_i <=  0.500 & expedited_i >  0.500 & months_since_cert_n <= 27.500 & unc_rawben_rel_max >  0.804","ranger",5197,0.9721,0.96809,2566,2487,0.9692,0.1119,0.0676,10.664,0.0772,0.9846,2.4
"1","count_divisible_by_100 <=   0.5 & medical_deductions <= 298.0 & months_since_cert_n <=  13.5 & shelter_expenses_by_hh_size <=   5.5","ranger",10287,0.97093,0.96808,5495,5331,0.9702,0.2398,0.1229,22.836,0.0772,0.9846,2.4
"1","expedited_i <=   0.500 & rawben_rel_max <=   0.085 & shelter_expenses_by_hh_size > 560.000 & utilities > 360.000","ranger",2038,0.97448,0.96808,1027,996,0.9698,0.0448,0.0221,4.268,0.0772,0.9846,2.4
"1","rawben_rel_max >=   0.261 & shelter_expenses_by_hh_size < 376.000 & total_deductions_by_hh_size <  14.000","xgboost",10154,0.97095,0.96808,5456,5296,0.9707,0.2383,0.1159,22.674,0.0772,0.9846,2.4
"1","medical_deductions <= 621 & total_deductions_by_hh_size <= 128 & utilities <=   5","ranger",12637,0.97064,0.96807,6669,6477,0.9712,0.2914,0.1347,27.715,0.0772,0.9846,2.4
"1","cat_elig <= 0.500 & elderly_disabled_i > 0.500 & expedited_i <= 0.500 & rawben_rel_max <= 0.164","ranger",711,0.9789,0.96805,327,323,0.9878,0.0145,0.0019,1.359,0.0772,0.9846,2.4
"1","children_i <=  0.5 & elderly_disabled_i <=  0.5 & medical_deductions <= 66.0 & shelter_expenses_by_hh_size <= 29.5","ranger",8832,0.97113,0.96805,4680,4544,0.9709,0.2044,0.1034,19.449,0.0772,0.9846,2.4
"1","children_i <= 0.5 & expedited_i <= 0.5 & medical_deductions <= 0.5 & total_deductions_by_hh_size <= 8.9","ranger",9293,0.97105,0.96805,4944,4796,0.9701,0.2158,0.0952,20.546,0.0772,0.9846,2.4
"1","elderly_disabled_i <   1 & total_deductions_by_hh_size < 104","xgboost",9226,0.97106,0.96805,4865,4723,0.9708,0.2125,0.11,20.218,0.0772,0.9846,2.4
"1","expedited_i <=  0.500 & percent_abawd <=  1.500 & rawben_rel_max >  0.991 & total_deductions_by_hh_size <= 57.500","ranger",5591,0.97192,0.96805,3092,2995,0.9686,0.1347,0.0768,12.85,0.0772,0.9846,2.4
"1","expedited_i >=   1 & months_since_cert_n <   2 & total_deductions_by_hh_size < 112 & utilities < 886","xgboost",1188,0.97643,0.96804,556,543,0.9766,0.0244,0.0098,2.311,0.0772,0.9846,2.4
"1","shelter_expenses_by_hh_size >= 440.000 & total_deductions_by_hh_size >=  69.000 & unc_rawben_rel_max <  -0.016","xgboost",2035,0.97445,0.96803,935,905,0.9679,0.0407,0.0242,3.886,0.0772,0.9846,2.4
"1","medical_deductions > 100.000 & rawben_rel_max <=   0.268 & utilities > 338.000","ranger",1079,0.97683,0.96802,500,487,0.974,0.0219,0.0056,2.078,0.0772,0.9846,2.4
"1","elderly_disabled_i < 1.000 & expedited_i >= 1.000 & rawben_rel_max >= 0.992 & unc_rawben_rel_max >= 1.200","xgboost",4616,0.97227,0.96801,2270,2202,0.97,0.0991,0.0587,9.434,0.0772,0.9846,2.4
"1","cat_elig <= 0.500 & married <= 0.500 & months_since_cert_n > 4.500 & rawben_rel_max <= 0.164","ranger",518,0.98069,0.96797,244,240,0.9836,0.0108,0.0019,1.014,0.0772,0.9846,2.4
"1","count_divisible_by_100 <   1.0 & months_since_cert_n >=   1.0 & shelter_expenses_by_hh_size < 376.0 & total_deductions_by_hh_size <  22.4","xgboost",11524,0.97067,0.96797,6071,5887,0.9697,0.2648,0.1199,25.23,0.0772,0.9846,2.4
"1","count_divisible_by_100 <=  0.50 & married <=  0.50 & unc_rawben_rel_max >  1.02 & utilities <= 30.50","ranger",9727,0.97091,0.96797,5136,4971,0.9679,0.2236,0.1284,21.344,0.0772,0.9846,2.4
"1","count_divisible_by_100 <    2.00 & unc_rawben_rel_max >=    1.04 & utilities >= 1020.00","xgboost",231,0.98701,0.96795,423,414,0.9787,0.0186,0.0058,1.758,0.0772,0.9846,2.4
"1","rawben_rel_max <   0.0893 & total_deductions_by_hh_size < 167.0000 & unc_rawben_rel_max >=   0.0000 & utilities >=  57.0000","xgboost",231,0.98701,0.96795,128,127,0.9922,0.0057,8e-04,0.532,0.0772,0.9846,2.4
"1","elderly_disabled_i >  0.50 & rawben_rel_max <=  0.58 & total_deductions_by_hh_size <= 54.30 & utilities <= 26.50","ranger",2236,0.97406,0.96793,1145,1119,0.9773,0.0503,0.012,4.758,0.0772,0.9846,2.4
"1","children_i <= 0.500 & homeless > 0.500 & rawben_rel_max > 0.991","ranger",3259,0.973,0.96792,1557,1524,0.9788,0.0686,0.0272,6.471,0.0772,0.9846,2.4
"1","expedited_i >   0.5 & shelter_expenses_by_hh_size <= 640.0 & utilities <=   9.5","ranger",4403,0.97229,0.96792,2157,2095,0.9713,0.0943,0.0488,8.964,0.0772,0.9846,2.4
"1","medical_deductions >= 144.000 & rawben_rel_max <   0.354 & total_deductions_by_hh_size < 445.000","xgboost",358,0.98324,0.96792,188,185,0.984,0.0083,0.0016,0.781,0.0772,0.9846,2.4
"1","elderly_disabled_i >=  1.00 & rawben_rel_max <  0.24 & utilities < 29.00","xgboost",1957,0.97445,0.9679,973,953,0.9794,0.0429,0.0121,4.044,0.0772,0.9846,2.4
"1","expedited_i >=   1 & months_since_cert_n <   7 & shelter_expenses_by_hh_size < 440","xgboost",3695,0.97267,0.9679,1797,1753,0.9755,0.0789,0.0324,7.468,0.0772,0.9846,2.4
"1","cat_elig >   0.500 & married <=   0.500 & total_deductions_by_hh_size <= 246.000 & unc_rawben_rel_max >   0.987","ranger",8261,0.97107,0.96788,4382,4254,0.9708,0.1914,0.1035,18.211,0.0772,0.9846,2.4
"1","cat_elig >=   1 & children_i <   1 & total_deductions_by_hh_size <   9 & utilities < 757","xgboost",11164,0.97062,0.96787,5835,5665,0.9709,0.2549,0.1153,24.249,0.0772,0.9846,2.4
"1","children_i <=  0.5 & count_divisible_by_100 <=  0.5 & married <=  0.5 & shelter_expenses_by_hh_size <= 14.5","ranger",10871,0.97066,0.96787,5748,5578,0.9704,0.2509,0.124,23.887,0.0772,0.9846,2.4
"1","cat_elig <   1.00 & shelter_expenses_by_hh_size < 646.00 & unc_rawben_rel_max <   1.55","xgboost",3084,0.97309,0.96786,1600,1554,0.9712,0.0699,0.0239,6.649,0.0772,0.9846,2.4
"1","medical_deductions > 96.200 & months_since_cert_n <= 29.500 & unc_rawben_rel_max <=  0.278","ranger",1501,0.97535,0.96786,685,661,0.965,0.0297,0.0103,2.847,0.0772,0.9846,2.4
"1","medical_deductions >= 132.000 & months_since_cert_n <  29.000 & rawben_rel_max <   0.288 & unc_rawben_rel_max <   0.271","xgboost",1253,0.97606,0.96786,432,415,0.9606,0.0187,0.007,1.795,0.0772,0.9846,2.4
"1","cat_elig > 0.5 & count_divisible_by_100 <= 0.5 & total_deductions_by_hh_size <= 2.8","ranger",10961,0.97062,0.96785,5731,5567,0.9714,0.2504,0.115,23.817,0.0772,0.9846,2.4
"1","cat_elig <=   0.5 & expedited_i <=   0.5 & total_deductions_by_hh_size <= 272.0","ranger",2092,0.97419,0.96784,1103,1072,0.9719,0.0482,0.0158,4.584,0.0772,0.9846,2.4
"1","elderly_disabled_i >=   1.00 & unc_rawben_rel_max >=   1.01 & unc_rawben_rel_max <   1.58 & utilities >= 417.00","xgboost",2912,0.97321,0.96784,1538,1488,0.9675,0.0669,0.0353,6.392,0.0772,0.9846,2.4
"1","cat_elig >=  1.0 & children_i <  1.0 & months_since_cert_n < 29.0 & total_deductions_by_hh_size <  4.4","xgboost",10857,0.97062,0.96783,5693,5529,0.9712,0.2487,0.1124,23.659,0.0772,0.9846,2.4
"1","cat_elig <   1 & shelter_expenses_by_hh_size < 616 & utilities < 750","xgboost",3114,0.97303,0.96782,1617,1564,0.9672,0.0704,0.029,6.72,0.0772,0.9846,2.4
"1","months_since_cert_n >= 10.000 & rawben_rel_max <  0.354 & total_deductions_by_hh_size <  9.000 & utilities < 38.000","xgboost",743,0.97847,0.96781,367,363,0.9891,0.0163,0.0019,1.525,0.0772,0.9846,2.4
"1","children_i <  1 & months_since_cert_n <  6 & shelter_expenses_by_hh_size < 54","xgboost",7948,0.97106,0.9678,4126,4014,0.9729,0.1806,0.0785,17.147,0.0772,0.9846,2.4
"1","elderly_disabled_i <= 0.500 & months_since_cert_n <= 6.500 & rawben_rel_max > 0.991","ranger",10033,0.9707,0.9678,5158,5013,0.9719,0.2255,0.114,21.435,0.0772,0.9846,2.4
"1","married <=  0.500 & rawben_rel_max >  0.991 & utilities <= 29.500","ranger",10157,0.97066,0.96778,5360,5189,0.9681,0.2334,0.1332,22.275,0.0772,0.9846,2.4
"1","months_since_cert_n <   8.000 & total_deductions_by_hh_size < 542.000 & unc_rawben_rel_max >=   0.962 & utilities < 992.000","xgboost",9278,0.97079,0.96778,4760,4633,0.9733,0.2084,0.0975,19.781,0.0772,0.9846,2.4
"1","cat_elig >  0.5 & married <=  0.5 & shelter_expenses_by_hh_size <= 14.5 & total_deductions_by_hh_size <= 63.6","ranger",8952,0.97084,0.96777,4687,4556,0.9721,0.205,0.1003,19.478,0.0772,0.9846,2.4
"1","children_i <= 0.500 & rawben_rel_max <= 0.991 & total_deductions_by_hh_size <= 7.500 & unc_rawben_rel_max <= 0.408","ranger",3713,0.97253,0.96776,1845,1796,0.9734,0.0808,0.0247,7.667,0.0772,0.9846,2.4
"1","months_since_cert_n < 21.0 & total_deductions_by_hh_size < 18.4","xgboost",13065,0.9703,0.96776,6836,6627,0.9694,0.2981,0.1381,28.409,0.0772,0.9846,2.4
"1","elderly_disabled_i > 0.5 & medical_deductions <= 0.5 & shelter_expenses_by_hh_size > 5.5 & total_deductions_by_hh_size <= 2.5","ranger",2803,0.97324,0.96775,1432,1393,0.9728,0.0627,0.0169,5.951,0.0772,0.9846,2.4
"1","months_since_cert_n < 23.00 & rawben_rel_max >=  0.66 & shelter_expenses_by_hh_size < 44.00","xgboost",9824,0.97068,0.96775,5205,5058,0.9718,0.2276,0.1134,21.631,0.0772,0.9846,2.4
"1","months_since_cert_n >=   1 & shelter_expenses_by_hh_size < 376 & total_deductions_by_hh_size <  14","xgboost",11574,0.97045,0.96775,6095,5904,0.9687,0.2656,0.1246,25.329,0.0772,0.9846,2.4
"1","months_since_cert_n <= 4.50 & percent_abawd > 0.75 & utilities <= 9.50","ranger",1982,0.97427,0.96774,1142,1113,0.9746,0.0501,0.0196,4.746,0.0772,0.9846,2.4
"1","cat_elig > 0.500 & expedited_i > 0.500 & months_since_cert_n <= 4.500 & unc_rawben_rel_max > 0.958","ranger",3172,0.97289,0.96773,1500,1460,0.9733,0.0657,0.0317,6.234,0.0772,0.9846,2.4
"1","expedited_i >=   1.000 & rawben_rel_max >=   0.924 & shelter_expenses_by_hh_size < 880.000","xgboost",5104,0.97179,0.96772,2508,2427,0.9677,0.1092,0.0655,10.423,0.0772,0.9846,2.4
"1","expedited_i <= 0.50 & married <= 0.50 & total_deductions_by_hh_size <= 2.80 & unc_rawben_rel_max <= 1.93","ranger",9260,0.97073,0.96771,4928,4777,0.9694,0.2149,0.1,20.48,0.0772,0.9846,2.4
"1","cat_elig >  0.500 & percent_abawd <=  0.750 & rawben_rel_max >  0.991 & shelter_expenses_by_hh_size <= 16.000","ranger",5432,0.97165,0.9677,2732,2659,0.9733,0.1196,0.0586,11.354,0.0772,0.9846,2.4
"1","cat_elig >  0.500 & percent_abawd <=  0.750 & rawben_rel_max >  0.998 & total_deductions_by_hh_size <= 29.900","ranger",5365,0.97167,0.9677,2706,2631,0.9723,0.1184,0.0595,11.245,0.0772,0.9846,2.4
"1","elderly_disabled_i < 1.000 & homeless >= 1.000 & months_since_cert_n < 4.000 & rawben_rel_max >= 0.712","xgboost",1668,0.97482,0.9677,809,797,0.9852,0.0359,0.0081,3.362,0.0772,0.9846,2.4
"1","months_since_cert_n <=   39.500 & rawben_rel_max <=    0.085 & shelter_expenses_by_hh_size <= 1640.000 & utilities >   30.500","ranger",3840,0.9724,0.9677,1792,1735,0.9682,0.0781,0.0403,7.447,0.0772,0.9846,2.4
"1","cat_elig <    1.000 & rawben_rel_max >=    0.485 & shelter_expenses_by_hh_size < 1040.000 & total_deductions_by_hh_size <  404.000","xgboost",2151,0.97397,0.96769,1120,1089,0.9723,0.049,0.0174,4.654,0.0772,0.9846,2.4
"1","cat_elig >  0.500 & expedited_i <=  0.500 & rawben_rel_max >  0.991 & total_deductions_by_hh_size <= 17.800","ranger",4403,0.97206,0.96768,2460,2380,0.9675,0.1071,0.0637,10.223,0.0772,0.9846,2.4
"1","count_divisible_by_100 <=   0.5 & homeless >   0.5 & medical_deductions <= 103.0 & shelter_expenses_by_hh_size <=  17.0","ranger",3100,0.9729,0.96768,1483,1446,0.9751,0.0651,0.0271,6.163,0.0772,0.9846,2.4
"1","children_i <=   0.5 & months_since_cert_n >  38.5 & total_deductions_by_hh_size >   8.8 & utilities > 360.0","ranger",81,1,0.96767,49,47,0.9592,0.0021,0.0013,0.204,0.0772,0.9846,2.4
"1","medical_deductions >=   9.000 & medical_deductions < 366.000 & rawben_rel_max <   0.268","xgboost",1631,0.97486,0.96766,728,705,0.9684,0.0317,0.0105,3.025,0.0772,0.9846,2.4
"1","months_since_cert_n >= 1.000 & rawben_rel_max >= 0.992 & unc_rawben_rel_max >= 1.180 & unc_rawben_rel_max < 1.640","xgboost",10832,0.97046,0.96766,5750,5568,0.9683,0.2505,0.1451,23.896,0.0772,0.9846,2.4
"1","unc_rawben_rel_max >=   1.01 & unc_rawben_rel_max <   1.81 & utilities >= 426.00","xgboost",4399,0.97204,0.96765,2333,2263,0.97,0.1018,0.0505,9.695,0.0772,0.9846,2.4
"1","cat_elig >  0.50 & homeless >  0.50 & percent_abawd <=  0.25 & total_deductions_by_hh_size <= 55.50","ranger",2010,0.97413,0.96764,881,861,0.9773,0.0387,0.0144,3.661,0.0772,0.9846,2.4
"1","elderly_disabled_i <= 0.5 & married <= 0.5 & shelter_expenses_by_hh_size <= 5.5","ranger",8915,0.97072,0.96764,4709,4568,0.9701,0.2055,0.1088,19.569,0.0772,0.9846,2.4
"1","unc_rawben_rel_max >=   1.01 & unc_rawben_rel_max <   1.81 & utilities >= 426.00 & utilities < 723.00","xgboost",2284,0.97373,0.96764,1024,992,0.9688,0.0446,0.0233,4.255,0.0772,0.9846,2.4
"1","cat_elig <  2 & children_i <  1 & total_deductions_by_hh_size < 40","xgboost",9430,0.97063,0.96763,7042,6814,0.9676,0.3066,0.1413,29.265,0.0772,0.9846,2.4
"1","expedited_i <  1.000 & total_deductions_by_hh_size >=  9.000 & unc_rawben_rel_max < -0.004","xgboost",2724,0.9732,0.96762,1239,1203,0.9709,0.0541,0.0269,5.149,0.0772,0.9846,2.4
"1","cat_elig >=  1.00 & months_since_cert_n < 18.00 & rawben_rel_max <  0.11 & total_deductions_by_hh_size < 14.00","xgboost",1314,0.97565,0.96761,619,608,0.9822,0.0274,0.0068,2.572,0.0772,0.9846,2.4
"1","rawben_rel_max <   0.084 & utilities >= 298.000 & utilities < 723.000","xgboost",2688,0.97321,0.9676,1402,1364,0.9729,0.0614,0.0299,5.826,0.0772,0.9846,2.4
"1","cat_elig <= 0.50 & percent_abawd <= 0.75 & unc_rawben_rel_max <= 3.43 & utilities <= 7.50","ranger",1800,0.97444,0.96758,901,872,0.9678,0.0392,0.0163,3.744,0.0772,0.9846,2.4
"1","expedited_i <   1.000 & percent_abawd <   0.500 & shelter_expenses_by_hh_size < 197.000 & unc_rawben_rel_max <  -0.016","xgboost",473,0.98097,0.96758,210,207,0.9857,0.0093,0.0023,0.873,0.0772,0.9846,2.4
"1","unc_rawben_rel_max >=  -1.170 & unc_rawben_rel_max <  -0.016 & utilities >= 111.000 & utilities < 360.000","xgboost",550,0.98,0.96758,202,198,0.9802,0.0089,0.002,0.839,0.0772,0.9846,2.4
"1","cat_elig >  0.5 & shelter_expenses_by_hh_size <= 12.5 & total_deductions_by_hh_size <= 53.5","ranger",8959,0.97064,0.96757,4689,4556,0.9716,0.205,0.1027,19.486,0.0772,0.9846,2.4
"1","children_i <=   0.5 & count_divisible_by_100 <=   0.5 & medical_deductions <= 140.0 & shelter_expenses_by_hh_size <=  14.5","ranger",10867,0.97037,0.96757,5741,5570,0.9702,0.2506,0.1255,23.858,0.0772,0.9846,2.4
"1","rawben_rel_max >=   0.261 & total_deductions_by_hh_size < 117.000 & utilities <  27.000","xgboost",10769,0.97038,0.96757,5787,5619,0.971,0.2528,0.1215,24.049,0.0772,0.9846,2.4
"1","count_divisible_by_100 <=   0.500 & medical_deductions > 100.000 & rawben_rel_max <=   0.268 & utilities > 338.000","ranger",1028,0.97665,0.96756,480,467,0.9729,0.021,0.0056,1.995,0.0772,0.9846,2.4
"1","elderly_disabled_i >  0.500 & rawben_rel_max <=  0.273 & utilities <= 30.500","ranger",2414,0.97349,0.96756,1110,1085,0.9775,0.0488,0.0148,4.613,0.0772,0.9846,2.4
"1","expedited_i > 0.500 & married <= 0.500 & rawben_rel_max > 0.991 & unc_rawben_rel_max <= 1.960","ranger",5834,0.97137,0.96756,2891,2799,0.9682,0.1259,0.0745,12.014,0.0772,0.9846,2.4
"1","cat_elig >  0.50 & married <=  0.50 & total_deductions_by_hh_size <=  2.80 & unc_rawben_rel_max > -1.29","ranger",11086,0.97032,0.96755,5789,5620,0.9708,0.2528,0.1174,24.058,0.0772,0.9846,2.4
"1","elderly_disabled_i <=  0.5 & married <=  0.5 & shelter_expenses_by_hh_size <= 12.5","ranger",8920,0.97063,0.96754,4712,4571,0.9701,0.2056,0.1088,19.582,0.0772,0.9846,2.4
"1","elderly_disabled_i <= 0.500 & expedited_i > 0.500 & rawben_rel_max > 0.804","ranger",5208,0.97158,0.96754,2567,2488,0.9692,0.1119,0.0676,10.668,0.0772,0.9846,2.4
"1","cat_elig >  0.5 & elderly_disabled_i <=  0.5 & married <=  0.5 & total_deductions_by_hh_size <= 53.6","ranger",7230,0.97095,0.96753,3835,3723,0.9708,0.1675,0.0896,15.937,0.0772,0.9846,2.4
"1","homeless >= 1.000 & rawben_rel_max < 0.388 & unc_rawben_rel_max >= 0.120","xgboost",228,0.98684,0.96753,108,103,0.9537,0.0046,0.0021,0.449,0.0772,0.9846,2.4
"1","medical_deductions <  157.00 & unc_rawben_rel_max >=    1.04 & utilities >= 1020.00","xgboost",228,0.98684,0.96753,419,410,0.9785,0.0184,0.0058,1.741,0.0772,0.9846,2.4
"1","cat_elig > 0.5 & count_divisible_by_100 <= 1.5 & married <= 0.5 & total_deductions_by_hh_size <= 7.8","ranger",11235,0.97027,0.96752,5852,5683,0.9711,0.2557,0.1168,24.319,0.0772,0.9846,2.4
"1","cat_elig >   0.500 & count_divisible_by_100 <=   1.500 & rawben_rel_max >   0.947 & total_deductions_by_hh_size <= 171.000","ranger",8232,0.97072,0.96751,4364,4239,0.9714,0.1907,0.1029,18.136,0.0772,0.9846,2.4
"1","cat_elig <= 0.500 & expedited_i <= 0.500 & rawben_rel_max > 0.991","ranger",1309,0.97555,0.96749,710,693,0.9761,0.0312,0.0113,2.951,0.0772,0.9846,2.4
"1","elderly_disabled_i <= 0.500 & expedited_i > 0.500 & unc_rawben_rel_max > 0.813","ranger",5200,0.97154,0.96749,2563,2485,0.9696,0.1118,0.0668,10.651,0.0772,0.9846,2.4
"1","expedited_i >   0.50 & medical_deductions <= 276.00 & percent_abawd <=   0.75 & shelter_expenses_by_hh_size <=   5.50","ranger",2847,0.97295,0.96749,1328,1297,0.9767,0.0583,0.0255,5.519,0.0772,0.9846,2.4
"1","cat_elig >  0.5 & homeless >  0.5 & total_deductions_by_hh_size <= 54.6 & utilities <= 12.5","ranger",2543,0.97326,0.96747,1214,1191,0.9811,0.0536,0.0188,5.045,0.0772,0.9846,2.4
"1","cat_elig > 0.50 & percent_abawd > 0.75 & total_deductions_by_hh_size <= 8.80","ranger",2204,0.97368,0.96747,1312,1271,0.9688,0.0572,0.0352,5.452,0.0772,0.9846,2.4
"1","married <=  0.5 & months_since_cert_n <= 11.5 & shelter_expenses_by_hh_size <=  5.5","ranger",10350,0.97034,0.96747,5471,5306,0.9698,0.2387,0.1216,22.736,0.0772,0.9846,2.4
"1","count_divisible_by_100 < 1.00 & elderly_disabled_i >= 1.00 & total_deductions_by_hh_size < 4.40 & unc_rawben_rel_max < 1.02","xgboost",3944,0.97211,0.96746,1986,1932,0.9728,0.0869,0.0245,8.253,0.0772,0.9846,2.4
"1","homeless > 0.50 & medical_deductions <= 0.50 & percent_abawd <= 0.25 & utilities <= 9.50","ranger",2508,0.97329,0.96746,1095,1062,0.9699,0.0478,0.0221,4.551,0.0772,0.9846,2.4
"1","rawben_rel_max <= 0.991 & total_deductions_by_hh_size <= 8.800 & unc_rawben_rel_max <= 0.318","ranger",3579,0.97234,0.96746,1787,1737,0.972,0.0781,0.0248,7.426,0.0772,0.9846,2.4
"1","rawben_rel_max <=    0.085 & shelter_expenses_by_hh_size <= 1640.000 & utilities >   30.500","ranger",3843,0.97216,0.96745,1794,1737,0.9682,0.0781,0.0403,7.455,0.0772,0.9846,2.4
"1","count_divisible_by_100 <=  1.5 & months_since_cert_n >  2.5 & months_since_cert_n <= 37.5 & total_deductions_by_hh_size <=  2.8","ranger",8860,0.97054,0.96744,4597,4469,0.9722,0.2011,0.0884,19.104,0.0772,0.9846,2.4
"1","elderly_disabled_i >=   1.000 & medical_deductions >=  16.000 & unc_rawben_rel_max <   0.271 & utilities < 819.000","xgboost",1551,0.97485,0.96744,694,673,0.9697,0.0303,0.0092,2.884,0.0772,0.9846,2.4
"1","shelter_expenses_by_hh_size < 1030.000 & unc_rawben_rel_max <   -0.096 & utilities <  426.000","xgboost",1827,0.97427,0.96744,813,794,0.9766,0.0357,0.014,3.379,0.0772,0.9846,2.4
"1","elderly_disabled_i >   0.500 & rawben_rel_max <=   0.305 & total_deductions_by_hh_size <=   8.900 & utilities <= 130.000","ranger",2506,0.97326,0.96743,1180,1150,0.9746,0.0517,0.0143,4.904,0.0772,0.9846,2.4
"1","married <  1.00 & unc_rawben_rel_max >=  1.02 & utilities < 32.00","xgboost",10108,0.97032,0.96742,5321,5148,0.9675,0.2316,0.1351,22.113,0.0772,0.9846,2.4
"1","expedited_i >=   1 & shelter_expenses_by_hh_size < 744 & total_deductions_by_hh_size < 645 & utilities <  30","xgboost",4432,0.9718,0.96741,2176,2108,0.9688,0.0948,0.0517,9.043,0.0772,0.9846,2.4
"1","homeless > 0.500 & rawben_rel_max > 0.991","ranger",3274,0.97251,0.96741,1559,1525,0.9782,0.0686,0.0281,6.479,0.0772,0.9846,2.4
"1","elderly_disabled_i <   1.000 & rawben_rel_max >=   0.992 & unc_rawben_rel_max <   2.220 & utilities < 426.000","xgboost",10360,0.97027,0.9674,5437,5268,0.9689,0.237,0.1418,22.595,0.0772,0.9846,2.4
"1","percent_abawd <=   0.75 & total_deductions_by_hh_size <=   5.80 & utilities <= 360.00","ranger",10296,0.97028,0.9674,5160,5012,0.9713,0.2255,0.0972,21.444,0.0772,0.9846,2.4
"1","unc_rawben_rel_max <   0.056 & utilities >= 385.000 & utilities < 600.000","xgboost",1618,0.97466,0.9674,695,678,0.9755,0.0305,0.0126,2.888,0.0772,0.9846,2.4
"1","cat_elig >= 1.0 & months_since_cert_n < 6.0 & total_deductions_by_hh_size < 4.4","xgboost",6648,0.97097,0.96739,3417,3325,0.9731,0.1496,0.0622,14.2,0.0772,0.9846,2.4
"1","elderly_disabled_i < 1.000 & homeless >= 1.000 & rawben_rel_max >= 0.712","xgboost",3173,0.97258,0.96739,1512,1486,0.9828,0.0669,0.0213,6.284,0.0772,0.9846,2.4
"1","expedited_i > 0.500 & married <= 0.500 & unc_rawben_rel_max > 0.991 & unc_rawben_rel_max <= 1.970","ranger",5837,0.97122,0.96739,2893,2800,0.9679,0.126,0.075,12.023,0.0772,0.9846,2.4
"1","homeless > 0.500 & medical_deductions <= 3.500 & rawben_rel_max > 0.991","ranger",3272,0.97249,0.96739,1558,1525,0.9788,0.0686,0.0271,6.475,0.0772,0.9846,2.4
"1","married <  1.000 & months_since_cert_n < 28.000 & total_deductions_by_hh_size < 22.400 & unc_rawben_rel_max >= -0.904","xgboost",13522,0.9699,0.96739,7054,6831,0.9684,0.3073,0.1411,29.315,0.0772,0.9846,2.4
"1","months_since_cert_n < 4.00 & percent_abawd >= 1.00 & unc_rawben_rel_max >= 1.04","xgboost",2165,0.97367,0.96739,1190,1163,0.9773,0.0523,0.0194,4.945,0.0772,0.9846,2.4
"1","cat_elig > 0.50 & married <= 0.50 & percent_abawd > 0.75 & total_deductions_by_hh_size <= 7.80","ranger",2198,0.97361,0.96738,1309,1268,0.9687,0.057,0.0352,5.44,0.0772,0.9846,2.4
"1","expedited_i <   1.000 & shelter_expenses_by_hh_size >= 418.000 & total_deductions_by_hh_size >=   4.400 & unc_rawben_rel_max <  -0.304","xgboost",1022,0.97652,0.96738,483,469,0.971,0.0211,0.013,2.007,0.0772,0.9846,2.4
"1","expedited_i <= 0.5 & married <= 0.5 & total_deductions_by_hh_size <= 8.8","ranger",9419,0.97038,0.96737,5003,4846,0.9686,0.218,0.1021,20.791,0.0772,0.9846,2.4
"1","expedited_i >   0.500 & medical_deductions <= 132.000 & unc_rawben_rel_max >   0.991 & unc_rawben_rel_max <=   1.990","ranger",5833,0.9712,0.96737,2899,2805,0.9676,0.1262,0.0759,12.048,0.0772,0.9846,2.4
"1","homeless > 0.500 & married <= 0.500 & unc_rawben_rel_max > 0.991","ranger",3270,0.97248,0.96737,1558,1524,0.9782,0.0686,0.0281,6.475,0.0772,0.9846,2.4
"1","count_divisible_by_100 <= 1.5 & months_since_cert_n > 2.5 & total_deductions_by_hh_size <= 2.8","ranger",8870,0.97046,0.96736,4602,4474,0.9722,0.2013,0.0884,19.125,0.0772,0.9846,2.4
"1","expedited_i <=  0.50 & percent_abawd <=  0.75 & total_deductions_by_hh_size <=  2.80 & unc_rawben_rel_max > -3.78","ranger",7904,0.97065,0.96736,4051,3925,0.9689,0.1766,0.0804,16.835,0.0772,0.9846,2.4
"1","homeless > 0.500 & unc_rawben_rel_max > 0.995","ranger",3269,0.97247,0.96736,1559,1525,0.9782,0.0686,0.0281,6.479,0.0772,0.9846,2.4
"1","married <=   0.50 & percent_abawd <=   0.75 & total_deductions_by_hh_size <=   8.90 & utilities <= 218.00","ranger",9803,0.97032,0.96736,4943,4802,0.9715,0.216,0.0912,20.542,0.0772,0.9846,2.4
"1","medical_deductions <  16.00 & rawben_rel_max <   0.08 & shelter_expenses_by_hh_size < 841.00 & utilities >= 424.00","xgboost",311,0.98392,0.96734,0,0,NA,0,0,0,0.0772,0.9846,2.4
"1","cat_elig > 0.5 & married <= 0.5 & total_deductions_by_hh_size <= 2.8","ranger",11107,0.97011,0.96733,5798,5629,0.9709,0.2532,0.1174,24.095,0.0772,0.9846,2.4
"1","rawben_rel_max >=    0.992 & total_deductions_by_hh_size >=  535.000 & total_deductions_by_hh_size < 1200.000 & unc_rawben_rel_max <    1.700","xgboost",4093,0.9719,0.96733,2186,2110,0.9652,0.0949,0.0493,9.084,0.0772,0.9846,2.4
"1","rawben_rel_max >=   0.56 & total_deductions_by_hh_size < 130.00 & utilities <  32.00","xgboost",10210,0.97023,0.96733,5375,5219,0.971,0.2348,0.1188,22.337,0.0772,0.9846,2.4
"1","shelter_expenses_by_hh_size <=   5.5 & total_deductions_by_hh_size <= 169.0","ranger",11075,0.97011,0.96733,5795,5628,0.9712,0.2532,0.1242,24.083,0.0772,0.9846,2.4
"1","rawben_rel_max >=  0.992 & unc_rawben_rel_max >= -0.004 & unc_rawben_rel_max <  1.730","xgboost",15905,0.96963,0.96731,8365,8097,0.968,0.3643,0.2038,34.763,0.0772,0.9846,2.4
"1","elderly_disabled_i <= 0.500 & expedited_i > 0.500 & homeless <= 0.500 & rawben_rel_max > 0.991","ranger",3527,0.97221,0.96729,1793,1737,0.9688,0.0781,0.0477,7.451,0.0772,0.9846,2.4
"1","cat_elig <=  0.500 & total_deductions_by_hh_size > 23.500 & total_deductions_by_hh_size <= 61.300 & unc_rawben_rel_max >  0.351","ranger",80,1,0.96728,49,47,0.9592,0.0021,9e-04,0.204,0.0772,0.9846,2.4
"1","married <=  0.50 & months_since_cert_n <= 11.50 & percent_abawd <=  0.75 & shelter_expenses_by_hh_size <= 14.50","ranger",7659,0.97062,0.96728,3871,3751,0.969,0.1688,0.0865,16.087,0.0772,0.9846,2.4
"1","months_since_cert_n >=   3.00 & percent_abawd >=   0.50 & total_deductions_by_hh_size < 198.00 & unc_rawben_rel_max >=   1.15","xgboost",1509,0.97482,0.96728,890,859,0.9652,0.0386,0.0264,3.699,0.0772,0.9846,2.4
"1","rawben_rel_max >=   0.992 & total_deductions_by_hh_size >= 535.000 & unc_rawben_rel_max <   1.700","xgboost",4512,0.97163,0.96727,2411,2330,0.9664,0.1048,0.0525,10.02,0.0772,0.9846,2.4
"1","count_divisible_by_100 <=  1.500 & rawben_rel_max >  0.993 & utilities <= 30.500","ranger",10187,0.97016,0.96726,5367,5196,0.9681,0.2338,0.1343,22.304,0.0772,0.9846,2.4
"1","expedited_i <= 0.50 & percent_abawd <= 0.75 & total_deductions_by_hh_size <= 2.80","ranger",7906,0.97053,0.96724,4053,3927,0.9689,0.1767,0.0804,16.843,0.0772,0.9846,2.4
"1","months_since_cert_n > 2.5 & total_deductions_by_hh_size <= 2.8","ranger",8871,0.97035,0.96724,4606,4475,0.9716,0.2013,0.0902,19.141,0.0772,0.9846,2.4
"1","count_divisible_by_100 <= 1.50 & expedited_i <= 0.50 & total_deductions_by_hh_size <= 2.80 & unc_rawben_rel_max <= 1.95","ranger",9283,0.97027,0.96723,4934,4783,0.9694,0.2152,0.1011,20.505,0.0772,0.9846,2.4
"1","cat_elig > 0.5 & homeless > 0.5 & total_deductions_by_hh_size <= 7.8","ranger",2490,0.97309,0.96722,1186,1161,0.9789,0.0522,0.0203,4.929,0.0772,0.9846,2.4
"1","children_i <=  0.5 & count_divisible_by_100 <=  0.5 & shelter_expenses_by_hh_size <= 16.5","ranger",10910,0.97003,0.96722,5757,5585,0.9701,0.2513,0.1264,23.925,0.0772,0.9846,2.4
"1","months_since_cert_n >= 10.000 & rawben_rel_max <  0.354 & total_deductions_by_hh_size <  9.000","xgboost",1402,0.97504,0.96721,730,715,0.9795,0.0322,0.0067,3.034,0.0772,0.9846,2.4
"1","rawben_rel_max <=    0.085 & total_deductions_by_hh_size <= 1120.000 & utilities >   12.500","ranger",4012,0.97183,0.96721,1877,1815,0.967,0.0817,0.043,7.8,0.0772,0.9846,2.4
"1","cat_elig >  0.5 & count_divisible_by_100 <=  1.5 & total_deductions_by_hh_size <= 54.3 & utilities <= 26.0","ranger",10167,0.9701,0.96719,5339,5189,0.9719,0.2334,0.1092,22.188,0.0772,0.9846,2.4
"1","cat_elig >  0.5 & shelter_expenses_by_hh_size <= 14.5 & total_deductions_by_hh_size <= 63.6","ranger",8982,0.97027,0.96718,4699,4566,0.9717,0.2054,0.1027,19.528,0.0772,0.9846,2.4
"1","elderly_disabled_i <   1.000 & rawben_rel_max >=   0.992 & total_deductions_by_hh_size < 603.000","xgboost",11120,0.96996,0.96718,5340,5200,0.9738,0.2339,0.1166,22.192,0.0772,0.9846,2.4
"1","cat_elig <= 0.500 & expedited_i <= 0.500 & married <= 0.500 & rawben_rel_max > 0.991","ranger",1296,0.97531,0.96717,702,685,0.9758,0.0308,0.0113,2.917,0.0772,0.9846,2.4
"1","rawben_rel_max <    0.0893 & shelter_expenses_by_hh_size < 1800.0000 & utilities >=   44.0000 & utilities <  680.0000","xgboost",3316,0.97226,0.96717,1593,1547,0.9711,0.0696,0.033,6.62,0.0772,0.9846,2.4
"1","cat_elig <= 0.500 & homeless <= 0.500 & rawben_rel_max > 0.993","ranger",1811,0.97405,0.96716,974,947,0.9723,0.0426,0.0192,4.048,0.0772,0.9846,2.4
"1","elderly_disabled_i < 1.0 & expedited_i >= 1.0 & unc_rawben_rel_max >= 0.8","xgboost",5212,0.97122,0.96716,2570,2490,0.9689,0.112,0.0678,10.68,0.0772,0.9846,2.4
"1","elderly_disabled_i <= 0.5 & shelter_expenses_by_hh_size <= 5.0","ranger",8943,0.97026,0.96716,4723,4580,0.9697,0.206,0.1112,19.628,0.0772,0.9846,2.4
"1","children_i <=  0.50 & homeless >  0.50 & shelter_expenses_by_hh_size <= 17.00 & unc_rawben_rel_max <=  1.93","ranger",3147,0.97235,0.96713,1513,1473,0.9736,0.0663,0.0289,6.288,0.0772,0.9846,2.3
"1","count_divisible_by_100 <=  0.5 & expedited_i >  0.5 & months_since_cert_n <= 10.5 & utilities <= 14.5","ranger",4068,0.97173,0.96713,1984,1926,0.9708,0.0866,0.0451,8.245,0.0772,0.9846,2.3
"1","elderly_disabled_i <=   0.5 & medical_deductions <= 631.0 & shelter_expenses_by_hh_size <=   1.0","ranger",8936,0.97023,0.96713,4720,4577,0.9697,0.2059,0.1112,19.615,0.0772,0.9846,2.3
"1","elderly_disabled_i <= 0.5 & medical_deductions <= 3.5 & percent_abawd <= 1.5 & shelter_expenses_by_hh_size <= 5.5","ranger",8937,0.97024,0.96713,4712,4569,0.9697,0.2056,0.1112,19.582,0.0772,0.9846,2.3
"1","elderly_disabled_i <=  0.5 & homeless <=  0.5 & months_since_cert_n <= 14.5 & shelter_expenses_by_hh_size <=  5.5","ranger",6014,0.9709,0.96712,3333,3227,0.9682,0.1452,0.0827,13.851,0.0772,0.9846,2.3
"1","expedited_i <= 0.5 & total_deductions_by_hh_size <= 2.8","ranger",9284,0.97016,0.96712,4937,4784,0.969,0.2152,0.1023,20.517,0.0772,0.9846,2.3
"1","expedited_i >  0.5 & months_since_cert_n <=  9.5 & utilities <= 14.5","ranger",4067,0.97172,0.96712,1961,1904,0.9709,0.0857,0.0437,8.149,0.0772,0.9846,2.3
"1","homeless < 1.000 & rawben_rel_max >= 0.992 & unc_rawben_rel_max < 1.640","xgboost",12333,0.96976,0.96711,6665,6442,0.9665,0.2898,0.1665,27.698,0.0772,0.9846,2.3
"1","months_since_cert_n <   10.00 & shelter_expenses_by_hh_size < 1530.00 & total_deductions_by_hh_size <  563.00 & unc_rawben_rel_max >=    1.09","xgboost",9658,0.97008,0.96709,4951,4807,0.9709,0.2163,0.1141,20.575,0.0772,0.9846,2.3
"1","rawben_rel_max <   0.0893 & total_deductions_by_hh_size < 167.0000 & unc_rawben_rel_max >=   0.0000","xgboost",466,0.98069,0.96709,244,239,0.9795,0.0108,0.002,1.014,0.0772,0.9846,2.3
"1","expedited_i <=   0.5 & medical_deductions <= 105.0 & months_since_cert_n <=  26.5 & total_deductions_by_hh_size <=   8.9","ranger",9175,0.97014,0.96707,4885,4728,0.9679,0.2127,0.1024,20.301,0.0772,0.9846,2.3
"1","cat_elig <  2 & months_since_cert_n < 32 & total_deductions_by_hh_size < 30","xgboost",9232,0.9701,0.96705,6879,6654,0.9673,0.2994,0.144,28.587,0.0772,0.9846,2.3
"1","cat_elig >=  2 & children_i <  1 & months_since_cert_n < 15 & total_deductions_by_hh_size < 10","xgboost",4156,0.97161,0.96705,343,337,0.9825,0.0152,0.0046,1.425,0.0772,0.9846,2.3
"1","months_since_cert_n <   4 & shelter_expenses_by_hh_size <  44 & utilities < 201","xgboost",5678,0.97094,0.96704,2987,2902,0.9715,0.1306,0.0595,12.413,0.0772,0.9846,2.3
"1","count_divisible_by_100 <  1 & months_since_cert_n < 10 & shelter_expenses_by_hh_size < 34","xgboost",9636,0.97001,0.96702,5048,4895,0.9697,0.2202,0.1135,20.978,0.0772,0.9846,2.3
"1","count_divisible_by_100 <=   1.5 & total_deductions_by_hh_size <= 137.0 & utilities <=  30.5","ranger",13024,0.96959,0.96702,6880,6679,0.9708,0.3005,0.1416,28.592,0.0772,0.9846,2.3
"1","expedited_i < 1.0 & percent_abawd < 0.5 & total_deductions_by_hh_size < 4.4","xgboost",7950,0.97031,0.96702,4072,3945,0.9688,0.1775,0.0807,16.922,0.0772,0.9846,2.3
"1","expedited_i <= 0.50 & percent_abawd <= 0.25 & total_deductions_by_hh_size <= 7.80","ranger",8014,0.9703,0.96702,4098,3970,0.9688,0.1786,0.0811,17.03,0.0772,0.9846,2.3
"1","months_since_cert_n <  11.0 & shelter_expenses_by_hh_size < 460.0 & unc_rawben_rel_max >=   1.2","xgboost",8811,0.97015,0.96702,4544,4405,0.9694,0.1982,0.1119,18.884,0.0772,0.9846,2.3
"1","months_since_cert_n >=    6.000 & rawben_rel_max >=    0.992 & shelter_expenses_by_hh_size < 1440.000 & unc_rawben_rel_max <    1.160","xgboost",1394,0.97489,0.96702,728,697,0.9574,0.0314,0.0183,3.025,0.0772,0.9846,2.3
"1","cat_elig <   1.000 & children_i <   1.000 & rawben_rel_max >=   0.787 & utilities < 469.000","xgboost",2240,0.97321,0.96701,1247,1213,0.9727,0.0546,0.0223,5.182,0.0772,0.9846,2.3
"1","cat_elig >  0.500 & homeless <=  0.500 & rawben_rel_max >  0.991 & shelter_expenses_by_hh_size <= 55.500","ranger",5608,0.97093,0.96701,3093,2998,0.9693,0.1349,0.0775,12.854,0.0772,0.9846,2.3
"1","rawben_rel_max <=    0.991 & shelter_expenses_by_hh_size > 1250.000 & total_deductions_by_hh_size <=  588.000","ranger",133,0.99248,0.967,70,64,0.9143,0.0029,0.0039,0.291,0.0772,0.9846,2.3
"1","cat_elig <= 0.50 & percent_abawd <= 0.75 & utilities <= 7.50","ranger",1802,0.97392,0.96699,901,872,0.9678,0.0392,0.0163,3.744,0.0772,0.9846,2.3
"1","cat_elig > 0.50 & cat_elig <= 2.50 & percent_abawd > 0.75 & total_deductions_by_hh_size <= 2.80","ranger",2172,0.9733,0.96699,1299,1258,0.9684,0.0566,0.0352,5.398,0.0772,0.9846,2.3
"1","months_since_cert_n <  14 & shelter_expenses_by_hh_size >= 376 & total_deductions_by_hh_size <  14","xgboost",688,0.9782,0.96699,331,321,0.9698,0.0144,0.0049,1.376,0.0772,0.9846,2.3
"1","homeless >  0.5 & shelter_expenses_by_hh_size <= 17.0","ranger",3165,0.9722,0.96697,1515,1474,0.9729,0.0663,0.0298,6.296,0.0772,0.9846,2.3
"1","married <=   0.5 & medical_deductions <= 200.0 & total_deductions_by_hh_size <= 160.0 & utilities <=  14.5","ranger",12906,0.96955,0.96696,6825,6616,0.9694,0.2976,0.1425,28.363,0.0772,0.9846,2.3
"1","cat_elig >  0.5 & count_divisible_by_100 <=  1.5 & elderly_disabled_i <=  0.5 & total_deductions_by_hh_size <= 55.5","ranger",7264,0.9704,0.96695,3859,3746,0.9707,0.1685,0.0913,16.037,0.0772,0.9846,2.3
"1","cat_elig >=  1 & children_i <  1 & total_deductions_by_hh_size < 10","xgboost",11231,0.96973,0.96695,5871,5693,0.9697,0.2561,0.1187,24.398,0.0772,0.9846,2.3
"1","cat_elig <=    0.5 & married <=    0.5 & shelter_expenses_by_hh_size <= 1220.0 & utilities <=   65.0","ranger",2469,0.97286,0.96694,1293,1255,0.9706,0.0565,0.0199,5.373,0.0772,0.9846,2.3
"1","expedited_i <=  0.500 & homeless >  0.500 & months_since_cert_n <= 10.500 & unc_rawben_rel_max >  0.991","ranger",1493,0.97455,0.96694,721,705,0.9778,0.0317,0.0132,2.996,0.0772,0.9846,2.3
"1","children_i <=  0.5 & married <=  0.5 & total_deductions_by_hh_size <= 57.8","ranger",14812,0.96935,0.96693,7788,7530,0.9669,0.3388,0.1571,32.365,0.0772,0.9846,2.3
"1","expedited_i < 1.0 & months_since_cert_n >= 1.0 & percent_abawd < 0.5 & total_deductions_by_hh_size < 4.4","xgboost",7354,0.97036,0.96693,3778,3661,0.969,0.1647,0.0721,15.7,0.0772,0.9846,2.3
"1","months_since_cert_n <  5.0000 & rawben_rel_max <  0.0840 & unc_rawben_rel_max < -0.0344 & utilities >= 48.0000","xgboost",973,0.97636,0.96693,409,404,0.9878,0.0182,0.0041,1.7,0.0772,0.9846,2.3
"1","rawben_rel_max >  0.991 & utilities <= 30.500","ranger",10211,0.96984,0.96693,5379,5206,0.9678,0.2342,0.1355,22.354,0.0772,0.9846,2.3
"1","children_i <=  0.500 & elderly_disabled_i >  0.500 & shelter_expenses_by_hh_size <= 13.000 & unc_rawben_rel_max <=  0.459","ranger",1043,0.97603,0.96692,521,505,0.9693,0.0227,0.0093,2.165,0.0772,0.9846,2.3
"1","rawben_rel_max <   0.08 & shelter_expenses_by_hh_size >= 697.00 & total_deductions_by_hh_size < 393.00 & utilities >=  57.00","xgboost",539,0.97959,0.96692,0,0,NA,0,0,0,0.0772,0.9846,2.3
"1","total_deductions_by_hh_size >= 546.000 & unc_rawben_rel_max >=   0.996 & unc_rawben_rel_max <   1.770 & utilities < 912.000","xgboost",3847,0.97167,0.96692,1663,1607,0.9663,0.0723,0.0346,6.911,0.0772,0.9846,2.3
"1","medical_deductions < 4 & months_since_cert_n >= 6 & months_since_cert_n < 9 & total_deductions_by_hh_size < 9","xgboost",1932,0.9736,0.96691,970,931,0.9598,0.0419,0.0293,4.031,0.0772,0.9846,2.3
"1","months_since_cert_n <   15 & shelter_expenses_by_hh_size < 1970 & total_deductions_by_hh_size <   59","xgboost",13419,0.96945,0.96691,7076,6847,0.9676,0.308,0.1497,29.406,0.0772,0.9846,2.3
"1","months_since_cert_n <  27.000 & rawben_rel_max >=   0.992 & total_deductions_by_hh_size >= 344.000 & unc_rawben_rel_max <   1.580","xgboost",4398,0.97135,0.96691,2398,2311,0.9637,0.104,0.058,9.966,0.0772,0.9846,2.3
"1","months_since_cert_n < 28.00 & unc_rawben_rel_max >=  1.01 & unc_rawben_rel_max <  1.81","xgboost",15556,0.96927,0.96691,8219,7953,0.9676,0.3578,0.2038,34.156,0.0772,0.9846,2.3
"1","children_i < 1.000 & elderly_disabled_i >= 1.000 & rawben_rel_max < 0.924 & total_deductions_by_hh_size < 9.000","xgboost",4072,0.97151,0.9669,2044,1985,0.9711,0.0893,0.0262,8.494,0.0772,0.9846,2.3
"1","children_i <=  0.5 & months_since_cert_n > 14.5 & shelter_expenses_by_hh_size >  9.5 & total_deductions_by_hh_size <=  7.8","ranger",686,0.97813,0.9669,366,356,0.9727,0.016,0.0039,1.521,0.0772,0.9846,2.3
"1","homeless <=   0.5 & married <=   0.5 & total_deductions_by_hh_size <=   2.8 & utilities <= 245.0","ranger",9287,0.96996,0.9669,5016,4861,0.9691,0.2187,0.1035,20.845,0.0772,0.9846,2.3
"1","total_deductions_by_hh_size >=  9.000 & unc_rawben_rel_max < -0.056","xgboost",2466,0.97283,0.9669,1114,1078,0.9677,0.0485,0.0299,4.63,0.0772,0.9846,2.3
"1","cat_elig >   1.5000 & total_deductions_by_hh_size <= 458.0000 & unc_rawben_rel_max <=   0.0887 & utilities >  30.5000","ranger",1077,0.97586,0.96689,81,80,0.9877,0.0036,0.001,0.337,0.0772,0.9846,2.3
"1","cat_elig >  0.5 & elderly_disabled_i <=  0.5 & total_deductions_by_hh_size <= 53.6","ranger",7250,0.97034,0.96689,3846,3732,0.9704,0.1679,0.0919,15.983,0.0772,0.9846,2.3
"1","cat_elig >  0.5 & total_deductions_by_hh_size <= 54.3 & utilities <= 26.0","ranger",10170,0.96981,0.96689,5342,5190,0.9715,0.2335,0.1104,22.2,0.0772,0.9846,2.3
"1","children_i <=  0.5 & months_since_cert_n >  4.5 & months_since_cert_n <= 14.5 & total_deductions_by_hh_size <=  7.8","ranger",4783,0.97115,0.96689,2605,2527,0.9701,0.1137,0.0565,10.826,0.0772,0.9846,2.3
"1","count_divisible_by_100 <= 1.5 & expedited_i <= 0.5 & total_deductions_by_hh_size <= 8.9","ranger",9442,0.96992,0.96689,5009,4852,0.9687,0.2183,0.1032,20.816,0.0772,0.9846,2.3
"1","homeless >   0.5 & medical_deductions <= 140.0 & shelter_expenses_by_hh_size <=   5.0","ranger",3155,0.97211,0.96687,1510,1469,0.9728,0.0661,0.0298,6.275,0.0772,0.9846,2.3
"1","expedited_i <=    0.50 & shelter_expenses_by_hh_size <= 1100.00 & total_deductions_by_hh_size <=    7.80 & unc_rawben_rel_max <=    1.95","ranger",9401,0.9699,0.96686,4985,4830,0.9689,0.2173,0.1029,20.716,0.0772,0.9846,2.3
"1","homeless <=   0.5 & married <=   0.5 & total_deductions_by_hh_size <=   7.8 & utilities <= 127.0","ranger",9339,0.96991,0.96686,5030,4880,0.9702,0.2195,0.102,20.903,0.0772,0.9846,2.3
"1","married <  1.000 & total_deductions_by_hh_size < 22.400 & unc_rawben_rel_max >= -0.904","xgboost",13803,0.96935,0.96685,7181,6954,0.9684,0.3128,0.1436,29.842,0.0772,0.9846,2.3
"1","cat_elig <  2.00 & total_deductions_by_hh_size < 30.00 & unc_rawben_rel_max <  1.23","xgboost",9170,0.9699,0.96683,6865,6641,0.9674,0.2988,0.1427,28.529,0.0772,0.9846,2.3
"1","cat_elig >  0.50 & percent_abawd >  0.75 & percent_abawd <=  1.50 & total_deductions_by_hh_size <= 56.50","ranger",2361,0.97289,0.96683,1391,1349,0.9698,0.0607,0.0358,5.781,0.0772,0.9846,2.3
"1","homeless <  1.0 & months_since_cert_n <  6.0 & total_deductions_by_hh_size < 22.4","xgboost",6281,0.97055,0.96683,3319,3223,0.9711,0.145,0.0601,13.793,0.0772,0.9846,2.3
"1","cat_elig <    1.000 & months_since_cert_n <   12.000 & rawben_rel_max >=    0.649 & shelter_expenses_by_hh_size < 1210.000","xgboost",2526,0.97268,0.96682,1349,1310,0.9711,0.0589,0.0218,5.606,0.0772,0.9846,2.3
"1","medical_deductions <= 152 & total_deductions_by_hh_size <= 151 & utilities <=   5","ranger",12881,0.96941,0.96682,6816,6607,0.9693,0.2972,0.1445,28.326,0.0772,0.9846,2.3
"1","cat_elig >  0.5 & elderly_disabled_i <=  0.5 & total_deductions_by_hh_size <= 55.5","ranger",7265,0.97027,0.96681,3862,3747,0.9702,0.1686,0.0926,16.05,0.0772,0.9846,2.3
"1","rawben_rel_max <    0.084 & total_deductions_by_hh_size < 1120.000 & utilities >=  201.000 & utilities <  462.000","xgboost",1691,0.97398,0.96681,808,781,0.9666,0.0351,0.02,3.358,0.0772,0.9846,2.3
"1","elderly_disabled_i <   1.000 & months_since_cert_n <  14.000 & rawben_rel_max >=   0.412 & shelter_expenses_by_hh_size < 297.000","xgboost",9320,0.96985,0.9668,4935,4790,0.9706,0.2155,0.1071,20.509,0.0772,0.9846,2.3
"1","months_since_cert_n <   2.0 & shelter_expenses_by_hh_size >= 300.0 & total_deductions_by_hh_size <   4.4","xgboost",179,0.98883,0.9668,87,83,0.954,0.0037,0.0031,0.362,0.0772,0.9846,2.3
"1","rawben_rel_max <   0.084 & utilities >= 426.000","xgboost",2026,0.97335,0.9668,936,904,0.9658,0.0407,0.024,3.89,0.0772,0.9846,2.3
"1","rawben_rel_max >=   1.00 & total_deductions_by_hh_size < 455.00 & unc_rawben_rel_max <   1.73","xgboost",10924,0.96961,0.96679,5753,5574,0.9689,0.2508,0.1452,23.908,0.0772,0.9846,2.3
"1","cat_elig > 0.5 & count_divisible_by_100 <= 1.5 & medical_deductions <= 3.5 & total_deductions_by_hh_size <= 7.8","ranger",11266,0.96955,0.96678,5865,5693,0.9707,0.2561,0.12,24.374,0.0772,0.9846,2.3
"1","expedited_i <=  0.5 & months_since_cert_n <=  5.5 & shelter_expenses_by_hh_size <= 16.5 & total_deductions_by_hh_size <= 97.1","ranger",4380,0.97123,0.96678,2374,2312,0.9739,0.104,0.0455,9.866,0.0772,0.9846,2.3
"1","expedited_i <=    0.5 & total_deductions_by_hh_size <=    7.5 & utilities <= 1050.0","ranger",9405,0.9698,0.96676,4988,4833,0.9689,0.2174,0.1029,20.729,0.0772,0.9846,2.3
"1","medical_deductions <= 298.0 & months_since_cert_n <=  13.5 & shelter_expenses_by_hh_size <=   5.5","ranger",10534,0.96962,0.96675,5589,5418,0.9694,0.2437,0.128,23.227,0.0772,0.9846,2.3
"1","rawben_rel_max >=   0.992 & total_deductions_by_hh_size < 535.000 & unc_rawben_rel_max <   1.700","xgboost",11195,0.96954,0.96675,5887,5704,0.9689,0.2566,0.1485,24.465,0.0772,0.9846,2.3
"1","cat_elig <   1 & shelter_expenses_by_hh_size < 646","xgboost",3208,0.97195,0.96674,1659,1604,0.9668,0.0722,0.0303,6.894,0.0772,0.9846,2.3
"1","expedited_i >= 1.00 & homeless >= 1.00 & percent_abawd < 0.50 & unc_rawben_rel_max < 1.23","xgboost",1037,0.97589,0.96673,476,461,0.9685,0.0207,0.0104,1.978,0.0772,0.9846,2.3
"1","cat_elig >  0.50 & homeless >  0.50 & rawben_rel_max >  0.12 & total_deductions_by_hh_size <= 56.50","ranger",2583,0.97251,0.96671,1245,1217,0.9775,0.0548,0.0221,5.174,0.0772,0.9846,2.3
"1","total_deductions_by_hh_size > 691.000 & unc_rawben_rel_max >   0.991 & unc_rawben_rel_max <=   1.930","ranger",3725,0.97154,0.96671,2026,1959,0.9669,0.0881,0.0443,8.42,0.0772,0.9846,2.3
"1","elderly_disabled_i <=   0.5 & shelter_expenses_by_hh_size <= 179.0 & utilities <=  12.5","ranger",9166,0.96978,0.9667,4833,4682,0.9688,0.2106,0.115,20.085,0.0772,0.9846,2.3
"1","cat_elig <  2.000 & months_since_cert_n <  1.000 & rawben_rel_max >=  0.992 & shelter_expenses_by_hh_size < 29.000","xgboost",609,0.97865,0.96669,465,455,0.9785,0.0205,0.0089,1.932,0.0772,0.9846,2.3
"1","cat_elig > 0.5 & total_deductions_by_hh_size <= 2.8","ranger",11141,0.96948,0.96669,5811,5639,0.9704,0.2537,0.1206,24.149,0.0772,0.9846,2.3
"1","expedited_i <=   0.500 & months_since_cert_n <=  10.500 & shelter_expenses_by_hh_size <= 346.000 & unc_rawben_rel_max >   0.987","ranger",5458,0.97069,0.96669,2988,2895,0.9689,0.1302,0.0723,12.417,0.0772,0.9846,2.3
"1","cat_elig < 1.0 & percent_abawd >= 0.5","xgboost",572,0.97902,0.96668,337,332,0.9852,0.0149,0.0019,1.4,0.0772,0.9846,2.3
"1","expedited_i < 1 & total_deductions_by_hh_size < 9","xgboost",9444,0.96972,0.96668,5012,4853,0.9683,0.2183,0.1044,20.829,0.0772,0.9846,2.3
"1","cat_elig >   0.5 & medical_deductions <= 210.0 & months_since_cert_n <=  26.5 & total_deductions_by_hh_size <=   7.8","ranger",11010,0.96948,0.96667,5756,5584,0.9701,0.2512,0.1193,23.921,0.0772,0.9846,2.3
"1","expedited_i >=   1 & homeless >=   1 & months_since_cert_n <   3 & shelter_expenses_by_hh_size < 600","xgboost",645,0.97829,0.96667,297,288,0.9697,0.013,0.0063,1.234,0.0772,0.9846,2.3
"1","medical_deductions >= 116.000 & total_deductions_by_hh_size >= 194.000 & unc_rawben_rel_max <   0.168 & utilities < 670.000","xgboost",645,0.97829,0.96667,291,285,0.9794,0.0128,0.0025,1.209,0.0772,0.9846,2.3
"1","rawben_rel_max <    0.084 & shelter_expenses_by_hh_size < 1090.000 & total_deductions_by_hh_size <  478.000 & unc_rawben_rel_max <    1.240","xgboost",4173,0.97124,0.96667,1955,1892,0.9678,0.0851,0.0425,8.125,0.0772,0.9846,2.3
"1","cat_elig >   0.5 & months_since_cert_n <=  10.5 & shelter_expenses_by_hh_size <=   7.5 & total_deductions_by_hh_size <= 170.0","ranger",8086,0.96995,0.96666,4230,4107,0.9709,0.1848,0.0933,17.579,0.0772,0.9846,2.3
"1","count_divisible_by_100 <  1.0 & months_since_cert_n <  2.0 & percent_abawd <  0.5 & total_deductions_by_hh_size < 18.4","xgboost",2117,0.97308,0.96666,1052,1025,0.9743,0.0461,0.0189,4.372,0.0772,0.9846,2.3
"1","cat_elig >  0.50 & elderly_disabled_i <=  0.50 & percent_abawd >  0.75 & total_deductions_by_hh_size <= 56.50","ranger",2348,0.97274,0.96665,1384,1343,0.9704,0.0604,0.0351,5.752,0.0772,0.9846,2.3
"1","medical_deductions <= 100.00 & months_since_cert_n >   4.50 & shelter_expenses_by_hh_size <=   5.50 & unc_rawben_rel_max >   1.02","ranger",3459,0.97167,0.96665,1855,1792,0.966,0.0806,0.0525,7.709,0.0772,0.9846,2.3
"1","cat_elig >=  1 & count_divisible_by_100 <  1 & total_deductions_by_hh_size < 10","xgboost",11188,0.96943,0.96664,5847,5670,0.9697,0.2551,0.1195,24.299,0.0772,0.9846,2.3
"1","expedited_i > 0.50 & medical_deductions <= 3.50 & unc_rawben_rel_max <= 1.93 & utilities <= 9.50","ranger",4490,0.97105,0.96664,2194,2125,0.9686,0.0956,0.0535,9.118,0.0772,0.9846,2.3
"1","rawben_rel_max <  0.212 & total_deductions_by_hh_size < 50.000 & utilities >= 63.000","xgboost",1207,0.97514,0.96664,573,551,0.9616,0.0248,0.0101,2.381,0.0772,0.9846,2.3
"1","cat_elig >  0.500 & expedited_i <=  0.500 & rawben_rel_max >  0.943 & shelter_expenses_by_hh_size <= 18.500","ranger",4585,0.97099,0.96663,2582,2501,0.9686,0.1125,0.0646,10.73,0.0772,0.9846,2.3
"1","medical_deductions < 16.0000 & rawben_rel_max >=  0.0800 & rawben_rel_max <  0.0928 & unc_rawben_rel_max < -0.1400","xgboost",1172,0.97526,0.96663,986,954,0.9675,0.0429,0.0284,4.098,0.0772,0.9846,2.3
"1","cat_elig >  0.50 & cat_elig <=  2.50 & total_deductions_by_hh_size <=  2.80 & unc_rawben_rel_max > -2.63","ranger",11026,0.96944,0.96662,5808,5636,0.9704,0.2536,0.1206,24.137,0.0772,0.9846,2.3
"1","cat_elig > 0.5 & count_divisible_by_100 <= 1.5 & total_deductions_by_hh_size <= 8.9","ranger",11307,0.9694,0.96662,5891,5715,0.9701,0.2571,0.1215,24.482,0.0772,0.9846,2.3
"1","cat_elig >=  2 & children_i <  1 & total_deductions_by_hh_size < 40 & utilities < 44","xgboost",4294,0.97112,0.96661,359,352,0.9805,0.0158,0.005,1.492,0.0772,0.9846,2.3
"1","rawben_rel_max <=  0.991 & total_deductions_by_hh_size <=  7.600 & unc_rawben_rel_max > -2.540 & unc_rawben_rel_max <=  0.408","ranger",3714,0.97146,0.96661,1845,1795,0.9729,0.0808,0.0256,7.667,0.0772,0.9846,2.3
"1","elderly_disabled_i <= 0.50 & homeless <= 0.50 & percent_abawd <= 0.75 & total_deductions_by_hh_size <= 8.90","ranger",3777,0.97141,0.9666,2041,1978,0.9691,0.089,0.0492,8.482,0.0772,0.9846,2.3
"1","elderly_disabled_i >   0.500 & unc_rawben_rel_max >   0.991 & unc_rawben_rel_max <=   1.950 & utilities > 490.000","ranger",3065,0.97194,0.9666,1706,1650,0.9672,0.0742,0.0418,7.09,0.0772,0.9846,2.3
"1","cat_elig < 1.000 & children_i < 1.000 & rawben_rel_max >= 0.787","xgboost",2541,0.97245,0.96659,1326,1290,0.9729,0.058,0.0233,5.511,0.0772,0.9846,2.3
"1","rawben_rel_max <= 0.976 & total_deductions_by_hh_size <= 2.800 & unc_rawben_rel_max <= 0.436","ranger",3679,0.97146,0.96659,1838,1788,0.9728,0.0804,0.0261,7.638,0.0772,0.9846,2.3
"1","cat_elig <= 0.5 & count_divisible_by_100 <= 1.5 & percent_abawd > 0.5","ranger",570,0.97895,0.96656,337,332,0.9852,0.0149,0.0019,1.4,0.0772,0.9846,2.3
"1","expedited_i <   1.00 & total_deductions_by_hh_size >= 828.00 & unc_rawben_rel_max >=   1.02 & unc_rawben_rel_max <   1.61","xgboost",1812,0.97351,0.96656,1050,1017,0.9686,0.0458,0.0245,4.364,0.0772,0.9846,2.3
"1","children_i <=  0.500 & elderly_disabled_i >  0.500 & rawben_rel_max <=  0.325 & utilities <= 30.500","ranger",2636,0.97231,0.96655,1342,1311,0.9769,0.059,0.0166,5.577,0.0772,0.9846,2.3
"1","children_i <= 0.50 & percent_abawd > 0.75 & unc_rawben_rel_max > 0.97 & unc_rawben_rel_max <= 1.90","ranger",3804,0.97135,0.96655,2274,2196,0.9657,0.0988,0.0648,9.45,0.0772,0.9846,2.3
"1","count_divisible_by_100 <=  1.5 & expedited_i <=  0.5 & shelter_expenses_by_hh_size <= 14.0 & total_deductions_by_hh_size <= 48.6","ranger",6734,0.97015,0.96655,3641,3531,0.9698,0.1589,0.0812,15.131,0.0772,0.9846,2.3
"1","elderly_disabled_i <= 0.500 & rawben_rel_max > 0.991 & unc_rawben_rel_max > 1.210 & unc_rawben_rel_max <= 1.860","ranger",5847,0.97041,0.96654,1191,1149,0.9647,0.0517,0.0369,4.95,0.0772,0.9846,2.3
"1","percent_abawd <=   0.75 & total_deductions_by_hh_size <=   8.90 & utilities <= 218.00","ranger",9840,0.96951,0.96653,4957,4813,0.971,0.2165,0.0945,20.6,0.0772,0.9846,2.3
"1","expedited_i <  1.00 & total_deductions_by_hh_size < 14.00 & unc_rawben_rel_max >=  1.21 & utilities < 76.00","xgboost",2273,0.97272,0.96652,31,31,1,0.0014,0,0.129,0.0772,0.9846,2.3
"1","total_deductions_by_hh_size >= 546.000 & unc_rawben_rel_max >=   0.996 & unc_rawben_rel_max <   1.770","xgboost",4602,0.97088,0.96652,2458,2378,0.9675,0.107,0.0523,10.215,0.0772,0.9846,2.3
"1","cat_elig > 0.5 & medical_deductions <= 3.5 & total_deductions_by_hh_size <= 7.8","ranger",11269,0.9693,0.96651,5868,5694,0.9703,0.2562,0.1213,24.386,0.0772,0.9846,2.3
"1","cat_elig <=  0.5 & months_since_cert_n <= 11.5 & percent_abawd >  0.5","ranger",569,0.97891,0.9665,337,332,0.9852,0.0149,0.0019,1.4,0.0772,0.9846,2.3
"1","unc_rawben_rel_max >=  -0.904 & unc_rawben_rel_max <  -0.056 & utilities >=  42.000 & utilities < 388.000","xgboost",890,0.9764,0.96648,412,405,0.983,0.0182,0.0046,1.712,0.0772,0.9846,2.3
"1","homeless <= 0.500 & unc_rawben_rel_max > 0.991 & unc_rawben_rel_max <= 1.690","ranger",12591,0.9691,0.96647,6813,6580,0.9658,0.296,0.1752,28.313,0.0772,0.9846,2.3
"1","cat_elig <= 0.5 & married <= 0.5 & percent_abawd > 0.5","ranger",568,0.97887,0.96644,334,329,0.985,0.0148,0.0019,1.388,0.0772,0.9846,2.3
"1","cat_elig >  0.5 & total_deductions_by_hh_size <=  8.8 & unc_rawben_rel_max > -4.1","ranger",11309,0.96923,0.96644,5892,5714,0.9698,0.2571,0.1228,24.486,0.0772,0.9846,2.3
"1","percent_abawd <=   0.75 & total_deductions_by_hh_size <=   7.80 & utilities <= 242.00","ranger",9815,0.96943,0.96644,4947,4802,0.9707,0.216,0.0944,20.559,0.0772,0.9846,2.3
"1","cat_elig <=   0.5 & elderly_disabled_i <=   0.5 & homeless <=   0.5 & total_deductions_by_hh_size <= 599.0","ranger",1571,0.9739,0.96643,796,772,0.9698,0.0347,0.0121,3.308,0.0772,0.9846,2.3
"1","count_divisible_by_100 <  1 & medical_deductions <  4 & total_deductions_by_hh_size < 50","xgboost",14434,0.96889,0.96643,7592,7335,0.9661,0.33,0.1608,31.551,0.0772,0.9846,2.3
"1","expedited_i >   0.5 & married <=   0.5 & medical_deductions <= 143.0 & utilities <=   9.5","ranger",4493,0.97084,0.96642,2198,2124,0.9663,0.0956,0.0562,9.134,0.0772,0.9846,2.3
"1","rawben_rel_max <   0.084 & total_deductions_by_hh_size < 478.000 & unc_rawben_rel_max <   1.240","xgboost",4365,0.9709,0.96642,2055,1989,0.9679,0.0895,0.0449,8.54,0.0772,0.9846,2.3
"1","cat_elig >  0.5 & total_deductions_by_hh_size <= 61.3 & utilities <= 29.5","ranger",10365,0.96932,0.96641,5448,5292,0.9714,0.2381,0.113,22.641,0.0772,0.9846,2.3
"1","expedited_i <=   0.500 & rawben_rel_max >   0.991 & total_deductions_by_hh_size <= 250.000","ranger",5886,0.97027,0.96641,3246,3143,0.9683,0.1414,0.0812,13.49,0.0772,0.9846,2.3
"1","children_i <=  0.500 & elderly_disabled_i <=  0.500 & months_since_cert_n <= 15.500 & rawben_rel_max >  0.952","ranger",12195,0.96909,0.9664,6449,6243,0.9681,0.2809,0.1682,26.8,0.0772,0.9846,2.3
"1","expedited_i <=  0.5 & shelter_expenses_by_hh_size <= 14.0 & total_deductions_by_hh_size <= 48.6","ranger",6735,0.97001,0.9664,3644,3532,0.9693,0.1589,0.0824,15.144,0.0772,0.9846,2.3
"1","rawben_rel_max <  0.164 & shelter_expenses_by_hh_size >= 29.000 & total_deductions_by_hh_size < 73.000","xgboost",2035,0.97297,0.9664,1011,982,0.9713,0.0442,0.0146,4.201,0.0772,0.9846,2.3
"1","cat_elig >   0.5 & children_i <=   0.5 & total_deductions_by_hh_size <=   8.9 & utilities <= 293.0","ranger",10454,0.96929,0.96639,5433,5270,0.97,0.2371,0.1108,22.578,0.0772,0.9846,2.3
"1","children_i <=  0.5 & count_divisible_by_100 <=  1.5 & expedited_i >  0.5 & utilities <= 31.5","ranger",4488,0.97081,0.96639,2207,2132,0.966,0.0959,0.0558,9.172,0.0772,0.9846,2.3
"1","children_i <= 0.500 & elderly_disabled_i <= 0.500 & rawben_rel_max > 0.991 & unc_rawben_rel_max <= 1.970","ranger",12284,0.96907,0.96639,6440,6235,0.9682,0.2805,0.1698,26.763,0.0772,0.9846,2.3
"1","children_i <= 0.500 & elderly_disabled_i <= 0.500 & unc_rawben_rel_max > 0.991 & unc_rawben_rel_max <= 1.950","ranger",12283,0.96906,0.96639,6437,6233,0.9683,0.2804,0.1693,26.751,0.0772,0.9846,2.3
"1","cat_elig < 1.000 & percent_abawd >= 0.500 & rawben_rel_max >= 0.116","xgboost",567,0.97884,0.96638,336,331,0.9851,0.0149,0.0019,1.396,0.0772,0.9846,2.3
"1","cat_elig >  0.5 & months_since_cert_n <= 37.0 & total_deductions_by_hh_size <=  8.8","ranger",11287,0.96917,0.96638,5883,5705,0.9697,0.2567,0.1228,24.448,0.0772,0.9846,2.3
"1","cat_elig >= 1.0 & medical_deductions < 4.0 & total_deductions_by_hh_size < 4.4","xgboost",11195,0.96918,0.96638,5834,5661,0.9703,0.2547,0.1209,24.245,0.0772,0.9846,2.3
"1","cat_elig > 0.500 & expedited_i > 0.500 & months_since_cert_n <= 7.500 & rawben_rel_max > 0.991","ranger",3944,0.9711,0.96637,1918,1862,0.9708,0.0838,0.0468,7.971,0.0772,0.9846,2.3
"1","expedited_i < 1.0000 & homeless >= 1.0000 & rawben_rel_max >= 0.0928 & rawben_rel_max < 0.3800","xgboost",220,0.98636,0.96637,103,98,0.9515,0.0044,0.0022,0.428,0.0772,0.9846,2.3
"1","homeless <=  0.5 & months_since_cert_n <=  5.5 & total_deductions_by_hh_size <= 54.5","ranger",6729,0.96998,0.96637,3578,3469,0.9695,0.1561,0.0676,14.869,0.0772,0.9846,2.3
"1","cat_elig >   0.500 & medical_deductions > 141.000 & medical_deductions <= 792.000 & unc_rawben_rel_max <=   0.266","ranger",675,0.97778,0.96636,304,293,0.9638,0.0132,0.0051,1.263,0.0772,0.9846,2.3
"1","expedited_i >= 1.0 & homeless >= 1.0 & percent_abawd < 0.5","xgboost",1231,0.97482,0.96636,522,504,0.9655,0.0227,0.0128,2.169,0.0772,0.9846,2.3
"1","homeless >=  1 & months_since_cert_n >=  2 & months_since_cert_n <  6 & utilities < 27","xgboost",1568,0.97385,0.96636,755,737,0.9762,0.0332,0.0127,3.138,0.0772,0.9846,2.3
"1","medical_deductions > 22.500 & percent_abawd <=  0.500 & unc_rawben_rel_max <=  0.273","ranger",1668,0.97362,0.96636,747,723,0.9679,0.0325,0.0107,3.104,0.0772,0.9846,2.3
"1","months_since_cert_n >=  4.000 & rawben_rel_max <  0.080 & unc_rawben_rel_max < -0.056","xgboost",1231,0.97482,0.96636,0,0,NA,0,0,0,0.0772,0.9846,2.3
"1","percent_abawd <   0.500 & unc_rawben_rel_max <  -0.347 & utilities < 334.000","xgboost",639,0.97809,0.96636,257,248,0.965,0.0112,0.008,1.068,0.0772,0.9846,2.3
"1","rawben_rel_max <=    0.085 & shelter_expenses_by_hh_size >    5.500 & shelter_expenses_by_hh_size <= 1770.000","ranger",4643,0.97071,0.96636,2166,2097,0.9681,0.0943,0.0479,9.001,0.0772,0.9846,2.3
"1","children_i <= 0.5 & married <= 0.5 & shelter_expenses_by_hh_size <= 5.5","ranger",11122,0.96916,0.96635,5843,5664,0.9694,0.2548,0.131,24.282,0.0772,0.9846,2.3
"1","cat_elig >=   1 & total_deductions_by_hh_size <   9 & utilities < 757","xgboost",11304,0.96913,0.96634,5893,5716,0.97,0.2572,0.1218,24.49,0.0772,0.9846,2.3
"1","medical_deductions >   3.500 & rawben_rel_max <=   0.344 & total_deductions_by_hh_size <= 290.000 & unc_rawben_rel_max <=   1.930","ranger",781,0.97695,0.96634,372,359,0.9651,0.0162,0.0067,1.546,0.0772,0.9846,2.3
"1","cat_elig >  0.5 & medical_deductions <=  1.5 & shelter_expenses_by_hh_size <= 18.5 & total_deductions_by_hh_size <= 90.7","ranger",9034,0.96945,0.96633,4724,4591,0.9718,0.2065,0.1033,19.632,0.0772,0.9846,2.3
"1","months_since_cert_n <  17.000 & rawben_rel_max <   0.084 & utilities >= 298.000 & utilities < 723.000","xgboost",2293,0.97253,0.96633,1168,1135,0.9717,0.0511,0.0253,4.854,0.0772,0.9846,2.3
"1","expedited_i > 0.500 & unc_rawben_rel_max > 0.991 & unc_rawben_rel_max <= 2.170","ranger",5903,0.97018,0.96632,2935,2835,0.9659,0.1275,0.0801,12.197,0.0772,0.9846,2.3
"1","homeless >= 1.000 & months_since_cert_n >= 3.000 & rawben_rel_max >= 0.992 & unc_rawben_rel_max < 1.640","xgboost",1832,0.97325,0.96632,879,858,0.9761,0.0386,0.0179,3.653,0.0772,0.9846,2.3
"1","married <= 0.500 & months_since_cert_n <= 5.500 & rawben_rel_max > 0.991 & unc_rawben_rel_max <= 2.010","ranger",11235,0.96911,0.96631,5783,5612,0.9704,0.2525,0.1307,24.033,0.0772,0.9846,2.3
"1","count_divisible_by_100 <   1 & months_since_cert_n >=   3 & total_deductions_by_hh_size <   9 & utilities < 111","xgboost",8059,0.9696,0.96629,4181,4065,0.9723,0.1829,0.0805,17.375,0.0772,0.9846,2.3
"1","children_i <=  0.5 & married <=  0.5 & shelter_expenses_by_hh_size <= 14.0","ranger",11130,0.96909,0.96628,5849,5670,0.9694,0.2551,0.131,24.307,0.0772,0.9846,2.3
"1","expedited_i < 1.00 & unc_rawben_rel_max >= 1.02 & unc_rawben_rel_max < 1.61","xgboost",9856,0.96926,0.96627,5377,5200,0.9671,0.2339,0.1347,22.346,0.0772,0.9846,2.3
"1","total_deductions_by_hh_size < 22.400 & unc_rawben_rel_max >= -0.904","xgboost",13845,0.9688,0.96627,7197,6967,0.968,0.3134,0.1468,29.909,0.0772,0.9846,2.3
"1","total_deductions_by_hh_size >=    9.000 & total_deductions_by_hh_size < 1100.000 & unc_rawben_rel_max <   -0.004","xgboost",2776,0.9719,0.96627,1267,1225,0.9669,0.0551,0.0335,5.265,0.0772,0.9846,2.3
"1","expedited_i <=  0.500 & homeless >  0.500 & total_deductions_by_hh_size <= 55.500 & unc_rawben_rel_max >  0.122","ranger",1663,0.97354,0.96626,798,783,0.9812,0.0352,0.0114,3.316,0.0772,0.9846,2.3
"1","children_i <=  0.5 & medical_deductions <=  3.5 & shelter_expenses_by_hh_size <= 14.5","ranger",11028,0.96908,0.96625,5788,5613,0.9698,0.2525,0.1294,24.054,0.0772,0.9846,2.3
"1","months_since_cert_n <= 5.5 & percent_abawd <= 1.5 & unc_rawben_rel_max > 1.0 & unc_rawben_rel_max <= 2.0","ranger",11245,0.96905,0.96625,5758,5593,0.9713,0.2516,0.1276,23.929,0.0772,0.9846,2.3
"1","rawben_rel_max >=   0.992 & total_deductions_by_hh_size >= 687.000 & unc_rawben_rel_max <   1.930","xgboost",3770,0.97109,0.96625,2043,1976,0.9672,0.0889,0.0443,8.49,0.0772,0.9846,2.3
"1","cat_elig <   2 & shelter_expenses_by_hh_size < 363 & total_deductions_by_hh_size <  92 & utilities <  57","xgboost",8421,0.96948,0.96624,6357,6169,0.9704,0.2775,0.1323,26.418,0.0772,0.9846,2.3
"1","homeless >   0.5 & shelter_expenses_by_hh_size <= 458.0 & utilities <=  32.0","ranger",3257,0.97145,0.96624,1574,1527,0.9701,0.0687,0.033,6.541,0.0772,0.9846,2.3
"1","children_i <=   0.5 & homeless >   0.5 & shelter_expenses_by_hh_size <= 554.0 & utilities <=  10.5","ranger",3224,0.97146,0.96623,1549,1507,0.9729,0.0678,0.0301,6.437,0.0772,0.9846,2.3
"1","expedited_i <= 0.500 & homeless > 0.500 & months_since_cert_n <= 5.500 & rawben_rel_max > 0.991","ranger",1124,0.97509,0.96623,564,555,0.984,0.025,0.0072,2.344,0.0772,0.9846,2.3
"1","months_since_cert_n <= 14.5 & percent_abawd <=  1.5 & shelter_expenses_by_hh_size <= 14.0","ranger",10618,0.96911,0.96623,5629,5453,0.9687,0.2453,0.1315,23.393,0.0772,0.9846,2.3
"1","cat_elig >  0.5 & homeless >  0.5 & shelter_expenses_by_hh_size <= 32.0 & total_deductions_by_hh_size <= 55.5","ranger",2546,0.97211,0.96622,1213,1188,0.9794,0.0534,0.0202,5.041,0.0772,0.9846,2.3
"1","count_divisible_by_100 <= 0.50 & married <= 0.50 & shelter_expenses_by_hh_size <= 5.50 & unc_rawben_rel_max <= 1.93","ranger",11050,0.96905,0.96622,5823,5642,0.9689,0.2538,0.1333,24.199,0.0772,0.9846,2.3
"1","percent_abawd <=  0.250 & rawben_rel_max <=  0.085 & shelter_expenses_by_hh_size > 14.500","ranger",4530,0.97064,0.96622,2111,2051,0.9716,0.0923,0.0407,8.773,0.0772,0.9846,2.3
"1","rawben_rel_max >=    0.988 & shelter_expenses_by_hh_size < 1120.000 & utilities >=  912.000","xgboost",219,0.9863,0.96622,249,238,0.9558,0.0107,0.0073,1.035,0.0772,0.9846,2.3
"1","shelter_expenses_by_hh_size >= 1090.00 & unc_rawben_rel_max >=    1.02 & unc_rawben_rel_max <    1.20 & utilities >=   80.00","xgboost",1192,0.97483,0.96622,682,648,0.9501,0.0292,0.0228,2.834,0.0772,0.9846,2.3
"1","expedited_i > 0.500 & percent_abawd > 0.750 & unc_rawben_rel_max > 0.991","ranger",1826,0.97317,0.96621,952,924,0.9706,0.0416,0.024,3.956,0.0772,0.9846,2.3
"1","homeless >=   1.000 & rawben_rel_max >=   0.821 & total_deductions_by_hh_size < 597.000","xgboost",3126,0.97153,0.96621,1492,1457,0.9765,0.0655,0.0279,6.2,0.0772,0.9846,2.3
"1","rawben_rel_max <= 0.991 & total_deductions_by_hh_size <= 7.600 & unc_rawben_rel_max <= 0.421","ranger",3734,0.97108,0.96621,1859,1808,0.9726,0.0813,0.0263,7.726,0.0772,0.9846,2.3
"1","homeless <=  0.500 & married <=  0.500 & rawben_rel_max <=  0.085 & utilities > 28.500","ranger",3956,0.97093,0.9662,1847,1787,0.9675,0.0804,0.0423,7.676,0.0772,0.9846,2.3
"1","rawben_rel_max <    0.0893 & shelter_expenses_by_hh_size < 1750.0000 & unc_rawben_rel_max <    1.1800 & utilities >=  334.0000","xgboost",2803,0.97182,0.9662,1442,1396,0.9681,0.0628,0.0356,5.993,0.0772,0.9846,2.3
"1","children_i <=  0.5 & expedited_i >  0.5 & utilities <= 28.5","ranger",4462,0.97064,0.96619,2195,2120,0.9658,0.0954,0.0559,9.122,0.0772,0.9846,2.3
"1","cat_elig > 0.500 & rawben_rel_max > 0.991 & unc_rawben_rel_max <= 1.960 & utilities <= 8.000","ranger",8281,0.96945,0.96618,4380,4236,0.9671,0.1906,0.1161,18.202,0.0772,0.9846,2.3
"1","expedited_i <   1.0000 & rawben_rel_max <   0.0893 & total_deductions_by_hh_size < 982.0000","xgboost",5060,0.97036,0.96618,2377,2299,0.9672,0.1034,0.0536,9.878,0.0772,0.9846,2.3
"1","homeless <  1.0 & total_deductions_by_hh_size <  4.4 & utilities < 80.0","xgboost",9274,0.96927,0.96618,5008,4855,0.9694,0.2184,0.1053,20.812,0.0772,0.9846,2.3
"1","children_i <   1.0 & shelter_expenses_by_hh_size >= 430.0 & shelter_expenses_by_hh_size < 502.0 & total_deductions_by_hh_size <   4.4","xgboost",260,0.98462,0.96617,117,113,0.9658,0.0051,0.0021,0.486,0.0772,0.9846,2.3
"1","count_divisible_by_100 <=  0.5 & married <=  0.5 & shelter_expenses_by_hh_size <= 14.5","ranger",11064,0.969,0.96617,5832,5651,0.969,0.2542,0.1333,24.236,0.0772,0.9846,2.3
"1","expedited_i <= 0.500 & homeless <= 0.500 & rawben_rel_max <= 0.087","ranger",4965,0.97039,0.96617,2318,2243,0.9676,0.1009,0.0502,9.633,0.0772,0.9846,2.3
"1","cat_elig <   2 & months_since_cert_n >=  11 & percent_abawd <   1 & utilities >= 875","xgboost",563,0.97869,0.96615,631,603,0.9556,0.0271,0.0156,2.622,0.0772,0.9846,2.3
"1","cat_elig > 0.50 & elderly_disabled_i <= 0.50 & homeless > 0.50 & rawben_rel_max > 0.94","ranger",2605,0.97198,0.96615,1253,1231,0.9824,0.0554,0.0191,5.207,0.0772,0.9846,2.3
"1","expedited_i >   0.500 & medical_deductions <= 132.000 & months_since_cert_n <=   5.500 & unc_rawben_rel_max >   0.651","ranger",4615,0.97053,0.96615,2217,2148,0.9689,0.0966,0.0524,9.213,0.0772,0.9846,2.3
"1","children_i < 1.000 & months_since_cert_n < 6.000 & rawben_rel_max >= 0.992 & unc_rawben_rel_max < 2.520","xgboost",11116,0.96896,0.96614,5745,5572,0.9699,0.2507,0.128,23.875,0.0772,0.9846,2.3
"1","homeless <=   0.5 & total_deductions_by_hh_size <=   2.8 & utilities <= 245.0","ranger",9322,0.96921,0.96613,5031,4873,0.9686,0.2192,0.1067,20.908,0.0772,0.9846,2.3
"1","rawben_rel_max <=    0.085 & shelter_expenses_by_hh_size <= 2120.000 & unc_rawben_rel_max <=    1.930 & utilities >   12.500","ranger",4043,0.97081,0.96613,1883,1822,0.9676,0.082,0.0423,7.825,0.0772,0.9846,2.3
"1","months_since_cert_n <  28.0000 & rawben_rel_max <   0.0893 & total_deductions_by_hh_size < 430.0000","xgboost",4137,0.97075,0.96612,1941,1884,0.9706,0.0848,0.038,8.066,0.0772,0.9846,2.3
"1","cat_elig >   0.500 & shelter_expenses_by_hh_size <= 716.000 & unc_rawben_rel_max >   0.971 & utilities <=   5.000","ranger",8232,0.96939,0.96611,4374,4233,0.9678,0.1904,0.1123,18.177,0.0772,0.9846,2.3
"1","homeless <=  0.500 & months_since_cert_n <= 14.500 & rawben_rel_max >  0.991 & utilities <= 30.500","ranger",6990,0.96967,0.96611,3860,3730,0.9663,0.1678,0.1009,16.041,0.0772,0.9846,2.3
"1","elderly_disabled_i <= 0.500 & expedited_i > 0.500 & percent_abawd > 0.750 & rawben_rel_max > 0.803","ranger",1853,0.97302,0.9661,961,933,0.9709,0.042,0.0238,3.994,0.0772,0.9846,2.3
"1","homeless <=   0.50 & total_deductions_by_hh_size <= 127.00 & unc_rawben_rel_max <=   1.93 & utilities <=  12.50","ranger",9499,0.96915,0.9661,5178,5016,0.9687,0.2257,0.1116,21.519,0.0772,0.9846,2.3
"1","rawben_rel_max >=   0.652 & shelter_expenses_by_hh_size < 322.000 & unc_rawben_rel_max <   1.240","xgboost",10272,0.96904,0.9661,5464,5307,0.9713,0.2388,0.1181,22.707,0.0772,0.9846,2.3
"1","medical_deductions > 0.500 & months_since_cert_n <= 5.500 & shelter_expenses_by_hh_size > 5.000 & unc_rawben_rel_max <= 0.203","ranger",562,0.97865,0.96609,245,236,0.9633,0.0106,0.0042,1.018,0.0772,0.9846,2.3
"1","cat_elig > 0.5 & cat_elig <= 1.5 & total_deductions_by_hh_size <= 7.8","ranger",6672,0.96972,0.96608,5477,5309,0.9693,0.2388,0.1168,22.761,0.0772,0.9846,2.3
"1","cat_elig <   1.00 & months_since_cert_n <   9.00 & shelter_expenses_by_hh_size < 805.00 & unc_rawben_rel_max <   1.86","xgboost",2728,0.97177,0.96607,1410,1359,0.9638,0.0611,0.0257,5.86,0.0772,0.9846,2.3
"1","homeless >=  1.0 & percent_abawd <  0.5 & utilities < 32.0","xgboost",2567,0.97195,0.96607,1131,1091,0.9646,0.0491,0.0259,4.7,0.0772,0.9846,2.3
"1","cat_elig >=  2.000 & rawben_rel_max >=  0.526 & total_deductions_by_hh_size < 18.400","xgboost",3717,0.97094,0.96606,328,324,0.9878,0.0146,0.0037,1.363,0.0772,0.9846,2.3
"1","cat_elig > 0.5 & count_divisible_by_100 <= 0.5 & total_deductions_by_hh_size > 4.1 & total_deductions_by_hh_size <= 7.8","ranger",77,1,0.96605,34,33,0.9706,0.0015,3e-04,0.141,0.0772,0.9846,2.3
"1","count_divisible_by_100 <=  1.5 & elderly_disabled_i <=  0.5 & months_since_cert_n <= 30.5 & shelter_expenses_by_hh_size <= 29.5","ranger",9023,0.96919,0.96605,4760,4617,0.97,0.2077,0.1099,19.781,0.0772,0.9846,2.3
"1","homeless >   0.5 & shelter_expenses_by_hh_size <= 554.0 & utilities <=  10.5","ranger",3239,0.97129,0.96605,1551,1508,0.9723,0.0678,0.031,6.446,0.0772,0.9846,2.3
"1","homeless <=   0.5 & married <=   0.5 & shelter_expenses_by_hh_size <= 216.0 & total_deductions_by_hh_size <=  57.8","ranger",8494,0.96927,0.96604,4545,4404,0.969,0.1981,0.0998,18.888,0.0772,0.9846,2.3
"1","medical_deductions < 101.000 & percent_abawd <   1.000 & shelter_expenses_by_hh_size < 987.000 & unc_rawben_rel_max <  -0.495","xgboost",561,0.97861,0.96603,245,238,0.9714,0.0107,0.0067,1.018,0.0772,0.9846,2.3
"1","months_since_cert_n <   8.00 & rawben_rel_max >=   0.94 & shelter_expenses_by_hh_size < 394.00 & unc_rawben_rel_max <   1.10","xgboost",561,0.97861,0.96603,316,313,0.9905,0.0141,0.0026,1.313,0.0772,0.9846,2.3
"1","count_divisible_by_100 <=  0.5 & married <=  0.5 & shelter_expenses_by_hh_size <= 18.5","ranger",11073,0.96884,0.96601,5840,5658,0.9688,0.2545,0.1335,24.27,0.0772,0.9846,2.3
"1","rawben_rel_max <   0.188 & utilities >= 424.000 & utilities < 502.000","xgboost",1049,0.97521,0.96601,349,341,0.9771,0.0153,0.0036,1.45,0.0772,0.9846,2.3
"1","cat_elig > 0.50 & married <= 0.50 & percent_abawd <= 0.75 & total_deductions_by_hh_size <= 7.80","ranger",9040,0.96914,0.966,4546,4416,0.9714,0.1987,0.0828,18.892,0.0772,0.9846,2.3
"1","medical_deductions >    3.500 & rawben_rel_max <=    0.268 & shelter_expenses_by_hh_size <= 2450.000 & utilities <=  550.000","ranger",1184,0.97466,0.966,499,484,0.9699,0.0218,0.0065,2.074,0.0772,0.9846,2.3
"1","cat_elig >=  1 & shelter_expenses_by_hh_size < 29 & total_deductions_by_hh_size < 87","xgboost",9098,0.96911,0.96599,4753,4617,0.9714,0.2077,0.1051,19.752,0.0772,0.9846,2.3
"1","elderly_disabled_i >=  1.000 & medical_deductions >= 16.000 & unc_rawben_rel_max <  0.271","xgboost",1683,0.97326,0.96599,751,727,0.968,0.0327,0.0107,3.121,0.0772,0.9846,2.3
"1","cat_elig <  2.0 & children_i <  1.0 & percent_abawd <  0.5 & total_deductions_by_hh_size < 40.0","xgboost",7737,0.96937,0.96598,5530,5343,0.9662,0.2404,0.1063,22.981,0.0772,0.9846,2.3
"1","cat_elig <    2 & months_since_cert_n <   33 & shelter_expenses_by_hh_size < 1230 & total_deductions_by_hh_size <   43","xgboost",9524,0.96903,0.96597,7110,6867,0.9658,0.3089,0.1522,29.547,0.0772,0.9846,2.3
"1","cat_elig <=   0.5 & count_divisible_by_100 <=   0.5 & medical_deductions <= 120.0 & months_since_cert_n <=   5.5","ranger",2559,0.97186,0.96597,1284,1242,0.9673,0.0559,0.0215,5.336,0.0772,0.9846,2.3
"1","children_i <=   0.5 & medical_deductions <= 366.0 & shelter_expenses_by_hh_size <=  14.0","ranger",11153,0.9688,0.96597,5855,5675,0.9693,0.2553,0.1325,24.332,0.0772,0.9846,2.3
"1","homeless <=   0.5 & shelter_expenses_by_hh_size <= 324.0 & total_deductions_by_hh_size <=   7.8","ranger",9032,0.96911,0.96597,4859,4707,0.9687,0.2118,0.1046,20.193,0.0772,0.9846,2.3
"1","months_since_cert_n <  30.000 & rawben_rel_max >=   0.992 & total_deductions_by_hh_size >= 616.000 & unc_rawben_rel_max <   1.860","xgboost",4149,0.9706,0.96596,2323,2243,0.9656,0.1009,0.0523,9.654,0.0772,0.9846,2.3
"1","elderly_disabled_i <   1.000 & months_since_cert_n <  24.000 & rawben_rel_max >=   0.428 & shelter_expenses_by_hh_size < 287.000","xgboost",9486,0.96901,0.96594,5013,4865,0.9705,0.2189,0.1102,20.833,0.0772,0.9846,2.3
"1","months_since_cert_n <= 5.5 & unc_rawben_rel_max > 1.0 & unc_rawben_rel_max <= 2.0","ranger",11266,0.96876,0.96594,5775,5610,0.9714,0.2524,0.1276,24,0.0772,0.9846,2.3
"1","months_since_cert_n >=    3.000 & rawben_rel_max <    0.084 & shelter_expenses_by_hh_size < 1050.000","xgboost",3451,0.97102,0.96594,1613,1558,0.9659,0.0701,0.037,6.703,0.0772,0.9846,2.3
"1","months_since_cert_n >=   4.000 & shelter_expenses_by_hh_size < 930.000 & unc_rawben_rel_max >=  -0.495 & unc_rawben_rel_max <  -0.347","xgboost",298,0.98322,0.96594,132,128,0.9697,0.0058,0.004,0.549,0.0772,0.9846,2.3
"1","children_i <=  0.5 & months_since_cert_n <= 34.5 & shelter_expenses_by_hh_size <= 12.5","ranger",11135,0.96875,0.96592,5845,5664,0.969,0.2548,0.1333,24.29,0.0772,0.9846,2.3
"1","elderly_disabled_i >= 1.000 & rawben_rel_max < 0.945 & total_deductions_by_hh_size < 9.000","xgboost",4080,0.97059,0.96592,2048,1988,0.9707,0.0894,0.0271,8.511,0.0772,0.9846,2.3
"1","cat_elig > 0.5 & homeless <= 0.5 & married <= 0.5 & total_deductions_by_hh_size <= 7.8","ranger",8738,0.9691,0.96591,4665,4519,0.9687,0.2033,0.0977,19.387,0.0772,0.9846,2.3
"1","elderly_disabled_i >  0.50 & homeless >  0.50 & rawben_rel_max <=  0.59 & utilities <= 12.50","ranger",258,0.9845,0.96591,114,110,0.9649,0.0049,0.0022,0.474,0.0772,0.9846,2.3
"1","expedited_i <=  0.5 & homeless >  0.5 & total_deductions_by_hh_size <= 18.8 & utilities <= 38.5","ranger",1613,0.97334,0.96591,770,758,0.9844,0.0341,0.0092,3.2,0.0772,0.9846,2.3
"1","homeless <=  0.50 & months_since_cert_n <= 10.50 & shelter_expenses_by_hh_size <=  5.00 & unc_rawben_rel_max > -2.37","ranger",7166,0.96944,0.96591,3898,3778,0.9692,0.17,0.089,16.199,0.0772,0.9846,2.3
"1","medical_deductions <  3.0000 & rawben_rel_max <  0.0928 & unc_rawben_rel_max < -0.0160","xgboost",3066,0.9713,0.96591,1435,1392,0.97,0.0626,0.0357,5.964,0.0772,0.9846,2.3
"1","expedited_i <=   0.500 & rawben_rel_max <=   0.187 & total_deductions_by_hh_size <= 196.000 & utilities >   8.000","ranger",2746,0.9716,0.9659,1261,1213,0.9619,0.0546,0.0253,5.24,0.0772,0.9846,2.3
"1","expedited_i <=  0.50 & months_since_cert_n <=  9.50 & unc_rawben_rel_max >  1.03 & utilities <= 14.50","ranger",4956,0.97014,0.9659,2727,2633,0.9655,0.1185,0.0709,11.333,0.0772,0.9846,2.3
"1","cat_elig >  0.5 & elderly_disabled_i <=  0.5 & expedited_i >  0.5 & utilities <= 28.5","ranger",3192,0.97118,0.96589,1558,1513,0.9711,0.0681,0.0391,6.475,0.0772,0.9846,2.3
"1","cat_elig <   1.000 & months_since_cert_n <  12.000 & rawben_rel_max <   0.652 & total_deductions_by_hh_size < 159.000","xgboost",486,0.97942,0.96588,243,235,0.9671,0.0106,0.0047,1.01,0.0772,0.9846,2.3
"1","count_divisible_by_100 <=  1.5 & elderly_disabled_i <=  0.5 & shelter_expenses_by_hh_size <= 29.5","ranger",9036,0.96901,0.96587,4767,4624,0.97,0.208,0.1099,19.81,0.0772,0.9846,2.3
"1","expedited_i <=   0.500 & homeless >   0.500 & rawben_rel_max >   0.991 & utilities <= 126.000","ranger",1446,0.97372,0.96587,708,693,0.9788,0.0312,0.0122,2.942,0.0772,0.9846,2.3
"1","months_since_cert_n >=   8 & shelter_expenses_by_hh_size >= 254 & shelter_expenses_by_hh_size < 405 & total_deductions_by_hh_size <   9","xgboost",805,0.9764,0.96587,425,419,0.9859,0.0189,0.0028,1.766,0.0772,0.9846,2.3
"1","elderly_disabled_i <   1.000 & months_since_cert_n <  20.000 & rawben_rel_max >=   0.992 & utilities < 551.000","xgboost",11208,0.96868,0.96586,5822,5633,0.9675,0.2534,0.158,24.195,0.0772,0.9846,2.3
"1","months_since_cert_n <  17 & total_deductions_by_hh_size < 108 & utilities <  54","xgboost",12613,0.96852,0.96586,6663,6463,0.97,0.2908,0.1379,27.69,0.0772,0.9846,2.3
"1","cat_elig <= 0.5 & homeless <= 0.5 & percent_abawd > 0.5","ranger",522,0.97893,0.96585,289,284,0.9827,0.0128,0.0019,1.201,0.0772,0.9846,2.3
"1","children_i <=  0.50 & homeless >  0.50 & percent_abawd <=  0.75 & utilities <= 30.50","ranger",2550,0.97176,0.96585,1124,1087,0.9671,0.0489,0.0237,4.671,0.0772,0.9846,2.3
"1","expedited_i < 1.00 & unc_rawben_rel_max >= 1.01 & unc_rawben_rel_max < 1.15","xgboost",2067,0.97242,0.96585,1123,1085,0.9662,0.0488,0.0244,4.667,0.0772,0.9846,2.3
"1","rawben_rel_max <   0.22 & total_deductions_by_hh_size <  92.00 & utilities >= 405.00 & utilities < 875.00","xgboost",558,0.97849,0.96585,220,216,0.9818,0.0097,0.002,0.914,0.0772,0.9846,2.3
"1","cat_elig >= 1.000 & rawben_rel_max >= 0.344 & unc_rawben_rel_max >= 1.020 & unc_rawben_rel_max < 1.700","xgboost",13090,0.96845,0.96584,6930,6700,0.9668,0.3014,0.1788,28.799,0.0772,0.9846,2.3
"1","months_since_cert_n <  23 & shelter_expenses_by_hh_size <  50 & total_deductions_by_hh_size < 174 & utilities <  34","xgboost",11080,0.96868,0.96584,5828,5660,0.9712,0.2546,0.1244,24.22,0.0772,0.9846,2.3
"1","rawben_rel_max <   0.124 & total_deductions_by_hh_size < 535.000 & unc_rawben_rel_max <   0.076","xgboost",4479,0.97031,0.96584,2079,2010,0.9668,0.0904,0.0466,8.64,0.0772,0.9846,2.3
"1","expedited_i <=  0.5 & married <=  0.5 & shelter_expenses_by_hh_size <= 14.5 & total_deductions_by_hh_size <= 94.0","ranger",6808,0.96945,0.96583,3686,3575,0.9699,0.1608,0.081,15.318,0.0772,0.9846,2.3
"1","percent_abawd <=  0.25 & shelter_expenses_by_hh_size > 16.50 & total_deductions_by_hh_size <=  2.50","ranger",2836,0.97144,0.96583,1455,1412,0.9704,0.0635,0.019,6.047,0.0772,0.9846,2.3
"1","medical_deductions < 137.000 & months_since_cert_n <  14.000 & unc_rawben_rel_max <  -0.016","xgboost",2740,0.97153,0.96582,1307,1268,0.9702,0.057,0.0304,5.432,0.0772,0.9846,2.3
"1","total_deductions_by_hh_size < 546.000 & unc_rawben_rel_max >=   0.996 & unc_rawben_rel_max <   1.770","xgboost",11440,0.96862,0.96582,5981,5788,0.9677,0.2604,0.1561,24.856,0.0772,0.9846,2.3
"1","expedited_i >    0.500 & shelter_expenses_by_hh_size <= 1350.000 & unc_rawben_rel_max >    0.991","ranger",5628,0.96979,0.96581,2805,2706,0.9647,0.1217,0.08,11.657,0.0772,0.9846,2.3
"1","count_divisible_by_100 <=   0.5 & medical_deductions <= 140.0 & shelter_expenses_by_hh_size <=  14.5","ranger",11067,0.96865,0.9658,5831,5649,0.9688,0.2541,0.1347,24.232,0.0772,0.9846,2.3
"1","medical_deductions < 164.00 & shelter_expenses_by_hh_size < 788.00 & total_deductions_by_hh_size < 150.00 & unc_rawben_rel_max <   0.12","xgboost",2770,0.97148,0.9658,1320,1280,0.9697,0.0576,0.0217,5.486,0.0772,0.9846,2.3
"1","children_i <= 0.5 & shelter_expenses_by_hh_size <= 5.5","ranger",11155,0.96862,0.96579,5852,5671,0.9691,0.2551,0.1333,24.319,0.0772,0.9846,2.3
"1","expedited_i > 0.500 & rawben_rel_max > 0.991 & unc_rawben_rel_max <= 2.440","ranger",5932,0.96966,0.96577,2955,2850,0.9645,0.1282,0.0845,12.28,0.0772,0.9846,2.3
"1","total_deductions_by_hh_size >=  4.400 & unc_rawben_rel_max < -0.016","xgboost",2736,0.97149,0.96577,1251,1206,0.964,0.0543,0.0363,5.199,0.0772,0.9846,2.3
"1","homeless <=   0.500 & rawben_rel_max >   0.993 & total_deductions_by_hh_size <= 744.000 & utilities <=  29.500","ranger",7287,0.96926,0.96576,3987,3848,0.9651,0.1731,0.1089,16.569,0.0772,0.9846,2.3
"1","months_since_cert_n <= 5.500 & rawben_rel_max > 0.991 & unc_rawben_rel_max <= 2.010","ranger",11353,0.96855,0.96575,5827,5655,0.9705,0.2544,0.1317,24.216,0.0772,0.9846,2.3
"1","rawben_rel_max <    0.0893 & shelter_expenses_by_hh_size < 1800.0000 & utilities >=   44.0000","xgboost",3809,0.9706,0.96575,1776,1719,0.9679,0.0773,0.0411,7.381,0.0772,0.9846,2.3
"1","medical_deductions >=  135.000 & rawben_rel_max <    0.316 & shelter_expenses_by_hh_size < 1080.000","xgboost",973,0.97533,0.96574,326,313,0.9601,0.0141,0.0048,1.355,0.0772,0.9846,2.3
"1","married <= 0.5 & shelter_expenses_by_hh_size > 5.5 & total_deductions_by_hh_size <= 2.5","ranger",2860,0.97133,0.96573,1470,1426,0.9701,0.0642,0.02,6.109,0.0772,0.9846,2.3
"1","months_since_cert_n < 30.000 & rawben_rel_max >=  0.992 & unc_rawben_rel_max <  1.860","xgboost",16163,0.96808,0.96572,8483,8193,0.9658,0.3686,0.2204,35.253,0.0772,0.9846,2.3
"1","total_deductions_by_hh_size >= 600.000 & unc_rawben_rel_max >=   0.996 & unc_rawben_rel_max <   1.810","xgboost",4307,0.97028,0.96572,2400,2322,0.9675,0.1045,0.0514,9.974,0.0772,0.9846,2.3
"1","cat_elig <=   0.5 & expedited_i <=   0.5 & homeless <=   0.5 & total_deductions_by_hh_size <= 172.0","ranger",1538,0.97334,0.96571,827,804,0.9722,0.0362,0.0129,3.437,0.0772,0.9846,2.3
"1","count_divisible_by_100 <  1.0 & months_since_cert_n >=  2.0 & percent_abawd <  0.5 & total_deductions_by_hh_size < 18.4","xgboost",8841,0.96889,0.96571,4479,4333,0.9674,0.1949,0.0839,18.614,0.0772,0.9846,2.3
"1","months_since_cert_n <  32.00 & rawben_rel_max <   0.08 & total_deductions_by_hh_size < 390.00 & unc_rawben_rel_max >=   0.00","xgboost",296,0.98311,0.96571,0,0,NA,0,0,0,0.0772,0.9846,2.3
"1","cat_elig >  0.500 & children_i <=  0.500 & unc_rawben_rel_max >  0.998 & utilities <= 14.500","ranger",8134,0.96902,0.9657,4329,4186,0.967,0.1883,0.1133,17.99,0.0772,0.9846,2.3
"1","total_deductions_by_hh_size >  8.80000 & unc_rawben_rel_max <= -0.00915","ranger",2762,0.9714,0.9657,1266,1221,0.9645,0.0549,0.0363,5.261,0.0772,0.9846,2.3
"1","children_i <   1.000 & total_deductions_by_hh_size < 170.000 & unc_rawben_rel_max >=  -0.004 & utilities <  29.000","xgboost",12184,0.9684,0.96569,6488,6283,0.9684,0.2827,0.1378,26.963,0.0772,0.9846,2.3
"1","children_i <= 0.500 & elderly_disabled_i <= 0.500 & medical_deductions <= 0.500 & rawben_rel_max > 0.993","ranger",12305,0.96839,0.96569,6453,6241,0.9671,0.2808,0.1742,26.817,0.0772,0.9846,2.3
"1","expedited_i >= 1.0 & homeless < 1.0 & months_since_cert_n < 8.0 & unc_rawben_rel_max >= 1.2","xgboost",3077,0.97108,0.96568,1546,1497,0.9683,0.0673,0.0416,6.425,0.0772,0.9846,2.2
"1","cat_elig >  0.5 & elderly_disabled_i <=  0.5 & months_since_cert_n <=  4.5 & shelter_expenses_by_hh_size <= 17.0","ranger",4612,0.97008,0.96567,2468,2397,0.9712,0.1078,0.0534,10.256,0.0772,0.9846,2.2
"1","shelter_expenses_by_hh_size < 418.0 & total_deductions_by_hh_size <  22.4 & utilities < 388.0","xgboost",13179,0.96828,0.96567,6873,6650,0.9676,0.2992,0.1438,28.563,0.0772,0.9846,2.2
"1","expedited_i <=  0.5 & homeless >  0.5 & total_deductions_by_hh_size <= 18.6","ranger",1666,0.97299,0.96565,789,775,0.9823,0.0349,0.0108,3.279,0.0772,0.9846,2.2
"1","homeless <   1.000 & medical_deductions < 116.000 & unc_rawben_rel_max <  -0.004","xgboost",3264,0.97089,0.96565,1472,1431,0.9721,0.0644,0.0326,6.117,0.0772,0.9846,2.2
"1","count_divisible_by_100 <=   0.500 & elderly_disabled_i <=   0.500 & rawben_rel_max >   0.823 & total_deductions_by_hh_size <= 597.000","ranger",11015,0.9685,0.96564,5277,5137,0.9735,0.2311,0.1152,21.93,0.0772,0.9846,2.2
"1","children_i <= 0.500 & elderly_disabled_i <= 0.500 & rawben_rel_max > 0.991","ranger",12312,0.96832,0.96562,6456,6244,0.9672,0.2809,0.1742,26.83,0.0772,0.9846,2.2
"1","medical_deductions > 132.0 & percent_abawd <=   0.5 & shelter_expenses_by_hh_size >  13.0 & total_deductions_by_hh_size <= 242.0","ranger",409,0.98044,0.96562,133,127,0.9549,0.0057,0.0019,0.553,0.0772,0.9846,2.2
"1","cat_elig >   0.500 & rawben_rel_max >   0.989 & shelter_expenses_by_hh_size <= 873.000 & utilities <=   8.000","ranger",8236,0.96892,0.96561,4391,4243,0.9663,0.1909,0.1169,18.248,0.0772,0.9846,2.2
"1","cat_elig >   0.5 & married <=   0.5 & shelter_expenses_by_hh_size <= 324.0 & total_deductions_by_hh_size <=   2.8","ranger",9998,0.96859,0.9656,5205,5048,0.9698,0.2271,0.1099,21.631,0.0772,0.9846,2.2
"1","cat_elig >=   1.000 & shelter_expenses_by_hh_size < 305.000 & unc_rawben_rel_max >=  -0.904 & unc_rawben_rel_max <  -0.004","xgboost",554,0.97834,0.9656,242,234,0.9669,0.0105,0.0073,1.006,0.0772,0.9846,2.2
"1","cat_elig >=  1 & months_since_cert_n >=  1 & shelter_expenses_by_hh_size < 29 & total_deductions_by_hh_size < 87","xgboost",8263,0.9689,0.9656,4318,4192,0.9708,0.1886,0.0962,17.945,0.0772,0.9846,2.2
"1","months_since_cert_n <   6.000 & rawben_rel_max >=   0.988 & total_deductions_by_hh_size < 307.000 & unc_rawben_rel_max <   1.050","xgboost",215,0.98605,0.9656,144,143,0.9931,0.0064,7e-04,0.598,0.0772,0.9846,2.2
"1","cat_elig <   2.000 & percent_abawd <   0.500 & rawben_rel_max <   0.084 & utilities < 651.000","xgboost",2911,0.97114,0.96559,1997,1933,0.968,0.087,0.0436,8.299,0.0772,0.9846,2.2
"1","count_divisible_by_100 <= 0.50 & shelter_expenses_by_hh_size <= 5.50 & unc_rawben_rel_max <= 1.93","ranger",11090,0.96844,0.96559,5837,5654,0.9686,0.2544,0.1356,24.257,0.0772,0.9846,2.2
"1","expedited_i <=  0.500 & months_since_cert_n <= 11.500 & rawben_rel_max >  0.991 & utilities <=  8.000","ranger",5436,0.96965,0.96558,3040,2938,0.9664,0.1322,0.0778,12.634,0.0772,0.9846,2.2
"1","children_i <= 0.5 & months_since_cert_n > 4.5 & total_deductions_by_hh_size <= 2.5","ranger",6051,0.96943,0.96557,3217,3118,0.9692,0.1403,0.0691,13.369,0.0772,0.9846,2.2
"1","total_deductions_by_hh_size >= 535.00 & unc_rawben_rel_max >=   1.01 & unc_rawben_rel_max <   1.58 & utilities < 651.00","xgboost",1727,0.97279,0.96557,852,822,0.9648,0.037,0.0165,3.541,0.0772,0.9846,2.2
"1","expedited_i > 0.5 & married <= 0.5 & utilities <= 8.0","ranger",4504,0.97003,0.96556,2204,2129,0.966,0.0958,0.0567,9.159,0.0772,0.9846,2.2
"1","count_divisible_by_100 <=  0.5 & shelter_expenses_by_hh_size <= 13.0","ranger",11103,0.96839,0.96554,5846,5663,0.9687,0.2548,0.1356,24.295,0.0772,0.9846,2.2
"1","months_since_cert_n >=   1.00 & rawben_rel_max >=   0.08 & total_deductions_by_hh_size < 112.00 & utilities <  49.00","xgboost",11770,0.96831,0.96554,6421,6221,0.9689,0.2799,0.1338,26.684,0.0772,0.9846,2.2
"1","rawben_rel_max >=   0.992 & shelter_expenses_by_hh_size >= 322.000 & total_deductions_by_hh_size >=   4.400 & unc_rawben_rel_max <   1.640","xgboost",5152,0.96972,0.96554,2759,2654,0.9619,0.1194,0.0723,11.466,0.0772,0.9846,2.2
"1","children_i <=  0.5 & expedited_i <=  0.5 & homeless >  0.5 & total_deductions_by_hh_size <= 18.6","ranger",1660,0.97289,0.96553,787,774,0.9835,0.0348,0.0099,3.271,0.0772,0.9846,2.2
"1","homeless <= 0.500 & months_since_cert_n <= 5.500 & percent_abawd > 0.750 & rawben_rel_max > 0.991","ranger",2399,0.97165,0.96553,1266,1230,0.9716,0.0553,0.0261,5.261,0.0772,0.9846,2.2
"1","cat_elig <= 0.50 & expedited_i <= 0.50 & homeless > 0.50 & rawben_rel_max > 0.11","ranger",255,0.98431,0.96552,119,117,0.9832,0.0053,0.0011,0.495,0.0772,0.9846,2.2
"1","months_since_cert_n >=   1.00 & rawben_rel_max <   0.08 & utilities >=  56.00 & utilities < 875.00","xgboost",1497,0.97328,0.96552,0,0,NA,0,0,0,0.0772,0.9846,2.2
"1","expedited_i >= 1.0 & homeless >= 1.0 & months_since_cert_n < 4.0 & percent_abawd < 0.5","xgboost",693,0.97691,0.96551,285,278,0.9754,0.0125,0.0038,1.184,0.0772,0.9846,2.2
"1","rawben_rel_max >=    0.992 & shelter_expenses_by_hh_size < 1530.000 & unc_rawben_rel_max >=   -0.056 & unc_rawben_rel_max <    1.860","xgboost",15853,0.96789,0.96551,8257,7973,0.9656,0.3587,0.2168,34.314,0.0772,0.9846,2.2
"1","homeless <=  0.5 & months_since_cert_n <= 10.5 & shelter_expenses_by_hh_size <=  5.0","ranger",7171,0.96904,0.9655,3899,3779,0.9692,0.17,0.089,16.203,0.0772,0.9846,2.2
"1","married <=   0.500 & medical_deductions <= 140.000 & rawben_rel_max >   0.993 & shelter_expenses_by_hh_size <= 562.000","ranger",11484,0.9683,0.9655,5966,5766,0.9665,0.2594,0.1594,24.793,0.0772,0.9846,2.2
"1","medical_deductions <  4 & total_deductions_by_hh_size < 50","xgboost",14739,0.96798,0.9655,7727,7459,0.9653,0.3356,0.1679,32.112,0.0772,0.9846,2.2
"1","percent_abawd <   0.500 & unc_rawben_rel_max <  -0.392 & utilities < 370.000","xgboost",623,0.97753,0.9655,270,259,0.9593,0.0117,0.0116,1.122,0.0772,0.9846,2.2
"1","total_deductions_by_hh_size <= 48.80 & unc_rawben_rel_max <=  1.95","ranger",14766,0.96797,0.9655,7732,7465,0.9655,0.3358,0.1677,32.132,0.0772,0.9846,2.2
"1","cat_elig <=  2.500 & children_i <=  0.500 & rawben_rel_max <=  0.085 & utilities > 26.500","ranger",3998,0.97024,0.96549,1875,1811,0.9659,0.0815,0.0461,7.792,0.0772,0.9846,2.2
"1","expedited_i <=  0.5 & shelter_expenses_by_hh_size <= 13.0 & total_deductions_by_hh_size <= 81.4","ranger",6802,0.96913,0.96549,3680,3568,0.9696,0.1605,0.0824,15.293,0.0772,0.9846,2.2
"1","cat_elig >  0.5 & expedited_i >  0.5 & months_since_cert_n <= 35.5 & shelter_expenses_by_hh_size <=  5.5","ranger",3309,0.97069,0.96546,1606,1564,0.9738,0.0704,0.0371,6.674,0.0772,0.9846,2.2
"1","medical_deductions < 346.000 & rawben_rel_max >=   0.992 & unc_rawben_rel_max <   1.860","xgboost",16402,0.96781,0.96546,8605,8308,0.9655,0.3738,0.2259,35.76,0.0772,0.9846,2.2
"1","elderly_disabled_i <=  0.5 & homeless <=  0.5 & months_since_cert_n <= 30.5 & shelter_expenses_by_hh_size <=  5.5","ranger",6153,0.96928,0.96545,3379,3268,0.9672,0.147,0.0871,14.042,0.0772,0.9846,2.2
"1","expedited_i <   1.000 & medical_deductions < 142.000 & rawben_rel_max <   0.199 & total_deductions_by_hh_size <  59.000","xgboost",2710,0.97122,0.96545,1241,1203,0.9694,0.0541,0.0199,5.157,0.0772,0.9846,2.2
"1","homeless <=  0.50 & percent_abawd >  0.75 & shelter_expenses_by_hh_size <= 14.00","ranger",2107,0.972,0.96545,1217,1179,0.9688,0.053,0.0307,5.058,0.0772,0.9846,2.2
"1","cat_elig <=  0.5 & total_deductions_by_hh_size >  3.3 & total_deductions_by_hh_size <= 65.5","ranger",214,0.98598,0.96544,122,119,0.9754,0.0054,0.0014,0.507,0.0772,0.9846,2.2
"1","rawben_rel_max >=   0.21 & shelter_expenses_by_hh_size < 418.00 & total_deductions_by_hh_size <  22.40 & utilities < 388.00","xgboost",10979,0.9683,0.96544,5908,5716,0.9675,0.2572,0.1281,24.552,0.0772,0.9846,2.2
"1","cat_elig > 0.5 & homeless <= 0.5 & months_since_cert_n <= 5.5 & total_deductions_by_hh_size <= 7.7","ranger",4980,0.96968,0.96542,2624,2548,0.971,0.1146,0.0496,10.905,0.0772,0.9846,2.2
"1","children_i <=  0.500 & elderly_disabled_i >  0.500 & shelter_expenses_by_hh_size <= 14.500 & unc_rawben_rel_max <=  0.558","ranger",1164,0.97423,0.96542,590,571,0.9678,0.0257,0.0103,2.452,0.0772,0.9846,2.2
"1","expedited_i <=   0.5 & months_since_cert_n <=  10.5 & total_deductions_by_hh_size <= 161.0 & utilities <=   5.0","ranger",7216,0.96896,0.96542,3933,3807,0.968,0.1713,0.0844,16.345,0.0772,0.9846,2.2
"1","married <=   0.50 & percent_abawd <=   0.75 & shelter_expenses_by_hh_size <=   5.50 & total_deductions_by_hh_size <= 242.00","ranger",8372,0.96871,0.96542,4205,4080,0.9703,0.1836,0.0874,17.475,0.0772,0.9846,2.2
"1","elderly_disabled_i <=  0.5 & expedited_i <=  0.5 & married <=  0.5 & total_deductions_by_hh_size <= 56.6","ranger",5133,0.96961,0.96541,2845,2755,0.9684,0.1239,0.0687,11.823,0.0772,0.9846,2.2
"1","elderly_disabled_i <= 0.5 & expedited_i > 0.5 & months_since_cert_n <= 5.5","ranger",4175,0.97006,0.96541,1983,1928,0.9723,0.0867,0.0427,8.241,0.0772,0.9846,2.2
"1","months_since_cert_n >=   1 & total_deductions_by_hh_size < 112 & utilities <  49","xgboost",12207,0.96813,0.96541,6421,6221,0.9689,0.2799,0.1338,26.684,0.0772,0.9846,2.2
"1","count_divisible_by_100 <= 1.5 & expedited_i > 0.5 & utilities <= 8.0","ranger",4514,0.96987,0.9654,2210,2136,0.9665,0.0961,0.056,9.184,0.0772,0.9846,2.2
"1","shelter_expenses_by_hh_size >  5.5 & total_deductions_by_hh_size <=  2.5 & unc_rawben_rel_max > -4.1","ranger",2864,0.97102,0.9654,1470,1425,0.9694,0.0641,0.0209,6.109,0.0772,0.9846,2.2
"1","cat_elig >  0.50 & months_since_cert_n <= 37.00 & percent_abawd <=  0.75 & total_deductions_by_hh_size <=  2.80","ranger",8940,0.96857,0.96539,4501,4370,0.9709,0.1966,0.0854,18.705,0.0772,0.9846,2.2
"1","cat_elig >=  1.0000 & children_i <  1.0000 & total_deductions_by_hh_size <  9.0000 & unc_rawben_rel_max >= -0.0344","xgboost",10060,0.96839,0.96539,5298,5131,0.9685,0.2308,0.1136,22.017,0.0772,0.9846,2.2
"1","cat_elig >=   1.00 & medical_deductions >= 114.00 & rawben_rel_max <   0.32","xgboost",1392,0.97342,0.96536,645,615,0.9535,0.0277,0.0123,2.68,0.0772,0.9846,2.2
"1","homeless <= 0.50 & percent_abawd <= 0.75 & total_deductions_by_hh_size <= 8.90","ranger",8449,0.96864,0.96536,4420,4283,0.969,0.1927,0.0869,18.368,0.0772,0.9846,2.2
"1","months_since_cert_n <  32.00 & rawben_rel_max <   0.08 & total_deductions_by_hh_size < 390.00","xgboost",1813,0.97242,0.96536,0,0,NA,0,0,0,0.0772,0.9846,2.2
"1","cat_elig > 0.50 & percent_abawd <= 0.75 & total_deductions_by_hh_size <= 2.80","ranger",8958,0.96852,0.96534,4512,4381,0.971,0.1971,0.0854,18.751,0.0772,0.9846,2.2
"1","cat_elig >= 2.000 & rawben_rel_max >= 0.567 & total_deductions_by_hh_size < 9.000 & unc_rawben_rel_max < 1.210","xgboost",3422,0.97049,0.96534,322,318,0.9876,0.0143,0.0037,1.338,0.0772,0.9846,2.2
"1","children_i <= 0.5 & elderly_disabled_i <= 0.5 & expedited_i > 0.5 & months_since_cert_n <= 7.5","ranger",4475,0.96983,0.96533,2182,2118,0.9707,0.0953,0.0509,9.068,0.0772,0.9846,2.2
"1","months_since_cert_n <   8.000 & unc_rawben_rel_max <  -0.004 & utilities < 426.000","xgboost",1456,0.97321,0.96533,612,597,0.9755,0.0269,0.01,2.543,0.0772,0.9846,2.2
"1","months_since_cert_n >=  6.000 & months_since_cert_n < 12.000 & unc_rawben_rel_max >= -1.170 & unc_rawben_rel_max < -0.004","xgboost",1260,0.97381,0.96533,619,601,0.9709,0.027,0.0123,2.572,0.0772,0.9846,2.2
"1","percent_abawd >=    0.50 & shelter_expenses_by_hh_size < 1430.00 & total_deductions_by_hh_size <   69.00 & unc_rawben_rel_max <    1.99","xgboost",2827,0.97099,0.96533,1670,1624,0.9725,0.0731,0.0386,6.94,0.0772,0.9846,2.2
"1","children_i <= 0.500 & elderly_disabled_i <= 0.500 & unc_rawben_rel_max > 0.969","ranger",12416,0.96803,0.96532,6509,6297,0.9674,0.2833,0.1742,27.05,0.0772,0.9846,2.2
"1","medical_deductions < 346.000 & rawben_rel_max >=   0.992 & total_deductions_by_hh_size < 523.000 & unc_rawben_rel_max <   1.860","xgboost",11455,0.96814,0.96532,5950,5757,0.9676,0.259,0.1561,24.727,0.0772,0.9846,2.2
"1","percent_abawd <=  0.25 & unc_rawben_rel_max >  1.00 & utilities <= 14.50","ranger",7256,0.96885,0.96532,3666,3543,0.9664,0.1594,0.0951,15.235,0.0772,0.9846,2.2
"1","expedited_i >=   1.00 & medical_deductions < 242.00 & months_since_cert_n <  12.00 & unc_rawben_rel_max >=   1.02","xgboost",5577,0.96934,0.96531,2777,2685,0.9669,0.1208,0.0749,11.541,0.0772,0.9846,2.2
"1","homeless <   1.000 & shelter_expenses_by_hh_size >= 789.000 & total_deductions_by_hh_size < 289.000 & unc_rawben_rel_max <   0.056","xgboost",478,0.97908,0.96531,261,259,0.9923,0.0117,0.0012,1.085,0.0772,0.9846,2.2
"1","rawben_rel_max >=    0.948 & shelter_expenses_by_hh_size < 1670.000 & total_deductions_by_hh_size <  455.000 & unc_rawben_rel_max >=    0.883","xgboost",11207,0.96814,0.9653,5872,5686,0.9683,0.2558,0.1483,24.403,0.0772,0.9846,2.2
"1","expedited_i >=  1.000 & months_since_cert_n >=  4.000 & rawben_rel_max >=  0.873 & total_deductions_by_hh_size < 78.000","xgboost",1777,0.97243,0.96528,916,890,0.9716,0.04,0.0232,3.807,0.0772,0.9846,2.2
"1","medical_deductions > 144.000 & months_since_cert_n <=   4.500 & unc_rawben_rel_max <=   0.311","ranger",213,0.98592,0.96528,107,103,0.9626,0.0046,0.0014,0.445,0.0772,0.9846,2.2
"1","percent_abawd <= 0.250 & rawben_rel_max <= 0.085","ranger",5022,0.96953,0.96528,2336,2259,0.967,0.1016,0.0533,9.708,0.0772,0.9846,2.2
"1","months_since_cert_n > 4.500 & rawben_rel_max > 0.941 & shelter_expenses_by_hh_size <= 5.500","ranger",3539,0.97033,0.96527,1893,1828,0.9657,0.0822,0.0544,7.867,0.0772,0.9846,2.2
"1","total_deductions_by_hh_size >= 337.000 & unc_rawben_rel_max >=  -0.744 & unc_rawben_rel_max <  -0.004 & utilities >= 414.000","xgboost",688,0.97674,0.96526,279,269,0.9642,0.0121,0.0068,1.159,0.0772,0.9846,2.2
"1","cat_elig <  1 & utilities < 52","xgboost",2380,0.97143,0.96525,1220,1183,0.9697,0.0532,0.0196,5.07,0.0772,0.9846,2.2
"1","cat_elig >  0.5 & count_divisible_by_100 <=  1.5 & months_since_cert_n <=  5.5 & total_deductions_by_hh_size <= 36.9","ranger",7151,0.96882,0.96525,3686,3582,0.9718,0.1611,0.067,15.318,0.0772,0.9846,2.2
"1","expedited_i <=  0.500 & percent_abawd >  0.750 & rawben_rel_max >  0.991 & utilities <= 14.500","ranger",1485,0.97306,0.96525,952,924,0.9706,0.0416,0.0216,3.956,0.0772,0.9846,2.2
"1","rawben_rel_max <=   0.085 & shelter_expenses_by_hh_size <= 994.000","ranger",4218,0.96989,0.96525,1935,1866,0.9643,0.0839,0.0482,8.041,0.0772,0.9846,2.2
"1","cat_elig <= 0.500 & elderly_disabled_i > 0.500 & rawben_rel_max <= 0.164","ranger",722,0.97645,0.96524,332,328,0.988,0.0148,0.0019,1.38,0.0772,0.9846,2.2
"1","children_i <    1.000 & elderly_disabled_i <    1.000 & rawben_rel_max >=    0.876 & shelter_expenses_by_hh_size < 1610.000","xgboost",12447,0.96794,0.96524,6508,6302,0.9683,0.2835,0.1674,27.046,0.0772,0.9846,2.2
"1","rawben_rel_max <   0.324 & shelter_expenses_by_hh_size < 432.000 & total_deductions_by_hh_size <   4.400","xgboost",3037,0.97069,0.96523,1511,1470,0.9729,0.0661,0.0203,6.279,0.0772,0.9846,2.2
"1","unc_rawben_rel_max >=   1.01 & unc_rawben_rel_max <   1.81 & utilities < 426.00","xgboost",11545,0.96804,0.96523,6059,5854,0.9662,0.2634,0.1604,25.18,0.0772,0.9846,2.2
"1","homeless >=   1 & months_since_cert_n <   8 & total_deductions_by_hh_size < 154","xgboost",2661,0.97106,0.96522,1249,1218,0.9752,0.0548,0.0234,5.191,0.0772,0.9846,2.2
"1","elderly_disabled_i <=  0.5 & expedited_i <=  0.5 & homeless >  0.5 & total_deductions_by_hh_size <= 40.5","ranger",1353,0.97339,0.9652,656,645,0.9832,0.029,0.0091,2.726,0.0772,0.9846,2.2
"1","expedited_i >   0.5 & medical_deductions <= 308.0 & utilities <=   9.5","ranger",4519,0.96968,0.9652,2212,2137,0.9661,0.0961,0.0572,9.193,0.0772,0.9846,2.2
"1","cat_elig >=  2.00 & shelter_expenses_by_hh_size < 29.00 & total_deductions_by_hh_size < 82.00 & unc_rawben_rel_max <  1.23","xgboost",4056,0.96992,0.96519,361,356,0.9861,0.016,0.0041,1.5,0.0772,0.9846,2.2
"1","children_i <=  0.500 & rawben_rel_max <=  0.085 & utilities > 26.500","ranger",4024,0.96993,0.96518,1875,1811,0.9659,0.0815,0.0461,7.792,0.0772,0.9846,2.2
"1","elderly_disabled_i <=  0.5 & months_since_cert_n >  2.5 & months_since_cert_n <=  5.5 & shelter_expenses_by_hh_size <= 18.5","ranger",3002,0.97069,0.96518,1518,1477,0.973,0.0664,0.0296,6.308,0.0772,0.9846,2.2
"1","married <=   0.50 & medical_deductions <= 276.00 & percent_abawd <=   0.25 & shelter_expenses_by_hh_size <=   5.50","ranger",8493,0.96844,0.96517,4264,4127,0.9679,0.1857,0.0975,17.72,0.0772,0.9846,2.2
"1","elderly_disabled_i <=   0.5 & months_since_cert_n <=  34.5 & shelter_expenses_by_hh_size <= 422.0 & utilities <=  12.5","ranger",9423,0.96827,0.96516,4956,4797,0.9679,0.2158,0.1192,20.596,0.0772,0.9846,2.2
"1","shelter_expenses_by_hh_size < 360.00 & total_deductions_by_hh_size <  50.00 & unc_rawben_rel_max <   1.21 & utilities <  63.00","xgboost",8521,0.96843,0.96516,6497,6311,0.9714,0.2839,0.1292,27,0.0772,0.9846,2.2
"1","cat_elig > 0.5 & expedited_i > 0.5 & shelter_expenses_by_hh_size <= 9.5","ranger",3310,0.97039,0.96515,1607,1565,0.9739,0.0704,0.0371,6.678,0.0772,0.9846,2.2
"1","expedited_i <=  0.50 & percent_abawd >  0.75 & unc_rawben_rel_max >  1.00 & utilities <= 14.50","ranger",1481,0.97299,0.96515,949,921,0.9705,0.0414,0.0216,3.944,0.0772,0.9846,2.2
"1","expedited_i <= 0.500 & percent_abawd > 0.750 & unc_rawben_rel_max > 0.998 & utilities <= 9.500","ranger",1481,0.97299,0.96515,951,923,0.9706,0.0415,0.0216,3.952,0.0772,0.9846,2.2
"1","children_i <   1 & count_divisible_by_100 <   1 & homeless >=   1 & total_deductions_by_hh_size < 126","xgboost",3247,0.97043,0.96514,1552,1517,0.9774,0.0682,0.0273,6.45,0.0772,0.9846,2.2
"1","elderly_disabled_i <= 0.5 & homeless <= 0.5 & shelter_expenses_by_hh_size <= 5.5","ranger",6159,0.96899,0.96514,3385,3273,0.9669,0.1472,0.0881,14.067,0.0772,0.9846,2.2
"1","cat_elig >   0.5 & months_since_cert_n <=  37.0 & total_deductions_by_hh_size <=   2.8 & utilities <= 194.0","ranger",10373,0.96809,0.96513,5415,5252,0.9699,0.2363,0.1149,22.503,0.0772,0.9846,2.2
"1","children_i <= 0.500 & expedited_i > 0.500 & married <= 0.500 & rawben_rel_max > 0.991","ranger",5852,0.96907,0.96513,2922,2816,0.9637,0.1267,0.0858,12.143,0.0772,0.9846,2.2
"1","children_i <   1.00 & shelter_expenses_by_hh_size < 300.00 & total_deductions_by_hh_size <   9.00 & unc_rawben_rel_max <   1.21","xgboost",7606,0.96858,0.96512,5932,5769,0.9725,0.2595,0.1136,24.652,0.0772,0.9846,2.2
"1","expedited_i >    0.500 & months_since_cert_n <=   36.000 & total_deductions_by_hh_size <= 1280.000 & unc_rawben_rel_max >    0.991","ranger",5882,0.96906,0.96512,2933,2828,0.9642,0.1272,0.0848,12.189,0.0772,0.9846,2.2
"1","months_since_cert_n <= 5.50 & percent_abawd > 0.75 & unc_rawben_rel_max > 1.00","ranger",2934,0.97069,0.96512,1635,1592,0.9737,0.0716,0.0317,6.795,0.0772,0.9846,2.2
"1","married <=   0.500 & rawben_rel_max >   0.993 & shelter_expenses_by_hh_size <= 562.000","ranger",11505,0.96793,0.96511,5973,5773,0.9665,0.2597,0.1594,24.822,0.0772,0.9846,2.2
"1","married <   1 & total_deductions_by_hh_size <  55 & utilities < 436","xgboost",14628,0.9676,0.9651,7711,7444,0.9654,0.3349,0.166,32.045,0.0772,0.9846,2.2
"1","cat_elig >   0.5 & medical_deductions <=   0.5 & total_deductions_by_hh_size <= 117.0 & utilities <=  10.5","ranger",10542,0.96803,0.96509,5566,5399,0.97,0.2429,0.1192,23.131,0.0772,0.9846,2.2
"1","count_divisible_by_100 <= 0.5 & elderly_disabled_i > 0.5 & total_deductions_by_hh_size <= 2.8","ranger",4902,0.9694,0.96509,2480,2408,0.971,0.1083,0.0375,10.306,0.0772,0.9846,2.2
"1","months_since_cert_n >=  6.000 & rawben_rel_max <  0.084 & utilities >= 30.000","xgboost",2274,0.97142,0.96508,1110,1067,0.9613,0.048,0.0317,4.613,0.0772,0.9846,2.2
"1","cat_elig <=    1.500 & rawben_rel_max <=    0.085 & shelter_expenses_by_hh_size <= 1710.000 & utilities >   28.500","ranger",2524,0.97108,0.96507,1757,1698,0.9664,0.0764,0.0411,7.302,0.0772,0.9846,2.2
"1","children_i <=   0.5 & homeless <=   0.5 & total_deductions_by_hh_size <= 171.0 & utilities <=  29.5","ranger",9876,0.9681,0.96507,5399,5223,0.9674,0.235,0.1151,22.437,0.0772,0.9846,2.2
"1","elderly_disabled_i <   1.00 & rawben_rel_max >=   0.23 & total_deductions_by_hh_size < 186.00","xgboost",9459,0.96818,0.96507,4972,4813,0.968,0.2165,0.1165,20.662,0.0772,0.9846,2.2
"1","expedited_i <=   0.5 & months_since_cert_n <=  35.5 & shelter_expenses_by_hh_size <=   5.5 & total_deductions_by_hh_size <= 108.0","ranger",6842,0.96872,0.96507,3696,3581,0.9689,0.1611,0.0839,15.36,0.0772,0.9846,2.2
"1","children_i <  1.000 & rawben_rel_max <  0.395 & total_deductions_by_hh_size < 10.000 & unc_rawben_rel_max <  1.020","xgboost",3765,0.96999,0.96506,1875,1816,0.9685,0.0817,0.0278,7.792,0.0772,0.9846,2.2
"1","children_i <= 0.500 & expedited_i > 0.500 & rawben_rel_max > 0.991","ranger",5871,0.969,0.96506,2930,2823,0.9635,0.127,0.0867,12.176,0.0772,0.9846,2.2
"1","children_i <=  0.5 & shelter_expenses_by_hh_size <= 27.5","ranger",11246,0.9679,0.96505,5896,5712,0.9688,0.257,0.135,24.502,0.0772,0.9846,2.2
"1","expedited_i >= 1.000 & months_since_cert_n < 1.000 & rawben_rel_max >= 0.992 & unc_rawben_rel_max < 1.640","xgboost",510,0.97843,0.96505,253,251,0.9921,0.0113,0.0018,1.051,0.0772,0.9846,2.2
"1","medical_deductions >   3.500 & total_deductions_by_hh_size <= 464.000 & unc_rawben_rel_max <=   0.266","ranger",1086,0.97422,0.96505,495,482,0.9737,0.0217,0.006,2.057,0.0772,0.9846,2.2
"1","shelter_expenses_by_hh_size < 460.00 & total_deductions_by_hh_size < 159.00 & unc_rawben_rel_max <   1.99 & utilities <  34.00","xgboost",12974,0.9677,0.96505,6869,6658,0.9693,0.2995,0.1453,28.546,0.0772,0.9846,2.2
"1","months_since_cert_n >=   5 & shelter_expenses_by_hh_size >= 460 & total_deductions_by_hh_size < 170","xgboost",1701,0.97237,0.96504,879,828,0.942,0.0373,0.0255,3.653,0.0772,0.9846,2.2
"1","shelter_expenses_by_hh_size > 5.5 & total_deductions_by_hh_size <= 2.5","ranger",2865,0.97068,0.96504,1472,1427,0.9694,0.0642,0.0209,6.117,0.0772,0.9846,2.2
"1","count_divisible_by_100 <  1.00 & rawben_rel_max <  0.21 & total_deductions_by_hh_size < 10.00 & utilities < 30.00","xgboost",1314,0.97336,0.96503,574,566,0.9861,0.0255,0.0054,2.385,0.0772,0.9846,2.2
"1","cat_elig >   0.5 & homeless >   0.5 & total_deductions_by_hh_size <= 119.0 & utilities <=   8.0","ranger",2583,0.97096,0.96502,1232,1206,0.9789,0.0543,0.0209,5.12,0.0772,0.9846,2.2
"1","expedited_i <= 0.500 & months_since_cert_n <= 7.500 & unc_rawben_rel_max > 0.991 & utilities <= 9.500","ranger",4588,0.96949,0.96502,2513,2435,0.969,0.1095,0.0575,10.443,0.0772,0.9846,2.2
"1","medical_deductions <= 100.0 & shelter_expenses_by_hh_size >  14.5 & total_deductions_by_hh_size <=   2.5","ranger",2864,0.97067,0.96502,1471,1426,0.9694,0.0642,0.0209,6.113,0.0772,0.9846,2.2
"1","rawben_rel_max <   0.364 & shelter_expenses_by_hh_size >= 351.000 & total_deductions_by_hh_size <  10.000","xgboost",1052,0.97433,0.96502,526,508,0.9658,0.0229,0.0083,2.186,0.0772,0.9846,2.2
"1","rawben_rel_max >=   0.992 & unc_rawben_rel_max <   1.140 & utilities >= 852.000","xgboost",438,0.97945,0.96501,301,287,0.9535,0.0129,0.0105,1.251,0.0772,0.9846,2.2
"1","cat_elig >=  2.0 & percent_abawd <  0.5 & total_deductions_by_hh_size <  9.0 & utilities < 32.0","xgboost",3171,0.97036,0.96499,255,251,0.9843,0.0113,0.0037,1.06,0.0772,0.9846,2.2
"1","medical_deductions <= 0.5 & shelter_expenses_by_hh_size > 5.5 & total_deductions_by_hh_size <= 2.5","ranger",2861,0.97064,0.96499,1472,1427,0.9694,0.0642,0.0209,6.117,0.0772,0.9846,2.2
"1","percent_abawd <=   0.75 & total_deductions_by_hh_size <= 150.00 & utilities <=  14.50","ranger",10095,0.968,0.96499,5168,5004,0.9683,0.2251,0.1072,21.477,0.0772,0.9846,2.2
"1","cat_elig >   0.5 & shelter_expenses_by_hh_size <= 324.0 & total_deductions_by_hh_size <=   2.8","ranger",10030,0.968,0.96498,5218,5058,0.9693,0.2276,0.1132,21.685,0.0772,0.9846,2.2
"1","expedited_i > 0.5 & utilities <= 5.0","ranger",4521,0.96948,0.96498,2213,2137,0.9657,0.0961,0.0576,9.197,0.0772,0.9846,2.2
"1","expedited_i <   1.00 & medical_deductions >= 135.00 & rawben_rel_max <   0.32 & utilities < 844.00","xgboost",1247,0.97354,0.96497,427,408,0.9555,0.0184,0.0066,1.775,0.0772,0.9846,2.2
"1","cat_elig < 1 & homeless >= 1 & months_since_cert_n >= 4","xgboost",211,0.98578,0.96496,105,102,0.9714,0.0046,0.002,0.436,0.0772,0.9846,2.2
"1","cat_elig > 0.5 & homeless <= 0.5 & total_deductions_by_hh_size <= 7.7","ranger",8771,0.96819,0.96496,4678,4529,0.9681,0.2038,0.1009,19.441,0.0772,0.9846,2.2
"1","cat_elig >   0.5 & shelter_expenses_by_hh_size <= 324.0 & total_deductions_by_hh_size <=   8.8 & unc_rawben_rel_max >  -4.1","ranger",10110,0.96795,0.96494,5260,5099,0.9694,0.2294,0.1135,21.859,0.0772,0.9846,2.2
"1","count_divisible_by_100 <=  0.50 & percent_abawd <=  0.75 & shelter_expenses_by_hh_size <= 13.00","ranger",8346,0.96825,0.96494,4203,4072,0.9688,0.1832,0.0938,17.467,0.0772,0.9846,2.2
"1","expedited_i <   1.00 & total_deductions_by_hh_size < 828.00 & unc_rawben_rel_max >=   1.02 & unc_rawben_rel_max <   1.61","xgboost",8044,0.9683,0.96493,4327,4183,0.9667,0.1882,0.1103,17.982,0.0772,0.9846,2.2
"1","medical_deductions <=  662.000 & rawben_rel_max <=    0.085 & total_deductions_by_hh_size <= 1330.000 & utilities >   12.500","ranger",4055,0.96967,0.96491,1887,1822,0.9656,0.082,0.046,7.842,0.0772,0.9846,2.2
"1","children_i <=   0.5 & medical_deductions <= 140.0 & percent_abawd <=   0.5 & shelter_expenses_by_hh_size <=  32.5","ranger",8488,0.96819,0.9649,4279,4142,0.968,0.1863,0.0961,17.782,0.0772,0.9846,2.2
"1","medical_deductions <= 0.5 & months_since_cert_n > 4.5 & total_deductions_by_hh_size <= 2.5","ranger",6114,0.96876,0.96489,3243,3142,0.9689,0.1414,0.071,13.477,0.0772,0.9846,2.2
"1","expedited_i <=   0.5 & months_since_cert_n <=   5.5 & total_deductions_by_hh_size <= 117.0 & utilities <=   9.5","ranger",5025,0.96915,0.96488,2735,2658,0.9718,0.1196,0.0518,11.366,0.0772,0.9846,2.2
"1","months_since_cert_n < 4.000 & percent_abawd >= 1.000 & rawben_rel_max >= 0.828","xgboost",2292,0.9712,0.96488,1264,1237,0.9786,0.0557,0.0194,5.253,0.0772,0.9846,2.2
"1","cat_elig > 0.50 & percent_abawd <= 0.75 & total_deductions_by_hh_size <= 8.80","ranger",9106,0.96804,0.96487,4582,4445,0.9701,0.2,0.0875,19.042,0.0772,0.9846,2.2
"1","expedited_i < 1.000 & rawben_rel_max < 0.084","xgboost",5051,0.96912,0.96485,2367,2284,0.9649,0.1028,0.0573,9.837,0.0772,0.9846,2.2
"1","cat_elig > 0.500 & count_divisible_by_100 <= 1.500 & rawben_rel_max > 0.991 & utilities <= 9.500","ranger",8294,0.96817,0.96484,4388,4239,0.966,0.1907,0.1195,18.235,0.0772,0.9846,2.2
"1","children_i <=  0.500 & total_deductions_by_hh_size <=  8.900 & unc_rawben_rel_max <=  0.257 & utilities > 30.500","ranger",1627,0.97234,0.96483,794,761,0.9584,0.0342,0.0153,3.3,0.0772,0.9846,2.2
"1","count_divisible_by_100 <= 0.500 & months_since_cert_n <= 5.500 & rawben_rel_max > 0.991 & unc_rawben_rel_max <= 2.580","ranger",10998,0.96772,0.96483,5625,5451,0.9691,0.2452,0.1309,23.376,0.0772,0.9846,2.2
"1","cat_elig >=  2.000 & expedited_i >=  1.000 & rawben_rel_max >=  0.924 & utilities < 56.000","xgboost",1690,0.97219,0.96482,142,137,0.9648,0.0062,0.0036,0.59,0.0772,0.9846,2.2
"1","children_i <= 0.50 & count_divisible_by_100 <= 1.50 & months_since_cert_n <= 5.50 & unc_rawben_rel_max > 1.02","ranger",10936,0.96772,0.96482,5651,5471,0.9681,0.2461,0.1367,23.484,0.0772,0.9846,2.2
"1","elderly_disabled_i >  0.500 & shelter_expenses_by_hh_size <= 13.000 & unc_rawben_rel_max <=  0.459","ranger",1046,0.97419,0.96482,521,505,0.9693,0.0227,0.0093,2.165,0.0772,0.9846,2.2
"1","cat_elig >   1.5 & elderly_disabled_i >   0.5 & total_deductions_by_hh_size <= 104.0 & utilities <=  12.5","ranger",947,0.97466,0.96481,63,63,1,0.0028,0,0.262,0.0772,0.9846,2.2
"1","children_i <=   0.5 & medical_deductions <= 140.0 & shelter_expenses_by_hh_size <=  32.5","ranger",11345,0.96765,0.96481,5953,5765,0.9684,0.2594,0.1371,24.739,0.0772,0.9846,2.2
"1","homeless <=   0.5 & shelter_expenses_by_hh_size <=   5.5 & total_deductions_by_hh_size <= 184.0","ranger",7987,0.9682,0.96481,4334,4197,0.9684,0.1888,0.1011,18.011,0.0772,0.9846,2.2
"1","rawben_rel_max >=   0.988 & total_deductions_by_hh_size < 307.000 & unc_rawben_rel_max <   1.050","xgboost",326,0.9816,0.96481,194,191,0.9845,0.0086,0.0013,0.806,0.0772,0.9846,2.2
"1","rawben_rel_max <=    0.087 & unc_rawben_rel_max >   -3.510 & utilities >   14.500 & utilities <= 1170.000","ranger",4070,0.96953,0.96478,1902,1835,0.9648,0.0826,0.0479,7.904,0.0772,0.9846,2.2
"1","percent_abawd <=  0.750 & rawben_rel_max >  0.991 & utilities <= 12.500","ranger",7289,0.96831,0.96476,3674,3551,0.9665,0.1598,0.0951,15.268,0.0772,0.9846,2.2
"1","expedited_i <= 0.500 & rawben_rel_max <= 0.087 & unc_rawben_rel_max <= 0.329","ranger",5096,0.969,0.96475,2384,2301,0.9652,0.1035,0.0573,9.907,0.0772,0.9846,2.2
"1","cat_elig > 0.5 & homeless <= 0.5 & total_deductions_by_hh_size <= 8.8","ranger",8802,0.96796,0.96473,4699,4546,0.9674,0.2045,0.1024,19.528,0.0772,0.9846,2.2
"1","elderly_disabled_i >  0.500 & rawben_rel_max >  0.085 & unc_rawben_rel_max <=  0.312 & utilities <= 30.500","ranger",1527,0.9725,0.96473,793,774,0.976,0.0348,0.0097,3.296,0.0772,0.9846,2.2
"1","expedited_i <=  0.5000 & shelter_expenses_by_hh_size <= 29.5000 & total_deductions_by_hh_size <= 56.7000 & unc_rawben_rel_max > -0.0389","ranger",6596,0.96847,0.96473,3595,3482,0.9686,0.1566,0.0834,14.94,0.0772,0.9846,2.2
"1","cat_elig >=   2 & expedited_i >=   1 & medical_deductions < 142 & total_deductions_by_hh_size <  59","xgboost",1622,0.97226,0.96472,139,135,0.9712,0.0061,0.0027,0.578,0.0772,0.9846,2.2
"1","count_divisible_by_100 <  1.00 & unc_rawben_rel_max >=  1.01 & utilities < 54.00","xgboost",10047,0.96775,0.96472,5280,5103,0.9665,0.2296,0.1395,21.942,0.0772,0.9846,2.2
"1","married <= 0.50 & shelter_expenses_by_hh_size <= 5.50 & unc_rawben_rel_max <= 1.93","ranger",11318,0.96757,0.96472,5927,5737,0.9679,0.2581,0.1402,24.631,0.0772,0.9846,2.2
"1","total_deductions_by_hh_size < 135.00 & unc_rawben_rel_max <   2.52 & utilities <  45.00","xgboost",13439,0.96733,0.96472,7101,6878,0.9686,0.3094,0.1508,29.51,0.0772,0.9846,2.2
"1","elderly_disabled_i <=   0.5 & expedited_i <=   0.5 & shelter_expenses_by_hh_size <=   4.5 & total_deductions_by_hh_size <= 184.0","ranger",5061,0.96898,0.96471,2810,2721,0.9683,0.1224,0.0672,11.678,0.0772,0.9846,2.2
"1","total_deductions_by_hh_size < 888.000 & unc_rawben_rel_max <  -0.016 & utilities < 302.000","xgboost",1589,0.97231,0.96469,656,637,0.971,0.0287,0.0134,2.726,0.0772,0.9846,2.2
"1","cat_elig <   1 & months_since_cert_n <   9 & shelter_expenses_by_hh_size < 869 & total_deductions_by_hh_size < 595","xgboost",2744,0.97048,0.96468,1406,1356,0.9644,0.061,0.0252,5.843,0.0772,0.9846,2.2
"1","cat_elig < 1.00 & children_i < 1.00 & count_divisible_by_100 < 1.00 & rawben_rel_max >= 0.64","xgboost",2651,0.97058,0.96468,1390,1342,0.9655,0.0604,0.0269,5.777,0.0772,0.9846,2.2
"1","elderly_disabled_i <   1.000 & percent_abawd <   0.500 & rawben_rel_max >=   0.945 & utilities < 577.000","xgboost",7956,0.96807,0.96467,4048,3916,0.9674,0.1762,0.1112,16.823,0.0772,0.9846,2.2
"1","shelter_expenses_by_hh_size >=  44 & total_deductions_by_hh_size <   9 & utilities < 789","xgboost",2835,0.97037,0.96467,1467,1420,0.968,0.0639,0.0212,6.096,0.0772,0.9846,2.2
"1","cat_elig > 0.500 & married <= 0.500 & unc_rawben_rel_max > 0.991 & unc_rawben_rel_max <= 1.810","ranger",13947,0.96723,0.96466,7345,7088,0.965,0.3189,0.1959,30.524,0.0772,0.9846,2.2
"1","elderly_disabled_i <=   0.5 & expedited_i <=   0.5 & months_since_cert_n <=   5.5 & total_deductions_by_hh_size <= 113.0","ranger",3904,0.96952,0.96466,2143,2079,0.9701,0.0935,0.0467,8.906,0.0772,0.9846,2.2
"1","children_i <= 0.500 & elderly_disabled_i <= 0.500 & unc_rawben_rel_max > 0.943","ranger",12503,0.96737,0.96465,6563,6349,0.9674,0.2856,0.1761,27.274,0.0772,0.9846,2.2
"1","married <= 0.5 & shelter_expenses_by_hh_size <= 5.5","ranger",11324,0.9675,0.96465,5931,5741,0.968,0.2583,0.1402,24.648,0.0772,0.9846,2.2
"1","months_since_cert_n > 4.500 & percent_abawd <= 0.250 & rawben_rel_max > 0.941 & shelter_expenses_by_hh_size <= 5.500","ranger",2587,0.97062,0.96465,1323,1281,0.9683,0.0576,0.033,5.498,0.0772,0.9846,2.2
"1","months_since_cert_n >=   3.000 & shelter_expenses_by_hh_size < 755.000 & unc_rawben_rel_max <  -0.347","xgboost",777,0.97555,0.96465,345,334,0.9681,0.015,0.0101,1.434,0.0772,0.9846,2.2
"1","months_since_cert_n >=   4.000 & rawben_rel_max <   0.199 & shelter_expenses_by_hh_size < 664.000 & unc_rawben_rel_max <   0.056","xgboost",1965,0.9715,0.96465,889,847,0.9528,0.0381,0.0285,3.694,0.0772,0.9846,2.2
"1","rawben_rel_max <=  0.9760 & total_deductions_by_hh_size >  2.5000 & total_deductions_by_hh_size <= 53.6000 & unc_rawben_rel_max <=  0.0887","ranger",287,0.98258,0.96465,140,132,0.9429,0.0059,0.0036,0.582,0.0772,0.9846,2.2
"1","elderly_disabled_i <= 0.5 & months_since_cert_n <= 4.5 & utilities <= 9.5","ranger",6459,0.96842,0.96464,3380,3279,0.9701,0.1475,0.0728,14.046,0.0772,0.9846,2.2
"1","married <=  0.50 & percent_abawd <=  0.25 & shelter_expenses_by_hh_size <= 12.50","ranger",8511,0.96792,0.96463,4274,4136,0.9677,0.1861,0.0984,17.762,0.0772,0.9846,2.2
"1","cat_elig > 0.500 & percent_abawd <= 1.500 & unc_rawben_rel_max > 0.991 & utilities <= 5.000","ranger",8302,0.96796,0.96462,4383,4232,0.9655,0.1904,0.1207,18.215,0.0772,0.9846,2.2
"1","cat_elig >= 1.0000 & total_deductions_by_hh_size < 9.0000 & unc_rawben_rel_max >= 0.0172","xgboost",10018,0.96766,0.96462,5288,5119,0.968,0.2303,0.1164,21.976,0.0772,0.9846,2.2
"1","percent_abawd <=  0.75 & unc_rawben_rel_max >  1.00 & utilities <= 14.50","ranger",7261,0.96819,0.96462,3666,3543,0.9664,0.1594,0.0951,15.235,0.0772,0.9846,2.2
"1","homeless <= 0.500 & rawben_rel_max <= 0.085 & unc_rawben_rel_max <= 1.930 & utilities > 8.000","ranger",4019,0.9694,0.9646,1864,1803,0.9673,0.0811,0.0431,7.746,0.0772,0.9846,2.2
"1","children_i <= 0.500 & elderly_disabled_i <= 0.500 & rawben_rel_max > 0.941","ranger",12509,0.9673,0.96459,6563,6349,0.9674,0.2856,0.1761,27.274,0.0772,0.9846,2.2
"1","cat_elig >  0.5 & expedited_i >  0.5 & shelter_expenses_by_hh_size <= 32.0","ranger",3348,0.96983,0.96458,1632,1587,0.9724,0.0714,0.0382,6.782,0.0772,0.9846,2.2
"1","expedited_i <=   0.50 & percent_abawd <=   0.25 & total_deductions_by_hh_size <=   7.80 & utilities <= 294.00","ranger",7251,0.96814,0.96457,3656,3534,0.9666,0.159,0.0771,15.193,0.0772,0.9846,2.2
"1","percent_abawd <=   0.75 & shelter_expenses_by_hh_size <=   5.50 & total_deductions_by_hh_size <= 242.00","ranger",8408,0.96789,0.96457,4217,4090,0.9699,0.184,0.0897,17.525,0.0772,0.9846,2.2
"1","rawben_rel_max >=   1.00 & total_deductions_by_hh_size >= 455.00 & unc_rawben_rel_max <   1.73 & utilities < 688.00","xgboost",2550,0.97059,0.96457,1223,1181,0.9657,0.0531,0.0265,5.082,0.0772,0.9846,2.2
"1","elderly_disabled_i >=   1.000 & rawben_rel_max <   0.278 & total_deductions_by_hh_size < 549.000 & utilities <  54.000","xgboost",3010,0.9701,0.96456,1403,1358,0.9679,0.0611,0.022,5.831,0.0772,0.9846,2.2
"1","homeless <   1.00 & rawben_rel_max <   0.08 & total_deductions_by_hh_size < 842.00","xgboost",2302,0.97089,0.96456,0,0,NA,0,0,0,0.0772,0.9846,2.2
"1","cat_elig >   0.5 & months_since_cert_n <=   5.5 & total_deductions_by_hh_size <=  30.9 & utilities <= 360.0","ranger",6861,0.96823,0.96455,3541,3438,0.9709,0.1547,0.0655,14.716,0.0772,0.9846,2.2
"1","cat_elig >  0.5000 & married <=  0.5000 & total_deductions_by_hh_size <=  8.8000 & unc_rawben_rel_max > -0.0389","ranger",10173,0.96756,0.96455,5351,5179,0.9679,0.233,0.1172,22.237,0.0772,0.9846,2.2
"1","medical_deductions <=  3.50 & shelter_expenses_by_hh_size <= 13.00 & unc_rawben_rel_max <=  1.93","ranger",11232,0.96741,0.96454,5878,5692,0.9684,0.2561,0.1386,24.428,0.0772,0.9846,2.2
"1","medical_deductions <= 0.5 & shelter_expenses_by_hh_size <= 5.5","ranger",11230,0.96741,0.96454,5875,5689,0.9683,0.2559,0.1386,24.415,0.0772,0.9846,2.2
"1","medical_deductions >   0.500 & months_since_cert_n <=   5.500 & unc_rawben_rel_max <=   0.265 & utilities <= 924.000","ranger",640,0.97656,0.96454,275,264,0.96,0.0119,0.0045,1.143,0.0772,0.9846,2.2
"1","shelter_expenses_by_hh_size <  916.00 & total_deductions_by_hh_size < 1010.00 & unc_rawben_rel_max <   -0.56","xgboost",640,0.97656,0.96454,286,278,0.972,0.0125,0.0072,1.189,0.0772,0.9846,2.2
"1","cat_elig > 0.500 & unc_rawben_rel_max > 0.991 & utilities <= 5.000","ranger",8310,0.96787,0.96453,4396,4245,0.9657,0.191,0.1207,18.269,0.0772,0.9846,2.2
"1","months_since_cert_n >=  6 & months_since_cert_n < 14 & total_deductions_by_hh_size < 14","xgboost",3769,0.96949,0.96453,2068,1998,0.9662,0.0899,0.0508,8.594,0.0772,0.9846,2.2
"1","cat_elig > 0.500 & rawben_rel_max > 0.993 & utilities <= 9.500","ranger",8306,0.96785,0.96452,4393,4242,0.9656,0.1908,0.1207,18.256,0.0772,0.9846,2.2
"1","total_deductions_by_hh_size <= 63.1","ranger",15265,0.96698,0.96452,7976,7697,0.965,0.3463,0.1744,33.146,0.0772,0.9846,2.2
"1","cat_elig <=   1.500 & rawben_rel_max >   0.816 & utilities > 850.000","ranger",1486,0.97241,0.96451,1596,1512,0.9474,0.068,0.0595,6.633,0.0772,0.9846,2.2
"1","children_i <=  0.50 & homeless <=  0.50 & shelter_expenses_by_hh_size <= 13.00 & unc_rawben_rel_max <=  1.32","ranger",7980,0.96792,0.96451,4330,4191,0.9679,0.1885,0.103,17.994,0.0772,0.9846,2.2
"1","cat_elig <=  0.5 & homeless <=  0.5 & months_since_cert_n <= 26.5 & utilities <= 26.0","ranger",1675,0.97194,0.9645,902,875,0.9701,0.0394,0.0147,3.748,0.0772,0.9846,2.2
"1","medical_deductions < 189.000 & unc_rawben_rel_max >=   0.996 & unc_rawben_rel_max <   1.110 & utilities >= 431.000","xgboost",1166,0.97341,0.9645,576,547,0.9497,0.0246,0.0193,2.394,0.0772,0.9846,2.2
"1","cat_elig >=  1 & months_since_cert_n < 18 & total_deductions_by_hh_size < 14","xgboost",10628,0.96744,0.96449,5595,5414,0.9676,0.2436,0.1208,23.251,0.0772,0.9846,2.2
"1","count_divisible_by_100 <  1.000 & months_since_cert_n >=  3.000 & total_deductions_by_hh_size <  4.400 & unc_rawben_rel_max >= -0.004","xgboost",7707,0.96795,0.96448,4057,3936,0.9702,0.1771,0.0834,16.86,0.0772,0.9846,2.2
"1","cat_elig <    1 & months_since_cert_n >=    3 & shelter_expenses_by_hh_size < 1110 & total_deductions_by_hh_size <  303","xgboost",1955,0.97136,0.96447,1010,980,0.9703,0.0441,0.0155,4.197,0.0772,0.9846,2.2
"1","cat_elig <  2 & total_deductions_by_hh_size < 92 & utilities < 57","xgboost",8885,0.9677,0.96447,6717,6510,0.9692,0.2929,0.1407,27.914,0.0772,0.9846,2.2
"1","months_since_cert_n > 5.50 & percent_abawd <= 0.50 & total_deductions_by_hh_size <= 3.50 & unc_rawben_rel_max <= 1.96","ranger",4366,0.96908,0.96447,2255,2189,0.9707,0.0985,0.0428,9.371,0.0772,0.9846,2.2
"1","homeless <=  0.5 & months_since_cert_n <= 14.5 & shelter_expenses_by_hh_size <=  5.5","ranger",7583,0.96795,0.96446,4163,4027,0.9673,0.1812,0.1019,17.3,0.0772,0.9846,2.2
"1","cat_elig <= 0.5 & medical_deductions <= 0.5 & months_since_cert_n <= 5.5","ranger",2634,0.97039,0.96445,1330,1287,0.9677,0.0579,0.0223,5.527,0.0772,0.9846,2.2
"1","children_i <=   0.500 & medical_deductions <= 100.000 & months_since_cert_n <=   5.500 & rawben_rel_max >   0.991","ranger",11027,0.96735,0.96445,5729,5547,0.9682,0.2496,0.1363,23.808,0.0772,0.9846,2.2
"1","children_i <= 0.5 & homeless <= 0.5 & married <= 0.5 & shelter_expenses_by_hh_size <= 5.5","ranger",7966,0.96786,0.96445,4327,4188,0.9679,0.1884,0.1021,17.982,0.0772,0.9846,2.2
"1","children_i <= 0.50 & months_since_cert_n <= 5.50 & unc_rawben_rel_max > 1.02","ranger",10968,0.96736,0.96445,5664,5483,0.968,0.2467,0.137,23.538,0.0772,0.9846,2.2
"1","count_divisible_by_100 <  1.0 & medical_deductions <  4.0 & rawben_rel_max >=  0.1 & total_deductions_by_hh_size < 50.0","xgboost",12521,0.96718,0.96445,6676,6444,0.9652,0.2899,0.1477,27.744,0.0772,0.9846,2.2
"1","expedited_i <=   0.5 & total_deductions_by_hh_size <= 119.0 & utilities <=   5.0","ranger",8408,0.96777,0.96445,4582,4439,0.9688,0.1997,0.0969,19.042,0.0772,0.9846,2.2
"1","homeless >=  1.0 & percent_abawd <  0.5 & utilities < 48.0","xgboost",2603,0.97042,0.96445,1158,1116,0.9637,0.0502,0.0276,4.812,0.0772,0.9846,2.2
"1","months_since_cert_n >=   3.00 & total_deductions_by_hh_size < 198.00 & unc_rawben_rel_max >=   1.15","xgboost",5562,0.96854,0.96445,2900,2803,0.9666,0.1261,0.0775,12.052,0.0772,0.9846,2.2
"1","months_since_cert_n >=  2.0 & total_deductions_by_hh_size < 22.4","xgboost",11026,0.96735,0.96445,5740,5548,0.9666,0.2496,0.1197,23.854,0.0772,0.9846,2.2
"1","elderly_disabled_i <   1.000 & unc_rawben_rel_max >=   0.772 & utilities < 388.000","xgboost",10642,0.96739,0.96444,5505,5323,0.9669,0.2395,0.1455,22.877,0.0772,0.9846,2.2
"1","expedited_i <=  0.5 & homeless >  0.5 & total_deductions_by_hh_size <= 63.3 & utilities <= 30.5","ranger",1672,0.97189,0.96444,798,786,0.985,0.0354,0.0092,3.316,0.0772,0.9846,2.2
"1","married <=   0.5 & months_since_cert_n <=  13.5 & total_deductions_by_hh_size <= 292.0 & utilities <=   5.0","ranger",12369,0.96718,0.96444,6578,6361,0.967,0.2862,0.1438,27.337,0.0772,0.9846,2.2
"1","cat_elig >  0.5 & homeless >  0.5 & total_deductions_by_hh_size <= 56.5","ranger",2663,0.97033,0.96443,1280,1249,0.9758,0.0562,0.0244,5.319,0.0772,0.9846,2.2
"1","cat_elig >=  2 & children_i <  1 & total_deductions_by_hh_size < 40","xgboost",4811,0.96882,0.96443,415,407,0.9807,0.0183,0.0056,1.725,0.0772,0.9846,2.2
"1","expedited_i <= 0.500 & homeless > 0.500 & rawben_rel_max > 0.991 & unc_rawben_rel_max <= 2.010","ranger",1640,0.97195,0.96443,800,783,0.9788,0.0352,0.0135,3.325,0.0772,0.9846,2.2
"1","months_since_cert_n <  30.000 & rawben_rel_max >=   0.992 & total_deductions_by_hh_size < 616.000 & unc_rawben_rel_max <   1.860","xgboost",12014,0.9672,0.96443,6160,5950,0.9659,0.2677,0.168,25.599,0.0772,0.9846,2.2
"1","cat_elig >  0.5 & elderly_disabled_i <=  0.5 & homeless <=  0.5 & total_deductions_by_hh_size <= 75.5","ranger",5109,0.96868,0.96442,2814,2721,0.967,0.1224,0.074,11.694,0.0772,0.9846,2.2
"1","married <= 0.500 & months_since_cert_n <= 5.500 & unc_rawben_rel_max > 0.991 & unc_rawben_rel_max <= 2.600","ranger",11398,0.96727,0.96442,5869,5682,0.9681,0.2556,0.1403,24.39,0.0772,0.9846,2.2
"1","children_i <   1.00 & shelter_expenses_by_hh_size < 277.00 & unc_rawben_rel_max <   1.27 & utilities <  29.00","xgboost",11893,0.96721,0.96441,6317,6121,0.969,0.2754,0.1391,26.252,0.0772,0.9846,2.2
"1","homeless <=  0.500 & rawben_rel_max >  0.991 & utilities <= 14.500","ranger",7278,0.96799,0.96441,3989,3846,0.9642,0.173,0.1107,16.577,0.0772,0.9846,2.2
"1","cat_elig >=    1.00 & total_deductions_by_hh_size < 1780.00 & unc_rawben_rel_max >=    1.02 & unc_rawben_rel_max <    1.81","xgboost",13581,0.96701,0.9644,7148,6900,0.9653,0.3104,0.192,29.705,0.0772,0.9846,2.2
"1","months_since_cert_n <= 41.000 & rawben_rel_max <=  0.085 & utilities > 28.500","ranger",4024,0.96918,0.96438,1877,1811,0.9648,0.0815,0.0476,7.8,0.0772,0.9846,2.2
"1","children_i <=    0.5 & elderly_disabled_i >    0.5 & shelter_expenses_by_hh_size <= 1140.0 & total_deductions_by_hh_size <=    2.8","ranger",4982,0.96869,0.96437,2516,2443,0.971,0.1099,0.0383,10.456,0.0772,0.9846,2.2
"1","children_i <=   0.5 & shelter_expenses_by_hh_size >   5.5 & shelter_expenses_by_hh_size <= 554.0 & total_deductions_by_hh_size <=   2.5","ranger",2689,0.97025,0.96437,1387,1344,0.969,0.0605,0.019,5.764,0.0772,0.9846,2.2
"1","count_divisible_by_100 <= 0.5 & elderly_disabled_i <= 0.5 & homeless > 0.5 & percent_abawd <= 0.5","ranger",2381,0.9706,0.96435,1004,980,0.9761,0.0441,0.0172,4.172,0.0772,0.9846,2.2
"1","rawben_rel_max <= 0.578 & total_deductions_by_hh_size <= 2.500 & unc_rawben_rel_max <= 0.991","ranger",3931,0.96922,0.96435,1964,1906,0.9705,0.0857,0.0291,8.162,0.0772,0.9846,2.2
"1","medical_deductions <= 276.00 & percent_abawd <=   0.25 & shelter_expenses_by_hh_size <=   5.50","ranger",8530,0.96764,0.96434,4276,4137,0.9675,0.1861,0.0999,17.77,0.0772,0.9846,2.2
"1","elderly_disabled_i <= 0.5 & homeless > 0.5 & months_since_cert_n <= 5.5","ranger",2409,0.97053,0.96431,1180,1152,0.9763,0.0518,0.0192,4.904,0.0772,0.9846,2.2
"1","cat_elig >  0.5 & count_divisible_by_100 <=  1.5 & expedited_i >  0.5 & shelter_expenses_by_hh_size <= 33.5","ranger",3352,0.96957,0.9643,1632,1588,0.973,0.0714,0.0373,6.782,0.0772,0.9846,2.2
"1","cat_elig > 0.500 & unc_rawben_rel_max > 0.991 & unc_rawben_rel_max <= 1.790","ranger",13978,0.96688,0.96429,7348,7094,0.9654,0.3191,0.1944,30.537,0.0772,0.9846,2.2
"1","count_divisible_by_100 <=   0.5 & homeless >   0.5 & medical_deductions <= 152.0 & utilities <=  14.5","ranger",3199,0.96968,0.96428,1534,1488,0.97,0.0669,0.0328,6.375,0.0772,0.9846,2.2
"1","expedited_i > 0.500 & homeless <= 0.500 & months_since_cert_n <= 5.500 & unc_rawben_rel_max > 0.804","ranger",3290,0.9696,0.96428,1618,1566,0.9679,0.0705,0.0411,6.724,0.0772,0.9846,2.2
"1","married < 1.0000 & rawben_rel_max < 0.0893 & unc_rawben_rel_max >= 0.0000","xgboost",933,0.97428,0.96428,449,441,0.9822,0.0198,0.005,1.866,0.0772,0.9846,2.2
"1","children_i <= 0.5 & elderly_disabled_i > 0.5 & married <= 0.5 & total_deductions_by_hh_size <= 7.8","ranger",5058,0.96856,0.96427,2555,2481,0.971,0.1116,0.0381,10.618,0.0772,0.9846,2.2
"1","elderly_disabled_i <= 0.5 & homeless > 0.5 & married <= 0.5 & months_since_cert_n <= 5.5","ranger",2405,0.97048,0.96425,1179,1151,0.9763,0.0518,0.0192,4.9,0.0772,0.9846,2.2
"1","rawben_rel_max >=  0.992 & unc_rawben_rel_max <  1.700 & utilities >= 80.000","xgboost",5323,0.96844,0.96425,2849,2740,0.9617,0.1233,0.0772,11.84,0.0772,0.9846,2.2
"1","expedited_i <=  0.5 & homeless <=  0.5 & shelter_expenses_by_hh_size <=  5.5 & total_deductions_by_hh_size <= 89.8","ranger",5172,0.96848,0.96424,2905,2805,0.9656,0.1262,0.0732,12.072,0.0772,0.9846,2.2
"1","expedited_i >= 1.000 & months_since_cert_n < 4.000 & rawben_rel_max >= 0.488 & unc_rawben_rel_max >= 0.478","xgboost",3497,0.9694,0.96424,1619,1566,0.9673,0.0705,0.038,6.728,0.0772,0.9846,2.2
"1","medical_deductions <= 3.500 & months_since_cert_n <= 7.500 & rawben_rel_max > 0.993 & unc_rawben_rel_max <= 1.970","ranger",12823,0.96693,0.96424,6651,6429,0.9666,0.2892,0.1698,27.64,0.0772,0.9846,2.2
"1","months_since_cert_n <    6.000 & rawben_rel_max >=    0.992 & shelter_expenses_by_hh_size < 1440.000","xgboost",10991,0.96715,0.96424,5613,5443,0.9697,0.2449,0.1271,23.326,0.0772,0.9846,2.2
"1","months_since_cert_n <  12.000 & rawben_rel_max <   0.388 & shelter_expenses_by_hh_size < 863.000 & unc_rawben_rel_max <  -0.347","xgboost",899,0.97442,0.96423,393,381,0.9695,0.0171,0.0109,1.633,0.0772,0.9846,2.2
"1","months_since_cert_n <=   5.5 & shelter_expenses_by_hh_size <= 479.0 & utilities <=   8.0","ranger",8736,0.96749,0.96422,4549,4410,0.9694,0.1984,0.0942,18.905,0.0772,0.9846,2.2
"1","months_since_cert_n >  5.500 & months_since_cert_n <= 37.000 & rawben_rel_max >  0.991 & total_deductions_by_hh_size <= 28.500","ranger",2647,0.97015,0.96422,1442,1391,0.9646,0.0626,0.0445,5.993,0.0772,0.9846,2.2
"1","children_i <= 0.500 & rawben_rel_max <= 0.087 & utilities > 5.000","ranger",4065,0.969,0.96421,1894,1829,0.9657,0.0823,0.0464,7.871,0.0772,0.9846,2.2
"1","expedited_i <= 0.50 & homeless > 0.50 & unc_rawben_rel_max > 1.00 & unc_rawben_rel_max <= 1.98","ranger",1630,0.97178,0.96421,799,782,0.9787,0.0352,0.0135,3.32,0.0772,0.9846,2.2
"1","homeless <=  0.50 & percent_abawd <=  0.75 & shelter_expenses_by_hh_size <= 14.50 & total_deductions_by_hh_size <= 89.20","ranger",5790,0.96822,0.9642,3054,2963,0.9702,0.1333,0.067,12.692,0.0772,0.9846,2.2
"1","children_i <= 0.5 & elderly_disabled_i > 0.5 & total_deductions_by_hh_size <= 2.5","ranger",4987,0.96852,0.96419,2519,2446,0.971,0.11,0.0383,10.468,0.0772,0.9846,2.2
"1","months_since_cert_n <= 35.5 & shelter_expenses_by_hh_size <=  5.5","ranger",11347,0.96704,0.96417,5937,5745,0.9677,0.2585,0.1426,24.673,0.0772,0.9846,2.2
"1","cat_elig <=   0.5 & count_divisible_by_100 <=   1.5 & percent_abawd <=   0.5 & shelter_expenses_by_hh_size <= 644.0","ranger",2704,0.97004,0.96416,1353,1303,0.963,0.0586,0.0284,5.623,0.0772,0.9846,2.2
"1","rawben_rel_max <=  0.0887 & total_deductions_by_hh_size >  2.8000 & total_deductions_by_hh_size <= 52.9000","ranger",283,0.98233,0.96415,137,129,0.9416,0.0058,0.0036,0.569,0.0772,0.9846,2.2
"1","medical_deductions <= 631.0 & shelter_expenses_by_hh_size <=  14.5","ranger",11367,0.96701,0.96414,5950,5759,0.9679,0.2591,0.1417,24.727,0.0772,0.9846,2.2
"1","count_divisible_by_100 <=  1.5 & shelter_expenses_by_hh_size <= 14.5","ranger",11365,0.967,0.96413,5943,5755,0.9684,0.2589,0.1398,24.698,0.0772,0.9846,2.2
"1","expedited_i <=   0.500 & homeless >   0.500 & total_deductions_by_hh_size <= 751.000 & unc_rawben_rel_max >   0.991","ranger",1626,0.97171,0.96412,793,776,0.9786,0.0349,0.0135,3.296,0.0772,0.9846,2.2
"1","rawben_rel_max <   0.471 & shelter_expenses_by_hh_size >= 880.000 & total_deductions_by_hh_size < 422.000 & unc_rawben_rel_max <  -0.184","xgboost",356,0.98034,0.96412,171,170,0.9942,0.0076,8e-04,0.711,0.0772,0.9846,2.2
"1","months_since_cert_n <  21.000 & rawben_rel_max >=   0.955 & unc_rawben_rel_max <   1.210 & utilities < 334.000","xgboost",6011,0.96806,0.96411,5183,5030,0.9705,0.2263,0.1158,21.539,0.0772,0.9846,2.2
"1","months_since_cert_n > 5.50 & total_deductions_by_hh_size <= 3.50 & unc_rawben_rel_max <= 1.96","ranger",5094,0.96839,0.96411,2704,2619,0.9686,0.1178,0.0616,11.237,0.0772,0.9846,2.2
"1","shelter_expenses_by_hh_size <= 5.50 & unc_rawben_rel_max <= 1.93","ranger",11358,0.96698,0.96411,5942,5750,0.9677,0.2587,0.1426,24.694,0.0772,0.9846,2.2
"1","children_i <=   0.500 & medical_deductions <= 144.000 & months_since_cert_n <=   4.500 & rawben_rel_max >   0.995","ranger",9633,0.9672,0.96408,4982,4839,0.9713,0.2177,0.1074,20.704,0.0772,0.9846,2.1
"1","rawben_rel_max <=   0.085 & total_deductions_by_hh_size >   7.600 & total_deductions_by_hh_size <= 513.000 & utilities >   5.000","ranger",2363,0.97038,0.96408,1103,1066,0.9665,0.048,0.0237,4.584,0.0772,0.9846,2.1
"1","elderly_disabled_i <= 0.500 & rawben_rel_max > 0.991 & unc_rawben_rel_max <= 1.960","ranger",12791,0.96677,0.96407,6658,6432,0.9661,0.2894,0.1869,27.669,0.0772,0.9846,2.1
"1","elderly_disabled_i <= 0.500 & unc_rawben_rel_max > 0.991 & unc_rawben_rel_max <= 1.930","ranger",12790,0.96677,0.96406,6656,6431,0.9662,0.2893,0.1859,27.661,0.0772,0.9846,2.1
"1","rawben_rel_max <  0.164 & total_deductions_by_hh_size >= 73.000 & unc_rawben_rel_max < -0.056","xgboost",2209,0.97057,0.96406,992,958,0.9657,0.0431,0.0286,4.123,0.0772,0.9846,2.1
"1","married <=  0.50 & percent_abawd <=  0.75 & shelter_expenses_by_hh_size <= 14.50","ranger",8518,0.96736,0.96404,4274,4136,0.9677,0.1861,0.0984,17.762,0.0772,0.9846,2.1
"1","medical_deductions < 174 & months_since_cert_n <  14 & total_deductions_by_hh_size <  87 & utilities < 424","xgboost",13533,0.96667,0.96404,7176,6940,0.9671,0.3122,0.155,29.822,0.0772,0.9846,2.1
"1","cat_elig <= 0.5 & elderly_disabled_i <= 0.5 & percent_abawd <= 0.5","ranger",1715,0.97143,0.96403,838,814,0.9714,0.0366,0.0133,3.483,0.0772,0.9846,2.1
"1","cat_elig >  0.5000 & count_divisible_by_100 <=  1.5000 & total_deductions_by_hh_size <=  8.9000 & unc_rawben_rel_max > -0.0389","ranger",10202,0.96707,0.96403,5360,5187,0.9677,0.2334,0.1192,22.275,0.0772,0.9846,2.1
"1","children_i <=  0.500 & rawben_rel_max <=  0.085 & shelter_expenses_by_hh_size > 32.500 & unc_rawben_rel_max <=  0.268","ranger",4639,0.96853,0.96403,2166,2094,0.9668,0.0942,0.0517,9.001,0.0772,0.9846,2.1
"1","months_since_cert_n >=  27.000 & rawben_rel_max >=   0.896 & total_deductions_by_hh_size >= 400.000 & utilities >= 875.000","xgboost",165,0.98788,0.96403,127,124,0.9764,0.0056,0.0021,0.528,0.0772,0.9846,2.1
"1","elderly_disabled_i <= 0.50 & homeless > 0.50 & married <= 0.50 & percent_abawd <= 0.25","ranger",2419,0.97024,0.96401,1025,998,0.9737,0.0449,0.0194,4.26,0.0772,0.9846,2.1
"1","medical_deductions <= 155.000 & percent_abawd <=   0.250 & rawben_rel_max <=   0.087 & utilities >  14.500","ranger",3565,0.96914,0.96401,1670,1616,0.9677,0.0727,0.0375,6.94,0.0772,0.9846,2.1
"1","cat_elig >  0.5 & children_i <=  0.5 & elderly_disabled_i <=  0.5 & shelter_expenses_by_hh_size <= 14.5","ranger",7164,0.96762,0.964,3814,3692,0.968,0.1661,0.0963,15.85,0.0772,0.9846,2.1
"1","cat_elig >=   1.0 & shelter_expenses_by_hh_size < 376.0 & total_deductions_by_hh_size <  18.4","xgboost",10773,0.96695,0.964,5649,5462,0.9669,0.2457,0.124,23.476,0.0772,0.9846,2.1
"1","count_divisible_by_100 <= 0.5 & elderly_disabled_i > 0.5 & months_since_cert_n <= 9.5 & total_deductions_by_hh_size <= 2.8","ranger",3054,0.96955,0.964,1493,1445,0.9678,0.065,0.0254,6.205,0.0772,0.9846,2.1
"1","months_since_cert_n <   7.00 & total_deductions_by_hh_size < 121.00 & unc_rawben_rel_max <   1.29","xgboost",10628,0.96697,0.964,5457,5279,0.9674,0.2375,0.1114,22.678,0.0772,0.9846,2.1
"1","rawben_rel_max >=    0.99 & shelter_expenses_by_hh_size >= 1060.00 & unc_rawben_rel_max <    1.18 & utilities >=  819.00","xgboost",563,0.97691,0.96399,383,365,0.953,0.0164,0.0135,1.592,0.0772,0.9846,2.1
"1","cat_elig > 0.5 & expedited_i <= 0.5 & total_deductions_by_hh_size <= 2.8","ranger",8008,0.96741,0.96398,4261,4123,0.9676,0.1855,0.0918,17.708,0.0772,0.9846,2.1
"1","expedited_i >  0.5 & utilities <= 32.5","ranger",4573,0.96851,0.96398,2243,2164,0.9648,0.0974,0.0592,9.321,0.0772,0.9846,2.1
"1","children_i < 1.000 & months_since_cert_n < 6.000 & rawben_rel_max >= 0.992","xgboost",11197,0.96687,0.96397,5790,5603,0.9677,0.2521,0.1407,24.062,0.0772,0.9846,2.1
"1","expedited_i >=   1.00 & months_since_cert_n <  16.00 & total_deductions_by_hh_size < 616.00 & unc_rawben_rel_max >=   0.72","xgboost",5074,0.96827,0.96397,2363,2294,0.9708,0.1032,0.0547,9.82,0.0772,0.9846,2.1
"1","cat_elig <   2 & count_divisible_by_100 <   1 & total_deductions_by_hh_size <  82 & utilities < 388","xgboost",9777,0.96707,0.96396,7246,6984,0.9638,0.3142,0.1645,30.113,0.0772,0.9846,2.1
"1","months_since_cert_n >=    5.0000 & rawben_rel_max <    0.0893 & shelter_expenses_by_hh_size < 1400.0000","xgboost",3260,0.96933,0.96395,1538,1483,0.9642,0.0667,0.0379,6.392,0.0772,0.9846,2.1
"1","percent_abawd <=  1.5 & shelter_expenses_by_hh_size <= 14.0","ranger",11365,0.96683,0.96395,5941,5749,0.9677,0.2586,0.1426,24.689,0.0772,0.9846,2.1
"1","shelter_expenses_by_hh_size < 376.00 & total_deductions_by_hh_size < 104.00 & unc_rawben_rel_max <   1.27","xgboost",13727,0.96656,0.96394,7248,6995,0.9651,0.3147,0.1632,30.121,0.0772,0.9846,2.1
"1","cat_elig <= 0.5 & expedited_i <= 0.5 & medical_deductions <= 3.5 & utilities <= 7.5","ranger",1305,0.97241,0.96392,702,680,0.9687,0.0306,0.0123,2.917,0.0772,0.9846,2.1
"1","homeless <=  0.50 & unc_rawben_rel_max >  1.01 & utilities <= 26.00","ranger",7265,0.96752,0.96392,3976,3832,0.9638,0.1724,0.1117,16.523,0.0772,0.9846,2.1
"1","homeless >=   1.0 & percent_abawd <   0.5 & shelter_expenses_by_hh_size < 430.0","xgboost",2685,0.96983,0.96391,1197,1157,0.9666,0.0521,0.0269,4.974,0.0772,0.9846,2.1
"1","months_since_cert_n <= 36.500 & rawben_rel_max <=  0.085 & utilities >  8.000","ranger",4058,0.9687,0.96389,1889,1822,0.9645,0.082,0.0479,7.85,0.0772,0.9846,2.1
"1","cat_elig <= 0.5 & count_divisible_by_100 <= 0.5 & elderly_disabled_i <= 0.5 & homeless <= 0.5","ranger",1646,0.97145,0.96388,867,843,0.9723,0.0379,0.0125,3.603,0.0772,0.9846,2.1
"1","elderly_disabled_i <= 0.500 & married <= 0.500 & rawben_rel_max > 0.993","ranger",12668,0.96661,0.96388,6608,6377,0.965,0.2869,0.1892,27.461,0.0772,0.9846,2.1
"1","expedited_i <    1.000 & shelter_expenses_by_hh_size < 1800.000 & unc_rawben_rel_max <   -0.004 & utilities <  201.000","xgboost",1366,0.97218,0.96388,619,604,0.9758,0.0272,0.0098,2.572,0.0772,0.9846,2.1
"1","cat_elig >   1.500 & medical_deductions > 105.000 & medical_deductions <= 614.000 & rawben_rel_max <=   0.266","ranger",561,0.97683,0.96387,25,25,1,0.0011,0,0.104,0.0772,0.9846,2.1
"1","children_i <= 0.5 & elderly_disabled_i <= 0.5 & married <= 0.5 & utilities <= 8.0","ranger",9520,0.96702,0.96387,5031,4863,0.9666,0.2188,0.1235,20.908,0.0772,0.9846,2.1
"1","cat_elig >=   2.000 & medical_deductions < 478.000 & unc_rawben_rel_max <  -0.004","xgboost",1552,0.97165,0.96386,76,76,1,0.0034,0,0.316,0.0772,0.9846,2.1
"1","medical_deductions >=  23.00 & rawben_rel_max <   0.32 & shelter_expenses_by_hh_size < 652.00","xgboost",628,0.97611,0.96386,285,274,0.9614,0.0123,0.0054,1.184,0.0772,0.9846,2.1
"1","cat_elig <    1 & medical_deductions <   96 & shelter_expenses_by_hh_size < 2300 & utilities <  313","xgboost",2831,0.96962,0.96385,1536,1485,0.9668,0.0668,0.0274,6.383,0.0772,0.9846,2.1
"1","elderly_disabled_i > 0.500 & married <= 0.500 & rawben_rel_max <= 0.582 & shelter_expenses_by_hh_size <= 5.500","ranger",1208,0.97268,0.96385,594,574,0.9663,0.0258,0.0105,2.469,0.0772,0.9846,2.1
"1","count_divisible_by_100 <  1 & shelter_expenses_by_hh_size < 50 & utilities < 34","xgboost",11360,0.96673,0.96384,5979,5788,0.9681,0.2604,0.1403,24.847,0.0772,0.9846,2.1
"1","months_since_cert_n >  5.500 & rawben_rel_max >  0.991 & total_deductions_by_hh_size <= 28.500","ranger",2649,0.9698,0.96383,1445,1394,0.9647,0.0627,0.0445,6.005,0.0772,0.9846,2.1
"1","rawben_rel_max <   0.0893 & utilities >= 366.0000","xgboost",2648,0.96979,0.96382,1265,1227,0.97,0.0552,0.0287,5.257,0.0772,0.9846,2.1
"1","months_since_cert_n <  12.000 & rawben_rel_max >=   0.992 & shelter_expenses_by_hh_size >= 281.000 & unc_rawben_rel_max <   1.640","xgboost",3901,0.96873,0.96381,2070,1993,0.9628,0.0897,0.0525,8.602,0.0772,0.9846,2.1
"1","rawben_rel_max <    0.084 & shelter_expenses_by_hh_size < 1250.000 & utilities <  819.000","xgboost",4669,0.9683,0.96381,2180,2104,0.9651,0.0947,0.0526,9.06,0.0772,0.9846,2.1
"1","cat_elig <=   0.5 & elderly_disabled_i >   0.5 & shelter_expenses_by_hh_size <= 466.0 & total_deductions_by_hh_size <= 182.0","ranger",693,0.97547,0.9638,382,368,0.9634,0.0166,0.008,1.587,0.0772,0.9846,2.1
"1","elderly_disabled_i <=  0.500 & married <=  0.500 & months_since_cert_n <= 27.500 & rawben_rel_max >  0.967","ranger",12755,0.96652,0.9638,6662,6431,0.9653,0.2893,0.1892,27.686,0.0772,0.9846,2.1
"1","elderly_disabled_i >=    1 & shelter_expenses_by_hh_size < 1170 & total_deductions_by_hh_size >=  657 & utilities >=  850","xgboost",693,0.97547,0.9638,470,449,0.9553,0.0202,0.0145,1.953,0.0772,0.9846,2.1
"1","count_divisible_by_100 <=   1.500 & expedited_i >   0.500 & medical_deductions <= 132.000 & rawben_rel_max >   0.991","ranger",5929,0.96779,0.96379,2957,2847,0.9628,0.1281,0.0893,12.289,0.0772,0.9846,2.1
"1","elderly_disabled_i <   1.000 & rawben_rel_max >=   0.766 & unc_rawben_rel_max >=   1.180 & utilities < 452.000","xgboost",9382,0.96696,0.96379,4949,4779,0.9656,0.215,0.143,20.567,0.0772,0.9846,2.1
"1","cat_elig <  2 & count_divisible_by_100 <  1 & total_deductions_by_hh_size < 82","xgboost",10301,0.9668,0.96377,7664,7389,0.9641,0.3324,0.17,31.85,0.0772,0.9846,2.1
"1","children_i <=  0.5 & homeless <=  0.5 & married <=  0.5 & total_deductions_by_hh_size <= 73.6","ranger",12050,0.96656,0.96376,6492,6254,0.9633,0.2814,0.1379,26.979,0.0772,0.9846,2.1
"1","count_divisible_by_100 <  1.000 & rawben_rel_max >=  0.092 & total_deductions_by_hh_size < 59.000","xgboost",12825,0.96647,0.96376,6835,6592,0.9644,0.2966,0.1526,28.405,0.0772,0.9846,2.1
"1","elderly_disabled_i >    0.5 & shelter_expenses_by_hh_size <= 1140.0 & total_deductions_by_hh_size <=    2.5","ranger",4986,0.96811,0.96376,2518,2444,0.9706,0.11,0.0392,10.464,0.0772,0.9846,2.1
"1","count_divisible_by_100 <  1 & months_since_cert_n >=  3 & total_deductions_by_hh_size < 30","xgboost",9430,0.96691,0.96375,4870,4710,0.9671,0.2119,0.0993,20.239,0.0772,0.9846,2.1
"1","expedited_i <  1.000 & rawben_rel_max >=  0.124 & total_deductions_by_hh_size <  9.000 & unc_rawben_rel_max >= -0.004","xgboost",7664,0.96725,0.96374,4158,4015,0.9656,0.1806,0.0949,17.28,0.0772,0.9846,2.1
"1","medical_deductions < 220.0000 & unc_rawben_rel_max <  -0.0344 & utilities <  56.0000","xgboost",1173,0.97272,0.96374,528,513,0.9716,0.0231,0.0111,2.194,0.0772,0.9846,2.1
"1","cat_elig > 0.500 & homeless > 0.500 & rawben_rel_max > 0.991 & unc_rawben_rel_max <= 2.010","ranger",2731,0.96961,0.96372,1305,1274,0.9762,0.0573,0.0262,5.423,0.0772,0.9846,2.1
"1","cat_elig >= 1.00 & months_since_cert_n < 4.00 & percent_abawd >= 1.00 & unc_rawben_rel_max >= 1.04","xgboost",1823,0.97093,0.96372,998,972,0.9739,0.0437,0.019,4.147,0.0772,0.9846,2.1
"1","children_i <= 0.5 & elderly_disabled_i <= 0.5 & expedited_i > 0.5 & homeless > 0.5","ranger",1577,0.97146,0.96372,737,716,0.9715,0.0322,0.0169,3.063,0.0772,0.9846,2.1
"1","elderly_disabled_i <=   0.5 & total_deductions_by_hh_size <= 182.0","ranger",9537,0.96687,0.96372,5014,4847,0.9667,0.2181,0.1228,20.837,0.0772,0.9846,2.1
"1","months_since_cert_n <    6.000 & rawben_rel_max >=    0.876 & shelter_expenses_by_hh_size < 1750.000 & unc_rawben_rel_max >=    1.050","xgboost",10829,0.96666,0.96371,5502,5329,0.9686,0.2397,0.1312,22.865,0.0772,0.9846,2.1
"1","cat_elig > 0.5 & expedited_i <= 0.5 & total_deductions_by_hh_size <= 7.8","ranger",8117,0.96711,0.96369,4306,4166,0.9675,0.1874,0.0925,17.895,0.0772,0.9846,2.1
"1","elderly_disabled_i <   1.000 & unc_rawben_rel_max >=   0.908 & unc_rawben_rel_max <   1.180 & utilities < 417.000","xgboost",1359,0.97204,0.96369,716,705,0.9846,0.0317,0.0075,2.976,0.0772,0.9846,2.1
"1","children_i <=  0.50 & homeless <=  0.50 & shelter_expenses_by_hh_size <= 14.50 & unc_rawben_rel_max <=  1.93","ranger",7999,0.96712,0.96368,4337,4196,0.9675,0.1888,0.1044,18.024,0.0772,0.9846,2.1
"1","elderly_disabled_i <= 0.500 & percent_abawd <= 1.500 & rawben_rel_max > 0.996 & unc_rawben_rel_max > 0.991","ranger",12770,0.96641,0.96368,6648,6415,0.965,0.2886,0.1909,27.627,0.0772,0.9846,2.1
"1","months_since_cert_n >=   5 & months_since_cert_n <  29 & shelter_expenses_by_hh_size >= 460 & total_deductions_by_hh_size < 170","xgboost",1605,0.97134,0.96366,832,784,0.9423,0.0353,0.0239,3.458,0.0772,0.9846,2.1
"1","elderly_disabled_i <= 0.5 & months_since_cert_n > 4.5 & total_deductions_by_hh_size <= 0.1","ranger",2815,0.96945,0.96365,1523,1471,0.9659,0.0662,0.0444,6.329,0.0772,0.9846,2.1
"1","rawben_rel_max >=   0.992 & unc_rawben_rel_max <   1.810 & utilities >= 340.000","xgboost",5409,0.96783,0.96364,2939,2829,0.9626,0.1273,0.0806,12.214,0.0772,0.9846,2.1
"1","medical_deductions <= 152.0 & shelter_expenses_by_hh_size >   5.5 & shelter_expenses_by_hh_size <= 582.0 & total_deductions_by_hh_size <=   2.5","ranger",2723,0.96952,0.96362,1405,1361,0.9687,0.0612,0.0199,5.839,0.0772,0.9846,2.1
"1","months_since_cert_n < 4.000 & percent_abawd >= 0.500 & rawben_rel_max >= 0.811","xgboost",2302,0.97003,0.96361,1266,1238,0.9779,0.0557,0.0199,5.261,0.0772,0.9846,2.1
"1","cat_elig < 2.000 & months_since_cert_n < 6.000 & rawben_rel_max >= 0.992","xgboost",7347,0.9672,0.9636,5650,5456,0.9657,0.2455,0.1485,23.48,0.0772,0.9846,2.1
"1","rawben_rel_max <=  0.085 & unc_rawben_rel_max <=  0.392 & utilities > 30.500","ranger",3938,0.96851,0.9636,1838,1773,0.9646,0.0798,0.0466,7.638,0.0772,0.9846,2.1
"1","elderly_disabled_i > 0.500 & homeless > 0.500 & rawben_rel_max <= 0.383 & unc_rawben_rel_max <= 1.960","ranger",315,0.98095,0.96359,133,127,0.9549,0.0057,0.0038,0.553,0.0772,0.9846,2.1
"1","homeless > 0.5 & utilities <= 8.0","ranger",3257,0.96899,0.96359,1564,1515,0.9687,0.0682,0.0347,6.5,0.0772,0.9846,2.1
"1","months_since_cert_n <  5.0000 & rawben_rel_max <  0.0928 & unc_rawben_rel_max < -0.0040","xgboost",1510,0.97152,0.96359,645,630,0.9767,0.0283,0.012,2.68,0.0772,0.9846,2.1
"1","count_divisible_by_100 <   1 & shelter_expenses_by_hh_size >= 488 & total_deductions_by_hh_size < 154","xgboost",1571,0.97136,0.96358,788,750,0.9518,0.0337,0.0204,3.275,0.0772,0.9846,2.1
"1","elderly_disabled_i > 0.5 & total_deductions_by_hh_size <= 2.5","ranger",4991,0.96794,0.96358,2521,2447,0.9706,0.1101,0.0392,10.477,0.0772,0.9846,2.1
"1","expedited_i <=   0.500 & shelter_expenses_by_hh_size <= 346.000 & unc_rawben_rel_max >   0.987","ranger",6098,0.96753,0.96358,3359,3240,0.9646,0.1458,0.093,13.959,0.0772,0.9846,2.1
"1","homeless > 0.5 & medical_deductions <= 0.5 & utilities <= 9.5","ranger",3226,0.969,0.96358,1551,1504,0.9697,0.0677,0.0332,6.446,0.0772,0.9846,2.1
"1","cat_elig > 0.50 & expedited_i <= 0.50 & total_deductions_by_hh_size <= 8.80 & unc_rawben_rel_max <= 1.96","ranger",8147,0.96698,0.96357,4329,4185,0.9667,0.1883,0.0939,17.99,0.0772,0.9846,2.1
"1","elderly_disabled_i <   1.00 & total_deductions_by_hh_size < 803.00 & unc_rawben_rel_max >=   1.05 & unc_rawben_rel_max <   1.93","xgboost",12302,0.96635,0.96357,6434,6212,0.9655,0.2795,0.1835,26.738,0.0772,0.9846,2.1
"1","elderly_disabled_i <= 0.5 & homeless > 0.5 & married <= 0.5 & percent_abawd <= 0.5","ranger",2420,0.96983,0.96357,1025,998,0.9737,0.0449,0.0194,4.26,0.0772,0.9846,2.1
"1","rawben_rel_max <=    0.087 & utilities >   14.500 & utilities <= 1170.000","ranger",4081,0.96839,0.96357,1904,1837,0.9648,0.0826,0.0479,7.913,0.0772,0.9846,2.1
"1","cat_elig > 0.5 & expedited_i > 0.5 & homeless > 0.5 & utilities <= 9.5","ranger",1167,0.97258,0.96356,549,532,0.969,0.0239,0.0142,2.282,0.0772,0.9846,2.1
"1","children_i <=  0.5 & homeless <=  0.5 & shelter_expenses_by_hh_size <= 13.0","ranger",8001,0.967,0.96356,4341,4200,0.9675,0.189,0.1044,18.04,0.0772,0.9846,2.1
"1","shelter_expenses_by_hh_size < 29.00 & unc_rawben_rel_max <  1.33","xgboost",11272,0.96647,0.96356,5932,5742,0.968,0.2583,0.1405,24.652,0.0772,0.9846,2.1
"1","months_since_cert_n <  27.00 & shelter_expenses_by_hh_size < 432.00 & total_deductions_by_hh_size <  87.00 & unc_rawben_rel_max <   1.25","xgboost",14034,0.96615,0.96355,7435,7174,0.9649,0.3227,0.1629,30.898,0.0772,0.9846,2.1
"1","months_since_cert_n >=  5.000 & shelter_expenses_by_hh_size < 54.000 & unc_rawben_rel_max >=  0.996 & unc_rawben_rel_max <  1.640","xgboost",3608,0.96868,0.96355,1927,1858,0.9642,0.0836,0.0581,8.008,0.0772,0.9846,2.1
"1","children_i <= 0.500 & months_since_cert_n > 0.500 & months_since_cert_n <= 5.500 & unc_rawben_rel_max > 0.991","ranger",9606,0.96669,0.96354,4996,4828,0.9664,0.2172,0.1269,20.762,0.0772,0.9846,2.1
"1","count_divisible_by_100 <=  0.50 & elderly_disabled_i <=  0.50 & percent_abawd >  0.75 & shelter_expenses_by_hh_size <= 13.00","ranger",2747,0.96942,0.96354,1634,1584,0.9694,0.0713,0.0401,6.791,0.0772,0.9846,2.1
"1","expedited_i <=    0.5 & shelter_expenses_by_hh_size <=  280.0 & total_deductions_by_hh_size <=    7.5 & utilities <= 1050.0","ranger",7564,0.96708,0.96354,4024,3891,0.9669,0.175,0.0908,16.723,0.0772,0.9846,2.1
"1","shelter_expenses_by_hh_size >    5.5 & shelter_expenses_by_hh_size <= 1640.0 & total_deductions_by_hh_size <=    3.5","ranger",2896,0.96927,0.96354,1476,1431,0.9695,0.0644,0.0209,6.134,0.0772,0.9846,2.1
"1","cat_elig < 2 & expedited_i >= 1 & months_since_cert_n < 3","xgboost",1783,0.97084,0.96353,1207,1164,0.9644,0.0524,0.0299,5.016,0.0772,0.9846,2.1
"1","count_divisible_by_100 <=    1.5 & elderly_disabled_i >    0.5 & shelter_expenses_by_hh_size <= 1140.0 & total_deductions_by_hh_size <=    7.8","ranger",5071,0.96786,0.96353,2557,2481,0.9703,0.1116,0.0399,10.626,0.0772,0.9846,2.1
"1","children_i <   1 & total_deductions_by_hh_size < 117 & utilities < 341","xgboost",15072,0.96603,0.96352,7655,7410,0.968,0.3334,0.1559,31.812,0.0772,0.9846,2.1
"1","children_i <= 0.5 & elderly_disabled_i <= 0.5 & utilities <= 7.5","ranger",9543,0.96668,0.96352,5040,4870,0.9663,0.2191,0.1259,20.945,0.0772,0.9846,2.1
"1","expedited_i >   0.500 & medical_deductions <= 132.000 & rawben_rel_max >   0.991","ranger",5942,0.96752,0.96352,2961,2851,0.9629,0.1283,0.0893,12.305,0.0772,0.9846,2.1
"1","cat_elig <=   0.50 & unc_rawben_rel_max <=   1.96 & utilities > 553.00","ranger",350,0.98,0.96351,150,146,0.9733,0.0066,0.0019,0.623,0.0772,0.9846,2.1
"1","homeless >   0.5 & medical_deductions <= 152.0 & utilities <=  14.5","ranger",3250,0.96892,0.96351,1559,1510,0.9686,0.0679,0.0347,6.479,0.0772,0.9846,2.1
"1","married <   1.0 & shelter_expenses_by_hh_size < 528.0 & unc_rawben_rel_max >=   1.2 & utilities < 414.0","xgboost",9513,0.96668,0.96351,4989,4810,0.9641,0.2164,0.1433,20.733,0.0772,0.9846,2.1
"1","months_since_cert_n >= 12.000 & months_since_cert_n < 21.000 & rawben_rel_max <  0.256 & utilities < 34.000","xgboost",350,0.98,0.96351,179,177,0.9888,0.008,0.0018,0.744,0.0772,0.9846,2.1
"1","elderly_disabled_i <=  0.5 & months_since_cert_n <=  5.5 & utilities <= 26.0","ranger",7384,0.96709,0.9635,3830,3713,0.9695,0.167,0.084,15.917,0.0772,0.9846,2.1
"1","homeless <= 0.500 & months_since_cert_n <= 6.500 & percent_abawd > 0.750 & rawben_rel_max > 0.998","ranger",2565,0.96959,0.9635,1359,1316,0.9684,0.0592,0.0318,5.648,0.0772,0.9846,2.1
"1","medical_deductions > 100.000 & medical_deductions <= 200.000 & months_since_cert_n <=  25.500 & rawben_rel_max <=   0.344","ranger",1352,0.97189,0.9635,640,609,0.9516,0.0274,0.0116,2.66,0.0772,0.9846,2.1
"1","expedited_i >=   1 & homeless >=   1 & shelter_expenses_by_hh_size < 600","xgboost",1567,0.97128,0.96349,737,713,0.9674,0.0321,0.0184,3.063,0.0772,0.9846,2.1
"1","children_i <=   0.5 & months_since_cert_n <=   5.5 & shelter_expenses_by_hh_size <= 591.0 & utilities <=  30.5","ranger",9016,0.96673,0.96348,4679,4542,0.9707,0.2043,0.091,19.445,0.0772,0.9846,2.1
"1","expedited_i > 0.500 & medical_deductions <= 2.500 & unc_rawben_rel_max > 0.991","ranger",5935,0.96748,0.96348,2959,2850,0.9632,0.1282,0.0884,12.297,0.0772,0.9846,2.1
"1","count_divisible_by_100 <= 1.500 & elderly_disabled_i <= 0.500 & rawben_rel_max > 0.991","ranger",12778,0.96619,0.96346,6652,6421,0.9653,0.2889,0.1896,27.644,0.0772,0.9846,2.1
"1","homeless <=  0.500 & rawben_rel_max >  0.993 & utilities <= 29.500","ranger",7347,0.96706,0.96346,4015,3869,0.9636,0.1741,0.1136,16.685,0.0772,0.9846,2.1
"1","cat_elig <= 0.5 & elderly_disabled_i <= 0.5 & homeless <= 0.5 & months_since_cert_n <= 5.5","ranger",1442,0.97157,0.96344,762,738,0.9685,0.0332,0.0125,3.167,0.0772,0.9846,2.1
"1","children_i <=   0.5 & homeless >   0.5 & total_deductions_by_hh_size <= 171.0","ranger",3362,0.96877,0.96344,1610,1566,0.9727,0.0705,0.0321,6.691,0.0772,0.9846,2.1
"1","married <  1 & months_since_cert_n >=  1 & shelter_expenses_by_hh_size < 29 & utilities < 44","xgboost",10292,0.96648,0.96344,5407,5229,0.9671,0.2352,0.1297,22.47,0.0772,0.9846,2.1
"1","elderly_disabled_i <= 0.500 & unc_rawben_rel_max > 0.996","ranger",12797,0.96616,0.96343,6674,6440,0.9649,0.2897,0.1918,27.736,0.0772,0.9846,2.1
"1","months_since_cert_n >=   7 & shelter_expenses_by_hh_size >=  44 & total_deductions_by_hh_size <   9 & utilities < 789","xgboost",1595,0.97116,0.96343,853,833,0.9766,0.0375,0.0093,3.545,0.0772,0.9846,2.1
"1","cat_elig >=   2 & months_since_cert_n <   4 & total_deductions_by_hh_size <  43 & utilities < 475","xgboost",2140,0.97009,0.96342,167,164,0.982,0.0074,0.0023,0.694,0.0772,0.9846,2.1
"1","elderly_disabled_i > 0.5 & months_since_cert_n > 0.5 & total_deductions_by_hh_size <= 2.7","ranger",4736,0.96791,0.96342,2402,2333,0.9713,0.105,0.0354,9.982,0.0772,0.9846,2.1
"1","cat_elig >   0.5 & total_deductions_by_hh_size <= 150.0 & utilities <=   8.0","ranger",10854,0.96637,0.96341,5754,5567,0.9675,0.2504,0.1307,23.912,0.0772,0.9846,2.1
"1","cat_elig <   1 & children_i <   1 & months_since_cert_n <  11 & utilities < 360","xgboost",2647,0.9694,0.9634,1317,1281,0.9727,0.0576,0.018,5.473,0.0772,0.9846,2.1
"1","cat_elig < 2.000 & percent_abawd < 0.500 & rawben_rel_max < 0.084","xgboost",3151,0.9689,0.9634,2232,2156,0.9659,0.097,0.0523,9.276,0.0772,0.9846,2.1
"1","cat_elig >   0.5 & homeless <=   0.5 & total_deductions_by_hh_size <= 119.0 & utilities <=   8.0","ranger",7996,0.96686,0.9634,4353,4210,0.9671,0.1894,0.0993,18.09,0.0772,0.9846,2.1
"1","elderly_disabled_i <= 0.500 & rawben_rel_max > 0.993","ranger",12813,0.96613,0.9634,6674,6440,0.9649,0.2897,0.1918,27.736,0.0772,0.9846,2.1
"1","expedited_i >   0.500 & medical_deductions <= 138.000 & rawben_rel_max >   0.991","ranger",5950,0.96739,0.96339,2962,2852,0.9629,0.1283,0.0893,12.309,0.0772,0.9846,2.1
"1","rawben_rel_max >=   0.992 & unc_rawben_rel_max <   1.700 & utilities >=  80.000 & utilities < 789.000","xgboost",3709,0.96846,0.96338,1643,1572,0.9568,0.0707,0.0497,6.828,0.0772,0.9846,2.1
"1","elderly_disabled_i <   1.000 & married <   1.000 & rawben_rel_max >=   0.784 & utilities < 424.000","xgboost",10786,0.96635,0.96337,5681,5487,0.9659,0.2469,0.1555,23.609,0.0772,0.9846,2.1
"1","elderly_disabled_i <= 0.5 & homeless > 0.5 & medical_deductions <= 4.5 & months_since_cert_n <= 4.5","ranger",2107,0.9701,0.96337,1033,1007,0.9748,0.0453,0.0176,4.293,0.0772,0.9846,2.1
"1","expedited_i >   0.5 & medical_deductions <= 132.0 & unc_rawben_rel_max >   1.0","ranger",5918,0.96739,0.96337,2953,2843,0.9627,0.1279,0.0893,12.272,0.0772,0.9846,2.1
"1","percent_abawd <  0.50 & shelter_expenses_by_hh_size < 29.00 & unc_rawben_rel_max <  1.33","xgboost",8474,0.96672,0.96336,4275,4137,0.9677,0.1861,0.0987,17.766,0.0772,0.9846,2.1
"1","count_divisible_by_100 <= 1.5 & elderly_disabled_i > 0.5 & total_deductions_by_hh_size <= 7.8","ranger",5076,0.96769,0.96335,2560,2484,0.9703,0.1118,0.0399,10.639,0.0772,0.9846,2.1
"1","months_since_cert_n >=    5.0000 & months_since_cert_n <   19.0000 & rawben_rel_max <    0.0893 & shelter_expenses_by_hh_size < 1400.0000","xgboost",2584,0.96943,0.96335,1236,1188,0.9612,0.0534,0.0336,5.137,0.0772,0.9846,2.1
"1","homeless > 0.50 & months_since_cert_n <= 2.50 & unc_rawben_rel_max <= 1.93","ranger",1438,0.97149,0.96334,705,678,0.9617,0.0305,0.0178,2.93,0.0772,0.9846,2.1
"1","rawben_rel_max < 0.0893 & unc_rawben_rel_max >= 0.0000","xgboost",940,0.9734,0.96332,450,441,0.98,0.0198,0.0057,1.87,0.0772,0.9846,2.1
"1","medical_deductions <= 276.0 & shelter_expenses_by_hh_size <=  29.5","ranger",11507,0.96619,0.96331,6027,5831,0.9675,0.2623,0.1442,25.047,0.0772,0.9846,2.1
"1","rawben_rel_max <= 0.087 & utilities > 5.000","ranger",4082,0.96815,0.96331,1905,1838,0.9648,0.0827,0.0479,7.917,0.0772,0.9846,2.1
"1","children_i <= 0.5 & elderly_disabled_i > 0.5 & total_deductions_by_hh_size <= 5.1","ranger",5039,0.96765,0.96329,2543,2469,0.9709,0.1111,0.0386,10.568,0.0772,0.9846,2.1
"1","medical_deductions <= 70.000 & months_since_cert_n >  5.500 & shelter_expenses_by_hh_size <= 12.500 & unc_rawben_rel_max >  0.993","ranger",2669,0.96928,0.96329,1455,1404,0.9649,0.0632,0.0439,6.047,0.0772,0.9846,2.1
"1","total_deductions_by_hh_size > 0.1 & total_deductions_by_hh_size <= 2.8","ranger",71,1,0.96329,22,22,1,0.001,0,0.091,0.0772,0.9846,2.1
"1","count_divisible_by_100 <= 0.500 & elderly_disabled_i <= 0.500 & unc_rawben_rel_max > 0.967","ranger",12346,0.96606,0.96328,6411,6197,0.9666,0.2788,0.1759,26.643,0.0772,0.9846,2.1
"1","married <   1 & months_since_cert_n <   7 & shelter_expenses_by_hh_size < 197","xgboost",9168,0.96651,0.96328,4708,4568,0.9703,0.2055,0.0981,19.565,0.0772,0.9846,2.1
"1","count_divisible_by_100 <   1 & percent_abawd >=   1 & total_deductions_by_hh_size < 159","xgboost",2875,0.96904,0.96327,1705,1651,0.9683,0.0743,0.0428,7.086,0.0772,0.9846,2.1
"1","count_divisible_by_100 <= 1.500 & expedited_i <= 0.500 & rawben_rel_max > 0.102 & total_deductions_by_hh_size <= 8.900","ranger",7739,0.96679,0.96327,4200,4058,0.9662,0.1826,0.0942,17.454,0.0772,0.9846,2.1
"1","elderly_disabled_i > 0.5 & married <= 0.5 & total_deductions_by_hh_size <= 8.9","ranger",5094,0.96761,0.96327,2575,2496,0.9693,0.1123,0.0404,10.701,0.0772,0.9846,2.1
"1","months_since_cert_n >= 5.000 & unc_rawben_rel_max >= 0.996 & unc_rawben_rel_max < 1.640","xgboost",6994,0.96697,0.96327,3758,3601,0.9582,0.162,0.1206,15.617,0.0772,0.9846,2.1
"1","elderly_disabled_i <   1.000 & months_since_cert_n <  11.000 & rawben_rel_max >=   0.649 & shelter_expenses_by_hh_size < 744.000","xgboost",10726,0.96625,0.96326,5513,5343,0.9692,0.2404,0.1278,22.911,0.0772,0.9846,2.1
"1","shelter_expenses_by_hh_size < 50 & utilities < 27","xgboost",11463,0.96615,0.96326,6007,5813,0.9677,0.2615,0.1433,24.964,0.0772,0.9846,2.1
"1","cat_elig > 0.500 & months_since_cert_n <= 3.500 & percent_abawd > 0.750 & rawben_rel_max > 0.991","ranger",1860,0.97043,0.96325,1028,1002,0.9747,0.0451,0.019,4.272,0.0772,0.9846,2.1
"1","months_since_cert_n <  20.00 & rawben_rel_max >=   1.00 & shelter_expenses_by_hh_size >= 968.00 & unc_rawben_rel_max <   1.48","xgboost",2399,0.96957,0.96325,1370,1321,0.9642,0.0594,0.0322,5.693,0.0772,0.9846,2.1
"1","homeless > 0.500 & shelter_expenses_by_hh_size <= 5.500 & unc_rawben_rel_max > 0.935 & unc_rawben_rel_max <= 1.180","ranger",239,0.98326,0.96324,118,117,0.9915,0.0053,9e-04,0.49,0.0772,0.9846,2.1
"1","expedited_i >  0.500 & months_since_cert_n <= 36.000 & rawben_rel_max >  0.991","ranger",5980,0.96722,0.96322,2977,2866,0.9627,0.1289,0.0898,12.372,0.0772,0.9846,2.1
"1","elderly_disabled_i <  1.000 & months_since_cert_n < 27.000 & rawben_rel_max >=  0.964","xgboost",12913,0.96593,0.9632,6732,6498,0.9652,0.2923,0.1918,27.977,0.0772,0.9846,2.1
"1","months_since_cert_n <  28 & shelter_expenses_by_hh_size <  34 & total_deductions_by_hh_size < 535 & utilities < 334","xgboost",11444,0.9661,0.9632,5997,5804,0.9678,0.2611,0.1422,24.922,0.0772,0.9846,2.1
"1","expedited_i >    0.500 & rawben_rel_max >    0.991 & shelter_expenses_by_hh_size <= 2800.000","ranger",5975,0.9672,0.96319,2971,2861,0.963,0.1287,0.0888,12.347,0.0772,0.9846,2.1
"1","rawben_rel_max >=   0.992 & shelter_expenses_by_hh_size >= 281.000 & unc_rawben_rel_max <   1.640","xgboost",5285,0.96746,0.96319,2807,2698,0.9612,0.1214,0.076,11.665,0.0772,0.9846,2.1
"1","total_deductions_by_hh_size < 202 & unc_rawben_rel_max >=   0 & utilities <  30","xgboost",12712,0.96594,0.96319,6760,6533,0.9664,0.2939,0.1518,28.093,0.0772,0.9846,2.1
"1","cat_elig > 0.500 & medical_deductions > 0.500 & rawben_rel_max <= 0.266","ranger",1523,0.97111,0.96317,677,655,0.9675,0.0295,0.0107,2.813,0.0772,0.9846,2.1
"1","count_divisible_by_100 <= 1.500 & expedited_i > 0.500 & rawben_rel_max > 0.991","ranger",5972,0.96718,0.96317,2973,2862,0.9627,0.1288,0.0898,12.355,0.0772,0.9846,2.1
"1","homeless <=  0.50 & total_deductions_by_hh_size <= 48.80 & unc_rawben_rel_max <=  1.95","ranger",11576,0.96605,0.96317,6227,5992,0.9623,0.2696,0.1422,25.878,0.0772,0.9846,2.1
"1","medical_deductions <= 146.0 & percent_abawd <=   0.5 & shelter_expenses_by_hh_size >  14.5 & total_deductions_by_hh_size <=   8.5","ranger",2955,0.96887,0.96317,1508,1460,0.9682,0.0657,0.0207,6.267,0.0772,0.9846,2.1
"1","rawben_rel_max <    0.0893 & shelter_expenses_by_hh_size < 1800.0000 & total_deductions_by_hh_size <   47.0000 & utilities <   44.0000","xgboost",873,0.97365,0.96317,413,405,0.9806,0.0182,0.0043,1.716,0.0772,0.9846,2.1
"1","cat_elig > 0.500 & elderly_disabled_i <= 0.500 & expedited_i > 0.500 & rawben_rel_max > 0.804","ranger",4268,0.9679,0.96316,2099,2028,0.9662,0.0912,0.0628,8.723,0.0772,0.9846,2.1
"1","count_divisible_by_100 <=  1.5 & elderly_disabled_i <=  0.5 & months_since_cert_n <=  5.5 & utilities <= 32.5","ranger",7487,0.96674,0.96316,3881,3761,0.9691,0.1692,0.0857,16.128,0.0772,0.9846,2.1
"1","medical_deductions >=  5.0 & months_since_cert_n < 14.0 & rawben_rel_max <  0.2 & utilities >= 29.0","xgboost",1030,0.97282,0.96316,446,433,0.9709,0.0195,0.0062,1.853,0.0772,0.9846,2.1
"1","rawben_rel_max >=   0.992 & total_deductions_by_hh_size >=  43.000 & unc_rawben_rel_max <   1.810 & utilities >= 288.000","xgboost",5652,0.96727,0.96315,3014,2893,0.9599,0.1302,0.0868,12.525,0.0772,0.9846,2.1
"1","medical_deductions <  14 & months_since_cert_n <  23 & shelter_expenses_by_hh_size < 205 & utilities <  29","xgboost",11537,0.96602,0.96314,6067,5868,0.9672,0.264,0.1441,25.213,0.0772,0.9846,2.1
"1","percent_abawd >=   1.000 & rawben_rel_max >=   0.649 & total_deductions_by_hh_size < 527.000","xgboost",3305,0.96853,0.96314,1892,1835,0.9699,0.0826,0.0442,7.863,0.0772,0.9846,2.1
"1","shelter_expenses_by_hh_size < 460.0 & unc_rawben_rel_max >=   1.2","xgboost",9672,0.96629,0.96314,5025,4847,0.9646,0.2181,0.144,20.883,0.0772,0.9846,2.1
"1","cat_elig > 0.500 & elderly_disabled_i > 0.500 & homeless > 0.500 & rawben_rel_max <= 0.419","ranger",311,0.98071,0.96313,137,128,0.9343,0.0058,0.0046,0.569,0.0772,0.9846,2.1
"1","cat_elig >=   1 & expedited_i >=   1 & total_deductions_by_hh_size < 408 & utilities <  32","xgboost",3538,0.96834,0.96313,1717,1663,0.9685,0.0748,0.0426,7.135,0.0772,0.9846,2.1
"1","count_divisible_by_100 <=    1.5 & elderly_disabled_i >    0.5 & shelter_expenses_by_hh_size <= 1140.0 & total_deductions_by_hh_size <=    8.9","ranger",5103,0.96747,0.96313,2575,2495,0.9689,0.1122,0.0413,10.701,0.0772,0.9846,2.1
"1","percent_abawd <=  0.75 & shelter_expenses_by_hh_size <= 16.50","ranger",8561,0.96648,0.96313,4287,4147,0.9673,0.1866,0.1008,17.816,0.0772,0.9846,2.1
"1","cat_elig > 0.5 & expedited_i > 0.5 & homeless > 0.5 & shelter_expenses_by_hh_size <= 9.5","ranger",1153,0.97225,0.96312,539,524,0.9722,0.0236,0.0128,2.24,0.0772,0.9846,2.1
"1","children_i <=  0.500 & expedited_i <=  0.500 & rawben_rel_max >  0.991 & utilities <= 14.500","ranger",5760,0.96719,0.9631,3208,3096,0.9651,0.1393,0.0846,13.332,0.0772,0.9846,2.1
"1","shelter_expenses_by_hh_size < 828.000 & total_deductions_by_hh_size >=  59.000 & total_deductions_by_hh_size < 390.000 & unc_rawben_rel_max <  -0.162","xgboost",712,0.97472,0.9631,301,297,0.9867,0.0134,0.0027,1.251,0.0772,0.9846,2.1
"1","expedited_i > 0.500 & married <= 0.500 & rawben_rel_max > 0.991","ranger",5957,0.9671,0.96308,2960,2850,0.9628,0.1282,0.0889,12.301,0.0772,0.9846,2.1
"1","cat_elig <= 1.5 & count_divisible_by_100 <= 0.5 & elderly_disabled_i <= 0.5 & expedited_i > 0.5","ranger",3182,0.96857,0.96307,2389,2295,0.9607,0.1032,0.0766,9.928,0.0772,0.9846,2.1
"1","cat_elig >=  1.00 & months_since_cert_n < 18.00 & rawben_rel_max >=  0.11 & total_deductions_by_hh_size < 14.00","xgboost",9314,0.96629,0.96307,4976,4806,0.9658,0.2162,0.114,20.679,0.0772,0.9846,2.1
"1","children_i <= 0.5 & months_since_cert_n > 6.5 & total_deductions_by_hh_size <= 8.9","ranger",4431,0.96773,0.96307,2390,2318,0.9699,0.1043,0.05,9.932,0.0772,0.9846,2.1
"1","count_divisible_by_100 < 1 & months_since_cert_n < 6 & rawben_rel_max >= 1","xgboost",11010,0.96603,0.96307,5634,5451,0.9675,0.2452,0.14,23.414,0.0772,0.9846,2.1
"1","cat_elig > 0.5 & count_divisible_by_100 <= 0.5 & elderly_disabled_i <= 0.5 & shelter_expenses_by_hh_size <= 5.5","ranger",7124,0.96673,0.96306,3811,3687,0.9675,0.1659,0.0986,15.838,0.0772,0.9846,2.1
"1","count_divisible_by_100 <= 0.500 & months_since_cert_n <= 5.500 & rawben_rel_max > 0.991","ranger",11062,0.96601,0.96306,5660,5474,0.9671,0.2463,0.1416,23.522,0.0772,0.9846,2.1
"1","count_divisible_by_100 <= 0.500 & months_since_cert_n <= 5.500 & rawben_rel_max > 0.995 & unc_rawben_rel_max > 0.993","ranger",11034,0.96601,0.96306,5643,5459,0.9674,0.2456,0.1403,23.451,0.0772,0.9846,2.1
"1","cat_elig <=   0.5 & homeless <=   0.5 & months_since_cert_n <=   5.5 & utilities <= 279.0","ranger",1456,0.97115,0.96302,746,725,0.9718,0.0326,0.0105,3.1,0.0772,0.9846,2.1
"1","cat_elig <=  0.5 & children_i <=  0.5 & homeless <=  0.5 & utilities <= 41.0","ranger",1698,0.97055,0.96302,915,888,0.9705,0.0399,0.0142,3.803,0.0772,0.9846,2.1
"1","shelter_expenses_by_hh_size < 432.00 & total_deductions_by_hh_size <  87.00 & unc_rawben_rel_max <   1.25","xgboost",14422,0.96561,0.96302,7602,7335,0.9649,0.33,0.1664,31.592,0.0772,0.9846,2.1
"1","cat_elig <= 0.5 & children_i <= 0.5 & expedited_i <= 0.5 & utilities <= 8.0","ranger",1334,0.97151,0.96301,716,694,0.9693,0.0312,0.0112,2.976,0.0772,0.9846,2.1
"1","cat_elig >   0.5 & shelter_expenses_by_hh_size <= 429.0 & total_deductions_by_hh_size <= 150.0 & utilities <=   8.0","ranger",10484,0.96604,0.96301,5554,5374,0.9676,0.2418,0.1267,23.081,0.0772,0.9846,2.1
"1","elderly_disabled_i >=   1.000 & rawben_rel_max >=   0.992 & shelter_expenses_by_hh_size >= 616.000 & unc_rawben_rel_max <   1.770","xgboost",3526,0.96824,0.96301,1921,1852,0.9641,0.0833,0.0441,7.983,0.0772,0.9846,2.1
"1","months_since_cert_n <  11.000 & rawben_rel_max >=   0.992 & total_deductions_by_hh_size >= 379.000 & unc_rawben_rel_max <   1.730","xgboost",3730,0.9681,0.96301,1958,1888,0.9642,0.0849,0.0459,8.137,0.0772,0.9846,2.1
"1","cat_elig <  1 & months_since_cert_n >=  4 & months_since_cert_n < 11 & utilities < 56","xgboost",869,0.97353,0.963,426,413,0.9695,0.0186,0.0072,1.77,0.0772,0.9846,2.1
"1","cat_elig > 0.500 & medical_deductions > 3.500 & unc_rawben_rel_max <= 0.266","ranger",1516,0.97098,0.963,674,653,0.9688,0.0294,0.0104,2.801,0.0772,0.9846,2.1
"1","medical_deductions <  116 & shelter_expenses_by_hh_size >=  415 & shelter_expenses_by_hh_size < 1000 & unc_rawben_rel_max <    0","xgboost",1817,0.97028,0.963,796,762,0.9573,0.0343,0.0228,3.308,0.0772,0.9846,2.1
"1","expedited_i <= 0.500 & medical_deductions <= 3.500 & rawben_rel_max > 0.998 & unc_rawben_rel_max <= 1.790","ranger",10563,0.96601,0.96299,5709,5516,0.9662,0.2482,0.1452,23.725,0.0772,0.9846,2.1
"1","cat_elig <= 0.50 & homeless <= 0.50 & unc_rawben_rel_max <= 1.95 & utilities <= 7.50","ranger",1696,0.97052,0.96298,915,887,0.9694,0.0399,0.0151,3.803,0.0772,0.9846,2.1
"1","months_since_cert_n <  10.0 & percent_abawd >=   0.5 & total_deductions_by_hh_size < 174.0","xgboost",2676,0.96898,0.96298,1537,1491,0.9701,0.0671,0.0348,6.387,0.0772,0.9846,2.1
"1","shelter_expenses_by_hh_size < 159.000 & unc_rawben_rel_max >=  -0.304 & utilities <  30.000","xgboost",11598,0.96586,0.96297,6099,5898,0.967,0.2653,0.145,25.346,0.0772,0.9846,2.1
"1","cat_elig >  0.5 & count_divisible_by_100 <=  0.5 & elderly_disabled_i <=  0.5 & shelter_expenses_by_hh_size <= 18.5","ranger",7133,0.96663,0.96296,3818,3693,0.9673,0.1661,0.0988,15.867,0.0772,0.9846,2.1
"1","medical_deductions > 130.000 & rawben_rel_max <=   0.991 & total_deductions_by_hh_size <= 293.000","ranger",580,0.97586,0.96296,197,186,0.9442,0.0084,0.0041,0.819,0.0772,0.9846,2.1
"1","months_since_cert_n < 19.00 & unc_rawben_rel_max >=  1.09 & unc_rawben_rel_max <  1.90","xgboost",14536,0.96553,0.96296,8023,7722,0.9625,0.3474,0.2385,33.342,0.0772,0.9846,2.1
"1","married <  1.000 & unc_rawben_rel_max < -0.004 & utilities < 32.000","xgboost",1024,0.97266,0.96295,461,447,0.9696,0.0201,0.0122,1.916,0.0772,0.9846,2.1
"1","homeless >=   1.00 & medical_deductions < 150.00 & rawben_rel_max >=   0.92","xgboost",3345,0.96831,0.96294,1607,1561,0.9714,0.0702,0.0348,6.678,0.0772,0.9846,2.1
"1","married <=   0.500 & medical_deductions > 144.000 & rawben_rel_max <=   0.266","ranger",709,0.97461,0.96294,323,312,0.9659,0.014,0.0051,1.342,0.0772,0.9846,2.1
"1","months_since_cert_n < 11.00 & rawben_rel_max <  0.21 & total_deductions_by_hh_size < 34.00","xgboost",2023,0.96985,0.96294,906,876,0.9669,0.0394,0.0156,3.765,0.0772,0.9846,2.1
"1","months_since_cert_n <= 17.5000 & rawben_rel_max <=  0.0887 & total_deductions_by_hh_size >  2.8000 & total_deductions_by_hh_size <= 52.9000","ranger",237,0.98312,0.96294,114,108,0.9474,0.0049,0.0027,0.474,0.0772,0.9846,2.1
"1","married <   1.0 & months_since_cert_n <   7.0 & percent_abawd <   0.5 & shelter_expenses_by_hh_size < 197.0","xgboost",6814,0.96669,0.96292,3373,3267,0.9686,0.147,0.0754,14.017,0.0772,0.9846,2.1
"1","elderly_disabled_i <=   0.5 & shelter_expenses_by_hh_size <= 504.0 & utilities <=  30.5","ranger",9640,0.96608,0.96291,5061,4895,0.9672,0.2202,0.1235,21.032,0.0772,0.9846,2.1
"1","medical_deductions < 135 & shelter_expenses_by_hh_size < 370 & total_deductions_by_hh_size < 112","xgboost",13988,0.96554,0.96291,7271,7023,0.9659,0.316,0.1636,30.217,0.0772,0.9846,2.1
"1","elderly_disabled_i >=   1.000 & rawben_rel_max <   0.152 & shelter_expenses_by_hh_size < 387.000","xgboost",1421,0.97115,0.9629,672,657,0.9777,0.0296,0.007,2.793,0.0772,0.9846,2.1
"1","expedited_i > 0.500 & rawben_rel_max > 0.991","ranger",5985,0.96692,0.9629,2977,2866,0.9627,0.1289,0.0898,12.372,0.0772,0.9846,2.1
"1","count_divisible_by_100 <    1 & shelter_expenses_by_hh_size <   44 & total_deductions_by_hh_size < 1270 & utilities <  360","xgboost",11459,0.96579,0.96289,6014,5820,0.9677,0.2618,0.141,24.993,0.0772,0.9846,2.1
"1","count_divisible_by_100 <= 1.500 & medical_deductions <= 0.500 & months_since_cert_n <= 5.500 & unc_rawben_rel_max > 0.991","ranger",11375,0.9658,0.96289,5870,5675,0.9668,0.2553,0.1483,24.394,0.0772,0.9846,2.1
"1","homeless <=   0.500 & medical_deductions <= 146.000 & shelter_expenses_by_hh_size <= 498.000 & unc_rawben_rel_max >   0.966","ranger",8252,0.96631,0.96289,4432,4274,0.9644,0.1923,0.1263,18.418,0.0772,0.9846,2.1
"1","count_divisible_by_100 <=  0.50 & percent_abawd >  0.75 & shelter_expenses_by_hh_size <= 13.00","ranger",2757,0.96881,0.96288,1643,1591,0.9684,0.0716,0.0418,6.828,0.0772,0.9846,2.1
"1","rawben_rel_max <   0.092 & shelter_expenses_by_hh_size >= 400.000 & shelter_expenses_by_hh_size < 627.000 & utilities < 424.000","xgboost",866,0.97344,0.96287,379,365,0.9631,0.0164,0.0068,1.575,0.0772,0.9846,2.1
"1","medical_deductions >=  42.0000 & months_since_cert_n >=   8.0000 & rawben_rel_max <   0.0928 & utilities < 643.0000","xgboost",446,0.97758,0.96285,186,184,0.9892,0.0083,0.0017,0.773,0.0772,0.9846,2.1
"1","cat_elig >= 2.0 & percent_abawd < 0.5 & total_deductions_by_hh_size < 9.0","xgboost",3625,0.968,0.96283,301,295,0.9801,0.0133,0.0045,1.251,0.0772,0.9846,2.1
"1","elderly_disabled_i <= 0.500 & expedited_i <= 0.500 & months_since_cert_n <= 5.500 & unc_rawben_rel_max > 0.991","ranger",5461,0.96704,0.96283,2936,2845,0.969,0.128,0.0702,12.201,0.0772,0.9846,2.1
"1","expedited_i <=  0.500 & medical_deductions >  3.500 & rawben_rel_max <=  0.266 & total_deductions_by_hh_size > 22.500","ranger",1659,0.97046,0.96282,743,720,0.969,0.0324,0.011,3.088,0.0772,0.9846,2.1
"1","expedited_i >= 1.00 & unc_rawben_rel_max >= 1.02","xgboost",5916,0.96687,0.96282,2938,2828,0.9626,0.1272,0.089,12.21,0.0772,0.9846,2.1
"1","months_since_cert_n < 28.0000 & rawben_rel_max <  0.0893 & unc_rawben_rel_max >= -1.1700","xgboost",4946,0.96725,0.96282,2313,2226,0.9624,0.1001,0.0602,9.612,0.0772,0.9846,2.1
"1","rawben_rel_max <   0.948 & unc_rawben_rel_max <  -0.096 & utilities < 417.000","xgboost",1868,0.97002,0.96282,881,858,0.9739,0.0386,0.0188,3.661,0.0772,0.9846,2.1
"1","children_i <= 0.500 & elderly_disabled_i <= 0.500 & married <= 0.500 & unc_rawben_rel_max > 0.823","ranger",12834,0.96556,0.96281,6725,6493,0.9655,0.2921,0.1876,27.947,0.0772,0.9846,2.1
"1","count_divisible_by_100 <  1.0 & months_since_cert_n >=  3.0 & percent_abawd <  0.5 & total_deductions_by_hh_size < 30.0","xgboost",7890,0.96629,0.96278,3951,3820,0.9668,0.1719,0.0742,16.419,0.0772,0.9846,2.1
"1","expedited_i >=   1 & months_since_cert_n <   8 & utilities < 201","xgboost",3994,0.9677,0.96277,1929,1874,0.9715,0.0843,0.0415,8.016,0.0772,0.9846,2.1
"1","rawben_rel_max <   0.992 & total_deductions_by_hh_size < 675.000 & unc_rawben_rel_max <  -0.004 & utilities < 281.000","xgboost",1476,0.97087,0.96276,641,622,0.9704,0.028,0.0127,2.664,0.0772,0.9846,2.1
"1","cat_elig > 0.5 & married <= 0.5 & months_since_cert_n > 4.5 & total_deductions_by_hh_size <= 7.8","ranger",5448,0.96696,0.96274,2877,2785,0.968,0.1253,0.0642,11.956,0.0772,0.9846,2.1
"1","cat_elig >  0.5 & homeless >  0.5 & months_since_cert_n <=  6.5 & shelter_expenses_by_hh_size <= 17.0","ranger",1923,0.96984,0.96273,932,907,0.9732,0.0408,0.018,3.873,0.0772,0.9846,2.1
"1","expedited_i <    1.0000 & rawben_rel_max <    0.0893 & shelter_expenses_by_hh_size < 1340.0000 & utilities <  493.0000","xgboost",3673,0.96787,0.96273,1707,1650,0.9666,0.0742,0.0376,7.094,0.0772,0.9846,2.1
"1","expedited_i <=   0.5 & months_since_cert_n <=   4.5 & total_deductions_by_hh_size <= 152.0 & utilities <=   9.5","ranger",4418,0.96741,0.96272,2442,2365,0.9685,0.1064,0.0516,10.148,0.0772,0.9846,2.1
"1","medical_deductions > 120.000 & shelter_expenses_by_hh_size >   5.500 & unc_rawben_rel_max <=   0.311","ranger",1414,0.971,0.96272,663,636,0.9593,0.0286,0.0111,2.755,0.0772,0.9846,2.1
"1","cat_elig > 1.50 & months_since_cert_n <= 2.50 & unc_rawben_rel_max > 1.01","ranger",2246,0.96928,0.9627,168,167,0.994,0.0075,0.001,0.698,0.0772,0.9846,2.1
"1","elderly_disabled_i <   1.000 & percent_abawd <   1.000 & rawben_rel_max >=   0.848 & utilities < 459.000","xgboost",7535,0.96629,0.9627,3860,3727,0.9655,0.1677,0.1094,16.041,0.0772,0.9846,2.1
"1","elderly_disabled_i <=  0.500 & medical_deductions <= 66.000 & percent_abawd <=  1.500 & rawben_rel_max >  0.947","ranger",12991,0.96544,0.9627,6746,6511,0.9652,0.2929,0.1928,28.035,0.0772,0.9846,2.1
"1","rawben_rel_max >=   0.955 & unc_rawben_rel_max <   1.210 & utilities < 334.000","xgboost",6123,0.96668,0.9627,5266,5110,0.9704,0.2299,0.1185,21.884,0.0772,0.9846,2.1
"1","rawben_rel_max >=  0.092 & total_deductions_by_hh_size < 59.000","xgboost",13100,0.96542,0.9627,6950,6695,0.9633,0.3012,0.1599,28.883,0.0772,0.9846,2.1
"1","cat_elig > 0.500 & homeless <= 0.500 & rawben_rel_max > 0.991 & unc_rawben_rel_max <= 1.810","ranger",11510,0.9656,0.96269,6168,5937,0.9625,0.2671,0.1745,25.633,0.0772,0.9846,2.1
"1","cat_elig <= 1.5 & elderly_disabled_i <= 0.5 & expedited_i > 0.5","ranger",3322,0.96809,0.96268,2491,2388,0.9587,0.1074,0.084,10.352,0.0772,0.9846,2.1
"1","cat_elig > 0.500 & expedited_i > 0.500 & homeless > 0.500 & rawben_rel_max > 0.991","ranger",1322,0.97126,0.96268,614,598,0.9739,0.0269,0.0138,2.552,0.0772,0.9846,2.1
"1","cat_elig >=    2 & shelter_expenses_by_hh_size < 2300 & total_deductions_by_hh_size <   34","xgboost",4870,0.96715,0.96268,423,415,0.9811,0.0187,0.0056,1.758,0.0772,0.9846,2.1
"1","expedited_i <  1.000 & total_deductions_by_hh_size <  9.000 & unc_rawben_rel_max >= -0.004","xgboost",8118,0.96612,0.96266,4394,4240,0.965,0.1908,0.1015,18.26,0.0772,0.9846,2.1
"1","total_deductions_by_hh_size >=  69.00 & unc_rawben_rel_max >=   1.24 & unc_rawben_rel_max <   1.46 & utilities < 783.00","xgboost",1016,0.97244,0.96266,489,474,0.9693,0.0213,0.0118,2.032,0.0772,0.9846,2.1
"1","cat_elig > 0.500 & homeless > 0.500 & percent_abawd <= 0.500 & unc_rawben_rel_max > 0.991","ranger",1978,0.96967,0.96265,825,805,0.9758,0.0362,0.0158,3.429,0.0772,0.9846,2.1
"1","elderly_disabled_i <   1.000 & rawben_rel_max >=   0.804 & total_deductions_by_hh_size < 104.000 & unc_rawben_rel_max <   1.180","xgboost",1108,0.97202,0.96265,600,592,0.9867,0.0266,0.0062,2.493,0.0772,0.9846,2.1
"1","shelter_expenses_by_hh_size <= 32.5","ranger",11610,0.96555,0.96265,6069,5869,0.967,0.264,0.1473,25.221,0.0772,0.9846,2.1
"1","elderly_disabled_i > 0.500 & married <= 0.500 & rawben_rel_max <= 0.388 & utilities <= 8.000","ranger",2710,0.96863,0.96264,1379,1337,0.9695,0.0601,0.0197,5.731,0.0772,0.9846,2.1
"1","expedited_i <=  0.500 & medical_deductions <=  0.500 & rawben_rel_max >  0.991 & utilities <= 14.500","ranger",5886,0.9667,0.96263,3264,3144,0.9632,0.1414,0.0916,13.564,0.0772,0.9846,2.1
"1","months_since_cert_n < 23 & shelter_expenses_by_hh_size < 50 & utilities < 34","xgboost",11380,0.96555,0.96263,5984,5789,0.9674,0.2604,0.1433,24.868,0.0772,0.9846,2.1
"1","rawben_rel_max >=   0.992 & shelter_expenses_by_hh_size >=  34.000 & unc_rawben_rel_max <   1.480 & utilities < 912.000","xgboost",4292,0.96738,0.96262,1935,1864,0.9633,0.0839,0.0446,8.041,0.0772,0.9846,2.1
"1","cat_elig < 2.000 & months_since_cert_n < 4.000 & percent_abawd >= 0.500 & rawben_rel_max >= 0.811","xgboost",1440,0.97083,0.96261,1194,1167,0.9774,0.0525,0.0196,4.962,0.0772,0.9846,2.1
"1","elderly_disabled_i <   1.00 & total_deductions_by_hh_size < 971.00 & unc_rawben_rel_max >=   1.09 & unc_rawben_rel_max <   2.52","xgboost",12208,0.96543,0.96261,6355,6130,0.9646,0.2758,0.185,26.41,0.0772,0.9846,2.1
"1","medical_deductions < 346.000 & rawben_rel_max >=   0.992 & total_deductions_by_hh_size >= 523.000 & unc_rawben_rel_max <   1.860","xgboost",4947,0.96705,0.96261,2655,2551,0.9608,0.1148,0.0698,11.034,0.0772,0.9846,2.1
"1","elderly_disabled_i <= 0.5 & expedited_i > 0.5 & homeless <= 0.5 & months_since_cert_n <= 5.5","ranger",2939,0.96836,0.9626,1417,1374,0.9697,0.0618,0.0338,5.889,0.0772,0.9846,2.1
"1","homeless <   1 & shelter_expenses_by_hh_size < 828 & total_deductions_by_hh_size <  59","xgboost",11845,0.96547,0.9626,6351,6109,0.9619,0.2748,0.1453,26.393,0.0772,0.9846,2.1
"1","cat_elig > 0.5 & expedited_i > 0.5 & homeless <= 0.5 & shelter_expenses_by_hh_size <= 9.5","ranger",2151,0.96932,0.96259,1068,1041,0.9747,0.0468,0.0243,4.438,0.0772,0.9846,2.1
"1","months_since_cert_n >= 5.000 & rawben_rel_max < 0.084","xgboost",3342,0.96798,0.96258,1597,1533,0.9599,0.069,0.0451,6.637,0.0772,0.9846,2.1
"1","shelter_expenses_by_hh_size < 1670.000 & total_deductions_by_hh_size <  455.000 & unc_rawben_rel_max >=    0.883","xgboost",11446,0.96549,0.96257,5995,5796,0.9668,0.2608,0.1569,24.914,0.0772,0.9846,2.1
"1","married <= 0.500 & months_since_cert_n <= 5.500 & unc_rawben_rel_max > 0.991","ranger",11466,0.96546,0.96255,5904,5704,0.9661,0.2566,0.152,24.536,0.0772,0.9846,2.1
"1","rawben_rel_max >=   0.804 & shelter_expenses_by_hh_size < 430.000 & unc_rawben_rel_max >=  -0.904","xgboost",11244,0.96549,0.96255,5890,5694,0.9667,0.2562,0.1554,24.477,0.0772,0.9846,2.1
"1","cat_elig >  0.5 & months_since_cert_n <=  5.5 & shelter_expenses_by_hh_size <= 32.5","ranger",6350,0.96646,0.96254,3321,3220,0.9696,0.1449,0.0731,13.801,0.0772,0.9846,2.1
"1","medical_deductions <= 0.500 & months_since_cert_n <= 5.500 & rawben_rel_max > 0.991","ranger",11410,0.96547,0.96254,5885,5689,0.9667,0.2559,0.1486,24.457,0.0772,0.9846,2.1
"1","cat_elig >  0.5 & expedited_i <=  0.5 & total_deductions_by_hh_size <= 61.3 & utilities <= 29.5","ranger",7052,0.96625,0.96253,3829,3709,0.9687,0.1669,0.0827,15.912,0.0772,0.9846,2.1
"1","married <=  0.500 & medical_deductions >  3.500 & months_since_cert_n <= 41.000 & rawben_rel_max <=  0.266","ranger",1705,0.97009,0.96252,763,740,0.9699,0.0333,0.011,3.171,0.0772,0.9846,2.1
"1","cat_elig >   0.5 & homeless <=   0.5 & shelter_expenses_by_hh_size <= 324.0 & total_deductions_by_hh_size <=   7.8","ranger",7608,0.96609,0.96251,4071,3935,0.9666,0.177,0.0938,16.918,0.0772,0.9846,2.1
"1","rawben_rel_max <=    0.085 & shelter_expenses_by_hh_size <= 2120.000 & unc_rawben_rel_max <=    1.000","ranger",5217,0.96684,0.96251,2425,2336,0.9633,0.1051,0.0634,10.078,0.0772,0.9846,2.1
"1","children_i <=  0.5 & homeless >  0.5 & utilities <= 32.0","ranger",3277,0.96796,0.9625,1586,1533,0.9666,0.069,0.0361,6.591,0.0772,0.9846,2.1
"1","months_since_cert_n <= 5.50 & unc_rawben_rel_max > 1.02","ranger",11341,0.96544,0.9625,5816,5622,0.9666,0.2529,0.1485,24.17,0.0772,0.9846,2.1
"1","expedited_i <    1.0000 & total_deductions_by_hh_size >=  333.0000 & total_deductions_by_hh_size < 1100.0000 & unc_rawben_rel_max <   -0.0344","xgboost",950,0.97263,0.96249,422,404,0.9573,0.0182,0.0152,1.754,0.0772,0.9846,2.1
"1","expedited_i <=  0.5 & medical_deductions <= 70.0 & unc_rawben_rel_max >  1.0 & utilities <= 14.5","ranger",5864,0.96658,0.96249,3256,3136,0.9631,0.1411,0.0916,13.531,0.0772,0.9846,2.1
"1","expedited_i >=   1.000 & rawben_rel_max >=   0.471 & unc_rawben_rel_max >=   1.090 & utilities < 596.000","xgboost",5128,0.96685,0.96248,2526,2431,0.9624,0.1094,0.0787,10.497,0.0772,0.9846,2.1
"1","elderly_disabled_i <=  0.500 & medical_deductions <= 66.000 & rawben_rel_max >  0.947","ranger",13020,0.96521,0.96247,6772,6536,0.9652,0.294,0.1937,28.143,0.0772,0.9846,2.1
"1","months_since_cert_n >  4.500 & months_since_cert_n <= 36.500 & rawben_rel_max <=  0.087","ranger",3361,0.96787,0.96247,1609,1545,0.9602,0.0695,0.0451,6.687,0.0772,0.9846,2.1
"1","count_divisible_by_100 <= 1.50 & months_since_cert_n <= 5.50 & unc_rawben_rel_max > 1.01","ranger",11410,0.96538,0.96245,5848,5654,0.9668,0.2544,0.1491,24.303,0.0772,0.9846,2.1
"1","medical_deductions <= 140.000 & months_since_cert_n <=   5.500 & percent_abawd <=   1.500 & unc_rawben_rel_max >   0.995","ranger",11437,0.96538,0.96245,5873,5679,0.967,0.2555,0.1473,24.407,0.0772,0.9846,2.1
"1","months_since_cert_n <  30.0000 & rawben_rel_max <   0.0893 & shelter_expenses_by_hh_size < 678.0000","xgboost",2955,0.96819,0.96244,1323,1266,0.9569,0.057,0.0395,5.498,0.0772,0.9846,2.1
"1","months_since_cert_n < 6.000 & rawben_rel_max >= 0.876 & unc_rawben_rel_max >= 1.050","xgboost",11066,0.96539,0.96242,5645,5457,0.9667,0.2455,0.1441,23.459,0.0772,0.9846,2.1
"1","children_i <=   0.5 & elderly_disabled_i <=   0.5 & homeless <=   0.5 & shelter_expenses_by_hh_size <= 286.0","ranger",6694,0.96624,0.96241,3668,3546,0.9667,0.1595,0.0919,15.243,0.0772,0.9846,2.1
"1","count_divisible_by_100 <=   0.5 & shelter_expenses_by_hh_size <= 350.0 & utilities <=  14.5","ranger",12474,0.96521,0.96241,6569,6352,0.967,0.2858,0.1534,27.299,0.0772,0.9846,2.1
"1","medical_deductions <= 146.0 & shelter_expenses_by_hh_size >  14.5 & total_deductions_by_hh_size <=   8.5","ranger",2981,0.96813,0.9624,1524,1474,0.9672,0.0663,0.0227,6.333,0.0772,0.9846,2.1
"1","cat_elig <  2 & elderly_disabled_i <  1 & months_since_cert_n >=  1 & utilities < 63","xgboost",5679,0.96654,0.96239,4593,4408,0.9597,0.1983,0.138,19.087,0.0772,0.9846,2.1
"1","cat_elig >  0.5 & count_divisible_by_100 <=  1.5 & months_since_cert_n <= 13.5 & shelter_expenses_by_hh_size <= 14.5","ranger",8726,0.96573,0.96238,4631,4477,0.9667,0.2014,0.1173,19.245,0.0772,0.9846,2.1
"1","married <   1 & months_since_cert_n <  16 & shelter_expenses_by_hh_size < 197 & total_deductions_by_hh_size < 281","xgboost",11712,0.96525,0.96236,6183,5984,0.9678,0.2692,0.1401,25.695,0.0772,0.9846,2.1
"1","months_since_cert_n < 29.0000 & rawben_rel_max <  0.0893 & unc_rawben_rel_max >=  0.0000","xgboost",916,0.97271,0.96236,434,425,0.9793,0.0191,0.0057,1.804,0.0772,0.9846,2.1
"1","cat_elig <=   0.5 & children_i <=   0.5 & months_since_cert_n >   5.5 & total_deductions_by_hh_size <= 291.0","ranger",1038,0.97206,0.96234,567,552,0.9735,0.0248,0.007,2.356,0.0772,0.9846,2
"1","expedited_i <   1.000 & rawben_rel_max >=   0.261 & shelter_expenses_by_hh_size < 376.000 & total_deductions_by_hh_size <  14.000","xgboost",6260,0.96629,0.96234,3526,3405,0.9657,0.1532,0.0841,14.653,0.0772,0.9846,2
"1","elderly_disabled_i > 0.5 & homeless <= 0.5 & total_deductions_by_hh_size <= 7.8","ranger",4654,0.96691,0.96232,2377,2306,0.9701,0.1037,0.0369,9.878,0.0772,0.9846,2
"1","elderly_disabled_i >=  1.000 & homeless <  1.000 & unc_rawben_rel_max <  0.302 & utilities < 48.000","xgboost",2773,0.96827,0.96232,1358,1312,0.9661,0.059,0.022,5.644,0.0772,0.9846,2
"1","months_since_cert_n <= 5.500 & percent_abawd <= 1.500 & unc_rawben_rel_max > 0.991","ranger",11563,0.96523,0.96232,5932,5731,0.9661,0.2578,0.1529,24.652,0.0772,0.9846,2
"1","count_divisible_by_100 >= 1.000 & elderly_disabled_i < 1.000 & rawben_rel_max >= 0.988 & unc_rawben_rel_max < 1.200","xgboost",233,0.98283,0.96231,122,117,0.959,0.0053,0.0034,0.507,0.0772,0.9846,2
"1","elderly_disabled_i >= 1 & months_since_cert_n >= 6 & total_deductions_by_hh_size < 9","xgboost",3060,0.96797,0.96231,1573,1527,0.9708,0.0687,0.025,6.537,0.0772,0.9846,2
"1","homeless >  0.5 & utilities <= 30.5","ranger",3289,0.96777,0.96231,1586,1534,0.9672,0.069,0.0357,6.591,0.0772,0.9846,2
"1","months_since_cert_n <  32.00 & rawben_rel_max <   0.08 & total_deductions_by_hh_size < 390.00 & unc_rawben_rel_max <   0.00","xgboost",1517,0.97034,0.96229,0,0,NA,0,0,0,0.0772,0.9846,2
"1","months_since_cert_n < 12.00 & percent_abawd <  0.50 & rawben_rel_max <  0.08 & unc_rawben_rel_max >=  0.00","xgboost",304,0.98026,0.96229,0,0,NA,0,0,0,0.0772,0.9846,2
"1","cat_elig >=   1.000 & elderly_disabled_i <   1.000 & rawben_rel_max >=   0.835 & shelter_expenses_by_hh_size < 916.000","xgboost",9893,0.96543,0.96228,5075,4916,0.9687,0.2212,0.133,21.09,0.0772,0.9846,2
"1","months_since_cert_n >=  30.000 & rawben_rel_max >=   0.992 & unc_rawben_rel_max <   1.860 & utilities >= 819.000","xgboost",116,0.99138,0.96228,96,94,0.9792,0.0042,0.0014,0.399,0.0772,0.9846,2
"1","months_since_cert_n >= 11.000 & rawben_rel_max <  0.312 & total_deductions_by_hh_size < 92.000 & utilities < 30.000","xgboost",665,0.97444,0.96228,330,324,0.9818,0.0146,0.0027,1.371,0.0772,0.9846,2
"1","rawben_rel_max >=   0.787 & shelter_expenses_by_hh_size < 528.000 & unc_rawben_rel_max >=   1.200 & unc_rawben_rel_max <   1.900","xgboost",10003,0.96541,0.96228,5155,4967,0.9635,0.2235,0.1517,21.423,0.0772,0.9846,2
"1","homeless < 1.00 & medical_deductions >= 3.00 & rawben_rel_max < 0.24 & total_deductions_by_hh_size >= 4.40","xgboost",1605,0.97009,0.96227,723,701,0.9696,0.0315,0.0102,3.005,0.0772,0.9846,2
"1","months_since_cert_n >= 5.0000 & rawben_rel_max < 0.0928 & unc_rawben_rel_max < 0.0760","xgboost",3286,0.96774,0.96227,1557,1493,0.9589,0.0672,0.0451,6.471,0.0772,0.9846,2
"1","elderly_disabled_i > 0.5 & months_since_cert_n <= 9.5 & total_deductions_by_hh_size <= 2.8","ranger",3113,0.96788,0.96226,1519,1470,0.9677,0.0661,0.0262,6.313,0.0772,0.9846,2
"1","married <=   0.5 & total_deductions_by_hh_size <= 292.0 & utilities <=   5.0","ranger",13692,0.96494,0.96226,7213,6960,0.9649,0.3131,0.1655,29.975,0.0772,0.9846,2
"1","children_i < 1.000 & months_since_cert_n >= 7.000 & rawben_rel_max >= 0.924 & total_deductions_by_hh_size < 9.000","xgboost",2132,0.96904,0.96225,1212,1172,0.967,0.0527,0.0351,5.037,0.0772,0.9846,2
"1","months_since_cert_n <   2.000 & rawben_rel_max <   0.084 & total_deductions_by_hh_size < 497.000","xgboost",569,0.9754,0.96225,250,240,0.96,0.0108,0.0084,1.039,0.0772,0.9846,2
"1","medical_deductions >  0.500 & months_since_cert_n <= 41.000 & rawben_rel_max <=  0.266","ranger",1721,0.96979,0.96223,766,742,0.9687,0.0334,0.0113,3.183,0.0772,0.9846,2
"1","rawben_rel_max >=    0.992 & total_deductions_by_hh_size <  982.000 & utilities >= 1020.000","xgboost",157,0.98726,0.96223,288,282,0.9792,0.0127,0.0038,1.197,0.0772,0.9846,2
"1","cat_elig >    1.5000 & rawben_rel_max <=    0.0842 & shelter_expenses_by_hh_size <= 2700.0000 & utilities >   30.5000","ranger",1455,0.97045,0.96222,89,88,0.9888,0.004,0.001,0.37,0.0772,0.9846,2
"1","cat_elig <= 0.500 & homeless <= 0.500 & rawben_rel_max > 0.869","ranger",1984,0.96925,0.96221,1060,1028,0.9698,0.0462,0.0224,4.405,0.0772,0.9846,2
"1","cat_elig >   0.5 & children_i <=   0.5 & elderly_disabled_i <=   0.5 & total_deductions_by_hh_size <= 184.0","ranger",7632,0.9658,0.96221,4062,3921,0.9653,0.1764,0.1059,16.881,0.0772,0.9846,2
"1","expedited_i <  1.00 & total_deductions_by_hh_size < 22.40 & unc_rawben_rel_max >= -1.17","xgboost",9848,0.96537,0.96221,5237,5046,0.9635,0.227,0.1157,21.764,0.0772,0.9846,2
"1","expedited_i < 1.0 & homeless < 1.0 & percent_abawd >= 0.5 & total_deductions_by_hh_size < 4.4","xgboost",1095,0.97169,0.96221,678,654,0.9646,0.0294,0.0189,2.818,0.0772,0.9846,2
"1","months_since_cert_n > 5.500 & rawben_rel_max > 0.381 & total_deductions_by_hh_size <= 3.800 & unc_rawben_rel_max > 0.796","ranger",2621,0.96833,0.96221,1446,1393,0.9633,0.0627,0.0456,6.009,0.0772,0.9846,2
"1","shelter_expenses_by_hh_size >  14.5 & total_deductions_by_hh_size <=   2.5 & utilities <= 428.0","ranger",2650,0.9683,0.96221,1375,1333,0.9695,0.06,0.0191,5.714,0.0772,0.9846,2
"1","children_i <= 0.50 & months_since_cert_n <= 5.50 & percent_abawd <= 0.75 & unc_rawben_rel_max > 1.01","ranger",8158,0.96568,0.9622,4107,3966,0.9657,0.1784,0.107,17.068,0.0772,0.9846,2
"1","shelter_expenses_by_hh_size < 405.0000 & unc_rawben_rel_max <  -0.0344 & utilities < 992.0000","xgboost",1034,0.97195,0.9622,483,472,0.9772,0.0212,0.0094,2.007,0.0772,0.9846,2
"1","cat_elig >  0.5 & months_since_cert_n <= 13.5 & shelter_expenses_by_hh_size <= 14.5","ranger",8734,0.96554,0.96218,4637,4481,0.9664,0.2016,0.1186,19.27,0.0772,0.9846,2
"1","cat_elig >  0.500 & elderly_disabled_i >  0.500 & unc_rawben_rel_max <=  0.388 & utilities <= 28.500","ranger",2533,0.96842,0.96218,1277,1237,0.9687,0.0557,0.0191,5.307,0.0772,0.9846,2
"1","medical_deductions <  3.000 & months_since_cert_n <  2.000 & rawben_rel_max >=  0.992 & unc_rawben_rel_max >= -0.056","xgboost",3902,0.9672,0.96217,2055,1996,0.9713,0.0898,0.0472,8.54,0.0772,0.9846,2
"1","expedited_i >=   1.00 & rawben_rel_max >=   0.24 & total_deductions_by_hh_size < 300.00","xgboost",4494,0.96684,0.96216,2214,2149,0.9706,0.0967,0.048,9.201,0.0772,0.9846,2
"1","medical_deductions <= 140.000 & months_since_cert_n <=   5.500 & unc_rawben_rel_max >   0.995","ranger",11458,0.96509,0.96216,5890,5696,0.9671,0.2563,0.1473,24.477,0.0772,0.9846,2
"1","months_since_cert_n >  5.500 & shelter_expenses_by_hh_size <= 12.500 & unc_rawben_rel_max >  0.991","ranger",2675,0.96822,0.96216,1459,1406,0.9637,0.0633,0.0459,6.063,0.0772,0.9846,2
"1","shelter_expenses_by_hh_size < 2090.000 & unc_rawben_rel_max <    0.076","xgboost",5112,0.96655,0.96216,2369,2281,0.9629,0.1026,0.0632,9.845,0.0772,0.9846,2
"1","count_divisible_by_100 <=  1.50000 & total_deductions_by_hh_size <= 58.90000 & unc_rawben_rel_max > -0.00544","ranger",13512,0.96485,0.96215,7154,6889,0.963,0.3099,0.1653,29.73,0.0772,0.9846,2
"1","months_since_cert_n <  11.0000 & rawben_rel_max <   0.0928 & total_deductions_by_hh_size < 236.0000","xgboost",2300,0.9687,0.96215,1061,1030,0.9708,0.0463,0.0178,4.409,0.0772,0.9846,2
"1","count_divisible_by_100 < 1.00 & months_since_cert_n < 4.00 & rawben_rel_max >= 1.00 & unc_rawben_rel_max >= 1.17","xgboost",6867,0.96592,0.96214,3534,3423,0.9686,0.154,0.0869,14.686,0.0772,0.9846,2
"1","rawben_rel_max <   0.261 & shelter_expenses_by_hh_size < 376.000 & total_deductions_by_hh_size <  14.000","xgboost",2559,0.96835,0.96214,1212,1166,0.962,0.0525,0.0208,5.037,0.0772,0.9846,2
"1","cat_elig >    0.500 & expedited_i >    0.500 & rawben_rel_max >    0.991 & shelter_expenses_by_hh_size <= 1330.000","ranger",4603,0.96676,0.96213,2293,2209,0.9634,0.0994,0.0687,9.529,0.0772,0.9846,2
"1","children_i <=  0.500 & elderly_disabled_i <=  0.500 & medical_deductions <= 66.000 & unc_rawben_rel_max >  0.806","ranger",12932,0.96489,0.96213,6767,6526,0.9644,0.2936,0.1943,28.122,0.0772,0.9846,2
"1","count_divisible_by_100 <  1.0 & months_since_cert_n >=  3.0 & percent_abawd >=  0.5 & total_deductions_by_hh_size < 30.0","xgboost",1540,0.97013,0.96213,919,890,0.9684,0.04,0.025,3.819,0.0772,0.9846,2
"1","medical_deductions > 114.000 & rawben_rel_max <=   0.991 & unc_rawben_rel_max <=   0.325 & utilities <= 664.000","ranger",1213,0.97115,0.96213,583,560,0.9605,0.0252,0.0092,2.423,0.0772,0.9846,2
"1","months_since_cert_n >= 12.000 & rawben_rel_max <  0.256 & utilities < 34.000","xgboost",599,0.97496,0.96213,290,284,0.9793,0.0128,0.0046,1.205,0.0772,0.9846,2
"1","shelter_expenses_by_hh_size < 400.000 & unc_rawben_rel_max >=  -0.639 & unc_rawben_rel_max <  -0.056 & utilities >=  63.000","xgboost",195,0.98462,0.96213,99,97,0.9798,0.0044,0.0019,0.411,0.0772,0.9846,2
"1","unc_rawben_rel_max >=   1.24 & unc_rawben_rel_max <   1.86 & utilities >= 385.00","xgboost",2759,0.9681,0.96213,1452,1409,0.9704,0.0634,0.035,6.034,0.0772,0.9846,2
"1","cat_elig > 0.500 & children_i <= 0.500 & homeless > 0.500 & rawben_rel_max > 0.998","ranger",2729,0.96812,0.96211,1308,1278,0.9771,0.0575,0.0253,5.436,0.0772,0.9846,2
"1","children_i <   1 & count_divisible_by_100 <   1 & total_deductions_by_hh_size < 126","xgboost",16449,0.96456,0.96211,8567,8250,0.963,0.3712,0.1883,35.602,0.0772,0.9846,2
"1","percent_abawd >=   0.50 & shelter_expenses_by_hh_size <  29.00 & total_deductions_by_hh_size < 265.00 & unc_rawben_rel_max <   1.33","xgboost",2758,0.96809,0.96211,1642,1593,0.9702,0.0717,0.0388,6.824,0.0772,0.9846,2
"1","count_divisible_by_100 <   1.00 & rawben_rel_max >=   0.46 & shelter_expenses_by_hh_size < 205.00 & utilities < 366.00","xgboost",10700,0.96514,0.9621,5632,5452,0.968,0.2453,0.132,23.405,0.0772,0.9846,2
"1","rawben_rel_max <    0.0893 & shelter_expenses_by_hh_size < 1750.0000 & unc_rawben_rel_max <    1.1800","xgboost",5244,0.96644,0.9621,2441,2351,0.9631,0.1058,0.0644,10.144,0.0772,0.9846,2
"1","cat_elig > 0.500 & expedited_i > 0.500 & homeless > 0.500 & unc_rawben_rel_max > 0.957","ranger",1331,0.9707,0.96209,620,601,0.9694,0.027,0.016,2.577,0.0772,0.9846,2
"1","expedited_i >=   1.00 & total_deductions_by_hh_size < 616.00 & unc_rawben_rel_max >=   0.72","xgboost",5243,0.96643,0.96209,2426,2346,0.967,0.1055,0.0625,10.082,0.0772,0.9846,2
"1","months_since_cert_n >  5.500 & rawben_rel_max >  0.997 & shelter_expenses_by_hh_size <= 12.500 & unc_rawben_rel_max >  0.991","ranger",2670,0.96816,0.96208,1458,1405,0.9636,0.0632,0.0459,6.059,0.0772,0.9846,2
"1","cat_elig >=   1.000 & rawben_rel_max >=   0.844 & shelter_expenses_by_hh_size < 339.000 & unc_rawben_rel_max >=   0.280","xgboost",8736,0.96543,0.96207,4587,4447,0.9695,0.2001,0.1149,19.062,0.0772,0.9846,2
"1","unc_rawben_rel_max <  -0.004 & utilities >=  38.000 & utilities < 426.000","xgboost",1449,0.97032,0.96207,655,638,0.974,0.0287,0.0118,2.722,0.0772,0.9846,2
"1","elderly_disabled_i <=  0.500 & months_since_cert_n <= 11.500 & rawben_rel_max >  0.823","ranger",12963,0.96482,0.96206,6789,6550,0.9648,0.2947,0.1915,28.213,0.0772,0.9846,2
"1","cat_elig <= 2.500 & medical_deductions > 0.500 & rawben_rel_max <= 0.266","ranger",1713,0.96964,0.96205,766,742,0.9687,0.0334,0.0113,3.183,0.0772,0.9846,2
"1","elderly_disabled_i <   1.0 & months_since_cert_n <  16.0 & total_deductions_by_hh_size < 705.0 & unc_rawben_rel_max >=   1.2","xgboost",10794,0.96507,0.96205,5672,5466,0.9637,0.2459,0.172,23.571,0.0772,0.9846,2
"1","children_i < 1.000 & percent_abawd < 0.500 & rawben_rel_max < 0.945 & total_deductions_by_hh_size < 4.400","xgboost",4169,0.9669,0.96203,2086,2020,0.9684,0.0909,0.0315,8.669,0.0772,0.9846,2
"1","children_i <=  0.5 & elderly_disabled_i <=  0.5 & expedited_i <=  0.5 & shelter_expenses_by_hh_size <= 17.0","ranger",5095,0.96644,0.96203,2830,2738,0.9675,0.1232,0.0674,11.761,0.0772,0.9846,2
"1","expedited_i <=  0.500 & rawben_rel_max >  0.991 & utilities <= 14.500","ranger",5904,0.96612,0.96203,3274,3153,0.963,0.1418,0.0926,13.606,0.0772,0.9846,2
"1","months_since_cert_n < 6.000 & rawben_rel_max >= 0.992","xgboost",11584,0.96495,0.96203,5949,5748,0.9662,0.2586,0.1529,24.723,0.0772,0.9846,2
"1","elderly_disabled_i >   0.5 & married <=   0.5 & shelter_expenses_by_hh_size <= 501.0 & total_deductions_by_hh_size <=   7.8","ranger",4814,0.96656,0.96202,2422,2348,0.9694,0.1056,0.0386,10.065,0.0772,0.9846,2
"1","shelter_expenses_by_hh_size < 1170 & total_deductions_by_hh_size >=  657 & utilities >=  850","xgboost",938,0.97228,0.96201,520,494,0.95,0.0222,0.0169,2.161,0.0772,0.9846,2
"1","elderly_disabled_i <=  0.500 & months_since_cert_n <= 10.500 & rawben_rel_max >  0.806","ranger",12669,0.9648,0.962,6594,6358,0.9642,0.286,0.1865,27.403,0.0772,0.9846,2
"1","married <   1.00 & unc_rawben_rel_max >=   1.02 & unc_rawben_rel_max <   1.73 & utilities >= 783.00","xgboost",1740,0.96954,0.962,1145,1109,0.9686,0.0499,0.0262,4.758,0.0772,0.9846,2
"1","percent_abawd < 0.50 & rawben_rel_max < 0.08","xgboost",2377,0.96845,0.962,0,0,NA,0,0,0,0.0772,0.9846,2
"1","total_deductions_by_hh_size < 982.0 & unc_rawben_rel_max >=   1.2 & utilities <  54.0","xgboost",9270,0.96526,0.962,4839,4661,0.9632,0.2097,0.1401,20.11,0.0772,0.9846,2
"1","months_since_cert_n <   7.000 & shelter_expenses_by_hh_size < 642.000 & unc_rawben_rel_max >=   0.772 & utilities < 875.000","xgboost",9570,0.9652,0.96199,4872,4728,0.9704,0.2127,0.105,20.247,0.0772,0.9846,2
"1","cat_elig <   1.000 & rawben_rel_max <   0.485 & total_deductions_by_hh_size < 278.000","xgboost",1028,0.97179,0.96198,531,514,0.968,0.0231,0.0074,2.207,0.0772,0.9846,2
"1","cat_elig >  0.5 & elderly_disabled_i <=  0.5 & shelter_expenses_by_hh_size <= 14.5","ranger",7309,0.96566,0.96198,3878,3748,0.9665,0.1686,0.1032,16.116,0.0772,0.9846,2
"1","count_divisible_by_100 <=  0.5 & elderly_disabled_i <=  0.5 & medical_deductions <=  3.5 & utilities <= 12.5","ranger",9431,0.96522,0.96198,4966,4794,0.9654,0.2157,0.1288,20.637,0.0772,0.9846,2
"1","months_since_cert_n < 4.000 & rawben_rel_max >= 0.412 & unc_rawben_rel_max >= 1.050","xgboost",7886,0.96551,0.96197,4032,3908,0.9692,0.1758,0.0945,16.756,0.0772,0.9846,2
"1","shelter_expenses_by_hh_size < 322 & unc_rawben_rel_max >=   0 & utilities <  27","xgboost",12168,0.96483,0.96197,6408,6199,0.9674,0.2789,0.1458,26.63,0.0772,0.9846,2
"1","cat_elig >=   1.000 & elderly_disabled_i <   1.000 & rawben_rel_max >=   0.722 & utilities < 281.000","xgboost",8216,0.96543,0.96196,4329,4186,0.967,0.1883,0.1148,17.99,0.0772,0.9846,2
"1","medical_deductions >   0.5 & months_since_cert_n <=   5.5 & shelter_expenses_by_hh_size > 801.0 & total_deductions_by_hh_size <= 460.0","ranger",115,0.9913,0.96196,47,46,0.9787,0.0021,3e-04,0.195,0.0772,0.9846,2
"1","months_since_cert_n >=  2.000 & rawben_rel_max <  0.268 & unc_rawben_rel_max >=  0.000 & utilities < 29.000","xgboost",1297,0.9707,0.96196,594,572,0.963,0.0257,0.0131,2.469,0.0772,0.9846,2
"1","months_since_cert_n >=  5.000 & rawben_rel_max >=  0.828 & shelter_expenses_by_hh_size < 61.000 & unc_rawben_rel_max <  1.230","xgboost",3625,0.96717,0.96194,1944,1876,0.965,0.0844,0.0562,8.079,0.0772,0.9846,2
"1","expedited_i <=  0.500 & rawben_rel_max >  0.268 & unc_rawben_rel_max >  0.998 & utilities <= 14.500","ranger",5888,0.96603,0.96193,3270,3149,0.963,0.1417,0.0926,13.589,0.0772,0.9846,2
"1","cat_elig >  0.500 & rawben_rel_max <=  0.085 & utilities > 28.500","ranger",3623,0.96715,0.96192,1706,1642,0.9625,0.0739,0.0471,7.09,0.0772,0.9846,2
"1","elderly_disabled_i < 1.000 & homeless >= 1.000 & months_since_cert_n >= 4.000 & rawben_rel_max >= 0.712","xgboost",1502,0.97004,0.96192,702,688,0.9801,0.031,0.0132,2.917,0.0772,0.9846,2
"1","expedited_i < 1.000 & rawben_rel_max < 0.080 & unc_rawben_rel_max < 0.972","xgboost",2401,0.96835,0.96192,0,0,NA,0,0,0,0.0772,0.9846,2
"1","married <= 0.500 & medical_deductions > 3.500 & rawben_rel_max <= 0.266 & unc_rawben_rel_max <= 1.950","ranger",1707,0.96954,0.96192,763,740,0.9699,0.0333,0.011,3.171,0.0772,0.9846,2
"1","rawben_rel_max <  0.268 & unc_rawben_rel_max >=  0.000 & utilities < 29.000","xgboost",1502,0.97004,0.96192,687,663,0.9651,0.0298,0.0136,2.855,0.0772,0.9846,2
"1","cat_elig <    1 & months_since_cert_n <    6 & total_deductions_by_hh_size < 1060","xgboost",2829,0.96783,0.96191,1421,1372,0.9655,0.0617,0.0238,5.905,0.0772,0.9846,2
"1","cat_elig >=   2.0000 & rawben_rel_max <   0.0893 & total_deductions_by_hh_size < 809.0000","xgboost",1852,0.96922,0.96191,107,106,0.9907,0.0048,0.001,0.445,0.0772,0.9846,2
"1","homeless >=  1 & months_since_cert_n >= 10 & total_deductions_by_hh_size < 55","xgboost",402,0.97761,0.96191,207,203,0.9807,0.0091,0.0025,0.86,0.0772,0.9846,2
"1","months_since_cert_n <  20.000 & percent_abawd <   0.500 & unc_rawben_rel_max <  -0.184 & utilities >= 600.000","xgboost",266,0.9812,0.96189,147,140,0.9524,0.0063,0.0059,0.611,0.0772,0.9846,2
"1","cat_elig >  0.500 & homeless >  0.500 & months_since_cert_n <= 34.000 & rawben_rel_max >  0.991","ranger",2741,0.96789,0.96188,1308,1277,0.9763,0.0575,0.0262,5.436,0.0772,0.9846,2
"1","expedited_i <=  0.5 & unc_rawben_rel_max >  1.0 & utilities <= 14.5","ranger",5881,0.96599,0.96188,3265,3144,0.9629,0.1414,0.0926,13.569,0.0772,0.9846,2
"1","expedited_i <= 0.500 & medical_deductions > 3.500 & rawben_rel_max <= 0.266","ranger",1676,0.96957,0.96188,749,726,0.9693,0.0327,0.011,3.113,0.0772,0.9846,2
"1","months_since_cert_n >  5.500 & rawben_rel_max >  0.991 & unc_rawben_rel_max <=  1.540 & utilities <= 14.500","ranger",2798,0.96783,0.96188,1518,1461,0.9625,0.0657,0.0493,6.308,0.0772,0.9846,2
"1","cat_elig <=  0.5 & homeless <=  0.5 & married <=  0.5 & utilities <= 30.5","ranger",1705,0.9695,0.96187,913,885,0.9693,0.0398,0.0151,3.794,0.0772,0.9846,2
"1","cat_elig >  0.5 & elderly_disabled_i <=  0.5 & shelter_expenses_by_hh_size <= 18.5","ranger",7315,0.96555,0.96187,3884,3753,0.9663,0.1688,0.1034,16.141,0.0772,0.9846,2
"1","children_i <= 0.500 & elderly_disabled_i <= 0.500 & homeless <= 0.500 & unc_rawben_rel_max > 0.991","ranger",9240,0.96515,0.96187,4984,4794,0.9619,0.2157,0.1551,20.712,0.0772,0.9846,2
"1","cat_elig < 2.000 & total_deductions_by_hh_size < 9.000 & unc_rawben_rel_max >= 0.179 & unc_rawben_rel_max < 1.210","xgboost",3532,0.96716,0.96186,5578,5407,0.9693,0.2433,0.1187,23.181,0.0772,0.9846,2
"1","expedited_i <=  0.5000 & medical_deductions <=  4.5000 & rawben_rel_max <=  0.0887 & utilities > 12.5000","ranger",2994,0.9676,0.96184,1429,1375,0.9622,0.0619,0.0383,5.939,0.0772,0.9846,2
"1","elderly_disabled_i >  0.500 & rawben_rel_max <=  0.947 & shelter_expenses_by_hh_size <= 32.500 & unc_rawben_rel_max <=  0.593","ranger",1292,0.97059,0.96182,636,616,0.9686,0.0277,0.0105,2.643,0.0772,0.9846,2
"1","homeless <=   0.5 & medical_deductions <= 140.0 & shelter_expenses_by_hh_size <=   5.0","ranger",8155,0.9653,0.96181,4414,4264,0.966,0.1918,0.1119,18.344,0.0772,0.9846,2
"1","rawben_rel_max <    0.0893 & shelter_expenses_by_hh_size < 1800.0000","xgboost",5260,0.96616,0.96181,2444,2354,0.9632,0.1059,0.0644,10.157,0.0772,0.9846,2
"1","homeless <  1.00 & total_deductions_by_hh_size < 82.00 & unc_rawben_rel_max <  1.24","xgboost",12331,0.96464,0.9618,6672,6418,0.9619,0.2887,0.1506,27.727,0.0772,0.9846,2
"1","months_since_cert_n >=  2 & months_since_cert_n < 18 & shelter_expenses_by_hh_size < 29","xgboost",8233,0.96526,0.96179,4363,4214,0.9658,0.1896,0.1096,18.132,0.0772,0.9846,2
"1","elderly_disabled_i > 0.50 & homeless <= 0.50 & percent_abawd <= 0.75 & total_deductions_by_hh_size <= 8.90","ranger",4672,0.9664,0.96178,2379,2305,0.9689,0.1037,0.0376,9.887,0.0772,0.9846,2
"1","homeless <=   0.5 & medical_deductions <= 298.0 & shelter_expenses_by_hh_size <=   5.5","ranger",8177,0.96527,0.96178,4423,4273,0.9661,0.1922,0.1119,18.381,0.0772,0.9846,2
"1","percent_abawd >  0.75 & shelter_expenses_by_hh_size <= 14.00","ranger",2818,0.96771,0.96177,1666,1614,0.9688,0.0726,0.0418,6.923,0.0772,0.9846,2
"1","cat_elig >  0.50 & elderly_disabled_i <=  0.50 & percent_abawd <=  0.75 & shelter_expenses_by_hh_size <= 17.00","ranger",4919,0.96625,0.96176,2475,2393,0.9669,0.1077,0.0639,10.286,0.0772,0.9846,2
"1","cat_elig >  0.50 & months_since_cert_n <=  6.50 & total_deductions_by_hh_size <= 54.50 & unc_rawben_rel_max <=  1.21","ranger",5610,0.96595,0.96174,4076,3950,0.9691,0.1777,0.0815,16.939,0.0772,0.9846,2
"1","elderly_disabled_i > 0.5 & total_deductions_by_hh_size <= 3.5 & utilities <= 5.0","ranger",3127,0.96738,0.96174,1601,1561,0.975,0.0702,0.0249,6.653,0.0772,0.9846,2
"1","expedited_i <= 0.500 & homeless > 0.500 & percent_abawd <= 0.500 & rawben_rel_max > 0.991","ranger",1289,0.97052,0.96173,545,530,0.9725,0.0238,0.0115,2.265,0.0772,0.9846,2
"1","cat_elig < 1.00 & count_divisible_by_100 < 1.00 & rawben_rel_max >= 0.64","xgboost",2758,0.96773,0.96172,1441,1389,0.9639,0.0625,0.0296,5.988,0.0772,0.9846,2
"1","married <=  0.50 & percent_abawd >  0.75 & shelter_expenses_by_hh_size <= 14.50","ranger",2815,0.96767,0.96172,1663,1611,0.9687,0.0725,0.0418,6.911,0.0772,0.9846,2
"1","unc_rawben_rel_max >=  1.02 & unc_rawben_rel_max <  1.20 & utilities >= 80.00","xgboost",2016,0.96875,0.96172,1059,1012,0.9556,0.0455,0.0291,4.401,0.0772,0.9846,2
"1","months_since_cert_n < 18.000 & rawben_rel_max >=  0.979 & unc_rawben_rel_max >=  0.883 & utilities < 76.000","xgboost",10454,0.9648,0.96171,5545,5355,0.9657,0.2409,0.1485,23.044,0.0772,0.9846,2
"1","rawben_rel_max <    0.092 & shelter_expenses_by_hh_size < 2090.000 & utilities >=  430.000","xgboost",2073,0.96864,0.96171,943,916,0.9714,0.0412,0.0195,3.919,0.0772,0.9846,2
"1","cat_elig >= 2.0 & expedited_i >= 1.0 & percent_abawd >= 0.5 & total_deductions_by_hh_size < 9.0","xgboost",465,0.97634,0.9617,34,34,1,0.0015,0,0.141,0.0772,0.9846,2
"1","cat_elig <    1 & months_since_cert_n <   25 & shelter_expenses_by_hh_size < 1750 & total_deductions_by_hh_size <  508","xgboost",3627,0.96691,0.96167,1854,1786,0.9633,0.0803,0.0328,7.705,0.0772,0.9846,2
"1","cat_elig >   0.5 & homeless <=   0.5 & total_deductions_by_hh_size <= 150.0 & utilities <=  14.5","ranger",8236,0.96515,0.96167,4505,4347,0.9649,0.1956,0.1078,18.722,0.0772,0.9846,2
"1","medical_deductions > 0.500 & months_since_cert_n <= 5.500 & unc_rawben_rel_max <= 0.265","ranger",654,0.97401,0.96165,286,274,0.958,0.0123,0.005,1.189,0.0772,0.9846,2
"1","expedited_i >= 1 & homeless >= 1","xgboost",1694,0.9693,0.96163,798,769,0.9637,0.0346,0.0224,3.316,0.0772,0.9846,2
"1","cat_elig <=   0.5 & elderly_disabled_i >   0.5 & expedited_i <=   0.5 & total_deductions_by_hh_size <= 184.0","ranger",868,0.97235,0.96162,469,455,0.9701,0.0205,0.0073,1.949,0.0772,0.9846,2
"1","cat_elig < 2 & count_divisible_by_100 < 1 & months_since_cert_n >= 8 & total_deductions_by_hh_size < 9","xgboost",2580,0.96783,0.96161,1927,1872,0.9715,0.0842,0.0393,8.008,0.0772,0.9846,2
"1","medical_deductions > 114.000 & rawben_rel_max <=   0.991 & unc_rawben_rel_max <=   0.325","ranger",1519,0.96972,0.96161,722,688,0.9529,0.031,0.0134,3,0.0772,0.9846,2
"1","children_i <= 0.500 & percent_abawd <= 0.500 & rawben_rel_max <= 0.976 & total_deductions_by_hh_size <= 8.900","ranger",4289,0.96643,0.9616,2139,2068,0.9668,0.093,0.0333,8.889,0.0772,0.9846,2
"1","expedited_i > 0.5 & homeless > 0.5 & medical_deductions <= 3.5","ranger",1692,0.96927,0.96158,795,767,0.9648,0.0345,0.0219,3.304,0.0772,0.9846,2
"1","medical_deductions >= 42.000 & months_since_cert_n < 27.000 & rawben_rel_max <  0.328","xgboost",1663,0.96933,0.96158,777,743,0.9562,0.0334,0.0127,3.229,0.0772,0.9846,2
"1","rawben_rel_max <   0.0893 & shelter_expenses_by_hh_size >= 254.0000 & unc_rawben_rel_max >=   0.0000","xgboost",806,0.9727,0.96157,394,389,0.9873,0.0175,0.0039,1.637,0.0772,0.9846,2
"1","expedited_i <=  0.5 & months_since_cert_n <= 13.5 & shelter_expenses_by_hh_size <=  5.5","ranger",6570,0.96545,0.96155,3633,3504,0.9645,0.1576,0.0925,15.098,0.0772,0.9846,2
"1","cat_elig > 1.5 & children_i <= 0.5 & months_since_cert_n > 6.5 & total_deductions_by_hh_size <= 8.9","ranger",1429,0.96991,0.96154,147,145,0.9864,0.0065,8e-04,0.611,0.0772,0.9846,2
"1","cat_elig > 0.500 & homeless > 0.500 & rawben_rel_max > 0.991","ranger",2744,0.96757,0.96153,1310,1279,0.9763,0.0575,0.0262,5.444,0.0772,0.9846,2
"1","count_divisible_by_100 <=   0.500 & medical_deductions > 120.000 & shelter_expenses_by_hh_size >   5.500 & unc_rawben_rel_max <=   0.311","ranger",1341,0.97017,0.96153,632,607,0.9604,0.0273,0.0095,2.626,0.0772,0.9846,2
"1","months_since_cert_n <= 21.5000 & rawben_rel_max <=  0.0887 & utilities >  5.0000","ranger",3752,0.96668,0.96152,1744,1680,0.9633,0.0756,0.0462,7.248,0.0772,0.9846,2
"1","expedited_i <  1.000 & rawben_rel_max <  0.092 & unc_rawben_rel_max >= -1.170 & unc_rawben_rel_max <  0.120","xgboost",5081,0.96595,0.96151,2333,2255,0.9666,0.1014,0.0516,9.695,0.0772,0.9846,2
"1","expedited_i > 0.5 & homeless > 0.5 & married <= 0.5 & medical_deductions <= 0.5","ranger",1689,0.96921,0.96151,794,766,0.9647,0.0345,0.0219,3.3,0.0772,0.9846,2
"1","cat_elig > 0.500 & homeless > 0.500 & married <= 0.500 & rawben_rel_max > 0.991","ranger",2742,0.96754,0.9615,1310,1279,0.9763,0.0575,0.0262,5.444,0.0772,0.9846,2
"1","cat_elig > 0.500 & homeless > 0.500 & medical_deductions <= 0.500 & unc_rawben_rel_max > 0.991","ranger",2742,0.96754,0.9615,1309,1279,0.9771,0.0575,0.0252,5.44,0.0772,0.9846,2
"1","medical_deductions < 137.000 & months_since_cert_n >=   6.000 & rawben_rel_max >=   0.992 & unc_rawben_rel_max <   1.640","xgboost",5628,0.96571,0.96149,3072,2937,0.9561,0.1321,0.1046,12.766,0.0772,0.9846,2
"1","married <  1.00 & months_since_cert_n < 14.00 & unc_rawben_rel_max >=  1.01 & unc_rawben_rel_max <  1.99","xgboost",15830,0.96399,0.96148,8299,7988,0.9625,0.3594,0.2428,34.489,0.0772,0.9846,2
"1","rawben_rel_max >=    0.99 & shelter_expenses_by_hh_size < 1480.00 & total_deductions_by_hh_size <  749.00 & unc_rawben_rel_max <    1.90","xgboost",13895,0.96416,0.96147,7473,7181,0.9609,0.3231,0.229,31.056,0.0772,0.9846,2
"1","married < 1.000 & rawben_rel_max < 0.084","xgboost",5184,0.96586,0.96146,2425,2331,0.9612,0.1049,0.0683,10.078,0.0772,0.9846,2
"1","total_deductions_by_hh_size >=  9.000 & unc_rawben_rel_max < -0.004","xgboost",2824,0.96742,0.96146,1280,1233,0.9633,0.0555,0.0377,5.319,0.0772,0.9846,2
"1","cat_elig >  0.5 & children_i <=  0.5 & count_divisible_by_100 <=  1.5 & shelter_expenses_by_hh_size <= 14.5","ranger",9327,0.96473,0.96145,4884,4723,0.967,0.2125,0.1207,20.297,0.0772,0.9846,2
"1","count_divisible_by_100 <=  1.5 & homeless <=  0.5 & shelter_expenses_by_hh_size <= 14.5","ranger",8189,0.96495,0.96145,4428,4279,0.9664,0.1925,0.1112,18.402,0.0772,0.9846,2
"1","elderly_disabled_i <  1.00 & months_since_cert_n < 19.00 & rawben_rel_max >=  1.00 & unc_rawben_rel_max >=  1.18","xgboost",11329,0.96443,0.96145,5924,5704,0.9629,0.2566,0.1815,24.619,0.0772,0.9846,2
"1","cat_elig <    1.00 & shelter_expenses_by_hh_size < 1220.00 & unc_rawben_rel_max >=   -0.44 & unc_rawben_rel_max <    0.12","xgboost",619,0.97415,0.96142,273,270,0.989,0.0121,0.0016,1.135,0.0772,0.9846,2
"1","cat_elig <   1.00 & rawben_rel_max <   0.21 & shelter_expenses_by_hh_size < 963.00 & utilities < 789.00","xgboost",803,0.9726,0.96142,378,372,0.9841,0.0167,0.0028,1.571,0.0772,0.9846,2
"1","elderly_disabled_i <= 0.5 & married <= 0.5 & utilities <= 5.0","ranger",9781,0.96463,0.96142,5134,4952,0.9646,0.2228,0.1349,21.336,0.0772,0.9846,2
"1","elderly_disabled_i >=   1.00 & shelter_expenses_by_hh_size < 400.00 & total_deductions_by_hh_size <   4.40 & unc_rawben_rel_max <   1.21","xgboost",3937,0.96647,0.96142,2225,2154,0.9681,0.0969,0.0374,9.247,0.0772,0.9846,2
"1","homeless >=   1.0 & months_since_cert_n >=   5.0 & shelter_expenses_by_hh_size < 744.0 & total_deductions_by_hh_size <   4.4","xgboost",1102,0.97096,0.96142,541,532,0.9834,0.0239,0.0082,2.248,0.0772,0.9846,2
"1","married <= 0.500 & medical_deductions > 3.500 & shelter_expenses_by_hh_size > 5.500 & unc_rawben_rel_max <= 0.251","ranger",1598,0.96934,0.96141,703,682,0.9701,0.0307,0.0105,2.921,0.0772,0.9846,2
"1","cat_elig <= 2.500 & medical_deductions > 3.500 & rawben_rel_max <= 0.268 & unc_rawben_rel_max <= 1.970","ranger",1713,0.96906,0.9614,767,741,0.9661,0.0333,0.0118,3.187,0.0772,0.9846,2
"1","expedited_i <= 0.500 & homeless <= 0.500 & medical_deductions > 0.500 & rawben_rel_max <= 0.266","ranger",1655,0.96918,0.96139,744,720,0.9677,0.0324,0.0113,3.092,0.0772,0.9846,2
"1","months_since_cert_n <  28.0000 & rawben_rel_max <   0.0893 & shelter_expenses_by_hh_size >= 464.0000 & unc_rawben_rel_max >=  -1.1700","xgboost",3099,0.96709,0.96139,1455,1400,0.9622,0.063,0.0375,6.047,0.0772,0.9846,2
"1","cat_elig <   1.000 & months_since_cert_n <   9.000 & rawben_rel_max <   0.485 & total_deductions_by_hh_size < 278.000","xgboost",556,0.97482,0.96138,262,252,0.9618,0.0113,0.0051,1.089,0.0772,0.9846,2
"1","rawben_rel_max >=   0.23 & shelter_expenses_by_hh_size < 322.00 & unc_rawben_rel_max >=   0.00 & utilities <  27.00","xgboost",11382,0.96433,0.96136,5942,5745,0.9668,0.2585,0.138,24.694,0.0772,0.9846,2
"1","cat_elig >  0.500 & elderly_disabled_i <=  0.500 & months_since_cert_n <= 10.500 & rawben_rel_max >  0.991","ranger",10110,0.96449,0.96134,5263,5068,0.9629,0.228,0.1589,21.872,0.0772,0.9846,2
"1","cat_elig >=   2.0000 & rawben_rel_max <   0.0893 & shelter_expenses_by_hh_size >= 719.0000 & total_deductions_by_hh_size < 809.0000","xgboost",771,0.97276,0.96134,31,30,0.9677,0.0013,0.001,0.129,0.0772,0.9846,2
"1","children_i <=  0.5 & shelter_expenses_by_hh_size <=  5.5 & total_deductions_by_hh_size >  0.1 & total_deductions_by_hh_size <= 80.2","ranger",524,0.97519,0.96134,260,257,0.9885,0.0116,0.0016,1.08,0.0772,0.9846,2
"1","count_divisible_by_100 <=  0.5 & expedited_i <=  0.5 & married <=  0.5 & shelter_expenses_by_hh_size <= 14.0","ranger",7024,0.96512,0.96134,3843,3706,0.9644,0.1667,0.096,15.971,0.0772,0.9846,2
"1","homeless <=  0.50 & shelter_expenses_by_hh_size <= 14.50 & unc_rawben_rel_max <=  1.96","ranger",8193,0.96485,0.96134,4429,4278,0.9659,0.1925,0.1128,18.406,0.0772,0.9846,2
"1","elderly_disabled_i < 1.000 & unc_rawben_rel_max >= 0.908","xgboost",13171,0.96409,0.96132,6855,6615,0.965,0.2976,0.1963,28.488,0.0772,0.9846,2
"1","homeless <= 0.5 & shelter_expenses_by_hh_size <= 5.0","ranger",8188,0.96483,0.96132,4427,4276,0.9659,0.1924,0.1128,18.398,0.0772,0.9846,2
"1","children_i <  1.00 & months_since_cert_n >= 14.00 & rawben_rel_max <  0.24 & total_deductions_by_hh_size < 47.00","xgboost",891,0.97194,0.96131,450,427,0.9489,0.0192,0.0085,1.87,0.0772,0.9846,2
"1","count_divisible_by_100 <   1.00 & elderly_disabled_i <   1.00 & unc_rawben_rel_max >=   1.19 & utilities < 992.00","xgboost",10906,0.96433,0.96129,5577,5377,0.9641,0.2419,0.1669,23.177,0.0772,0.9846,2
"1","elderly_disabled_i <= 0.500 & months_since_cert_n > 5.500 & unc_rawben_rel_max > 0.991 & unc_rawben_rel_max <= 1.860","ranger",2951,0.96713,0.96129,1605,1539,0.9589,0.0692,0.0584,6.67,0.0772,0.9846,2
"1","medical_deductions <=    1.000 & rawben_rel_max <=    0.085 & shelter_expenses_by_hh_size <= 1770.000 & utilities >   26.500","ranger",2979,0.9671,0.96129,1427,1372,0.9615,0.0617,0.0396,5.93,0.0772,0.9846,2
"1","months_since_cert_n >=  10 & shelter_expenses_by_hh_size >= 254 & total_deductions_by_hh_size <  10","xgboost",920,0.97174,0.96128,489,478,0.9775,0.0215,0.0043,2.032,0.0772,0.9846,2
"1","months_since_cert_n <   6 & shelter_expenses_by_hh_size < 425 & total_deductions_by_hh_size < 209","xgboost",9607,0.96451,0.96127,4973,4806,0.9664,0.2162,0.1017,20.667,0.0772,0.9846,2
"1","cat_elig >  0.5 & children_i <=  0.5 & shelter_expenses_by_hh_size <= 14.5","ranger",9335,0.96454,0.96126,4891,4727,0.9665,0.2127,0.1229,20.326,0.0772,0.9846,2
"1","months_since_cert_n >=  2 & months_since_cert_n < 17 & total_deductions_by_hh_size < 96","xgboost",11299,0.96424,0.96126,6004,5788,0.964,0.2604,0.135,24.951,0.0772,0.9846,2
"1","elderly_disabled_i >=   1.000 & rawben_rel_max >=   0.992 & total_deductions_by_hh_size >= 523.000 & unc_rawben_rel_max <   1.810","xgboost",3587,0.96655,0.96124,1918,1846,0.9625,0.083,0.0459,7.971,0.0772,0.9846,2
"1","medical_deductions >  109.000 & rawben_rel_max <=    0.311 & shelter_expenses_by_hh_size <= 2490.000","ranger",1562,0.96927,0.96124,711,683,0.9606,0.0307,0.0114,2.955,0.0772,0.9846,2
"1","shelter_expenses_by_hh_size <  44 & utilities < 789","xgboost",11750,0.96417,0.96124,6132,5928,0.9667,0.2667,0.1488,25.483,0.0772,0.9846,2
"1","months_since_cert_n >=   3.00 & percent_abawd <   0.50 & total_deductions_by_hh_size < 198.00 & unc_rawben_rel_max >=   1.15","xgboost",4053,0.9662,0.96121,2010,1944,0.9672,0.0875,0.0511,8.353,0.0772,0.9846,2
"1","married <   1 & months_since_cert_n <   2 & total_deductions_by_hh_size < 130","xgboost",3417,0.96664,0.9612,1741,1685,0.9678,0.0758,0.0379,7.235,0.0772,0.9846,2
"1","cat_elig > 0.5 & children_i <= 0.5 & elderly_disabled_i <= 0.5 & unc_rawben_rel_max > 1.0","ranger",10367,0.96431,0.96119,5444,5244,0.9633,0.2359,0.1662,22.624,0.0772,0.9846,2
"1","cat_elig > 0.500 & cat_elig <= 2.500 & homeless > 0.500 & rawben_rel_max > 0.991","ranger",2720,0.96728,0.96119,1310,1279,0.9763,0.0575,0.0262,5.444,0.0772,0.9846,2
"1","expedited_i <   1.0000 & medical_deductions <  19.0000 & rawben_rel_max <   0.0893 & total_deductions_by_hh_size < 982.0000","xgboost",3941,0.96625,0.96119,1874,1804,0.9626,0.0812,0.0488,7.788,0.0772,0.9846,2
"1","medical_deductions > 17.500 & rawben_rel_max <=  0.314 & unc_rawben_rel_max <=  0.998","ranger",1789,0.9687,0.96119,809,780,0.9642,0.0351,0.0124,3.362,0.0772,0.9846,2
"1","cat_elig <= 0.5 & expedited_i <= 0.5 & homeless > 0.5","ranger",261,0.98084,0.96117,123,121,0.9837,0.0054,0.0011,0.511,0.0772,0.9846,2
"1","children_i <=  0.5 & expedited_i >  0.5 & homeless <=  0.5 & utilities <= 28.5","ranger",2998,0.96698,0.96117,1505,1450,0.9635,0.0652,0.0403,6.254,0.0772,0.9846,2
"1","cat_elig > 0.500 & children_i <= 0.500 & expedited_i > 0.500 & rawben_rel_max > 0.991","ranger",4871,0.96572,0.96116,2428,2333,0.9609,0.105,0.0772,10.09,0.0772,0.9846,2
"1","medical_deductions >  109.000 & percent_abawd <=    0.500 & rawben_rel_max <=    0.311 & shelter_expenses_by_hh_size <= 2490.000","ranger",1559,0.96921,0.96116,710,682,0.9606,0.0307,0.0114,2.951,0.0772,0.9846,2
"1","children_i <=   0.500 & medical_deductions <= 141.000 & rawben_rel_max <=   0.085 & utilities >  12.500","ranger",3605,0.96644,0.96114,1683,1622,0.9638,0.073,0.0442,6.994,0.0772,0.9846,2
"1","homeless >= 1.000 & rawben_rel_max >= 0.838 & unc_rawben_rel_max >= 0.120","xgboost",3384,0.96661,0.96114,1630,1582,0.9706,0.0712,0.0361,6.774,0.0772,0.9846,2
"1","months_since_cert_n >   5.5 & total_deductions_by_hh_size <=   2.7 & utilities <= 194.0","ranger",4485,0.96589,0.96114,2388,2308,0.9665,0.1038,0.0579,9.924,0.0772,0.9846,2
"1","cat_elig >  0.5 & homeless >  0.5 & medical_deductions <=  5.5 & shelter_expenses_by_hh_size <= 17.0","ranger",2604,0.96736,0.96113,1252,1217,0.972,0.0548,0.0261,5.203,0.0772,0.9846,2
"1","cat_elig <=   0.500 & rawben_rel_max <=   0.993 & unc_rawben_rel_max <=   0.349 & utilities <= 304.000","ranger",645,0.97364,0.96112,310,305,0.9839,0.0137,0.0024,1.288,0.0772,0.9846,2
"1","children_i <=  0.5 & elderly_disabled_i <=  0.5 & months_since_cert_n >  5.5 & total_deductions_by_hh_size <= 61.2","ranger",2239,0.96784,0.96112,1222,1175,0.9615,0.0529,0.0399,5.078,0.0772,0.9846,2
"1","elderly_disabled_i >   0.500 & medical_deductions > 144.000 & rawben_rel_max <=   0.265 & utilities <= 808.000","ranger",645,0.97364,0.96112,286,277,0.9685,0.0125,0.0038,1.189,0.0772,0.9846,2
"1","total_deductions_by_hh_size < 186 & utilities >= 493","xgboost",645,0.97364,0.96112,303,280,0.9241,0.0126,0.0139,1.259,0.0772,0.9846,2
"1","shelter_expenses_by_hh_size < 1250 & total_deductions_by_hh_size <  780 & unc_rawben_rel_max <    0","xgboost",3960,0.96616,0.96111,1827,1760,0.9633,0.0792,0.0469,7.593,0.0772,0.9846,2
"1","cat_elig <   3.00 & shelter_expenses_by_hh_size < 159.00 & unc_rawben_rel_max <   1.23","xgboost",12002,0.96401,0.9611,6366,6156,0.967,0.2769,0.1506,26.456,0.0772,0.9846,2
"1","cat_elig >=  2.00 & total_deductions_by_hh_size < 82.00 & unc_rawben_rel_max <  1.23","xgboost",5136,0.96554,0.9611,468,460,0.9829,0.0207,0.0056,1.945,0.0772,0.9846,2
"1","elderly_disabled_i <  1.000 & months_since_cert_n < 19.000 & rawben_rel_max >=  0.992 & unc_rawben_rel_max >=  1.200","xgboost",11200,0.96411,0.9611,5848,5629,0.9626,0.2532,0.1812,24.303,0.0772,0.9846,2
"1","homeless <=   0.5 & medical_deductions <=   0.5 & total_deductions_by_hh_size <= 218.0 & utilities <=  12.5","ranger",9942,0.96429,0.9611,5403,5214,0.965,0.2346,0.1242,22.454,0.0772,0.9846,2
"1","cat_elig <= 0.5 & elderly_disabled_i <= 0.5 & homeless <= 0.5","ranger",1756,0.96868,0.96109,928,901,0.9709,0.0405,0.0141,3.857,0.0772,0.9846,2
"1","elderly_disabled_i <= 0.500 & married <= 0.500 & percent_abawd <= 1.500 & rawben_rel_max > 0.852","ranger",13170,0.96386,0.96109,6862,6613,0.9637,0.2975,0.2015,28.517,0.0772,0.9846,2
"1","medical_deductions <= 3.500 & months_since_cert_n <= 6.500 & unc_rawben_rel_max > 0.998","ranger",12264,0.96396,0.96109,6326,6103,0.9647,0.2746,0.1691,26.289,0.0772,0.9846,2
"1","children_i <= 0.500 & months_since_cert_n <= 7.500 & rawben_rel_max > 0.991","ranger",12901,0.96388,0.96108,6708,6463,0.9635,0.2908,0.185,27.877,0.0772,0.9846,2
"1","cat_elig > 0.5 & expedited_i <= 0.5 & homeless > 0.5 & total_deductions_by_hh_size <= 7.8","ranger",1411,0.96953,0.96105,672,659,0.9807,0.0296,0.01,2.793,0.0772,0.9846,2
"1","cat_elig <   2.0000 & months_since_cert_n >=   8.0000 & rawben_rel_max >=   0.0928 & utilities >= 875.0000","xgboost",795,0.97233,0.96104,868,819,0.9435,0.0368,0.0295,3.607,0.0772,0.9846,2
"1","cat_elig >  0.5 & homeless >  0.5 & shelter_expenses_by_hh_size <= 17.0","ranger",2626,0.96725,0.96104,1263,1226,0.9707,0.0552,0.0275,5.249,0.0772,0.9846,2
"1","cat_elig >=  2.0000 & rawben_rel_max <  0.0893 & unc_rawben_rel_max >= -1.1700","xgboost",1896,0.96835,0.96104,112,111,0.9911,0.005,0.001,0.465,0.0772,0.9846,2
"1","elderly_disabled_i <    1.000 & months_since_cert_n <   13.000 & rawben_rel_max >=    0.773 & shelter_expenses_by_hh_size < 1860.000","xgboost",13075,0.96382,0.96104,6827,6577,0.9634,0.2959,0.1946,28.371,0.0772,0.9846,2
"1","months_since_cert_n >=  17.000 & rawben_rel_max <   0.084 & utilities >= 298.000 & utilities < 723.000","xgboost",393,0.9771,0.96104,233,228,0.9785,0.0103,0.0046,0.968,0.0772,0.9846,2
"1","medical_deductions >    0.500 & rawben_rel_max <=    0.272 & shelter_expenses_by_hh_size <= 1760.000","ranger",1725,0.9687,0.96103,765,737,0.9634,0.0332,0.0123,3.179,0.0772,0.9846,2
"1","expedited_i <=   0.5 & medical_deductions <= 276.0 & months_since_cert_n <=  15.5 & shelter_expenses_by_hh_size <=   5.5","ranger",6670,0.96492,0.96102,3684,3554,0.9647,0.1599,0.0923,15.31,0.0772,0.9846,2
"1","months_since_cert_n <= 14.5 & percent_abawd <=  0.5 & shelter_expenses_by_hh_size >  5.5 & total_deductions_by_hh_size <=  2.5","ranger",2177,0.96785,0.96102,1102,1068,0.9691,0.048,0.0153,4.58,0.0772,0.9846,2
"1","cat_elig <   1 & months_since_cert_n <  12 & total_deductions_by_hh_size < 671 & utilities < 483","xgboost",3262,0.96658,0.96101,1778,1715,0.9646,0.0772,0.0303,7.389,0.0772,0.9846,2
"1","married <   1 & shelter_expenses_by_hh_size < 387 & utilities <  27","xgboost",12958,0.96381,0.96101,6809,6575,0.9656,0.2958,0.1622,28.297,0.0772,0.9846,2
"1","medical_deductions < 139 & total_deductions_by_hh_size < 390 & unc_rawben_rel_max <   0 & utilities < 886","xgboost",3041,0.96679,0.96101,1470,1423,0.968,0.064,0.0314,6.109,0.0772,0.9846,2
"1","cat_elig >  0.5 & homeless >  0.5 & married <=  0.5 & shelter_expenses_by_hh_size <= 12.5","ranger",2623,0.96721,0.96099,1263,1226,0.9707,0.0552,0.0275,5.249,0.0772,0.9846,2
"1","homeless >=  1 & months_since_cert_n >=  7 & total_deductions_by_hh_size < 30","xgboost",764,0.97251,0.96099,373,366,0.9812,0.0165,0.0064,1.55,0.0772,0.9846,2
"1","medical_deductions > 3.500 & rawben_rel_max <= 0.268 & unc_rawben_rel_max <= 1.970","ranger",1723,0.96866,0.96099,767,741,0.9661,0.0333,0.0118,3.187,0.0772,0.9846,2
"1","elderly_disabled_i <=  0.5 & months_since_cert_n <= 34.5 & percent_abawd <=  1.5 & utilities <=  9.5","ranger",9803,0.96419,0.96098,5130,4946,0.9641,0.2225,0.1373,21.319,0.0772,0.9846,2
"1","elderly_disabled_i <= 0.500 & married <= 0.500 & rawben_rel_max > 0.852","ranger",13189,0.96376,0.96098,6881,6631,0.9637,0.2983,0.2024,28.596,0.0772,0.9846,2
"1","medical_deductions < 104 & months_since_cert_n <  14 & total_deductions_by_hh_size < 286 & utilities <  41","xgboost",12843,0.96379,0.96098,6875,6641,0.966,0.2988,0.1545,28.571,0.0772,0.9846,2
"1","unc_rawben_rel_max >= -0.904 & unc_rawben_rel_max <  0.000","xgboost",4002,0.96602,0.96098,1860,1784,0.9591,0.0803,0.0524,7.73,0.0772,0.9846,2
"1","rawben_rel_max <   0.124 & shelter_expenses_by_hh_size < 750.000 & total_deductions_by_hh_size < 205.000 & utilities < 789.000","xgboost",3065,0.96672,0.96097,1420,1376,0.969,0.0619,0.0241,5.901,0.0772,0.9846,2
"1","rawben_rel_max >=  0.084 & shelter_expenses_by_hh_size < 50.000","xgboost",11267,0.96397,0.96096,5933,5745,0.9683,0.2585,0.1372,24.656,0.0772,0.9846,2
"1","cat_elig <=   0.5 & medical_deductions <= 116.0 & months_since_cert_n >   5.5 & total_deductions_by_hh_size <= 180.0","ranger",823,0.97205,0.96095,445,438,0.9843,0.0197,0.0038,1.849,0.0772,0.9846,2
"1","rawben_rel_max <   0.364 & shelter_expenses_by_hh_size < 351.000 & unc_rawben_rel_max <  -0.056 & utilities >=  44.000","xgboost",189,0.98413,0.96095,82,79,0.9634,0.0036,0.0022,0.341,0.0772,0.9846,2
"1","cat_elig >=  1 & children_i <  1 & months_since_cert_n < 14 & total_deductions_by_hh_size < 92","xgboost",11712,0.96388,0.96094,6219,6004,0.9654,0.2701,0.1379,25.845,0.0772,0.9846,2
"1","months_since_cert_n <   6.00 & shelter_expenses_by_hh_size < 281.00 & unc_rawben_rel_max >=  -1.17","xgboost",8966,0.96431,0.96094,4614,4472,0.9692,0.2012,0.0951,19.175,0.0772,0.9846,2
"1","homeless <= 0.500 & medical_deductions > 0.500 & rawben_rel_max <= 0.266","ranger",1692,0.96868,0.96093,757,733,0.9683,0.033,0.0113,3.146,0.0772,0.9846,2
"1","medical_deductions >    0.500 & rawben_rel_max <=    0.272 & shelter_expenses_by_hh_size <= 1760.000 & utilities <=  940.000","ranger",1692,0.96868,0.96093,736,709,0.9633,0.0319,0.0118,3.059,0.0772,0.9846,2
"1","rawben_rel_max >=   0.092 & shelter_expenses_by_hh_size <  50.000 & utilities < 462.000","xgboost",11256,0.96393,0.96093,5931,5743,0.9683,0.2584,0.1372,24.648,0.0772,0.9846,2
"1","cat_elig > 0.5 & count_divisible_by_100 <= 0.5 & shelter_expenses_by_hh_size <= 5.5","ranger",9254,0.96423,0.96092,4864,4700,0.9663,0.2114,0.1234,20.214,0.0772,0.9846,2
"1","married <    1.000 & rawben_rel_max <    0.084 & total_deductions_by_hh_size < 1080.000 & unc_rawben_rel_max <    0.000","xgboost",4296,0.96578,0.96092,1999,1917,0.959,0.0862,0.0594,8.307,0.0772,0.9846,2
"1","cat_elig > 0.5 & elderly_disabled_i <= 0.5 & homeless > 0.5 & utilities <= 9.5","ranger",2311,0.96755,0.96091,1121,1091,0.9732,0.0491,0.0227,4.659,0.0772,0.9846,2
"1","children_i < 1.000 & unc_rawben_rel_max >= 0.996 & unc_rawben_rel_max < 1.930","xgboost",17449,0.96332,0.96091,9142,8792,0.9617,0.3955,0.2706,37.992,0.0772,0.9846,2
"1","cat_elig >  0.500 & homeless <=  0.500 & rawben_rel_max >  0.991 & utilities <= 14.500","ranger",6003,0.96502,0.9609,3287,3159,0.9611,0.1421,0.1013,13.66,0.0772,0.9846,2
"1","elderly_disabled_i <= 0.5 & percent_abawd <= 1.5 & utilities <= 9.5","ranger",9809,0.96411,0.96089,5136,4952,0.9642,0.2228,0.1373,21.344,0.0772,0.9846,2
"1","homeless >= 1.000 & months_since_cert_n < 6.000 & rawben_rel_max >= 0.288 & unc_rawben_rel_max >= 0.271","xgboost",2588,0.96716,0.96089,1259,1217,0.9666,0.0548,0.0265,5.232,0.0772,0.9846,2
"1","medical_deductions >    3.500 & rawben_rel_max <=    0.266 & shelter_expenses_by_hh_size <= 1750.000 & utilities >    8.000","ranger",1491,0.96915,0.96089,643,624,0.9705,0.0281,0.0091,2.672,0.0772,0.9846,2
"1","medical_deductions > 3.500 & rawben_rel_max <= 0.251 & shelter_expenses_by_hh_size > 5.500","ranger",1605,0.96885,0.96089,703,682,0.9701,0.0307,0.0105,2.921,0.0772,0.9846,2
"1","shelter_expenses_by_hh_size <  50.00 & unc_rawben_rel_max <   1.25 & utilities < 886.00","xgboost",11644,0.96384,0.96089,6127,5927,0.9674,0.2666,0.1453,25.462,0.0772,0.9846,2
"1","expedited_i >  0.500 & months_since_cert_n >  4.500 & rawben_rel_max >  0.793 & total_deductions_by_hh_size <= 33.400","ranger",1261,0.96987,0.96088,648,628,0.9691,0.0283,0.0186,2.693,0.0772,0.9846,2
"1","rawben_rel_max <=   0.085 & utilities <= 556.000","ranger",4237,0.96578,0.96088,1915,1840,0.9608,0.0828,0.0526,7.958,0.0772,0.9846,2
"1","cat_elig <= 1.5 & children_i <= 0.5 & months_since_cert_n > 6.5 & total_deductions_by_hh_size <= 8.9","ranger",3002,0.96669,0.96087,2243,2173,0.9688,0.0978,0.0492,9.321,0.0772,0.9846,2
"1","expedited_i >=   1.00 & shelter_expenses_by_hh_size < 681.00 & unc_rawben_rel_max <   1.52 & utilities < 551.00","xgboost",4753,0.9655,0.96087,2365,2283,0.9653,0.1027,0.0607,9.828,0.0772,0.9846,2
"1","months_since_cert_n <  10 & shelter_expenses_by_hh_size < 552 & total_deductions_by_hh_size < 202 & utilities <  57","xgboost",11951,0.96377,0.96085,6176,5970,0.9666,0.2686,0.1349,25.666,0.0772,0.9846,2
"1","elderly_disabled_i <  1.000 & months_since_cert_n < 20.000 & percent_abawd <  0.500 & rawben_rel_max >=  0.811","xgboost",9130,0.96418,0.96084,4609,4437,0.9627,0.1996,0.1373,19.154,0.0772,0.9846,2
"1","medical_deductions >=  93.000 & rawben_rel_max <   0.261 & total_deductions_by_hh_size >= 236.000 & utilities >= 430.000","xgboost",701,0.9729,0.96084,309,300,0.9709,0.0135,0.0042,1.284,0.0772,0.9846,2
"1","cat_elig >=   1 & expedited_i >=   1 & shelter_expenses_by_hh_size < 205","xgboost",3548,0.96618,0.96082,1741,1686,0.9684,0.0759,0.0454,7.235,0.0772,0.9846,2
"1","elderly_disabled_i <=  0.5 & utilities <= 12.5","ranger",9817,0.96404,0.96082,5151,4966,0.9641,0.2234,0.1376,21.406,0.0772,0.9846,2
"1","months_since_cert_n < 14.00 & unc_rawben_rel_max >=  1.01 & unc_rawben_rel_max <  1.99","xgboost",15988,0.96335,0.96082,8369,8055,0.9625,0.3624,0.2454,34.78,0.0772,0.9846,2
"1","months_since_cert_n >=  6.0 & months_since_cert_n < 25.0 & shelter_expenses_by_hh_size < 44.0 & total_deductions_by_hh_size < 18.4","xgboost",3272,0.96638,0.9608,1743,1682,0.965,0.0757,0.0481,7.243,0.0772,0.9846,2
"1","expedited_i <   1 & medical_deductions < 142 & total_deductions_by_hh_size <  59","xgboost",10846,0.96386,0.96079,5806,5573,0.9599,0.2507,0.1376,24.128,0.0772,0.9846,2
"1","homeless <=  0.50 & percent_abawd <=  1.50 & shelter_expenses_by_hh_size <= 26.50 & unc_rawben_rel_max <=  1.93","ranger",8238,0.96431,0.96079,4443,4291,0.9658,0.193,0.1132,18.464,0.0772,0.9846,2
"1","cat_elig >  0.500 & months_since_cert_n > 13.500 & rawben_rel_max <=  0.087","ranger",967,0.97104,0.96078,469,455,0.9701,0.0205,0.0107,1.949,0.0772,0.9846,2
"1","married <   1 & shelter_expenses_by_hh_size < 197 & total_deductions_by_hh_size < 281","xgboost",12484,0.96363,0.96078,6512,6300,0.9674,0.2834,0.1491,27.062,0.0772,0.9846,2
"1","elderly_disabled_i <   1 & months_since_cert_n <  16 & shelter_expenses_by_hh_size < 400 & total_deductions_by_hh_size < 393","xgboost",10070,0.96395,0.96077,5323,5138,0.9652,0.2311,0.1364,22.121,0.0772,0.9846,2
"1","cat_elig <=  0.5 & homeless <=  0.5 & utilities <= 30.5","ranger",1713,0.96848,0.96076,916,888,0.9694,0.0399,0.0151,3.807,0.0772,0.9846,2
"1","elderly_disabled_i <= 0.500 & homeless > 0.500 & months_since_cert_n > 7.500 & unc_rawben_rel_max > 0.991","ranger",547,0.97441,0.96075,259,253,0.9768,0.0114,0.0061,1.076,0.0772,0.9846,2
"1","cat_elig <=   0.500 & rawben_rel_max >   0.993 & total_deductions_by_hh_size >  65.500 & utilities > 476.000","ranger",188,0.98404,0.96074,56,55,0.9821,0.0025,3e-04,0.233,0.0772,0.9846,2
"1","cat_elig <= 0.500 & elderly_disabled_i > 0.500 & married <= 0.500 & rawben_rel_max <= 0.283","ranger",966,0.97101,0.96073,479,472,0.9854,0.0212,0.0029,1.991,0.0772,0.9846,2
"1","cat_elig >  0.50 & homeless <=  0.50 & percent_abawd >  0.75 & shelter_expenses_by_hh_size <= 14.50","ranger",1740,0.96839,0.96073,1009,973,0.9643,0.0438,0.03,4.193,0.0772,0.9846,2
"1","cat_elig > 0.50 & expedited_i > 0.50 & unc_rawben_rel_max <= 1.95 & utilities <= 8.00","ranger",3647,0.966,0.96071,1772,1705,0.9622,0.0767,0.0521,7.364,0.0772,0.9846,2
"1","cat_elig >=   1 & months_since_cert_n <   5 & shelter_expenses_by_hh_size < 425 & total_deductions_by_hh_size < 108","xgboost",6484,0.96468,0.96071,3362,3255,0.9682,0.1464,0.0683,13.972,0.0772,0.9846,2
"1","count_divisible_by_100 <= 0.500 & elderly_disabled_i > 0.500 & medical_deductions > 3.500 & rawben_rel_max <= 0.266","ranger",1626,0.96863,0.96071,723,702,0.971,0.0316,0.0092,3.005,0.0772,0.9846,2
"1","expedited_i >=   1 & shelter_expenses_by_hh_size < 440","xgboost",4733,0.96535,0.9607,2335,2255,0.9657,0.1014,0.0619,9.704,0.0772,0.9846,2
"1","cat_elig <   1 & medical_deductions < 110 & shelter_expenses_by_hh_size < 869","xgboost",3564,0.96605,0.96069,1848,1779,0.9627,0.08,0.0356,7.68,0.0772,0.9846,2
"1","months_since_cert_n >=    2.000 & total_deductions_by_hh_size < 1560.000 & unc_rawben_rel_max <   -0.304","xgboost",1597,0.96869,0.96069,739,716,0.9689,0.0322,0.0219,3.071,0.0772,0.9846,2
"1","unc_rawben_rel_max <   0.056 & utilities < 956.000","xgboost",4893,0.96526,0.96069,2232,2144,0.9606,0.0965,0.0643,9.276,0.0772,0.9846,2
"1","cat_elig <   1 & count_divisible_by_100 <   1 & shelter_expenses_by_hh_size < 859 & total_deductions_by_hh_size < 692","xgboost",3563,0.96604,0.96068,1845,1773,0.961,0.0798,0.0357,7.667,0.0772,0.9846,2
"1","elderly_disabled_i <   1.00 & unc_rawben_rel_max >=   1.19 & utilities < 992.00","xgboost",11262,0.96368,0.96067,5782,5566,0.9626,0.2504,0.1803,24.029,0.0772,0.9846,2
"1","cat_elig >   1.500 & medical_deductions >   3.500 & total_deductions_by_hh_size <= 464.000 & unc_rawben_rel_max <=   0.266","ranger",389,0.97686,0.96065,21,21,1,9e-04,0,0.087,0.0772,0.9846,2
"1","expedited_i <= 0.500 & homeless > 0.500 & rawben_rel_max > 0.991","ranger",1652,0.96852,0.96065,804,787,0.9789,0.0354,0.0135,3.341,0.0772,0.9846,2
"1","rawben_rel_max >=    0.988 & shelter_expenses_by_hh_size >=  950.000 & shelter_expenses_by_hh_size < 1110.000 & utilities >=  784.000","xgboost",389,0.97686,0.96065,318,304,0.956,0.0137,0.009,1.322,0.0772,0.9846,2
"1","expedited_i <= 0.500 & homeless > 0.500 & medical_deductions <= 3.500 & rawben_rel_max > 0.991","ranger",1651,0.9685,0.96063,803,787,0.9801,0.0354,0.0125,3.337,0.0772,0.9846,2
"1","cat_elig <=   1.500 & medical_deductions >   3.500 & total_deductions_by_hh_size <= 464.000 & unc_rawben_rel_max <=   0.266","ranger",697,0.97274,0.96062,474,461,0.9726,0.0207,0.006,1.97,0.0772,0.9846,2
"1","children_i <= 0.500 & unc_rawben_rel_max > 0.991 & unc_rawben_rel_max <= 1.960","ranger",17554,0.96303,0.96061,9199,8841,0.9611,0.3977,0.2751,38.229,0.0772,0.9846,2
"1","cat_elig <=  0.50 & expedited_i <=  0.50 & rawben_rel_max <=  0.27 & shelter_expenses_by_hh_size > 13.00","ranger",904,0.97124,0.96059,415,408,0.9831,0.0184,0.0024,1.725,0.0772,0.9846,2
"1","rawben_rel_max <   0.23 & shelter_expenses_by_hh_size < 322.00 & unc_rawben_rel_max >=   0.00 & utilities <  27.00","xgboost",786,0.97201,0.96059,466,454,0.9742,0.0204,0.0078,1.937,0.0772,0.9846,2
"1","elderly_disabled_i <    1.000 & rawben_rel_max >=    0.787 & shelter_expenses_by_hh_size < 1640.000","xgboost",13316,0.96335,0.96058,6902,6655,0.9642,0.2994,0.1952,28.683,0.0772,0.9846,2
"1","count_divisible_by_100 <=  0.5 & expedited_i <=  0.5 & shelter_expenses_by_hh_size <= 14.0","ranger",7048,0.96439,0.96057,3850,3712,0.9642,0.167,0.0974,16,0.0772,0.9846,2
"1","rawben_rel_max <   0.241 & total_deductions_by_hh_size < 449.000 & utilities >= 431.000","xgboost",1817,0.96808,0.96057,858,824,0.9604,0.0371,0.0192,3.566,0.0772,0.9846,2
"1","rawben_rel_max >=    0.748 & shelter_expenses_by_hh_size < 1390.000 & total_deductions_by_hh_size <  792.000 & utilities >=  912.000","xgboost",420,0.97619,0.96057,394,377,0.9569,0.017,0.0113,1.637,0.0772,0.9846,2
"1","homeless <=  0.5 & shelter_expenses_by_hh_size <= 27.5","ranger",8267,0.96407,0.96055,4466,4313,0.9657,0.194,0.1142,18.56,0.0772,0.9846,2
"1","cat_elig >=    2.000 & total_deductions_by_hh_size <    4.400 & unc_rawben_rel_max >=   -0.004 & utilities < 1020.000","xgboost",4092,0.96554,0.96054,358,352,0.9832,0.0158,0.0045,1.488,0.0772,0.9846,2
"1","count_divisible_by_100 <  1.000 & expedited_i >=  1.000 & months_since_cert_n < 21.000 & unc_rawben_rel_max >=  0.876","xgboost",5813,0.96473,0.96053,2919,2795,0.9575,0.1257,0.0951,12.131,0.0772,0.9846,2
"1","months_since_cert_n <  34.00 & unc_rawben_rel_max <  -0.14 & utilities < 277.00","xgboost",990,0.97071,0.96053,448,432,0.9643,0.0194,0.012,1.862,0.0772,0.9846,2
"1","elderly_disabled_i >   0.5 & married <=   0.5 & total_deductions_by_hh_size <= 184.0 & utilities > 490.0","ranger",635,0.97323,0.96052,294,275,0.9354,0.0124,0.0109,1.222,0.0772,0.9846,2
"1","shelter_expenses_by_hh_size < 678.0 & unc_rawben_rel_max >=   1.1 & utilities < 417.0","xgboost",10505,0.96364,0.96051,5510,5308,0.9633,0.2388,0.1607,22.898,0.0772,0.9846,2
"1","count_divisible_by_100 <= 0.500 & elderly_disabled_i <= 0.500 & rawben_rel_max > 0.823","ranger",12791,0.96333,0.9605,6638,6406,0.965,0.2882,0.1889,27.586,0.0772,0.9846,2
"1","cat_elig >  0.5 & elderly_disabled_i >  0.5 & months_since_cert_n <= 37.0 & total_deductions_by_hh_size <=  8.8","ranger",4546,0.96524,0.96049,2289,2217,0.9685,0.0997,0.0359,9.513,0.0772,0.9846,2
"1","cat_elig >= 2.0 & percent_abawd >= 0.5 & total_deductions_by_hh_size < 9.0","xgboost",989,0.97068,0.96049,93,93,1,0.0042,0,0.386,0.0772,0.9846,2
"1","cat_elig > 0.50 & cat_elig <= 1.50 & shelter_expenses_by_hh_size <= 5.50 & unc_rawben_rel_max <= 1.95","ranger",5189,0.96493,0.96048,4578,4411,0.9635,0.1984,0.1257,19.025,0.0772,0.9846,2
"1","cat_elig <   1.000 & medical_deductions < 565.000 & rawben_rel_max >=   0.608 & unc_rawben_rel_max <   1.900","xgboost",2860,0.96643,0.96044,1534,1480,0.9648,0.0666,0.0301,6.375,0.0772,0.9846,2
"1","count_divisible_by_100 <=    0.5 & shelter_expenses_by_hh_size <= 1640.0 & total_deductions_by_hh_size <=    2.5 & utilities >    5.0","ranger",1867,0.96786,0.96044,932,894,0.9592,0.0402,0.0178,3.873,0.0772,0.9846,2
"1","elderly_disabled_i < 1.000 & months_since_cert_n >= 1.000 & months_since_cert_n < 3.000 & rawben_rel_max >= 0.544","xgboost",4190,0.96539,0.96044,2187,2116,0.9675,0.0952,0.0497,9.089,0.0772,0.9846,2
"1","expedited_i <= 0.5 & homeless > 0.5 & unc_rawben_rel_max > 1.0","ranger",1643,0.96835,0.96044,803,786,0.9788,0.0354,0.0135,3.337,0.0772,0.9846,2
"1","elderly_disabled_i <   1.0 & total_deductions_by_hh_size < 705.0 & unc_rawben_rel_max >=   1.2","xgboost",11036,0.96348,0.96043,5751,5538,0.963,0.2491,0.179,23.9,0.0772,0.9846,2
"1","months_since_cert_n >=  2 & shelter_expenses_by_hh_size < 29","xgboost",8744,0.96386,0.96043,4578,4419,0.9653,0.1988,0.1168,19.025,0.0772,0.9846,2
"1","rawben_rel_max >=   0.992 & shelter_expenses_by_hh_size >= 297.000 & unc_rawben_rel_max <   1.770","xgboost",5984,0.96457,0.96043,3161,3029,0.9582,0.1363,0.0941,13.136,0.0772,0.9846,2
"1","cat_elig >   0.5 & expedited_i >   0.5 & medical_deductions <= 163.0 & utilities <=   5.0","ranger",3648,0.96573,0.96042,1773,1705,0.9616,0.0767,0.0533,7.368,0.0772,0.9846,2
"1","expedited_i <= 0.500 & percent_abawd <= 0.250 & rawben_rel_max <= 0.085 & total_deductions_by_hh_size > 8.900","ranger",3240,0.96605,0.96041,1499,1443,0.9626,0.0649,0.0387,6.229,0.0772,0.9846,1.9
"1","cat_elig >   0.5 & married <=   0.5 & medical_deductions <= 622.0 & shelter_expenses_by_hh_size <=  16.5","ranger",9450,0.9637,0.9604,4943,4774,0.9658,0.2148,0.1266,20.542,0.0772,0.9846,1.9
"1","cat_elig > 0.500 & children_i <= 0.500 & elderly_disabled_i <= 0.500 & unc_rawben_rel_max > 0.943","ranger",10578,0.96351,0.96039,5557,5354,0.9635,0.2409,0.1688,23.094,0.0772,0.9846,1.9
"1","homeless <  1 & total_deductions_by_hh_size < 82","xgboost",12490,0.96325,0.96038,6728,6469,0.9615,0.291,0.1547,27.96,0.0772,0.9846,1.9
"1","elderly_disabled_i <= 0.5 & expedited_i <= 0.5 & shelter_expenses_by_hh_size <= 1.0","ranger",5227,0.9648,0.96036,2893,2791,0.9647,0.1256,0.0758,12.023,0.0772,0.9846,1.9
"1","rawben_rel_max <   0.084 & total_deductions_by_hh_size < 842.000 & unc_rawben_rel_max <   0.000","xgboost",4235,0.96529,0.96036,1972,1893,0.9599,0.0852,0.057,8.195,0.0772,0.9846,1.9
"1","cat_elig >=  1.000 & children_i <  1.000 & unc_rawben_rel_max < -0.016 & utilities < 27.000","xgboost",840,0.97143,0.96035,374,361,0.9652,0.0162,0.0112,1.554,0.0772,0.9846,1.9
"1","cat_elig <= 0.5 & children_i <= 0.5 & months_since_cert_n > 5.5 & shelter_expenses_by_hh_size <= 5.5","ranger",354,0.9774,0.96034,220,213,0.9682,0.0096,0.0046,0.914,0.0772,0.9846,1.9
"1","children_i <= 0.500 & rawben_rel_max > 0.991 & unc_rawben_rel_max <= 1.970","ranger",17565,0.96277,0.96034,9209,8849,0.9609,0.3981,0.2763,38.27,0.0772,0.9846,1.9
"1","elderly_disabled_i < 1.000 & rawben_rel_max >= 0.988 & unc_rawben_rel_max >= 1.200","xgboost",11353,0.96336,0.96034,5897,5674,0.9622,0.2553,0.1852,24.507,0.0772,0.9846,1.9
"1","expedited_i <=   0.5 & shelter_expenses_by_hh_size > 306.0 & total_deductions_by_hh_size <=   7.8 & utilities <=  75.5","ranger",602,0.97342,0.96034,338,328,0.9704,0.0148,0.0042,1.405,0.0772,0.9846,1.9
"1","expedited_i <= 0.50 & married <= 0.50 & total_deductions_by_hh_size <= 7.80 & unc_rawben_rel_max <= 1.02","ranger",4206,0.96529,0.96034,2102,2038,0.9696,0.0917,0.0313,8.735,0.0772,0.9846,1.9
"1","expedited_i >   0.5 & homeless <=   0.5 & medical_deductions <= 152.0 & utilities <=  14.5","ranger",3043,0.96615,0.96033,1521,1465,0.9632,0.0659,0.0418,6.321,0.0772,0.9846,1.9
"1","rawben_rel_max >=   0.988 & shelter_expenses_by_hh_size < 950.000 & utilities < 298.000","xgboost",10878,0.96341,0.96033,5656,5465,0.9662,0.2459,0.1494,23.505,0.0772,0.9846,1.9
"1","children_i <=  0.50 & expedited_i <=  0.50 & shelter_expenses_by_hh_size <= 14.50 & unc_rawben_rel_max > -1.72","ranger",7083,0.96414,0.96032,3855,3721,0.9652,0.1674,0.0936,16.02,0.0772,0.9846,1.9
"1","expedited_i >  0.500 & months_since_cert_n <=  4.500 & unc_rawben_rel_max > -0.755","ranger",4337,0.96518,0.96031,2032,1965,0.967,0.0884,0.0481,8.444,0.0772,0.9846,1.9
"1","cat_elig > 1.5000 & homeless <= 0.5000 & rawben_rel_max <= 0.0887 & shelter_expenses_by_hh_size > 5.5000","ranger",1721,0.96804,0.9603,102,101,0.9902,0.0045,0.001,0.424,0.0772,0.9846,1.9
"1","cat_elig <= 0.5 & count_divisible_by_100 <= 0.5 & elderly_disabled_i <= 0.5 & expedited_i <= 0.5","ranger",1242,0.9694,0.96029,644,626,0.972,0.0282,0.0091,2.676,0.0772,0.9846,1.9
"1","cat_elig >  0.5 & married <=  0.5 & shelter_expenses_by_hh_size <= 12.5","ranger",9448,0.96359,0.96029,4944,4774,0.9656,0.2148,0.1275,20.546,0.0772,0.9846,1.9
"1","elderly_disabled_i < 1.00 & percent_abawd < 1.00 & unc_rawben_rel_max >= 1.18","xgboost",7764,0.96394,0.96029,3888,3743,0.9627,0.1684,0.1191,16.158,0.0772,0.9846,1.9
"1","children_i <   1 & count_divisible_by_100 <   1 & homeless <   1 & total_deductions_by_hh_size < 126","xgboost",13190,0.96308,0.96028,7011,6729,0.9598,0.3027,0.161,29.136,0.0772,0.9846,1.9
"1","homeless >=  1.00 & shelter_expenses_by_hh_size < 44.00 & unc_rawben_rel_max <  1.21","xgboost",2081,0.96732,0.96028,1489,1448,0.9725,0.0651,0.0288,6.188,0.0772,0.9846,1.9
"1","rawben_rel_max < 0.0928 & unc_rawben_rel_max < 0.0760","xgboost",5136,0.96476,0.96028,2378,2283,0.9601,0.1027,0.0691,9.882,0.0772,0.9846,1.9
"1","cat_elig >  0.500 & shelter_expenses_by_hh_size <=  5.500 & unc_rawben_rel_max > -0.981","ranger",9441,0.96356,0.96026,4936,4765,0.9654,0.2144,0.1288,20.513,0.0772,0.9846,1.9
"1","count_divisible_by_100 <= 1.5 & elderly_disabled_i > 0.5 & months_since_cert_n <= 4.5 & total_deductions_by_hh_size <= 2.8","ranger",1691,0.96807,0.96025,799,774,0.9687,0.0348,0.0127,3.32,0.0772,0.9846,1.9
"1","expedited_i >= 1.000 & months_since_cert_n < 6.000 & rawben_rel_max >= 0.436","xgboost",4732,0.96492,0.96025,2267,2190,0.966,0.0985,0.056,9.421,0.0772,0.9846,1.9
"1","months_since_cert_n <    9.000 & shelter_expenses_by_hh_size < 1610.000 & unc_rawben_rel_max >=    0.972 & utilities <  366.000","xgboost",9701,0.96351,0.96025,5014,4831,0.9635,0.2173,0.1391,20.837,0.0772,0.9846,1.9
"1","cat_elig <   1.00 & shelter_expenses_by_hh_size < 906.00 & total_deductions_by_hh_size < 466.00 & unc_rawben_rel_max <   2.52","xgboost",3522,0.96564,0.96023,1823,1757,0.9638,0.079,0.0326,7.576,0.0772,0.9846,1.9
"1","elderly_disabled_i <=  0.5 & expedited_i <=  0.5 & shelter_expenses_by_hh_size <= 13.0","ranger",5235,0.96466,0.96022,2898,2796,0.9648,0.1258,0.0758,12.043,0.0772,0.9846,1.9
"1","married <= 0.500 & medical_deductions <= 4.500 & rawben_rel_max > 0.991 & unc_rawben_rel_max <= 1.930","ranger",17482,0.96265,0.96022,9158,8794,0.9603,0.3956,0.2799,38.058,0.0772,0.9846,1.9
"1","months_since_cert_n < 23 & shelter_expenses_by_hh_size < 50","xgboost",11631,0.9632,0.96022,6097,5893,0.9665,0.2651,0.1491,25.338,0.0772,0.9846,1.9
"1","expedited_i <=  0.500 & months_since_cert_n > 11.500 & rawben_rel_max <=  0.407 & utilities <=  8.000","ranger",749,0.97196,0.96021,395,384,0.9722,0.0173,0.0058,1.642,0.0772,0.9846,1.9
"1","cat_elig <   1 & homeless <   1 & shelter_expenses_by_hh_size < 689","xgboost",2761,0.96632,0.9602,1462,1404,0.9603,0.0632,0.0305,6.076,0.0772,0.9846,1.9
"1","children_i <  1 & count_divisible_by_100 <  1 & months_since_cert_n >=  9 & total_deductions_by_hh_size < 10","xgboost",3195,0.96588,0.96019,1751,1699,0.9703,0.0764,0.0324,7.277,0.0772,0.9846,1.9
"1","count_divisible_by_100 <   1 & months_since_cert_n <  16 & shelter_expenses_by_hh_size < 432 & total_deductions_by_hh_size < 167","xgboost",13758,0.96293,0.96019,7236,6970,0.9632,0.3136,0.1692,30.071,0.0772,0.9846,1.9
"1","homeless >=    1 & months_since_cert_n <    2 & shelter_expenses_by_hh_size < 1860 & utilities <  302","xgboost",807,0.9715,0.96018,384,371,0.9661,0.0167,0.009,1.596,0.0772,0.9846,1.9
"1","married <   1 & shelter_expenses_by_hh_size < 538 & total_deductions_by_hh_size < 333 & utilities <  34","xgboost",13938,0.96291,0.96018,7335,7079,0.9651,0.3185,0.1702,30.482,0.0772,0.9846,1.9
"1","cat_elig >   1.5000 & medical_deductions <= 678.0000 & shelter_expenses_by_hh_size >  14.0000 & unc_rawben_rel_max <=   0.0887","ranger",1743,0.96787,0.96017,102,101,0.9902,0.0045,0.001,0.424,0.0772,0.9846,1.9
"1","cat_elig > 0.500 & cat_elig <= 1.500 & elderly_disabled_i <= 0.500 & rawben_rel_max > 0.991","ranger",5839,0.96438,0.96017,5216,5007,0.9599,0.2253,0.1742,21.676,0.0772,0.9846,1.9
"1","cat_elig >  0.5 & medical_deductions <=  3.5 & shelter_expenses_by_hh_size <= 12.5","ranger",9365,0.96348,0.96016,4898,4731,0.9659,0.2128,0.1268,20.355,0.0772,0.9846,1.9
"1","months_since_cert_n <   7 & shelter_expenses_by_hh_size >=  44 & total_deductions_by_hh_size <   9 & utilities < 789","xgboost",1238,0.96931,0.96016,612,585,0.9559,0.0263,0.0119,2.543,0.0772,0.9846,1.9
"1","expedited_i <= 0.50 & married <= 0.50 & percent_abawd <= 0.75 & shelter_expenses_by_hh_size <= 5.50","ranger",5677,0.96442,0.96015,2942,2834,0.9633,0.1275,0.0738,12.226,0.0772,0.9846,1.9
"1","children_i <= 0.5 & total_deductions_by_hh_size <= 2.5 & utilities > 5.0","ranger",1908,0.96751,0.96014,951,914,0.9611,0.0411,0.0169,3.952,0.0772,0.9846,1.9
"1","elderly_disabled_i >   0.500 & medical_deductions > 146.000 & rawben_rel_max <=   0.266 & utilities <= 494.000","ranger",384,0.97656,0.96014,161,157,0.9752,0.0071,0.0015,0.669,0.0772,0.9846,1.9
"1","cat_elig <   1.0 & months_since_cert_n <   3.0 & percent_abawd >=   0.5 & total_deductions_by_hh_size < 337.0","xgboost",254,0.98031,0.96012,142,141,0.993,0.0063,2e-04,0.59,0.0772,0.9846,1.9
"1","cat_elig <=  0.500 & months_since_cert_n >  6.500 & rawben_rel_max >  0.991 & total_deductions_by_hh_size <= 62.900","ranger",254,0.98031,0.96012,148,146,0.9865,0.0066,0.0012,0.615,0.0772,0.9846,1.9
"1","elderly_disabled_i <=  0.5 & percent_abawd <=  1.5 & utilities <= 26.5","ranger",9853,0.96336,0.96012,5151,4965,0.9639,0.2234,0.1385,21.406,0.0772,0.9846,1.9
"1","medical_deductions <= 122.000 & months_since_cert_n <=   7.500 & rawben_rel_max >   0.991","ranger",13138,0.96293,0.96012,6823,6565,0.9622,0.2953,0.1951,28.355,0.0772,0.9846,1.9
"1","months_since_cert_n >=   10 & utilities >= 1020","xgboost",220,0.98182,0.96012,289,283,0.9792,0.0127,0.0033,1.201,0.0772,0.9846,1.9
"1","elderly_disabled_i >=  1 & months_since_cert_n >=  6 & total_deductions_by_hh_size <  9 & utilities < 41","xgboost",2017,0.96728,0.96011,1054,1024,0.9715,0.0461,0.0178,4.38,0.0772,0.9846,1.9
"1","months_since_cert_n >  5.500 & months_since_cert_n <= 14.500 & rawben_rel_max >  0.991 & unc_rawben_rel_max <=  1.810","ranger",4529,0.96489,0.96011,2495,2380,0.9539,0.1071,0.0893,10.369,0.0772,0.9846,1.9
"1","children_i <=   0.500 & expedited_i <=   0.500 & rawben_rel_max >   0.991 & shelter_expenses_by_hh_size <= 552.000","ranger",6727,0.96403,0.9601,3607,3480,0.9648,0.1566,0.0995,14.99,0.0772,0.9846,1.9
"1","expedited_i <=  0.500 & homeless >  0.500 & shelter_expenses_by_hh_size <=  5.500 & unc_rawben_rel_max > -0.968","ranger",1712,0.96787,0.96009,835,811,0.9713,0.0365,0.0158,3.47,0.0772,0.9846,1.9
"1","percent_abawd <= 0.500 & rawben_rel_max <= 0.976 & total_deductions_by_hh_size <= 8.900","ranger",4313,0.96499,0.96009,2146,2074,0.9664,0.0933,0.0342,8.918,0.0772,0.9846,1.9
"1","cat_elig <=   0.5 & homeless <=   0.5 & percent_abawd <=   0.5 & shelter_expenses_by_hh_size <= 609.0","ranger",2098,0.96711,0.96008,1093,1048,0.9588,0.0471,0.0255,4.542,0.0772,0.9846,1.9
"1","elderly_disabled_i < 1.000 & percent_abawd < 0.500 & rawben_rel_max >= 0.811","xgboost",9237,0.96341,0.96006,4646,4471,0.9623,0.2011,0.1397,19.308,0.0772,0.9846,1.9
"1","cat_elig < 2.000 & rawben_rel_max < 0.084","xgboost",3263,0.96568,0.96003,2325,2230,0.9591,0.1003,0.0683,9.662,0.0772,0.9846,1.9
"1","cat_elig <=   0.5000 & medical_deductions > 100.0000 & shelter_expenses_by_hh_size >  14.5000 & unc_rawben_rel_max <=   0.0283","ranger",65,1,0.96003,25,25,1,0.0011,0,0.104,0.0772,0.9846,1.9
"1","cat_elig > 0.5 & married <= 0.5 & total_deductions_by_hh_size > 0.1 & total_deductions_by_hh_size <= 2.8","ranger",65,1,0.96003,22,22,1,0.001,0,0.091,0.0772,0.9846,1.9
"1","children_i <=   0.5 & medical_deductions <= 140.0 & percent_abawd >   0.5 & shelter_expenses_by_hh_size <=  32.5","ranger",2857,0.96605,0.96002,1674,1623,0.9695,0.073,0.041,6.957,0.0772,0.9846,1.9
"1","medical_deductions <= 130.000 & months_since_cert_n <=   5.500 & percent_abawd <=   0.750 & rawben_rel_max >   0.995","ranger",8470,0.96352,0.96002,4243,4092,0.9644,0.1841,0.1155,17.633,0.0772,0.9846,1.9
"1","months_since_cert_n <  28.0000 & rawben_rel_max <   0.0893 & shelter_expenses_by_hh_size < 464.0000 & unc_rawben_rel_max >=  -1.1700","xgboost",1847,0.96751,0.96002,858,826,0.9627,0.0372,0.0227,3.566,0.0772,0.9846,1.9
"1","elderly_disabled_i >=   1.000 & rawben_rel_max >=   0.992 & shelter_expenses_by_hh_size < 755.000 & unc_rawben_rel_max <   1.200","xgboost",319,0.97806,0.96001,164,162,0.9878,0.0073,0.0012,0.682,0.0772,0.9846,1.9
"1","elderly_disabled_i >   0.500 & homeless <=   0.500 & medical_deductions > 146.000 & unc_rawben_rel_max <=   0.268","ranger",686,0.9723,0.95999,310,298,0.9613,0.0134,0.0053,1.288,0.0772,0.9846,1.9
"1","cat_elig > 0.500 & expedited_i <= 0.500 & rawben_rel_max > 0.991 & unc_rawben_rel_max <= 1.810","ranger",9838,0.9632,0.95995,5286,5086,0.9622,0.2288,0.1505,21.967,0.0772,0.9846,1.9
"1","expedited_i <=  0.500 & rawben_rel_max <=  0.087 & total_deductions_by_hh_size >  2.800 & unc_rawben_rel_max > -1.740","ranger",3417,0.96547,0.95995,1585,1518,0.9577,0.0683,0.0469,6.587,0.0772,0.9846,1.9
"1","cat_elig <=   0.5 & elderly_disabled_i >   0.5 & total_deductions_by_hh_size <= 246.0","ranger",1118,0.96959,0.95994,589,571,0.9694,0.0257,0.0091,2.448,0.0772,0.9846,1.9
"1","cat_elig >   0.50 & medical_deductions <= 276.00 & shelter_expenses_by_hh_size <=  14.50 & unc_rawben_rel_max <=   1.95","ranger",9471,0.96326,0.95994,4949,4778,0.9654,0.215,0.1289,20.567,0.0772,0.9846,1.9
"1","children_i <=  0.5 & expedited_i <=  0.5 & months_since_cert_n <= 34.5 & shelter_expenses_by_hh_size <= 12.5","ranger",7068,0.96378,0.95994,3847,3713,0.9652,0.167,0.0936,15.987,0.0772,0.9846,1.9
"1","months_since_cert_n <= 14.5 & shelter_expenses_by_hh_size >  5.5 & total_deductions_by_hh_size <=  2.5","ranger",2200,0.96682,0.95994,1113,1077,0.9677,0.0485,0.0173,4.625,0.0772,0.9846,1.9
"1","unc_rawben_rel_max < 0.056","xgboost",4961,0.96452,0.95994,2278,2185,0.9592,0.0983,0.0685,9.467,0.0772,0.9846,1.9
"1","children_i <=   0.5 & medical_deductions >  22.5 & total_deductions_by_hh_size >   8.8 & total_deductions_by_hh_size <= 165.0","ranger",475,0.97474,0.95993,243,233,0.9588,0.0105,0.0059,1.01,0.0772,0.9846,1.9
"1","children_i <= 0.5 & expedited_i <= 0.5 & shelter_expenses_by_hh_size <= 5.5","ranger",7088,0.96374,0.95991,3855,3721,0.9652,0.1674,0.0936,16.02,0.0772,0.9846,1.9
"1","cat_elig <=   0.5 & expedited_i <=   0.5 & shelter_expenses_by_hh_size <= 642.0","ranger",2252,0.9667,0.95989,1175,1133,0.9643,0.051,0.0209,4.883,0.0772,0.9846,1.9
"1","count_divisible_by_100 <= 0.5 & elderly_disabled_i <= 0.5 & homeless > 0.5","ranger",3224,0.96557,0.95989,1555,1513,0.973,0.0681,0.031,6.462,0.0772,0.9846,1.9
"1","percent_abawd > 0.25 & shelter_expenses_by_hh_size <= 5.50","ranger",2821,0.96597,0.95989,1666,1614,0.9688,0.0726,0.0418,6.923,0.0772,0.9846,1.9
"1","homeless <=  0.5 & married <=  0.5 & total_deductions_by_hh_size <=  2.8 & utilities > 28.5","ranger",1813,0.96746,0.95988,912,876,0.9605,0.0394,0.0163,3.79,0.0772,0.9846,1.9
"1","married <=  0.50 & percent_abawd >  0.25 & shelter_expenses_by_hh_size <= 12.50","ranger",2820,0.96596,0.95988,1663,1611,0.9687,0.0725,0.0418,6.911,0.0772,0.9846,1.9
"1","children_i <   1 & elderly_disabled_i <   1 & expedited_i >=   1 & utilities < 600","xgboost",4897,0.96447,0.95985,2418,2325,0.9615,0.1046,0.0763,10.049,0.0772,0.9846,1.9
"1","children_i <= 0.500 & months_since_cert_n <= 0.500 & unc_rawben_rel_max > 0.991","ranger",1591,0.96794,0.95985,794,775,0.9761,0.0349,0.0138,3.3,0.0772,0.9846,1.9
"1","shelter_expenses_by_hh_size >=  418.00 & total_deductions_by_hh_size < 1270.00 & unc_rawben_rel_max >=    1.23 & unc_rawben_rel_max <    1.81","xgboost",2683,0.96608,0.95985,1404,1354,0.9644,0.0609,0.0384,5.835,0.0772,0.9846,1.9
"1","homeless >=   1 & months_since_cert_n <   5 & shelter_expenses_by_hh_size < 744","xgboost",2276,0.96661,0.95984,1074,1041,0.9693,0.0468,0.0222,4.463,0.0772,0.9846,1.9
"1","elderly_disabled_i >   0.500 & rawben_rel_max <=   0.971 & total_deductions_by_hh_size <= 104.000 & utilities <=   5.000","ranger",2574,0.9662,0.95983,1362,1324,0.9721,0.0596,0.0178,5.66,0.0772,0.9846,1.9
"1","rawben_rel_max > 0.991 & unc_rawben_rel_max > 1.210 & unc_rawben_rel_max <= 1.790","ranger",7910,0.96346,0.95983,2069,1978,0.956,0.089,0.0735,8.598,0.0772,0.9846,1.9
"1","children_i <=  0.5 & expedited_i <=  0.5 & shelter_expenses_by_hh_size <= 16.5","ranger",7098,0.96365,0.95982,3860,3726,0.9653,0.1676,0.0936,16.041,0.0772,0.9846,1.9
"1","elderly_disabled_i <   1.000 & rawben_rel_max >=   0.347 & shelter_expenses_by_hh_size < 777.000 & utilities < 277.000","xgboost",10143,0.96303,0.95982,5298,5119,0.9662,0.2303,0.132,22.017,0.0772,0.9846,1.9
"1","cat_elig <    1 & shelter_expenses_by_hh_size < 2300 & utilities <  313","xgboost",2976,0.96573,0.9598,1606,1550,0.9651,0.0697,0.0298,6.674,0.0772,0.9846,1.9
"1","cat_elig > 0.500 & elderly_disabled_i <= 0.500 & rawben_rel_max > 0.991 & unc_rawben_rel_max <= 1.960","ranger",10812,0.96291,0.9598,5614,5404,0.9626,0.2431,0.1762,23.33,0.0772,0.9846,1.9
"1","cat_elig > 0.500 & elderly_disabled_i <= 0.500 & unc_rawben_rel_max > 0.991 & unc_rawben_rel_max <= 1.930","ranger",10811,0.96291,0.9598,5612,5403,0.9628,0.2431,0.1752,23.322,0.0772,0.9846,1.9
"1","children_i <= 0.5 & homeless > 0.5 & medical_deductions <= 2.5 & months_since_cert_n <= 5.5","ranger",2707,0.96601,0.9598,1324,1277,0.9645,0.0575,0.0312,5.502,0.0772,0.9846,1.9
"1","elderly_disabled_i <   1.00 & unc_rawben_rel_max >=   1.21 & unc_rawben_rel_max <   1.93 & utilities < 334.00","xgboost",4600,0.96457,0.9598,494,465,0.9413,0.0209,0.0252,2.053,0.0772,0.9846,1.9
"1","elderly_disabled_i <=   0.50 & homeless >   0.50 & total_deductions_by_hh_size <= 792.00 & unc_rawben_rel_max <=   1.96","ranger",3270,0.96544,0.95979,1581,1536,0.9715,0.0691,0.0333,6.57,0.0772,0.9846,1.9
"1","married <=   0.500 & medical_deductions <= 144.000 & rawben_rel_max >   0.998 & unc_rawben_rel_max <=   1.960","ranger",17554,0.96223,0.95979,9178,8814,0.9603,0.3965,0.2815,38.142,0.0772,0.9846,1.9
"1","expedited_i <= 0.5 & married <= 0.5 & medical_deductions <= 0.5 & shelter_expenses_by_hh_size <= 5.5","ranger",7092,0.96362,0.95978,3851,3712,0.9639,0.167,0.098,16.004,0.0772,0.9846,1.9
"1","expedited_i >  0.500 & months_since_cert_n >  4.500 & rawben_rel_max >  0.991 & total_deductions_by_hh_size <= 40.500","ranger",1254,0.9689,0.95977,638,622,0.9749,0.028,0.0155,2.651,0.0772,0.9846,1.9
"1","cat_elig <   1.000 & rawben_rel_max <   0.361 & shelter_expenses_by_hh_size < 874.000 & total_deductions_by_hh_size < 333.000","xgboost",971,0.97013,0.95976,482,470,0.9751,0.0211,0.0052,2.003,0.0772,0.9846,1.9
"1","months_since_cert_n <    2.000 & rawben_rel_max >=    0.080 & shelter_expenses_by_hh_size < 1410.000 & unc_rawben_rel_max <   -0.004","xgboost",317,0.97792,0.95976,217,210,0.9677,0.0094,0.006,0.902,0.0772,0.9846,1.9
"1","elderly_disabled_i < 1.000 & months_since_cert_n >= 1.000 & rawben_rel_max >= 0.992 & unc_rawben_rel_max >= 1.200","xgboost",10123,0.96296,0.95974,5301,5092,0.9606,0.2291,0.1728,22.03,0.0772,0.9846,1.9
"1","months_since_cert_n >=   9 & shelter_expenses_by_hh_size < 735 & unc_rawben_rel_max <   0 & utilities < 388","xgboost",711,0.97187,0.95974,353,333,0.9433,0.015,0.0132,1.467,0.0772,0.9846,1.9
"1","percent_abawd >=   0.5 & total_deductions_by_hh_size < 182.0 & unc_rawben_rel_max >=   0.0","xgboost",2970,0.96566,0.95972,1746,1690,0.9679,0.076,0.0422,7.256,0.0772,0.9846,1.9
"1","medical_deductions <= 804.00 & percent_abawd <=   1.50 & unc_rawben_rel_max >   1.00 & unc_rawben_rel_max <=   1.93","ranger",17802,0.96214,0.95971,9274,8907,0.9604,0.4007,0.2855,38.54,0.0772,0.9846,1.9
"1","rawben_rel_max <=   0.976 & shelter_expenses_by_hh_size > 282.000 & total_deductions_by_hh_size <=   8.800 & utilities <= 194.000","ranger",941,0.97024,0.9597,512,499,0.9746,0.0224,0.0057,2.128,0.0772,0.9846,1.9
"1","children_i <=    0.5 & elderly_disabled_i <=    0.5 & homeless >    0.5 & shelter_expenses_by_hh_size <= 1360.0","ranger",3262,0.96536,0.95969,1579,1535,0.9721,0.0691,0.0324,6.562,0.0772,0.9846,1.9
"1","cat_elig <= 0.5 & married <= 0.5 & months_since_cert_n <= 5.5","ranger",2860,0.96573,0.95968,1435,1385,0.9652,0.0623,0.0243,5.964,0.0772,0.9846,1.9
"1","cat_elig < 1 & months_since_cert_n < 6","xgboost",2886,0.9657,0.95967,1441,1391,0.9653,0.0626,0.0243,5.988,0.0772,0.9846,1.9
"1","cat_elig >   0.5 & medical_deductions <= 622.0 & shelter_expenses_by_hh_size <=  16.5","ranger",9484,0.96299,0.95967,4955,4784,0.9655,0.2152,0.1289,20.592,0.0772,0.9846,1.9
"1","cat_elig >   0.500 & medical_deductions > 130.000 & rawben_rel_max <=   0.991 & total_deductions_by_hh_size <= 293.000","ranger",502,0.9741,0.95966,167,158,0.9461,0.0071,0.0036,0.694,0.0772,0.9846,1.9
"1","cat_elig >  0.50 & expedited_i >  0.50 & unc_rawben_rel_max <=  1.95 & utilities <= 30.50","ranger",3685,0.96499,0.95966,1794,1724,0.961,0.0776,0.0538,7.455,0.0772,0.9846,1.9
"1","elderly_disabled_i <= 0.500 & expedited_i <= 0.500 & months_since_cert_n <= 5.500 & rawben_rel_max > 0.858","ranger",5764,0.96391,0.95965,3098,3000,0.9684,0.135,0.0749,12.875,0.0772,0.9846,1.9
"1","married <= 0.500 & unc_rawben_rel_max > 0.998 & unc_rawben_rel_max <= 1.960","ranger",17774,0.96208,0.95965,9283,8914,0.9602,0.401,0.2861,38.578,0.0772,0.9846,1.9
"1","elderly_disabled_i >   0.500 & homeless >   0.500 & unc_rawben_rel_max <=   0.582 & utilities <= 188.000","ranger",316,0.97785,0.95964,143,136,0.951,0.0061,0.0038,0.594,0.0772,0.9846,1.9
"1","homeless >=   1 & months_since_cert_n <   5 & total_deductions_by_hh_size < 600","xgboost",2292,0.9664,0.95964,1080,1042,0.9648,0.0469,0.0255,4.488,0.0772,0.9846,1.9
"1","medical_deductions <= 105.000 & months_since_cert_n >   5.500 & rawben_rel_max <=   0.087 & utilities >  27.500","ranger",1747,0.96737,0.95963,897,857,0.9554,0.0386,0.0298,3.728,0.0772,0.9846,1.9
"1","elderly_disabled_i >   0.5000 & total_deductions_by_hh_size <= 184.0000 & unc_rawben_rel_max >  -0.1810 & unc_rawben_rel_max <=   0.0887","ranger",1444,0.96814,0.95962,709,685,0.9661,0.0308,0.0118,2.946,0.0772,0.9846,1.9
"1","rawben_rel_max >=   0.787 & shelter_expenses_by_hh_size < 528.000 & unc_rawben_rel_max <   1.900","xgboost",12050,0.96257,0.95962,6264,6033,0.9631,0.2714,0.179,26.032,0.0772,0.9846,1.9
"1","cat_elig > 0.5 & expedited_i > 0.5 & utilities <= 5.0","ranger",3654,0.96497,0.95961,1778,1709,0.9612,0.0769,0.0537,7.389,0.0772,0.9846,1.9
"1","cat_elig < 2.000 & rawben_rel_max < 0.992 & total_deductions_by_hh_size < 4.400","xgboost",3281,0.96525,0.9596,2083,2015,0.9674,0.0907,0.034,8.656,0.0772,0.9846,1.9
"1","homeless > 0.5 & medical_deductions <= 0.5 & months_since_cert_n <= 5.5","ranger",2720,0.96581,0.9596,1325,1277,0.9638,0.0575,0.0321,5.506,0.0772,0.9846,1.9
"1","cat_elig > 0.5 & elderly_disabled_i <= 0.5 & expedited_i > 0.5 & months_since_cert_n <= 5.5","ranger",3360,0.96518,0.95959,1584,1536,0.9697,0.0691,0.0385,6.583,0.0772,0.9846,1.9
"1","married <= 0.500 & rawben_rel_max > 0.991 & unc_rawben_rel_max <= 1.960","ranger",17897,0.962,0.95958,9346,8969,0.9597,0.4035,0.2906,38.84,0.0772,0.9846,1.9
"1","months_since_cert_n >=  5.000 & shelter_expenses_by_hh_size >= 54.000 & unc_rawben_rel_max >=  0.996 & unc_rawben_rel_max <  1.640","xgboost",3386,0.96515,0.95958,1831,1743,0.9519,0.0784,0.0624,7.609,0.0772,0.9846,1.9
"1","cat_elig <   1.000 & medical_deductions < 106.000 & months_since_cert_n <   8.000 & unc_rawben_rel_max >=  -0.016","xgboost",2932,0.96555,0.95957,1483,1431,0.9649,0.0644,0.0276,6.163,0.0772,0.9846,1.9
"1","cat_elig <= 0.500 & elderly_disabled_i > 0.500 & medical_deductions <= 6.000 & unc_rawben_rel_max <= 0.268","ranger",737,0.97151,0.95957,368,362,0.9837,0.0163,0.0026,1.529,0.0772,0.9846,1.9
"1","medical_deductions <  85.000 & rawben_rel_max <   0.124 & total_deductions_by_hh_size < 535.000 & unc_rawben_rel_max <   0.076","xgboost",3677,0.96492,0.95957,1720,1657,0.9634,0.0745,0.0436,7.148,0.0772,0.9846,1.9
"1","homeless >=   1.000 & months_since_cert_n >=   8.000 & rawben_rel_max <   0.428 & shelter_expenses_by_hh_size < 287.000","xgboost",108,0.99074,0.95956,45,41,0.9111,0.0018,0.002,0.187,0.0772,0.9846,1.9
"1","percent_abawd >=  0.50 & shelter_expenses_by_hh_size < 29.00 & unc_rawben_rel_max <  1.33","xgboost",2798,0.96569,0.95956,1657,1605,0.9686,0.0722,0.0418,6.886,0.0772,0.9846,1.9
"1","cat_elig <= 0.5 & children_i <= 0.5 & count_divisible_by_100 <= 0.5 & medical_deductions <= 0.5","ranger",3860,0.96477,0.95955,2002,1934,0.966,0.087,0.0346,8.32,0.0772,0.9846,1.9
"1","cat_elig >  0.5 & shelter_expenses_by_hh_size <= 12.5","ranger",9482,0.96288,0.95955,4956,4784,0.9653,0.2152,0.1298,20.596,0.0772,0.9846,1.9
"1","children_i <= 0.500 & married <= 0.500 & rawben_rel_max <= 0.943 & total_deductions_by_hh_size <= 7.800","ranger",4282,0.9645,0.95955,2137,2068,0.9677,0.093,0.0334,8.881,0.0772,0.9846,1.9
"1","medical_deductions <= 804.00 & unc_rawben_rel_max >   1.00 & unc_rawben_rel_max <=   1.93","ranger",17830,0.96197,0.95955,9300,8932,0.9604,0.4018,0.2864,38.649,0.0772,0.9846,1.9
"1","cat_elig >  0.50 & shelter_expenses_by_hh_size <= 14.50 & unc_rawben_rel_max <=  1.95","ranger",9481,0.96287,0.95954,4952,4780,0.9653,0.215,0.1298,20.579,0.0772,0.9846,1.9
"1","expedited_i <= 0.5 & homeless > 0.5 & shelter_expenses_by_hh_size <= 5.5","ranger",1716,0.96737,0.95954,838,814,0.9714,0.0366,0.0158,3.483,0.0772,0.9846,1.9
"1","homeless > 0.50 & months_since_cert_n <= 5.50 & unc_rawben_rel_max <= 1.93","ranger",2743,0.96573,0.95954,1335,1286,0.9633,0.0579,0.0328,5.548,0.0772,0.9846,1.9
"1","medical_deductions >=   7.00 & rawben_rel_max <   0.32 & utilities < 583.00","xgboost",1358,0.96834,0.95954,610,590,0.9672,0.0265,0.009,2.535,0.0772,0.9846,1.9
"1","homeless >=  1.00 & months_since_cert_n <  2.00 & unc_rawben_rel_max <  2.22 & utilities < 74.00","xgboost",794,0.97103,0.95953,380,367,0.9658,0.0165,0.009,1.579,0.0772,0.9846,1.9
"1","married <=  0.5 & total_deductions_by_hh_size <=  2.5 & utilities > 14.5","ranger",1906,0.96695,0.95952,952,914,0.9601,0.0411,0.0178,3.956,0.0772,0.9846,1.9
"1","cat_elig < 1.0 & months_since_cert_n < 3.0 & percent_abawd >= 0.5","xgboost",315,0.97778,0.95951,164,163,0.9939,0.0073,2e-04,0.682,0.0772,0.9846,1.9
"1","cat_elig <=   0.5 & elderly_disabled_i >   0.5 & homeless <=   0.5 & total_deductions_by_hh_size <= 246.0","ranger",1078,0.96939,0.95951,571,554,0.9702,0.0249,0.0083,2.373,0.0772,0.9846,1.9
"1","children_i <= 0.500 & married <= 0.500 & percent_abawd > 0.500 & unc_rawben_rel_max > 0.991","ranger",4067,0.96459,0.95951,2262,2180,0.9637,0.0981,0.0682,9.4,0.0772,0.9846,1.9
"1","cat_elig > 0.500 & children_i <= 0.500 & months_since_cert_n <= 5.500 & rawben_rel_max > 0.998","ranger",9368,0.96285,0.9595,4850,4679,0.9647,0.2105,0.1299,20.155,0.0772,0.9846,1.9
"1","elderly_disabled_i <= 0.500 & unc_rawben_rel_max > 0.804","ranger",13524,0.96229,0.9595,7039,6772,0.9621,0.3047,0.2135,29.252,0.0772,0.9846,1.9
"1","months_since_cert_n <= 5.500 & percent_abawd <= 0.750 & rawben_rel_max > 0.995","ranger",8617,0.96298,0.95949,4289,4133,0.9636,0.1859,0.1199,17.824,0.0772,0.9846,1.9
"1","children_i <= 0.5 & homeless > 0.5 & months_since_cert_n <= 5.5","ranger",2739,0.96568,0.95948,1337,1289,0.9641,0.058,0.0319,5.556,0.0772,0.9846,1.9
"1","elderly_disabled_i >   0.5 & shelter_expenses_by_hh_size > 466.0 & total_deductions_by_hh_size <= 182.0","ranger",2578,0.96587,0.95948,1307,1240,0.9487,0.0558,0.0346,5.432,0.0772,0.9846,1.9
"1","months_since_cert_n <   9.000 & rawben_rel_max >=   0.992 & total_deductions_by_hh_size < 982.000 & utilities < 992.000","xgboost",13108,0.96231,0.95948,6641,6381,0.9608,0.2871,0.1973,27.598,0.0772,0.9846,1.9
"1","cat_elig >  0.5 & shelter_expenses_by_hh_size <= 16.5","ranger",9489,0.9628,0.95947,4957,4785,0.9653,0.2153,0.1298,20.6,0.0772,0.9846,1.9
"1","cat_elig <   2 & months_since_cert_n >=  14 & shelter_expenses_by_hh_size >=  80 & utilities >= 875","xgboost",439,0.97494,0.95946,507,485,0.9566,0.0218,0.0125,2.107,0.0772,0.9846,1.9
"1","married <= 0.500 & percent_abawd > 0.750 & rawben_rel_max > 0.991","ranger",4088,0.96453,0.95946,2289,2204,0.9629,0.0992,0.0699,9.513,0.0772,0.9846,1.9
"1","cat_elig <   2 & months_since_cert_n >=  11 & utilities >= 992","xgboost",146,0.9863,0.95945,366,355,0.9699,0.016,0.0066,1.521,0.0772,0.9846,1.9
"1","cat_elig <= 0.500 & homeless <= 0.500 & percent_abawd <= 0.500 & rawben_rel_max > 0.991","ranger",1355,0.96827,0.95945,721,698,0.9681,0.0314,0.0175,2.996,0.0772,0.9846,1.9
"1","homeless >=  1 & utilities < 57","xgboost",3374,0.96503,0.95944,1647,1588,0.9642,0.0714,0.0405,6.845,0.0772,0.9846,1.9
"1","married <= 0.500 & medical_deductions <= 3.500 & percent_abawd > 0.750 & unc_rawben_rel_max > 0.991","ranger",4086,0.96451,0.95944,2289,2204,0.9629,0.0992,0.0699,9.513,0.0772,0.9846,1.9
"1","months_since_cert_n <  14.000 & rawben_rel_max >=   0.412 & shelter_expenses_by_hh_size < 297.000","xgboost",10689,0.96258,0.95944,5654,5474,0.9682,0.2463,0.1312,23.497,0.0772,0.9846,1.9
"1","elderly_disabled_i <=  0.5 & medical_deductions <=  1.5 & utilities <= 30.5","ranger",9968,0.96268,0.95943,5214,5024,0.9636,0.226,0.1406,21.668,0.0772,0.9846,1.9
"1","expedited_i <=  0.50 & percent_abawd >  0.75 & total_deductions_by_hh_size <= 58.20","ranger",1492,0.96783,0.95943,957,929,0.9707,0.0418,0.0225,3.977,0.0772,0.9846,1.9
"1","months_since_cert_n >=   17 & total_deductions_by_hh_size >=  982 & utilities >= 1010","xgboost",64,1,0.95943,68,66,0.9706,0.003,0.001,0.283,0.0772,0.9846,1.9
"1","children_i <= 0.5 & homeless > 0.5 & married <= 0.5 & months_since_cert_n <= 5.5","ranger",2735,0.96563,0.95942,1336,1288,0.9641,0.0579,0.0319,5.552,0.0772,0.9846,1.9
"1","count_divisible_by_100 <= 1.500 & rawben_rel_max > 0.991 & unc_rawben_rel_max <= 1.930","ranger",17977,0.96184,0.95942,9377,9003,0.9601,0.405,0.289,38.969,0.0772,0.9846,1.9
"1","married <=  0.5 & total_deductions_by_hh_size <=  2.8 & utilities > 28.5","ranger",1874,0.96692,0.95942,939,901,0.9595,0.0405,0.0178,3.902,0.0772,0.9846,1.9
"1","rawben_rel_max >=    0.992 & shelter_expenses_by_hh_size < 1640.000 & unc_rawben_rel_max <    1.990","xgboost",17518,0.96187,0.95942,9080,8722,0.9606,0.3924,0.2751,37.734,0.0772,0.9846,1.9
"1","children_i <= 0.5 & elderly_disabled_i <= 0.5 & homeless > 0.5","ranger",3265,0.96508,0.9594,1582,1538,0.9722,0.0692,0.0324,6.574,0.0772,0.9846,1.9
"1","months_since_cert_n >=  10.00 & unc_rawben_rel_max >=   1.03 & unc_rawben_rel_max <   1.58 & utilities >= 322.00","xgboost",1491,0.96781,0.9594,818,783,0.9572,0.0352,0.0264,3.399,0.0772,0.9846,1.9
"1","rawben_rel_max >=    0.892 & shelter_expenses_by_hh_size < 1110.000 & unc_rawben_rel_max <    1.640 & utilities <  360.000","xgboost",11217,0.96247,0.9594,5881,5654,0.9614,0.2544,0.1679,24.44,0.0772,0.9846,1.9
"1","shelter_expenses_by_hh_size < 430 & total_deductions_by_hh_size < 650 & utilities <  32","xgboost",13617,0.96218,0.9594,7115,6860,0.9642,0.3086,0.1736,29.568,0.0772,0.9846,1.9
"1","cat_elig <= 0.5 & count_divisible_by_100 <= 0.5 & months_since_cert_n <= 8.5","ranger",3370,0.96499,0.95939,1675,1614,0.9636,0.0726,0.0311,6.961,0.0772,0.9846,1.9
"1","months_since_cert_n < 28.0000 & rawben_rel_max <  0.0893","xgboost",5127,0.96392,0.95938,2388,2293,0.9602,0.1032,0.0688,9.924,0.0772,0.9846,1.9
"1","homeless <=  0.50 & medical_deductions > 22.50 & unc_rawben_rel_max <=  0.32","ranger",1763,0.9671,0.95937,801,769,0.96,0.0346,0.0136,3.329,0.0772,0.9846,1.9
"1","medical_deductions <= 146.000 & rawben_rel_max >   0.991 & unc_rawben_rel_max <=   1.930","ranger",17803,0.9618,0.95937,9295,8923,0.96,0.4014,0.2866,38.628,0.0772,0.9846,1.9
"1","medical_deductions <= 3.500 & rawben_rel_max > 0.991 & unc_rawben_rel_max <= 1.950","ranger",17678,0.96182,0.95937,9247,8876,0.9599,0.3993,0.2851,38.428,0.0772,0.9846,1.9
"1","elderly_disabled_i <=    0.500 & expedited_i <=    0.500 & rawben_rel_max >    0.991 & shelter_expenses_by_hh_size <= 1660.000","ranger",7585,0.96309,0.95936,4067,3919,0.9636,0.1763,0.1183,16.901,0.0772,0.9846,1.9
"1","count_divisible_by_100 <= 1.500 & elderly_disabled_i <= 0.500 & homeless <= 0.500 & rawben_rel_max > 0.991","ranger",9691,0.96265,0.95935,5180,4971,0.9597,0.2236,0.1699,21.527,0.0772,0.9846,1.9
"1","cat_elig <=  0.5 & expedited_i <=  0.5 & utilities <= 12.5","ranger",1379,0.96809,0.95934,736,711,0.966,0.032,0.0135,3.059,0.0772,0.9846,1.9
"1","cat_elig >=   1 & elderly_disabled_i <   1 & months_since_cert_n <   5 & total_deductions_by_hh_size < 286","xgboost",5174,0.96386,0.95934,2747,2653,0.9658,0.1194,0.0675,11.416,0.0772,0.9846,1.9
"1","expedited_i <=  0.50 & percent_abawd >  0.25 & total_deductions_by_hh_size <=  7.80 & utilities <= 37.50","ranger",1379,0.96809,0.95934,876,851,0.9715,0.0383,0.0199,3.64,0.0772,0.9846,1.9
"1","months_since_cert_n >=   4.00 & shelter_expenses_by_hh_size >= 432.00 & total_deductions_by_hh_size <  87.00 & unc_rawben_rel_max <   1.25","xgboost",876,0.97032,0.95934,500,483,0.966,0.0217,0.0066,2.078,0.0772,0.9846,1.9
"1","cat_elig > 0.50 & months_since_cert_n <= 5.50 & unc_rawben_rel_max > 1.01 & unc_rawben_rel_max <= 2.69","ranger",9558,0.96265,0.95933,4891,4721,0.9652,0.2124,0.1298,20.326,0.0772,0.9846,1.9
"1","cat_elig >=  2 & homeless >=  1 & months_since_cert_n < 11 & total_deductions_by_hh_size < 34","xgboost",1129,0.969,0.95933,66,66,1,0.003,0,0.274,0.0772,0.9846,1.9
"1","count_divisible_by_100 <=  0.50 & expedited_i <=  0.50 & percent_abawd >  0.75 & total_deductions_by_hh_size <= 58.20","ranger",1461,0.96783,0.95933,937,909,0.9701,0.0409,0.0225,3.894,0.0772,0.9846,1.9
"1","medical_deductions >= 42.0000 & months_since_cert_n >=  8.0000 & rawben_rel_max <  0.0928","xgboost",587,0.97274,0.95933,255,250,0.9804,0.0112,0.0034,1.06,0.0772,0.9846,1.9
"1","total_deductions_by_hh_size < 1560.0000 & unc_rawben_rel_max <    0.0378","xgboost",4756,0.96405,0.95933,2185,2094,0.9584,0.0942,0.0674,9.08,0.0772,0.9846,1.9
"1","married <   1.0 & months_since_cert_n <   7.0 & percent_abawd >=   0.5 & shelter_expenses_by_hh_size < 197.0","xgboost",2354,0.96602,0.95932,1335,1301,0.9745,0.0585,0.0227,5.548,0.0772,0.9846,1.9
"1","cat_elig > 0.50 & expedited_i > 0.50 & homeless > 0.50 & percent_abawd <= 0.25","ranger",960,0.96979,0.9593,409,393,0.9609,0.0177,0.0117,1.7,0.0772,0.9846,1.9
"1","children_i <=   0.5 & shelter_expenses_by_hh_size <= 552.0 & utilities <=   8.0","ranger",13685,0.96208,0.9593,7197,6935,0.9636,0.312,0.1766,29.909,0.0772,0.9846,1.9
"1","elderly_disabled_i >=   1.0 & shelter_expenses_by_hh_size < 400.0 & total_deductions_by_hh_size <   4.4","xgboost",4360,0.96422,0.9593,2226,2155,0.9681,0.0969,0.0374,9.251,0.0772,0.9846,1.9
"1","rawben_rel_max >=    1.00 & shelter_expenses_by_hh_size < 1970.00 & total_deductions_by_hh_size >=    9.00 & unc_rawben_rel_max <    1.64","xgboost",6180,0.96343,0.9593,3231,3108,0.9619,0.1398,0.0887,13.427,0.0772,0.9846,1.9
"1","homeless <= 0.500 & unc_rawben_rel_max > 0.991 & unc_rawben_rel_max <= 1.690 & utilities > 9.500","ranger",5557,0.96365,0.95929,2942,2826,0.9606,0.1271,0.0837,12.226,0.0772,0.9846,1.9
"1","expedited_i <=  0.5 & married <=  0.5 & months_since_cert_n <= 34.5 & shelter_expenses_by_hh_size <=  5.5","ranger",7185,0.96312,0.95928,3905,3762,0.9634,0.1692,0.1005,16.228,0.0772,0.9846,1.9
"1","homeless >= 1 & months_since_cert_n < 6","xgboost",2752,0.96548,0.95928,1338,1289,0.9634,0.058,0.0328,5.56,0.0772,0.9846,1.9
"1","unc_rawben_rel_max >= 0.996 & unc_rawben_rel_max < 1.930","xgboost",17958,0.96169,0.95926,9364,8991,0.9602,0.4045,0.2892,38.915,0.0772,0.9846,1.9
"1","count_divisible_by_100 <=   1.5 & married <=   0.5 & shelter_expenses_by_hh_size <= 503.0 & utilities <=  14.5","ranger",13721,0.96203,0.95925,7191,6934,0.9643,0.3119,0.1741,29.884,0.0772,0.9846,1.9
"1","elderly_disabled_i <=    0.5 & homeless >    0.5 & shelter_expenses_by_hh_size <= 1290.0","ranger",3279,0.96493,0.95925,1584,1539,0.9716,0.0692,0.0333,6.583,0.0772,0.9846,1.9
"1","elderly_disabled_i >=  1 & months_since_cert_n >=  6 & total_deductions_by_hh_size <  9 & utilities >= 41","xgboost",1043,0.96932,0.95925,519,503,0.9692,0.0226,0.0072,2.157,0.0772,0.9846,1.9
"1","medical_deductions > 3.500 & rawben_rel_max <= 0.266 & utilities > 8.000","ranger",1513,0.96761,0.95925,654,635,0.9709,0.0286,0.0091,2.718,0.0772,0.9846,1.9
"1","months_since_cert_n >=  29.000 & rawben_rel_max >=   0.945 & utilities >= 819.000","xgboost",181,0.98343,0.95925,125,121,0.968,0.0054,0.0029,0.519,0.0772,0.9846,1.9
"1","medical_deductions <= 804.000 & unc_rawben_rel_max >   0.998 & unc_rawben_rel_max <=   1.950","ranger",17921,0.96167,0.95924,9347,8974,0.9601,0.4037,0.2892,38.844,0.0772,0.9846,1.9
"1","medical_deductions > 120.000 & shelter_expenses_by_hh_size >  14.000 & total_deductions_by_hh_size > 257.000 & unc_rawben_rel_max <=   0.266","ranger",902,0.97007,0.95924,399,386,0.9674,0.0174,0.0057,1.658,0.0772,0.9846,1.9
"1","cat_elig >=  1.000 & rawben_rel_max >=  0.992 & unc_rawben_rel_max >= -0.056 & unc_rawben_rel_max <  1.900","xgboost",15003,0.96187,0.95922,8166,7824,0.9581,0.352,0.2664,33.936,0.0772,0.9846,1.9
"1","cat_elig >  0.500 & homeless <=  0.500 & unc_rawben_rel_max >  0.991 & utilities <= 30.500","ranger",6090,0.96338,0.95921,3319,3188,0.9605,0.1434,0.1043,13.793,0.0772,0.9846,1.9
"1","months_since_cert_n <  16 & shelter_expenses_by_hh_size < 432 & total_deductions_by_hh_size < 167","xgboost",14114,0.96195,0.95921,7405,7125,0.9622,0.3205,0.1778,30.773,0.0772,0.9846,1.9
"1","cat_elig <=  0.5 & expedited_i <=  0.5 & married <=  0.5 & utilities <= 12.5","ranger",1374,0.96798,0.9592,735,710,0.966,0.0319,0.0135,3.054,0.0772,0.9846,1.9
"1","cat_elig >=   2.000 & medical_deductions <  42.000 & rawben_rel_max >=   0.848 & total_deductions_by_hh_size < 511.000","xgboost",4480,0.96406,0.9592,409,400,0.978,0.018,0.006,1.7,0.0772,0.9846,1.9
"1","children_i <= 0.50 & elderly_disabled_i <= 0.50 & expedited_i > 0.50 & unc_rawben_rel_max <= 1.96","ranger",5286,0.96368,0.9592,2596,2495,0.9611,0.1122,0.083,10.788,0.0772,0.9846,1.9
"1","count_divisible_by_100 <= 0.500 & elderly_disabled_i <= 0.500 & homeless <= 0.500 & rawben_rel_max > 0.971","ranger",9274,0.96258,0.9592,4945,4753,0.9612,0.2138,0.1562,20.55,0.0772,0.9846,1.9
"1","elderly_disabled_i <   1 & months_since_cert_n <  16 & shelter_expenses_by_hh_size < 400","xgboost",10193,0.96243,0.9592,5386,5195,0.9645,0.2337,0.1415,22.383,0.0772,0.9846,1.9
"1","elderly_disabled_i <= 0.500 & homeless <= 0.500 & unc_rawben_rel_max > 0.991","ranger",9734,0.9625,0.9592,5203,4992,0.9594,0.2246,0.1719,21.622,0.0772,0.9846,1.9
"1","shelter_expenses_by_hh_size >= 1040.000 & unc_rawben_rel_max <   -0.004 & utilities >=  600.000 & utilities <  852.000","xgboost",215,0.9814,0.9592,78,78,1,0.0035,0,0.324,0.0772,0.9846,1.9
"1","total_deductions_by_hh_size >= 1010.00 & unc_rawben_rel_max >=    1.02 & unc_rawben_rel_max <    2.22","xgboost",1181,0.96867,0.9592,667,649,0.973,0.0292,0.0136,2.772,0.0772,0.9846,1.9
"1","elderly_disabled_i <   1 & months_since_cert_n <  15 & shelter_expenses_by_hh_size < 652 & utilities <  56","xgboost",9936,0.96246,0.95919,5253,5074,0.9659,0.2283,0.131,21.83,0.0772,0.9846,1.9
"1","count_divisible_by_100 <   1 & shelter_expenses_by_hh_size < 205","xgboost",12503,0.96209,0.95918,6502,6276,0.9652,0.2823,0.1609,27.021,0.0772,0.9846,1.9
"1","medical_deductions <= 144.000 & rawben_rel_max >   0.998 & unc_rawben_rel_max <=   1.960","ranger",17721,0.96163,0.95918,9253,8885,0.9602,0.3997,0.2846,38.453,0.0772,0.9846,1.9
"1","months_since_cert_n <   3.0 & shelter_expenses_by_hh_size >= 327.0 & total_deductions_by_hh_size <   4.4 & utilities >=  32.0","xgboost",145,0.98621,0.95917,59,56,0.9492,0.0025,0.0022,0.245,0.0772,0.9846,1.9
"1","homeless <= 0.500 & married <= 0.500 & percent_abawd > 0.750 & unc_rawben_rel_max > 0.991","ranger",3272,0.96485,0.95916,1758,1684,0.9579,0.0758,0.0596,7.306,0.0772,0.9846,1.9
"1","expedited_i <= 0.5 & married <= 0.5 & shelter_expenses_by_hh_size <= 5.5","ranger",7211,0.96297,0.95914,3917,3774,0.9635,0.1698,0.1005,16.278,0.0772,0.9846,1.9
"1","unc_rawben_rel_max > 0.998 & unc_rawben_rel_max <= 1.950","ranger",17930,0.96157,0.95914,9354,8981,0.9601,0.404,0.2892,38.873,0.0772,0.9846,1.9
"1","married <=   0.5000 & rawben_rel_max <=   0.0887 & total_deductions_by_hh_size >   2.8000 & total_deductions_by_hh_size <= 377.0000","ranger",2370,0.96582,0.95913,1105,1065,0.9638,0.0479,0.0259,4.592,0.0772,0.9846,1.9
"1","cat_elig >   0.5 & expedited_i >   0.5 & medical_deductions <= 144.0 & unc_rawben_rel_max >   1.0","ranger",4913,0.96377,0.95912,2441,2344,0.9603,0.1055,0.0795,10.144,0.0772,0.9846,1.9
"1","expedited_i > 0.500 & percent_abawd <= 0.750 & unc_rawben_rel_max > 0.991","ranger",4159,0.96417,0.95912,2025,1942,0.959,0.0874,0.0658,8.415,0.0772,0.9846,1.9
"1","homeless >=  1 & months_since_cert_n < 17 & utilities < 44","xgboost",3190,0.96489,0.95912,1557,1504,0.966,0.0677,0.0371,6.471,0.0772,0.9846,1.9
"1","shelter_expenses_by_hh_size <= 1730.000 & unc_rawben_rel_max >    0.798 & utilities >  850.000","ranger",2075,0.96627,0.95911,1433,1366,0.9532,0.0615,0.0473,5.955,0.0772,0.9846,1.9
"1","count_divisible_by_100 <= 0.500 & unc_rawben_rel_max > 0.991 & unc_rawben_rel_max <= 1.950","ranger",17281,0.96158,0.9591,8970,8617,0.9606,0.3877,0.2717,37.277,0.0772,0.9846,1.9
"1","married <=   0.5 & shelter_expenses_by_hh_size <= 503.0 & utilities <=  14.5","ranger",13744,0.96187,0.9591,7205,6943,0.9636,0.3124,0.1779,29.942,0.0772,0.9846,1.9
"1","cat_elig <= 0.500 & children_i <= 0.500 & rawben_rel_max <= 0.279","ranger",1011,0.96934,0.95909,491,484,0.9857,0.0218,0.0029,2.04,0.0772,0.9846,1.9
"1","children_i <   1.000 & rawben_rel_max >=   0.979 & shelter_expenses_by_hh_size < 939.000 & total_deductions_by_hh_size < 764.000","xgboost",13184,0.96192,0.95909,6750,6507,0.964,0.2927,0.1887,28.051,0.0772,0.9846,1.9
"1","expedited_i <=   0.50 & medical_deductions <= 125.00 & percent_abawd >   0.75 & total_deductions_by_hh_size <=  61.20","ranger",1507,0.96749,0.95909,961,933,0.9709,0.042,0.0225,3.994,0.0772,0.9846,1.9
"1","count_divisible_by_100 < 1.0 & homeless >= 1.0 & months_since_cert_n >= 7.0 & total_deductions_by_hh_size < 4.4","xgboost",728,0.97115,0.95908,355,348,0.9803,0.0157,0.0064,1.475,0.0772,0.9846,1.9
"1","rawben_rel_max >=  0.979 & unc_rawben_rel_max >=  0.883 & utilities < 76.000","xgboost",10798,0.96222,0.95908,5684,5482,0.9645,0.2466,0.1584,23.621,0.0772,0.9846,1.9
"1","months_since_cert_n >= 11.000 & rawben_rel_max <  0.354 & utilities < 42.000","xgboost",954,0.9696,0.95905,490,472,0.9633,0.0212,0.0102,2.036,0.0772,0.9846,1.9
"1","cat_elig > 0.500 & elderly_disabled_i <= 0.500 & rawben_rel_max > 0.991","ranger",10837,0.96217,0.95903,5631,5413,0.9613,0.2435,0.1812,23.401,0.0772,0.9846,1.9
"1","cat_elig > 0.500 & expedited_i > 0.500 & married <= 0.500 & rawben_rel_max > 0.991","ranger",4928,0.96368,0.95903,2447,2350,0.9604,0.1057,0.0791,10.169,0.0772,0.9846,1.9
"1","homeless < 1.00 & rawben_rel_max < 0.08","xgboost",2417,0.96566,0.95903,0,0,NA,0,0,0,0.0772,0.9846,1.9
"1","children_i <= 0.500 & elderly_disabled_i > 0.500 & expedited_i <= 0.500 & rawben_rel_max <= 0.268","ranger",8594,0.96253,0.95901,4004,3843,0.9598,0.1729,0.0764,16.64,0.0772,0.9846,1.9
"1","medical_deductions >   4.500 & shelter_expenses_by_hh_size >  14.500 & unc_rawben_rel_max <=   0.268 & utilities > 428.000","ranger",981,0.96942,0.95901,420,407,0.969,0.0183,0.0058,1.745,0.0772,0.9846,1.9
"1","homeless >   0.500 & months_since_cert_n >   4.500 & total_deductions_by_hh_size <= 758.000 & unc_rawben_rel_max >   0.991","ranger",1175,0.96851,0.95899,561,544,0.9697,0.0245,0.0158,2.331,0.0772,0.9846,1.9
"1","elderly_disabled_i < 1 & homeless >= 1","xgboost",3283,0.96467,0.95897,1587,1542,0.9716,0.0694,0.0333,6.595,0.0772,0.9846,1.9
"1","expedited_i <= 0.5000 & months_since_cert_n <= 4.5000 & rawben_rel_max <= 0.0887 & utilities > 9.5000","ranger",1421,0.96763,0.95897,629,612,0.973,0.0275,0.0121,2.614,0.0772,0.9846,1.9
"1","cat_elig <=  0.500 & expedited_i <=  0.500 & unc_rawben_rel_max <=  0.283 & utilities > 14.000","ranger",783,0.97063,0.95896,376,369,0.9814,0.0166,0.0024,1.563,0.0772,0.9846,1.9
"1","months_since_cert_n > 4.500 & percent_abawd > 0.250 & rawben_rel_max > 0.941 & shelter_expenses_by_hh_size <= 5.500","ranger",952,0.96954,0.95896,570,547,0.9596,0.0246,0.0215,2.369,0.0772,0.9846,1.9
"1","months_since_cert_n >=   5.000 & rawben_rel_max <   0.227 & shelter_expenses_by_hh_size >= 841.000 & total_deductions_by_hh_size < 474.000","xgboost",726,0.97107,0.95896,373,360,0.9651,0.0162,0.0071,1.55,0.0772,0.9846,1.9
"1","cat_elig > 0.5 & elderly_disabled_i <= 0.5 & unc_rawben_rel_max > 1.0","ranger",10789,0.96209,0.95895,5616,5399,0.9614,0.2429,0.1805,23.339,0.0772,0.9846,1.9
"1","expedited_i > 0.50 & medical_deductions <= 3.50 & months_since_cert_n <= 5.50 & unc_rawben_rel_max <= 1.97","ranger",4763,0.96368,0.95895,2270,2197,0.9678,0.0988,0.0551,9.434,0.0772,0.9846,1.9
"1","medical_deductions <= 3.500 & rawben_rel_max > 0.993 & unc_rawben_rel_max <= 1.970","ranger",17669,0.9614,0.95895,9224,8855,0.96,0.3984,0.2842,38.333,0.0772,0.9846,1.9
"1","rawben_rel_max >=   0.992 & utilities >= 852.000","xgboost",1691,0.96688,0.95895,1236,1180,0.9547,0.0531,0.0425,5.137,0.0772,0.9846,1.9
"1","elderly_disabled_i <= 0.500 & homeless <= 0.500 & rawben_rel_max > 0.971","ranger",9823,0.96223,0.95894,5250,5039,0.9598,0.2267,0.1719,21.818,0.0772,0.9846,1.9
"1","expedited_i < 1.000 & rawben_rel_max < 0.092 & unc_rawben_rel_max < 0.120","xgboost",5252,0.96344,0.95894,2405,2321,0.9651,0.1044,0.0582,9.995,0.0772,0.9846,1.9
"1","expedited_i <  1 & homeless >=  1 & months_since_cert_n >=  7 & total_deductions_by_hh_size < 30","xgboost",493,0.97363,0.95893,227,225,0.9912,0.0101,7e-04,0.943,0.0772,0.9846,1.9
"1","expedited_i > 0.5 & months_since_cert_n <= 4.5","ranger",4347,0.96388,0.95893,2040,1970,0.9657,0.0886,0.0505,8.478,0.0772,0.9846,1.9
"1","cat_elig >  1.500 & medical_deductions > 76.000 & rawben_rel_max <=  0.303 & shelter_expenses_by_hh_size >  5.500","ranger",581,0.97246,0.95892,26,26,1,0.0012,0,0.108,0.0772,0.9846,1.9
"1","elderly_disabled_i <= 0.5 & homeless > 0.5 & married <= 0.5","ranger",3279,0.96462,0.95892,1585,1540,0.9716,0.0693,0.0333,6.587,0.0772,0.9846,1.9
"1","expedited_i <=   0.5 & medical_deductions <= 276.0 & shelter_expenses_by_hh_size <=   5.5","ranger",7223,0.96276,0.95892,3920,3777,0.9635,0.1699,0.1011,16.291,0.0772,0.9846,1.9
"1","elderly_disabled_i <= 0.50 & homeless > 0.50 & unc_rawben_rel_max <= 1.96","ranger",3278,0.96461,0.95891,1587,1542,0.9716,0.0694,0.0333,6.595,0.0772,0.9846,1.9
"1","cat_elig <   2 & shelter_expenses_by_hh_size >= 464 & total_deductions_by_hh_size < 170","xgboost",1662,0.96691,0.9589,1148,1084,0.9443,0.0488,0.0336,4.771,0.0772,0.9846,1.9
"1","elderly_disabled_i > 0.500 & expedited_i <= 0.500 & percent_abawd <= 0.250 & rawben_rel_max <= 0.268","ranger",8566,0.96241,0.95888,3986,3825,0.9596,0.1721,0.0764,16.565,0.0772,0.9846,1.9
"1","expedited_i <=  0.500 & percent_abawd <=  0.750 & rawben_rel_max >  0.991 & utilities <= 14.500","ranger",4419,0.96379,0.95888,2322,2229,0.9599,0.1003,0.071,9.65,0.0772,0.9846,1.9
"1","children_i <= 0.5 & elderly_disabled_i <= 0.5 & expedited_i > 0.5","ranger",5295,0.96336,0.95887,2603,2499,0.96,0.1124,0.0849,10.817,0.0772,0.9846,1.9
"1","elderly_disabled_i < 1.000 & unc_rawben_rel_max >= 0.908 & unc_rawben_rel_max < 1.180","xgboost",1688,0.96682,0.95887,882,866,0.9819,0.039,0.0109,3.665,0.0772,0.9846,1.9
"1","elderly_disabled_i >    0.500 & expedited_i <=    0.500 & shelter_expenses_by_hh_size <= 2430.000 & unc_rawben_rel_max <=    0.266","ranger",8562,0.96239,0.95886,3979,3821,0.9603,0.1719,0.0756,16.536,0.0772,0.9846,1.9
"1","children_i <= 0.500 & rawben_rel_max <= 0.978 & total_deductions_by_hh_size <= 7.600","ranger",4338,0.96381,0.95885,2157,2087,0.9675,0.0939,0.0343,8.964,0.0772,0.9846,1.9
"1","months_since_cert_n <  10.000 & unc_rawben_rel_max <  -0.004 & utilities < 426.000","xgboost",1714,0.96674,0.95885,731,713,0.9754,0.0321,0.0114,3.038,0.0772,0.9846,1.9
"1","cat_elig <  1.000 & unc_rawben_rel_max >= -0.056 & unc_rawben_rel_max <  0.000","xgboost",106,0.99057,0.95882,47,45,0.9574,0.002,0.0012,0.195,0.0772,0.9846,1.9
"1","cat_elig <=  0.500 & rawben_rel_max >  0.976 & total_deductions_by_hh_size > 18.800 & total_deductions_by_hh_size <= 53.600","ranger",63,1,0.95882,29,29,1,0.0013,0,0.121,0.0772,0.9846,1.9
"1","married <   1 & shelter_expenses_by_hh_size < 197","xgboost",12697,0.96172,0.95882,6607,6377,0.9652,0.2869,0.1644,27.457,0.0772,0.9846,1.9
"1","medical_deductions >   1.500 & rawben_rel_max <=   0.268 & shelter_expenses_by_hh_size > 305.000","ranger",1578,0.96705,0.95882,698,672,0.9628,0.0302,0.0117,2.901,0.0772,0.9846,1.9
"1","children_i <   1 & months_since_cert_n <   3 & rawben_rel_max >=   1 & utilities >= 875","xgboost",278,0.97842,0.95881,178,174,0.9775,0.0078,0.0019,0.74,0.0772,0.9846,1.9
"1","expedited_i <=  0.50 & shelter_expenses_by_hh_size <= 14.50 & unc_rawben_rel_max > -1.72","ranger",7230,0.96266,0.95881,3924,3780,0.9633,0.1701,0.102,16.307,0.0772,0.9846,1.9
"1","rawben_rel_max >=   0.992 & total_deductions_by_hh_size >= 303.000 & unc_rawben_rel_max >=   1.210 & unc_rawben_rel_max <   1.730","xgboost",3166,0.96462,0.95881,1662,1603,0.9645,0.0721,0.0475,6.907,0.0772,0.9846,1.9
"1","medical_deductions >= 144.000 & rawben_rel_max <   0.272 & unc_rawben_rel_max <   1.860 & utilities < 819.000","xgboost",666,0.97147,0.9588,296,287,0.9696,0.0129,0.0038,1.23,0.0772,0.9846,1.9
"1","cat_elig > 0.500 & expedited_i > 0.500 & rawben_rel_max > 0.991","ranger",4950,0.96343,0.95879,2462,2364,0.9602,0.1064,0.08,10.231,0.0772,0.9846,1.9
"1","cat_elig <=   0.5 & homeless <=   0.5 & percent_abawd <=   0.5 & shelter_expenses_by_hh_size <= 642.0","ranger",2191,0.96577,0.95878,1138,1091,0.9587,0.0491,0.0267,4.729,0.0772,0.9846,1.9
"1","children_i <=  0.500 & rawben_rel_max <=  0.971 & total_deductions_by_hh_size <=  8.900 & unc_rawben_rel_max > -3.780","ranger",4357,0.96374,0.95878,2171,2097,0.9659,0.0943,0.0357,9.022,0.0772,0.9846,1.9
"1","elderly_disabled_i >=   1.000 & rawben_rel_max <   0.172 & shelter_expenses_by_hh_size >= 963.000 & utilities < 850.000","xgboost",1003,0.96909,0.95877,507,490,0.9665,0.022,0.0093,2.107,0.0772,0.9846,1.9
"1","medical_deductions <= 650.000 & unc_rawben_rel_max >   0.991 & unc_rawben_rel_max <=   1.970","ranger",18063,0.96119,0.95876,9422,9039,0.9594,0.4066,0.2949,39.156,0.0772,0.9846,1.9
"1","cat_elig >   0.50 & total_deductions_by_hh_size <= 262.00 & unc_rawben_rel_max <=   1.95 & utilities <=   5.00","ranger",11491,0.9618,0.95874,6043,5826,0.9641,0.2621,0.1443,25.113,0.0772,0.9846,1.9
"1","medical_deductions > 100.000 & months_since_cert_n <=  25.500 & rawben_rel_max <=   0.344","ranger",1602,0.96692,0.95874,743,706,0.9502,0.0318,0.0135,3.088,0.0772,0.9846,1.9
"1","rawben_rel_max >=   0.264 & shelter_expenses_by_hh_size < 430.000 & total_deductions_by_hh_size < 650.000 & utilities <  32.000","xgboost",11414,0.9618,0.95874,6109,5892,0.9645,0.2651,0.1481,25.388,0.0772,0.9846,1.9
"1","rawben_rel_max >=   0.992 & unc_rawben_rel_max <   1.930 & utilities < 789.000","xgboost",15932,0.96134,0.95874,7856,7536,0.9593,0.339,0.2483,32.648,0.0772,0.9846,1.9
"1","elderly_disabled_i <   1 & months_since_cert_n <   5 & shelter_expenses_by_hh_size < 603 & utilities < 511","xgboost",7496,0.96251,0.95873,3848,3724,0.9678,0.1675,0.0859,15.991,0.0772,0.9846,1.9
"1","medical_deductions > 152.000 & rawben_rel_max <=   0.266 & shelter_expenses_by_hh_size >   5.500","ranger",636,0.9717,0.95872,276,265,0.9601,0.0119,0.0051,1.147,0.0772,0.9846,1.9
"1","rawben_rel_max <   0.56 & total_deductions_by_hh_size < 130.00 & utilities <  32.00","xgboost",2793,0.96491,0.95872,1446,1403,0.9703,0.0631,0.0208,6.009,0.0772,0.9846,1.9
"1","shelter_expenses_by_hh_size <  108 & total_deductions_by_hh_size < 1560 & utilities <  361","xgboost",12465,0.96165,0.95872,6484,6262,0.9658,0.2817,0.1623,26.946,0.0772,0.9846,1.9
"1","cat_elig <   1 & shelter_expenses_by_hh_size < 869 & total_deductions_by_hh_size < 595","xgboost",3651,0.96412,0.9587,1889,1815,0.9608,0.0817,0.0363,7.85,0.0772,0.9846,1.9
"1","elderly_disabled_i > 0.500 & expedited_i <= 0.500 & married <= 0.500 & rawben_rel_max <= 0.268","ranger",8579,0.96223,0.9587,4001,3841,0.96,0.1728,0.0755,16.627,0.0772,0.9846,1.9
"1","homeless <   1.00 & unc_rawben_rel_max >=   1.02 & unc_rawben_rel_max <   1.90 & utilities < 688.00","xgboost",11050,0.96181,0.9587,6070,5799,0.9554,0.2609,0.2111,25.225,0.0772,0.9846,1.9
"1","months_since_cert_n <   8.0000 & total_deductions_by_hh_size < 310.0000 & unc_rawben_rel_max >=   0.0172 & utilities <  52.0000","xgboost",10371,0.96191,0.9587,5451,5261,0.9651,0.2367,0.1193,22.653,0.0772,0.9846,1.9
"1","homeless <= 0.500 & medical_deductions <= 4.500 & months_since_cert_n <= 5.500 & rawben_rel_max > 0.991","ranger",9031,0.96213,0.95869,4746,4569,0.9627,0.2056,0.1344,19.723,0.0772,0.9846,1.9
"1","homeless >  0.5 & medical_deductions <=  0.5 & months_since_cert_n >  5.5 & total_deductions_by_hh_size <= 31.3","ranger",890,0.96966,0.95869,433,424,0.9792,0.0191,0.0084,1.799,0.0772,0.9846,1.9
"1","elderly_disabled_i <=  0.5 & months_since_cert_n >  5.5 & total_deductions_by_hh_size <= 61.2","ranger",2291,0.96552,0.95868,1243,1194,0.9606,0.0537,0.0418,5.166,0.0772,0.9846,1.9
"1","months_since_cert_n <  11.000 & percent_abawd >=   0.500 & rawben_rel_max >=   0.948 & total_deductions_by_hh_size < 928.000","xgboost",3882,0.96394,0.95868,2175,2101,0.966,0.0945,0.0598,9.039,0.0772,0.9846,1.9
"1","rawben_rel_max > 0.991 & unc_rawben_rel_max <= 1.970","ranger",18079,0.96112,0.95868,9432,9049,0.9594,0.4071,0.2949,39.197,0.0772,0.9846,1.9
"1","homeless <=  0.50 & married <=  0.50 & percent_abawd <=  0.75 & shelter_expenses_by_hh_size <= 27.50","ranger",6111,0.96285,0.95866,3230,3117,0.965,0.1402,0.0812,13.423,0.0772,0.9846,1.9
"1","cat_elig <   1.000 & medical_deductions < 565.000 & rawben_rel_max >=   0.608","xgboost",2945,0.96469,0.95865,1541,1486,0.9643,0.0669,0.0311,6.404,0.0772,0.9846,1.9
"1","cat_elig >   0.5 & shelter_expenses_by_hh_size > 429.0 & total_deductions_by_hh_size <= 150.0 & utilities <=   8.0","ranger",370,0.97568,0.95865,200,193,0.965,0.0087,0.004,0.831,0.0772,0.9846,1.9
"1","cat_elig >=   2.000 & count_divisible_by_100 <   1.000 & rawben_rel_max <   0.084 & utilities < 750.000","xgboost",1652,0.96671,0.95865,102,102,1,0.0046,0,0.424,0.0772,0.9846,1.9
"1","elderly_disabled_i >  0.5 & total_deductions_by_hh_size <= 54.3 & utilities <= 26.5","ranger",3439,0.96423,0.95865,1781,1729,0.9708,0.0778,0.0297,7.401,0.0772,0.9846,1.9
"1","medical_deductions >   0.500 & medical_deductions <= 176.000 & months_since_cert_n >   4.500 & unc_rawben_rel_max <=   0.244","ranger",916,0.96943,0.95861,399,391,0.9799,0.0176,0.0047,1.658,0.0772,0.9846,1.9
"1","months_since_cert_n <   5.0 & shelter_expenses_by_hh_size < 351.0 & unc_rawben_rel_max <   1.9","xgboost",8435,0.96218,0.95861,4366,4222,0.967,0.1899,0.0951,18.144,0.0772,0.9846,1.9
"1","months_since_cert_n <  34.000 & rawben_rel_max >=   0.124 & total_deductions_by_hh_size < 221.000 & utilities <  54.000","xgboost",13306,0.96145,0.95861,7067,6805,0.9629,0.3061,0.1677,29.369,0.0772,0.9846,1.9
"1","rawben_rel_max <=    0.277 & shelter_expenses_by_hh_size >    5.500 & shelter_expenses_by_hh_size <= 1780.000 & utilities <=   30.500","ranger",1677,0.96661,0.95861,793,769,0.9697,0.0346,0.0139,3.296,0.0772,0.9846,1.9
"1","cat_elig <=  0.500 & elderly_disabled_i <=  0.500 & unc_rawben_rel_max >  0.996 & utilities > 14.500","ranger",339,0.9764,0.9586,191,186,0.9738,0.0084,0.0036,0.794,0.0772,0.9846,1.9
"1","cat_elig > 0.5 & expedited_i > 0.5 & unc_rawben_rel_max > 1.0","ranger",4928,0.96327,0.9586,2455,2357,0.9601,0.106,0.08,10.202,0.0772,0.9846,1.9
"1","expedited_i <  1.000 & homeless <  1.000 & rawben_rel_max <  0.188 & unc_rawben_rel_max >= -1.170","xgboost",6585,0.96264,0.9586,3039,2919,0.9605,0.1313,0.0675,12.629,0.0772,0.9846,1.9
"1","months_since_cert_n <   10.000 & shelter_expenses_by_hh_size < 1640.000 & unc_rawben_rel_max >=    0.996","xgboost",14404,0.96133,0.9586,7446,7149,0.9601,0.3216,0.2262,30.944,0.0772,0.9846,1.9
"1","cat_elig <  1 & children_i <  1 & months_since_cert_n < 11","xgboost",3744,0.96394,0.95859,1899,1835,0.9663,0.0826,0.0308,7.892,0.0772,0.9846,1.9
"1","cat_elig <  1.000 & children_i <  1.000 & months_since_cert_n < 12.000 & rawben_rel_max >=  0.402","xgboost",2993,0.96458,0.95859,1571,1518,0.9663,0.0683,0.0259,6.529,0.0772,0.9846,1.9
"1","medical_deductions > 112.000 & months_since_cert_n >   3.500 & rawben_rel_max <=   0.311 & shelter_expenses_by_hh_size >  14.500","ranger",1136,0.96831,0.95859,504,484,0.9603,0.0218,0.0083,2.095,0.0772,0.9846,1.9
"1","cat_elig < 1.0 & months_since_cert_n < 5.0 & rawben_rel_max >= 0.1","xgboost",2337,0.96534,0.95856,1185,1144,0.9654,0.0515,0.0201,4.925,0.0772,0.9846,1.9
"1","elderly_disabled_i > 0.500 & expedited_i <= 0.500 & rawben_rel_max <= 0.268","ranger",8601,0.9621,0.95856,4007,3846,0.9598,0.173,0.0764,16.652,0.0772,0.9846,1.9
"1","expedited_i <=  0.50 & shelter_expenses_by_hh_size <= 14.50 & unc_rawben_rel_max <=  1.58","ranger",7236,0.96241,0.95856,3924,3782,0.9638,0.1701,0.1011,16.307,0.0772,0.9846,1.9
"1","married <=   0.5 & medical_deductions <= 200.0 & total_deductions_by_hh_size <= 160.0","ranger",18298,0.96098,0.95856,9513,9125,0.9592,0.4105,0.2281,39.534,0.0772,0.9846,1.9
"1","cat_elig <=   0.5 & count_divisible_by_100 <=   0.5 & medical_deductions <= 464.0 & utilities <= 409.0","ranger",3404,0.96416,0.95854,1789,1724,0.9637,0.0776,0.033,7.435,0.0772,0.9846,1.9
"1","expedited_i > 0.500 & homeless <= 0.500 & married <= 0.500 & unc_rawben_rel_max > 0.991","ranger",4331,0.96352,0.95854,2205,2112,0.9578,0.095,0.0743,9.163,0.0772,0.9846,1.9
"1","homeless >  0.50 & months_since_cert_n >  5.50 & total_deductions_by_hh_size <=  8.90 & unc_rawben_rel_max > -2.49","ranger",859,0.96973,0.95854,419,411,0.9809,0.0185,0.0074,1.741,0.0772,0.9846,1.9
"1","rawben_rel_max <=   0.575 & total_deductions_by_hh_size <= 150.000 & unc_rawben_rel_max <=   0.991 & utilities <=   8.000","ranger",2755,0.96479,0.95854,1448,1398,0.9655,0.0629,0.0238,6.018,0.0772,0.9846,1.9
"1","cat_elig > 0.500 & elderly_disabled_i <= 0.500 & rawben_rel_max > 0.952","ranger",10977,0.96165,0.95852,5712,5493,0.9617,0.2471,0.1821,23.738,0.0772,0.9846,1.9
"1","elderly_disabled_i <    1.000 & shelter_expenses_by_hh_size < 1480.000 & total_deductions_by_hh_size <  671.000 & unc_rawben_rel_max >=    0.584","xgboost",12078,0.9615,0.95852,6626,6372,0.9617,0.2867,0.1925,27.536,0.0772,0.9846,1.9
"1","months_since_cert_n >=  18.000 & rawben_rel_max >=   0.992 & unc_rawben_rel_max <   1.210 & utilities >= 488.000","xgboost",429,0.97436,0.95852,222,209,0.9414,0.0094,0.0089,0.923,0.0772,0.9846,1.9
"1","cat_elig > 0.500 & cat_elig <= 2.500 & expedited_i > 0.500 & rawben_rel_max > 0.991","ranger",4917,0.96319,0.95851,2462,2364,0.9602,0.1064,0.08,10.231,0.0772,0.9846,1.9
"1","count_divisible_by_100 <= 1.500 & homeless <= 0.500 & months_since_cert_n <= 5.500 & rawben_rel_max > 0.991","ranger",9168,0.96193,0.95851,4797,4615,0.9621,0.2076,0.1387,19.935,0.0772,0.9846,1.9
"1","married <= 0.500 & rawben_rel_max <= 0.943 & total_deductions_by_hh_size <= 7.800","ranger",4302,0.96351,0.9585,2146,2076,0.9674,0.0934,0.0343,8.918,0.0772,0.9846,1.9
"1","medical_deductions > 108.00 & medical_deductions <= 479.00 & rawben_rel_max <=   0.32","ranger",1566,0.96679,0.9585,713,683,0.9579,0.0307,0.0124,2.963,0.0772,0.9846,1.9
"1","cat_elig <=  0.5 & homeless <=  0.5 & medical_deductions <= 99.5 & months_since_cert_n <=  5.5","ranger",2175,0.96552,0.95848,1127,1085,0.9627,0.0488,0.0209,4.684,0.0772,0.9846,1.9
"1","children_i <=  0.50 & total_deductions_by_hh_size <=  8.80 & unc_rawben_rel_max > -4.10 & unc_rawben_rel_max <=  1.02","ranger",4428,0.96341,0.95848,2220,2146,0.9667,0.0965,0.0357,9.226,0.0772,0.9846,1.9
"1","expedited_i >=   1 & months_since_cert_n <   2 & utilities < 886","xgboost",1752,0.96632,0.95848,790,760,0.962,0.0342,0.0226,3.283,0.0772,0.9846,1.9
"1","children_i < 1.000 & expedited_i < 1.000 & rawben_rel_max >= 0.992 & unc_rawben_rel_max < 1.900","xgboost",11290,0.96156,0.95847,6308,6047,0.9586,0.272,0.1978,26.215,0.0772,0.9846,1.9
"1","cat_elig >=   1.00 & elderly_disabled_i <   1.00 & total_deductions_by_hh_size < 710.00 & unc_rawben_rel_max >=   1.02","xgboost",10283,0.96168,0.95845,5386,5178,0.9614,0.2329,0.1746,22.383,0.0772,0.9846,1.9
"1","expedited_i <=   0.500 & rawben_rel_max >   0.993 & shelter_expenses_by_hh_size <= 556.000","ranger",6939,0.96239,0.95845,3706,3566,0.9622,0.1604,0.1104,15.401,0.0772,0.9846,1.9
"1","shelter_expenses_by_hh_size < 1970 & total_deductions_by_hh_size <  141","xgboost",17750,0.9609,0.95844,9210,8842,0.96,0.3978,0.2193,38.275,0.0772,0.9846,1.9
"1","medical_deductions < 252 & months_since_cert_n <  24 & shelter_expenses_by_hh_size < 322 & utilities <  45","xgboost",13001,0.96131,0.95843,6810,6570,0.9648,0.2956,0.1657,28.301,0.0772,0.9846,1.9
"1","medical_deductions > 108.00 & medical_deductions <= 479.00 & percent_abawd <=   0.50 & rawben_rel_max <=   0.32","ranger",1563,0.96673,0.95842,712,682,0.9579,0.0307,0.0124,2.959,0.0772,0.9846,1.9
"1","expedited_i <= 0.5 & shelter_expenses_by_hh_size <= 5.5","ranger",7235,0.96227,0.95841,3924,3780,0.9633,0.1701,0.102,16.307,0.0772,0.9846,1.9
"1","medical_deductions <= 100.0 & months_since_cert_n <=   2.5 & utilities <=  30.5","ranger",5185,0.96297,0.95841,2731,2622,0.9601,0.118,0.0716,11.349,0.0772,0.9846,1.9
"1","children_i <= 0.500 & elderly_disabled_i <= 0.500 & expedited_i <= 0.500 & rawben_rel_max > 0.967","ranger",7434,0.9622,0.95839,4038,3892,0.9638,0.1751,0.1173,16.781,0.0772,0.9846,1.9
"1","elderly_disabled_i < 1.000 & rawben_rel_max >= 0.787","xgboost",13587,0.96121,0.95839,7065,6792,0.9614,0.3056,0.2156,29.36,0.0772,0.9846,1.9
"1","medical_deductions >   3.500 & months_since_cert_n <=  23.500 & rawben_rel_max <=   0.325 & total_deductions_by_hh_size <= 803.000","ranger",1588,0.96662,0.95838,733,706,0.9632,0.0318,0.0116,3.046,0.0772,0.9846,1.9
"1","cat_elig >   0.5 & count_divisible_by_100 <=   0.5 & shelter_expenses_by_hh_size <= 350.0 & utilities <=  14.5","ranger",10488,0.96158,0.95837,5516,5324,0.9652,0.2395,0.1387,22.923,0.0772,0.9846,1.9
"1","homeless <=   0.5 & shelter_expenses_by_hh_size >  14.5 & shelter_expenses_by_hh_size <= 378.0 & total_deductions_by_hh_size <=   2.5","ranger",2038,0.96565,0.95837,1067,1028,0.9634,0.0462,0.0173,4.434,0.0772,0.9846,1.9
"1","medical_deductions >  12.5 & total_deductions_by_hh_size >   2.8 & total_deductions_by_hh_size <= 162.0","ranger",457,0.97374,0.95837,228,218,0.9561,0.0098,0.0059,0.948,0.0772,0.9846,1.9
"1","months_since_cert_n >= 10.000 & rawben_rel_max <  0.354 & total_deductions_by_hh_size <  9.000 & utilities >= 38.000","xgboost",659,0.97117,0.95837,363,352,0.9697,0.0158,0.0048,1.509,0.0772,0.9846,1.9
"1","elderly_disabled_i >  0.50 & months_since_cert_n <= 10.50 & shelter_expenses_by_hh_size <= 14.50 & unc_rawben_rel_max <=  1.21","ranger",1373,0.96723,0.95836,853,823,0.9648,0.037,0.02,3.545,0.0772,0.9846,1.9
"1","rawben_rel_max >=  0.992 & total_deductions_by_hh_size >=  9.000 & unc_rawben_rel_max >= -0.004 & unc_rawben_rel_max <  1.640","xgboost",6370,0.96248,0.95836,3349,3218,0.9609,0.1448,0.0932,13.918,0.0772,0.9846,1.9
"1","elderly_disabled_i < 1.000 & months_since_cert_n >= 6.000 & rawben_rel_max >= 0.848 & unc_rawben_rel_max < 1.810","xgboost",3078,0.96426,0.95834,1680,1605,0.9554,0.0722,0.064,6.982,0.0772,0.9846,1.9
"1","children_i <   1.000 & medical_deductions < 114.000 & rawben_rel_max >=   0.608 & total_deductions_by_hh_size < 347.000","xgboost",11373,0.9614,0.95832,6041,5814,0.9624,0.2616,0.1568,25.105,0.0772,0.9846,1.9
"1","elderly_disabled_i >   0.5 & shelter_expenses_by_hh_size <= 376.0 & total_deductions_by_hh_size <=   8.8","ranger",4308,0.96332,0.95831,2186,2112,0.9661,0.095,0.0385,9.084,0.0772,0.9846,1.9
"1","medical_deductions < 252 & shelter_expenses_by_hh_size < 322 & utilities <  45","xgboost",13285,0.96116,0.95831,6946,6698,0.9643,0.3013,0.1708,28.866,0.0772,0.9846,1.9
"1","cat_elig >  0.5 & children_i <=  0.5 & expedited_i <=  0.5 & total_deductions_by_hh_size <= 55.9","ranger",9222,0.96172,0.9583,4965,4759,0.9585,0.2141,0.1191,20.633,0.0772,0.9846,1.9
"1","expedited_i > 0.500 & homeless <= 0.500 & rawben_rel_max > 0.991","ranger",4356,0.96327,0.95829,2222,2128,0.9577,0.0957,0.0752,9.234,0.0772,0.9846,1.9
"1","medical_deductions <    5.000 & rawben_rel_max >=    0.896 & shelter_expenses_by_hh_size < 1270.000 & utilities >=  789.000","xgboost",1451,0.96692,0.95829,1070,1018,0.9514,0.0458,0.034,4.447,0.0772,0.9846,1.9
"1","children_i <   1 & medical_deductions <  23 & total_deductions_by_hh_size < 178","xgboost",18152,0.96072,0.95828,9465,9075,0.9588,0.4083,0.2258,39.334,0.0772,0.9846,1.9
"1","cat_elig > 0.5 & cat_elig <= 1.5 & elderly_disabled_i > 0.5 & total_deductions_by_hh_size <= 7.8","ranger",3202,0.96408,0.95827,2178,2112,0.9697,0.095,0.0337,9.051,0.0772,0.9846,1.8
"1","elderly_disabled_i <   1.000 & rawben_rel_max >=   0.347 & utilities < 277.000","xgboost",10335,0.96149,0.95825,5401,5209,0.9645,0.2343,0.1407,22.445,0.0772,0.9846,1.8
"1","elderly_disabled_i >   0.5 & medical_deductions <=   0.5 & shelter_expenses_by_hh_size <= 376.0 & total_deductions_by_hh_size <=   8.8","ranger",4300,0.96326,0.95824,2184,2111,0.9666,0.095,0.0381,9.076,0.0772,0.9846,1.8
"1","married <=   0.500 & rawben_rel_max <=   0.085 & total_deductions_by_hh_size >   8.900 & total_deductions_by_hh_size <= 397.000","ranger",2396,0.96494,0.95822,1111,1070,0.9631,0.0481,0.0276,4.617,0.0772,0.9846,1.8
"1","cat_elig <= 0.500 & elderly_disabled_i > 0.500 & unc_rawben_rel_max <= 0.268","ranger",934,0.96895,0.95818,455,448,0.9846,0.0202,0.0029,1.891,0.0772,0.9846,1.8
"1","children_i <  1.000 & expedited_i >=  1.000 & months_since_cert_n < 14.000 & rawben_rel_max >=  0.712","xgboost",5990,0.96244,0.95818,3002,2880,0.9594,0.1296,0.0928,12.476,0.0772,0.9846,1.8
"1","medical_deductions > 168.000 & months_since_cert_n <=   5.500 & total_deductions_by_hh_size > 191.000 & unc_rawben_rel_max >   0.991","ranger",62,1,0.95818,33,28,0.8485,0.0013,0.0043,0.137,0.0772,0.9846,1.8
"1","cat_elig >  0.500 & expedited_i <=  0.500 & rawben_rel_max >  0.991 & utilities <= 12.500","ranger",4953,0.96285,0.95817,2752,2644,0.9608,0.1189,0.0842,11.437,0.0772,0.9846,1.8
"1","elderly_disabled_i <   1 & shelter_expenses_by_hh_size < 400","xgboost",10413,0.96139,0.95817,5463,5265,0.9638,0.2369,0.1474,22.703,0.0772,0.9846,1.8
"1","children_i <   1.000 & medical_deductions <  23.000 & rawben_rel_max >=   0.251 & total_deductions_by_hh_size < 178.000","xgboost",13314,0.96102,0.95816,7119,6833,0.9598,0.3074,0.1758,29.585,0.0772,0.9846,1.8
"1","cat_elig >  0.5 & homeless <=  0.5 & married <=  0.5 & shelter_expenses_by_hh_size <= 14.5","ranger",6814,0.96214,0.95815,3677,3544,0.9638,0.1594,0.1,15.281,0.0772,0.9846,1.8
"1","cat_elig <    2 & shelter_expenses_by_hh_size < 1800 & utilities >=  850 & utilities <  992","xgboost",1737,0.96603,0.95813,1228,1161,0.9454,0.0522,0.0404,5.103,0.0772,0.9846,1.8
"1","cat_elig > 0.500 & married <= 0.500 & months_since_cert_n <= 5.500 & rawben_rel_max > 0.991","ranger",9634,0.96149,0.95813,4958,4774,0.9629,0.2148,0.1406,20.604,0.0772,0.9846,1.8
"1","cat_elig >=   2 & months_since_cert_n <   3 & total_deductions_by_hh_size < 205 & utilities < 534","xgboost",1895,0.9657,0.95813,153,151,0.9869,0.0068,0.0014,0.636,0.0772,0.9846,1.8
"1","children_i <= 0.50 & percent_abawd > 0.75 & unc_rawben_rel_max > 0.97","ranger",4111,0.96327,0.95813,2287,2203,0.9633,0.0991,0.0692,9.504,0.0772,0.9846,1.8
"1","expedited_i <= 0.50 & percent_abawd > 0.25 & total_deductions_by_hh_size <= 7.80","ranger",1392,0.96695,0.95812,890,863,0.9697,0.0388,0.0219,3.699,0.0772,0.9846,1.8
"1","cat_elig >   0.500 & elderly_disabled_i <=   0.500 & medical_deductions <= 105.000 & unc_rawben_rel_max >   0.943","ranger",11019,0.96125,0.95811,5740,5520,0.9617,0.2483,0.1831,23.854,0.0772,0.9846,1.8
"1","percent_abawd > 0.750 & rawben_rel_max > 0.991","ranger",4108,0.96324,0.9581,2304,2218,0.9627,0.0998,0.0704,9.575,0.0772,0.9846,1.8
"1","homeless <= 0.500 & months_since_cert_n <= 5.500 & rawben_rel_max > 0.991","ranger",9202,0.96153,0.95809,4810,4628,0.9622,0.2082,0.1387,19.989,0.0772,0.9846,1.8
"1","homeless <= 0.500 & months_since_cert_n <= 5.500 & unc_rawben_rel_max > 0.995","ranger",9176,0.96153,0.95809,4791,4611,0.9624,0.2074,0.1375,19.91,0.0772,0.9846,1.8
"1","married <= 0.50 & total_deductions_by_hh_size <= 7.80 & unc_rawben_rel_max <= 1.02","ranger",4412,0.96306,0.95809,2211,2141,0.9683,0.0963,0.0343,9.188,0.0772,0.9846,1.8
"1","months_since_cert_n >=    9 & shelter_expenses_by_hh_size < 1800 & total_deductions_by_hh_size >=  591 & utilities >=  875","xgboost",1014,0.96844,0.95809,690,663,0.9609,0.0298,0.0155,2.867,0.0772,0.9846,1.8
"1","cat_elig < 1.00 & months_since_cert_n < 9.00 & unc_rawben_rel_max < 1.86","xgboost",3391,0.96373,0.95807,1698,1635,0.9629,0.0736,0.0309,7.056,0.0772,0.9846,1.8
"1","elderly_disabled_i <=   0.5 & expedited_i >   0.5 & total_deductions_by_hh_size <= 996.0","ranger",5395,0.96256,0.95807,2647,2545,0.9615,0.1145,0.0832,11,0.0772,0.9846,1.8
"1","total_deductions_by_hh_size < 333 & utilities <  34","xgboost",14544,0.96081,0.95807,7617,7340,0.9636,0.3302,0.1805,31.654,0.0772,0.9846,1.8
"1","shelter_expenses_by_hh_size >= 29 & total_deductions_by_hh_size < 92 & utilities < 30","xgboost",1576,0.96637,0.95806,884,858,0.9706,0.0386,0.0117,3.674,0.0772,0.9846,1.8
"1","unc_rawben_rel_max >= 1.01 & unc_rawben_rel_max < 1.99","xgboost",17785,0.96053,0.95806,9280,8907,0.9598,0.4007,0.2894,38.565,0.0772,0.9846,1.8
"1","expedited_i <=  0.5 & shelter_expenses_by_hh_size <= 18.5","ranger",7248,0.96192,0.95805,3934,3790,0.9634,0.1705,0.102,16.349,0.0772,0.9846,1.8
"1","cat_elig > 0.50 & count_divisible_by_100 <= 1.50 & months_since_cert_n <= 5.50 & unc_rawben_rel_max > 1.01","ranger",9584,0.96139,0.95802,4908,4729,0.9635,0.2127,0.1383,20.396,0.0772,0.9846,1.8
"1","children_i <=  0.500 & months_since_cert_n <= 10.500 & rawben_rel_max >  0.993","ranger",15166,0.9607,0.95802,7924,7597,0.9587,0.3418,0.2486,32.93,0.0772,0.9846,1.8
"1","percent_abawd > 0.750 & unc_rawben_rel_max > 0.998","ranger",4100,0.96317,0.95802,2301,2215,0.9626,0.0996,0.0704,9.562,0.0772,0.9846,1.8
"1","count_divisible_by_100 <   1 & shelter_expenses_by_hh_size < 488 & total_deductions_by_hh_size < 154","xgboost",16120,0.96061,0.95801,8396,8067,0.9608,0.3629,0.1965,34.892,0.0772,0.9846,1.8
"1","married <   1.000 & medical_deductions < 265.000 & unc_rawben_rel_max >=   0.972 & utilities < 284.000","xgboost",10918,0.96117,0.95801,5724,5518,0.964,0.2482,0.1605,23.788,0.0772,0.9846,1.8
"1","total_deductions_by_hh_size > 14.500 & unc_rawben_rel_max >  0.991 & unc_rawben_rel_max <=  1.640","ranger",6316,0.96216,0.95801,3322,3191,0.9606,0.1436,0.0932,13.805,0.0772,0.9846,1.8
"1","homeless <=  0.50 & percent_abawd <=  0.75 & shelter_expenses_by_hh_size <= 14.50","ranger",6089,0.96223,0.958,3216,3103,0.9649,0.1396,0.0821,13.365,0.0772,0.9846,1.8
"1","medical_deductions <   3.000 & rawben_rel_max <   0.124 & total_deductions_by_hh_size < 224.000","xgboost",3001,0.96401,0.95799,1426,1379,0.967,0.062,0.0268,5.926,0.0772,0.9846,1.8
"1","children_i <= 0.500 & homeless <= 0.500 & rawben_rel_max > 0.991 & unc_rawben_rel_max <= 1.930","ranger",14260,0.96073,0.95797,7625,7304,0.9579,0.3286,0.2455,31.688,0.0772,0.9846,1.8
"1","months_since_cert_n <   22.00 & shelter_expenses_by_hh_size <  314.00 & total_deductions_by_hh_size < 1780.00 & unc_rawben_rel_max <    1.23","xgboost",13251,0.96083,0.95797,6976,6731,0.9649,0.3028,0.1654,28.991,0.0772,0.9846,1.8
"1","married < 1.000 & rawben_rel_max < 0.084 & unc_rawben_rel_max < 0.000","xgboost",4347,0.96296,0.95796,2014,1927,0.9568,0.0867,0.0643,8.37,0.0772,0.9846,1.8
"1","percent_abawd <= 0.750 & rawben_rel_max > 0.991 & unc_rawben_rel_max <= 1.930","ranger",13937,0.96075,0.95796,7111,6815,0.9584,0.3066,0.2242,29.552,0.0772,0.9846,1.8
"1","rawben_rel_max >=  0.08 & shelter_expenses_by_hh_size >= 29.00 & total_deductions_by_hh_size < 92.00 & utilities < 30.00","xgboost",1360,0.96691,0.95796,884,858,0.9706,0.0386,0.0117,3.674,0.0772,0.9846,1.8
"1","months_since_cert_n >=   14.000 & months_since_cert_n <   20.000 & rawben_rel_max <    0.084 & shelter_expenses_by_hh_size < 1210.000","xgboost",423,0.974,0.95794,217,211,0.9724,0.0095,0.0034,0.902,0.0772,0.9846,1.8
"1","percent_abawd > 0.75 & unc_rawben_rel_max > 0.97","ranger",4142,0.96306,0.95793,2322,2235,0.9625,0.1005,0.071,9.65,0.0772,0.9846,1.8
"1","cat_elig >   1.500 & elderly_disabled_i <=   0.500 & rawben_rel_max >   0.579 & total_deductions_by_hh_size <= 172.000","ranger",3634,0.9634,0.95792,331,326,0.9849,0.0147,0.0041,1.376,0.0772,0.9846,1.8
"1","married <= 0.500 & rawben_rel_max <= 0.947 & total_deductions_by_hh_size <= 8.800","ranger",4343,0.96293,0.95792,2168,2094,0.9659,0.0942,0.0357,9.01,0.0772,0.9846,1.8
"1","elderly_disabled_i >    0.500 & rawben_rel_max <=    0.268 & shelter_expenses_by_hh_size <= 1380.000","ranger",8493,0.9615,0.95791,3923,3765,0.9597,0.1694,0.0743,16.303,0.0772,0.9846,1.8
"1","homeless >=  1.00 & unc_rawben_rel_max <  2.22 & utilities < 74.00","xgboost",3403,0.96356,0.9579,1654,1594,0.9637,0.0717,0.0415,6.874,0.0772,0.9846,1.8
"1","shelter_expenses_by_hh_size < 460.00 & unc_rawben_rel_max <   1.99 & utilities <  34.00","xgboost",13870,0.96071,0.9579,7292,7024,0.9632,0.316,0.1828,30.304,0.0772,0.9846,1.8
"1","expedited_i < 1.0 & percent_abawd >= 0.5 & total_deductions_by_hh_size < 4.4","xgboost",1384,0.96676,0.95788,887,860,0.9696,0.0387,0.0219,3.686,0.0772,0.9846,1.8
"1","cat_elig > 1.5000 & months_since_cert_n > 0.5000 & unc_rawben_rel_max <= 0.0842 & utilities > 5.0000","ranger",1410,0.96667,0.95787,85,84,0.9882,0.0038,0.001,0.353,0.0772,0.9846,1.8
"1","expedited_i >= 1.0 & homeless >= 1.0 & months_since_cert_n >= 4.0 & percent_abawd < 0.5","xgboost",538,0.97212,0.95787,237,226,0.9536,0.0102,0.009,0.985,0.0772,0.9846,1.8
"1","rawben_rel_max >   0.993 & total_deductions_by_hh_size >  55.500 & utilities > 806.000","ranger",1961,0.96532,0.95786,1373,1315,0.9578,0.0592,0.0434,5.706,0.0772,0.9846,1.8
"1","cat_elig <= 0.5 & children_i <= 0.5 & medical_deductions <= 4.5","ranger",4031,0.96304,0.95783,2086,2015,0.966,0.0907,0.0359,8.669,0.0772,0.9846,1.8
"1","children_i <=   0.5 & shelter_expenses_by_hh_size <= 636.0 & utilities <=  12.5","ranger",13945,0.96063,0.95783,7321,7040,0.9616,0.3167,0.1857,30.424,0.0772,0.9846,1.8
"1","total_deductions_by_hh_size >=   9.00 & unc_rawben_rel_max >=   1.02 & unc_rawben_rel_max <   1.93 & utilities >= 452.00","xgboost",5288,0.96237,0.95782,2737,2633,0.962,0.1185,0.0793,11.374,0.0772,0.9846,1.8
"1","elderly_disabled_i >=  1.000 & months_since_cert_n >=  6.000 & rawben_rel_max <  0.116 & utilities < 30.000","xgboost",678,0.9705,0.9578,323,317,0.9814,0.0143,0.0033,1.342,0.0772,0.9846,1.8
"1","homeless <=  0.5 & total_deductions_by_hh_size <=  2.5 & utilities > 30.5","ranger",1697,0.96582,0.95779,866,830,0.9584,0.0373,0.0163,3.599,0.0772,0.9846,1.8
"1","cat_elig >= 2.000 & count_divisible_by_100 < 1.000 & rawben_rel_max < 0.084","xgboost",1879,0.96541,0.95778,103,103,1,0.0046,0,0.428,0.0772,0.9846,1.8
"1","elderly_disabled_i >=   1.000 & rawben_rel_max <   0.247 & utilities < 580.000","xgboost",6954,0.96175,0.95778,3347,3220,0.9621,0.1449,0.0595,13.909,0.0772,0.9846,1.8
"1","medical_deductions <   5.000 & shelter_expenses_by_hh_size >= 603.000 & unc_rawben_rel_max <  -0.056","xgboost",1248,0.96715,0.95778,638,617,0.9671,0.0278,0.018,2.651,0.0772,0.9846,1.8
"1","months_since_cert_n >=   1.00 & rawben_rel_max <   0.08 & utilities < 875.00","xgboost",2241,0.96475,0.95776,0,0,NA,0,0,0,0.0772,0.9846,1.8
"1","percent_abawd <= 0.500 & rawben_rel_max <= 0.346 & unc_rawben_rel_max <= 0.991 & utilities <= 5.000","ranger",2729,0.96409,0.95776,1396,1346,0.9642,0.0606,0.0288,5.801,0.0772,0.9846,1.8
"1","elderly_disabled_i < 1.00 & percent_abawd >= 1.00 & unc_rawben_rel_max >= 1.18","xgboost",3719,0.96316,0.95774,2085,2006,0.9621,0.0902,0.0663,8.665,0.0772,0.9846,1.8
"1","expedited_i <   1.000 & medical_deductions < 142.000 & rawben_rel_max >=   0.199 & total_deductions_by_hh_size <  59.000","xgboost",8136,0.96141,0.95774,4565,4370,0.9573,0.1966,0.1176,18.971,0.0772,0.9846,1.8
"1","cat_elig <    1.000 & rawben_rel_max >=    0.485 & shelter_expenses_by_hh_size < 1040.000","xgboost",2804,0.96398,0.95773,1446,1383,0.9564,0.0622,0.0331,6.009,0.0772,0.9846,1.8
"1","cat_elig >=   2.0 & months_since_cert_n <   1.0 & unc_rawben_rel_max >=   1.2 & utilities < 596.0","xgboost",450,0.97333,0.95773,33,33,1,0.0015,0,0.137,0.0772,0.9846,1.8
"1","expedited_i >=   1 & months_since_cert_n <  35 & total_deductions_by_hh_size < 486 & utilities < 688","xgboost",5052,0.96239,0.95773,2494,2393,0.9595,0.1077,0.0729,10.364,0.0772,0.9846,1.8
"1","cat_elig <= 0.500 & elderly_disabled_i > 0.500 & percent_abawd <= 0.500 & rawben_rel_max <= 0.303","ranger",1005,0.96816,0.95772,501,493,0.984,0.0222,0.0038,2.082,0.0772,0.9846,1.8
"1","children_i <   1 & medical_deductions >=  23 & total_deductions_by_hh_size < 178","xgboost",536,0.97201,0.95772,263,252,0.9582,0.0113,0.0062,1.093,0.0772,0.9846,1.8
"1","children_i <= 0.500 & count_divisible_by_100 <= 0.500 & elderly_disabled_i > 0.500 & rawben_rel_max <= 0.268","ranger",8529,0.96131,0.95772,3974,3812,0.9592,0.1715,0.0771,16.515,0.0772,0.9846,1.8
"1","cat_elig <= 0.50 & married <= 0.50 & medical_deductions <= 3.50 & unc_rawben_rel_max <= 1.95","ranger",4093,0.96286,0.95769,2129,2051,0.9634,0.0923,0.0402,8.848,0.0772,0.9846,1.8
"1","months_since_cert_n >  5.500 & months_since_cert_n <= 34.500 & unc_rawben_rel_max >  0.991 & unc_rawben_rel_max <=  1.810","ranger",6070,0.96194,0.95769,3269,3109,0.9511,0.1399,0.1233,13.585,0.0772,0.9846,1.8
"1","elderly_disabled_i <= 0.500 & expedited_i <= 0.500 & unc_rawben_rel_max > 0.971 & unc_rawben_rel_max <= 1.960","ranger",7804,0.96143,0.95768,4196,4037,0.9621,0.1816,0.1287,17.438,0.0772,0.9846,1.8
"1","months_since_cert_n <  14.000 & rawben_rel_max <   0.227 & shelter_expenses_by_hh_size >= 297.000 & total_deductions_by_hh_size < 224.000","xgboost",2775,0.96396,0.95768,1308,1259,0.9625,0.0566,0.0266,5.436,0.0772,0.9846,1.8
"1","cat_elig > 0.5 & elderly_disabled_i <= 0.5 & homeless > 0.5 & months_since_cert_n <= 5.5","ranger",1952,0.96516,0.95767,976,950,0.9734,0.0427,0.018,4.056,0.0772,0.9846,1.8
"1","elderly_disabled_i <= 0.50 & homeless <= 0.50 & percent_abawd > 0.75 & utilities <= 9.50","ranger",2365,0.96448,0.95767,1321,1270,0.9614,0.0571,0.0382,5.49,0.0772,0.9846,1.8
"1","elderly_disabled_i >=  1.000 & total_deductions_by_hh_size < 30.000 & unc_rawben_rel_max <  0.883","xgboost",4544,0.96259,0.95767,2273,2183,0.9604,0.0982,0.0376,9.446,0.0772,0.9846,1.8
"1","children_i <= 0.500 & count_divisible_by_100 <= 1.500 & elderly_disabled_i > 0.500 & unc_rawben_rel_max <= 0.266","ranger",8763,0.9612,0.95766,4060,3897,0.9599,0.1753,0.0791,16.872,0.0772,0.9846,1.8
"1","months_since_cert_n <    1.000 & rawben_rel_max >=    0.992 & total_deductions_by_hh_size < 1140.000 & unc_rawben_rel_max <    1.200","xgboost",239,0.97908,0.95765,136,131,0.9632,0.0059,0.0025,0.565,0.0772,0.9846,1.8
"1","cat_elig <   2 & homeless >=   1 & shelter_expenses_by_hh_size < 697","xgboost",2312,0.96453,0.95764,1672,1606,0.9605,0.0723,0.0454,6.948,0.0772,0.9846,1.8
"1","count_divisible_by_100 <= 0.5 & elderly_disabled_i <= 0.5 & expedited_i > 0.5 & married <= 0.5","ranger",5165,0.96225,0.95764,2534,2436,0.9613,0.1096,0.0797,10.531,0.0772,0.9846,1.8
"1","children_i <= 0.500 & elderly_disabled_i > 0.500 & unc_rawben_rel_max <= 0.268","ranger",8805,0.96116,0.95763,4092,3926,0.9594,0.1766,0.0798,17.005,0.0772,0.9846,1.8
"1","expedited_i <= 0.500 & homeless <= 0.500 & rawben_rel_max > 0.239 & shelter_expenses_by_hh_size <= 5.500","ranger",4790,0.96242,0.95763,2746,2640,0.9614,0.1188,0.0764,11.412,0.0772,0.9846,1.8
"1","shelter_expenses_by_hh_size < 1400 & total_deductions_by_hh_size >=  462 & total_deductions_by_hh_size <  792 & utilities >=  850","xgboost",1481,0.96624,0.95763,882,833,0.9444,0.0375,0.0305,3.665,0.0772,0.9846,1.8
"1","cat_elig > 0.50 & months_since_cert_n <= 5.50 & unc_rawben_rel_max > 1.01","ranger",9615,0.961,0.95762,4919,4739,0.9634,0.2132,0.1385,20.442,0.0772,0.9846,1.8
"1","months_since_cert_n <  24.000 & rawben_rel_max >=   0.428 & shelter_expenses_by_hh_size < 287.000","xgboost",11099,0.96072,0.95757,5858,5661,0.9664,0.2547,0.1414,24.344,0.0772,0.9846,1.8
"1","count_divisible_by_100 <=   1.5 & elderly_disabled_i >   0.5 & shelter_expenses_by_hh_size > 704.0 & total_deductions_by_hh_size <= 296.0","ranger",1055,0.96777,0.95756,588,572,0.9728,0.0257,0.0083,2.444,0.0772,0.9846,1.8
"1","months_since_cert_n >=  5.0000 & months_since_cert_n < 10.0000 & rawben_rel_max <  0.0928 & unc_rawben_rel_max <  0.0760","xgboost",1531,0.96604,0.95756,705,671,0.9518,0.0302,0.023,2.93,0.0772,0.9846,1.8
"1","elderly_disabled_i > 0.500 & married <= 0.500 & unc_rawben_rel_max <= 0.268","ranger",8788,0.96108,0.95755,4088,3923,0.9596,0.1765,0.0789,16.989,0.0772,0.9846,1.8
"1","rawben_rel_max <=   0.0887 & total_deductions_by_hh_size >   2.8000 & total_deductions_by_hh_size <= 377.0000","ranger",2384,0.96435,0.95755,1110,1070,0.964,0.0481,0.0259,4.613,0.0772,0.9846,1.8
"1","cat_elig <  2.000 & months_since_cert_n < 23.000 & rawben_rel_max <  0.192 & unc_rawben_rel_max <  0.000","xgboost",2613,0.96403,0.95754,1804,1722,0.9545,0.0775,0.0602,7.497,0.0772,0.9846,1.8
"1","cat_elig <=  0.50 & rawben_rel_max <=  0.27 & shelter_expenses_by_hh_size > 13.00","ranger",920,0.96848,0.95754,421,414,0.9834,0.0186,0.0024,1.75,0.0772,0.9846,1.8
"1","elderly_disabled_i >=   1.000 & months_since_cert_n >=   5.000 & rawben_rel_max <   0.264 & total_deductions_by_hh_size < 982.000","xgboost",5850,0.96188,0.95754,2813,2698,0.9591,0.1214,0.0548,11.69,0.0772,0.9846,1.8
"1","percent_abawd <= 0.500 & rawben_rel_max <= 0.349 & utilities <= 8.000","ranger",2740,0.96387,0.95753,1404,1351,0.9623,0.0608,0.0306,5.835,0.0772,0.9846,1.8
"1","percent_abawd >  0.75 & total_deductions_by_hh_size >  0.10 & total_deductions_by_hh_size <= 14.50","ranger",61,1,0.95752,28,28,1,0.0013,0,0.116,0.0772,0.9846,1.8
"1","elderly_disabled_i <= 0.500 & expedited_i <= 0.500 & months_since_cert_n <= 4.500 & rawben_rel_max > 0.811","ranger",5050,0.96218,0.95751,2741,2655,0.9686,0.1194,0.0642,11.391,0.0772,0.9846,1.8
"1","cat_elig > 0.500 & months_since_cert_n <= 5.500 & rawben_rel_max > 0.991","ranger",9735,0.96086,0.9575,4998,4813,0.963,0.2165,0.1415,20.77,0.0772,0.9846,1.8
"1","cat_elig > 0.5 & homeless > 0.5 & utilities <= 9.5","ranger",2711,0.96385,0.95748,1308,1263,0.9656,0.0568,0.0324,5.436,0.0772,0.9846,1.8
"1","elderly_disabled_i >    0.500 & rawben_rel_max <=    0.266 & total_deductions_by_hh_size <= 1710.000","ranger",8774,0.96102,0.95748,4066,3903,0.9599,0.1756,0.0791,16.897,0.0772,0.9846,1.8
"1","total_deductions_by_hh_size < 1010.00 & unc_rawben_rel_max >=    1.21 & unc_rawben_rel_max <    1.81 & utilities <  703.00","xgboost",6559,0.96158,0.95748,1255,1174,0.9355,0.0528,0.0663,5.215,0.0772,0.9846,1.8
"1","cat_elig > 0.5 & cat_elig <= 1.5 & expedited_i > 0.5 & utilities <= 9.5","ranger",1917,0.96505,0.95747,1630,1567,0.9613,0.0705,0.0498,6.774,0.0772,0.9846,1.8
"1","elderly_disabled_i >    0.500 & shelter_expenses_by_hh_size <= 2430.000 & unc_rawben_rel_max <=    0.266","ranger",8773,0.96102,0.95747,4065,3902,0.9599,0.1755,0.0791,16.893,0.0772,0.9846,1.8
"1","cat_elig <   1 & count_divisible_by_100 <   1 & months_since_cert_n <  10 & utilities < 886","xgboost",3418,0.96314,0.95746,1754,1689,0.9629,0.076,0.033,7.289,0.0772,0.9846,1.8
"1","elderly_disabled_i > 0.500 & expedited_i <= 0.500 & rawben_rel_max <= 0.277","ranger",8771,0.96101,0.95746,4129,3959,0.9588,0.1781,0.08,17.159,0.0772,0.9846,1.8
"1","elderly_disabled_i >   0.500 & expedited_i <=   0.500 & rawben_rel_max <=   0.303 & total_deductions_by_hh_size <= 443.000","ranger",7983,0.96117,0.95745,3861,3705,0.9596,0.1667,0.0721,16.045,0.0772,0.9846,1.8
"1","months_since_cert_n >= 19.0 & total_deductions_by_hh_size <  4.4 & utilities >= 80.0","xgboost",206,0.98058,0.95745,91,90,0.989,0.004,3e-04,0.378,0.0772,0.9846,1.8
"1","elderly_disabled_i > 0.500 & percent_abawd <= 0.750 & unc_rawben_rel_max <= 0.266","ranger",8741,0.96099,0.95744,4044,3881,0.9597,0.1746,0.0791,16.806,0.0772,0.9846,1.8
"1","months_since_cert_n >   10.50 & shelter_expenses_by_hh_size <= 1140.00 & total_deductions_by_hh_size <=    2.70 & unc_rawben_rel_max <=    1.97","ranger",2121,0.96464,0.95743,1130,1096,0.9699,0.0493,0.0226,4.696,0.0772,0.9846,1.8
"1","cat_elig >=  2.000 & medical_deductions <  5.000 & rawben_rel_max >=  0.811 & utilities < 44.000","xgboost",4167,0.96256,0.95742,367,357,0.9728,0.0161,0.007,1.525,0.0772,0.9846,1.8
"1","elderly_disabled_i >= 1.000 & rawben_rel_max < 0.241 & unc_rawben_rel_max < 0.996","xgboost",8075,0.96111,0.95742,3809,3659,0.9606,0.1646,0.0728,15.829,0.0772,0.9846,1.8
"1","elderly_disabled_i <   1.000 & medical_deductions < 360.000 & rawben_rel_max >=   0.756 & utilities < 992.000","xgboost",13512,0.96026,0.9574,6962,6688,0.9606,0.3009,0.214,28.932,0.0772,0.9846,1.8
"1","cat_elig <= 0.500 & count_divisible_by_100 <= 0.500 & unc_rawben_rel_max <= 0.303","ranger",1024,0.96777,0.95739,515,506,0.9825,0.0228,0.0043,2.14,0.0772,0.9846,1.8
"1","percent_abawd <= 0.500 & rawben_rel_max <= 0.353 & utilities <= 8.000","ranger",2756,0.96372,0.95739,1408,1355,0.9624,0.061,0.0306,5.851,0.0772,0.9846,1.8
"1","cat_elig > 1.500 & count_divisible_by_100 <= 0.500 & homeless > 0.500 & unc_rawben_rel_max > 0.991","ranger",1315,0.96654,0.95738,80,80,1,0.0036,0,0.332,0.0772,0.9846,1.8
"1","homeless <= 0.500 & percent_abawd > 0.750 & rawben_rel_max > 0.998","ranger",3286,0.96318,0.95738,1769,1694,0.9576,0.0762,0.0601,7.352,0.0772,0.9846,1.8
"1","married <   1 & months_since_cert_n <   5 & shelter_expenses_by_hh_size < 484 & utilities < 325","xgboost",8926,0.9609,0.95738,4537,4382,0.9658,0.1971,0.0997,18.855,0.0772,0.9846,1.8
"1","cat_elig <    1.00 & shelter_expenses_by_hh_size < 1200.00 & unc_rawben_rel_max >=    0.52 & unc_rawben_rel_max <    2.52","xgboost",2907,0.96354,0.95737,1521,1459,0.9592,0.0656,0.0327,6.321,0.0772,0.9846,1.8
"1","expedited_i >   0.5 & medical_deductions <= 132.0 & months_since_cert_n <=   5.5","ranger",4835,0.96215,0.95737,2313,2232,0.965,0.1004,0.0614,9.612,0.0772,0.9846,1.8
"1","cat_elig >= 2.000 & months_since_cert_n < 4.000 & percent_abawd >= 0.500 & rawben_rel_max >= 0.811","xgboost",862,0.96868,0.95736,72,71,0.9861,0.0032,3e-04,0.299,0.0772,0.9846,1.8
"1","count_divisible_by_100 < 1.000 & months_since_cert_n < 6.000 & unc_rawben_rel_max >= 0.972","xgboost",11358,0.96047,0.95735,5795,5577,0.9624,0.2509,0.1616,24.083,0.0772,0.9846,1.8
"1","homeless <=  0.50 & percent_abawd <=  0.75 & shelter_expenses_by_hh_size <= 27.50","ranger",6145,0.96159,0.95735,3242,3127,0.9645,0.1407,0.0835,13.473,0.0772,0.9846,1.8
"1","homeless <= 0.500 & medical_deductions <= 0.500 & percent_abawd > 0.750 & rawben_rel_max > 0.998","ranger",3284,0.96315,0.95735,1769,1694,0.9576,0.0762,0.0601,7.352,0.0772,0.9846,1.8
"1","homeless >=  1.0 & months_since_cert_n >=  8.0 & total_deductions_by_hh_size < 22.4 & utilities < 57.0","xgboost",615,0.97073,0.95732,310,304,0.9806,0.0137,0.0054,1.288,0.0772,0.9846,1.8
"1","elderly_disabled_i <   1 & expedited_i >=   1 & utilities < 600","xgboost",5002,0.96202,0.95731,2461,2365,0.961,0.1064,0.0791,10.227,0.0772,0.9846,1.8
"1","married <=  0.500 & months_since_cert_n > 19.500 & rawben_rel_max <=  0.947 & total_deductions_by_hh_size <=  8.800","ranger",587,0.97104,0.95731,284,276,0.9718,0.0124,0.0035,1.18,0.0772,0.9846,1.8
"1","elderly_disabled_i <   1 & shelter_expenses_by_hh_size < 450 & utilities < 415","xgboost",10590,0.96053,0.9573,5566,5362,0.9633,0.2412,0.1512,23.131,0.0772,0.9846,1.8
"1","expedited_i <= 0.500 & married <= 0.500 & rawben_rel_max <= 0.085 & total_deductions_by_hh_size > 7.800","ranger",3405,0.963,0.9573,1575,1508,0.9575,0.0678,0.0477,6.545,0.0772,0.9846,1.8
"1","months_since_cert_n >=  3.000 & rawben_rel_max >=  0.496 & shelter_expenses_by_hh_size < 50.000","xgboost",6383,0.96146,0.9573,3321,3206,0.9654,0.1442,0.0877,13.801,0.0772,0.9846,1.8
"1","elderly_disabled_i <= 0.500 & expedited_i <= 0.500 & rawben_rel_max > 0.998","ranger",7708,0.96108,0.95729,4155,3993,0.961,0.1796,0.1304,17.267,0.0772,0.9846,1.8
"1","medical_deductions < 150.0000 & percent_abawd <   0.5000 & rawben_rel_max <   0.0928 & total_deductions_by_hh_size < 705.0000","xgboost",4627,0.96218,0.95729,2156,2079,0.9643,0.0935,0.0471,8.96,0.0772,0.9846,1.8
"1","cat_elig <= 0.5 & count_divisible_by_100 <= 0.5 & medical_deductions <= 0.5","ranger",3979,0.96255,0.95728,2059,1984,0.9636,0.0893,0.0393,8.557,0.0772,0.9846,1.8
"1","count_divisible_by_100 <= 0.5000 & medical_deductions <= 3.5000 & rawben_rel_max <= 0.0887 & utilities > 5.0000","ranger",2976,0.96337,0.95728,1407,1348,0.9581,0.0606,0.0427,5.847,0.0772,0.9846,1.8
"1","count_divisible_by_100 <= 0.500 & elderly_disabled_i > 0.500 & rawben_rel_max <= 0.268","ranger",8535,0.96087,0.95727,3976,3814,0.9593,0.1716,0.0771,16.523,0.0772,0.9846,1.8
"1","expedited_i >=   1 & months_since_cert_n >=   4 & total_deductions_by_hh_size < 300 & utilities <  29","xgboost",1908,0.96488,0.95727,979,946,0.9663,0.0426,0.026,4.068,0.0772,0.9846,1.8
"1","count_divisible_by_100 <   2.00 & medical_deductions < 403.00 & unc_rawben_rel_max >=   1.21 & unc_rawben_rel_max <   1.86","xgboost",8163,0.96092,0.95724,2170,2060,0.9493,0.0927,0.088,9.018,0.0772,0.9846,1.8
"1","expedited_i <= 0.5 & homeless > 0.5 & months_since_cert_n <= 4.5 & utilities <= 9.5","ranger",1047,0.96753,0.95724,509,493,0.9686,0.0222,0.0111,2.115,0.0772,0.9846,1.8
"1","cat_elig <= 0.5 & elderly_disabled_i <= 0.5 & expedited_i <= 0.5 & percent_abawd > 0.5","ranger",298,0.97651,0.95723,189,185,0.9788,0.0083,0.0016,0.785,0.0772,0.9846,1.8
"1","rawben_rel_max <   0.787 & shelter_expenses_by_hh_size < 528.000 & total_deductions_by_hh_size <   4.400 & unc_rawben_rel_max <   1.900","xgboost",3900,0.96256,0.95723,1957,1893,0.9673,0.0852,0.0306,8.133,0.0772,0.9846,1.8
"1","cat_elig <= 1.500 & elderly_disabled_i > 0.500 & rawben_rel_max <= 0.266","ranger",6101,0.96148,0.95722,3892,3734,0.9594,0.168,0.0763,16.174,0.0772,0.9846,1.8
"1","elderly_disabled_i >  0.500 & months_since_cert_n <= 42.500 & rawben_rel_max <=  0.268","ranger",8794,0.96077,0.95722,4088,3922,0.9594,0.1764,0.0798,16.989,0.0772,0.9846,1.8
"1","cat_elig <   1.000 & rawben_rel_max <   0.357 & utilities < 334.000","xgboost",805,0.96894,0.95721,373,366,0.9812,0.0165,0.0037,1.55,0.0772,0.9846,1.8
"1","months_since_cert_n > 5.500 & percent_abawd <= 1.500 & unc_rawben_rel_max > 0.991 & unc_rawben_rel_max <= 1.800","ranger",6123,0.96146,0.9572,3297,3141,0.9527,0.1413,0.1201,13.702,0.0772,0.9846,1.8
"1","rawben_rel_max < 0.992 & total_deductions_by_hh_size < 4.400","xgboost",4320,0.96227,0.9572,2164,2094,0.9677,0.0942,0.0348,8.993,0.0772,0.9846,1.8
"1","children_i <=   0.5 & homeless <=   0.5 & total_deductions_by_hh_size <= 171.0","ranger",15111,0.9599,0.95719,8002,7654,0.9565,0.3443,0.1954,33.254,0.0772,0.9846,1.8
"1","count_divisible_by_100 <   1 & percent_abawd <   1 & total_deductions_by_hh_size < 159","xgboost",14968,0.95991,0.95719,7567,7249,0.958,0.3261,0.176,31.447,0.0772,0.9846,1.8
"1","elderly_disabled_i > 0.500 & rawben_rel_max <= 0.991 & unc_rawben_rel_max <= 0.264","ranger",8740,0.96076,0.95719,4066,3903,0.9599,0.1756,0.0791,16.897,0.0772,0.9846,1.8
"1","months_since_cert_n >=   2.0000 & rawben_rel_max <   0.0893 & unc_rawben_rel_max <   0.0000 & utilities < 585.0000","xgboost",3171,0.9631,0.95719,1465,1405,0.959,0.0632,0.0428,6.088,0.0772,0.9846,1.8
"1","children_i <= 0.5 & months_since_cert_n <= 5.5 & utilities <= 9.5","ranger",9319,0.96062,0.95717,4853,4668,0.9619,0.21,0.1151,20.168,0.0772,0.9846,1.8
"1","homeless <=   0.5 & married <=   0.5 & total_deductions_by_hh_size <= 322.0 & utilities <=  30.5","ranger",11020,0.96034,0.95717,5925,5703,0.9625,0.2566,0.1426,24.623,0.0772,0.9846,1.8
"1","shelter_expenses_by_hh_size < 676.00 & unc_rawben_rel_max >=   1.18 & utilities < 992.00","xgboost",10778,0.96038,0.95717,5528,5308,0.9602,0.2388,0.1763,22.973,0.0772,0.9846,1.8
"1","cat_elig >  0.500 & rawben_rel_max <=  0.113 & total_deductions_by_hh_size <=  7.800 & utilities <= 56.500","ranger",885,0.96836,0.95716,398,392,0.9849,0.0176,0.0028,1.654,0.0772,0.9846,1.8
"1","months_since_cert_n > 5.500 & rawben_rel_max > 0.991 & unc_rawben_rel_max <= 1.810","ranger",6141,0.96141,0.95716,3313,3153,0.9517,0.1418,0.1233,13.768,0.0772,0.9846,1.8
"1","cat_elig <=   0.5 & elderly_disabled_i >   0.5 & shelter_expenses_by_hh_size <= 738.0 & total_deductions_by_hh_size <= 297.0","ranger",1177,0.96686,0.95715,620,600,0.9677,0.027,0.0096,2.577,0.0772,0.9846,1.8
"1","elderly_disabled_i >=  1.000 & rawben_rel_max <  0.416 & utilities < 42.000","xgboost",3343,0.96291,0.95715,1734,1668,0.9619,0.075,0.0303,7.206,0.0772,0.9846,1.8
"1","months_since_cert_n >=   9.0 & months_since_cert_n <  11.0 & shelter_expenses_by_hh_size < 460.0 & unc_rawben_rel_max >=   1.2","xgboost",695,0.96978,0.95715,385,370,0.961,0.0166,0.0128,1.6,0.0772,0.9846,1.8
"1","rawben_rel_max > 0.991 & shelter_expenses_by_hh_size > 5.500 & unc_rawben_rel_max <= 1.630","ranger",5943,0.96147,0.95715,3150,3023,0.9597,0.136,0.0894,13.091,0.0772,0.9846,1.8
"1","cat_elig <   2.000 & shelter_expenses_by_hh_size < 800.000 & unc_rawben_rel_max <  -0.639","xgboost",267,0.97753,0.95714,184,178,0.9674,0.008,0.0052,0.765,0.0772,0.9846,1.8
"1","elderly_disabled_i >=  1.000 & rawben_rel_max <  0.712 & total_deductions_by_hh_size < 22.400","xgboost",4337,0.96219,0.95713,2194,2108,0.9608,0.0948,0.0356,9.118,0.0772,0.9846,1.8
"1","medical_deductions >= 114.00 & medical_deductions < 174.00 & months_since_cert_n >=   1.00 & rawben_rel_max <   0.38","xgboost",1150,0.96696,0.95713,554,520,0.9386,0.0234,0.0124,2.302,0.0772,0.9846,1.8
"1","cat_elig >  0.5 & homeless <=  0.5 & shelter_expenses_by_hh_size <= 14.5","ranger",6846,0.96115,0.95712,3689,3554,0.9634,0.1599,0.1023,15.331,0.0772,0.9846,1.8
"1","total_deductions_by_hh_size <= 7.6 & utilities > 5.0","ranger",1978,0.96461,0.95712,980,940,0.9592,0.0423,0.0185,4.073,0.0772,0.9846,1.8
"1","months_since_cert_n <  27.000 & rawben_rel_max >=   0.992 & total_deductions_by_hh_size < 687.000 & unc_rawben_rel_max <   1.930","xgboost",14091,0.9599,0.9571,7309,7006,0.9585,0.3152,0.2415,30.374,0.0772,0.9846,1.8
"1","cat_elig <  1.000 & months_since_cert_n < 11.000 & percent_abawd <  0.500 & rawben_rel_max >=  0.568","xgboost",2206,0.96419,0.95709,1115,1076,0.965,0.0484,0.0224,4.634,0.0772,0.9846,1.8
"1","children_i <= 0.500 & percent_abawd <= 0.250 & rawben_rel_max <= 0.085 & total_deductions_by_hh_size > 7.800","ranger",3338,0.96285,0.95708,1538,1474,0.9584,0.0663,0.0461,6.392,0.0772,0.9846,1.8
"1","cat_elig <=  0.500 & months_since_cert_n <=  5.500 & rawben_rel_max >  0.991 & shelter_expenses_by_hh_size > 14.500","ranger",443,0.97291,0.95707,230,225,0.9783,0.0101,0.0039,0.956,0.0772,0.9846,1.8
"1","months_since_cert_n >    5.500 & rawben_rel_max <=    0.277 & shelter_expenses_by_hh_size <= 1720.000 & utilities <=  321.000","ranger",2635,0.96357,0.95707,1169,1119,0.9572,0.0503,0.0266,4.858,0.0772,0.9846,1.8
"1","children_i <   1 & shelter_expenses_by_hh_size < 469 & total_deductions_by_hh_size < 281 & utilities < 339","xgboost",15640,0.95972,0.95705,7991,7702,0.9638,0.3465,0.1795,33.209,0.0772,0.9846,1.8
"1","count_divisible_by_100 <=   1.5 & elderly_disabled_i >   0.5 & total_deductions_by_hh_size <= 137.0 & utilities <=  30.5","ranger",4080,0.96225,0.95703,2172,2098,0.9659,0.0944,0.0427,9.026,0.0772,0.9846,1.8
"1","count_divisible_by_100 <= 0.5 & elderly_disabled_i <= 0.5 & expedited_i > 0.5","ranger",5190,0.96166,0.95703,2551,2452,0.9612,0.1103,0.0806,10.601,0.0772,0.9846,1.8
"1","rawben_rel_max <   0.264 & shelter_expenses_by_hh_size < 430.000 & total_deductions_by_hh_size < 650.000 & utilities <  32.000","xgboost",2203,0.96414,0.95703,1006,968,0.9622,0.0435,0.0255,4.181,0.0772,0.9846,1.8
"1","cat_elig <   2 & shelter_expenses_by_hh_size >= 669 & total_deductions_by_hh_size < 256","xgboost",583,0.97084,0.95702,534,518,0.97,0.0233,0.0092,2.219,0.0772,0.9846,1.8
"1","medical_deductions >=  6.0000 & months_since_cert_n >= 11.0000 & rawben_rel_max <  0.0893","xgboost",385,0.97403,0.95702,159,157,0.9874,0.0071,0.0017,0.661,0.0772,0.9846,1.8
"1","elderly_disabled_i >   0.5 & total_deductions_by_hh_size <=   8.9 & utilities <= 130.0","ranger",4126,0.96219,0.957,2095,2028,0.968,0.0912,0.0359,8.706,0.0772,0.9846,1.8
"1","months_since_cert_n <  33.000 & rawben_rel_max <   0.261 & shelter_expenses_by_hh_size >= 228.000 & utilities <  54.000","xgboost",1845,0.96477,0.957,910,872,0.9582,0.0392,0.0192,3.782,0.0772,0.9846,1.8
"1","months_since_cert_n <  11.00 & rawben_rel_max <   0.21 & shelter_expenses_by_hh_size < 454.00 & total_deductions_by_hh_size <  34.00","xgboost",1665,0.96517,0.95699,748,721,0.9639,0.0324,0.0139,3.109,0.0772,0.9846,1.8
"1","elderly_disabled_i <=  0.5 & homeless >  0.5 & months_since_cert_n >  5.5 & total_deductions_by_hh_size <= 18.5","ranger",665,0.96992,0.95698,318,311,0.978,0.014,0.0071,1.322,0.0772,0.9846,1.8
"1","cat_elig >=  1.0 & children_i <  1.0 & total_deductions_by_hh_size <  4.4 & utilities >= 54.0","xgboost",1093,0.96706,0.95697,534,514,0.9625,0.0231,0.0107,2.219,0.0772,0.9846,1.8
"1","total_deductions_by_hh_size < 803.00 & unc_rawben_rel_max >=   1.05 & unc_rawben_rel_max <   1.93","xgboost",14580,0.95974,0.95697,7506,7190,0.9579,0.3235,0.2486,31.193,0.0772,0.9846,1.8
"1","homeless <   1.0 & percent_abawd >=   0.5 & shelter_expenses_by_hh_size < 430.0 & total_deductions_by_hh_size < 411.0","xgboost",2501,0.96361,0.95694,1418,1368,0.9647,0.0615,0.0369,5.893,0.0772,0.9846,1.8
"1","medical_deductions <=  1.000 & rawben_rel_max <=  0.085 & utilities > 26.500","ranger",3026,0.96299,0.95692,1447,1386,0.9578,0.0624,0.0451,6.013,0.0772,0.9846,1.8
"1","elderly_disabled_i <= 0.5 & expedited_i > 0.5 & married <= 0.5","ranger",5394,0.96144,0.95689,2639,2532,0.9595,0.1139,0.0871,10.967,0.0772,0.9846,1.8
"1","unc_rawben_rel_max <    0 & utilities < 1010","xgboost",4338,0.96196,0.95689,1990,1903,0.9563,0.0856,0.0643,8.27,0.0772,0.9846,1.8
"1","cat_elig <   2 & shelter_expenses_by_hh_size >= 464 & total_deductions_by_hh_size < 170 & utilities < 511","xgboost",1481,0.96556,0.95688,950,898,0.9453,0.0404,0.0256,3.948,0.0772,0.9846,1.8
"1","expedited_i <=  0.50000 & rawben_rel_max <=  0.26600 & total_deductions_by_hh_size <=  7.60000 & unc_rawben_rel_max > -0.00915","ranger",2043,0.96427,0.95688,918,884,0.963,0.0398,0.0176,3.815,0.0772,0.9846,1.8
"1","homeless <= 0.500 & married <= 0.500 & rawben_rel_max > 0.991 & unc_rawben_rel_max <= 1.930","ranger",14591,0.95963,0.95687,7771,7432,0.9564,0.3344,0.26,32.294,0.0772,0.9846,1.8
"1","total_deductions_by_hh_size >= 486 & total_deductions_by_hh_size < 792 & utilities >= 875","xgboost",1143,0.96675,0.95687,637,597,0.9372,0.0269,0.0232,2.647,0.0772,0.9846,1.8
"1","cat_elig > 1.5 & expedited_i > 0.5 & utilities <= 9.5","ranger",1737,0.96488,0.95686,148,142,0.9595,0.0064,0.0039,0.615,0.0772,0.9846,1.8
"1","expedited_i <   1.000 & rawben_rel_max <   0.268 & utilities >= 417.000 & utilities < 493.000","xgboost",1169,0.96664,0.95686,413,402,0.9734,0.0181,0.0038,1.716,0.0772,0.9846,1.8
"1","months_since_cert_n < 10.000 & unc_rawben_rel_max >=  0.996","xgboost",14873,0.95959,0.95685,7728,7405,0.9582,0.3331,0.2473,32.116,0.0772,0.9846,1.8
"1","months_since_cert_n >=    7 & shelter_expenses_by_hh_size >= 1580 & total_deductions_by_hh_size < 1380 & utilities >= 1010","xgboost",60,1,0.95685,49,46,0.9388,0.0021,0.0013,0.204,0.0772,0.9846,1.8
"1","cat_elig >=   2.000 & rawben_rel_max >=   0.814 & total_deductions_by_hh_size < 500.000 & unc_rawben_rel_max >=  -1.170","xgboost",4505,0.96182,0.95684,415,405,0.9759,0.0182,0.0063,1.725,0.0772,0.9846,1.8
"1","expedited_i < 1.000 & homeless < 1.000 & rawben_rel_max < 0.188","xgboost",6752,0.9609,0.95683,3109,2983,0.9595,0.1342,0.0741,12.92,0.0772,0.9846,1.8
"1","medical_deductions <= 614.00 & months_since_cert_n >   5.50 & unc_rawben_rel_max >   1.00 & unc_rawben_rel_max <=   1.82","ranger",6046,0.96113,0.95683,3267,3108,0.9513,0.1398,0.1237,13.577,0.0772,0.9846,1.8
"1","cat_elig <=   0.50 & medical_deductions <= 108.00 & unc_rawben_rel_max <=   2.15","ranger",4232,0.96196,0.95682,2197,2115,0.9627,0.0952,0.0415,9.13,0.0772,0.9846,1.8
"1","cat_elig > 0.500 & months_since_cert_n > 0.500 & months_since_cert_n <= 5.500 & rawben_rel_max > 0.991","ranger",8388,0.96042,0.95677,4333,4171,0.9626,0.1876,0.1236,18.007,0.0772,0.9846,1.8
"1","cat_elig <   2.000 & expedited_i <   1.000 & total_deductions_by_hh_size < 174.000 & unc_rawben_rel_max <   0.271","xgboost",4079,0.962,0.95676,2477,2362,0.9536,0.1063,0.0537,10.294,0.0772,0.9846,1.8
"1","cat_elig > 0.500 & medical_deductions <= 3.500 & months_since_cert_n <= 6.500 & unc_rawben_rel_max > 0.998","ranger",10362,0.96005,0.95676,5342,5135,0.9613,0.231,0.1574,22.2,0.0772,0.9846,1.8
"1","elderly_disabled_i < 1.000 & expedited_i < 1.000 & rawben_rel_max >= 0.988","xgboost",7781,0.96054,0.95675,4187,4023,0.9608,0.181,0.1317,17.4,0.0772,0.9846,1.8
"1","medical_deductions <= 10.500 & total_deductions_by_hh_size <= 47.900 & unc_rawben_rel_max <=  0.435","ranger",4496,0.96174,0.95675,2327,2217,0.9527,0.0997,0.0501,9.67,0.0772,0.9846,1.8
"1","months_since_cert_n >=  9.000 & rawben_rel_max <  0.402 & utilities < 30.000","xgboost",1270,0.96614,0.95675,669,643,0.9611,0.0289,0.0145,2.78,0.0772,0.9846,1.8
"1","homeless <= 0.50 & percent_abawd > 0.75 & unc_rawben_rel_max <= 1.96 & utilities <= 7.50","ranger",2389,0.96358,0.95674,1332,1279,0.9602,0.0575,0.0395,5.535,0.0772,0.9846,1.8
"1","percent_abawd < 0.50 & unc_rawben_rel_max >= 1.01 & unc_rawben_rel_max < 1.99","xgboost",13712,0.9596,0.95674,7001,6711,0.9586,0.3019,0.2211,29.094,0.0772,0.9846,1.8
"1","cat_elig <=  0.500 & unc_rawben_rel_max <=  0.283 & utilities > 14.000","ranger",796,0.96859,0.95673,381,374,0.9816,0.0168,0.0024,1.583,0.0772,0.9846,1.8
"1","expedited_i <  1 & months_since_cert_n >=  7 & months_since_cert_n < 12 & shelter_expenses_by_hh_size < 29","xgboost",1450,0.96552,0.95673,861,822,0.9547,0.037,0.0279,3.578,0.0772,0.9846,1.8
"1","medical_deductions < 333.000 & rawben_rel_max >=   0.504 & unc_rawben_rel_max >=   1.200 & utilities < 302.000","xgboost",9657,0.96013,0.95673,4990,4800,0.9619,0.2159,0.1509,20.737,0.0772,0.9846,1.8
"1","cat_elig <= 0.500 & elderly_disabled_i > 0.500 & rawben_rel_max <= 0.303","ranger",1008,0.96726,0.95672,501,493,0.984,0.0222,0.0038,2.082,0.0772,0.9846,1.8
"1","cat_elig > 0.500 & married <= 0.500 & unc_rawben_rel_max > 0.991 & unc_rawben_rel_max <= 1.930","ranger",15569,0.95941,0.95672,8121,7777,0.9576,0.3499,0.268,33.749,0.0772,0.9846,1.8
"1","homeless <=   0.5 & shelter_expenses_by_hh_size <= 420.0 & utilities <=   8.0","ranger",10013,0.96005,0.95671,5406,5200,0.9619,0.2339,0.1401,22.466,0.0772,0.9846,1.8
"1","months_since_cert_n >   9.50 & rawben_rel_max <=   0.41 & shelter_expenses_by_hh_size <= 872.00 & utilities <=  14.50","ranger",1034,0.96712,0.95671,548,528,0.9635,0.0238,0.0109,2.277,0.0772,0.9846,1.8
"1","months_since_cert_n > 5.500 & rawben_rel_max > 0.381 & total_deductions_by_hh_size <= 3.800","ranger",2886,0.96292,0.95669,1585,1523,0.9609,0.0685,0.0492,6.587,0.0772,0.9846,1.8
"1","unc_rawben_rel_max >   0.991 & unc_rawben_rel_max <=   1.930 & utilities > 428.000","ranger",5832,0.96108,0.95669,3050,2926,0.9593,0.1316,0.0932,12.675,0.0772,0.9846,1.8
"1","elderly_disabled_i > 0.500 & homeless <= 0.500 & percent_abawd <= 1.500 & rawben_rel_max <= 0.264","ranger",8490,0.96031,0.95667,3967,3808,0.9599,0.1713,0.0765,16.486,0.0772,0.9846,1.8
"1","expedited_i <   1.000 & unc_rawben_rel_max <  -0.212 & utilities >= 724.000","xgboost",170,0.98235,0.95666,70,62,0.8857,0.0028,0.0069,0.291,0.0772,0.9846,1.8
"1","medical_deductions > 16.500 & unc_rawben_rel_max <=  0.392 & utilities <= 30.500","ranger",264,0.97727,0.95666,140,134,0.9571,0.006,0.0027,0.582,0.0772,0.9846,1.8
"1","rawben_rel_max <=   0.085 & total_deductions_by_hh_size >   8.900 & total_deductions_by_hh_size <= 397.000","ranger",2410,0.96349,0.95666,1116,1075,0.9633,0.0484,0.0276,4.638,0.0772,0.9846,1.8
"1","expedited_i <= 0.500 & rawben_rel_max <= 0.087 & total_deductions_by_hh_size > 2.800","ranger",3478,0.96233,0.95665,1609,1539,0.9565,0.0692,0.0491,6.687,0.0772,0.9846,1.8
"1","elderly_disabled_i <   1.000 & months_since_cert_n <  18.000 & rawben_rel_max >=   0.649 & utilities < 534.000","xgboost",12057,0.95969,0.95664,6230,5988,0.9612,0.2694,0.1852,25.89,0.0772,0.9846,1.8
"1","elderly_disabled_i <= 0.50 & expedited_i > 0.50 & unc_rawben_rel_max <= 1.96","ranger",5410,0.96118,0.95663,2650,2545,0.9604,0.1145,0.0861,11.013,0.0772,0.9846,1.8
"1","expedited_i >=   1.000 & medical_deductions < 108.000 & rawben_rel_max >=   0.777","xgboost",6333,0.96084,0.95663,3164,3023,0.9554,0.136,0.1096,13.149,0.0772,0.9846,1.8
"1","elderly_disabled_i <= 0.50 & homeless <= 0.50 & unc_rawben_rel_max <= 1.93 & utilities <= 8.00","ranger",6985,0.96063,0.95662,3785,3632,0.9596,0.1634,0.1136,15.73,0.0772,0.9846,1.8
"1","cat_elig <= 0.5 & elderly_disabled_i <= 0.5 & expedited_i <= 0.5 & months_since_cert_n <= 5.5","ranger",1084,0.96679,0.95661,567,548,0.9665,0.0247,0.0095,2.356,0.0772,0.9846,1.8
"1","elderly_disabled_i <= 0.500 & homeless <= 0.500 & married <= 0.500 & unc_rawben_rel_max > 0.823","ranger",10135,0.95994,0.95661,5421,5191,0.9576,0.2335,0.1845,22.528,0.0772,0.9846,1.8
"1","medical_deductions < 132 & months_since_cert_n >=  12 & total_deductions_by_hh_size < 815 & unc_rawben_rel_max <   0","xgboost",847,0.96812,0.95661,446,427,0.9574,0.0192,0.0148,1.853,0.0772,0.9846,1.8
"1","rawben_rel_max <=  0.2660 & total_deductions_by_hh_size <=  8.5000 & unc_rawben_rel_max > -0.0406","ranger",2206,0.96374,0.9566,1002,963,0.9611,0.0433,0.0193,4.164,0.0772,0.9846,1.8
"1","total_deductions_by_hh_size >=  30.00 & unc_rawben_rel_max >=   1.01 & unc_rawben_rel_max <   1.90 & utilities >= 361.00","xgboost",5891,0.96096,0.95659,3388,3241,0.9566,0.1458,0.1119,14.08,0.0772,0.9846,1.8
"1","cat_elig > 0.500 & count_divisible_by_100 <= 0.500 & rawben_rel_max <= 0.976 & total_deductions_by_hh_size <= 2.800","ranger",3767,0.96204,0.95658,1875,1817,0.9691,0.0817,0.0276,7.792,0.0772,0.9846,1.8
"1","cat_elig <    1 & children_i <    1 & months_since_cert_n <   15 & total_deductions_by_hh_size < 1780","xgboost",4036,0.96184,0.95657,2077,2008,0.9668,0.0903,0.0331,8.632,0.0772,0.9846,1.8
"1","cat_elig <=   0.5 & medical_deductions <= 464.0 & utilities <= 409.0","ranger",3545,0.9622,0.95657,1878,1809,0.9633,0.0814,0.0349,7.805,0.0772,0.9846,1.8
"1","elderly_disabled_i <= 0.500 & rawben_rel_max > 0.996 & shelter_expenses_by_hh_size > 5.500 & unc_rawben_rel_max <= 1.820","ranger",2878,0.96282,0.95657,1469,1418,0.9653,0.0638,0.0411,6.105,0.0772,0.9846,1.8
"1","elderly_disabled_i <=   0.5 & expedited_i <=   0.5 & total_deductions_by_hh_size <= 184.0","ranger",5643,0.96101,0.95655,3100,2981,0.9616,0.1341,0.0847,12.883,0.0772,0.9846,1.8
"1","elderly_disabled_i <= 0.500 & expedited_i <= 0.500 & rawben_rel_max > 0.967","ranger",7839,0.96033,0.95654,4215,4051,0.9611,0.1822,0.1317,17.517,0.0772,0.9846,1.8
"1","medical_deductions < 164.00 & shelter_expenses_by_hh_size < 788.00 & total_deductions_by_hh_size < 135.00 & unc_rawben_rel_max >=   0.12","xgboost",14765,0.9593,0.95654,7773,7458,0.9595,0.3355,0.1907,32.303,0.0772,0.9846,1.8
"1","count_divisible_by_100 <= 0.500 & homeless <= 0.500 & percent_abawd > 0.750 & rawben_rel_max > 0.991","ranger",3122,0.96252,0.95652,1679,1613,0.9607,0.0726,0.0524,6.978,0.0772,0.9846,1.8
"1","elderly_disabled_i >    0.5 & shelter_expenses_by_hh_size <= 1100.0 & total_deductions_by_hh_size <=    8.8 & utilities <=  242.0","ranger",4154,0.96172,0.95652,2114,2041,0.9655,0.0918,0.0377,8.785,0.0772,0.9846,1.8
"1","count_divisible_by_100 <  1 & months_since_cert_n >=  5 & months_since_cert_n < 10 & shelter_expenses_by_hh_size < 34","xgboost",2948,0.96269,0.95651,1510,1453,0.9623,0.0654,0.0443,6.275,0.0772,0.9846,1.8
"1","expedited_i >=    1 & shelter_expenses_by_hh_size < 1750 & total_deductions_by_hh_size <  397","xgboost",4860,0.96132,0.9565,2384,2300,0.9648,0.1035,0.0622,9.907,0.0772,0.9846,1.8
"1","cat_elig >=   2.0000 & rawben_rel_max <   0.0893 & shelter_expenses_by_hh_size < 719.0000 & total_deductions_by_hh_size < 809.0000","xgboost",1081,0.9667,0.95649,76,76,1,0.0034,0,0.316,0.0772,0.9846,1.8
"1","cat_elig <=   0.5 & count_divisible_by_100 <=   0.5 & medical_deductions <= 120.0","ranger",4099,0.9617,0.95645,2116,2037,0.9627,0.0916,0.0405,8.794,0.0772,0.9846,1.8
"1","elderly_disabled_i <=  0.5 & homeless <=  0.5 & percent_abawd <=  1.5 & utilities <= 12.5","ranger",6982,0.96047,0.95645,3775,3623,0.9597,0.163,0.1133,15.688,0.0772,0.9846,1.8
"1","married <   1.0000 & rawben_rel_max >=   0.0928 & total_deductions_by_hh_size < 146.0000","xgboost",15115,0.95918,0.95645,7974,7640,0.9581,0.3437,0.1989,33.138,0.0772,0.9846,1.8
"1","cat_elig > 0.500 & elderly_disabled_i > 0.500 & expedited_i <= 0.500 & rawben_rel_max <= 0.272","ranger",7774,0.96025,0.95644,3602,3444,0.9561,0.1549,0.0748,14.969,0.0772,0.9846,1.8
"1","children_i <  1 & total_deductions_by_hh_size <  9 & utilities >= 30","xgboost",1871,0.96419,0.95643,934,893,0.9561,0.0402,0.0183,3.881,0.0772,0.9846,1.8
"1","rawben_rel_max >=   0.992 & total_deductions_by_hh_size < 687.000 & unc_rawben_rel_max <   1.930","xgboost",14256,0.95925,0.95643,7361,7051,0.9579,0.3172,0.2469,30.591,0.0772,0.9846,1.8
"1","cat_elig <= 0.50 & medical_deductions <= 0.50 & unc_rawben_rel_max <= 2.42","ranger",4144,0.96163,0.95641,2146,2067,0.9632,0.093,0.0412,8.918,0.0772,0.9846,1.8
"1","cat_elig >=   1.0 & elderly_disabled_i <   1.0 & percent_abawd <   0.5 & shelter_expenses_by_hh_size < 205.0","xgboost",5430,0.96096,0.9564,2736,2634,0.9627,0.1185,0.0773,11.37,0.0772,0.9846,1.8
"1","children_i <=   0.5 & shelter_expenses_by_hh_size >   5.5 & total_deductions_by_hh_size <= 117.0 & utilities <=   8.0","ranger",1617,0.96475,0.9564,908,879,0.9681,0.0395,0.0135,3.773,0.0772,0.9846,1.8
"1","children_i <   1 & expedited_i >=   1 & utilities < 341","xgboost",5017,0.96113,0.95639,2402,2303,0.9588,0.1036,0.0734,9.982,0.0772,0.9846,1.8
"1","elderly_disabled_i <=  0.5 & homeless <=  0.5 & utilities <= 10.5","ranger",6989,0.96037,0.95635,3790,3637,0.9596,0.1636,0.1136,15.75,0.0772,0.9846,1.8
"1","elderly_disabled_i >   0.50000 & shelter_expenses_by_hh_size <= 288.00000 & unc_rawben_rel_max >  -0.00915 & unc_rawben_rel_max <=   0.26800","ranger",1412,0.9653,0.95635,556,531,0.955,0.0239,0.0121,2.311,0.0772,0.9846,1.8
"1","expedited_i >= 1.000 & rawben_rel_max >= 0.828 & unc_rawben_rel_max >= 0.302","xgboost",6315,0.96057,0.95634,3152,3011,0.9553,0.1355,0.1085,13.099,0.0772,0.9846,1.8
"1","shelter_expenses_by_hh_size < 642.00 & unc_rawben_rel_max <   1.23 & utilities <  41.00","xgboost",14411,0.95913,0.95633,7615,7324,0.9618,0.3295,0.1881,31.646,0.0772,0.9846,1.8
"1","cat_elig <    1 & count_divisible_by_100 <    1 & months_since_cert_n <   19 & total_deductions_by_hh_size < 1020","xgboost",4062,0.9616,0.95632,2113,2030,0.9607,0.0913,0.0401,8.781,0.0772,0.9846,1.8
"1","children_i <=  0.500 & months_since_cert_n <= 10.500 & rawben_rel_max <=  0.976 & total_deductions_by_hh_size <=  2.800","ranger",2886,0.96258,0.95632,1426,1375,0.9642,0.0619,0.0258,5.926,0.0772,0.9846,1.8
"1","elderly_disabled_i < 1 & expedited_i >= 1","xgboost",5420,0.96089,0.95632,2657,2549,0.9594,0.1147,0.088,11.042,0.0772,0.9846,1.8
"1","homeless < 1.000 & months_since_cert_n >= 8.000 & rawben_rel_max >= 0.992 & unc_rawben_rel_max < 1.640","xgboost",3794,0.96178,0.95632,2078,1984,0.9548,0.0893,0.0732,8.636,0.0772,0.9846,1.8
"1","percent_abawd <= 0.250 & rawben_rel_max <= 0.085 & total_deductions_by_hh_size > 7.800","ranger",3353,0.96212,0.95632,1543,1478,0.9579,0.0665,0.0468,6.412,0.0772,0.9846,1.8
"1","children_i <= 0.500 & elderly_disabled_i > 0.500 & homeless > 0.500 & unc_rawben_rel_max <= 0.475","ranger",350,0.97429,0.95631,157,147,0.9363,0.0066,0.005,0.652,0.0772,0.9846,1.8
"1","rawben_rel_max >=  0.992 & shelter_expenses_by_hh_size >= 44.000 & total_deductions_by_hh_size >= 10.000 & unc_rawben_rel_max <  1.810","xgboost",6742,0.9604,0.9563,3514,3360,0.9562,0.1512,0.111,14.603,0.0772,0.9846,1.8
"1","rawben_rel_max >=  1.000 & total_deductions_by_hh_size >=  4.400 & unc_rawben_rel_max >= -0.016 & unc_rawben_rel_max <  1.730","xgboost",6862,0.96036,0.9563,3554,3417,0.9615,0.1537,0.1002,14.77,0.0772,0.9846,1.8
"1","homeless <=   0.5 & medical_deductions >  12.5 & total_deductions_by_hh_size >   2.8 & total_deductions_by_hh_size <= 162.0","ranger",435,0.97241,0.95629,217,209,0.9631,0.0094,0.0044,0.902,0.0772,0.9846,1.8
"1","months_since_cert_n <= 10.500 & rawben_rel_max >  0.991","ranger",15675,0.95898,0.95629,8166,7812,0.9566,0.3514,0.2692,33.936,0.0772,0.9846,1.8
"1","medical_deductions <=  4.5000 & rawben_rel_max <=  0.0887 & utilities > 12.5000","ranger",3080,0.96234,0.95628,1462,1400,0.9576,0.063,0.0454,6.076,0.0772,0.9846,1.8
"1","homeless <=   0.500 & medical_deductions <= 788.000 & rawben_rel_max >   0.991 & unc_rawben_rel_max <=   1.930","ranger",14746,0.95904,0.95627,7839,7496,0.9562,0.3372,0.2631,32.577,0.0772,0.9846,1.8
"1","total_deductions_by_hh_size < 190 & utilities < 850","xgboost",19341,0.95869,0.95627,10035,9604,0.9571,0.4321,0.2504,41.703,0.0772,0.9846,1.8
"1","medical_deductions <= 3.5000 & rawben_rel_max <= 0.0887 & utilities > 5.0000","ranger",3079,0.96233,0.95626,1461,1399,0.9576,0.0629,0.0454,6.072,0.0772,0.9846,1.8
"1","elderly_disabled_i >   0.5 & shelter_expenses_by_hh_size > 704.0 & total_deductions_by_hh_size <= 297.0","ranger",1075,0.96651,0.95625,594,578,0.9731,0.026,0.0083,2.469,0.0772,0.9846,1.8
"1","expedited_i > 0.500 & unc_rawben_rel_max > 0.813","ranger",6348,0.96046,0.95624,3164,3021,0.9548,0.1359,0.1098,13.149,0.0772,0.9846,1.8
"1","cat_elig >   0.5 & months_since_cert_n <=  10.5 & total_deductions_by_hh_size <= 170.0","ranger",12742,0.95919,0.95621,6587,6316,0.9589,0.2841,0.1677,27.374,0.0772,0.9846,1.8
"1","homeless <=   0.5 & total_deductions_by_hh_size <= 322.0 & utilities <=  30.5","ranger",11062,0.95941,0.95621,5943,5718,0.9621,0.2572,0.1459,24.698,0.0772,0.9846,1.8
"1","shelter_expenses_by_hh_size >= 930.000 & total_deductions_by_hh_size < 372.000 & unc_rawben_rel_max <  -0.004","xgboost",291,0.97595,0.95621,166,165,0.994,0.0074,8e-04,0.69,0.0772,0.9846,1.8
"1","months_since_cert_n >=  14.00 & rawben_rel_max <   0.24 & total_deductions_by_hh_size < 130.00","xgboost",1048,0.9666,0.9562,533,504,0.9456,0.0227,0.0115,2.215,0.0772,0.9846,1.8
"1","elderly_disabled_i > 0.500 & homeless > 0.500 & unc_rawben_rel_max <= 0.472","ranger",349,0.97421,0.95619,156,146,0.9359,0.0066,0.005,0.648,0.0772,0.9846,1.8
"1","cat_elig <   1.00 & medical_deductions < 116.00 & unc_rawben_rel_max <   1.99","xgboost",4243,0.96135,0.95618,2200,2118,0.9627,0.0953,0.0415,9.143,0.0772,0.9846,1.8
"1","cat_elig <= 0.500 & rawben_rel_max <= 0.316 & unc_rawben_rel_max <= 2.150","ranger",1099,0.96633,0.95618,542,533,0.9834,0.024,0.0043,2.252,0.0772,0.9846,1.8
"1","elderly_disabled_i >=    1.000 & rawben_rel_max >=    0.992 & shelter_expenses_by_hh_size >= 1000.000 & unc_rawben_rel_max <    2.520","xgboost",3195,0.96213,0.95617,1829,1754,0.959,0.0789,0.0503,7.601,0.0772,0.9846,1.8
"1","cat_elig > 0.500 & count_divisible_by_100 <= 1.500 & rawben_rel_max > 0.991 & unc_rawben_rel_max <= 1.930","ranger",15676,0.95885,0.95616,8166,7821,0.9578,0.3519,0.2688,33.936,0.0772,0.9846,1.8
"1","homeless <= 0.500 & rawben_rel_max > 0.991 & unc_rawben_rel_max <= 1.930","ranger",14756,0.95893,0.95616,7846,7503,0.9563,0.3375,0.2631,32.606,0.0772,0.9846,1.8
"1","months_since_cert_n >=  4.00 & percent_abawd <  0.50 & shelter_expenses_by_hh_size < 29.00 & unc_rawben_rel_max <  1.33","xgboost",4508,0.96118,0.95616,2263,2184,0.9651,0.0983,0.0556,9.404,0.0772,0.9846,1.8
"1","elderly_disabled_i >    0.500 & rawben_rel_max <=    0.991 & total_deductions_by_hh_size <= 1120.000 & unc_rawben_rel_max <=    0.279","ranger",8982,0.9597,0.95614,4254,4078,0.9586,0.1835,0.0832,17.679,0.0772,0.9846,1.8
"1","expedited_i <=  0.5000 & total_deductions_by_hh_size <= 56.7000 & unc_rawben_rel_max > -0.0389","ranger",9362,0.95962,0.95614,5118,4894,0.9562,0.2202,0.1326,21.269,0.0772,0.9846,1.8
"1","married <   1.000 & unc_rawben_rel_max >=  -1.170 & unc_rawben_rel_max <   0.179 & utilities >= 277.000","xgboost",4312,0.96127,0.95614,2026,1943,0.959,0.0874,0.0501,8.42,0.0772,0.9846,1.8
"1","cat_elig > 0.500 & elderly_disabled_i <= 0.500 & rawben_rel_max > 0.804 & unc_rawben_rel_max <= 1.960","ranger",11420,0.95928,0.95613,5936,5695,0.9594,0.2562,0.197,24.669,0.0772,0.9846,1.8
"1","cat_elig <=   0.5 & medical_deductions <= 122.0 & months_since_cert_n <=  25.5","ranger",4189,0.96133,0.95612,2144,2063,0.9622,0.0928,0.0417,8.91,0.0772,0.9846,1.8
"1","married <=  0.500 & months_since_cert_n <= 19.500 & rawben_rel_max <=  0.947 & total_deductions_by_hh_size <=  8.800","ranger",3752,0.96162,0.95612,1882,1816,0.9649,0.0817,0.0322,7.821,0.0772,0.9846,1.8
"1","shelter_expenses_by_hh_size < 460.00 & unc_rawben_rel_max <   1.31 & utilities <  56.00","xgboost",14503,0.95891,0.95611,7687,7400,0.9627,0.3329,0.1879,31.945,0.0772,0.9846,1.8
"1","expedited_i <= 0.5 & homeless <= 0.5 & shelter_expenses_by_hh_size <= 5.5","ranger",5513,0.96064,0.9561,3086,2966,0.9611,0.1334,0.0861,12.825,0.0772,0.9846,1.8
"1","months_since_cert_n >= 2.000 & rawben_rel_max < 0.268 & unc_rawben_rel_max < 0.000","xgboost",3775,0.96159,0.9561,1771,1696,0.9577,0.0763,0.0537,7.36,0.0772,0.9846,1.8
"1","cat_elig <   2 & total_deductions_by_hh_size >= 531 & utilities >= 850 & utilities < 992","xgboost",1681,0.96431,0.95609,1270,1187,0.9346,0.0534,0.0507,5.278,0.0772,0.9846,1.8
"1","months_since_cert_n < 32.00 & rawben_rel_max <  0.08","xgboost",2428,0.96293,0.95609,0,0,NA,0,0,0,0.0772,0.9846,1.8
"1","rawben_rel_max >=    0.992 & shelter_expenses_by_hh_size < 1610.000 & unc_rawben_rel_max <    2.520 & utilities >=  577.000","xgboost",3774,0.96158,0.95609,1972,1893,0.9599,0.0852,0.0569,8.195,0.0772,0.9846,1.8
"1","cat_elig <  1.0 & children_i <  1.0 & months_since_cert_n < 19.0 & unc_rawben_rel_max <  1.9","xgboost",4137,0.96132,0.95608,2176,2096,0.9632,0.0943,0.0367,9.043,0.0772,0.9846,1.8
"1","elderly_disabled_i <= 0.500 & homeless <= 0.500 & unc_rawben_rel_max > 0.823","ranger",10293,0.95939,0.95607,5494,5261,0.9576,0.2367,0.187,22.832,0.0772,0.9846,1.8
"1","months_since_cert_n >=   8.0 & percent_abawd <   0.5 & shelter_expenses_by_hh_size < 254.0 & total_deductions_by_hh_size <   9.0","xgboost",2253,0.96316,0.95606,1187,1147,0.9663,0.0516,0.0267,4.933,0.0772,0.9846,1.8
"1","cat_elig > 0.50 & elderly_disabled_i <= 0.50 & medical_deductions <= 0.50 & unc_rawben_rel_max > 0.83","ranger",11352,0.95921,0.95605,5914,5675,0.9596,0.2553,0.1959,24.577,0.0772,0.9846,1.8
"1","months_since_cert_n <   5.000 & rawben_rel_max >=   0.164 & total_deductions_by_hh_size < 224.000 & unc_rawben_rel_max <   2.520","xgboost",8535,0.9597,0.95605,4432,4278,0.9653,0.1925,0.0936,18.418,0.0772,0.9846,1.8
"1","homeless >=   1 & shelter_expenses_by_hh_size < 678 & utilities < 850","xgboost",3697,0.96159,0.95604,1757,1691,0.9624,0.0761,0.0454,7.302,0.0772,0.9846,1.8
"1","cat_elig > 0.500 & medical_deductions <= 1.500 & unc_rawben_rel_max > 0.991 & unc_rawben_rel_max <= 1.950","ranger",15418,0.95875,0.95603,8055,7712,0.9574,0.3469,0.2658,33.475,0.0772,0.9846,1.8
"1","children_i <=  0.5 & expedited_i <=  0.5 & months_since_cert_n > 10.5 & total_deductions_by_hh_size <=  2.8","ranger",1854,0.96386,0.95603,989,958,0.9687,0.0431,0.0197,4.11,0.0772,0.9846,1.8
"1","married <= 0.5 & months_since_cert_n <= 4.5 & utilities <= 5.0","ranger",8271,0.95974,0.95603,4307,4139,0.961,0.1862,0.1063,17.899,0.0772,0.9846,1.8
"1","cat_elig > 0.500 & cat_elig <= 2.500 & elderly_disabled_i > 0.500 & unc_rawben_rel_max <= 0.268","ranger",7818,0.95984,0.95602,3640,3481,0.9563,0.1566,0.077,15.127,0.0772,0.9846,1.8
"1","elderly_disabled_i <= 0.500 & homeless <= 0.500 & percent_abawd <= 1.500 & rawben_rel_max > 0.817","ranger",10281,0.95934,0.95602,5479,5243,0.9569,0.2359,0.1883,22.769,0.0772,0.9846,1.8
"1","elderly_disabled_i >  0.500 & months_since_cert_n <= 10.500 & rawben_rel_max <=  0.947 & shelter_expenses_by_hh_size <=  5.000","ranger",940,0.96702,0.95602,484,468,0.9669,0.0211,0.0104,2.011,0.0772,0.9846,1.8
"1","cat_elig <=   0.5 & elderly_disabled_i >   0.5 & total_deductions_by_hh_size <=   7.8 & utilities <= 148.0","ranger",376,0.9734,0.95601,213,207,0.9718,0.0093,0.0043,0.885,0.0772,0.9846,1.8
"1","medical_deductions < 156 & months_since_cert_n <  10 & percent_abawd >=   1 & total_deductions_by_hh_size < 340","xgboost",2890,0.96228,0.95601,1654,1593,0.9631,0.0717,0.0426,6.874,0.0772,0.9846,1.8
"1","cat_elig <   2 & months_since_cert_n <  17 & total_deductions_by_hh_size < 228","xgboost",12447,0.95903,0.956,9049,8663,0.9573,0.3897,0.2283,37.605,0.0772,0.9846,1.8
"1","cat_elig >= 2.000 & rawben_rel_max < 0.084","xgboost",1952,0.96363,0.95599,109,108,0.9908,0.0049,0.001,0.453,0.0772,0.9846,1.8
"1","cat_elig > 0.500 & elderly_disabled_i <= 0.500 & medical_deductions <= 3.500 & rawben_rel_max > 0.823","ranger",11382,0.95915,0.95598,5921,5681,0.9595,0.2556,0.1966,24.606,0.0772,0.9846,1.8
"1","cat_elig >=   1.000 & rawben_rel_max >=   0.988 & shelter_expenses_by_hh_size < 950.000 & utilities < 298.000","xgboost",8970,0.95953,0.95597,4680,4508,0.9632,0.2028,0.137,19.449,0.0772,0.9846,1.8
"1","cat_elig > 0.500 & elderly_disabled_i > 0.500 & unc_rawben_rel_max <= 0.268","ranger",7878,0.95976,0.95596,3640,3481,0.9563,0.1566,0.077,15.127,0.0772,0.9846,1.8
"1","cat_elig >= 1.000 & months_since_cert_n < 7.000 & percent_abawd >= 1.000 & rawben_rel_max >= 0.838","xgboost",2812,0.9623,0.95594,1558,1508,0.9679,0.0678,0.0391,6.475,0.0772,0.9846,1.8
"1","rawben_rel_max >=   0.0928 & total_deductions_by_hh_size < 430.0000 & utilities <  30.0000","xgboost",13436,0.95884,0.95593,7106,6839,0.9624,0.3077,0.1724,29.531,0.0772,0.9846,1.8
"1","cat_elig <   1 & total_deductions_by_hh_size < 281 & utilities >=  52 & utilities < 334","xgboost",514,0.97082,0.95592,235,229,0.9745,0.0103,0.003,0.977,0.0772,0.9846,1.8
"1","elderly_disabled_i >   0.5000 & shelter_expenses_by_hh_size > 274.0000 & total_deductions_by_hh_size <=   8.8000 & unc_rawben_rel_max >  -0.0395","ranger",1067,0.96626,0.95592,578,557,0.9637,0.0251,0.0099,2.402,0.0772,0.9846,1.8
"1","medical_deductions <   3.00 & rawben_rel_max <   0.23 & total_deductions_by_hh_size < 205.00 & utilities >= 361.00","xgboost",1246,0.96549,0.95592,609,589,0.9672,0.0265,0.0122,2.531,0.0772,0.9846,1.8
"1","cat_elig > 0.5 & cat_elig <= 1.5 & homeless > 0.5 & utilities <= 9.5","ranger",1423,0.96486,0.95591,1223,1178,0.9632,0.053,0.0324,5.082,0.0772,0.9846,1.8
"1","children_i <=  0.5 & months_since_cert_n <=  5.5 & utilities <= 30.5","ranger",9618,0.95935,0.9559,4994,4804,0.962,0.2161,0.119,20.754,0.0772,0.9846,1.8
"1","rawben_rel_max >=   0.979 & shelter_expenses_by_hh_size < 853.000 & unc_rawben_rel_max >=   0.772","xgboost",13333,0.95882,0.9559,6814,6544,0.9604,0.2944,0.207,28.317,0.0772,0.9846,1.8
"1","cat_elig <= 0.500 & percent_abawd <= 0.500 & shelter_expenses_by_hh_size > 3.000 & unc_rawben_rel_max <= 0.311","ranger",989,0.96663,0.95589,478,470,0.9833,0.0211,0.0033,1.986,0.0772,0.9846,1.8
"1","rawben_rel_max <    0.557 & shelter_expenses_by_hh_size < 2090.000 & total_deductions_by_hh_size <   92.000 & utilities <   52.000","xgboost",3077,0.96198,0.95589,1641,1583,0.9647,0.0712,0.027,6.82,0.0772,0.9846,1.8
"1","medical_deductions >  3.500 & months_since_cert_n <= 23.500 & rawben_rel_max <=  0.325","ranger",1748,0.96396,0.95588,806,771,0.9566,0.0347,0.014,3.35,0.0772,0.9846,1.7
"1","cat_elig <  3.00 & rawben_rel_max <  0.34 & total_deductions_by_hh_size < 50.00","xgboost",4357,0.96098,0.95586,2255,2155,0.9557,0.0969,0.0445,9.371,0.0772,0.9846,1.7
"1","medical_deductions < 192.000 & months_since_cert_n <   6.000 & unc_rawben_rel_max <  -0.212","xgboost",1014,0.96647,0.95586,433,423,0.9769,0.019,0.0073,1.799,0.0772,0.9846,1.7
"1","months_since_cert_n >=   5 & months_since_cert_n <  16 & total_deductions_by_hh_size < 108","xgboost",6294,0.96012,0.95586,3407,3262,0.9574,0.1468,0.0911,14.159,0.0772,0.9846,1.7
"1","cat_elig <= 0.5 & elderly_disabled_i <= 0.5 & expedited_i <= 0.5 & medical_deductions <= 3.5","ranger",1320,0.96515,0.95585,692,672,0.9711,0.0302,0.0102,2.876,0.0772,0.9846,1.7
"1","homeless <=   0.50 & shelter_expenses_by_hh_size <= 562.00 & unc_rawben_rel_max <=   1.47 & utilities <=   8.00","ranger",10540,0.95911,0.95582,5682,5462,0.9613,0.2457,0.1482,23.613,0.0772,0.9846,1.7
"1","cat_elig > 0.500 & expedited_i > 0.500 & unc_rawben_rel_max > 0.957","ranger",5047,0.96057,0.95581,2514,2402,0.9554,0.1081,0.0885,10.448,0.0772,0.9846,1.7
"1","cat_elig <   1 & total_deductions_by_hh_size < 281 & utilities >=  52","xgboost",779,0.96791,0.95579,401,389,0.9701,0.0175,0.0048,1.666,0.0772,0.9846,1.7
"1","cat_elig >=   1.00 & rawben_rel_max <   0.24 & total_deductions_by_hh_size < 597.00 & utilities >= 298.00","xgboost",3748,0.96131,0.95579,1837,1749,0.9521,0.0787,0.047,7.634,0.0772,0.9846,1.7
"1","cat_elig <=  0.500 & rawben_rel_max <=  0.287 & utilities > 26.000","ranger",805,0.9677,0.95578,388,380,0.9794,0.0171,0.0033,1.612,0.0772,0.9846,1.7
"1","homeless <= 0.500 & unc_rawben_rel_max > 0.991 & unc_rawben_rel_max <= 1.960","ranger",14794,0.95856,0.95578,7864,7517,0.9559,0.3382,0.2655,32.681,0.0772,0.9846,1.7
"1","medical_deductions < 179.000 & months_since_cert_n <   4.000 & rawben_rel_max >=   0.928 & unc_rawben_rel_max >=   0.972","xgboost",8390,0.95948,0.95578,4318,4163,0.9641,0.1873,0.1148,17.945,0.0772,0.9846,1.7
"1","months_since_cert_n <   2.00 & total_deductions_by_hh_size < 248.00 & unc_rawben_rel_max <   1.93 & utilities < 503.00","xgboost",3892,0.9612,0.95578,1961,1893,0.9653,0.0852,0.0414,8.149,0.0772,0.9846,1.7
"1","months_since_cert_n <  16 & shelter_expenses_by_hh_size >= 432 & total_deductions_by_hh_size <  78","xgboost",805,0.9677,0.95578,434,419,0.9654,0.0189,0.0072,1.804,0.0772,0.9846,1.7
"1","expedited_i >=  1.000 & months_since_cert_n < 14.000 & rawben_rel_max >=  0.712","xgboost",6114,0.96009,0.95577,3051,2925,0.9587,0.1316,0.096,12.679,0.0772,0.9846,1.7
"1","percent_abawd <   0.500 & rawben_rel_max <   0.384 & shelter_expenses_by_hh_size < 925.000 & utilities <  29.000","xgboost",2923,0.96203,0.95577,1466,1410,0.9618,0.0634,0.0317,6.092,0.0772,0.9846,1.7
"1","elderly_disabled_i <= 0.500 & homeless <= 0.500 & rawben_rel_max > 0.817","ranger",10310,0.95907,0.95574,5507,5270,0.957,0.2371,0.1892,22.886,0.0772,0.9846,1.7
"1","medical_deductions >  0.500 & months_since_cert_n <= 18.500 & rawben_rel_max <=  0.314","ranger",1593,0.96422,0.95574,740,710,0.9595,0.0319,0.0123,3.075,0.0772,0.9846,1.7
"1","rawben_rel_max <=  0.31200 & shelter_expenses_by_hh_size >  5.50000 & total_deductions_by_hh_size <=  7.50000 & unc_rawben_rel_max > -0.00915","ranger",1618,0.96415,0.95574,864,830,0.9606,0.0373,0.0154,3.591,0.0772,0.9846,1.7
"1","cat_elig >= 2.0000 & rawben_rel_max < 0.0893","xgboost",1965,0.96336,0.95573,112,111,0.9911,0.005,0.001,0.465,0.0772,0.9846,1.7
"1","elderly_disabled_i <   1.000 & rawben_rel_max >=   0.649 & utilities < 534.000","xgboost",12222,0.95876,0.9557,6288,6040,0.9606,0.2717,0.1891,26.131,0.0772,0.9846,1.7
"1","rawben_rel_max >=   0.158 & rawben_rel_max <   0.261 & shelter_expenses_by_hh_size < 376.000 & total_deductions_by_hh_size <  14.000","xgboost",1391,0.96477,0.9557,649,616,0.9492,0.0277,0.0138,2.697,0.0772,0.9846,1.7
"1","cat_elig <=    0.500 & rawben_rel_max <=    0.312 & utilities <= 1050.000","ranger",1087,0.96596,0.95569,536,527,0.9832,0.0237,0.0043,2.227,0.0772,0.9846,1.7
"1","elderly_disabled_i > 0.500 & homeless > 0.500 & percent_abawd <= 0.500 & rawben_rel_max <= 0.475","ranger",345,0.97391,0.95569,155,145,0.9355,0.0065,0.005,0.644,0.0772,0.9846,1.7
"1","medical_deductions >  0.500 & months_since_cert_n <= 18.500 & percent_abawd <=  0.500 & rawben_rel_max <=  0.314","ranger",1591,0.96417,0.95569,739,709,0.9594,0.0319,0.0123,3.071,0.0772,0.9846,1.7
"1","children_i <= 0.500 & elderly_disabled_i > 0.500 & months_since_cert_n <= 5.500 & rawben_rel_max <= 0.264","ranger",3377,0.9615,0.95568,1486,1430,0.9623,0.0643,0.0275,6.175,0.0772,0.9846,1.7
"1","total_deductions_by_hh_size >   8.90000 & total_deductions_by_hh_size <= 484.00000 & unc_rawben_rel_max <=  -0.00915 & utilities <= 360.00000","ranger",907,0.96692,0.95568,348,332,0.954,0.0149,0.0118,1.446,0.0772,0.9846,1.7
"1","cat_elig > 0.500 & rawben_rel_max > 0.991 & unc_rawben_rel_max <= 1.960","ranger",15758,0.95837,0.95567,8204,7852,0.9571,0.3532,0.2735,34.094,0.0772,0.9846,1.7
"1","elderly_disabled_i > 0.500 & married <= 0.500 & rawben_rel_max <= 0.268 & shelter_expenses_by_hh_size > 5.500","ranger",7921,0.95947,0.95567,3704,3551,0.9587,0.1598,0.0712,15.393,0.0772,0.9846,1.7
"1","children_i <   1 & married <   1 & shelter_expenses_by_hh_size < 460 & total_deductions_by_hh_size < 244","xgboost",16451,0.9583,0.95566,8634,8282,0.9592,0.3726,0.2039,35.881,0.0772,0.9846,1.7
"1","expedited_i >   0.500 & rawben_rel_max >   0.991 & total_deductions_by_hh_size >  40.500 & utilities > 754.000","ranger",373,0.97319,0.95566,227,221,0.9736,0.0099,0.0042,0.943,0.0772,0.9846,1.7
"1","elderly_disabled_i >  0.500 & months_since_cert_n >  1.500 & shelter_expenses_by_hh_size > 14.500 & unc_rawben_rel_max <=  0.268","ranger",6998,0.9597,0.95565,3291,3148,0.9565,0.1416,0.0665,13.677,0.0772,0.9846,1.7
"1","expedited_i > 0.5 & months_since_cert_n <= 5.5","ranger",4884,0.96048,0.95564,2330,2244,0.9631,0.101,0.0635,9.683,0.0772,0.9846,1.7
"1","homeless >=  1.000 & months_since_cert_n >= 10.000 & rawben_rel_max >=  0.354 & total_deductions_by_hh_size <  9.000","xgboost",316,0.97468,0.95563,170,167,0.9824,0.0075,0.0023,0.706,0.0772,0.9846,1.7
"1","homeless <=   0.5 & married <=   0.5 & shelter_expenses_by_hh_size <= 216.0","ranger",9486,0.9591,0.95562,5060,4873,0.963,0.2192,0.1311,21.028,0.0772,0.9846,1.7
"1","percent_abawd > 0.75 & utilities <= 8.00","ranger",3107,0.9617,0.95562,1792,1725,0.9626,0.0776,0.0506,7.447,0.0772,0.9846,1.7
"1","cat_elig >  0.5 & children_i <=  0.5 & expedited_i <=  0.5 & shelter_expenses_by_hh_size <= 16.5","ranger",6068,0.95995,0.9556,3296,3173,0.9627,0.1427,0.0867,13.697,0.0772,0.9846,1.7
"1","elderly_disabled_i > 0.500 & married <= 0.500 & months_since_cert_n <= 5.500 & rawben_rel_max <= 0.264","ranger",3371,0.96144,0.9556,1486,1430,0.9623,0.0643,0.0275,6.175,0.0772,0.9846,1.7
"1","children_i <=   0.5 & elderly_disabled_i >   0.5 & medical_deductions >  12.0 & total_deductions_by_hh_size <= 184.0","ranger",564,0.96986,0.95559,279,268,0.9606,0.0121,0.0062,1.159,0.0772,0.9846,1.7
"1","children_i <=  0.50 & elderly_disabled_i >  0.50 & total_deductions_by_hh_size <= 56.60 & unc_rawben_rel_max <=  1.01","ranger",5045,0.96036,0.95559,2620,2500,0.9542,0.1125,0.0515,10.888,0.0772,0.9846,1.7
"1","expedited_i >=   1.0000 & rawben_rel_max >=   0.0928 & shelter_expenses_by_hh_size < 880.0000","xgboost",5592,0.96012,0.95559,2756,2638,0.9572,0.1187,0.0858,11.453,0.0772,0.9846,1.7
"1","months_since_cert_n < 12.00 & percent_abawd <  0.50 & rawben_rel_max <  0.08","xgboost",1687,0.96384,0.95559,0,0,NA,0,0,0,0.0772,0.9846,1.7
"1","children_i <  1.000 & months_since_cert_n < 17.000 & rawben_rel_max >=  0.992 & unc_rawben_rel_max >= -0.904","xgboost",16583,0.95821,0.95558,8757,8378,0.9567,0.3769,0.2879,36.392,0.0772,0.9846,1.7
"1","children_i <= 0.500 & expedited_i <= 0.500 & months_since_cert_n <= 5.500 & rawben_rel_max > 0.991","ranger",6913,0.95964,0.95556,3711,3573,0.9628,0.1607,0.101,15.422,0.0772,0.9846,1.7
"1","cat_elig <= 0.5 & medical_deductions <= 4.5","ranger",4157,0.96079,0.95553,2149,2070,0.9632,0.0931,0.0412,8.931,0.0772,0.9846,1.7
"1","cat_elig <   3 & shelter_expenses_by_hh_size < 254","xgboost",13190,0.95845,0.9555,6962,6706,0.9632,0.3017,0.178,28.932,0.0772,0.9846,1.7
"1","children_i <=  0.500 & elderly_disabled_i >  0.500 & shelter_expenses_by_hh_size > 14.500 & unc_rawben_rel_max <=  0.268","ranger",7937,0.9593,0.9555,3706,3552,0.9584,0.1598,0.0721,15.401,0.0772,0.9846,1.7
"1","cat_elig > 0.500 & elderly_disabled_i <= 0.500 & unc_rawben_rel_max > 0.806","ranger",11438,0.95865,0.95547,5941,5694,0.9584,0.2562,0.2009,24.689,0.0772,0.9846,1.7
"1","expedited_i < 1.000 & months_since_cert_n < 1.000 & rawben_rel_max >= 0.992 & unc_rawben_rel_max < 1.640","xgboost",851,0.9671,0.95547,441,428,0.9705,0.0193,0.0096,1.833,0.0772,0.9846,1.7
"1","cat_elig < 1.000 & months_since_cert_n >= 3.000 & months_since_cert_n < 7.000 & rawben_rel_max >= 0.447","xgboost",1157,0.96543,0.95545,583,557,0.9554,0.0251,0.0141,2.423,0.0772,0.9846,1.7
"1","expedited_i >   0.5 & medical_deductions <= 105.0 & months_since_cert_n >   4.5 & total_deductions_by_hh_size <=   8.9","ranger",1308,0.96483,0.95545,680,661,0.9721,0.0297,0.0175,2.826,0.0772,0.9846,1.7
"1","cat_elig >    0.5 & expedited_i >    0.5 & homeless >    0.5 & shelter_expenses_by_hh_size <= 1060.0","ranger",1383,0.96457,0.95544,651,625,0.9601,0.0281,0.0202,2.705,0.0772,0.9846,1.7
"1","months_since_cert_n <= 4.5 & utilities <= 9.5","ranger",8301,0.95916,0.95544,4316,4146,0.9606,0.1865,0.1075,17.936,0.0772,0.9846,1.7
"1","rawben_rel_max >=   0.11 & shelter_expenses_by_hh_size < 376.00 & total_deductions_by_hh_size < 274.00 & unc_rawben_rel_max <   1.33","xgboost",13565,0.95835,0.95543,7203,6916,0.9602,0.3111,0.1796,29.934,0.0772,0.9846,1.7
"1","elderly_disabled_i >   0.50 & total_deductions_by_hh_size > 297.00 & unc_rawben_rel_max >   1.00 & unc_rawben_rel_max <=   1.79","ranger",3765,0.96096,0.95542,1983,1892,0.9541,0.0851,0.063,8.241,0.0772,0.9846,1.7
"1","count_divisible_by_100 <=   1.5 & months_since_cert_n <=  34.5 & shelter_expenses_by_hh_size <= 676.0 & utilities <=   5.0","ranger",14277,0.95825,0.95541,7448,7149,0.9599,0.3216,0.1987,30.952,0.0772,0.9846,1.7
"1","elderly_disabled_i >   0.500 & medical_deductions > 144.000 & months_since_cert_n <=  11.500 & rawben_rel_max <=   0.314","ranger",508,0.97047,0.95541,251,242,0.9641,0.0109,0.004,1.043,0.0772,0.9846,1.7
"1","cat_elig <   1.0 & months_since_cert_n <   9.0 & total_deductions_by_hh_size < 256.0 & unc_rawben_rel_max <   1.2","xgboost",798,0.96742,0.9554,381,366,0.9606,0.0165,0.0069,1.583,0.0772,0.9846,1.7
"1","expedited_i <=   0.5000 & homeless >   0.5000 & rawben_rel_max >   0.0887 & total_deductions_by_hh_size <= 189.0000","ranger",1803,0.96339,0.9554,875,850,0.9714,0.0382,0.0162,3.636,0.0772,0.9846,1.7
"1","months_since_cert_n >=    3.000 & rawben_rel_max >=    0.137 & rawben_rel_max <    0.188 & total_deductions_by_hh_size < 1100.000","xgboost",798,0.96742,0.9554,351,334,0.9516,0.015,0.0082,1.459,0.0772,0.9846,1.7
"1","shelter_expenses_by_hh_size < 281.00 & unc_rawben_rel_max >=  -1.17","xgboost",13667,0.95829,0.95539,7082,6821,0.9631,0.3069,0.1794,29.431,0.0772,0.9846,1.7
"1","count_divisible_by_100 <  1.000 & rawben_rel_max >=  0.835 & utilities < 56.000","xgboost",10647,0.95867,0.95538,5600,5377,0.9602,0.2419,0.1712,23.272,0.0772,0.9846,1.7
"1","months_since_cert_n <= 5.500 & rawben_rel_max > 0.991 & shelter_expenses_by_hh_size > 5.500 & unc_rawben_rel_max <= 1.690","ranger",3042,0.96154,0.95538,1551,1506,0.971,0.0678,0.0318,6.446,0.0772,0.9846,1.7
"1","cat_elig >   0.5 & homeless <=   0.5 & medical_deductions >  15.5 & total_deductions_by_hh_size <= 172.0","ranger",426,0.97183,0.95537,202,196,0.9703,0.0088,0.003,0.839,0.0772,0.9846,1.7
"1","cat_elig <   1 & medical_deductions < 129 & total_deductions_by_hh_size < 903","xgboost",4189,0.96061,0.95536,2186,2106,0.9634,0.0947,0.0396,9.084,0.0772,0.9846,1.7
"1","total_deductions_by_hh_size < 310.0000 & unc_rawben_rel_max >=   0.0172 & utilities <  52.0000","xgboost",14144,0.95822,0.95536,7525,7231,0.9609,0.3253,0.1834,31.272,0.0772,0.9846,1.7
"1","shelter_expenses_by_hh_size >= 616 & total_deductions_by_hh_size >=  14 & total_deductions_by_hh_size < 194","xgboost",693,0.96825,0.95535,406,393,0.968,0.0177,0.0089,1.687,0.0772,0.9846,1.7
"1","children_i <= 0.500 & expedited_i <= 0.500 & rawben_rel_max > 0.991 & unc_rawben_rel_max <= 1.930","ranger",11774,0.95847,0.95534,6321,6055,0.9579,0.2724,0.2014,26.269,0.0772,0.9846,1.7
"1","married <=   0.5 & months_since_cert_n >   4.5 & total_deductions_by_hh_size <= 262.0 & utilities <=   5.0","ranger",6008,0.95972,0.95534,3181,3053,0.9598,0.1373,0.0834,13.219,0.0772,0.9846,1.7
"1","medical_deductions < 116.000 & rawben_rel_max <   0.084 & unc_rawben_rel_max <   0.168 & utilities < 670.000","xgboost",3876,0.96078,0.95533,1821,1745,0.9583,0.0785,0.0556,7.568,0.0772,0.9846,1.7
"1","medical_deductions < 137.0000 & rawben_rel_max <   0.0893","xgboost",4590,0.96035,0.95533,2231,2138,0.9583,0.0962,0.0682,9.271,0.0772,0.9846,1.7
"1","percent_abawd <=   0.75 & shelter_expenses_by_hh_size <= 558.00 & unc_rawben_rel_max <=   1.93 & utilities <=  28.50","ranger",11052,0.95856,0.95533,5601,5380,0.9605,0.242,0.1441,23.276,0.0772,0.9846,1.7
"1","expedited_i < 1.0 & months_since_cert_n < 1.0 & percent_abawd < 0.5 & total_deductions_by_hh_size < 4.4","xgboost",587,0.96934,0.95531,289,279,0.9654,0.0126,0.0086,1.201,0.0772,0.9846,1.7
"1","count_divisible_by_100 <= 0.500 & elderly_disabled_i > 0.500 & homeless > 0.500 & unc_rawben_rel_max <= 0.472","ranger",342,0.97368,0.9553,155,145,0.9355,0.0065,0.005,0.644,0.0772,0.9846,1.7
"1","cat_elig <= 0.5 & elderly_disabled_i <= 0.5 & expedited_i <= 0.5 & married <= 0.5","ranger",1303,0.9647,0.95528,683,663,0.9707,0.0298,0.0102,2.838,0.0772,0.9846,1.7
"1","cat_elig > 0.500 & married <= 0.500 & rawben_rel_max <= 0.976 & total_deductions_by_hh_size <= 7.800","ranger",3920,0.96071,0.95528,1946,1883,0.9676,0.0847,0.03,8.087,0.0772,0.9846,1.7
"1","rawben_rel_max >=   0.992 & unc_rawben_rel_max >=   1.200 & unc_rawben_rel_max <   1.930 & utilities < 789.000","xgboost",12986,0.95826,0.95528,6452,6171,0.9564,0.2776,0.2269,26.813,0.0772,0.9846,1.7
"1","elderly_disabled_i <   1.000 & rawben_rel_max >=   0.698 & total_deductions_by_hh_size < 903.000 & utilities < 750.000","xgboost",12938,0.95826,0.95527,6665,6402,0.9605,0.288,0.202,27.698,0.0772,0.9846,1.7
"1","elderly_disabled_i >  0.500 & shelter_expenses_by_hh_size > 14.500 & unc_rawben_rel_max <=  0.268","ranger",7941,0.95907,0.95526,3709,3555,0.9585,0.1599,0.0721,15.414,0.0772,0.9846,1.7
"1","count_divisible_by_100 >  0.5 & elderly_disabled_i <=  0.5 & expedited_i >  0.5 & utilities <= 26.0","ranger",132,0.98485,0.95524,62,58,0.9355,0.0026,0.0034,0.258,0.0772,0.9846,1.7
"1","total_deductions_by_hh_size < 710.00 & unc_rawben_rel_max >=   1.02","xgboost",14223,0.9581,0.95524,7341,7030,0.9576,0.3163,0.2481,30.507,0.0772,0.9846,1.7
"1","cat_elig <=   0.50 & total_deductions_by_hh_size > 272.00 & unc_rawben_rel_max <=   3.33 & utilities > 490.00","ranger",479,0.97077,0.95523,148,144,0.973,0.0065,0.0019,0.615,0.0772,0.9846,1.7
"1","elderly_disabled_i >   0.5 & homeless <=   0.5 & total_deductions_by_hh_size <=   7.8 & utilities <= 242.0","ranger",3724,0.96079,0.95522,1932,1866,0.9658,0.0839,0.0339,8.029,0.0772,0.9846,1.7
"1","shelter_expenses_by_hh_size < 314 & total_deductions_by_hh_size < 490 & utilities < 488","xgboost",14308,0.95807,0.95522,7443,7169,0.9632,0.3225,0.1879,30.931,0.0772,0.9846,1.7
"1","elderly_disabled_i >=   1 & shelter_expenses_by_hh_size >= 925 & total_deductions_by_hh_size < 803 & utilities >= 819","xgboost",1326,0.96456,0.95521,801,759,0.9476,0.0341,0.0251,3.329,0.0772,0.9846,1.7
"1","months_since_cert_n <=  34.5 & shelter_expenses_by_hh_size <= 676.0 & utilities <=   5.0","ranger",14304,0.95805,0.95521,7463,7159,0.9593,0.3221,0.2025,31.014,0.0772,0.9846,1.7
"1","children_i < 1 & elderly_disabled_i < 1 & months_since_cert_n < 4 & unc_rawben_rel_max >= 0","xgboost",7558,0.95912,0.9552,3929,3780,0.9621,0.1701,0.0937,16.328,0.0772,0.9846,1.7
"1","elderly_disabled_i > 0.500 & shelter_expenses_by_hh_size > 5.500 & unc_rawben_rel_max > 0.991 & unc_rawben_rel_max <= 1.640","ranger",3794,0.96073,0.9552,2006,1916,0.9551,0.0862,0.0611,8.336,0.0772,0.9846,1.7
"1","elderly_disabled_i >=   1.000 & rawben_rel_max <   0.172 & shelter_expenses_by_hh_size >= 963.000","xgboost",1225,0.9649,0.95517,638,615,0.9639,0.0277,0.0138,2.651,0.0772,0.9846,1.7
"1","expedited_i >=   1 & homeless >=   1 & months_since_cert_n >=   3 & shelter_expenses_by_hh_size < 600","xgboost",921,0.96634,0.95512,440,425,0.9659,0.0191,0.0121,1.829,0.0772,0.9846,1.7
"1","months_since_cert_n > 5.500 & unc_rawben_rel_max > 0.991 & unc_rawben_rel_max <= 1.860","ranger",6213,0.95944,0.95512,3346,3176,0.9492,0.1429,0.1308,13.905,0.0772,0.9846,1.7
"1","elderly_disabled_i >   0.500 & medical_deductions > 144.000 & rawben_rel_max <=   0.314","ranger",767,0.96741,0.95511,348,334,0.9598,0.015,0.006,1.446,0.0772,0.9846,1.7
"1","medical_deductions <=  4.500 & rawben_rel_max >  0.991 & total_deductions_by_hh_size > 17.800 & unc_rawben_rel_max <=  1.810","ranger",6820,0.95924,0.95511,3575,3421,0.9569,0.1539,0.1099,14.857,0.0772,0.9846,1.7
"1","months_since_cert_n <  15.000 & rawben_rel_max >=   0.992 & utilities < 992.000","xgboost",16341,0.95777,0.95511,8316,7948,0.9557,0.3576,0.2818,34.559,0.0772,0.9846,1.7
"1","cat_elig <    1 & shelter_expenses_by_hh_size >= 1030 & total_deductions_by_hh_size >=  587 & utilities >=  886","xgboost",97,0.98969,0.9551,22,22,1,0.001,0,0.091,0.0772,0.9846,1.7
"1","cat_elig <=   0.500 & expedited_i <=   0.500 & rawben_rel_max <=   0.991 & total_deductions_by_hh_size <= 289.000","ranger",1198,0.96494,0.9551,608,585,0.9622,0.0263,0.0092,2.527,0.0772,0.9846,1.7
"1","cat_elig > 0.500 & expedited_i <= 0.500 & homeless > 0.500 & rawben_rel_max > 0.991","ranger",1422,0.96414,0.9551,696,681,0.9784,0.0306,0.0124,2.892,0.0772,0.9846,1.7
"1","expedited_i <= 0.50 & married <= 0.50 & unc_rawben_rel_max > 1.00 & unc_rawben_rel_max <= 1.93","ranger",11870,0.95821,0.95509,6350,6077,0.957,0.2734,0.2098,26.389,0.0772,0.9846,1.7
"1","months_since_cert_n >=    7.0000 & rawben_rel_max <    0.0928 & shelter_expenses_by_hh_size < 1090.0000 & utilities <  875.0000","xgboost",2325,0.96215,0.95508,1139,1094,0.9605,0.0492,0.0269,4.733,0.0772,0.9846,1.7
"1","cat_elig > 0.500 & elderly_disabled_i <= 0.500 & homeless <= 0.500 & rawben_rel_max > 0.991","ranger",8256,0.95882,0.95507,4395,4199,0.9554,0.1889,0.1621,18.265,0.0772,0.9846,1.7
"1","medical_deductions > 100.000 & rawben_rel_max <=   0.344","ranger",1692,0.96336,0.95507,775,737,0.951,0.0332,0.0145,3.221,0.0772,0.9846,1.7
"1","months_since_cert_n >=   4.00 & months_since_cert_n <   6.00 & shelter_expenses_by_hh_size < 281.00 & unc_rawben_rel_max >=  -1.17","xgboost",2541,0.96183,0.95507,1294,1255,0.9699,0.0565,0.0264,5.378,0.0772,0.9846,1.7
"1","rawben_rel_max >= 0.992 & total_deductions_by_hh_size >= 4.400 & unc_rawben_rel_max < 1.810","xgboost",7327,0.95906,0.95507,3803,3641,0.9574,0.1638,0.1172,15.804,0.0772,0.9846,1.7
"1","months_since_cert_n <  10.00 & percent_abawd >=   0.50 & total_deductions_by_hh_size < 293.00 & unc_rawben_rel_max <   1.29","xgboost",2757,0.96155,0.95506,1597,1539,0.9637,0.0692,0.0414,6.637,0.0772,0.9846,1.7
"1","elderly_disabled_i >   0.500 & rawben_rel_max <=   0.449 & total_deductions_by_hh_size <= 189.000","ranger",7881,0.95889,0.95505,3947,3756,0.9516,0.169,0.0859,16.403,0.0772,0.9846,1.7
"1","expedited_i <  1.0 & homeless >=  1.0 & percent_abawd <  0.5 & utilities < 48.0","xgboost",1519,0.96379,0.95505,677,649,0.9586,0.0292,0.0182,2.813,0.0772,0.9846,1.7
"1","cat_elig <= 0.5 & elderly_disabled_i <= 0.5 & expedited_i <= 0.5","ranger",1321,0.96442,0.95504,693,673,0.9711,0.0303,0.0102,2.88,0.0772,0.9846,1.7
"1","percent_abawd >=   0.5 & unc_rawben_rel_max >=   1.2 & utilities < 956.0","xgboost",3662,0.96068,0.95504,2009,1927,0.9592,0.0867,0.0674,8.349,0.0772,0.9846,1.7
"1","rawben_rel_max >=   1.0 & unc_rawben_rel_max >=   1.2 & utilities < 369.0","xgboost",10058,0.95844,0.95504,5192,4966,0.9565,0.2234,0.1796,21.577,0.0772,0.9846,1.7
"1","cat_elig <    1 & shelter_expenses_by_hh_size < 1310 & total_deductions_by_hh_size <  642 & utilities <  850","xgboost",4039,0.96039,0.95502,2082,1995,0.9582,0.0898,0.0417,8.652,0.0772,0.9846,1.7
"1","cat_elig <   2 & total_deductions_by_hh_size < 228","xgboost",14219,0.95787,0.95501,10173,9725,0.956,0.4375,0.2556,42.277,0.0772,0.9846,1.7
"1","children_i <   1.000 & medical_deductions <  23.000 & rawben_rel_max <   0.251 & total_deductions_by_hh_size < 178.000","xgboost",4838,0.9599,0.955,2346,2242,0.9557,0.1009,0.05,9.749,0.0772,0.9846,1.7
"1","count_divisible_by_100 <=  0.5 & elderly_disabled_i >  0.5 & shelter_expenses_by_hh_size <=  5.5 & total_deductions_by_hh_size <= 60.0","ranger",2200,0.96227,0.955,1102,1067,0.9682,0.048,0.0211,4.58,0.0772,0.9846,1.7
"1","medical_deductions <= 112.00000 & rawben_rel_max <=   0.99600 & unc_rawben_rel_max <=  -0.00915 & utilities > 556.00000","ranger",530,0.96981,0.955,293,282,0.9625,0.0127,0.0091,1.218,0.0772,0.9846,1.7
"1","shelter_expenses_by_hh_size >   32.5 & shelter_expenses_by_hh_size <= 2460.0 & total_deductions_by_hh_size <=  790.0 & utilities >  868.0","ranger",1220,0.96475,0.95499,655,613,0.9359,0.0276,0.0248,2.722,0.0772,0.9846,1.7
"1","months_since_cert_n >=  11.000 & rawben_rel_max >=   0.992 & total_deductions_by_hh_size >= 379.000 & unc_rawben_rel_max <   1.730","xgboost",1639,0.96339,0.95497,868,834,0.9608,0.0375,0.025,3.607,0.0772,0.9846,1.7
"1","elderly_disabled_i > 0.5 & homeless > 0.5 & total_deductions_by_hh_size <= 7.8","ranger",422,0.97156,0.95496,183,178,0.9727,0.008,0.0029,0.761,0.0772,0.9846,1.7
"1","cat_elig <  1.000 & months_since_cert_n <  8.000 & unc_rawben_rel_max >= -0.016","xgboost",3155,0.96101,0.95494,1593,1534,0.963,0.069,0.0297,6.62,0.0772,0.9846,1.7
"1","cat_elig <  1 & children_i <  1 & months_since_cert_n < 19","xgboost",4219,0.96018,0.95493,2183,2102,0.9629,0.0946,0.0377,9.072,0.0772,0.9846,1.7
"1","children_i <=   0.5 & shelter_expenses_by_hh_size > 460.0 & total_deductions_by_hh_size >   2.8 & total_deductions_by_hh_size <= 165.0","ranger",1930,0.96269,0.95493,980,923,0.9418,0.0415,0.0288,4.073,0.0772,0.9846,1.7
"1","unc_rawben_rel_max >=  0.883 & utilities < 76.000","xgboost",11089,0.95816,0.95492,5829,5599,0.9605,0.2519,0.1769,24.224,0.0772,0.9846,1.7
"1","cat_elig <=   0.5 & count_divisible_by_100 <=   0.5 & months_since_cert_n >   8.5 & total_deductions_by_hh_size <= 276.0","ranger",660,0.96818,0.95489,380,371,0.9763,0.0167,0.0039,1.579,0.0772,0.9846,1.7
"1","expedited_i >  0.5 & months_since_cert_n >  4.5 & total_deductions_by_hh_size <= 33.4","ranger",1366,0.96413,0.95489,701,680,0.97,0.0306,0.0189,2.913,0.0772,0.9846,1.7
"1","homeless <=   0.500 & medical_deductions > 105.000 & total_deductions_by_hh_size > 292.000 & unc_rawben_rel_max <=   0.268","ranger",891,0.96633,0.95489,383,370,0.9661,0.0166,0.005,1.592,0.0772,0.9846,1.7
"1","months_since_cert_n <  16.000 & percent_abawd >=   1.000 & rawben_rel_max >=   0.736 & utilities < 487.000","xgboost",3555,0.96062,0.95489,2042,1966,0.9628,0.0884,0.0578,8.486,0.0772,0.9846,1.7
"1","rawben_rel_max >=   0.11 & shelter_expenses_by_hh_size < 376.00 & total_deductions_by_hh_size < 274.00","xgboost",13837,0.95779,0.95489,7308,7012,0.9595,0.3155,0.1869,30.37,0.0772,0.9846,1.7
"1","cat_elig <=  0.5 & count_divisible_by_100 <=  1.5 & months_since_cert_n <= 12.5","ranger",4073,0.96023,0.95488,2080,2007,0.9649,0.0903,0.036,8.644,0.0772,0.9846,1.7
"1","cat_elig <    1 & months_since_cert_n <   19 & total_deductions_by_hh_size < 1020","xgboost",4237,0.96011,0.95487,2209,2121,0.9602,0.0954,0.0425,9.18,0.0772,0.9846,1.7
"1","homeless <   1.0 & percent_abawd >=   0.5 & shelter_expenses_by_hh_size < 430.0","xgboost",2554,0.96163,0.95487,1440,1388,0.9639,0.0624,0.0391,5.984,0.0772,0.9846,1.7
"1","cat_elig >   0.5 & children_i <=   0.5 & count_divisible_by_100 <=   0.5 & total_deductions_by_hh_size <= 190.0","ranger",16111,0.95754,0.95485,8370,7995,0.9552,0.3597,0.2148,34.784,0.0772,0.9846,1.7
"1","cat_elig <=   0.500 & married <=   0.500 & rawben_rel_max <=   0.991 & utilities > 770.000","ranger",163,0.9816,0.95484,92,90,0.9783,0.004,0.001,0.382,0.0772,0.9846,1.7
"1","cat_elig > 0.5 & expedited_i > 0.5 & homeless > 0.5","ranger",1389,0.964,0.95484,655,628,0.9588,0.0283,0.0212,2.722,0.0772,0.9846,1.7
"1","cat_elig > 0.500 & expedited_i > 0.500 & homeless <= 0.500 & rawben_rel_max > 0.991","ranger",3622,0.96052,0.95484,1848,1766,0.9556,0.0794,0.0662,7.68,0.0772,0.9846,1.7
"1","homeless <=  0.50 & married <=  0.50 & percent_abawd >  0.75 & utilities <= 28.50","ranger",2407,0.96178,0.95481,1336,1284,0.9611,0.0578,0.0392,5.552,0.0772,0.9846,1.7
"1","cat_elig < 1.00 & unc_rawben_rel_max >= 0.52 & unc_rawben_rel_max < 2.52","xgboost",3121,0.96091,0.95479,1628,1562,0.9595,0.0703,0.035,6.766,0.0772,0.9846,1.7
"1","cat_elig > 0.5 & expedited_i > 0.5 & homeless > 0.5 & medical_deductions <= 3.5","ranger",1387,0.96395,0.95477,652,626,0.9601,0.0282,0.0207,2.71,0.0772,0.9846,1.7
"1","cat_elig > 0.50 & expedited_i > 0.50 & homeless > 0.50 & unc_rawben_rel_max <= 1.96","ranger",1387,0.96395,0.95477,654,627,0.9587,0.0282,0.0212,2.718,0.0772,0.9846,1.7
"1","cat_elig <= 0.500 & homeless <= 0.500 & rawben_rel_max <= 0.349","ranger",1164,0.96478,0.95476,579,564,0.9741,0.0254,0.0059,2.406,0.0772,0.9846,1.7
"1","elderly_disabled_i >=   1.000 & medical_deductions < 113.000 & rawben_rel_max <   0.124","xgboost",4086,0.96011,0.95476,1945,1881,0.9671,0.0846,0.0351,8.083,0.0772,0.9846,1.7
"1","children_i <   1 & married <   1 & total_deductions_by_hh_size < 244","xgboost",20869,0.95711,0.95475,10889,10422,0.9571,0.4689,0.2589,45.252,0.0772,0.9846,1.7
"1","shelter_expenses_by_hh_size < 1800.000 & unc_rawben_rel_max >=    0.996 & unc_rawben_rel_max <    2.520","xgboost",18054,0.95729,0.95475,9375,8963,0.9561,0.4032,0.3119,38.96,0.0772,0.9846,1.7
"1","elderly_disabled_i >    0.500 & expedited_i <=    0.500 & unc_rawben_rel_max <=    0.312 & utilities <= 1050.000","ranger",9555,0.95824,0.95474,4641,4441,0.9569,0.1998,0.0911,19.287,0.0772,0.9846,1.7
"1","medical_deductions < 135.0000 & rawben_rel_max <   0.0928 & total_deductions_by_hh_size < 244.0000 & utilities <  42.0000","xgboost",1039,0.96535,0.95474,504,492,0.9762,0.0221,0.0062,2.095,0.0772,0.9846,1.7
"1","homeless <=   0.500 & medical_deductions > 146.000 & rawben_rel_max <=   0.311","ranger",735,0.96735,0.95473,332,318,0.9578,0.0143,0.006,1.38,0.0772,0.9846,1.7
"1","count_divisible_by_100 <   1.0000 & rawben_rel_max <   0.0893 & total_deductions_by_hh_size < 769.0000 & utilities < 329.0000","xgboost",2282,0.96188,0.95472,948,911,0.961,0.041,0.0227,3.94,0.0772,0.9846,1.7
"1","months_since_cert_n <  11.00 & total_deductions_by_hh_size >= 692.00 & unc_rawben_rel_max >=   1.05 & utilities >= 703.00","xgboost",1163,0.96475,0.95472,702,674,0.9601,0.0303,0.019,2.917,0.0772,0.9846,1.7
"1","rawben_rel_max <   0.24 & total_deductions_by_hh_size < 597.00 & utilities >= 298.00","xgboost",4105,0.96005,0.95471,2083,1989,0.9549,0.0895,0.049,8.656,0.0772,0.9846,1.7
"1","months_since_cert_n >=  16.0000 & rawben_rel_max <   0.0928 & total_deductions_by_hh_size < 459.0000","xgboost",811,0.96671,0.95469,411,397,0.9659,0.0179,0.008,1.708,0.0772,0.9846,1.7
"1","cat_elig <   1 & count_divisible_by_100 <   1 & total_deductions_by_hh_size < 692","xgboost",4055,0.96005,0.95468,2093,2010,0.9603,0.0904,0.0396,8.698,0.0772,0.9846,1.7
"1","medical_deductions > 0.500 & unc_rawben_rel_max <= 0.309","ranger",1847,0.96264,0.95468,833,800,0.9604,0.036,0.014,3.462,0.0772,0.9846,1.7
"1","cat_elig > 0.500 & homeless <= 0.500 & medical_deductions > 4.500 & unc_rawben_rel_max <= 0.325","ranger",1603,0.96319,0.95464,736,700,0.9511,0.0315,0.0152,3.059,0.0772,0.9846,1.7
"1","cat_elig > 0.500 & rawben_rel_max <= 0.943 & total_deductions_by_hh_size <= 7.800 & unc_rawben_rel_max <= 1.950","ranger",3888,0.96013,0.95464,1932,1868,0.9669,0.084,0.0309,8.029,0.0772,0.9846,1.7
"1","elderly_disabled_i >  0.500 & unc_rawben_rel_max >  0.991 & unc_rawben_rel_max <=  1.800 & utilities > 14.500","ranger",3911,0.96011,0.95464,2055,1965,0.9562,0.0884,0.0619,8.54,0.0772,0.9846,1.7
"1","cat_elig <   1 & expedited_i <   1 & homeless <   1 & shelter_expenses_by_hh_size < 689","xgboost",2110,0.96209,0.95463,1125,1078,0.9582,0.0485,0.0224,4.675,0.0772,0.9846,1.7
"1","count_divisible_by_100 <   2 & total_deductions_by_hh_size < 213","xgboost",20136,0.95704,0.95463,10450,10002,0.9571,0.45,0.257,43.428,0.0772,0.9846,1.7
"1","expedited_i <=   0.500 & medical_deductions > 152.000 & unc_rawben_rel_max <=   0.311","ranger",682,0.96774,0.95463,302,289,0.957,0.013,0.0056,1.255,0.0772,0.9846,1.7
"1","homeless >=  1.000 & months_since_cert_n <  1.000 & rawben_rel_max >=  0.364 & total_deductions_by_hh_size < 18.400","xgboost",252,0.97619,0.95462,136,131,0.9632,0.0059,0.0038,0.565,0.0772,0.9846,1.7
"1","shelter_expenses_by_hh_size < 1110 & total_deductions_by_hh_size <  218 & utilities <  487","xgboost",19407,0.95708,0.95462,10124,9700,0.9581,0.4364,0.2421,42.073,0.0772,0.9846,1.7
"1","expedited_i >=  1.00 & homeless <  1.00 & unc_rawben_rel_max <  2.22 & utilities < 74.00","xgboost",3274,0.9606,0.95461,1632,1570,0.962,0.0706,0.0464,6.782,0.0772,0.9846,1.7
"1","months_since_cert_n >=  12.000 & rawben_rel_max >=   0.992 & shelter_expenses_by_hh_size >= 281.000 & unc_rawben_rel_max <   1.640","xgboost",1382,0.96382,0.95461,737,705,0.9566,0.0317,0.0235,3.063,0.0772,0.9846,1.7
"1","cat_elig >  0.500 & rawben_rel_max <=  0.976 & total_deductions_by_hh_size <=  7.800 & unc_rawben_rel_max > -4.100","ranger",3930,0.96005,0.95459,1947,1883,0.9671,0.0847,0.0309,8.091,0.0772,0.9846,1.7
"1","cat_elig <= 0.500 & elderly_disabled_i > 0.500 & married <= 0.500 & rawben_rel_max <= 0.349","ranger",1110,0.96486,0.95458,562,549,0.9769,0.0247,0.0051,2.336,0.0772,0.9846,1.7
"1","cat_elig >   0.5 & children_i <=   0.5 & total_deductions_by_hh_size <= 184.0","ranger",16333,0.95726,0.95458,8481,8100,0.9551,0.3644,0.2214,35.245,0.0772,0.9846,1.7
"1","expedited_i <= 0.500 & percent_abawd <= 0.250 & rawben_rel_max <= 0.268","ranger",9130,0.95816,0.95457,4246,4057,0.9555,0.1825,0.0985,17.645,0.0772,0.9846,1.7
"1","months_since_cert_n <   23 & shelter_expenses_by_hh_size < 1390 & total_deductions_by_hh_size <  792 & utilities >=  875","xgboost",985,0.96548,0.95457,490,458,0.9347,0.0206,0.0178,2.036,0.0772,0.9846,1.7
"1","expedited_i <= 0.50 & medical_deductions <= 3.50 & unc_rawben_rel_max > 1.00 & unc_rawben_rel_max <= 1.93","ranger",11684,0.95772,0.95455,6261,5993,0.9572,0.2696,0.2046,26.019,0.0772,0.9846,1.7
"1","homeless <=   0.5 & total_deductions_by_hh_size <= 184.0","ranger",15775,0.95727,0.95455,8324,7947,0.9547,0.3575,0.2145,34.593,0.0772,0.9846,1.7
"1","medical_deductions < 252 & shelter_expenses_by_hh_size < 322","xgboost",14505,0.95739,0.95455,7512,7230,0.9625,0.3253,0.1925,31.218,0.0772,0.9846,1.7
"1","total_deductions_by_hh_size < 888.000 & unc_rawben_rel_max <  -0.016 & utilities >=  30.000 & utilities < 302.000","xgboost",629,0.9682,0.95454,215,207,0.9628,0.0093,0.004,0.893,0.0772,0.9846,1.7
"1","expedited_i >  0.5 & months_since_cert_n >  5.5 & total_deductions_by_hh_size <= 59.1 & utilities <=  9.5","ranger",1034,0.96518,0.95453,527,512,0.9715,0.023,0.0143,2.19,0.0772,0.9846,1.7
"1","percent_abawd <=    0.250 & rawben_rel_max <=    0.239 & shelter_expenses_by_hh_size >   12.500 & shelter_expenses_by_hh_size <= 1660.000","ranger",7491,0.95848,0.95452,3582,3425,0.9562,0.1541,0.0801,14.886,0.0772,0.9846,1.7
"1","homeless >=  1.00 & months_since_cert_n >=  2.00 & unc_rawben_rel_max <  2.22 & utilities < 74.00","xgboost",2605,0.96123,0.95451,1273,1226,0.9631,0.0552,0.0325,5.29,0.0772,0.9846,1.7
"1","cat_elig >=   2 & homeless <   1 & total_deductions_by_hh_size < 205 & utilities <  44","xgboost",3593,0.9602,0.95448,326,316,0.9693,0.0142,0.0061,1.355,0.0772,0.9846,1.7
"1","rawben_rel_max >=   0.99 & total_deductions_by_hh_size < 842.00 & utilities < 789.00","xgboost",14958,0.95728,0.95448,7475,7150,0.9565,0.3217,0.2513,31.064,0.0772,0.9846,1.7
"1","unc_rawben_rel_max >=   1.02 & utilities < 450.00","xgboost",12325,0.95757,0.95448,6505,6210,0.9547,0.2794,0.228,27.033,0.0772,0.9846,1.7
"1","expedited_i >= 1.0 & homeless < 1.0 & unc_rawben_rel_max >= 1.2","xgboost",3803,0.96003,0.95447,1927,1841,0.9554,0.0828,0.0711,8.008,0.0772,0.9846,1.7
"1","homeless <   1.00 & shelter_expenses_by_hh_size < 314.00 & unc_rawben_rel_max <   1.24","xgboost",10615,0.9578,0.95447,5674,5464,0.963,0.2458,0.1403,23.58,0.0772,0.9846,1.7
"1","months_since_cert_n <    7.000 & total_deductions_by_hh_size < 1200.000 & unc_rawben_rel_max <   -0.016 & utilities <   41.000","xgboost",550,0.96909,0.95447,264,255,0.9659,0.0115,0.0073,1.097,0.0772,0.9846,1.7
"1","children_i <=   0.5 & shelter_expenses_by_hh_size <= 816.0 & utilities <=   3.0","ranger",14454,0.95731,0.95446,7560,7242,0.9579,0.3258,0.2054,31.418,0.0772,0.9846,1.7
"1","cat_elig > 0.5 & expedited_i <= 0.5 & shelter_expenses_by_hh_size <= 5.5","ranger",6167,0.95881,0.95445,3342,3212,0.9611,0.1445,0.0927,13.889,0.0772,0.9846,1.7
"1","expedited_i >=    1 & shelter_expenses_by_hh_size < 1030 & total_deductions_by_hh_size <  809 & utilities <  417","xgboost",5197,0.95921,0.95445,2574,2463,0.9569,0.1108,0.0823,10.697,0.0772,0.9846,1.7
"1","expedited_i >=   1.000 & medical_deductions < 117.000 & rawben_rel_max >=   0.533 & total_deductions_by_hh_size < 918.000","xgboost",6306,0.95877,0.95445,3147,3006,0.9552,0.1352,0.1024,13.078,0.0772,0.9846,1.7
"1","months_since_cert_n > 10.500 & rawben_rel_max <=  0.407 & utilities <=  5.000","ranger",907,0.96582,0.95443,484,463,0.9566,0.0208,0.0113,2.011,0.0772,0.9846,1.7
"1","cat_elig <   2 & elderly_disabled_i <   1 & months_since_cert_n >=   2 & shelter_expenses_by_hh_size < 824","xgboost",5840,0.9589,0.95441,4530,4316,0.9528,0.1942,0.1561,18.826,0.0772,0.9846,1.7
"1","cat_elig >=  1.000 & rawben_rel_max <  0.668 & total_deductions_by_hh_size < 96.000 & utilities < 27.000","xgboost",2338,0.96151,0.95441,1219,1181,0.9688,0.0531,0.0175,5.066,0.0772,0.9846,1.7
"1","cat_elig >=  2 & expedited_i >=  1 & utilities < 56","xgboost",1812,0.96247,0.95441,158,151,0.9557,0.0068,0.0042,0.657,0.0772,0.9846,1.7
"1","married <=  0.5 & medical_deductions <=  3.5 & months_since_cert_n > 14.5 & total_deductions_by_hh_size <=  2.8","ranger",1327,0.96383,0.95441,639,617,0.9656,0.0278,0.0129,2.656,0.0772,0.9846,1.7
"1","cat_elig <   1.00 & shelter_expenses_by_hh_size < 906.00 & unc_rawben_rel_max <   2.52 & utilities < 559.00","xgboost",3844,0.95994,0.9544,1986,1904,0.9587,0.0857,0.0397,8.253,0.0772,0.9846,1.7
"1","expedited_i <=    0.500 & rawben_rel_max <=    0.237 & total_deductions_by_hh_size <= 1120.000","ranger",8410,0.95815,0.9544,3997,3823,0.9565,0.172,0.097,16.611,0.0772,0.9846,1.7
"1","total_deductions_by_hh_size >= 546.000 & unc_rawben_rel_max >=   0.996 & unc_rawben_rel_max <   1.770 & utilities >= 912.000","xgboost",755,0.96689,0.9544,795,771,0.9698,0.0347,0.0177,3.304,0.0772,0.9846,1.7
"1","cat_elig > 0.500 & percent_abawd <= 0.750 & rawben_rel_max > 0.991 & unc_rawben_rel_max <= 1.950","ranger",12164,0.9575,0.95439,6207,5934,0.956,0.267,0.2069,25.795,0.0772,0.9846,1.7
"1","elderly_disabled_i >= 1.00 & unc_rawben_rel_max >= 1.01 & unc_rawben_rel_max < 1.58","xgboost",4471,0.95952,0.95438,2371,2271,0.9578,0.1022,0.0706,9.853,0.0772,0.9846,1.7
"1","rawben_rel_max >=   0.992 & unc_rawben_rel_max <   2.520 & utilities >= 577.000","xgboost",4284,0.95962,0.95437,2281,2187,0.9588,0.0984,0.0686,9.479,0.0772,0.9846,1.7
"1","count_divisible_by_100 <= 0.5 & expedited_i <= 0.5 & homeless > 0.5 & utilities <= 8.0","ranger",1762,0.96254,0.95436,860,832,0.9674,0.0374,0.0184,3.574,0.0772,0.9846,1.7
"1","cat_elig <   1 & months_since_cert_n >=   9 & total_deductions_by_hh_size < 256","xgboost",652,0.96779,0.95434,373,364,0.9759,0.0164,0.0039,1.55,0.0772,0.9846,1.7
"1","children_i <   1.00 & total_deductions_by_hh_size < 297.00 & unc_rawben_rel_max <   1.23 & utilities < 488.00","xgboost",20615,0.95673,0.95434,10845,10379,0.957,0.4669,0.2486,45.069,0.0772,0.9846,1.7
"1","expedited_i <= 0.500 & married <= 0.500 & rawben_rel_max > 0.991 & unc_rawben_rel_max <= 1.960","ranger",12062,0.95747,0.95434,6451,6166,0.9558,0.2774,0.2161,26.809,0.0772,0.9846,1.7
"1","shelter_expenses_by_hh_size < 750 & total_deductions_by_hh_size < 205 & utilities < 789","xgboost",19559,0.9568,0.95434,10148,9706,0.9564,0.4367,0.2544,42.173,0.0772,0.9846,1.7
"1","expedited_i <= 0.5 & months_since_cert_n <= 5.5 & unc_rawben_rel_max > 1.0","ranger",7138,0.95839,0.95433,3788,3643,0.9617,0.1639,0.1083,15.742,0.0772,0.9846,1.7
"1","cat_elig >  0.5 & elderly_disabled_i <=  0.5 & utilities <= 28.5","ranger",8121,0.95813,0.95432,4275,4103,0.9598,0.1846,0.1303,17.766,0.0772,0.9846,1.7
"1","expedited_i <= 0.50 & unc_rawben_rel_max > 1.00 & unc_rawben_rel_max <= 1.93","ranger",12011,0.95746,0.95432,6408,6132,0.9569,0.2759,0.212,26.63,0.0772,0.9846,1.7
"1","rawben_rel_max >=   0.988 & shelter_expenses_by_hh_size < 950.000","xgboost",13909,0.95722,0.95431,7076,6777,0.9577,0.3049,0.2255,29.406,0.0772,0.9846,1.7
"1","rawben_rel_max <    0.0893 & total_deductions_by_hh_size < 1560.0000 & unc_rawben_rel_max >=    0.0378","xgboost",548,0.96898,0.9543,286,281,0.9825,0.0126,0.0026,1.189,0.0772,0.9846,1.7
"1","shelter_expenses_by_hh_size < 1400 & total_deductions_by_hh_size <  792 & utilities >=  850","xgboost",1591,0.96292,0.9543,911,862,0.9462,0.0388,0.0305,3.786,0.0772,0.9846,1.7
"1","months_since_cert_n < 5.000 & percent_abawd >= 1.000 & rawben_rel_max >= 0.395","xgboost",2922,0.96064,0.95429,1613,1557,0.9653,0.07,0.035,6.703,0.0772,0.9846,1.7
"1","months_since_cert_n <= 42.000 & shelter_expenses_by_hh_size > 16.500 & unc_rawben_rel_max >  0.991 & unc_rawben_rel_max <=  1.810","ranger",6880,0.95843,0.95429,3580,3421,0.9556,0.1539,0.1143,14.878,0.0772,0.9846,1.7
"1","homeless <   1.000 & percent_abawd >=   1.000 & rawben_rel_max >=   0.592 & shelter_expenses_by_hh_size < 916.000","xgboost",3039,0.96051,0.95428,1633,1574,0.9639,0.0708,0.0439,6.786,0.0772,0.9846,1.7
"1","homeless >   0.5 & medical_deductions <= 107.0 & months_since_cert_n >   2.5 & utilities <=   9.5","ranger",1998,0.96196,0.95427,957,930,0.9718,0.0418,0.0195,3.977,0.0772,0.9846,1.7
"1","elderly_disabled_i <= 0.500 & expedited_i <= 0.500 & unc_rawben_rel_max > 0.858","ranger",8155,0.95806,0.95426,4385,4209,0.9599,0.1894,0.1393,18.223,0.0772,0.9846,1.7
"1","cat_elig <   1 & months_since_cert_n <  12 & utilities < 483","xgboost",3528,0.96003,0.95425,1911,1840,0.9628,0.0828,0.0353,7.942,0.0772,0.9846,1.7
"1","count_divisible_by_100 <   1 & shelter_expenses_by_hh_size >= 322 & total_deductions_by_hh_size <  30","xgboost",1757,0.96244,0.95423,892,843,0.9451,0.0379,0.0205,3.707,0.0772,0.9846,1.7
"1","children_i <= 0.5 & elderly_disabled_i <= 0.5 & expedited_i > 0.5 & homeless <= 0.5","ranger",3712,0.95986,0.95422,1866,1783,0.9555,0.0802,0.068,7.755,0.0772,0.9846,1.7
"1","months_since_cert_n <  29.000 & rawben_rel_max <   0.241 & total_deductions_by_hh_size < 209.000 & utilities < 431.000","xgboost",4432,0.95939,0.95422,2102,2013,0.9577,0.0906,0.0403,8.735,0.0772,0.9846,1.7
"1","rawben_rel_max >=   0.992 & total_deductions_by_hh_size < 982.000 & utilities < 992.000","xgboost",16653,0.95688,0.95422,8415,8029,0.9541,0.3612,0.2943,34.971,0.0772,0.9846,1.7
"1","expedited_i >=   1 & utilities < 341","xgboost",5101,0.95903,0.95421,2433,2332,0.9585,0.1049,0.0753,10.111,0.0772,0.9846,1.7
"1","medical_deductions >    1.500 & shelter_expenses_by_hh_size <= 1790.000 & unc_rawben_rel_max <=    0.316 & utilities <=  754.000","ranger",1660,0.96265,0.95421,744,719,0.9664,0.0323,0.0105,3.092,0.0772,0.9846,1.7
"1","months_since_cert_n <    5.000 & shelter_expenses_by_hh_size < 1210.000 & unc_rawben_rel_max >=    0.876","xgboost",9830,0.95768,0.95421,5011,4839,0.9657,0.2177,0.1152,20.825,0.0772,0.9846,1.7
"1","months_since_cert_n <   3.0000 & rawben_rel_max <   0.0893 & shelter_expenses_by_hh_size < 755.0000 & total_deductions_by_hh_size <  78.0000","xgboost",361,0.9723,0.9542,171,166,0.9708,0.0075,0.003,0.711,0.0772,0.9846,1.7
"1","homeless >= 1.0 & rawben_rel_max < 0.4 & unc_rawben_rel_max >= 0.0","xgboost",278,0.97482,0.95419,126,117,0.9286,0.0053,0.0042,0.524,0.0772,0.9846,1.7
"1","rawben_rel_max >=   0.992 & total_deductions_by_hh_size < 982.000","xgboost",17001,0.95683,0.95419,8798,8398,0.9545,0.3778,0.304,36.562,0.0772,0.9846,1.7
"1","expedited_i >=   1.000 & medical_deductions < 565.000 & rawben_rel_max >=   0.519 & unc_rawben_rel_max <   1.900","xgboost",6269,0.95853,0.95418,3254,3103,0.9536,0.1396,0.105,13.523,0.0772,0.9846,1.7
"1","medical_deductions < 693.00 & unc_rawben_rel_max >=   1.02 & unc_rawben_rel_max <   2.52","xgboost",17954,0.95672,0.95416,9384,8962,0.955,0.4032,0.3218,38.998,0.0772,0.9846,1.7
"1","medical_deductions < 242 & total_deductions_by_hh_size < 515 & utilities <  29","xgboost",14717,0.95699,0.95415,7645,7335,0.9595,0.33,0.1994,31.771,0.0772,0.9846,1.7
"1","months_since_cert_n <  21.0 & shelter_expenses_by_hh_size >= 277.0 & total_deductions_by_hh_size <  18.4 & utilities >=  54.0","xgboost",1124,0.96441,0.95415,588,555,0.9439,0.025,0.016,2.444,0.0772,0.9846,1.7
"1","shelter_expenses_by_hh_size < 744 & total_deductions_by_hh_size < 645 & utilities <  30","xgboost",14785,0.95698,0.95415,7724,7410,0.9593,0.3334,0.2043,32.099,0.0772,0.9846,1.7
"1","children_i <= 0.5 & elderly_disabled_i <= 0.5 & expedited_i <= 0.5 & utilities <= 7.5","ranger",5645,0.95872,0.95414,3117,2995,0.9609,0.1347,0.0859,12.953,0.0772,0.9846,1.7
"1","children_i <=  0.5 & elderly_disabled_i >  0.5 & months_since_cert_n <= 10.5 & shelter_expenses_by_hh_size <=  5.5","ranger",1681,0.96252,0.95413,854,822,0.9625,0.037,0.022,3.549,0.0772,0.9846,1.7
"1","count_divisible_by_100 <=   1.50 & months_since_cert_n <=  23.50 & total_deductions_by_hh_size <= 184.00 & unc_rawben_rel_max <=   1.21","ranger",14080,0.95703,0.95413,9343,8967,0.9598,0.4034,0.219,38.827,0.0772,0.9846,1.7
"1","elderly_disabled_i > 0.500 & percent_abawd <= 0.250 & rawben_rel_max <= 0.991 & unc_rawben_rel_max <= 0.299","ranger",9449,0.95767,0.95413,4552,4353,0.9563,0.1958,0.0932,18.917,0.0772,0.9846,1.7
"1","expedited_i >=  1.000 & rawben_rel_max >=  0.766 & unc_rawben_rel_max >= -1.170","xgboost",6421,0.95842,0.95412,3201,3052,0.9535,0.1373,0.1128,13.303,0.0772,0.9846,1.7
"1","medical_deductions <  693.00 & shelter_expenses_by_hh_size < 1160.00 & unc_rawben_rel_max >=    1.02 & unc_rawben_rel_max <    2.52","xgboost",14999,0.95693,0.95412,7667,7342,0.9576,0.3303,0.2462,31.862,0.0772,0.9846,1.7
"1","months_since_cert_n <   22 & shelter_expenses_by_hh_size <  314 & total_deductions_by_hh_size < 1780","xgboost",13919,0.95704,0.95412,7253,6986,0.9632,0.3143,0.183,30.142,0.0772,0.9846,1.7
"1","children_i <= 0.500 & married <= 0.500 & medical_deductions <= 3.500 & rawben_rel_max > 0.991","ranger",17645,0.9567,0.95411,9289,8872,0.9551,0.3991,0.3129,38.603,0.0772,0.9846,1.7
"1","rawben_rel_max <   0.188 & shelter_expenses_by_hh_size < 714.000 & utilities < 462.000","xgboost",3866,0.95965,0.95411,1731,1653,0.9549,0.0744,0.0469,7.194,0.0772,0.9846,1.7
"1","expedited_i < 1.00 & unc_rawben_rel_max >= 1.01 & unc_rawben_rel_max < 1.93","xgboost",11884,0.95725,0.9541,6354,6079,0.9567,0.2735,0.2114,26.406,0.0772,0.9846,1.7
"1","expedited_i <=   0.500 & homeless <=   0.500 & medical_deductions > 152.000 & unc_rawben_rel_max <=   0.311","ranger",674,0.96736,0.9541,299,286,0.9565,0.0129,0.0056,1.243,0.0772,0.9846,1.7
"1","married <=  0.5 & medical_deductions <=  4.5 & months_since_cert_n <= 10.5 & utilities <= 12.5","ranger",12536,0.95716,0.95409,6526,6255,0.9585,0.2814,0.1785,27.12,0.0772,0.9846,1.7
"1","total_deductions_by_hh_size < 803.00 & unc_rawben_rel_max >=   1.05","xgboost",14696,0.95693,0.95409,7557,7221,0.9555,0.3249,0.2617,31.405,0.0772,0.9846,1.7
"1","cat_elig <=    1.5 & total_deductions_by_hh_size <= 1920.0 & utilities >  864.0","ranger",1535,0.96287,0.95408,1742,1634,0.938,0.0735,0.0647,7.239,0.0772,0.9846,1.7
"1","elderly_disabled_i >=  1.00 & rawben_rel_max <  0.24 & utilities >= 29.00","xgboost",5980,0.95853,0.95408,2836,2706,0.9542,0.1217,0.0607,11.786,0.0772,0.9846,1.7
"1","expedited_i <= 0.500 & rawben_rel_max > 0.991 & unc_rawben_rel_max <= 1.930","ranger",12173,0.9572,0.95408,6497,6212,0.9561,0.2795,0.2168,27,0.0772,0.9846,1.7
"1","medical_deductions >= 135 & total_deductions_by_hh_size < 159","xgboost",249,0.9759,0.95408,64,61,0.9531,0.0027,0.0017,0.266,0.0772,0.9846,1.7
"1","cat_elig <= 0.500 & shelter_expenses_by_hh_size > 3.000 & unc_rawben_rel_max <= 0.311","ranger",999,0.96496,0.95407,481,473,0.9834,0.0213,0.0033,1.999,0.0772,0.9846,1.7
"1","children_i <= 0.500 & elderly_disabled_i > 0.500 & percent_abawd <= 0.250 & rawben_rel_max <= 0.312","ranger",9727,0.95754,0.95405,4745,4540,0.9568,0.2042,0.0935,19.719,0.0772,0.9846,1.7
"1","expedited_i <= 0.500 & months_since_cert_n <= 5.500 & rawben_rel_max > 0.991","ranger",7208,0.9581,0.95405,3836,3686,0.9609,0.1658,0.1113,15.941,0.0772,0.9846,1.7
"1","children_i <   1 & shelter_expenses_by_hh_size < 469 & total_deductions_by_hh_size < 281","xgboost",16896,0.95668,0.95403,8815,8448,0.9584,0.3801,0.2118,36.633,0.0772,0.9846,1.7
"1","percent_abawd <=   0.500 & rawben_rel_max >   0.134 & total_deductions_by_hh_size <=   2.800 & utilities > 293.000","ranger",160,0.98125,0.95401,102,101,0.9902,0.0045,9e-04,0.424,0.0772,0.9846,1.7
"1","rawben_rel_max >= 0.992 & unc_rawben_rel_max < 2.520","xgboost",18478,0.95654,0.95401,9650,9215,0.9549,0.4146,0.3291,40.103,0.0772,0.9846,1.7
"1","total_deductions_by_hh_size <  63.00 & unc_rawben_rel_max <   1.19 & utilities < 992.00","xgboost",6496,0.95828,0.95401,3382,3234,0.9562,0.1455,0.0692,14.055,0.0772,0.9846,1.7
"1","cat_elig > 0.500 & homeless <= 0.500 & months_since_cert_n <= 5.500 & unc_rawben_rel_max > 0.995","ranger",7790,0.95789,0.95399,4046,3880,0.959,0.1746,0.1277,16.814,0.0772,0.9846,1.7
"1","elderly_disabled_i <=   0.50 & medical_deductions <= 125.00 & percent_abawd >   0.75 & shelter_expenses_by_hh_size <= 498.00","ranger",3415,0.95988,0.95399,1959,1886,0.9627,0.0848,0.0542,8.141,0.0772,0.9846,1.7
"1","married <=    0.500 & rawben_rel_max <=    0.085 & shelter_expenses_by_hh_size <= 2460.000 & total_deductions_by_hh_size >    8.800","ranger",3508,0.95981,0.95399,1618,1540,0.9518,0.0693,0.0578,6.724,0.0772,0.9846,1.7
"1","cat_elig >   0.5 & count_divisible_by_100 <=   1.5 & total_deductions_by_hh_size <= 171.0","ranger",16117,0.95669,0.95398,8346,7970,0.9549,0.3586,0.2219,34.684,0.0772,0.9846,1.7
"1","cat_elig > 0.500 & percent_abawd > 0.750 & rawben_rel_max > 0.991","ranger",3600,0.95972,0.95398,2002,1920,0.959,0.0864,0.0687,8.32,0.0772,0.9846,1.7
"1","medical_deductions >=   4.00 & medical_deductions < 164.00 & months_since_cert_n <   5.00 & rawben_rel_max <   0.22","xgboost",332,0.97289,0.95397,146,140,0.9589,0.0063,0.0027,0.607,0.0772,0.9846,1.7
"1","shelter_expenses_by_hh_size >=  601.000 & shelter_expenses_by_hh_size < 1030.000 & unc_rawben_rel_max <   -0.096 & utilities <  426.000","xgboost",492,0.96951,0.95397,224,217,0.9688,0.0098,0.0043,0.931,0.0772,0.9846,1.7
"1","cat_elig >  0.5 & expedited_i >  0.5 & homeless <=  0.5 & utilities <= 29.5","ranger",2503,0.96085,0.95396,1242,1189,0.9573,0.0535,0.0406,5.161,0.0772,0.9846,1.7
"1","shelter_expenses_by_hh_size <  314 & total_deductions_by_hh_size < 1780","xgboost",14410,0.95684,0.95396,7480,7199,0.9624,0.3239,0.1922,31.085,0.0772,0.9846,1.7
"1","percent_abawd >  0.75 & utilities <= 28.50","ranger",3133,0.9601,0.95394,1798,1731,0.9627,0.0779,0.0506,7.472,0.0772,0.9846,1.7
"1","percent_abawd >=   0.5 & total_deductions_by_hh_size < 286.0 & utilities < 388.0","xgboost",3109,0.96012,0.95393,1836,1768,0.963,0.0795,0.0499,7.63,0.0772,0.9846,1.7
"1","rawben_rel_max <    0.232 & shelter_expenses_by_hh_size < 1670.000 & total_deductions_by_hh_size <  365.000","xgboost",6597,0.95816,0.95392,3184,3054,0.9592,0.1374,0.0686,13.232,0.0772,0.9846,1.7
"1","months_since_cert_n <  25.000 & total_deductions_by_hh_size >= 297.000 & unc_rawben_rel_max <  -0.004 & utilities >= 414.000","xgboost",822,0.96594,0.95391,342,326,0.9532,0.0147,0.0125,1.421,0.0772,0.9846,1.7
"1","cat_elig >=   2.000 & medical_deductions >= 130.000 & rawben_rel_max <   0.364 & utilities < 505.000","xgboost",304,0.97368,0.9539,24,23,0.9583,0.001,3e-04,0.1,0.0772,0.9846,1.7
"1","cat_elig >  0.500 & elderly_disabled_i >  0.500 & rawben_rel_max <=  0.268 & shelter_expenses_by_hh_size > 12.500","ranger",7071,0.958,0.95389,3300,3152,0.9552,0.1418,0.0702,13.714,0.0772,0.9846,1.7
"1","shelter_expenses_by_hh_size >= 432.00 & total_deductions_by_hh_size <  87.00 & unc_rawben_rel_max <   1.25","xgboost",1142,0.9641,0.95389,632,611,0.9668,0.0275,0.0097,2.626,0.0772,0.9846,1.7
"1","cat_elig <   1 & total_deductions_by_hh_size >= 117 & utilities >= 483","xgboost",491,0.96945,0.95388,150,146,0.9733,0.0066,0.0019,0.623,0.0772,0.9846,1.7
"1","elderly_disabled_i >    0.500 & rawben_rel_max <=    0.991 & shelter_expenses_by_hh_size <= 1650.000 & unc_rawben_rel_max <=    0.312","ranger",9668,0.95739,0.95388,4724,4521,0.957,0.2034,0.0934,19.632,0.0772,0.9846,1.7
"1","count_divisible_by_100 <= 0.5 & elderly_disabled_i > 0.5 & homeless > 0.5 & total_deductions_by_hh_size <= 2.8","ranger",412,0.97087,0.95387,180,175,0.9722,0.0079,0.0029,0.748,0.0772,0.9846,1.7
"1","elderly_disabled_i >   0.5 & percent_abawd <=   0.5 & shelter_expenses_by_hh_size <= 274.0 & total_deductions_by_hh_size <=   8.8","ranger",3105,0.96006,0.95387,1569,1513,0.9643,0.0681,0.03,6.52,0.0772,0.9846,1.7
"1","cat_elig <=   0.5 & medical_deductions <=   3.5 & shelter_expenses_by_hh_size >  27.5 & total_deductions_by_hh_size <= 184.0","ranger",721,0.96671,0.95386,373,361,0.9678,0.0162,0.0051,1.55,0.0772,0.9846,1.7
"1","total_deductions_by_hh_size < 190 & utilities >= 361 & utilities < 850","xgboost",2404,0.9609,0.95386,1298,1231,0.9484,0.0554,0.0337,5.394,0.0772,0.9846,1.7
"1","cat_elig >  0.50 & homeless <=  0.50 & percent_abawd <=  0.75 & shelter_expenses_by_hh_size <= 14.50","ranger",5106,0.95868,0.95385,2680,2581,0.9631,0.1161,0.0723,11.137,0.0772,0.9846,1.7
"1","homeless >  0.500 & percent_abawd >  0.500 & total_deductions_by_hh_size <= 32.800 & unc_rawben_rel_max >  0.991","ranger",670,0.96716,0.95383,428,419,0.979,0.0189,0.0084,1.779,0.0772,0.9846,1.7
"1","shelter_expenses_by_hh_size > 5.500 & unc_rawben_rel_max > 0.991 & unc_rawben_rel_max <= 1.810","ranger",6903,0.95799,0.95383,3591,3432,0.9557,0.1544,0.1143,14.923,0.0772,0.9846,1.7
"1","cat_elig < 1.000 & months_since_cert_n >= 3.000 & rawben_rel_max < 0.316","xgboost",895,0.96536,0.95382,441,433,0.9819,0.0195,0.0034,1.833,0.0772,0.9846,1.7
"1","total_deductions_by_hh_size >= 848.00 & unc_rawben_rel_max >=   1.38 & unc_rawben_rel_max <   2.52 & utilities >= 757.00","xgboost",568,0.96831,0.95382,359,345,0.961,0.0155,0.0108,1.492,0.0772,0.9846,1.7
"1","cat_elig <  2.000 & months_since_cert_n < 11.000 & rawben_rel_max >=  0.264 & unc_rawben_rel_max >=  1.200","xgboost",8054,0.95766,0.95381,6355,6057,0.9531,0.2725,0.2346,26.41,0.0772,0.9846,1.7
"1","rawben_rel_max >=    0.718 & shelter_expenses_by_hh_size < 1350.000 & total_deductions_by_hh_size >=  494.000 & utilities >=  784.000","xgboost",2425,0.96082,0.95381,1657,1569,0.9469,0.0706,0.0547,6.886,0.0772,0.9846,1.7
"1","shelter_expenses_by_hh_size < 1060.000 & total_deductions_by_hh_size <  607.000 & unc_rawben_rel_max <    0.179","xgboost",5786,0.95835,0.95381,2629,2518,0.9578,0.1133,0.0655,10.925,0.0772,0.9846,1.7
"1","expedited_i <    1 & shelter_expenses_by_hh_size < 1750 & total_deductions_by_hh_size <  167","xgboost",14092,0.95671,0.9538,7456,7112,0.9539,0.32,0.1923,30.985,0.0772,0.9846,1.7
"1","total_deductions_by_hh_size >= 642 & total_deductions_by_hh_size < 803 & utilities >= 819","xgboost",1285,0.96342,0.95379,657,625,0.9513,0.0281,0.0185,2.73,0.0772,0.9846,1.7
"1","homeless > 0.500 & percent_abawd > 0.500 & rawben_rel_max > 0.996 & total_deductions_by_hh_size <= 8.900","ranger",644,0.96739,0.95378,420,411,0.9786,0.0185,0.0084,1.745,0.0772,0.9846,1.7
"1","months_since_cert_n <   3.00 & shelter_expenses_by_hh_size < 469.00 & unc_rawben_rel_max >=  -0.56","xgboost",5828,0.9583,0.95378,3030,2917,0.9627,0.1312,0.0722,12.592,0.0772,0.9846,1.7
"1","total_deductions_by_hh_size < 228","xgboost",20653,0.95618,0.95378,10731,10264,0.9565,0.4618,0.2654,44.595,0.0772,0.9846,1.7
"1","homeless <= 0.500 & months_since_cert_n <= 5.500 & percent_abawd <= 0.750 & rawben_rel_max > 0.991","ranger",6803,0.95796,0.95377,3544,3398,0.9588,0.1529,0.1126,14.728,0.0772,0.9846,1.7
"1","cat_elig > 0.500 & count_divisible_by_100 <= 1.500 & percent_abawd > 0.750 & rawben_rel_max > 0.998","ranger",3582,0.95952,0.95375,1993,1912,0.9594,0.086,0.0677,8.282,0.0772,0.9846,1.7
"1","expedited_i <= 0.500 & rawben_rel_max > 0.991 & unc_rawben_rel_max <= 1.950","ranger",12195,0.95687,0.95374,6508,6220,0.9557,0.2798,0.2182,27.046,0.0772,0.9846,1.7
"1","married <=   0.500 & rawben_rel_max >   0.837 & shelter_expenses_by_hh_size >   5.500 & utilities > 868.000","ranger",1809,0.96186,0.95373,1275,1219,0.9561,0.0548,0.0386,5.299,0.0772,0.9846,1.7
"1","rawben_rel_max >=   0.241 & shelter_expenses_by_hh_size < 500.000 & total_deductions_by_hh_size < 221.000 & utilities < 447.000","xgboost",13440,0.9567,0.95372,7160,6865,0.9588,0.3088,0.1866,29.755,0.0772,0.9846,1.7
"1","married <  1.000 & months_since_cert_n >= 11.000 & rawben_rel_max >=  0.992 & unc_rawben_rel_max <  1.460","xgboost",2232,0.96102,0.95371,1209,1166,0.9644,0.0525,0.0331,5.024,0.0772,0.9846,1.7
"1","count_divisible_by_100 >= 1.00 & months_since_cert_n >= 4.00 & unc_rawben_rel_max >= 1.29 & unc_rawben_rel_max < 1.86","xgboost",189,0.97884,0.95369,114,107,0.9386,0.0048,0.0062,0.474,0.0772,0.9846,1.7
"1","expedited_i <= 0.500 & homeless <= 0.500 & percent_abawd <= 1.500 & rawben_rel_max <= 0.239","ranger",8258,0.9575,0.95369,3945,3770,0.9556,0.1696,0.0937,16.394,0.0772,0.9846,1.7
"1","married <=   0.5 & medical_deductions > 114.0 & months_since_cert_n >   4.5 & total_deductions_by_hh_size <= 152.0","ranger",189,0.97884,0.95369,116,109,0.9397,0.0049,0.005,0.482,0.0772,0.9846,1.7
"1","months_since_cert_n <  12.0000 & rawben_rel_max <   0.0893 & total_deductions_by_hh_size < 462.0000 & utilities >= 559.0000","xgboost",357,0.97199,0.95369,128,124,0.9688,0.0056,0.0037,0.532,0.0772,0.9846,1.7
"1","expedited_i <=   0.500 & medical_deductions <= 140.000 & rawben_rel_max >   0.991 & unc_rawben_rel_max <=   1.940","ranger",11978,0.95684,0.95368,6404,6123,0.9561,0.2755,0.213,26.613,0.0772,0.9846,1.7
"1","months_since_cert_n >=   2.000 & months_since_cert_n <   5.000 & unc_rawben_rel_max >=   0.972 & utilities < 992.000","xgboost",6155,0.95808,0.95368,3038,2924,0.9625,0.1315,0.0821,12.625,0.0772,0.9846,1.7
"1","months_since_cert_n >=   6.00 & shelter_expenses_by_hh_size < 281.00 & total_deductions_by_hh_size <  87.00 & unc_rawben_rel_max >=  -1.17","xgboost",4288,0.95896,0.95368,2241,2152,0.9603,0.0968,0.0647,9.313,0.0772,0.9846,1.7
"1","months_since_cert_n >=  9.000 & rawben_rel_max >=  0.973 & shelter_expenses_by_hh_size < 44.000 & total_deductions_by_hh_size < 43.000","xgboost",1474,0.96269,0.95368,846,819,0.9681,0.0368,0.0233,3.516,0.0772,0.9846,1.7
"1","rawben_rel_max >=    0.892 & shelter_expenses_by_hh_size < 1110.000 & unc_rawben_rel_max <    1.640","xgboost",14493,0.95653,0.95366,7617,7273,0.9548,0.3272,0.227,31.654,0.0772,0.9846,1.7
"1","expedited_i <=   0.5 & shelter_expenses_by_hh_size <= 472.0 & utilities <=   8.0","ranger",9104,0.95727,0.95365,4960,4762,0.9601,0.2142,0.1307,20.613,0.0772,0.9846,1.7
"1","percent_abawd <=    0.250 & rawben_rel_max <=    0.991 & shelter_expenses_by_hh_size <= 1650.000 & unc_rawben_rel_max <=    0.268","ranger",9262,0.95724,0.95365,4303,4106,0.9542,0.1847,0.1053,17.882,0.0772,0.9846,1.7
"1","months_since_cert_n <   30.000 & rawben_rel_max <    0.188 & shelter_expenses_by_hh_size < 1150.000","xgboost",6173,0.95804,0.95364,2796,2674,0.9564,0.1203,0.0751,11.619,0.0772,0.9846,1.7
"1","percent_abawd <=   0.50 & total_deductions_by_hh_size <= 191.00 & unc_rawben_rel_max <=   1.01 & utilities > 360.00","ranger",2438,0.96062,0.95362,1322,1255,0.9493,0.0565,0.0333,5.494,0.0772,0.9846,1.7
"1","shelter_expenses_by_hh_size >= 447 & total_deductions_by_hh_size >=  96 & total_deductions_by_hh_size < 190 & utilities >=  48","xgboost",1710,0.96199,0.95362,849,801,0.9435,0.036,0.0251,3.528,0.0772,0.9846,1.7
"1","count_divisible_by_100 <=   1.50 & total_deductions_by_hh_size <= 184.00 & unc_rawben_rel_max <=   1.21","ranger",14834,0.95645,0.95361,9732,9330,0.9587,0.4197,0.2311,40.444,0.0772,0.9846,1.7
"1","expedited_i <= 0.500 & homeless <= 0.500 & rawben_rel_max <= 0.239","ranger",8264,0.95741,0.9536,3953,3776,0.9552,0.1699,0.0948,16.428,0.0772,0.9846,1.7
"1","unc_rawben_rel_max >=   1.31 & unc_rawben_rel_max <   2.52 & utilities >= 735.00","xgboost",1495,0.96254,0.95359,886,847,0.956,0.0381,0.0296,3.682,0.0772,0.9846,1.7
"1","cat_elig < 2 & children_i < 1 & rawben_rel_max >= 1","xgboost",11794,0.95676,0.95357,8982,8562,0.9532,0.3852,0.3208,37.327,0.0772,0.9846,1.7
"1","elderly_disabled_i > 0.500 & expedited_i <= 0.500 & percent_abawd <= 0.500 & rawben_rel_max <= 0.324","ranger",9803,0.95705,0.95356,4849,4633,0.9555,0.2084,0.0981,20.151,0.0772,0.9846,1.7
"1","children_i <=   0.500 & count_divisible_by_100 <=   1.500 & medical_deductions <= 132.000 & rawben_rel_max >   0.998","ranger",17609,0.95616,0.95355,9293,8879,0.9555,0.3995,0.3125,38.619,0.0772,0.9846,1.7
"1","rawben_rel_max <   0.261 & shelter_expenses_by_hh_size < 528.000 & unc_rawben_rel_max >=  -0.744 & utilities <  56.000","xgboost",2852,0.96003,0.95355,1355,1298,0.9579,0.0584,0.0323,5.631,0.0772,0.9846,1.7
"1","elderly_disabled_i <= 0.5 & homeless > 0.5 & months_since_cert_n > 4.5 & utilities <= 9.5","ranger",963,0.96469,0.95354,460,448,0.9739,0.0202,0.0103,1.912,0.0772,0.9846,1.7
"1","cat_elig <= 0.5 & children_i <= 0.5 & count_divisible_by_100 <= 0.5","ranger",4411,0.95874,0.95353,2268,2180,0.9612,0.0981,0.0418,9.425,0.0772,0.9846,1.7
"1","rawben_rel_max >=   0.838 & total_deductions_by_hh_size < 637.000 & utilities < 405.000","xgboost",12095,0.95668,0.95353,6446,6162,0.9559,0.2772,0.2176,26.788,0.0772,0.9846,1.7
"1","children_i <=  0.500 & rawben_rel_max <=  0.802 & total_deductions_by_hh_size <= 54.300 & utilities <= 30.500","ranger",2619,0.96029,0.95352,1331,1290,0.9692,0.058,0.0197,5.531,0.0772,0.9846,1.7
"1","shelter_expenses_by_hh_size >= 704 & total_deductions_by_hh_size < 300","xgboost",1133,0.96381,0.95352,618,601,0.9725,0.027,0.0093,2.568,0.0772,0.9846,1.7
"1","cat_elig <  2.000 & elderly_disabled_i >=  1.000 & rawben_rel_max <  0.204 & shelter_expenses_by_hh_size < 29.000","xgboost",435,0.97011,0.95351,250,239,0.956,0.0108,0.0069,1.039,0.0772,0.9846,1.7
"1","medical_deductions <  16.00 & rawben_rel_max <   0.08 & shelter_expenses_by_hh_size < 841.00","xgboost",1373,0.96286,0.95351,0,0,NA,0,0,0,0.0772,0.9846,1.7
"1","shelter_expenses_by_hh_size >= 1000 & shelter_expenses_by_hh_size < 1100 & utilities >=  819","xgboost",615,0.96748,0.95351,434,415,0.9562,0.0187,0.0119,1.804,0.0772,0.9846,1.7
"1","months_since_cert_n >=    3.000 & rawben_rel_max <    0.152 & shelter_expenses_by_hh_size < 1050.000","xgboost",4203,0.95884,0.9535,1968,1887,0.9588,0.0849,0.049,8.179,0.0772,0.9846,1.7
"1","married <   1 & months_since_cert_n <   5 & shelter_expenses_by_hh_size < 484","xgboost",9767,0.957,0.95349,4987,4804,0.9633,0.2161,0.1134,20.725,0.0772,0.9846,1.7
"1","cat_elig <=   1.5 & utilities > 864.0","ranger",1539,0.96231,0.95348,1759,1650,0.938,0.0742,0.0652,7.31,0.0772,0.9846,1.7
"1","count_divisible_by_100 <=    0.500 & rawben_rel_max <=    0.085 & total_deductions_by_hh_size >    2.800 & total_deductions_by_hh_size <= 1280.000","ranger",3401,0.95942,0.95348,1559,1487,0.9538,0.0669,0.0519,6.479,0.0772,0.9846,1.7
"1","rawben_rel_max <   0.116 & total_deductions_by_hh_size < 903.000 & utilities < 750.000","xgboost",5293,0.95825,0.95348,2503,2404,0.9604,0.1082,0.0636,10.402,0.0772,0.9846,1.7
"1","rawben_rel_max >=    0.992 & shelter_expenses_by_hh_size < 1440.000","xgboost",17340,0.95611,0.95348,8977,8576,0.9553,0.3858,0.3026,37.306,0.0772,0.9846,1.7
"1","cat_elig > 0.50 & homeless <= 0.50 & unc_rawben_rel_max > 1.00 & unc_rawben_rel_max <= 1.93","ranger",12814,0.95653,0.95347,6790,6481,0.9545,0.2916,0.2407,28.218,0.0772,0.9846,1.7
"1","medical_deductions < 135 & shelter_expenses_by_hh_size < 370","xgboost",15386,0.95626,0.95347,8021,7684,0.958,0.3457,0.2241,33.333,0.0772,0.9846,1.7
"1","elderly_disabled_i <   1.0 & expedited_i <   1.0 & total_deductions_by_hh_size < 855.0 & unc_rawben_rel_max >=   1.2","xgboost",6712,0.95769,0.95346,3608,3457,0.9581,0.1555,0.1237,14.994,0.0772,0.9846,1.7
"1","percent_abawd <= 0.500 & rawben_rel_max <= 0.279 & shelter_expenses_by_hh_size <= 5.500","ranger",1010,0.96436,0.95345,445,423,0.9506,0.019,0.0164,1.849,0.0772,0.9846,1.7
"1","cat_elig <=   0.50 & count_divisible_by_100 <=   0.50 & medical_deductions <= 467.00 & unc_rawben_rel_max <=   1.95","ranger",4471,0.95862,0.95344,2311,2218,0.9598,0.0998,0.0449,9.604,0.0772,0.9846,1.7
"1","months_since_cert_n < 23.000 & percent_abawd <  0.500 & rawben_rel_max <  0.241 & unc_rawben_rel_max <  1.020","xgboost",7945,0.95733,0.95344,3742,3572,0.9546,0.1607,0.094,15.551,0.0772,0.9846,1.7
"1","months_since_cert_n <   4.00 & total_deductions_by_hh_size < 879.00 & unc_rawben_rel_max >=   1.21","xgboost",4173,0.95878,0.95342,1054,1003,0.9516,0.0451,0.0395,4.38,0.0772,0.9846,1.7
"1","children_i <= 0.500 & medical_deductions <= 3.500 & rawben_rel_max > 0.991","ranger",17711,0.95602,0.95341,9321,8901,0.9549,0.4004,0.3158,38.736,0.0772,0.9846,1.7
"1","months_since_cert_n < 10.00 & total_deductions_by_hh_size <  9.00 & unc_rawben_rel_max <  1.09","xgboost",2936,0.95981,0.95341,1447,1392,0.962,0.0626,0.0284,6.013,0.0772,0.9846,1.7
"1","shelter_expenses_by_hh_size < 1390.0000 & total_deductions_by_hh_size >=  486.0000 & unc_rawben_rel_max >=    0.0172 & utilities >=  844.0000","xgboost",2427,0.96044,0.95341,1526,1449,0.9495,0.0652,0.0473,6.342,0.0772,0.9846,1.7
"1","cat_elig <  2.000 & months_since_cert_n < 23.000 & rawben_rel_max <  0.192","xgboost",4399,0.95863,0.9534,2936,2798,0.953,0.1259,0.0875,12.201,0.0772,0.9846,1.7
"1","total_deductions_by_hh_size <= 184 & utilities > 360","ranger",2332,0.96055,0.95337,1246,1184,0.9502,0.0533,0.0318,5.178,0.0772,0.9846,1.7
"1","months_since_cert_n <   6.00 & rawben_rel_max >=   0.08 & unc_rawben_rel_max >=   1.25 & utilities >= 875.00","xgboost",381,0.97113,0.95336,262,256,0.9771,0.0115,0.003,1.089,0.0772,0.9846,1.7
"1","cat_elig <   1.000 & rawben_rel_max >=   0.361 & shelter_expenses_by_hh_size < 874.000","xgboost",2771,0.95994,0.95335,1450,1384,0.9545,0.0623,0.0341,6.026,0.0772,0.9846,1.7
"1","cat_elig >  0.50 & months_since_cert_n <= 11.50 & percent_abawd >  0.75 & unc_rawben_rel_max >  0.85","ranger",3574,0.95915,0.95335,1993,1917,0.9619,0.0862,0.0632,8.282,0.0772,0.9846,1.7
"1","expedited_i <= 0.5 & homeless > 0.5 & utilities <= 8.0","ranger",1794,0.96154,0.95335,877,847,0.9658,0.0381,0.0194,3.645,0.0772,0.9846,1.7
"1","elderly_disabled_i <   1.000 & months_since_cert_n >=   5.000 & rawben_rel_max >=   0.804 & total_deductions_by_hh_size < 625.000","xgboost",4098,0.95876,0.95334,2363,2231,0.9441,0.1004,0.1094,9.82,0.0772,0.9846,1.7
"1","elderly_disabled_i >=   1 & months_since_cert_n >=  14 & shelter_expenses_by_hh_size < 360 & total_deductions_by_hh_size <  40","xgboost",1056,0.96402,0.95334,525,505,0.9619,0.0227,0.0095,2.182,0.0772,0.9846,1.7
"1","children_i <=   0.500 & medical_deductions <= 132.000 & rawben_rel_max >   0.998","ranger",17658,0.95594,0.95333,9317,8900,0.9552,0.4004,0.3147,38.719,0.0772,0.9846,1.7
"1","rawben_rel_max <    0.232 & shelter_expenses_by_hh_size < 1670.000 & total_deductions_by_hh_size <  365.000 & utilities <  560.000","xgboost",6107,0.95775,0.95331,2940,2827,0.9616,0.1272,0.059,12.218,0.0772,0.9846,1.7
"1","cat_elig <= 0.5 & homeless <= 0.5 & months_since_cert_n <= 5.5","ranger",2398,0.96038,0.9533,1224,1177,0.9616,0.053,0.0223,5.087,0.0772,0.9846,1.7
"1","homeless <    1.000 & shelter_expenses_by_hh_size < 2090.000 & unc_rawben_rel_max <    0.076 & utilities <  366.000","xgboost",2467,0.96028,0.95329,1098,1050,0.9563,0.0472,0.0337,4.563,0.0772,0.9846,1.7
"1","homeless <   1.000 & percent_abawd >=   1.000 & rawben_rel_max >=   0.409 & utilities < 360.000","xgboost",2652,0.96003,0.95329,1459,1399,0.9589,0.0629,0.0439,6.063,0.0772,0.9846,1.7
"1","medical_deductions < 132 & total_deductions_by_hh_size < 815 & unc_rawben_rel_max <   0","xgboost",3455,0.95919,0.95328,1721,1647,0.957,0.0741,0.0539,7.152,0.0772,0.9846,1.7
"1","children_i <=   0.500 & medical_deductions <= 100.000 & rawben_rel_max >   0.991","ranger",17722,0.95587,0.95327,9331,8911,0.955,0.4009,0.3158,38.777,0.0772,0.9846,1.7
"1","expedited_i <=   0.5 & married <=   0.5 & percent_abawd <=   1.5 & total_deductions_by_hh_size <= 184.0","ranger",14661,0.95614,0.95327,7716,7357,0.9535,0.331,0.1985,32.066,0.0772,0.9846,1.7
"1","rawben_rel_max <   0.0893 & total_deductions_by_hh_size >=  92.0000 & unc_rawben_rel_max <   2.5200 & utilities >= 281.0000","xgboost",2396,0.96035,0.95326,1109,1064,0.9594,0.0479,0.0357,4.609,0.0772,0.9846,1.7
"1","elderly_disabled_i > 0.500 & expedited_i <= 0.500 & rawben_rel_max > 0.991 & unc_rawben_rel_max <= 1.640","ranger",4135,0.95865,0.95325,2181,2084,0.9555,0.0938,0.0684,9.064,0.0772,0.9846,1.7
"1","cat_elig <   2.00 & medical_deductions >= 167.00 & rawben_rel_max >=   0.99","xgboost",93,0.98925,0.95323,80,70,0.875,0.0031,0.0087,0.332,0.0772,0.9846,1.7
"1","cat_elig >   1.5 & medical_deductions <= 142.0 & total_deductions_by_hh_size <= 168.0","ranger",5894,0.95775,0.95323,515,501,0.9728,0.0225,0.0081,2.14,0.0772,0.9846,1.7
"1","expedited_i <=   0.5 & married <=   0.5 & total_deductions_by_hh_size <= 184.0","ranger",14669,0.9561,0.95323,7727,7368,0.9535,0.3315,0.1985,32.112,0.0772,0.9846,1.7
"1","rawben_rel_max <    0.0893 & shelter_expenses_by_hh_size < 1750.0000 & unc_rawben_rel_max <    1.1800 & utilities <  334.0000","xgboost",2441,0.96026,0.95323,999,955,0.956,0.043,0.0289,4.152,0.0772,0.9846,1.7
"1","elderly_disabled_i > 0.500 & unc_rawben_rel_max <= 0.312","ranger",9776,0.95673,0.95322,4774,4567,0.9566,0.2055,0.0955,19.84,0.0772,0.9846,1.7
"1","expedited_i <=  0.50 & homeless <=  0.50 & months_since_cert_n > 13.50 & rawben_rel_max <=  0.24","ranger",1859,0.96127,0.95321,929,887,0.9548,0.0399,0.021,3.861,0.0772,0.9846,1.6
"1","months_since_cert_n >=   4.000 & rawben_rel_max <   0.199 & shelter_expenses_by_hh_size < 664.000","xgboost",3015,0.95954,0.95321,1347,1283,0.9525,0.0577,0.039,5.598,0.0772,0.9846,1.6
"1","expedited_i <= 0.5 & homeless > 0.5 & medical_deductions <= 0.5 & utilities <= 9.5","ranger",1765,0.96147,0.9532,866,837,0.9665,0.0377,0.0184,3.599,0.0772,0.9846,1.6
"1","rawben_rel_max >=    0.992 & shelter_expenses_by_hh_size < 1530.000 & unc_rawben_rel_max >=   -0.056","xgboost",17675,0.95581,0.9532,9162,8745,0.9545,0.3934,0.3147,38.075,0.0772,0.9846,1.6
"1","months_since_cert_n >=   3.00 & total_deductions_by_hh_size <  63.00 & unc_rawben_rel_max <   1.19 & utilities < 992.00","xgboost",5056,0.95807,0.95318,2612,2497,0.956,0.1123,0.0516,10.855,0.0772,0.9846,1.6
"1","homeless < 1.00 & percent_abawd >= 0.50 & rawben_rel_max >= 0.54 & unc_rawben_rel_max < 1.67","xgboost",2967,0.95956,0.95317,1660,1586,0.9554,0.0714,0.0511,6.899,0.0772,0.9846,1.6
"1","children_i <   1.000 & medical_deductions >=  46.000 & rawben_rel_max <   0.268 & shelter_expenses_by_hh_size < 297.000","xgboost",126,0.98413,0.95316,58,57,0.9828,0.0026,3e-04,0.241,0.0772,0.9846,1.6
"1","months_since_cert_n >=  27.000 & rawben_rel_max >=   0.992 & total_deductions_by_hh_size >= 344.000 & unc_rawben_rel_max <   1.580","xgboost",326,0.97239,0.95314,149,142,0.953,0.0064,0.0055,0.619,0.0772,0.9846,1.6
"1","cat_elig <    1.00 & rawben_rel_max >=    0.38 & shelter_expenses_by_hh_size < 1050.00 & unc_rawben_rel_max >=    0.12","xgboost",3054,0.9594,0.9531,1567,1492,0.9521,0.0671,0.0377,6.512,0.0772,0.9846,1.6
"1","cat_elig <   1 & medical_deductions < 200 & months_since_cert_n <  25","xgboost",4506,0.95828,0.9531,2302,2209,0.9596,0.0994,0.0456,9.567,0.0772,0.9846,1.6
"1","cat_elig <= 0.5 & count_divisible_by_100 <= 0.5 & homeless <= 0.5 & months_since_cert_n <= 8.5","ranger",2848,0.95962,0.9531,1442,1384,0.9598,0.0623,0.0292,5.993,0.0772,0.9846,1.6
"1","cat_elig >   0.50 & percent_abawd >   0.75 & shelter_expenses_by_hh_size <= 646.00 & utilities <=  30.50","ranger",2618,0.95989,0.9531,1502,1446,0.9627,0.0651,0.0446,6.242,0.0772,0.9846,1.6
"1","cat_elig > 0.50 & cat_elig <= 1.50 & months_since_cert_n <= 2.50 & unc_rawben_rel_max > 1.01","ranger",2848,0.95962,0.9531,2429,2345,0.9654,0.1055,0.0653,10.094,0.0772,0.9846,1.6
"1","count_divisible_by_100 <=  0.5 & months_since_cert_n <= 10.5 & utilities <= 14.5","ranger",12404,0.95622,0.9531,6464,6187,0.9571,0.2783,0.1825,26.863,0.0772,0.9846,1.6
"1","cat_elig <= 0.5 & elderly_disabled_i <= 0.5 & homeless <= 0.5 & percent_abawd <= 0.5","ranger",1242,0.96296,0.95309,642,620,0.9657,0.0279,0.0121,2.668,0.0772,0.9846,1.6
"1","cat_elig >  0.500 & medical_deductions <=  0.500 & rawben_rel_max <=  0.085 & utilities > 28.500","ranger",2686,0.95979,0.95308,1295,1236,0.9544,0.0556,0.0446,5.382,0.0772,0.9846,1.6
"1","children_i <= 0.500 & married <= 0.500 & rawben_rel_max > 0.998","ranger",17958,0.95567,0.95308,9425,8994,0.9543,0.4046,0.3271,39.168,0.0772,0.9846,1.6
"1","months_since_cert_n >=    9.0 & shelter_expenses_by_hh_size >= 1090.0 & unc_rawben_rel_max <    1.9 & utilities >=  956.0","xgboost",431,0.96984,0.95308,424,410,0.967,0.0184,0.0083,1.762,0.0772,0.9846,1.6
"1","expedited_i <   1 & homeless >=   1 & shelter_expenses_by_hh_size < 600 & utilities < 111","xgboost",1900,0.96105,0.95307,935,903,0.9658,0.0406,0.0213,3.886,0.0772,0.9846,1.6
"1","children_i <= 0.500 & married <= 0.500 & unc_rawben_rel_max > 0.991","ranger",18079,0.95564,0.95305,9486,9048,0.9538,0.4071,0.3309,39.422,0.0772,0.9846,1.6
"1","months_since_cert_n <  22 & total_deductions_by_hh_size < 236","xgboost",19602,0.95551,0.95303,10241,9805,0.9574,0.4411,0.2531,42.559,0.0772,0.9846,1.6
"1","months_since_cert_n >=   2 & total_deductions_by_hh_size >= 642 & total_deductions_by_hh_size < 803 & utilities >= 819","xgboost",1121,0.96343,0.95303,602,571,0.9485,0.0257,0.0182,2.502,0.0772,0.9846,1.6
"1","cat_elig <=   0.5 & months_since_cert_n >   5.5 & shelter_expenses_by_hh_size <= 568.0","ranger",928,0.96444,0.95301,505,485,0.9604,0.0218,0.0116,2.099,0.0772,0.9846,1.6
"1","children_i <   1.00 & rawben_rel_max <   0.22 & unc_rawben_rel_max <   1.64 & utilities >= 361.00","xgboost",3774,0.95866,0.953,1838,1768,0.9619,0.0795,0.0436,7.638,0.0772,0.9846,1.6
"1","elderly_disabled_i < 1.000 & expedited_i < 1.000 & rawben_rel_max >= 0.992 & unc_rawben_rel_max >= 1.200","xgboost",6736,0.95724,0.953,3623,3468,0.9572,0.156,0.1265,15.056,0.0772,0.9846,1.6
"1","elderly_disabled_i > 0.500 & expedited_i <= 0.500 & rawben_rel_max <= 0.311 & shelter_expenses_by_hh_size > 5.500","ranger",8643,0.95673,0.95298,4254,4063,0.9551,0.1828,0.0858,17.679,0.0772,0.9846,1.6
"1","cat_elig <    2.000 & rawben_rel_max >=    0.787 & shelter_expenses_by_hh_size < 1120.000 & utilities >=  886.000","xgboost",243,0.97531,0.95297,328,309,0.9421,0.0139,0.0125,1.363,0.0772,0.9846,1.6
"1","children_i <=  0.5 & months_since_cert_n >  8.5 & months_since_cert_n <= 30.5 & total_deductions_by_hh_size <= 56.7","ranger",3589,0.95876,0.95295,1990,1907,0.9583,0.0858,0.0464,8.27,0.0772,0.9846,1.6
"1","months_since_cert_n <   1.0 & total_deductions_by_hh_size < 600.0 & unc_rawben_rel_max >=   1.2","xgboost",1143,0.96325,0.95295,510,500,0.9804,0.0225,0.0089,2.119,0.0772,0.9846,1.6
"1","rawben_rel_max <   0.199 & shelter_expenses_by_hh_size >= 664.000 & total_deductions_by_hh_size < 523.000","xgboost",2196,0.96038,0.95295,1084,1048,0.9668,0.0471,0.0203,4.505,0.0772,0.9846,1.6
"1","elderly_disabled_i >=  1.000 & medical_deductions < 16.000 & unc_rawben_rel_max <  0.271","xgboost",7169,0.95704,0.95292,3395,3249,0.957,0.1462,0.0703,14.109,0.0772,0.9846,1.6
"1","months_since_cert_n <   7 & shelter_expenses_by_hh_size < 652 & total_deductions_by_hh_size <  47 & utilities >=  56","xgboost",657,0.96651,0.95292,316,293,0.9272,0.0132,0.011,1.313,0.0772,0.9846,1.6
"1","total_deductions_by_hh_size < 971.00 & unc_rawben_rel_max >=   1.09 & unc_rawben_rel_max <   2.52","xgboost",15272,0.95574,0.95292,7894,7533,0.9543,0.3389,0.2794,32.806,0.0772,0.9846,1.6
"1","elderly_disabled_i > 0.5 & homeless > 0.5 & shelter_expenses_by_hh_size <= 7.5 & total_deductions_by_hh_size <= 7.8","ranger",351,0.97151,0.95291,152,147,0.9671,0.0066,0.0029,0.632,0.0772,0.9846,1.6
"1","months_since_cert_n >=   7 & shelter_expenses_by_hh_size >= 460 & total_deductions_by_hh_size >=  34 & total_deductions_by_hh_size < 174","xgboost",1142,0.96322,0.95291,611,571,0.9345,0.0257,0.02,2.539,0.0772,0.9846,1.6
"1","months_since_cert_n <  20.000 & rawben_rel_max >=   0.992 & unc_rawben_rel_max <   1.160 & utilities >= 302.000","xgboost",1660,0.96145,0.95289,877,835,0.9521,0.0376,0.0245,3.645,0.0772,0.9846,1.6
"1","children_i <   1.00 & total_deductions_by_hh_size < 297.00 & unc_rawben_rel_max <   1.23","xgboost",22047,0.95523,0.95288,11562,11046,0.9554,0.4969,0.2752,48.049,0.0772,0.9846,1.6
"1","elderly_disabled_i >  0.5 & months_since_cert_n <= 10.5 & shelter_expenses_by_hh_size <= 14.5","ranger",1683,0.96138,0.95288,857,825,0.9627,0.0371,0.022,3.561,0.0772,0.9846,1.6
"1","medical_deductions >   0.5 & shelter_expenses_by_hh_size > 444.0 & total_deductions_by_hh_size <= 258.0","ranger",377,0.97082,0.95287,186,179,0.9624,0.0081,0.0034,0.773,0.0772,0.9846,1.6
"1","months_since_cert_n <  3.000 & rawben_rel_max >=  0.261 & utilities < 54.000","xgboost",4933,0.95783,0.95287,2631,2519,0.9574,0.1133,0.0689,10.934,0.0772,0.9846,1.6
"1","months_since_cert_n <    9.000 & shelter_expenses_by_hh_size < 1610.000 & unc_rawben_rel_max >=    0.972","xgboost",14095,0.9558,0.95286,7255,6935,0.9559,0.312,0.2323,30.15,0.0772,0.9846,1.6
"1","cat_elig <  1 & months_since_cert_n >=  4 & months_since_cert_n < 11","xgboost",1775,0.96113,0.95285,908,869,0.957,0.0391,0.0206,3.773,0.0772,0.9846,1.6
"1","cat_elig > 0.500 & cat_elig <= 2.500 & medical_deductions > 3.500 & rawben_rel_max <= 0.329","ranger",1635,0.96147,0.95284,748,712,0.9519,0.032,0.0152,3.109,0.0772,0.9846,1.6
"1","expedited_i <   1.000 & months_since_cert_n <   5.000 & unc_rawben_rel_max >=   0.996 & utilities < 992.000","xgboost",5979,0.95735,0.95284,3121,3004,0.9625,0.1351,0.0881,12.97,0.0772,0.9846,1.6
"1","months_since_cert_n >   3.500 & rawben_rel_max <=   0.991 & total_deductions_by_hh_size <= 650.000 & unc_rawben_rel_max <=   0.268","ranger",6512,0.95716,0.95283,3110,2960,0.9518,0.1332,0.0795,12.924,0.0772,0.9846,1.6
"1","married <    1.000 & rawben_rel_max >=    0.948 & shelter_expenses_by_hh_size < 1800.000 & unc_rawben_rel_max >=    1.020","xgboost",17593,0.95544,0.95281,9157,8734,0.9538,0.3929,0.3223,38.054,0.0772,0.9846,1.6
"1","months_since_cert_n <  15.00 & rawben_rel_max >=   0.99 & utilities >= 789.00","xgboost",1657,0.96138,0.95281,1253,1195,0.9537,0.0538,0.0423,5.207,0.0772,0.9846,1.6
"1","months_since_cert_n < 3.000 & rawben_rel_max >= 0.698 & unc_rawben_rel_max >= 0.908","xgboost",6642,0.95709,0.95281,3434,3302,0.9616,0.1486,0.0948,14.271,0.0772,0.9846,1.6
"1","expedited_i <=   0.5 & months_since_cert_n >  36.5 & utilities > 192.0","ranger",125,0.984,0.9528,68,65,0.9559,0.0029,0.0017,0.283,0.0772,0.9846,1.6
"1","homeless > 0.500 & percent_abawd > 0.250 & rawben_rel_max > 0.991 & shelter_expenses_by_hh_size <= 9.500","ranger",680,0.96618,0.9528,433,423,0.9769,0.019,0.0094,1.799,0.0772,0.9846,1.6
"1","expedited_i >  0.500 & rawben_rel_max >  0.998 & shelter_expenses_by_hh_size <= 14.000 & total_deductions_by_hh_size >  0.100","ranger",214,0.97664,0.95279,91,89,0.978,0.004,0.0019,0.378,0.0772,0.9846,1.6
"1","married <=   0.5 & months_since_cert_n >   4.5 & total_deductions_by_hh_size <= 152.0","ranger",9115,0.95645,0.95279,4798,4566,0.9516,0.2054,0.1315,19.939,0.0772,0.9846,1.6
"1","medical_deductions >=   5.000 & rawben_rel_max <   0.258 & total_deductions_by_hh_size >= 213.000 & utilities >= 414.000","xgboost",851,0.96475,0.95279,334,323,0.9671,0.0145,0.0053,1.388,0.0772,0.9846,1.6
"1","cat_elig > 0.50 & homeless > 0.50 & months_since_cert_n <= 5.50 & unc_rawben_rel_max <= 1.93","ranger",2257,0.96012,0.95278,1118,1072,0.9589,0.0482,0.0308,4.646,0.0772,0.9846,1.6
"1","shelter_expenses_by_hh_size >= 418.0 & total_deductions_by_hh_size <  22.4 & utilities < 388.0","xgboost",350,0.97143,0.95278,172,167,0.9709,0.0075,0.0022,0.715,0.0772,0.9846,1.6
"1","medical_deductions < 135 & months_since_cert_n <  11 & utilities <  27","xgboost",12753,0.95585,0.95276,6624,6343,0.9576,0.2854,0.1852,27.528,0.0772,0.9846,1.6
"1","cat_elig > 0.500 & elderly_disabled_i <= 0.500 & homeless <= 0.500 & rawben_rel_max > 0.854","ranger",8644,0.9565,0.95275,4615,4401,0.9536,0.198,0.1747,19.179,0.0772,0.9846,1.6
"1","medical_deductions > 0.500 & rawben_rel_max <= 0.325","ranger",1887,0.96078,0.95275,854,815,0.9543,0.0367,0.016,3.549,0.0772,0.9846,1.6
"1","shelter_expenses_by_hh_size < 400.00 & total_deductions_by_hh_size >=  22.40 & total_deductions_by_hh_size <  59.00 & unc_rawben_rel_max <   1.24","xgboost",580,0.96724,0.95275,331,306,0.9245,0.0138,0.0125,1.376,0.0772,0.9846,1.6
"1","married <  1.000 & months_since_cert_n < 22.000 & rawben_rel_max >=  0.992","xgboost",17569,0.95538,0.95274,9221,8794,0.9537,0.3956,0.3263,38.32,0.0772,0.9846,1.6
"1","rawben_rel_max >=   0.241 & shelter_expenses_by_hh_size < 500.000 & total_deductions_by_hh_size < 221.000","xgboost",13620,0.95573,0.95274,7195,6895,0.9583,0.3102,0.1882,29.901,0.0772,0.9846,1.6
"1","count_divisible_by_100 < 1 & elderly_disabled_i >= 1 & months_since_cert_n < 3 & total_deductions_by_hh_size < 9","xgboost",946,0.96406,0.95271,464,446,0.9612,0.0201,0.0096,1.928,0.0772,0.9846,1.6
"1","shelter_expenses_by_hh_size < 394 & total_deductions_by_hh_size < 333 & utilities < 875","xgboost",15727,0.95549,0.95271,8186,7839,0.9576,0.3527,0.2164,34.019,0.0772,0.9846,1.6
"1","elderly_disabled_i <= 0.500 & expedited_i <= 0.500 & homeless <= 0.500 & rawben_rel_max > 0.998","ranger",6182,0.95713,0.95269,3403,3250,0.955,0.1462,0.1228,14.142,0.0772,0.9846,1.6
"1","months_since_cert_n < 11.000 & rawben_rel_max >=  0.264 & unc_rawben_rel_max >=  1.200","xgboost",12953,0.95576,0.95269,6708,6400,0.9541,0.2879,0.2423,27.877,0.0772,0.9846,1.6
"1","children_i <= 0.500 & expedited_i <= 0.500 & rawben_rel_max <= 0.268","ranger",9379,0.95629,0.95268,4360,4159,0.9539,0.1871,0.1088,18.119,0.0772,0.9846,1.6
"1","homeless >=  1 & months_since_cert_n >= 10 & months_since_cert_n < 16 & total_deductions_by_hh_size < 55","xgboost",269,0.97398,0.95268,157,154,0.9809,0.0069,0.0023,0.652,0.0772,0.9846,1.6
"1","rawben_rel_max >=   0.992 & unc_rawben_rel_max <   2.520 & utilities < 577.000","xgboost",14194,0.95562,0.95268,7369,7028,0.9537,0.3162,0.2606,30.624,0.0772,0.9846,1.6
"1","unc_rawben_rel_max >= 1.09 & unc_rawben_rel_max < 2.52","xgboost",16675,0.95538,0.95268,8724,8331,0.955,0.3748,0.3031,36.255,0.0772,0.9846,1.6
"1","elderly_disabled_i <= 0.5 & expedited_i <= 0.5 & homeless <= 0.5 & unc_rawben_rel_max > 1.0","ranger",6176,0.95709,0.95265,3395,3242,0.9549,0.1459,0.1228,14.109,0.0772,0.9846,1.6
"1","married <= 0.500 & medical_deductions <= 4.500 & rawben_rel_max > 0.991","ranger",18054,0.95525,0.95265,9467,9028,0.9536,0.4062,0.3312,39.343,0.0772,0.9846,1.6
"1","months_since_cert_n > 5.500 & percent_abawd <= 0.750 & unc_rawben_rel_max <= 0.268","ranger",5555,0.95734,0.95265,2664,2539,0.9531,0.1142,0.0667,11.071,0.0772,0.9846,1.6
"1","rawben_rel_max >=   0.261 & shelter_expenses_by_hh_size < 382.000 & unc_rawben_rel_max <   1.480","xgboost",12351,0.95579,0.95265,6584,6323,0.9604,0.2845,0.1733,27.362,0.0772,0.9846,1.6
"1","cat_elig <= 0.50 & children_i <= 0.50 & married <= 0.50 & unc_rawben_rel_max <= 2.45","ranger",4574,0.9578,0.95264,2356,2264,0.961,0.1019,0.0435,9.791,0.0772,0.9846,1.6
"1","cat_elig >=   1.0 & percent_abawd <   0.5 & shelter_expenses_by_hh_size < 205.0","xgboost",8228,0.95649,0.95264,4103,3942,0.9608,0.1773,0.1128,17.051,0.0772,0.9846,1.6
"1","elderly_disabled_i <= 0.500 & expedited_i <= 0.500 & unc_rawben_rel_max > 0.804","ranger",8315,0.95646,0.95263,4468,4280,0.9579,0.1925,0.1459,18.568,0.0772,0.9846,1.6
"1","rawben_rel_max >=   0.992 & unc_rawben_rel_max >=   1.140 & utilities >= 852.000","xgboost",1253,0.96249,0.95262,935,893,0.9551,0.0402,0.032,3.886,0.0772,0.9846,1.6
"1","months_since_cert_n <  10.0 & percent_abawd >=   0.5 & total_deductions_by_hh_size < 433.0","xgboost",3067,0.95892,0.95261,1734,1668,0.9619,0.075,0.046,7.206,0.0772,0.9846,1.6
"1","months_since_cert_n >= 2.000 & percent_abawd >= 0.500 & unc_rawben_rel_max >= 0.972 & unc_rawben_rel_max < 2.520","xgboost",3044,0.95894,0.9526,1720,1647,0.9576,0.0741,0.0592,7.148,0.0772,0.9846,1.6
"1","cat_elig > 0.500 & elderly_disabled_i <= 0.500 & expedited_i <= 0.500 & rawben_rel_max > 0.967","ranger",6766,0.95684,0.95259,3628,3473,0.9573,0.1562,0.1253,15.077,0.0772,0.9846,1.6
"1","count_divisible_by_100 <    1.00 & total_deductions_by_hh_size >= 1120.00 & unc_rawben_rel_max >=    1.38 & unc_rawben_rel_max <    2.22","xgboost",452,0.96903,0.95258,246,242,0.9837,0.0109,0.0034,1.022,0.0772,0.9846,1.6
"1","rawben_rel_max >=    0.476 & total_deductions_by_hh_size < 1450.000 & unc_rawben_rel_max >=    1.020","xgboost",17848,0.95518,0.95256,9308,8880,0.954,0.3995,0.3261,38.682,0.0772,0.9846,1.6
"1","rawben_rel_max >=   0.23 & total_deductions_by_hh_size < 205.00","xgboost",14874,0.95543,0.95256,7824,7475,0.9554,0.3363,0.2094,32.515,0.0772,0.9846,1.6
"1","expedited_i <= 0.50 & months_since_cert_n <= 5.50 & percent_abawd <= 0.75 & unc_rawben_rel_max > 1.00","ranger",5587,0.95722,0.95254,2862,2745,0.9591,0.1235,0.0877,11.894,0.0772,0.9846,1.6
"1","months_since_cert_n <   9 & total_deductions_by_hh_size < 333 & unc_rawben_rel_max <   0 & utilities < 388","xgboost",1251,0.96243,0.95254,567,548,0.9665,0.0247,0.0137,2.356,0.0772,0.9846,1.6
"1","cat_elig <= 0.50 & homeless <= 0.50 & medical_deductions <= 0.50 & unc_rawben_rel_max <= 1.93","ranger",3557,0.95839,0.95253,1879,1805,0.9606,0.0812,0.0379,7.809,0.0772,0.9846,1.6
"1","cat_elig <    2.000 & rawben_rel_max >=    0.533 & shelter_expenses_by_hh_size < 1800.000 & utilities >=  784.000","xgboost",2450,0.95959,0.95252,2456,2296,0.9349,0.1033,0.0931,10.207,0.0772,0.9846,1.6
"1","elderly_disabled_i <   1.000 & rawben_rel_max >=   0.236 & unc_rawben_rel_max >=  -1.170 & utilities < 388.000","xgboost",11270,0.95581,0.95252,5821,5572,0.9572,0.2507,0.1768,24.191,0.0772,0.9846,1.6
"1","cat_elig <   1.000 & medical_deductions < 183.000 & rawben_rel_max <   0.992 & total_deductions_by_hh_size < 198.000","xgboost",942,0.96391,0.95251,483,465,0.9627,0.0209,0.0079,2.007,0.0772,0.9846,1.6
"1","children_i <= 0.500 & percent_abawd <= 1.500 & rawben_rel_max > 0.991","ranger",18133,0.95511,0.95251,9511,9071,0.9537,0.4081,0.3329,39.525,0.0772,0.9846,1.6
"1","married <=  0.500 & medical_deductions <= 96.200 & rawben_rel_max >  0.991","ranger",18065,0.95511,0.9525,9477,9038,0.9537,0.4066,0.3312,39.384,0.0772,0.9846,1.6
"1","cat_elig > 0.500 & medical_deductions > 3.500 & rawben_rel_max <= 0.329","ranger",1646,0.96112,0.95249,748,712,0.9519,0.032,0.0152,3.109,0.0772,0.9846,1.6
"1","medical_deductions <   5 & total_deductions_by_hh_size < 252 & utilities < 601","xgboost",20482,0.95494,0.95249,10693,10223,0.956,0.4599,0.2649,44.438,0.0772,0.9846,1.6
"1","months_since_cert_n <  21.00 & total_deductions_by_hh_size < 798.00 & unc_rawben_rel_max >=   1.18 & utilities < 819.00","xgboost",12328,0.95563,0.95248,6308,6031,0.9561,0.2713,0.2214,26.215,0.0772,0.9846,1.6
"1","total_deductions_by_hh_size < 182.000 & unc_rawben_rel_max >=  -0.016","xgboost",16800,0.95518,0.95248,8829,8422,0.9539,0.3789,0.2379,36.691,0.0772,0.9846,1.6
"1","expedited_i <    1.000 & months_since_cert_n >=    5.000 & rawben_rel_max <    0.296 & shelter_expenses_by_hh_size < 1640.000","xgboost",6462,0.95682,0.95247,3226,3073,0.9526,0.1382,0.0771,13.406,0.0772,0.9846,1.6
"1","homeless >=  1.000 & months_since_cert_n < 15.000 & unc_rawben_rel_max >=  0.443 & unc_rawben_rel_max <  1.930","xgboost",3418,0.95846,0.95247,1673,1608,0.9611,0.0723,0.0434,6.953,0.0772,0.9846,1.6
"1","children_i <= 0.5 & unc_rawben_rel_max > 1.0","ranger",17962,0.95507,0.95246,9424,8991,0.9541,0.4045,0.3296,39.164,0.0772,0.9846,1.6
"1","rawben_rel_max <   0.227 & shelter_expenses_by_hh_size >= 841.000 & total_deductions_by_hh_size < 474.000","xgboost",1060,0.96321,0.95246,545,529,0.9706,0.0238,0.0079,2.265,0.0772,0.9846,1.6
"1","cat_elig >= 1 & homeless >= 1 & months_since_cert_n < 4","xgboost",1598,0.9612,0.95244,778,748,0.9614,0.0337,0.0189,3.233,0.0772,0.9846,1.6
"1","cat_elig > 0.5 & children_i <= 0.5 & elderly_disabled_i <= 0.5 & expedited_i > 0.5","ranger",4375,0.95771,0.95242,2139,2043,0.9551,0.0919,0.0801,8.889,0.0772,0.9846,1.6
"1","cat_elig > 0.5 & elderly_disabled_i <= 0.5 & homeless > 0.5","ranger",2761,0.95907,0.95241,1343,1300,0.968,0.0585,0.0321,5.581,0.0772,0.9846,1.6
"1","married <= 0.500 & rawben_rel_max <= 0.085 & total_deductions_by_hh_size > 7.800","ranger",3526,0.95831,0.95241,1623,1543,0.9507,0.0694,0.0598,6.745,0.0772,0.9846,1.6
"1","months_since_cert_n <   8.000 & unc_rawben_rel_max >=   0.962 & utilities < 992.000","xgboost",13484,0.95543,0.95241,6816,6511,0.9553,0.2929,0.222,28.326,0.0772,0.9846,1.6
"1","children_i <= 0.500 & rawben_rel_max > 0.998","ranger",18025,0.95501,0.9524,9456,9022,0.9541,0.4059,0.33,39.297,0.0772,0.9846,1.6
"1","married < 1.0000 & rawben_rel_max < 0.0928","xgboost",5526,0.95711,0.9524,2572,2459,0.9561,0.1106,0.0762,10.689,0.0772,0.9846,1.6
"1","months_since_cert_n <  31.0000 & rawben_rel_max >=   0.0928 & total_deductions_by_hh_size < 202.0000","xgboost",16311,0.95512,0.95238,8666,8270,0.9543,0.3721,0.2298,36.014,0.0772,0.9846,1.6
"1","cat_elig > 0.5 & elderly_disabled_i <= 0.5 & homeless > 0.5 & married <= 0.5","ranger",2759,0.95904,0.95237,1342,1299,0.968,0.0584,0.0321,5.577,0.0772,0.9846,1.6
"1","cat_elig <    1 & children_i <    1 & total_deductions_by_hh_size < 1780","xgboost",4591,0.95753,0.95235,2359,2268,0.9614,0.102,0.043,9.803,0.0772,0.9846,1.6
"1","percent_abawd >=   0.50 & rawben_rel_max >=   1.00 & total_deductions_by_hh_size < 734.00 & unc_rawben_rel_max <   1.17","xgboost",294,0.97279,0.95235,171,169,0.9883,0.0076,0.001,0.711,0.0772,0.9846,1.6
"1","shelter_expenses_by_hh_size < 1640.000 & total_deductions_by_hh_size <  490.000 & unc_rawben_rel_max >=   -1.170 & unc_rawben_rel_max <    0.271","xgboost",8220,0.9562,0.95234,3845,3660,0.9519,0.1647,0.0984,15.979,0.0772,0.9846,1.6
"1","medical_deductions <= 100.0 & shelter_expenses_by_hh_size >  14.5 & total_deductions_by_hh_size <=   2.5 & utilities <= 242.0","ranger",1962,0.96024,0.95233,1021,983,0.9628,0.0442,0.0153,4.243,0.0772,0.9846,1.6
"1","count_divisible_by_100 <= 1.5 & expedited_i > 0.5 & homeless <= 0.5 & months_since_cert_n <= 1.5","ranger",1362,0.96182,0.95232,606,584,0.9637,0.0263,0.0173,2.518,0.0772,0.9846,1.6
"1","expedited_i <=    0.500 & shelter_expenses_by_hh_size <= 1800.000 & unc_rawben_rel_max <=    0.239 & utilities >    8.000","ranger",6375,0.95671,0.95232,3014,2868,0.9516,0.129,0.0738,12.525,0.0772,0.9846,1.6
"1","cat_elig >  0.5 & elderly_disabled_i >  0.5 & shelter_expenses_by_hh_size <=  5.5 & total_deductions_by_hh_size <= 53.7","ranger",2007,0.96014,0.95231,987,954,0.9666,0.0429,0.0199,4.102,0.0772,0.9846,1.6
"1","elderly_disabled_i >   0.5 & shelter_expenses_by_hh_size > 466.0 & total_deductions_by_hh_size >  53.5 & total_deductions_by_hh_size <= 182.0","ranger",2007,0.96014,0.95231,1028,972,0.9455,0.0437,0.0293,4.272,0.0772,0.9846,1.6
"1","medical_deductions >   7.500 & total_deductions_by_hh_size > 464.000 & unc_rawben_rel_max <=   0.266","ranger",624,0.96635,0.95231,267,257,0.9625,0.0116,0.005,1.11,0.0772,0.9846,1.6
"1","medical_deductions > 3.50 & unc_rawben_rel_max <= 0.32","ranger",1869,0.96041,0.9523,841,806,0.9584,0.0363,0.0149,3.495,0.0772,0.9846,1.6
"1","expedited_i <=    0.500 & rawben_rel_max <=    0.268 & shelter_expenses_by_hh_size <= 2170.000","ranger",9390,0.95591,0.95229,4374,4172,0.9538,0.1877,0.1079,18.177,0.0772,0.9846,1.6
"1","medical_deductions <= 137.000 & months_since_cert_n >  10.500 & rawben_rel_max <=   0.407 & utilities <=   5.000","ranger",866,0.9642,0.95229,471,450,0.9554,0.0202,0.0113,1.957,0.0772,0.9846,1.6
"1","months_since_cert_n >   5.5 & shelter_expenses_by_hh_size <=  12.5 & total_deductions_by_hh_size <= 294.0","ranger",3584,0.95815,0.95229,1911,1834,0.9597,0.0825,0.0596,7.942,0.0772,0.9846,1.6
"1","percent_abawd <=    0.250 & rawben_rel_max <=    0.268 & utilities <= 1170.000","ranger",9389,0.95591,0.95229,4354,4152,0.9536,0.1868,0.1091,18.094,0.0772,0.9846,1.6
"1","medical_deductions <   3.00 & rawben_rel_max <   0.23 & total_deductions_by_hh_size < 205.00 & utilities < 361.00","xgboost",3225,0.95845,0.95227,1645,1575,0.9574,0.0709,0.0319,6.836,0.0772,0.9846,1.6
"1","expedited_i > 0.50 & months_since_cert_n > 4.50 & percent_abawd <= 0.75 & total_deductions_by_hh_size <= 8.80","ranger",937,0.96371,0.95226,466,454,0.9742,0.0204,0.0097,1.937,0.0772,0.9846,1.6
"1","married <=   0.5 & medical_deductions <= 114.0 & months_since_cert_n >   4.5 & total_deductions_by_hh_size <= 152.0","ranger",8926,0.95597,0.95226,4682,4457,0.9519,0.2005,0.1265,19.457,0.0772,0.9846,1.6
"1","cat_elig < 2.000 & rawben_rel_max >= 0.992","xgboost",12161,0.95543,0.95225,9242,8792,0.9513,0.3955,0.3431,38.408,0.0772,0.9846,1.6
"1","count_divisible_by_100 <=   0.500 & medical_deductions <= 116.000 & rawben_rel_max >   0.991","ranger",17466,0.95488,0.95223,9100,8684,0.9543,0.3907,0.3133,37.817,0.0772,0.9846,1.6
"1","medical_deductions >   0.5 & total_deductions_by_hh_size > 258.0 & total_deductions_by_hh_size <= 290.0","ranger",91,0.98901,0.95223,43,38,0.8837,0.0017,0.002,0.179,0.0772,0.9846,1.6
"1","rawben_rel_max >=   0.124 & shelter_expenses_by_hh_size < 750.000 & total_deductions_by_hh_size < 205.000 & utilities < 789.000","xgboost",16494,0.95495,0.95222,8728,8330,0.9544,0.3748,0.2303,36.271,0.0772,0.9846,1.6
"1","cat_elig <   2 & medical_deductions <   5 & total_deductions_by_hh_size < 300 & utilities < 577","xgboost",15128,0.95505,0.9522,10768,10274,0.9541,0.4622,0.2752,44.749,0.0772,0.9846,1.6
"1","children_i <= 0.500 & elderly_disabled_i > 0.500 & rawben_rel_max <= 0.325","ranger",10068,0.9557,0.9522,4970,4749,0.9555,0.2136,0.1002,20.654,0.0772,0.9846,1.6
"1","months_since_cert_n <   27.000 & rawben_rel_max >=    0.454 & shelter_expenses_by_hh_size < 1800.000 & unc_rawben_rel_max >=    1.050","xgboost",16725,0.95492,0.9522,8721,8320,0.954,0.3743,0.3071,36.242,0.0772,0.9846,1.6
"1","cat_elig <=   0.500 & homeless <=   0.500 & rawben_rel_max <=   0.993 & total_deductions_by_hh_size <= 313.000","ranger",1265,0.96206,0.95219,639,612,0.9577,0.0275,0.0107,2.656,0.0772,0.9846,1.6
"1","children_i < 1.000 & expedited_i >= 1.000 & rawben_rel_max >= 0.552","xgboost",6511,0.95654,0.95219,3272,3107,0.9496,0.1398,0.1177,13.598,0.0772,0.9846,1.6
"1","unc_rawben_rel_max >= 0.936 & unc_rawben_rel_max < 1.250","xgboost",14131,0.95513,0.95218,7474,7140,0.9553,0.3212,0.2186,31.06,0.0772,0.9846,1.6
"1","married <=   0.500 & rawben_rel_max <=   0.429 & shelter_expenses_by_hh_size >   5.500 & total_deductions_by_hh_size <= 169.000","ranger",6400,0.95656,0.95217,3220,3045,0.9457,0.137,0.0802,13.382,0.0772,0.9846,1.6
"1","count_divisible_by_100 <=  1.5 & months_since_cert_n > 13.5 & total_deductions_by_hh_size <=  8.8 & unc_rawben_rel_max > -4.1","ranger",1473,0.9613,0.95216,716,691,0.9651,0.0311,0.0139,2.976,0.0772,0.9846,1.6
"1","elderly_disabled_i > 0.500 & percent_abawd <= 0.500 & rawben_rel_max <= 0.324","ranger",10034,0.95565,0.95215,4950,4727,0.9549,0.2127,0.1021,20.571,0.0772,0.9846,1.6
"1","months_since_cert_n >  5.500 & rawben_rel_max >  0.991 & utilities <= 14.500","ranger",2881,0.95869,0.95215,1557,1481,0.9512,0.0666,0.0625,6.471,0.0772,0.9846,1.6
"1","months_since_cert_n >=    4.000 & rawben_rel_max <    0.124 & shelter_expenses_by_hh_size < 1030.000 & utilities <  600.000","xgboost",3261,0.9583,0.95215,1516,1453,0.9584,0.0654,0.0389,6.3,0.0772,0.9846,1.6
"1","cat_elig <=   0.5 & elderly_disabled_i >   0.5 & married <=   0.5 & shelter_expenses_by_hh_size <= 608.0","ranger",1100,0.96273,0.95214,575,546,0.9496,0.0246,0.0163,2.39,0.0772,0.9846,1.6
"1","months_since_cert_n >=   1.000 & rawben_rel_max <   0.092 & shelter_expenses_by_hh_size >= 197.000 & utilities < 361.000","xgboost",1817,0.96037,0.95214,794,763,0.961,0.0343,0.0204,3.3,0.0772,0.9846,1.6
"1","total_deductions_by_hh_size >= 803 & utilities >= 875 & utilities < 912","xgboost",319,0.97179,0.95212,1,1,1,0,0,0.004,0.0772,0.9846,1.6
"1","cat_elig <    1.0 & percent_abawd <    0.5 & shelter_expenses_by_hh_size < 1090.0 & utilities <  424.0","xgboost",3147,0.95837,0.95211,1503,1441,0.9587,0.0648,0.0321,6.246,0.0772,0.9846,1.6
"1","elderly_disabled_i >=   1.00 & homeless >=   1.00 & total_deductions_by_hh_size < 163.00 & unc_rawben_rel_max <   1.05","xgboost",371,0.97035,0.95211,169,165,0.9763,0.0074,0.0018,0.702,0.0772,0.9846,1.6
"1","rawben_rel_max >=   0.0928 & total_deductions_by_hh_size < 202.0000","xgboost",16606,0.95484,0.95211,8786,8383,0.9541,0.3771,0.2332,36.512,0.0772,0.9846,1.6
"1","cat_elig <  1.00 & medical_deductions < 99.00 & unc_rawben_rel_max >=  0.12","xgboost",3703,0.95787,0.9521,1945,1865,0.9589,0.0839,0.0409,8.083,0.0772,0.9846,1.6
"1","cat_elig <   1.00 & months_since_cert_n <  12.00 & rawben_rel_max >=   0.34 & utilities >= 483.00","xgboost",422,0.96919,0.95209,133,130,0.9774,0.0058,0.0014,0.553,0.0772,0.9846,1.6
"1","homeless <=   0.5 & medical_deductions <=   0.5 & total_deductions_by_hh_size <= 218.0","ranger",16211,0.95485,0.95209,8608,8216,0.9545,0.3696,0.2196,35.773,0.0772,0.9846,1.6
"1","rawben_rel_max >=   1.00 & total_deductions_by_hh_size >=   9.00 & unc_rawben_rel_max <   2.52 & utilities >= 493.00","xgboost",5116,0.957,0.95209,2751,2630,0.956,0.1183,0.0897,11.432,0.0772,0.9846,1.6
"1","cat_elig <=   0.5 & children_i <=   0.5 & shelter_expenses_by_hh_size >  14.5 & total_deductions_by_hh_size <= 289.0","ranger",1122,0.96257,0.95208,572,553,0.9668,0.0249,0.0063,2.377,0.0772,0.9846,1.6
"1","elderly_disabled_i >  0.5 & married <=  0.5 & months_since_cert_n <= 11.5 & shelter_expenses_by_hh_size <=  5.5","ranger",1769,0.96043,0.95208,910,874,0.9604,0.0393,0.0239,3.782,0.0772,0.9846,1.6
"1","expedited_i <=    0.500 & rawben_rel_max <=    0.268 & shelter_expenses_by_hh_size >   32.500 & shelter_expenses_by_hh_size <= 2850.000","ranger",8328,0.95593,0.95208,3913,3728,0.9527,0.1677,0.0964,16.261,0.0772,0.9846,1.6
"1","cat_elig >   1.5 & elderly_disabled_i <=   0.5 & total_deductions_by_hh_size <= 172.0","ranger",3701,0.95785,0.95207,341,333,0.9765,0.015,0.0053,1.417,0.0772,0.9846,1.6
"1","rawben_rel_max >=    0.608 & shelter_expenses_by_hh_size < 1800.000 & unc_rawben_rel_max >=    1.050 & utilities >=  723.000","xgboost",2449,0.95917,0.95207,1485,1424,0.9589,0.0641,0.0434,6.171,0.0772,0.9846,1.6
"1","medical_deductions <= 0.5 & unc_rawben_rel_max > 1.0","ranger",18047,0.95467,0.95206,9456,9022,0.9541,0.4059,0.3295,39.297,0.0772,0.9846,1.6
"1","rawben_rel_max <=   0.991 & shelter_expenses_by_hh_size <= 262.000 & total_deductions_by_hh_size <=   7.600 & unc_rawben_rel_max <=   0.421","ranger",1608,0.96082,0.95206,794,768,0.9673,0.0346,0.0132,3.3,0.0772,0.9846,1.6
"1","cat_elig >  0.500 & months_since_cert_n <= 10.500 & rawben_rel_max >  0.991","ranger",13467,0.95508,0.95205,7010,6678,0.9526,0.3004,0.2536,29.132,0.0772,0.9846,1.6
"1","children_i < 1.000 & expedited_i < 1.000 & percent_abawd < 0.500 & rawben_rel_max < 0.312","xgboost",10058,0.95556,0.95205,4920,4695,0.9543,0.2112,0.1101,20.446,0.0772,0.9846,1.6
"1","shelter_expenses_by_hh_size >=  884 & shelter_expenses_by_hh_size < 1090 & total_deductions_by_hh_size <  415","xgboost",596,0.96644,0.95205,307,300,0.9772,0.0135,0.0029,1.276,0.0772,0.9846,1.6
"1","cat_elig <   1.000 & months_since_cert_n >=   9.000 & rawben_rel_max <   0.485 & total_deductions_by_hh_size < 278.000","xgboost",472,0.96822,0.95204,269,262,0.974,0.0118,0.0023,1.118,0.0772,0.9846,1.6
"1","cat_elig >=   1.000 & elderly_disabled_i >=   1.000 & rawben_rel_max <   0.312 & shelter_expenses_by_hh_size < 925.000","xgboost",6950,0.95626,0.95204,3366,3205,0.9522,0.1442,0.0733,13.988,0.0772,0.9846,1.6
"1","homeless >=   1.000 & rawben_rel_max >=   0.364 & total_deductions_by_hh_size < 597.000","xgboost",3364,0.95809,0.95202,1620,1560,0.963,0.0702,0.0393,6.732,0.0772,0.9846,1.6
"1","expedited_i >=   1.0 & total_deductions_by_hh_size < 815.0 & unc_rawben_rel_max <   1.9 & utilities < 494.0","xgboost",5590,0.95671,0.95201,2841,2709,0.9535,0.1219,0.0958,11.807,0.0772,0.9846,1.6
"1","percent_abawd <   0.500 & unc_rawben_rel_max <  -0.495 & utilities >= 366.000","xgboost",571,0.96673,0.95201,270,262,0.9704,0.0118,0.007,1.122,0.0772,0.9846,1.6
"1","cat_elig >=  2.00 & shelter_expenses_by_hh_size < 61.00 & unc_rawben_rel_max <  1.23 & utilities < 63.00","xgboost",4469,0.95726,0.952,384,378,0.9844,0.017,0.0045,1.596,0.0772,0.9846,1.6
"1","medical_deductions <= 3.500 & rawben_rel_max > 0.998","ranger",18110,0.95461,0.952,9484,9049,0.9541,0.4071,0.3298,39.413,0.0772,0.9846,1.6
"1","cat_elig >  0.5 & elderly_disabled_i <=  0.5 & homeless >  0.5 & months_since_cert_n <= 23.5","ranger",2737,0.95871,0.95199,1338,1295,0.9679,0.0583,0.0321,5.56,0.0772,0.9846,1.6
"1","children_i <  1.00 & expedited_i <  1.00 & rawben_rel_max <  0.21 & utilities < 56.00","xgboost",2624,0.95884,0.95198,1199,1148,0.9575,0.0516,0.0309,4.983,0.0772,0.9846,1.6
"1","cat_elig <=  0.5 & months_since_cert_n <= 11.5 & percent_abawd <=  0.5","ranger",3449,0.95796,0.95197,1720,1651,0.9599,0.0743,0.0347,7.148,0.0772,0.9846,1.6
"1","cat_elig <  1.000 & months_since_cert_n < 26.000 & rawben_rel_max >=  0.464","xgboost",3226,0.95815,0.95196,1686,1613,0.9567,0.0726,0.0377,7.007,0.0772,0.9846,1.6
"1","cat_elig <=   0.50 & medical_deductions <= 467.00 & unc_rawben_rel_max <=   1.95","ranger",4663,0.95711,0.95196,2410,2312,0.9593,0.104,0.0473,10.015,0.0772,0.9846,1.6
"1","children_i <= 0.500 & count_divisible_by_100 <= 0.500 & rawben_rel_max <= 0.087 & total_deductions_by_hh_size > 2.800","ranger",3426,0.95797,0.95196,1568,1495,0.9534,0.0673,0.0533,6.516,0.0772,0.9846,1.6
"1","rawben_rel_max >   0.816 & utilities > 850.000","ranger",2286,0.95932,0.95196,1617,1532,0.9474,0.0689,0.0601,6.72,0.0772,0.9846,1.6
"1","rawben_rel_max >=    0.99 & shelter_expenses_by_hh_size >= 1060.00 & utilities >=  819.00","xgboost",1513,0.961,0.95196,1120,1074,0.9589,0.0483,0.0349,4.654,0.0772,0.9846,1.6
"1","cat_elig >= 1.000 & elderly_disabled_i >= 1.000 & rawben_rel_max < 0.312","xgboost",8717,0.95572,0.95195,4262,4063,0.9533,0.1828,0.0918,17.712,0.0772,0.9846,1.6
"1","married <   1.00 & shelter_expenses_by_hh_size < 935.00 & total_deductions_by_hh_size < 293.00 & unc_rawben_rel_max <   1.23","xgboost",22000,0.95432,0.95195,11525,11000,0.9544,0.4949,0.2834,47.895,0.0772,0.9846,1.6
"1","rawben_rel_max <   0.278 & total_deductions_by_hh_size < 549.000 & utilities <  54.000","xgboost",3358,0.95801,0.95194,1557,1488,0.9557,0.0669,0.04,6.471,0.0772,0.9846,1.6
"1","children_i <= 0.500 & percent_abawd <= 0.250 & shelter_expenses_by_hh_size > 5.500 & unc_rawben_rel_max <= 0.268","ranger",8366,0.95577,0.95193,3900,3724,0.9549,0.1675,0.0905,16.207,0.0772,0.9846,1.6
"1","expedited_i < 1.000 & months_since_cert_n < 4.000 & rawben_rel_max >= 0.412 & unc_rawben_rel_max >= 1.050","xgboost",4704,0.95706,0.95193,2550,2459,0.9643,0.1106,0.0674,10.597,0.0772,0.9846,1.6
"1","cat_elig > 0.5 & children_i <= 0.5 & months_since_cert_n <= 5.5 & utilities <= 9.5","ranger",7671,0.95594,0.95192,4016,3848,0.9582,0.1731,0.1068,16.69,0.0772,0.9846,1.6
"1","elderly_disabled_i <   1 & months_since_cert_n <  11 & shelter_expenses_by_hh_size < 744","xgboost",11623,0.95518,0.95191,5948,5705,0.9591,0.2567,0.1712,24.718,0.0772,0.9846,1.6
"1","elderly_disabled_i <    1.000 & rawben_rel_max >=    0.481 & shelter_expenses_by_hh_size < 1560.000 & utilities <  493.000","xgboost",11965,0.95512,0.9519,6225,5966,0.9584,0.2684,0.1895,25.87,0.0772,0.9846,1.6
"1","cat_elig < 2.000 & expedited_i < 1.000 & unc_rawben_rel_max < 0.271","xgboost",6493,0.95626,0.95189,4242,4037,0.9517,0.1816,0.1095,17.629,0.0772,0.9846,1.6
"1","elderly_disabled_i >=  1.000 & rawben_rel_max <  0.288 & unc_rawben_rel_max >= -0.016 & utilities < 54.000","xgboost",2125,0.95953,0.95189,1020,980,0.9608,0.0441,0.0184,4.239,0.0772,0.9846,1.6
"1","homeless <   1.00 & percent_abawd >=   0.50 & rawben_rel_max >=   0.66 & utilities < 452.00","xgboost",2820,0.95851,0.95188,1545,1481,0.9586,0.0666,0.0471,6.421,0.0772,0.9846,1.6
"1","months_since_cert_n >=    1.000 & rawben_rel_max <    0.152 & shelter_expenses_by_hh_size < 1020.000","xgboost",4875,0.95692,0.95188,2246,2154,0.959,0.0969,0.0546,9.334,0.0772,0.9846,1.6
"1","cat_elig <= 0.5 & children_i <= 0.5 & count_divisible_by_100 <= 1.5","ranger",4589,0.95707,0.95187,2355,2265,0.9618,0.1019,0.0425,9.787,0.0772,0.9846,1.6
"1","homeless >  0.500 & percent_abawd >  0.750 & rawben_rel_max >  0.941 & utilities <= 28.500","ranger",691,0.96527,0.95187,441,431,0.9773,0.0194,0.0094,1.833,0.0772,0.9846,1.6
"1","medical_deductions >= 5.000 & rawben_rel_max < 0.328","xgboost",1875,0.96,0.95187,857,818,0.9545,0.0368,0.016,3.561,0.0772,0.9846,1.6
"1","months_since_cert_n < 8.000 & unc_rawben_rel_max >= 0.962","xgboost",13820,0.95485,0.95185,7168,6849,0.9555,0.3081,0.2321,29.788,0.0772,0.9846,1.6
"1","percent_abawd >= 0.500 & rawben_rel_max >= 0.811","xgboost",4300,0.95721,0.95184,2396,2301,0.9604,0.1035,0.0758,9.957,0.0772,0.9846,1.6
"1","months_since_cert_n >=   4 & shelter_expenses_by_hh_size < 277 & total_deductions_by_hh_size < 182","xgboost",6876,0.95608,0.95183,3599,3462,0.9619,0.1557,0.0954,14.957,0.0772,0.9846,1.6
"1","medical_deductions >  0.500 & shelter_expenses_by_hh_size > 14.500 & unc_rawben_rel_max <=  0.326","ranger",1805,0.96011,0.95182,810,772,0.9531,0.0347,0.0157,3.366,0.0772,0.9846,1.6
"1","months_since_cert_n < 16.000 & percent_abawd >=  1.000 & rawben_rel_max >=  0.736","xgboost",4276,0.9572,0.95182,2404,2304,0.9584,0.1037,0.077,9.99,0.0772,0.9846,1.6
"1","rawben_rel_max <=  0.802 & total_deductions_by_hh_size <= 54.300 & utilities <= 30.500","ranger",2638,0.95868,0.95182,1335,1294,0.9693,0.0582,0.0197,5.548,0.0772,0.9846,1.6
"1","elderly_disabled_i > 0.500 & months_since_cert_n <= 4.500 & unc_rawben_rel_max <= 0.268","ranger",2838,0.95842,0.95181,1238,1190,0.9612,0.0535,0.0238,5.145,0.0772,0.9846,1.6
"1","homeless >  0.500 & percent_abawd >  0.250 & total_deductions_by_hh_size <= 55.500 & unc_rawben_rel_max >  0.694","ranger",690,0.96522,0.9518,437,428,0.9794,0.0193,0.0084,1.816,0.0772,0.9846,1.6
"1","rawben_rel_max >=    0.992 & shelter_expenses_by_hh_size >= 1640.000 & total_deductions_by_hh_size >= 1270.000 & unc_rawben_rel_max <    1.990","xgboost",264,0.97348,0.9518,180,176,0.9778,0.0079,0.0031,0.748,0.0772,0.9846,1.6
"1","cat_elig >   0.5 & homeless <=   0.5 & total_deductions_by_hh_size <= 172.0","ranger",13309,0.95484,0.95179,7003,6667,0.952,0.2999,0.1921,29.103,0.0772,0.9846,1.6
"1","shelter_expenses_by_hh_size < 1530.00 & unc_rawben_rel_max >=    1.09","xgboost",15957,0.95457,0.95178,8279,7900,0.9542,0.3554,0.2908,34.406,0.0772,0.9846,1.6
"1","count_divisible_by_100 <= 1.500 & elderly_disabled_i > 0.500 & months_since_cert_n <= 4.500 & unc_rawben_rel_max <= 0.268","ranger",2835,0.95838,0.95176,1237,1189,0.9612,0.0535,0.0238,5.141,0.0772,0.9846,1.6
"1","cat_elig < 1 & children_i < 1","xgboost",4599,0.95695,0.95175,2363,2271,0.9611,0.1022,0.0435,9.82,0.0772,0.9846,1.6
"1","months_since_cert_n >= 20.000 & months_since_cert_n < 23.000 & rawben_rel_max <  0.504","xgboost",785,0.96433,0.95175,370,353,0.9541,0.0159,0.0072,1.538,0.0772,0.9846,1.6
"1","rawben_rel_max <   0.261 & shelter_expenses_by_hh_size < 528.000 & utilities <  56.000","xgboost",2968,0.95822,0.95175,1397,1337,0.9571,0.0601,0.0351,5.806,0.0772,0.9846,1.6
"1","cat_elig >=   2.000 & medical_deductions >=  42.000 & rawben_rel_max <   0.529 & total_deductions_by_hh_size < 511.000","xgboost",469,0.96802,0.95174,28,26,0.9286,0.0012,6e-04,0.116,0.0772,0.9846,1.6
"1","cat_elig >  0.5 & elderly_disabled_i >  0.5 & married <=  0.5 & total_deductions_by_hh_size <= 53.6","ranger",5427,0.95651,0.95173,2811,2677,0.9523,0.1204,0.0627,11.682,0.0772,0.9846,1.6
"1","children_i <= 0.500 & elderly_disabled_i > 0.500 & rawben_rel_max <= 0.303 & shelter_expenses_by_hh_size > 5.500","ranger",8655,0.95552,0.95173,4199,4013,0.9557,0.1805,0.0836,17.45,0.0772,0.9846,1.6
"1","elderly_disabled_i > 0.500 & rawben_rel_max <= 0.324","ranger",10076,0.95524,0.95173,4975,4752,0.9552,0.2138,0.1021,20.675,0.0772,0.9846,1.6
"1","months_since_cert_n <  18 & total_deductions_by_hh_size < 286 & utilities < 452","xgboost",18564,0.95432,0.95173,9800,9375,0.9566,0.4218,0.2435,40.726,0.0772,0.9846,1.6
"1","expedited_i <=    0.500 & rawben_rel_max <=    0.277 & total_deductions_by_hh_size <= 1170.000 & utilities <= 1020.000","ranger",9537,0.95533,0.95172,4433,4223,0.9526,0.19,0.1113,18.422,0.0772,0.9846,1.6
"1","medical_deductions >   3.500 & rawben_rel_max <=   0.344 & total_deductions_by_hh_size <= 714.000","ranger",1665,0.96036,0.95172,747,716,0.9585,0.0322,0.0128,3.104,0.0772,0.9846,1.6
"1","percent_abawd <=   0.75 & shelter_expenses_by_hh_size >   5.50 & total_deductions_by_hh_size <= 242.00 & utilities > 360.00","ranger",3387,0.95778,0.95172,1868,1779,0.9524,0.08,0.043,7.763,0.0772,0.9846,1.6
"1","cat_elig < 1 & count_divisible_by_100 < 1","xgboost",4530,0.95695,0.95171,2326,2231,0.9592,0.1004,0.0464,9.666,0.0772,0.9846,1.6
"1","months_since_cert_n >=   4 & shelter_expenses_by_hh_size >= 277 & total_deductions_by_hh_size < 182","xgboost",4617,0.9569,0.95171,2421,2273,0.9389,0.1023,0.0678,10.061,0.0772,0.9846,1.6
"1","count_divisible_by_100 <= 0.500 & homeless <= 0.500 & rawben_rel_max <= 0.087 & total_deductions_by_hh_size > 7.800","ranger",3341,0.9578,0.9517,1524,1458,0.9567,0.0656,0.0476,6.333,0.0772,0.9846,1.6
"1","rawben_rel_max <   0.640 & shelter_expenses_by_hh_size >= 616.000 & unc_rawben_rel_max <  -0.347","xgboost",879,0.96359,0.9517,429,413,0.9627,0.0186,0.0156,1.783,0.0772,0.9846,1.6
"1","shelter_expenses_by_hh_size < 1710.00 & total_deductions_by_hh_size < 1450.00 & unc_rawben_rel_max >=    1.81 & utilities >=  819.00","xgboost",342,0.97076,0.95169,218,203,0.9312,0.0091,0.0115,0.906,0.0772,0.9846,1.6
"1","cat_elig <   2 & shelter_expenses_by_hh_size >= 464 & total_deductions_by_hh_size < 170 & utilities >= 511","xgboost",181,0.9779,0.95168,198,186,0.9394,0.0084,0.008,0.823,0.0772,0.9846,1.6
"1","medical_deductions < 139.00 & rawben_rel_max <   0.23 & total_deductions_by_hh_size < 170.00 & utilities >=  41.00","xgboost",2630,0.95856,0.95168,1271,1204,0.9473,0.0542,0.0311,5.282,0.0772,0.9846,1.6
"1","months_since_cert_n <   3 & percent_abawd >=   1 & total_deductions_by_hh_size < 661","xgboost",1709,0.96021,0.95168,1003,968,0.9651,0.0435,0.0229,4.168,0.0772,0.9846,1.6
"1","months_since_cert_n >=  28.0000 & rawben_rel_max >=   0.0928 & utilities >= 886.0000","xgboost",181,0.9779,0.95168,159,153,0.9623,0.0069,0.0033,0.661,0.0772,0.9846,1.6
"1","cat_elig <    1 & months_since_cert_n <   25 & shelter_expenses_by_hh_size < 1750","xgboost",4591,0.95687,0.95167,2347,2251,0.9591,0.1013,0.0468,9.754,0.0772,0.9846,1.6
"1","cat_elig >=   1 & months_since_cert_n >=  18 & shelter_expenses_by_hh_size < 360 & total_deductions_by_hh_size <  14","xgboost",712,0.96489,0.95167,337,324,0.9614,0.0146,0.0075,1.4,0.0772,0.9846,1.6
"1","rawben_rel_max <   0.454 & shelter_expenses_by_hh_size < 800.000 & total_deductions_by_hh_size < 190.000 & utilities >= 550.000","xgboost",316,0.97152,0.95167,176,165,0.9375,0.0074,0.0068,0.731,0.0772,0.9846,1.6
"1","married < 1.00 & unc_rawben_rel_max >= 1.02","xgboost",17984,0.95429,0.95166,9414,8967,0.9525,0.4034,0.3419,39.122,0.0772,0.9846,1.6
"1","married < 1.000 & rawben_rel_max >= 0.992","xgboost",18488,0.95424,0.95165,9665,9205,0.9524,0.4141,0.3492,40.165,0.0772,0.9846,1.6
"1","months_since_cert_n <  15 & shelter_expenses_by_hh_size < 652 & utilities <  56","xgboost",14806,0.95455,0.95165,7737,7419,0.9589,0.3338,0.2066,32.153,0.0772,0.9846,1.6
"1","months_since_cert_n < 4.000 & percent_abawd < 1.000 & rawben_rel_max < 0.188 & unc_rawben_rel_max < 1.250","xgboost",1889,0.95977,0.95165,819,790,0.9646,0.0355,0.0178,3.404,0.0772,0.9846,1.6
"1","cat_elig > 0.500 & expedited_i <= 0.500 & married <= 0.500 & rawben_rel_max <= 0.239","ranger",7584,0.9557,0.95164,3629,3452,0.9512,0.1553,0.0976,15.081,0.0772,0.9846,1.6
"1","elderly_disabled_i >   0.500 & shelter_expenses_by_hh_size <= 708.000 & unc_rawben_rel_max <=   0.377","ranger",7646,0.95566,0.95163,3704,3516,0.9492,0.1582,0.0841,15.393,0.0772,0.9846,1.6
"1","cat_elig <=   0.500 & elderly_disabled_i >   0.500 & rawben_rel_max <=   0.991 & shelter_expenses_by_hh_size <= 642.000","ranger",995,0.96281,0.95162,504,487,0.9663,0.0219,0.0071,2.095,0.0772,0.9846,1.6
"1","elderly_disabled_i >=   1.000 & months_since_cert_n <   5.000 & rawben_rel_max <   0.264 & total_deductions_by_hh_size < 982.000","xgboost",2782,0.9583,0.95161,1220,1174,0.9623,0.0528,0.0226,5.07,0.0772,0.9846,1.6
"1","cat_elig <    2.000 & rawben_rel_max >=    0.278 & total_deductions_by_hh_size < 1320.000 & utilities >=  844.000","xgboost",2089,0.95931,0.95159,2007,1885,0.9392,0.0848,0.0742,8.341,0.0772,0.9846,1.6
"1","elderly_disabled_i >  0.500 & months_since_cert_n <= 25.500 & rawben_rel_max <=  0.273 & utilities > 30.500","ranger",6106,0.95611,0.95159,2867,2729,0.9519,0.1228,0.0632,11.915,0.0772,0.9846,1.6
"1","shelter_expenses_by_hh_size < 382","xgboost",15958,0.95438,0.95159,8275,7915,0.9565,0.3561,0.2328,34.389,0.0772,0.9846,1.6
"1","percent_abawd <   0.5 & total_deductions_by_hh_size < 248.0 & utilities >= 361.0","xgboost",3487,0.95756,0.95158,1918,1828,0.9531,0.0822,0.0432,7.971,0.0772,0.9846,1.6
"1","cat_elig <    1 & months_since_cert_n >=    3 & months_since_cert_n <   25 & shelter_expenses_by_hh_size < 1060","xgboost",2713,0.95835,0.95157,1352,1287,0.9519,0.0579,0.0315,5.619,0.0772,0.9846,1.6
"1","months_since_cert_n >=  14.00 & rawben_rel_max >=   0.24 & shelter_expenses_by_hh_size >= 400.00 & total_deductions_by_hh_size < 130.00","xgboost",341,0.97067,0.95155,199,187,0.9397,0.0084,0.005,0.827,0.0772,0.9846,1.6
"1","shelter_expenses_by_hh_size < 2090.000 & unc_rawben_rel_max <    0.076 & utilities <  366.000","xgboost",2578,0.95849,0.95154,1153,1097,0.9514,0.0494,0.0401,4.792,0.0772,0.9846,1.6
"1","cat_elig <= 0.500 & elderly_disabled_i <= 0.500 & rawben_rel_max > 0.991 & shelter_expenses_by_hh_size > 5.500","ranger",417,0.96882,0.95152,232,226,0.9741,0.0102,0.0039,0.964,0.0772,0.9846,1.6
"1","elderly_disabled_i > 0.500 & rawben_rel_max <= 0.303 & shelter_expenses_by_hh_size > 5.500","ranger",8659,0.95531,0.95151,4204,4016,0.9553,0.1807,0.0856,17.471,0.0772,0.9846,1.6
"1","medical_deductions < 139 & unc_rawben_rel_max <   0 & utilities < 886","xgboost",3680,0.95734,0.95151,1765,1688,0.9564,0.0759,0.057,7.335,0.0772,0.9846,1.6
"1","rawben_rel_max >=   0.44 & total_deductions_by_hh_size >= 572.00 & total_deductions_by_hh_size < 910.00 & utilities >= 875.00","xgboost",1339,0.96117,0.95151,861,817,0.9489,0.0368,0.0259,3.578,0.0772,0.9846,1.6
"1","unc_rawben_rel_max <   0.168 & utilities < 670.000","xgboost",5923,0.9561,0.95151,2840,2717,0.9567,0.1222,0.077,11.802,0.0772,0.9846,1.6
"1","cat_elig <   2 & children_i <   1 & shelter_expenses_by_hh_size < 528 & total_deductions_by_hh_size < 337","xgboost",12889,0.95461,0.9515,9046,8630,0.954,0.3882,0.2401,37.593,0.0772,0.9846,1.6
"1","cat_elig < 1.000 & rawben_rel_max < 0.357","xgboost",1201,0.9617,0.9515,596,581,0.9748,0.0261,0.0059,2.477,0.0772,0.9846,1.6
"1","months_since_cert_n <=   5.500 & rawben_rel_max >   0.991 & total_deductions_by_hh_size >   8.800 & utilities > 452.000","ranger",2731,0.95826,0.95149,1341,1290,0.962,0.058,0.0401,5.573,0.0772,0.9846,1.6
"1","percent_abawd <   0.5 & total_deductions_by_hh_size < 182.0 & unc_rawben_rel_max >=   0.0","xgboost",13675,0.95452,0.95149,7010,6675,0.9522,0.3003,0.1863,29.132,0.0772,0.9846,1.6
"1","months_since_cert_n <  10.00 & unc_rawben_rel_max >=   1.03 & unc_rawben_rel_max <   1.99 & utilities >= 322.00","xgboost",4617,0.95668,0.95148,2423,2311,0.9538,0.104,0.0857,10.069,0.0772,0.9846,1.6
"1","months_since_cert_n <=   5.500 & shelter_expenses_by_hh_size >  16.500 & unc_rawben_rel_max >   0.991 & utilities > 430.000","ranger",2885,0.95806,0.95148,1478,1414,0.9567,0.0636,0.0495,6.142,0.0772,0.9846,1.6
"1","rawben_rel_max < 0.188","xgboost",7149,0.95566,0.95148,3290,3139,0.9541,0.1412,0.0953,13.672,0.0772,0.9846,1.6
"1","cat_elig <   1.0000 & rawben_rel_max >=   0.0893 & shelter_expenses_by_hh_size < 974.0000 & unc_rawben_rel_max >=   0.1070","xgboost",3501,0.95744,0.95147,1834,1747,0.9526,0.0786,0.0422,7.622,0.0772,0.9846,1.6
"1","children_i <=   0.5 & count_divisible_by_100 <=   1.5 & months_since_cert_n >   5.5 & total_deductions_by_hh_size <= 172.0","ranger",8073,0.95541,0.95147,4255,4037,0.9488,0.1816,0.1232,17.683,0.0772,0.9846,1.6
"1","months_since_cert_n < 28.000 & rawben_rel_max >=  0.992","xgboost",18208,0.95409,0.95147,9541,9090,0.9527,0.4089,0.3436,39.65,0.0772,0.9846,1.6
"1","percent_abawd <   0.500 & rawben_rel_max <   0.955 & total_deductions_by_hh_size < 236.000 & utilities >= 361.000","xgboost",3259,0.95766,0.95146,1781,1695,0.9517,0.0763,0.0415,7.401,0.0772,0.9846,1.6
"1","rawben_rel_max >=   0.992 & unc_rawben_rel_max <   2.220 & utilities >= 426.000","xgboost",6068,0.956,0.95146,3151,3003,0.953,0.1351,0.1084,13.095,0.0772,0.9846,1.6
"1","children_i <= 0.500 & rawben_rel_max <= 0.189 & total_deductions_by_hh_size > 2.800 & total_deductions_by_hh_size <= 8.900","ranger",53,1,0.95142,21,20,0.9524,9e-04,3e-04,0.087,0.0772,0.9846,1.6
"1","cat_elig <= 0.50 & unc_rawben_rel_max <= 2.15","ranger",4697,0.95657,0.95141,2421,2322,0.9591,0.1045,0.0478,10.061,0.0772,0.9846,1.6
"1","cat_elig > 0.500 & elderly_disabled_i <= 0.500 & homeless <= 0.500 & unc_rawben_rel_max > 0.804","ranger",8791,0.95518,0.95141,4684,4458,0.9518,0.2006,0.1821,19.466,0.0772,0.9846,1.6
"1","count_divisible_by_100 <    1 & shelter_expenses_by_hh_size >= 1000 & shelter_expenses_by_hh_size < 1380 & utilities >=  819","xgboost",2059,0.9592,0.95141,1426,1356,0.9509,0.061,0.0426,5.926,0.0772,0.9846,1.6
"1","rawben_rel_max >=    0.608 & shelter_expenses_by_hh_size < 1800.000 & unc_rawben_rel_max >=    1.050","xgboost",17151,0.95411,0.95141,8904,8490,0.9535,0.382,0.3159,37.003,0.0772,0.9846,1.6
"1","shelter_expenses_by_hh_size < 828.000 & unc_rawben_rel_max >=  -0.304 & utilities <  30.000","xgboost",14671,0.95433,0.95141,7685,7354,0.9569,0.3308,0.2138,31.937,0.0772,0.9846,1.6
"1","rawben_rel_max <   0.0893 & total_deductions_by_hh_size < 167.0000 & unc_rawben_rel_max >=   0.0000 & utilities <  57.0000","xgboost",235,0.97447,0.95139,116,112,0.9655,0.005,0.0012,0.482,0.0772,0.9846,1.6
"1","cat_elig <  1 & months_since_cert_n < 26","xgboost",4628,0.95657,0.95137,2362,2265,0.9589,0.1019,0.0475,9.816,0.0772,0.9846,1.6
"1","married <=  0.5 & months_since_cert_n <= 13.5 & utilities <=  8.0","ranger",13555,0.95441,0.95137,7142,6817,0.9545,0.3067,0.2116,29.68,0.0772,0.9846,1.6
"1","cat_elig <   1 & months_since_cert_n <  12 & utilities >= 483","xgboost",490,0.96735,0.95136,146,143,0.9795,0.0064,0.0014,0.607,0.0772,0.9846,1.6
"1","cat_elig <   2.00 & months_since_cert_n <  33.00 & rawben_rel_max <   0.24 & utilities < 670.00","xgboost",5472,0.95614,0.95136,3605,3435,0.9528,0.1545,0.0969,14.982,0.0772,0.9846,1.6
"1","cat_elig <=   0.5 & expedited_i <=   0.5 & medical_deductions <= 114.0 & months_since_cert_n <=  10.5","ranger",2502,0.95843,0.95136,1279,1228,0.9601,0.0552,0.0257,5.315,0.0772,0.9846,1.6
"1","count_divisible_by_100 <   1.00 & months_since_cert_n <  12.00 & unc_rawben_rel_max >=   1.29 & utilities >= 735.00","xgboost",1174,0.96167,0.95134,686,650,0.9475,0.0292,0.0261,2.851,0.0772,0.9846,1.6
"1","shelter_expenses_by_hh_size >= 672 & total_deductions_by_hh_size < 228 & utilities < 844","xgboost",731,0.96443,0.95134,418,410,0.9809,0.0184,0.0054,1.737,0.0772,0.9846,1.6
"1","cat_elig <=   0.500 & rawben_rel_max >   0.991 & unc_rawben_rel_max <=   2.150 & utilities > 270.000","ranger",465,0.96774,0.95133,242,232,0.9587,0.0104,0.0078,1.006,0.0772,0.9846,1.6
"1","count_divisible_by_100 <= 1.500 & percent_abawd <= 1.500 & unc_rawben_rel_max > 0.991","ranger",18579,0.95393,0.95133,9689,9229,0.9525,0.4152,0.3492,40.265,0.0772,0.9846,1.6
"1","expedited_i <= 0.500 & months_since_cert_n <= 7.500 & unc_rawben_rel_max > 0.991","ranger",8478,0.95518,0.95133,4519,4318,0.9555,0.1943,0.1486,18.78,0.0772,0.9846,1.6
"1","medical_deductions > 166.000 & medical_deductions <= 804.000 & shelter_expenses_by_hh_size >   5.500 & unc_rawben_rel_max >   0.991","ranger",151,0.98013,0.95133,73,64,0.8767,0.0029,0.0083,0.303,0.0772,0.9846,1.6
"1","rawben_rel_max <   0.268 & total_deductions_by_hh_size < 535.000 & utilities < 789.000","xgboost",8326,0.9552,0.95132,3844,3665,0.9534,0.1649,0.0941,15.975,0.0772,0.9846,1.6
"1","cat_elig <   2 & utilities >= 850 & utilities < 992","xgboost",1831,0.95958,0.95131,1333,1248,0.9362,0.0561,0.0516,5.54,0.0772,0.9846,1.6
"1","count_divisible_by_100 <= 0.500 & rawben_rel_max > 0.991","ranger",17849,0.95395,0.9513,9267,8834,0.9533,0.3974,0.3285,38.511,0.0772,0.9846,1.6
"1","percent_abawd <=    0.750 & rawben_rel_max <=    0.268 & shelter_expenses_by_hh_size >   16.500 & shelter_expenses_by_hh_size <= 2710.000","ranger",8384,0.95515,0.95129,3914,3734,0.954,0.168,0.0927,16.266,0.0772,0.9846,1.6
"1","cat_elig <=  1.500 & married <=  0.500 & shelter_expenses_by_hh_size > 14.000 & unc_rawben_rel_max <=  0.239","ranger",5226,0.95618,0.95128,3561,3392,0.9525,0.1526,0.0912,14.799,0.0772,0.9846,1.6
"1","elderly_disabled_i < 1 & months_since_cert_n >= 1 & months_since_cert_n < 3","xgboost",4533,0.95654,0.95128,2366,2266,0.9577,0.1019,0.0659,9.833,0.0772,0.9846,1.6
"1","medical_deductions < 265.000 & rawben_rel_max <   0.240 & total_deductions_by_hh_size < 836.000 & unc_rawben_rel_max <   0.972","xgboost",8420,0.95511,0.95125,4019,3827,0.9522,0.1722,0.1083,16.702,0.0772,0.9846,1.6
"1","percent_abawd <=   0.75 & total_deductions_by_hh_size <= 242.00","ranger",18101,0.95387,0.95124,9205,8780,0.9538,0.395,0.2288,38.254,0.0772,0.9846,1.6
"1","cat_elig <   2 & medical_deductions < 135 & total_deductions_by_hh_size < 286","xgboost",15334,0.95409,0.95123,10964,10456,0.9537,0.4704,0.2832,45.564,0.0772,0.9846,1.6
"1","cat_elig <=   0.50 & elderly_disabled_i >   0.50 & shelter_expenses_by_hh_size <= 609.00 & unc_rawben_rel_max <=   2.61","ranger",1102,0.96189,0.95121,577,548,0.9497,0.0247,0.0163,2.398,0.0772,0.9846,1.6
"1","shelter_expenses_by_hh_size < 1640.000 & unc_rawben_rel_max >=   -1.170 & unc_rawben_rel_max <    0.271","xgboost",9415,0.95486,0.95121,4421,4208,0.9518,0.1893,0.1137,18.373,0.0772,0.9846,1.6
"1","cat_elig <   2 & medical_deductions <   5 & total_deductions_by_hh_size < 300","xgboost",15431,0.95405,0.9512,10927,10420,0.9536,0.4688,0.2828,45.41,0.0772,0.9846,1.6
"1","elderly_disabled_i <= 0.5 & expedited_i <= 0.5 & utilities <= 8.0","ranger",5842,0.95584,0.9512,3200,3065,0.9578,0.1379,0.0957,13.298,0.0772,0.9846,1.6
"1","medical_deductions <    3.0000 & total_deductions_by_hh_size < 1560.0000 & unc_rawben_rel_max <    0.0378","xgboost",3678,0.95704,0.9512,1705,1621,0.9507,0.0729,0.0636,7.086,0.0772,0.9846,1.6
"1","count_divisible_by_100 < 1.00 & unc_rawben_rel_max >= 1.01","xgboost",17537,0.95387,0.95119,9116,8690,0.9533,0.3909,0.3247,37.884,0.0772,0.9846,1.6
"1","expedited_i < 1.000 & unc_rawben_rel_max < 0.271","xgboost",9455,0.95484,0.95119,4436,4225,0.9524,0.1901,0.1133,18.435,0.0772,0.9846,1.6
"1","count_divisible_by_100 <= 1.500 & rawben_rel_max > 0.991","ranger",18608,0.95378,0.95118,9715,9254,0.9525,0.4163,0.3501,40.373,0.0772,0.9846,1.6
"1","elderly_disabled_i >  0.50 & married <=  0.50 & shelter_expenses_by_hh_size <= 32.50 & unc_rawben_rel_max <=  0.98","ranger",1443,0.9605,0.95117,719,695,0.9666,0.0313,0.0135,2.988,0.0772,0.9846,1.6
"1","cat_elig >   0.5 & homeless <=   0.5 & medical_deductions <=  15.5 & total_deductions_by_hh_size <= 172.0","ranger",12883,0.95428,0.95116,6801,6471,0.9515,0.2911,0.1891,28.263,0.0772,0.9846,1.6
"1","expedited_i >=  1.000 & months_since_cert_n >=  7.000 & rawben_rel_max >=  0.856 & shelter_expenses_by_hh_size < 29.000","xgboost",799,0.9637,0.95116,416,403,0.9688,0.0181,0.0128,1.729,0.0772,0.9846,1.6
"1","rawben_rel_max <= 0.346 & unc_rawben_rel_max <= 0.991 & utilities <= 5.000","ranger",2844,0.95781,0.95116,1449,1388,0.9579,0.0624,0.0367,6.022,0.0772,0.9846,1.6
"1","elderly_disabled_i <=   0.5 & expedited_i >   0.5 & homeless <=   0.5 & medical_deductions <= 170.0","ranger",3826,0.95687,0.95114,1919,1832,0.9547,0.0824,0.0711,7.975,0.0772,0.9846,1.6
"1","months_since_cert_n > 5.50 & percent_abawd > 0.50 & total_deductions_by_hh_size <= 3.50 & unc_rawben_rel_max <= 1.96","ranger",728,0.96429,0.95114,449,430,0.9577,0.0193,0.0188,1.866,0.0772,0.9846,1.6
"1","percent_abawd <= 1.500 & unc_rawben_rel_max > 0.991","ranger",18632,0.95374,0.95114,9716,9253,0.9523,0.4163,0.3514,40.377,0.0772,0.9846,1.6
"1","children_i <= 0.5 & elderly_disabled_i <= 0.5 & months_since_cert_n <= 5.5","ranger",10865,0.95453,0.95113,5571,5335,0.9576,0.24,0.1557,23.152,0.0772,0.9846,1.6
"1","percent_abawd <   0.500 & rawben_rel_max <   0.533 & total_deductions_by_hh_size < 190.000 & unc_rawben_rel_max <   0.996","xgboost",8230,0.95504,0.95113,4181,3956,0.9462,0.178,0.1031,17.375,0.0772,0.9846,1.6
"1","children_i <   1.0000 & medical_deductions < 117.0000 & rawben_rel_max <   0.0928 & total_deductions_by_hh_size < 657.0000","xgboost",4215,0.95658,0.95112,1957,1872,0.9566,0.0842,0.0549,8.133,0.0772,0.9846,1.6
"1","children_i <= 0.5 & months_since_cert_n > 5.5 & shelter_expenses_by_hh_size <= 5.5","ranger",3585,0.95704,0.95112,1905,1826,0.9585,0.0821,0.061,7.917,0.0772,0.9846,1.6
"1","rawben_rel_max <= 0.087 & total_deductions_by_hh_size > 2.800","ranger",3605,0.957,0.9511,1658,1575,0.9499,0.0709,0.0612,6.89,0.0772,0.9846,1.6
"1","cat_elig > 0.50 & percent_abawd > 0.75 & utilities <= 8.00","ranger",2663,0.95794,0.95107,1522,1458,0.958,0.0656,0.0496,6.325,0.0772,0.9846,1.6
"1","count_divisible_by_100 >    0.500 & elderly_disabled_i <=    0.500 & rawben_rel_max >    0.971 & shelter_expenses_by_hh_size <= 1710.000","ranger",584,0.96575,0.95107,319,303,0.9498,0.0136,0.0126,1.326,0.0772,0.9846,1.6
"1","medical_deductions <= 788.000 & rawben_rel_max >   0.991","ranger",18647,0.95367,0.95107,9732,9269,0.9524,0.417,0.3519,40.444,0.0772,0.9846,1.6
"1","elderly_disabled_i > 0.500 & homeless > 0.500 & medical_deductions <= 4.500 & unc_rawben_rel_max <= 0.475","ranger",312,0.97115,0.95106,141,132,0.9362,0.0059,0.0045,0.586,0.0772,0.9846,1.6
"1","shelter_expenses_by_hh_size < 1360 & total_deductions_by_hh_size < 1270 & utilities >=  819","xgboost",2597,0.95803,0.95106,1603,1522,0.9495,0.0685,0.0484,6.662,0.0772,0.9846,1.6
"1","cat_elig > 0.500 & expedited_i > 0.500 & homeless <= 0.500 & unc_rawben_rel_max > 0.957","ranger",3710,0.95687,0.95105,1894,1801,0.9509,0.081,0.0725,7.871,0.0772,0.9846,1.6
"1","expedited_i <= 0.500 & homeless <= 0.500 & rawben_rel_max > 0.991 & unc_rawben_rel_max <= 1.950","ranger",10551,0.95451,0.95105,5708,5437,0.9525,0.2446,0.2048,23.721,0.0772,0.9846,1.6
"1","medical_deductions >   3.500 & rawben_rel_max <=   0.257 & total_deductions_by_hh_size > 290.000 & utilities <= 918.000","ranger",937,0.96265,0.95105,386,375,0.9715,0.0169,0.005,1.604,0.0772,0.9846,1.6
"1","medical_deductions < 693.00 & unc_rawben_rel_max >=   1.02","xgboost",18134,0.95368,0.95104,9474,9024,0.9525,0.406,0.3446,39.372,0.0772,0.9846,1.6
"1","months_since_cert_n >=   3 & total_deductions_by_hh_size < 383 & utilities <  32","xgboost",9701,0.95464,0.95104,5009,4810,0.9603,0.2164,0.1281,20.816,0.0772,0.9846,1.6
"1","months_since_cert_n >=   9.00 & months_since_cert_n <  29.00 & unc_rawben_rel_max <   0.12 & utilities < 585.00","xgboost",1776,0.95946,0.95104,836,798,0.9545,0.0359,0.025,3.474,0.0772,0.9846,1.6
"1","months_since_cert_n >=  1.000 & months_since_cert_n < 21.000 & rawben_rel_max >=  0.992","xgboost",15964,0.95383,0.95102,8436,8031,0.952,0.3613,0.3091,35.058,0.0772,0.9846,1.6
"1","total_deductions_by_hh_size <= 242.00 & unc_rawben_rel_max <=   1.96 & utilities > 360.00","ranger",3402,0.95708,0.951,1884,1793,0.9517,0.0807,0.0446,7.829,0.0772,0.9846,1.6
"1","elderly_disabled_i >   0.50 & expedited_i <=   0.50 & medical_deductions > 150.00 & rawben_rel_max <=   0.32","ranger",702,0.96439,0.95098,308,293,0.9513,0.0132,0.0061,1.28,0.0772,0.9846,1.6
"1","children_i <   1.000 & rawben_rel_max >=   0.945 & shelter_expenses_by_hh_size >= 880.000 & utilities >= 819.000","xgboost",2107,0.95871,0.95097,1506,1441,0.9568,0.0648,0.0462,6.259,0.0772,0.9846,1.6
"1","percent_abawd <=  0.250 & rawben_rel_max <=  0.268 & shelter_expenses_by_hh_size > 14.500","ranger",8393,0.95484,0.95097,3914,3734,0.954,0.168,0.0927,16.266,0.0772,0.9846,1.6
"1","rawben_rel_max <=    0.266 & shelter_expenses_by_hh_size <= 1490.000 & total_deductions_by_hh_size <= 1210.000","ranger",9369,0.95464,0.95097,4336,4131,0.9527,0.1858,0.113,18.019,0.0772,0.9846,1.6
"1","cat_elig >=   1.000 & rawben_rel_max >=   0.787 & shelter_expenses_by_hh_size < 906.000 & utilities <  80.000","xgboost",9344,0.95462,0.95095,4888,4683,0.9581,0.2107,0.158,20.313,0.0772,0.9846,1.6
"1","rawben_rel_max >   0.991 & total_deductions_by_hh_size >   8.900 & unc_rawben_rel_max <=   1.970 & utilities > 360.000","ranger",6773,0.95526,0.95095,3548,3387,0.9546,0.1524,0.1209,14.745,0.0772,0.9846,1.6
"1","rawben_rel_max <=  0.235 & shelter_expenses_by_hh_size > 14.500 & unc_rawben_rel_max > -3.160 & unc_rawben_rel_max <=  1.960","ranger",7730,0.95498,0.95094,3682,3514,0.9544,0.1581,0.0941,15.302,0.0772,0.9846,1.6
"1","elderly_disabled_i <= 0.5 & months_since_cert_n <= 2.5 & percent_abawd <= 1.5","ranger",6172,0.95544,0.95092,3175,3041,0.9578,0.1368,0.0898,13.195,0.0772,0.9846,1.6
"1","unc_rawben_rel_max > 0.995","ranger",18593,0.95353,0.95092,9702,9242,0.9526,0.4158,0.3503,40.319,0.0772,0.9846,1.6
"1","married <=  0.50 & unc_rawben_rel_max <=  1.41 & utilities <= 14.50","ranger",14669,0.95385,0.95091,7642,7293,0.9543,0.3281,0.2215,31.758,0.0772,0.9846,1.6
"1","rawben_rel_max >=   0.804 & shelter_expenses_by_hh_size < 430.000 & unc_rawben_rel_max >=  -0.904 & unc_rawben_rel_max <   1.200","xgboost",1749,0.95941,0.95091,951,925,0.9727,0.0416,0.0181,3.952,0.0772,0.9846,1.6
"1","cat_elig <   1 & children_i <   1 & shelter_expenses_by_hh_size >= 281 & shelter_expenses_by_hh_size < 616","xgboost",957,0.96238,0.95089,500,476,0.952,0.0214,0.0114,2.078,0.0772,0.9846,1.6
"1","cat_elig >   0.5 & shelter_expenses_by_hh_size <= 646.0 & utilities <=  30.5","ranger",12476,0.95407,0.95089,6500,6223,0.9574,0.28,0.1864,27.012,0.0772,0.9846,1.6
"1","elderly_disabled_i <= 0.50 & expedited_i > 0.50 & percent_abawd > 0.75","ranger",1926,0.95898,0.95088,987,949,0.9615,0.0427,0.0306,4.102,0.0772,0.9846,1.6
"1","shelter_expenses_by_hh_size < 925 & utilities <  29","xgboost",15032,0.95377,0.95087,7799,7447,0.9549,0.335,0.2277,32.411,0.0772,0.9846,1.6
"1","months_since_cert_n <   6.00 & shelter_expenses_by_hh_size >= 245.00 & unc_rawben_rel_max >=   1.05 & unc_rawben_rel_max <   1.93","xgboost",3826,0.95661,0.95086,1885,1814,0.9623,0.0816,0.0569,7.834,0.0772,0.9846,1.6
"1","months_since_cert_n <   6.000 & rawben_rel_max >=   0.664 & total_deductions_by_hh_size < 657.000","xgboost",11289,0.9542,0.95086,6073,5815,0.9575,0.2616,0.1631,25.238,0.0772,0.9846,1.6
"1","total_deductions_by_hh_size < 798.00 & unc_rawben_rel_max >=   1.18 & utilities < 819.00","xgboost",12634,0.95401,0.95085,6424,6128,0.9539,0.2757,0.2357,26.697,0.0772,0.9846,1.6
"1","rawben_rel_max <   0.432 & shelter_expenses_by_hh_size >= 432.000 & total_deductions_by_hh_size < 194.000 & utilities >= 487.000","xgboost",700,0.96429,0.95084,325,301,0.9262,0.0135,0.0146,1.351,0.0772,0.9846,1.6
"1","cat_elig <= 0.50 & married <= 0.50 & unc_rawben_rel_max <= 2.45","ranger",4685,0.95603,0.95083,2412,2312,0.9585,0.104,0.0488,10.024,0.0772,0.9846,1.6
"1","rawben_rel_max <   0.945 & total_deductions_by_hh_size < 154.000 & unc_rawben_rel_max <   0.553","xgboost",7352,0.95498,0.95083,3712,3511,0.9459,0.158,0.0928,15.426,0.0772,0.9846,1.6
"1","shelter_expenses_by_hh_size >= 469.00 & total_deductions_by_hh_size < 108.00 & unc_rawben_rel_max >=  -0.56 & utilities < 469.00","xgboost",605,0.96529,0.95083,305,290,0.9508,0.013,0.0071,1.268,0.0772,0.9846,1.6
"1","cat_elig >   0.500 & medical_deductions <= 184.000 & months_since_cert_n <=  13.500 & rawben_rel_max >   0.991","ranger",14302,0.95378,0.95081,7507,7149,0.9523,0.3216,0.2747,31.197,0.0772,0.9846,1.6
"1","count_divisible_by_100 <= 0.500 & rawben_rel_max <= 0.087 & total_deductions_by_hh_size > 7.800","ranger",3411,0.9569,0.95081,1564,1489,0.952,0.067,0.0547,6.5,0.0772,0.9846,1.6
"1","elderly_disabled_i <=  0.5 & homeless <=  0.5 & months_since_cert_n >  5.5 & shelter_expenses_by_hh_size <= 12.5","ranger",1567,0.9598,0.95081,897,856,0.9543,0.0385,0.0347,3.728,0.0772,0.9846,1.6
"1","medical_deductions <  14 & total_deductions_by_hh_size < 269","xgboost",21175,0.95325,0.9508,11060,10563,0.9551,0.4752,0.2772,45.963,0.0772,0.9846,1.6
"1","months_since_cert_n < 33.000 & rawben_rel_max <  0.261 & utilities < 54.000","xgboost",3236,0.95705,0.95079,1515,1445,0.9538,0.065,0.0419,6.296,0.0772,0.9846,1.6
"1","shelter_expenses_by_hh_size >= 669 & total_deductions_by_hh_size < 256","xgboost",1001,0.96204,0.95079,557,539,0.9677,0.0242,0.0106,2.315,0.0772,0.9846,1.6
"1","cat_elig <=   1.5 & elderly_disabled_i >   0.5 & total_deductions_by_hh_size <= 104.0 & utilities <=  12.5","ranger",2691,0.95764,0.95078,1859,1799,0.9677,0.0809,0.0338,7.726,0.0772,0.9846,1.6
"1","cat_elig <    1 & shelter_expenses_by_hh_size < 1310 & utilities <  850","xgboost",4441,0.95609,0.95075,2234,2140,0.9579,0.0963,0.0458,9.284,0.0772,0.9846,1.6
"1","cat_elig <    1.00 & married <    1.00 & total_deductions_by_hh_size < 1200.00 & unc_rawben_rel_max <    2.52","xgboost",4634,0.95598,0.95075,2397,2298,0.9587,0.1034,0.0483,9.961,0.0772,0.9846,1.6
"1","cat_elig <   1.000 & rawben_rel_max <   0.361 & shelter_expenses_by_hh_size < 874.000","xgboost",1046,0.96176,0.95075,520,506,0.9731,0.0228,0.0056,2.161,0.0772,0.9846,1.6
"1","months_since_cert_n >=   17.000 & rawben_rel_max >=    0.948 & total_deductions_by_hh_size < 1020.000 & utilities >=  875.000","xgboost",205,0.97561,0.95075,151,145,0.9603,0.0065,0.0036,0.628,0.0772,0.9846,1.6
"1","shelter_expenses_by_hh_size >= 469.00 & total_deductions_by_hh_size < 108.00 & unc_rawben_rel_max >=  -0.56","xgboost",862,0.96288,0.95075,402,383,0.9527,0.0172,0.01,1.671,0.0772,0.9846,1.6
"1","homeless >    0.5 & shelter_expenses_by_hh_size <= 1020.0","ranger",3966,0.95638,0.95073,1875,1790,0.9547,0.0805,0.057,7.792,0.0772,0.9846,1.6
"1","shelter_expenses_by_hh_size < 1250 & utilities >=  819","xgboost",2074,0.95853,0.95072,1212,1147,0.9464,0.0516,0.0398,5.037,0.0772,0.9846,1.6
"1","elderly_disabled_i <= 0.5 & months_since_cert_n <= 2.5","ranger",6188,0.95524,0.95071,3186,3050,0.9573,0.1372,0.0908,13.24,0.0772,0.9846,1.6
"1","count_divisible_by_100 <=   0.5 & elderly_disabled_i >   0.5 & medical_deductions <= 298.0 & shelter_expenses_by_hh_size <=   5.5","ranger",2359,0.95803,0.9507,1194,1148,0.9615,0.0516,0.0288,4.962,0.0772,0.9846,1.6
"1","months_since_cert_n >    5.500 & rawben_rel_max <=    0.277 & shelter_expenses_by_hh_size <= 1720.000","ranger",5740,0.9554,0.9507,2791,2652,0.9502,0.1193,0.0752,11.599,0.0772,0.9846,1.6
"1","total_deductions_by_hh_size < 286.00 & unc_rawben_rel_max <   1.29","xgboost",22214,0.95309,0.9507,11624,11093,0.9543,0.4991,0.2912,48.307,0.0772,0.9846,1.6
"1","children_i <   1.000 & rawben_rel_max >=   0.979 & total_deductions_by_hh_size < 764.000","xgboost",15080,0.95358,0.95068,7800,7448,0.9549,0.3351,0.2617,32.415,0.0772,0.9846,1.6
"1","cat_elig >=   2 & months_since_cert_n <   5 & shelter_expenses_by_hh_size < 415 & utilities <  47","xgboost",2859,0.95733,0.95067,214,207,0.9673,0.0093,0.0038,0.889,0.0772,0.9846,1.6
"1","children_i <  1 & count_divisible_by_100 >=  1 & total_deductions_by_hh_size >= 14 & total_deductions_by_hh_size < 55","xgboost",88,0.98864,0.95066,38,38,1,0.0017,0,0.158,0.0772,0.9846,1.6
"1","expedited_i <   1.000 & medical_deductions < 565.000 & rawben_rel_max <   0.278 & unc_rawben_rel_max <   1.900","xgboost",9584,0.9543,0.95066,4561,4341,0.9518,0.1953,0.1169,18.954,0.0772,0.9846,1.6
"1","elderly_disabled_i <= 0.5 & expedited_i <= 0.5 & homeless > 0.5 & medical_deductions <= 3.5","ranger",1695,0.95929,0.95064,849,825,0.9717,0.0371,0.0164,3.528,0.0772,0.9846,1.6
"1","count_divisible_by_100 > 0.500 & rawben_rel_max > 0.986 & unc_rawben_rel_max <= 1.890","ranger",767,0.96349,0.95063,455,426,0.9363,0.0192,0.0221,1.891,0.0772,0.9846,1.6
"1","cat_elig >=   1 & months_since_cert_n >=  29 & shelter_expenses_by_hh_size >= 987 & utilities >= 875","xgboost",177,0.9774,0.95061,147,141,0.9592,0.0063,0.0033,0.611,0.0772,0.9846,1.6
"1","expedited_i > 0.500 & homeless <= 0.500 & unc_rawben_rel_max > 0.793","ranger",4728,0.9558,0.95061,2415,2292,0.9491,0.1031,0.0926,10.036,0.0772,0.9846,1.6
"1","shelter_expenses_by_hh_size >= 460 & total_deductions_by_hh_size >=  34 & total_deductions_by_hh_size < 174","xgboost",2025,0.95852,0.9506,1007,947,0.9404,0.0426,0.0321,4.185,0.0772,0.9846,1.6
"1","children_i <=   0.500 & medical_deductions <= 132.000 & percent_abawd <=   0.750 & rawben_rel_max >   0.991","ranger",13696,0.95364,0.95059,7105,6764,0.952,0.3043,0.2498,29.527,0.0772,0.9846,1.6
"1","rawben_rel_max <   0.278 & total_deductions_by_hh_size < 549.000","xgboost",8750,0.9544,0.95059,4112,3915,0.9521,0.1761,0.1036,17.088,0.0772,0.9846,1.6
"1","rawben_rel_max <   0.481 & shelter_expenses_by_hh_size >= 430.000 & total_deductions_by_hh_size < 261.000 & utilities < 502.000","xgboost",4234,0.95607,0.95059,2000,1912,0.956,0.086,0.0385,8.312,0.0772,0.9846,1.6
"1","medical_deductions <=  614.000 & shelter_expenses_by_hh_size <= 1630.000 & unc_rawben_rel_max <=    0.266","ranger",9499,0.95421,0.95055,4403,4192,0.9521,0.1886,0.1182,18.298,0.0772,0.9846,1.6
"1","rawben_rel_max <   0.152 & shelter_expenses_by_hh_size >= 387.000","xgboost",4636,0.95578,0.95054,2187,2085,0.9534,0.0938,0.0639,9.089,0.0772,0.9846,1.6
"1","cat_elig <= 0.50 & unc_rawben_rel_max <= 2.56","ranger",4720,0.95572,0.95053,2425,2325,0.9588,0.1046,0.0488,10.078,0.0772,0.9846,1.6
"1","children_i <   1.00 & unc_rawben_rel_max >=   1.19 & utilities < 487.00","xgboost",10985,0.95394,0.95053,5740,5456,0.9505,0.2455,0.2238,23.854,0.0772,0.9846,1.6
"1","children_i <= 0.5 & medical_deductions <= 4.5 & utilities <= 8.0","ranger",14431,0.9535,0.95053,7552,7210,0.9547,0.3244,0.2213,31.384,0.0772,0.9846,1.6
"1","months_since_cert_n < 9.000 & unc_rawben_rel_max >= 0.972","xgboost",14597,0.95348,0.95053,7560,7208,0.9534,0.3243,0.2587,31.418,0.0772,0.9846,1.6
"1","rawben_rel_max >=   0.99 & utilities < 789.00","xgboost",16406,0.95331,0.95052,8058,7672,0.9521,0.3452,0.295,33.487,0.0772,0.9846,1.6
"1","rawben_rel_max >=  0.158 & rawben_rel_max <  0.210 & total_deductions_by_hh_size < 40.000","xgboost",881,0.96254,0.95052,350,333,0.9514,0.015,0.0083,1.455,0.0772,0.9846,1.6
"1","cat_elig < 1.00 & unc_rawben_rel_max < 2.52","xgboost",4718,0.9557,0.95051,2425,2325,0.9588,0.1046,0.0488,10.078,0.0772,0.9846,1.6
"1","cat_elig <=  0.5 & homeless <=  0.5 & married <=  0.5 & months_since_cert_n <= 11.5","ranger",3433,0.9566,0.95051,1786,1715,0.9602,0.0772,0.0346,7.422,0.0772,0.9846,1.6
"1","months_since_cert_n >=   7.0000 & rawben_rel_max <   0.0928 & utilities < 875.0000","xgboost",2720,0.95735,0.95051,1322,1265,0.9569,0.0569,0.0366,5.494,0.0772,0.9846,1.6
"1","cat_elig <    1 & total_deductions_by_hh_size < 1780","xgboost",4717,0.95569,0.9505,2423,2324,0.9591,0.1046,0.0483,10.069,0.0772,0.9846,1.6
"1","elderly_disabled_i >   0.5 & months_since_cert_n <=   4.5 & total_deductions_by_hh_size <= 108.0 & utilities <=   9.5","ranger",1289,0.96043,0.9505,665,645,0.9699,0.029,0.0103,2.764,0.0772,0.9846,1.6
"1","months_since_cert_n <  16 & shelter_expenses_by_hh_size < 432","xgboost",15810,0.95332,0.95048,8199,7842,0.9565,0.3528,0.2309,34.073,0.0772,0.9846,1.6
"1","total_deductions_by_hh_size < 310.00 & unc_rawben_rel_max <   1.24 & utilities < 651.00","xgboost",22669,0.95284,0.95047,11849,11302,0.9538,0.5085,0.2942,49.242,0.0772,0.9846,1.6
"1","cat_elig <=  0.5 & months_since_cert_n <= 31.5","ranger",4692,0.95567,0.95046,2399,2301,0.9591,0.1035,0.0479,9.97,0.0772,0.9846,1.6
"1","cat_elig > 0.50 & percent_abawd > 0.75 & unc_rawben_rel_max > 0.85","ranger",3730,0.9563,0.95046,2069,1983,0.9584,0.0892,0.0718,8.598,0.0772,0.9846,1.6
"1","elderly_disabled_i >   0.500 & medical_deductions > 146.000 & rawben_rel_max <=   0.266 & utilities > 494.000","ranger",308,0.97078,0.95044,151,144,0.9536,0.0065,0.0036,0.628,0.0772,0.9846,1.6
"1","children_i <= 0.5 & elderly_disabled_i <= 0.5 & expedited_i <= 0.5 & homeless > 0.5","ranger",1688,0.95912,0.95043,845,822,0.9728,0.037,0.0155,3.512,0.0772,0.9846,1.6
"1","months_since_cert_n >=    2.00 & rawben_rel_max >=    0.68 & shelter_expenses_by_hh_size < 1970.00 & utilities >=  850.00","xgboost",2368,0.95777,0.95043,1640,1552,0.9463,0.0698,0.0587,6.815,0.0772,0.9846,1.6
"1","elderly_disabled_i >  0.500 & rawben_rel_max <=  0.273 & utilities > 30.500","ranger",6511,0.95485,0.95042,3036,2891,0.9522,0.1301,0.0662,12.617,0.0772,0.9846,1.6
"1","cat_elig <   1 & medical_deductions < 565","xgboost",4709,0.95562,0.95041,2418,2319,0.9591,0.1043,0.0483,10.049,0.0772,0.9846,1.6
"1","medical_deductions >  3.500 & rawben_rel_max <=  0.327 & shelter_expenses_by_hh_size > 27.500","ranger",1797,0.95882,0.95039,807,770,0.9542,0.0346,0.0154,3.354,0.0772,0.9846,1.6
"1","months_since_cert_n >=  1.000 & months_since_cert_n < 27.000 & rawben_rel_max >=  0.992","xgboost",16506,0.95317,0.95039,8701,8276,0.9512,0.3723,0.3233,36.159,0.0772,0.9846,1.6
"1","cat_elig <   1.00 & rawben_rel_max >=   0.21 & shelter_expenses_by_hh_size < 963.00 & utilities < 789.00","xgboost",3208,0.95667,0.95036,1672,1590,0.951,0.0715,0.0399,6.948,0.0772,0.9846,1.6
"1","elderly_disabled_i <=  0.50 & months_since_cert_n >  5.50 & percent_abawd <=  0.25 & utilities <= 14.50","ranger",1597,0.9593,0.95036,826,787,0.9528,0.0354,0.0288,3.433,0.0772,0.9846,1.6
"1","shelter_expenses_by_hh_size < 440.00 & unc_rawben_rel_max <   0.43 & utilities >= 392.00","xgboost",528,0.96591,0.95036,251,241,0.9602,0.0108,0.0038,1.043,0.0772,0.9846,1.6
"1","elderly_disabled_i <   1 & months_since_cert_n <   5 & utilities < 511","xgboost",8749,0.95417,0.95035,4404,4227,0.9598,0.1902,0.1169,18.302,0.0772,0.9846,1.6
"1","count_divisible_by_100 <=   1.5 & months_since_cert_n >   5.5 & total_deductions_by_hh_size <= 172.0","ranger",8138,0.95429,0.95033,4284,4062,0.9482,0.1827,0.1266,17.803,0.0772,0.9846,1.6
"1","count_divisible_by_100 <=  0.5 & elderly_disabled_i >  0.5 & married <=  0.5 & shelter_expenses_by_hh_size <= 18.5","ranger",2363,0.95768,0.95033,1200,1153,0.9608,0.0519,0.0296,4.987,0.0772,0.9846,1.6
"1","months_since_cert_n >=   1.000 & rawben_rel_max >=   0.672 & total_deductions_by_hh_size < 519.000 & unc_rawben_rel_max <   1.290","xgboost",11732,0.95363,0.95033,6188,5920,0.9567,0.2663,0.1647,25.716,0.0772,0.9846,1.6
"1","rawben_rel_max <   0.409 & shelter_expenses_by_hh_size < 672.000 & total_deductions_by_hh_size < 174.000","xgboost",6983,0.9546,0.95033,3426,3240,0.9457,0.1458,0.0861,14.238,0.0772,0.9846,1.6
"1","rawben_rel_max >=    0.608 & shelter_expenses_by_hh_size < 1800.000 & unc_rawben_rel_max >=    1.050 & utilities <  723.000","xgboost",14702,0.95327,0.95032,7419,7066,0.9524,0.3179,0.2725,30.832,0.0772,0.9846,1.6
"1","rawben_rel_max >=   0.992 & total_deductions_by_hh_size < 959.000 & unc_rawben_rel_max <   1.930 & utilities >= 789.000","xgboost",1329,0.96012,0.95032,995,952,0.9568,0.0428,0.0325,4.135,0.0772,0.9846,1.6
"1","cat_elig > 0.5 & elderly_disabled_i <= 0.5 & expedited_i > 0.5 & married <= 0.5","ranger",4443,0.95566,0.9503,2162,2064,0.9547,0.0929,0.082,8.985,0.0772,0.9846,1.6
"1","children_i <=   0.5 & count_divisible_by_100 <=   0.5 & medical_deductions <= 269.0 & utilities <=   8.0","ranger",14279,0.95329,0.9503,7479,7139,0.9545,0.3212,0.217,31.081,0.0772,0.9846,1.6
"1","cat_elig <= 0.5 & married <= 0.5","ranger",4693,0.95547,0.95024,2414,2314,0.9586,0.1041,0.0488,10.032,0.0772,0.9846,1.6
"1","cat_elig >=   1.00 & rawben_rel_max <   0.24 & total_deductions_by_hh_size < 256.00 & utilities < 298.00","xgboost",2899,0.95688,0.95024,1348,1291,0.9577,0.0581,0.0267,5.602,0.0772,0.9846,1.6
"1","children_i <   1.00 & shelter_expenses_by_hh_size >= 685.00 & unc_rawben_rel_max >=   1.03 & unc_rawben_rel_max <   1.99","xgboost",5222,0.95519,0.95024,2842,2713,0.9546,0.1221,0.0976,11.811,0.0772,0.9846,1.6
"1","rawben_rel_max <=  0.235 & shelter_expenses_by_hh_size > 14.500 & unc_rawben_rel_max <=  1.960","ranger",7747,0.9543,0.95024,3688,3519,0.9542,0.1583,0.0944,15.326,0.0772,0.9846,1.6
"1","cat_elig <    1 & shelter_expenses_by_hh_size < 1750","xgboost",4689,0.95543,0.9502,2416,2317,0.959,0.1042,0.0483,10.04,0.0772,0.9846,1.6
"1","months_since_cert_n >=    5.000 & months_since_cert_n <    7.000 & rawben_rel_max <    0.188 & shelter_expenses_by_hh_size < 1140.000","xgboost",875,0.96229,0.95019,359,345,0.961,0.0155,0.0091,1.492,0.0772,0.9846,1.5
"1","months_since_cert_n >=  6.000 & rawben_rel_max <  0.116 & utilities >= 30.000","xgboost",2573,0.95725,0.95019,1261,1201,0.9524,0.054,0.0392,5.24,0.0772,0.9846,1.5
"1","percent_abawd <   1.000 & rawben_rel_max >=   0.773 & shelter_expenses_by_hh_size < 798.000 & total_deductions_by_hh_size < 527.000","xgboost",9369,0.95389,0.95019,4683,4485,0.9577,0.2018,0.144,19.461,0.0772,0.9846,1.5
"1","married <=    0.500 & rawben_rel_max <=    0.268 & shelter_expenses_by_hh_size >    5.500 & shelter_expenses_by_hh_size <= 2140.000","ranger",8574,0.95405,0.95018,4019,3829,0.9527,0.1723,0.0995,16.702,0.0772,0.9846,1.5
"1","cat_elig <=   0.5 & count_divisible_by_100 <=   1.5 & shelter_expenses_by_hh_size >   5.5 & total_deductions_by_hh_size <= 170.0","ranger",760,0.96316,0.95017,391,377,0.9642,0.017,0.0059,1.625,0.0772,0.9846,1.5
"1","children_i < 1.000 & months_since_cert_n >= 5.000 & unc_rawben_rel_max >= 0.996 & unc_rawben_rel_max < 1.930","xgboost",7945,0.95419,0.95017,4238,4006,0.9453,0.1802,0.1807,17.612,0.0772,0.9846,1.5
"1","rawben_rel_max >=    0.68 & shelter_expenses_by_hh_size < 1970.00 & utilities >=  850.00","xgboost",2658,0.95711,0.95017,1839,1745,0.9489,0.0785,0.0622,7.642,0.0772,0.9846,1.5
"1","months_since_cert_n <  15.000 & rawben_rel_max >=   0.992 & utilities >= 580.000 & utilities < 992.000","xgboost",2830,0.95689,0.95016,1261,1201,0.9524,0.054,0.0433,5.24,0.0772,0.9846,1.5
"1","rawben_rel_max >=   0.384 & shelter_expenses_by_hh_size < 925.000 & utilities <  29.000","xgboost",11983,0.95343,0.95016,6283,5995,0.9542,0.2697,0.1898,26.111,0.0772,0.9846,1.5
"1","months_since_cert_n <  6.000 & unc_rawben_rel_max >= -0.639 & utilities < 47.000","xgboost",10214,0.95369,0.95015,5268,5047,0.958,0.2271,0.1369,21.893,0.0772,0.9846,1.5
"1","cat_elig <   1.0 & percent_abawd <   0.5 & utilities < 424.0","xgboost",3214,0.95644,0.95012,1574,1510,0.9593,0.0679,0.033,6.541,0.0772,0.9846,1.5
"1","cat_elig <=  0.500 & unc_rawben_rel_max > -0.402","ranger",4724,0.95533,0.95012,2427,2327,0.9588,0.1047,0.0488,10.086,0.0772,0.9846,1.5
"1","cat_elig > 0.500 & elderly_disabled_i <= 0.500 & expedited_i <= 0.500 & unc_rawben_rel_max > 0.858","ranger",7038,0.95439,0.95012,3780,3613,0.9558,0.1625,0.1329,15.709,0.0772,0.9846,1.5
"1","total_deductions_by_hh_size >= 337.000 & unc_rawben_rel_max <  -0.004 & utilities >= 414.000","xgboost",782,0.96292,0.95011,323,307,0.9505,0.0138,0.0125,1.342,0.0772,0.9846,1.5
"1","cat_elig <=  0.500 & rawben_rel_max <=  0.349 & shelter_expenses_by_hh_size > 38.500 & utilities > 14.000","ranger",919,0.96192,0.9501,455,442,0.9714,0.0199,0.0047,1.891,0.0772,0.9846,1.5
"1","rawben_rel_max <   0.409 & shelter_expenses_by_hh_size < 672.000 & total_deductions_by_hh_size < 174.000 & utilities < 436.000","xgboost",6259,0.95463,0.9501,3152,2992,0.9492,0.1346,0.0736,13.099,0.0772,0.9846,1.5
"1","cat_elig >=   1 & expedited_i >=   1 & total_deductions_by_hh_size < 408","xgboost",3979,0.95577,0.95009,1952,1872,0.959,0.0842,0.0605,8.112,0.0772,0.9846,1.5
"1","expedited_i > 0.50 & percent_abawd > 0.75","ranger",1939,0.95823,0.95009,993,954,0.9607,0.0429,0.0316,4.127,0.0772,0.9846,1.5
"1","elderly_disabled_i > 0.50 & married <= 0.50 & shelter_expenses_by_hh_size <= 5.50 & unc_rawben_rel_max <= 1.26","ranger",2394,0.95739,0.95007,1215,1171,0.9638,0.0527,0.0277,5.049,0.0772,0.9846,1.5
"1","unc_rawben_rel_max <   0.271 & utilities < 511.000","xgboost",7888,0.95411,0.95007,3564,3387,0.9503,0.1524,0.0958,14.811,0.0772,0.9846,1.5
"1","children_i <= 0.500 & married <= 0.500 & rawben_rel_max <= 0.991 & unc_rawben_rel_max <= 0.266","ranger",9594,0.95372,0.95006,4440,4227,0.952,0.1902,0.1205,18.452,0.0772,0.9846,1.5
"1","elderly_disabled_i >  0.5 & expedited_i >  0.5 & months_since_cert_n <=  4.5 & shelter_expenses_by_hh_size <= 48.5","ranger",175,0.97714,0.95006,79,76,0.962,0.0034,0.002,0.328,0.0772,0.9846,1.5
"1","expedited_i <    1.000 & rawben_rel_max <    0.296 & shelter_expenses_by_hh_size < 1640.000","xgboost",9906,0.95366,0.95006,4792,4560,0.9516,0.2051,0.1196,19.914,0.0772,0.9846,1.5
"1","cat_elig <    1.000 & children_i <    1.000 & shelter_expenses_by_hh_size < 1260.000 & unc_rawben_rel_max >=   -0.004","xgboost",4018,0.9557,0.95005,2120,2032,0.9585,0.0914,0.0415,8.81,0.0772,0.9846,1.5
"1","medical_deductions < 137.000 & rawben_rel_max <   0.092","xgboost",4675,0.95529,0.95005,2231,2138,0.9583,0.0962,0.0682,9.271,0.0772,0.9846,1.5
"1","months_since_cert_n >=  3.000 & rawben_rel_max <  0.278 & unc_rawben_rel_max >= -1.170","xgboost",7759,0.95412,0.95005,3727,3544,0.9509,0.1594,0.0958,15.489,0.0772,0.9846,1.5
"1","months_since_cert_n <   7 & shelter_expenses_by_hh_size < 608 & total_deductions_by_hh_size < 404 & utilities < 844","xgboost",13297,0.95315,0.95004,6728,6446,0.9581,0.29,0.1664,27.96,0.0772,0.9846,1.5
"1","rawben_rel_max >=   0.992 & total_deductions_by_hh_size >=   9.000 & unc_rawben_rel_max <   1.990 & utilities >= 361.000","xgboost",6796,0.95438,0.95004,3554,3393,0.9547,0.1526,0.1209,14.77,0.0772,0.9846,1.5
"1","cat_elig <= 0.5 & count_divisible_by_100 <= 1.5","ranger",4715,0.95525,0.95003,2418,2320,0.9595,0.1044,0.0478,10.049,0.0772,0.9846,1.5
"1","children_i <=   0.500 & rawben_rel_max <=   0.976 & total_deductions_by_hh_size <=   7.800 & utilities <= 192.000","ranger",3379,0.9562,0.95003,1686,1628,0.9656,0.0732,0.0277,7.007,0.0772,0.9846,1.5
"1","medical_deductions > 116.000 & rawben_rel_max >   0.085 & total_deductions_by_hh_size > 642.000 & unc_rawben_rel_max <=   0.266","ranger",147,0.97959,0.95003,65,61,0.9385,0.0027,0.0017,0.27,0.0772,0.9846,1.5
"1","cat_elig > 0.5 & expedited_i <= 0.5 & months_since_cert_n <= 5.5 & unc_rawben_rel_max > 1.0","ranger",6145,0.9546,0.95002,3257,3120,0.9579,0.1404,0.1025,13.535,0.0772,0.9846,1.5
"1","children_i <= 0.500 & married <= 0.500 & percent_abawd <= 0.500 & unc_rawben_rel_max > 0.991","ranger",14012,0.95304,0.95001,7224,6868,0.9507,0.309,0.2628,30.021,0.0772,0.9846,1.5
"1","months_since_cert_n > 5.500 & unc_rawben_rel_max <= 0.268","ranger",5659,0.95476,0.95,2727,2591,0.9501,0.1166,0.076,11.333,0.0772,0.9846,1.5
"1","months_since_cert_n >  4.500 & months_since_cert_n <= 36.500 & rawben_rel_max <=  0.268","ranger",6266,0.95452,0.94999,3001,2856,0.9517,0.1285,0.0804,12.471,0.0772,0.9846,1.5
"1","cat_elig >=   1 & total_deductions_by_hh_size < 256 & utilities < 298","xgboost",13961,0.95301,0.94998,7147,6840,0.957,0.3077,0.1883,29.701,0.0772,0.9846,1.5
"1","months_since_cert_n >  6.500 & rawben_rel_max >  0.995 & utilities <= 27.000","ranger",2411,0.95728,0.94998,1344,1275,0.9487,0.0574,0.0571,5.585,0.0772,0.9846,1.5
"1","months_since_cert_n >=  9 & shelter_expenses_by_hh_size >= 44 & total_deductions_by_hh_size < 43","xgboost",1607,0.95893,0.94998,885,842,0.9514,0.0379,0.0177,3.678,0.0772,0.9846,1.5
"1","children_i <  1.000 & elderly_disabled_i >=  1.000 & unc_rawben_rel_max <  0.584 & utilities < 30.000","xgboost",3630,0.95592,0.94997,1872,1791,0.9567,0.0806,0.0361,7.78,0.0772,0.9846,1.5
"1","elderly_disabled_i >   0.500 & rawben_rel_max <=   0.976 & shelter_expenses_by_hh_size <=  14.500 & total_deductions_by_hh_size <= 631.000","ranger",1364,0.95968,0.94997,678,655,0.9661,0.0295,0.0126,2.818,0.0772,0.9846,1.5
"1","count_divisible_by_100 >= 1.00 & unc_rawben_rel_max >= 1.29 & unc_rawben_rel_max < 1.86","xgboost",330,0.9697,0.94995,208,199,0.9567,0.009,0.0073,0.864,0.0772,0.9846,1.5
"1","elderly_disabled_i >   0.500 & total_deductions_by_hh_size > 486.000 & unc_rawben_rel_max >   0.796 & utilities > 808.000","ranger",2215,0.95756,0.94994,1524,1454,0.9541,0.0654,0.0464,6.333,0.0772,0.9846,1.5
"1","cat_elig < 1","xgboost",4725,0.95513,0.94991,2427,2327,0.9588,0.1047,0.0488,10.086,0.0772,0.9846,1.5
"1","homeless <= 0.500 & rawben_rel_max <= 0.218 & utilities > 5.000","ranger",6110,0.9545,0.94991,2831,2702,0.9544,0.1216,0.073,11.765,0.0772,0.9846,1.5
"1","married <=   0.5 & medical_deductions >  96.2 & total_deductions_by_hh_size <= 290.0","ranger",733,0.96317,0.94991,364,342,0.9396,0.0154,0.0102,1.513,0.0772,0.9846,1.5
"1","months_since_cert_n < 30.000 & rawben_rel_max <  0.351 & utilities < 27.000","xgboost",2816,0.95668,0.94991,1429,1365,0.9552,0.0614,0.0383,5.939,0.0772,0.9846,1.5
"1","cat_elig <   1 & shelter_expenses_by_hh_size >= 447 & shelter_expenses_by_hh_size < 672 & utilities >=  52","xgboost",523,0.96558,0.94989,255,243,0.9529,0.0109,0.0051,1.06,0.0772,0.9846,1.5
"1","cat_elig <=    1.500 & elderly_disabled_i >    0.500 & shelter_expenses_by_hh_size > 1070.000 & unc_rawben_rel_max >    0.991","ranger",2299,0.95737,0.94989,1702,1617,0.9501,0.0727,0.0628,7.073,0.0772,0.9846,1.5
"1","cat_elig >= 2.0 & expedited_i < 1.0 & percent_abawd >= 0.5 & total_deductions_by_hh_size < 9.0","xgboost",523,0.96558,0.94989,59,59,1,0.0027,0,0.245,0.0772,0.9846,1.5
"1","elderly_disabled_i <  1.00 & months_since_cert_n <  5.00 & unc_rawben_rel_max >= -0.14","xgboost",9788,0.95351,0.94989,5008,4795,0.9575,0.2157,0.1393,20.812,0.0772,0.9846,1.5
"1","months_since_cert_n >=   3 & shelter_expenses_by_hh_size >= 430 & total_deductions_by_hh_size < 221","xgboost",3688,0.9558,0.94989,1891,1793,0.9482,0.0807,0.0443,7.859,0.0772,0.9846,1.5
"1","married <= 0.500 & months_since_cert_n > 4.500 & rawben_rel_max <= 0.222 & utilities > 5.000","ranger",4068,0.95551,0.94988,1950,1855,0.9513,0.0835,0.0543,8.104,0.0772,0.9846,1.5
"1","medical_deductions <= 3.50 & unc_rawben_rel_max <= 1.96 & utilities <= 8.00","ranger",14675,0.95284,0.94988,7648,7297,0.9541,0.3283,0.2289,31.783,0.0772,0.9846,1.5
"1","months_since_cert_n <=   5.500 & rawben_rel_max <=   0.995 & unc_rawben_rel_max <=   0.264 & utilities > 360.000","ranger",1713,0.95855,0.94988,786,759,0.9656,0.0341,0.0171,3.266,0.0772,0.9846,1.5
"1","expedited_i <=  0.500 & months_since_cert_n <= 12.500 & rawben_rel_max <=  0.273 & unc_rawben_rel_max <=  0.991","ranger",7189,0.9541,0.94986,3329,3168,0.9516,0.1425,0.0881,13.835,0.0772,0.9846,1.5
"1","months_since_cert_n >=   4 & months_since_cert_n <   5 & shelter_expenses_by_hh_size < 528 & utilities < 714","xgboost",1930,0.95803,0.94986,971,933,0.9609,0.042,0.0242,4.035,0.0772,0.9846,1.5
"1","rawben_rel_max <   0.471 & shelter_expenses_by_hh_size >= 880.000 & total_deductions_by_hh_size < 422.000","xgboost",778,0.96272,0.94985,401,392,0.9776,0.0176,0.0038,1.666,0.0772,0.9846,1.5
"1","cat_elig >  0.5 & children_i <=  0.5 & percent_abawd >  0.5 & utilities <= 30.5","ranger",2705,0.95675,0.94984,1522,1461,0.9599,0.0657,0.0482,6.325,0.0772,0.9846,1.5
"1","expedited_i >=  1 & months_since_cert_n <  1 & total_deductions_by_hh_size < 92","xgboost",451,0.96674,0.94983,223,219,0.9821,0.0099,0.0029,0.927,0.0772,0.9846,1.5
"1","count_divisible_by_100 <   1.000 & elderly_disabled_i >=   1.000 & rawben_rel_max <   0.896 & total_deductions_by_hh_size < 178.000","xgboost",8118,0.95381,0.94982,4129,3911,0.9472,0.1759,0.098,17.159,0.0772,0.9846,1.5
"1","expedited_i < 1.000 & percent_abawd < 0.500 & rawben_rel_max < 0.324","xgboost",10375,0.95335,0.94982,5141,4895,0.9521,0.2202,0.1207,21.365,0.0772,0.9846,1.5
"1","cat_elig < 1.000 & children_i < 1.000 & rawben_rel_max >= 0.364","xgboost",3385,0.95598,0.94981,1766,1687,0.9553,0.0759,0.039,7.339,0.0772,0.9846,1.5
"1","children_i <=  0.50 & percent_abawd <=  0.75 & rawben_rel_max <=  0.24 & utilities > 30.50","ranger",6181,0.95438,0.94981,2914,2769,0.9502,0.1246,0.0744,12.11,0.0772,0.9846,1.5
"1","elderly_disabled_i >   0.500 & married <=   0.500 & rawben_rel_max <=   0.244 & total_deductions_by_hh_size > 184.000","ranger",2938,0.95643,0.94981,1364,1310,0.9604,0.0589,0.0298,5.668,0.0772,0.9846,1.5
"1","rawben_rel_max <    0.23 & total_deductions_by_hh_size < 1270.00 & utilities >=  360.00","xgboost",3913,0.95553,0.94979,1889,1816,0.9614,0.0817,0.0441,7.85,0.0772,0.9846,1.5
"1","children_i <=  0.5 & months_since_cert_n > 10.5 & total_deductions_by_hh_size <=  2.8 & utilities <= 83.0","ranger",1753,0.95836,0.94978,926,896,0.9676,0.0403,0.0206,3.848,0.0772,0.9846,1.5
"1","homeless > 0.50 & married <= 0.50 & percent_abawd <= 0.75 & unc_rawben_rel_max <= 1.97","ranger",3128,0.9562,0.94978,1382,1306,0.945,0.0588,0.0478,5.743,0.0772,0.9846,1.5
"1","elderly_disabled_i >   0.5 & shelter_expenses_by_hh_size <= 419.0 & total_deductions_by_hh_size <= 314.0 & utilities <=   8.0","ranger",3721,0.95566,0.94977,1956,1876,0.9591,0.0844,0.0458,8.129,0.0772,0.9846,1.5
"1","elderly_disabled_i > 0.500 & unc_rawben_rel_max <= 0.577 & utilities <= 5.000","ranger",3382,0.95594,0.94976,1729,1649,0.9537,0.0742,0.0351,7.185,0.0772,0.9846,1.5
"1","shelter_expenses_by_hh_size >= 853 & total_deductions_by_hh_size >= 538 & total_deductions_by_hh_size < 720 & utilities >= 789","xgboost",1314,0.95967,0.94975,903,838,0.928,0.0377,0.041,3.753,0.0772,0.9846,1.5
"1","months_since_cert_n >= 1.000 & rawben_rel_max >= 0.992","xgboost",17009,0.9525,0.94974,8922,8481,0.9506,0.3815,0.3344,37.078,0.0772,0.9846,1.5
"1","rawben_rel_max <   0.0893 & total_deductions_by_hh_size >= 167.0000 & unc_rawben_rel_max >=   0.0000","xgboost",474,0.96624,0.94974,206,202,0.9806,0.0091,0.0037,0.856,0.0772,0.9846,1.5
"1","count_divisible_by_100 <= 0.5 & elderly_disabled_i <= 0.5 & months_since_cert_n <= 5.5 & percent_abawd <= 1.5","ranger",10785,0.95318,0.94971,5459,5226,0.9573,0.2351,0.1558,22.686,0.0772,0.9846,1.5
"1","children_i <= 0.500 & homeless <= 0.500 & rawben_rel_max <= 0.268","ranger",9359,0.95341,0.9497,4337,4134,0.9532,0.186,0.1119,18.024,0.0772,0.9846,1.5
"1","expedited_i > 0.5 & homeless <= 0.5 & months_since_cert_n <= 5.5","ranger",3589,0.9557,0.9497,1738,1669,0.9603,0.0751,0.0516,7.223,0.0772,0.9846,1.5
"1","rawben_rel_max <   0.24 & shelter_expenses_by_hh_size >= 228.00 & shelter_expenses_by_hh_size < 979.00 & utilities < 298.00","xgboost",2419,0.95701,0.9497,1058,1010,0.9546,0.0454,0.023,4.397,0.0772,0.9846,1.5
"1","cat_elig < 1.0 & months_since_cert_n >= 1.0 & unc_rawben_rel_max < 1.9","xgboost",4179,0.95525,0.94969,2199,2111,0.96,0.095,0.0431,9.139,0.0772,0.9846,1.5
"1","cat_elig >=   1 & shelter_expenses_by_hh_size < 339","xgboost",12609,0.95289,0.94969,6416,6159,0.9599,0.2771,0.177,26.663,0.0772,0.9846,1.5
"1","children_i <  1.000 & rawben_rel_max <  0.979 & total_deductions_by_hh_size < 55.000","xgboost",5311,0.95462,0.94969,2738,2600,0.9496,0.117,0.0625,11.378,0.0772,0.9846,1.5
"1","shelter_expenses_by_hh_size >= 305.00 & shelter_expenses_by_hh_size < 376.00 & total_deductions_by_hh_size < 130.00 & unc_rawben_rel_max <   0.43","xgboost",934,0.96146,0.94969,536,494,0.9216,0.0222,0.0182,2.227,0.0772,0.9846,1.5
"1","shelter_expenses_by_hh_size >= 925 & total_deductions_by_hh_size < 803 & utilities >= 819","xgboost",1641,0.95856,0.94969,1062,1002,0.9435,0.0451,0.038,4.413,0.0772,0.9846,1.5
"1","elderly_disabled_i >   0.500 & medical_deductions <= 170.000 & rawben_rel_max <=   0.479 & shelter_expenses_by_hh_size <= 616.000","ranger",8135,0.95366,0.94967,3970,3762,0.9476,0.1692,0.0903,16.498,0.0772,0.9846,1.5
"1","rawben_rel_max <   0.188 & total_deductions_by_hh_size >=   9.000 & unc_rawben_rel_max >=  -1.170 & utilities >= 361.000","xgboost",3015,0.95622,0.94967,1462,1397,0.9555,0.0628,0.0402,6.076,0.0772,0.9846,1.5
"1","shelter_expenses_by_hh_size <  405.000 & total_deductions_by_hh_size < 1200.000 & unc_rawben_rel_max <   -0.184","xgboost",591,0.96447,0.94967,285,275,0.9649,0.0124,0.0085,1.184,0.0772,0.9846,1.5
"1","cat_elig <= 0.5 & elderly_disabled_i <= 0.5 & expedited_i <= 0.5 & percent_abawd <= 0.5","ranger",1023,0.9609,0.94965,504,488,0.9683,0.022,0.0085,2.095,0.0772,0.9846,1.5
"1","medical_deductions < 110.000 & months_since_cert_n >=  13.000 & rawben_rel_max <   0.361 & total_deductions_by_hh_size <  92.000","xgboost",1465,0.95904,0.94965,750,714,0.952,0.0321,0.0135,3.117,0.0772,0.9846,1.5
"1","cat_elig <  1.00 & months_since_cert_n >=  1.00 & months_since_cert_n < 20.00 & unc_rawben_rel_max >=  0.43","xgboost",2843,0.95638,0.94964,1516,1454,0.9591,0.0654,0.0323,6.3,0.0772,0.9846,1.5
"1","cat_elig > 1.500 & elderly_disabled_i > 0.500 & rawben_rel_max <= 0.312 & unc_rawben_rel_max <= 0.991","ranger",2928,0.95628,0.94964,193,186,0.9637,0.0084,0.0038,0.802,0.0772,0.9846,1.5
"1","cat_elig >=  2.00 & months_since_cert_n < 14.00 & unc_rawben_rel_max >=  1.05","xgboost",5743,0.95438,0.94963,447,434,0.9709,0.0195,0.0087,1.858,0.0772,0.9846,1.5
"1","count_divisible_by_100 >  0.500 & total_deductions_by_hh_size > 17.800 & unc_rawben_rel_max >  0.991 & unc_rawben_rel_max <=  2.770","ranger",683,0.9634,0.94963,422,398,0.9431,0.0179,0.0189,1.754,0.0772,0.9846,1.5
"1","elderly_disabled_i > 0.500 & homeless <= 0.500 & unc_rawben_rel_max > 0.991 & unc_rawben_rel_max <= 1.810","ranger",4908,0.95477,0.94963,2591,2468,0.9525,0.111,0.0844,10.768,0.0772,0.9846,1.5
"1","homeless > 0.5 & percent_abawd > 0.5 & total_deductions_by_hh_size <= 8.9","ranger",660,0.96364,0.94963,424,414,0.9764,0.0186,0.0094,1.762,0.0772,0.9846,1.5
"1","expedited_i <   1.000 & rawben_rel_max >=   0.732 & shelter_expenses_by_hh_size < 531.000 & unc_rawben_rel_max >=  -1.170","xgboost",7587,0.95374,0.94961,4057,3877,0.9556,0.1744,0.1298,16.86,0.0772,0.9846,1.5
"1","homeless >  0.500 & months_since_cert_n > 16.500 & rawben_rel_max <=  0.377 & unc_rawben_rel_max <=  0.991","ranger",51,1,0.94961,13,13,1,6e-04,0,0.054,0.0772,0.9846,1.5
"1","rawben_rel_max <=  0.998 & total_deductions_by_hh_size <= 58.500 & unc_rawben_rel_max >  0.976","ranger",51,1,0.94961,32,32,1,0.0014,0,0.133,0.0772,0.9846,1.5
"1","rawben_rel_max >=    0.777 & total_deductions_by_hh_size < 1560.000 & utilities >=  844.000","xgboost",2607,0.95666,0.94961,1739,1653,0.9505,0.0744,0.0583,7.227,0.0772,0.9846,1.5
"1","expedited_i <=   0.5 & homeless >   0.5 & percent_abawd <=   1.5 & shelter_expenses_by_hh_size <= 614.0","ranger",2071,0.95751,0.9496,1003,966,0.9631,0.0435,0.0236,4.168,0.0772,0.9846,1.5
"1","children_i < 1.000 & rawben_rel_max < 0.268","xgboost",9627,0.95326,0.94959,4477,4259,0.9513,0.1916,0.1232,18.605,0.0772,0.9846,1.5
"1","cat_elig > 0.5 & elderly_disabled_i <= 0.5 & expedited_i > 0.5","ranger",4463,0.95496,0.94957,2178,2079,0.9545,0.0935,0.0829,9.051,0.0772,0.9846,1.5
"1","count_divisible_by_100 <= 0.5 & elderly_disabled_i > 0.5 & shelter_expenses_by_hh_size <= 5.5","ranger",2370,0.95696,0.94957,1197,1150,0.9607,0.0517,0.0296,4.974,0.0772,0.9846,1.5
"1","months_since_cert_n <   1.000 & rawben_rel_max >=   0.814 & total_deductions_by_hh_size < 675.000 & utilities < 350.000","xgboost",1221,0.95987,0.94957,616,603,0.9789,0.0271,0.0116,2.56,0.0772,0.9846,1.5
"1","months_since_cert_n >  5.500 & months_since_cert_n <= 42.500 & unc_rawben_rel_max <=  0.277","ranger",5778,0.95431,0.94957,2813,2670,0.9492,0.1201,0.0788,11.69,0.0772,0.9846,1.5
"1","cat_elig <   1 & months_since_cert_n >=   9 & months_since_cert_n <  16 & total_deductions_by_hh_size < 256","xgboost",352,0.96875,0.94956,213,208,0.9765,0.0094,0.0022,0.885,0.0772,0.9846,1.5
"1","cat_elig >=  1.000 & rawben_rel_max <  0.251 & utilities < 29.000","xgboost",2134,0.95736,0.94956,1004,959,0.9552,0.0431,0.0312,4.172,0.0772,0.9846,1.5
"1","elderly_disabled_i >= 1.000 & rawben_rel_max >= 0.992 & unc_rawben_rel_max < 1.770","xgboost",5047,0.95463,0.94956,2654,2527,0.9521,0.1137,0.0884,11.029,0.0772,0.9846,1.5
"1","months_since_cert_n >=   3.000 & shelter_expenses_by_hh_size < 305.000 & unc_rawben_rel_max <  -0.004","xgboost",543,0.96501,0.94956,233,224,0.9614,0.0101,0.0081,0.968,0.0772,0.9846,1.5
"1","cat_elig >   1.50 & months_since_cert_n >   5.50 & total_deductions_by_hh_size <= 161.00 & unc_rawben_rel_max <=   1.22","ranger",2283,0.95707,0.94954,235,227,0.966,0.0102,0.0047,0.977,0.0772,0.9846,1.5
"1","married <=  0.5 & medical_deductions <=  0.5 & utilities <= 10.5","ranger",14656,0.95251,0.94954,7645,7291,0.9537,0.328,0.23,31.771,0.0772,0.9846,1.5
"1","medical_deductions <  4 & months_since_cert_n <  6 & utilities < 56","xgboost",10543,0.95305,0.94954,5420,5198,0.959,0.2338,0.1394,22.524,0.0772,0.9846,1.5
"1","medical_deductions >  0.50000 & unc_rawben_rel_max > -0.12400 & unc_rawben_rel_max <= -0.00544","ranger",200,0.975,0.94954,90,89,0.9889,0.004,4e-04,0.374,0.0772,0.9846,1.5
"1","rawben_rel_max <=    0.266 & total_deductions_by_hh_size <= 1210.000","ranger",9617,0.95321,0.94954,4458,4244,0.952,0.1909,0.1196,18.526,0.0772,0.9846,1.5
"1","total_deductions_by_hh_size < 63 & utilities >= 74","xgboost",1788,0.95805,0.94954,938,870,0.9275,0.0391,0.0305,3.898,0.0772,0.9846,1.5
"1","months_since_cert_n <  11.000 & rawben_rel_max <   0.247 & unc_rawben_rel_max <   1.270 & utilities >= 277.000","xgboost",3577,0.95555,0.94953,1656,1584,0.9565,0.0713,0.0427,6.882,0.0772,0.9846,1.5
"1","elderly_disabled_i >=   1 & total_deductions_by_hh_size < 303 & utilities >= 388 & utilities < 488","xgboost",2239,0.95712,0.94951,1274,1227,0.9631,0.0552,0.0173,5.294,0.0772,0.9846,1.5
"1","months_since_cert_n <   15.00 & shelter_expenses_by_hh_size >= 1070.00 & total_deductions_by_hh_size >=  692.00 & unc_rawben_rel_max >=    1.01","xgboost",2239,0.95712,0.94951,1262,1196,0.9477,0.0538,0.05,5.245,0.0772,0.9846,1.5
"1","children_i <=  0.500 & rawben_rel_max <=  0.978 & total_deductions_by_hh_size <= 56.600","ranger",5354,0.95443,0.9495,2755,2617,0.9499,0.1177,0.0625,11.449,0.0772,0.9846,1.5
"1","expedited_i <   1 & homeless >=   1 & shelter_expenses_by_hh_size < 600","xgboost",2067,0.95743,0.9495,1001,964,0.963,0.0434,0.0236,4.16,0.0772,0.9846,1.5
"1","married <   1.000 & shelter_expenses_by_hh_size >= 700.000 & total_deductions_by_hh_size < 645.000 & unc_rawben_rel_max <  -0.639","xgboost",327,0.96942,0.9495,166,163,0.9819,0.0073,0.0027,0.69,0.0772,0.9846,1.5
"1","rawben_rel_max >=   0.992 & utilities < 852.000","xgboost",16970,0.95227,0.9495,8506,8098,0.952,0.3643,0.3098,35.349,0.0772,0.9846,1.5
"1","cat_elig <=  0.500 & elderly_disabled_i <=  0.500 & total_deductions_by_hh_size > 63.800 & unc_rawben_rel_max >  0.991","ranger",400,0.9675,0.94949,218,212,0.9725,0.0095,0.0039,0.906,0.0772,0.9846,1.5
"1","homeless >=  1.0 & months_since_cert_n <  5.0 & percent_abawd >=  0.5 & utilities < 48.0","xgboost",424,0.96698,0.94949,290,282,0.9724,0.0127,0.0051,1.205,0.0772,0.9846,1.5
"1","married <= 0.500 & medical_deductions <= 3.500 & percent_abawd <= 0.750 & unc_rawben_rel_max > 0.991","ranger",13968,0.95253,0.94949,7178,6824,0.9507,0.307,0.2613,29.83,0.0772,0.9846,1.5
"1","months_since_cert_n <   34.000 & total_deductions_by_hh_size < 1080.000 & unc_rawben_rel_max >=    0.883 & utilities >=  688.000","xgboost",3088,0.95596,0.94947,1751,1665,0.9509,0.0749,0.0563,7.277,0.0772,0.9846,1.5
"1","months_since_cert_n >   5.500 & rawben_rel_max <=   0.477 & shelter_expenses_by_hh_size >  14.500 & total_deductions_by_hh_size <= 294.000","ranger",5745,0.95422,0.94947,2951,2794,0.9468,0.1257,0.0692,12.264,0.0772,0.9846,1.5
"1","rawben_rel_max <    0.557 & shelter_expenses_by_hh_size < 2090.000 & total_deductions_by_hh_size <   92.000","xgboost",5641,0.95426,0.94947,2969,2823,0.9508,0.127,0.0657,12.338,0.0772,0.9846,1.5
"1","months_since_cert_n >=  3.00 & unc_rawben_rel_max < -0.44","xgboost",1019,0.96075,0.94946,467,448,0.9593,0.0202,0.0184,1.941,0.0772,0.9846,1.5
"1","count_divisible_by_100 <=   1.5 & months_since_cert_n >   5.5 & total_deductions_by_hh_size <= 344.0 & utilities <=  32.5","ranger",5327,0.95438,0.94945,2832,2703,0.9544,0.1216,0.0833,11.769,0.0772,0.9846,1.5
"1","cat_elig <   1 & shelter_expenses_by_hh_size < 672 & utilities >=  52","xgboost",974,0.96099,0.94944,510,484,0.949,0.0218,0.0135,2.119,0.0772,0.9846,1.5
"1","shelter_expenses_by_hh_size < 430 & total_deductions_by_hh_size < 650","xgboost",17233,0.95218,0.94944,8955,8545,0.9542,0.3844,0.2575,37.215,0.0772,0.9846,1.5
"1","cat_elig <   2.00 & unc_rawben_rel_max >=   1.29 & unc_rawben_rel_max <   1.93 & utilities >= 415.00","xgboost",2321,0.95692,0.94943,1701,1627,0.9565,0.0732,0.06,7.069,0.0772,0.9846,1.5
"1","months_since_cert_n <  30 & shelter_expenses_by_hh_size < 538 & utilities < 318","xgboost",16865,0.95221,0.94943,8640,8265,0.9566,0.3718,0.2382,35.906,0.0772,0.9846,1.5
"1","children_i <= 0.500 & shelter_expenses_by_hh_size > 5.500 & unc_rawben_rel_max <= 0.268","ranger",8608,0.9533,0.94941,4017,3825,0.9522,0.1721,0.103,16.694,0.0772,0.9846,1.5
"1","homeless <=   0.50 & medical_deductions > 126.00 & percent_abawd <=   0.75 & total_deductions_by_hh_size <= 297.00","ranger",611,0.96399,0.94941,319,300,0.9404,0.0135,0.0085,1.326,0.0772,0.9846,1.5
"1","homeless > 0.50 & months_since_cert_n > 2.50 & months_since_cert_n <= 5.50 & unc_rawben_rel_max <= 1.93","ranger",1305,0.95939,0.94941,630,608,0.9651,0.0274,0.015,2.618,0.0772,0.9846,1.5
"1","cat_elig <    2 & shelter_expenses_by_hh_size < 1800 & utilities >=  784","xgboost",2766,0.95625,0.9494,2917,2707,0.928,0.1218,0.1181,12.122,0.0772,0.9846,1.5
"1","medical_deductions >    0.500 & total_deductions_by_hh_size >  306.000 & total_deductions_by_hh_size <= 1360.000 & unc_rawben_rel_max <=    0.268","ranger",951,0.96109,0.9494,413,397,0.9613,0.0179,0.0065,1.716,0.0772,0.9846,1.5
"1","shelter_expenses_by_hh_size <= 2170.000 & unc_rawben_rel_max <=    0.268","ranger",9673,0.95307,0.9494,4492,4274,0.9515,0.1923,0.1213,18.668,0.0772,0.9846,1.5
"1","cat_elig <  1.000 & months_since_cert_n >=  4.000 & months_since_cert_n < 10.000 & rawben_rel_max >=  0.124","xgboost",1392,0.95905,0.94939,715,681,0.9524,0.0306,0.0182,2.971,0.0772,0.9846,1.5
"1","cat_elig >= 2.000 & children_i < 1.000 & months_since_cert_n < 3.000 & rawben_rel_max >= 0.766","xgboost",2447,0.95668,0.94939,181,179,0.989,0.0081,0.0015,0.752,0.0772,0.9846,1.5
"1","children_i <=   0.5 & months_since_cert_n >   4.5 & total_deductions_by_hh_size <= 228.0","ranger",10716,0.95287,0.94939,5648,5360,0.949,0.2411,0.1569,23.472,0.0772,0.9846,1.5
"1","elderly_disabled_i >   0.500 & rawben_rel_max <=   0.483 & shelter_expenses_by_hh_size <= 608.000 & unc_rawben_rel_max <=   0.991","ranger",8173,0.95338,0.94939,4002,3791,0.9473,0.1706,0.0909,16.631,0.0772,0.9846,1.5
"1","homeless >= 1.000 & unc_rawben_rel_max >= 0.443 & unc_rawben_rel_max < 1.930","xgboost",3588,0.95541,0.94939,1748,1676,0.9588,0.0754,0.0482,7.264,0.0772,0.9846,1.5
"1","cat_elig > 0.500 & count_divisible_by_100 <= 1.500 & expedited_i <= 0.500 & unc_rawben_rel_max <= 0.268","ranger",8436,0.9533,0.94937,3909,3711,0.9493,0.167,0.1077,16.245,0.0772,0.9846,1.5
"1","children_i <=  0.5 & homeless <=  0.5 & months_since_cert_n <=  6.5 & utilities <= 30.5","ranger",7922,0.95342,0.94937,4192,4015,0.9578,0.1806,0.1105,17.421,0.0772,0.9846,1.5
"1","children_i <= 0.500 & elderly_disabled_i > 0.500 & unc_rawben_rel_max > 0.996 & unc_rawben_rel_max <= 1.800","ranger",5007,0.95446,0.94937,2627,2502,0.9524,0.1126,0.0871,10.917,0.0772,0.9846,1.5
"1","count_divisible_by_100 <= 0.5 & elderly_disabled_i <= 0.5 & months_since_cert_n <= 5.5","ranger",10813,0.95283,0.94937,5484,5249,0.9571,0.2361,0.1568,22.79,0.0772,0.9846,1.5
"1","cat_elig <= 0.50 & expedited_i <= 0.50 & medical_deductions <= 0.50 & unc_rawben_rel_max <= 1.94","ranger",3039,0.95591,0.94936,1594,1530,0.9598,0.0688,0.0312,6.624,0.0772,0.9846,1.5
"1","cat_elig >  1.5 & elderly_disabled_i >  0.5 & shelter_expenses_by_hh_size <= 13.0","ranger",725,0.96276,0.94936,46,46,1,0.0021,0,0.191,0.0772,0.9846,1.5
"1","months_since_cert_n <  10.000 & rawben_rel_max >=   0.592 & unc_rawben_rel_max >=   1.330 & utilities >= 886.000","xgboost",399,0.96742,0.94936,349,335,0.9599,0.0151,0.0096,1.45,0.0772,0.9846,1.5
"1","cat_elig >=   2 & months_since_cert_n <   5 & shelter_expenses_by_hh_size < 415","xgboost",3164,0.95575,0.94934,267,259,0.97,0.0117,0.0041,1.11,0.0772,0.9846,1.5
"1","months_since_cert_n <   3.00 & total_deductions_by_hh_size <  63.00 & unc_rawben_rel_max <   1.19 & utilities < 992.00","xgboost",1434,0.95886,0.94933,768,735,0.957,0.0331,0.0176,3.192,0.0772,0.9846,1.5
"1","cat_elig <   1.000 & medical_deductions < 565.000 & rawben_rel_max <   0.361","xgboost",1215,0.95967,0.94932,599,584,0.975,0.0263,0.0059,2.489,0.0772,0.9846,1.5
"1","medical_deductions < 227.000 & total_deductions_by_hh_size >=  47.000 & unc_rawben_rel_max >=   0.996 & utilities >= 688.000","xgboost",3163,0.95574,0.94932,1810,1732,0.9569,0.0779,0.057,7.522,0.0772,0.9846,1.5
"1","children_i <= 0.500 & percent_abawd <= 0.250 & rawben_rel_max <= 0.312 & unc_rawben_rel_max <= 0.991","ranger",10372,0.95285,0.94931,5038,4799,0.9526,0.2159,0.121,20.937,0.0772,0.9846,1.5
"1","elderly_disabled_i <   1.00 & unc_rawben_rel_max >=  -1.17 & utilities < 388.00","xgboost",11740,0.95264,0.94931,6044,5764,0.9537,0.2593,0.2006,25.117,0.0772,0.9846,1.5
"1","count_divisible_by_100 > 0.500 & percent_abawd > 0.500 & unc_rawben_rel_max > 0.844","ranger",199,0.97487,0.94929,109,100,0.9174,0.0045,0.0077,0.453,0.0772,0.9846,1.5
"1","rawben_rel_max <=    0.277 & shelter_expenses_by_hh_size >    5.500 & shelter_expenses_by_hh_size <= 1780.000","ranger",8730,0.95315,0.94929,4131,3930,0.9513,0.1768,0.1043,17.167,0.0772,0.9846,1.5
"1","cat_elig >   0.5 & married <=   0.5 & total_deductions_by_hh_size <= 246.0","ranger",18394,0.95194,0.94928,9564,9111,0.9526,0.4099,0.2548,39.746,0.0772,0.9846,1.5
"1","count_divisible_by_100 <   1.000 & expedited_i >=   1.000 & medical_deductions < 366.000 & rawben_rel_max >=   0.504","xgboost",6385,0.9538,0.94928,3204,3040,0.9488,0.1368,0.1156,13.315,0.0772,0.9846,1.5
"1","count_divisible_by_100 <=  0.5 & elderly_disabled_i >  0.5 & homeless >  0.5 & total_deductions_by_hh_size <= 63.4","ranger",446,0.96637,0.94928,202,194,0.9604,0.0087,0.0049,0.839,0.0772,0.9846,1.5
"1","elderly_disabled_i > 0.500 & rawben_rel_max > 0.996 & unc_rawben_rel_max > 0.991 & unc_rawben_rel_max <= 1.790","ranger",4998,0.95438,0.94928,2621,2498,0.9531,0.1124,0.0863,10.892,0.0772,0.9846,1.5
"1","months_since_cert_n >= 1.000 & rawben_rel_max < 0.152","xgboost",5972,0.95395,0.94928,2808,2681,0.9548,0.1206,0.08,11.669,0.0772,0.9846,1.5
"1","cat_elig <   1 & utilities < 850","xgboost",4582,0.9546,0.94927,2279,2182,0.9574,0.0982,0.0474,9.471,0.0772,0.9846,1.5
"1","cat_elig <  1.0000 & children_i <  1.0000 & unc_rawben_rel_max >= -0.0344 & unc_rawben_rel_max <  1.4000","xgboost",3894,0.95506,0.94927,2082,2004,0.9625,0.0902,0.0331,8.652,0.0772,0.9846,1.5
"1","months_since_cert_n < 20.000 & rawben_rel_max >=  0.992 & unc_rawben_rel_max >=  1.160","xgboost",14782,0.95224,0.94927,7765,7394,0.9522,0.3326,0.2914,32.269,0.0772,0.9846,1.5
"1","rawben_rel_max <   0.24 & shelter_expenses_by_hh_size >= 228.00 & utilities < 298.00","xgboost",2526,0.95645,0.94927,1092,1039,0.9515,0.0467,0.0253,4.538,0.0772,0.9846,1.5
"1","rawben_rel_max <=   0.976 & total_deductions_by_hh_size <=   2.500 & utilities <= 242.000","ranger",3370,0.95549,0.94927,1679,1617,0.9631,0.0727,0.0289,6.978,0.0772,0.9846,1.5
"1","cat_elig >=   2.000 & medical_deductions < 132.000 & rawben_rel_max >=   0.844 & unc_rawben_rel_max <   1.810","xgboost",6238,0.95383,0.94926,502,486,0.9681,0.0219,0.0095,2.086,0.0772,0.9846,1.5
"1","married <= 0.500 & rawben_rel_max <= 0.268 & shelter_expenses_by_hh_size > 5.500","ranger",8600,0.95314,0.94925,4028,3833,0.9516,0.1724,0.1043,16.739,0.0772,0.9846,1.5
"1","children_i < 1.000 & count_divisible_by_100 < 1.000 & expedited_i >= 1.000 & rawben_rel_max >= 0.424","xgboost",6338,0.95377,0.94924,3186,3021,0.9482,0.1359,0.1162,13.24,0.0772,0.9846,1.5
"1","homeless >=  1.0 & percent_abawd >=  0.5 & total_deductions_by_hh_size < 63.0 & unc_rawben_rel_max >=  1.2","xgboost",632,0.96361,0.94924,410,401,0.978,0.018,0.0084,1.704,0.0772,0.9846,1.5
"1","medical_deductions < 192.000 & rawben_rel_max >=   0.777 & shelter_expenses_by_hh_size >= 672.000 & utilities >= 875.000","xgboost",1885,0.95756,0.94924,1326,1266,0.9548,0.057,0.0403,5.511,0.0772,0.9846,1.5
"1","rawben_rel_max <    0.282 & shelter_expenses_by_hh_size >=  793.000 & shelter_expenses_by_hh_size < 1020.000 & total_deductions_by_hh_size <  459.000","xgboost",1059,0.96034,0.94924,503,488,0.9702,0.022,0.0077,2.09,0.0772,0.9846,1.5
"1","homeless >= 1.0000 & rawben_rel_max >= 0.0928","xgboost",3870,0.95504,0.94923,1878,1795,0.9558,0.0808,0.0526,7.805,0.0772,0.9846,1.5
"1","married <= 0.500 & rawben_rel_max <= 0.991 & unc_rawben_rel_max <= 0.266","ranger",9619,0.95291,0.94922,4458,4241,0.9513,0.1908,0.1228,18.526,0.0772,0.9846,1.5
"1","rawben_rel_max <=    0.085 & total_deductions_by_hh_size >   63.100 & utilities <= 1170.000","ranger",3240,0.95556,0.94921,1480,1405,0.9493,0.0632,0.0576,6.151,0.0772,0.9846,1.5
"1","children_i <=   0.500 & elderly_disabled_i >   0.500 & medical_deductions > 180.000 & unc_rawben_rel_max <=   0.266","ranger",325,0.96923,0.94919,154,146,0.9481,0.0066,0.0034,0.64,0.0772,0.9846,1.5
"1","children_i <= 0.5 & elderly_disabled_i <= 0.5 & homeless > 0.5 & months_since_cert_n > 2.5","ranger",1990,0.95729,0.94919,943,916,0.9714,0.0412,0.021,3.919,0.0772,0.9846,1.5
"1","months_since_cert_n >=   7.00 & total_deductions_by_hh_size < 121.00 & unc_rawben_rel_max <   1.29","xgboost",6105,0.95381,0.94918,3279,3120,0.9515,0.1404,0.0906,13.627,0.0772,0.9846,1.5
"1","medical_deductions <  85 & shelter_expenses_by_hh_size < 704 & total_deductions_by_hh_size < 300 & utilities < 612","xgboost",21182,0.95166,0.94917,10984,10470,0.9532,0.471,0.2845,45.647,0.0772,0.9846,1.5
"1","cat_elig <=   0.5 & months_since_cert_n >   5.5 & shelter_expenses_by_hh_size <= 568.0 & utilities <=  85.0","ranger",608,0.96382,0.94916,335,324,0.9672,0.0146,0.006,1.392,0.0772,0.9846,1.5
"1","months_since_cert_n < 23.000 & rawben_rel_max <  0.241 & unc_rawben_rel_max <  1.020","xgboost",8237,0.95314,0.94916,3878,3687,0.9507,0.1659,0.1104,16.116,0.0772,0.9846,1.5
"1","cat_elig <   2 & total_deductions_by_hh_size >= 470 & utilities >= 784 & utilities < 992","xgboost",2350,0.9566,0.94914,2019,1858,0.9203,0.0836,0.0918,8.39,0.0772,0.9846,1.5
"1","medical_deductions < 132 & months_since_cert_n <  12 & total_deductions_by_hh_size < 815 & unc_rawben_rel_max <   0","xgboost",2604,0.95622,0.94914,1274,1219,0.9568,0.0548,0.039,5.294,0.0772,0.9846,1.5
"1","medical_deductions > 124.000 & rawben_rel_max <=   0.995 & total_deductions_by_hh_size <= 360.000","ranger",812,0.96182,0.94914,409,385,0.9413,0.0173,0.0096,1.7,0.0772,0.9846,1.5
"1","months_since_cert_n <  14.00 & total_deductions_by_hh_size >= 971.00 & unc_rawben_rel_max >=   1.09 & unc_rawben_rel_max <   2.52","xgboost",946,0.96089,0.94914,548,529,0.9653,0.0238,0.0137,2.277,0.0772,0.9846,1.5
"1","medical_deductions < 135.0 & shelter_expenses_by_hh_size < 370.0 & total_deductions_by_hh_size < 112.0 & unc_rawben_rel_max <   1.2","xgboost",5210,0.95413,0.94912,2672,2557,0.957,0.115,0.0564,11.104,0.0772,0.9846,1.5
"1","children_i <= 0.5 & married <= 0.5 & utilities <= 8.0","ranger",14795,0.95208,0.94911,7746,7377,0.9524,0.3319,0.2347,32.19,0.0772,0.9846,1.5
"1","cat_elig > 0.500 & homeless > 0.500 & percent_abawd > 0.500 & unc_rawben_rel_max > 0.991","ranger",766,0.96214,0.94907,485,474,0.9773,0.0213,0.0104,2.016,0.0772,0.9846,1.5
"1","children_i <   1.000 & medical_deductions >= 117.000 & rawben_rel_max <   0.409 & total_deductions_by_hh_size < 657.000","xgboost",1318,0.95903,0.94907,621,585,0.942,0.0263,0.0139,2.581,0.0772,0.9846,1.5
"1","elderly_disabled_i > 0.500 & rawben_rel_max > 0.991 & unc_rawben_rel_max > 0.268 & unc_rawben_rel_max <= 1.800","ranger",5081,0.95414,0.94907,2666,2536,0.9512,0.1141,0.0901,11.079,0.0772,0.9846,1.5
"1","months_since_cert_n <  12.0000 & rawben_rel_max <   0.0928 & utilities >= 436.0000","xgboost",1470,0.9585,0.94907,679,648,0.9543,0.0292,0.0219,2.822,0.0772,0.9846,1.5
"1","children_i < 1.000 & expedited_i < 1.000 & rawben_rel_max < 0.312","xgboost",10361,0.95261,0.94906,5064,4821,0.952,0.2169,0.123,21.045,0.0772,0.9846,1.5
"1","cat_elig >   0.5 & cat_elig <=   1.5 & expedited_i <=   0.5 & total_deductions_by_hh_size <= 181.0","ranger",8443,0.95298,0.94904,6356,6032,0.949,0.2714,0.181,26.414,0.0772,0.9846,1.5
"1","children_i <= 0.50 & homeless > 0.50 & unc_rawben_rel_max <= 1.93","ranger",3979,0.95476,0.94903,1944,1850,0.9516,0.0832,0.0618,8.079,0.0772,0.9846,1.5
"1","months_since_cert_n <= 5.500 & rawben_rel_max > 0.991 & total_deductions_by_hh_size > 2.800 & unc_rawben_rel_max <= 1.990","ranger",4994,0.95414,0.94903,2496,2401,0.9619,0.108,0.0741,10.373,0.0772,0.9846,1.5
"1","medical_deductions <  693.00 & shelter_expenses_by_hh_size >= 1160.00 & unc_rawben_rel_max >=    1.02 & unc_rawben_rel_max <    2.52","xgboost",2955,0.95567,0.94901,1717,1620,0.9435,0.0729,0.0756,7.135,0.0772,0.9846,1.5
"1","months_since_cert_n >=    3.000 & rawben_rel_max >=    0.152 & shelter_expenses_by_hh_size < 1050.000 & total_deductions_by_hh_size <  190.000","xgboost",10777,0.95249,0.94901,5703,5421,0.9506,0.2439,0.1613,23.7,0.0772,0.9846,1.5
"1","elderly_disabled_i >    0.500 & rawben_rel_max <=    0.268 & shelter_expenses_by_hh_size <= 1760.000 & total_deductions_by_hh_size >  184.000","ranger",3101,0.9555,0.949,1448,1391,0.9606,0.0626,0.0299,6.018,0.0772,0.9846,1.5
"1","months_since_cert_n <  11 & total_deductions_by_hh_size < 333","xgboost",18896,0.95163,0.949,9694,9264,0.9556,0.4168,0.2441,40.286,0.0772,0.9846,1.5
"1","months_since_cert_n >=   1 & months_since_cert_n <  30 & shelter_expenses_by_hh_size < 538 & utilities < 318","xgboost",15346,0.95191,0.94899,7891,7542,0.9558,0.3393,0.219,32.793,0.0772,0.9846,1.5
"1","elderly_disabled_i > 0.50 & shelter_expenses_by_hh_size <= 5.50 & unc_rawben_rel_max <= 1.26","ranger",2406,0.95636,0.94898,1216,1172,0.9638,0.0527,0.0277,5.053,0.0772,0.9846,1.5
"1","expedited_i <=   0.5 & total_deductions_by_hh_size <= 246.0","ranger",16751,0.95176,0.94897,8823,8397,0.9517,0.3778,0.2284,36.666,0.0772,0.9846,1.5
"1","elderly_disabled_i >   0.5 & married <=   0.5 & medical_deductions <= 631.0 & shelter_expenses_by_hh_size <=  14.5","ranger",2405,0.95634,0.94896,1223,1175,0.9608,0.0529,0.0305,5.082,0.0772,0.9846,1.5
"1","medical_deductions <= 116.0 & months_since_cert_n >   5.5 & total_deductions_by_hh_size <= 180.0","ranger",8042,0.953,0.94896,4230,4009,0.9478,0.1804,0.1253,17.579,0.0772,0.9846,1.5
"1","elderly_disabled_i <=  0.500 & months_since_cert_n <=  5.500 & rawben_rel_max >  0.991 & total_deductions_by_hh_size > 17.700","ranger",3411,0.95515,0.94895,1686,1623,0.9626,0.073,0.0502,7.007,0.0772,0.9846,1.5
"1","cat_elig <=   0.5 & count_divisible_by_100 <=   0.5 & expedited_i <=   0.5 & medical_deductions <= 100.0","ranger",2993,0.95556,0.94894,1558,1493,0.9583,0.0672,0.0311,6.475,0.0772,0.9846,1.5
"1","cat_elig <=  0.500 & unc_rawben_rel_max <=  0.309 & utilities > 65.000","ranger",719,0.96245,0.94894,343,336,0.9796,0.0151,0.003,1.425,0.0772,0.9846,1.5
"1","rawben_rel_max <=    0.268 & shelter_expenses_by_hh_size >   32.500 & shelter_expenses_by_hh_size <= 2850.000","ranger",8548,0.95285,0.94894,4004,3809,0.9513,0.1714,0.1048,16.64,0.0772,0.9846,1.5
"1","medical_deductions <= 0.5 & utilities <= 8.0","ranger",14705,0.95192,0.94893,7665,7307,0.9533,0.3287,0.2336,31.854,0.0772,0.9846,1.5
"1","total_deductions_by_hh_size >= 515.00 & unc_rawben_rel_max >=   0.43 & utilities >= 850.00 & utilities < 912.00","xgboost",1509,0.95825,0.94893,549,508,0.9253,0.0229,0.0258,2.282,0.0772,0.9846,1.5
"1","cat_elig <=   0.500 & rawben_rel_max >   0.991 & total_deductions_by_hh_size > 274.000 & unc_rawben_rel_max <=   1.950","ranger",536,0.96455,0.94891,280,266,0.95,0.012,0.0101,1.164,0.0772,0.9846,1.5
"1","months_since_cert_n >=  10.0000 & total_deductions_by_hh_size >= 531.0000 & unc_rawben_rel_max >=   0.0172 & utilities >= 875.0000","xgboost",986,0.96045,0.94891,684,648,0.9474,0.0292,0.0205,2.843,0.0772,0.9846,1.5
"1","total_deductions_by_hh_size < 50 & utilities >= 63","xgboost",1659,0.95781,0.94891,863,799,0.9258,0.0359,0.0279,3.586,0.0772,0.9846,1.5
"1","cat_elig >=   1.00 & shelter_expenses_by_hh_size < 339.00 & unc_rawben_rel_max >=   0.28","xgboost",10004,0.95252,0.9489,5345,5139,0.9615,0.2312,0.1449,22.213,0.0772,0.9846,1.5
"1","homeless >=  1 & months_since_cert_n >=  3 & months_since_cert_n < 17 & utilities < 44","xgboost",1936,0.95713,0.9489,944,913,0.9672,0.0411,0.0222,3.923,0.0772,0.9846,1.5
"1","cat_elig > 0.500 & married <= 0.500 & medical_deductions <= 0.500 & unc_rawben_rel_max > 0.991","ranger",15780,0.95177,0.94889,8279,7869,0.9505,0.354,0.311,34.406,0.0772,0.9846,1.5
"1","cat_elig >   0.50 & percent_abawd <=   0.75 & shelter_expenses_by_hh_size <= 646.00 & utilities <=  30.50","ranger",9858,0.95253,0.94888,4998,4777,0.9558,0.2149,0.1418,20.77,0.0772,0.9846,1.5
"1","homeless <=   0.500 & rawben_rel_max <=   0.943 & total_deductions_by_hh_size <=   2.800 & utilities <= 248.000","ranger",3010,0.95548,0.94888,1535,1477,0.9622,0.0664,0.0267,6.379,0.0772,0.9846,1.5
"1","homeless >= 1 & unc_rawben_rel_max >= 0","xgboost",3905,0.95467,0.94888,1890,1806,0.9556,0.0812,0.0536,7.854,0.0772,0.9846,1.5
"1","cat_elig >=    1.00 & shelter_expenses_by_hh_size >= 1100.00 & unc_rawben_rel_max >=    1.02 & unc_rawben_rel_max <    2.52","xgboost",3260,0.95521,0.94887,1882,1771,0.941,0.0797,0.0857,7.821,0.0772,0.9846,1.5
"1","elderly_disabled_i >  0.50 & married <=  0.50 & percent_abawd <=  0.25 & shelter_expenses_by_hh_size <= 12.50","ranger",2401,0.95627,0.94887,1217,1170,0.9614,0.0526,0.0297,5.058,0.0772,0.9846,1.5
"1","months_since_cert_n <   7.000 & rawben_rel_max >=   0.876 & total_deductions_by_hh_size >= 531.000 & utilities >= 844.000","xgboost",1051,0.96004,0.94886,693,662,0.9553,0.0298,0.0215,2.88,0.0772,0.9846,1.5
"1","shelter_expenses_by_hh_size < 430.000 & unc_rawben_rel_max >=  -0.904","xgboost",17220,0.95163,0.94886,8949,8536,0.9538,0.384,0.2597,37.19,0.0772,0.9846,1.5
"1","months_since_cert_n <  18.000 & total_deductions_by_hh_size < 224.000 & unc_rawben_rel_max <   0.684 & utilities >= 361.000","xgboost",2442,0.95618,0.94885,1359,1296,0.9536,0.0583,0.0318,5.648,0.0772,0.9846,1.5
"1","shelter_expenses_by_hh_size < 1390.0000 & unc_rawben_rel_max >=    0.0172 & utilities >=  844.0000","xgboost",2505,0.95609,0.94885,1552,1474,0.9497,0.0663,0.048,6.45,0.0772,0.9846,1.5
"1","cat_elig <    2.00 & shelter_expenses_by_hh_size <  460.00 & unc_rawben_rel_max >=   -1.17 & utilities < 1010.00","xgboost",12338,0.9521,0.94884,8909,8472,0.9509,0.3811,0.2708,37.024,0.0772,0.9846,1.5
"1","cat_elig > 0.500 & expedited_i <= 0.500 & rawben_rel_max <= 0.272","ranger",8550,0.95275,0.94883,3961,3758,0.9488,0.1691,0.1099,16.461,0.0772,0.9846,1.5
"1","count_divisible_by_100 <=  1.500 & rawben_rel_max <=  0.943 & total_deductions_by_hh_size <= 53.600","ranger",5263,0.95383,0.94883,2707,2569,0.949,0.1156,0.0626,11.25,0.0772,0.9846,1.5
"1","months_since_cert_n <  24.000 & rawben_rel_max <   0.175 & total_deductions_by_hh_size >=   9.000 & utilities >= 361.000","xgboost",2777,0.95571,0.94883,1375,1311,0.9535,0.059,0.0408,5.714,0.0772,0.9846,1.5
"1","count_divisible_by_100 <=   0.50 & elderly_disabled_i >   0.50 & total_deductions_by_hh_size <= 184.00 & unc_rawben_rel_max <=   1.93","ranger",9441,0.95255,0.94882,4814,4565,0.9483,0.2054,0.1204,20.006,0.0772,0.9846,1.5
"1","medical_deductions <  14.000 & rawben_rel_max >=   0.232 & total_deductions_by_hh_size < 269.000 & unc_rawben_rel_max >=  -0.004","xgboost",16018,0.95168,0.94882,8537,8144,0.954,0.3664,0.2254,35.478,0.0772,0.9846,1.5
"1","expedited_i <=  0.500 & months_since_cert_n > 12.500 & rawben_rel_max <=  0.273 & unc_rawben_rel_max <=  0.991","ranger",2335,0.95632,0.94881,1105,1055,0.9548,0.0475,0.0251,4.592,0.0772,0.9846,1.5
"1","shelter_expenses_by_hh_size >= 360 & total_deductions_by_hh_size <  59 & utilities >= 339","xgboost",940,0.96064,0.94881,554,517,0.9332,0.0233,0.0156,2.302,0.0772,0.9846,1.5
"1","cat_elig <   2.000 & rawben_rel_max <   0.188 & utilities >= 462.000","xgboost",1311,0.95881,0.9488,1006,956,0.9503,0.043,0.0322,4.181,0.0772,0.9846,1.5
"1","cat_elig >  0.500 & married <=  0.500 & medical_deductions <= 96.200 & rawben_rel_max >  0.991","ranger",15791,0.95168,0.9488,8289,7879,0.9505,0.3545,0.311,34.447,0.0772,0.9846,1.5
"1","medical_deductions < 14 & months_since_cert_n < 23 & utilities < 29","xgboost",14424,0.95182,0.9488,7523,7175,0.9537,0.3228,0.2275,31.264,0.0772,0.9846,1.5
"1","rawben_rel_max <=    0.991 & total_deductions_by_hh_size <= 1120.000 & unc_rawben_rel_max <=    0.279","ranger",9843,0.95245,0.9488,4664,4434,0.9507,0.1995,0.1259,19.382,0.0772,0.9846,1.5
"1","cat_elig <  1.0000 & children_i <  1.0000 & unc_rawben_rel_max >= -0.0344","xgboost",4291,0.95432,0.94879,2243,2152,0.9594,0.0968,0.0432,9.321,0.0772,0.9846,1.5
"1","rawben_rel_max <   0.384 & shelter_expenses_by_hh_size < 925.000 & utilities <  29.000","xgboost",3046,0.95535,0.94878,1514,1450,0.9577,0.0652,0.0379,6.292,0.0772,0.9846,1.5
"1","cat_elig >   0.5 & total_deductions_by_hh_size <= 246.0","ranger",18450,0.95144,0.94877,9584,9128,0.9524,0.4107,0.258,39.829,0.0772,0.9846,1.5
"1","cat_elig >=    1.000 & expedited_i >=    1.000 & rawben_rel_max >=    0.668 & total_deductions_by_hh_size < 1270.000","xgboost",5359,0.95372,0.94877,2680,2543,0.9489,0.1144,0.1016,11.137,0.0772,0.9846,1.5
"1","months_since_cert_n <   30.000 & rawben_rel_max <    0.188 & shelter_expenses_by_hh_size >=  841.000 & shelter_expenses_by_hh_size < 1150.000","xgboost",1202,0.95923,0.94877,574,552,0.9617,0.0248,0.0123,2.385,0.0772,0.9846,1.5
"1","count_divisible_by_100 <=   0.5 & medical_deductions <= 269.0 & utilities <=   8.0","ranger",14532,0.95176,0.94875,7585,7230,0.9532,0.3253,0.2283,31.521,0.0772,0.9846,1.5
"1","elderly_disabled_i >   0.50 & percent_abawd <=   0.25 & total_deductions_by_hh_size <= 172.00","ranger",9246,0.95252,0.94875,4726,4480,0.9479,0.2015,0.1195,19.64,0.0772,0.9846,1.5
"1","homeless > 0.50 & unc_rawben_rel_max <= 1.96","ranger",3999,0.95449,0.94875,1949,1854,0.9513,0.0834,0.0627,8.1,0.0772,0.9846,1.5
"1","months_since_cert_n <   23 & shelter_expenses_by_hh_size < 1390 & utilities >=  875","xgboost",1568,0.95791,0.94875,939,885,0.9425,0.0398,0.0316,3.902,0.0772,0.9846,1.5
"1","elderly_disabled_i >   0.500 & medical_deductions <=   3.500 & rawben_rel_max <=   0.481 & shelter_expenses_by_hh_size <= 676.000","ranger",8109,0.95277,0.94874,4041,3829,0.9475,0.1723,0.0935,16.793,0.0772,0.9846,1.5
"1","expedited_i <   1.000 & medical_deductions <  19.000 & unc_rawben_rel_max <   0.271 & utilities < 511.000","xgboost",6624,0.9532,0.94874,3020,2870,0.9503,0.1291,0.079,12.55,0.0772,0.9846,1.5
"1","expedited_i >=   1 & months_since_cert_n <  18 & total_deductions_by_hh_size < 959 & utilities < 580","xgboost",5888,0.95346,0.94874,2933,2791,0.9516,0.1256,0.1052,12.189,0.0772,0.9846,1.5
"1","homeless >  0.5 & months_since_cert_n <= 24.5","ranger",3936,0.95452,0.94874,1938,1844,0.9515,0.083,0.0624,8.054,0.0772,0.9846,1.5
"1","months_since_cert_n <   2.000 & rawben_rel_max <   0.268 & shelter_expenses_by_hh_size >= 549.000 & unc_rawben_rel_max <   0.000","xgboost",322,0.96894,0.94873,149,141,0.9463,0.0063,0.0063,0.619,0.0772,0.9846,1.5
"1","months_since_cert_n <   34.000 & rawben_rel_max <    0.268 & shelter_expenses_by_hh_size >=  824.000 & shelter_expenses_by_hh_size < 1640.000","xgboost",2373,0.95617,0.94873,1177,1130,0.9601,0.0508,0.0273,4.891,0.0772,0.9846,1.5
"1","months_since_cert_n >    6.500 & shelter_expenses_by_hh_size <= 1360.000 & unc_rawben_rel_max <=    0.301","ranger",5272,0.95372,0.94872,2594,2463,0.9495,0.1108,0.0674,10.78,0.0772,0.9846,1.5
"1","shelter_expenses_by_hh_size >= 1100 & shelter_expenses_by_hh_size < 1250 & utilities >=  819","xgboost",872,0.96101,0.94872,558,527,0.9444,0.0237,0.0189,2.319,0.0772,0.9846,1.5
"1","elderly_disabled_i <   1 & months_since_cert_n <  15 & total_deductions_by_hh_size < 650","xgboost",12851,0.95191,0.94871,7171,6815,0.9504,0.3066,0.2568,29.801,0.0772,0.9846,1.5
"1","homeless <   1.0 & percent_abawd >=   0.5 & total_deductions_by_hh_size < 603.0 & utilities < 334.0","xgboost",2687,0.95571,0.94871,1444,1386,0.9598,0.0624,0.0418,6.001,0.0772,0.9846,1.5
"1","months_since_cert_n >=  11 & percent_abawd <   1 & utilities >= 875","xgboost",938,0.96055,0.94871,637,608,0.9545,0.0274,0.0162,2.647,0.0772,0.9846,1.5
"1","cat_elig <  2 & months_since_cert_n >= 16 & months_since_cert_n < 29 & total_deductions_by_hh_size <  9","xgboost",738,0.96206,0.9487,472,454,0.9619,0.0204,0.0095,1.962,0.0772,0.9846,1.5
"1","cat_elig >=  2 & elderly_disabled_i >=  1 & shelter_expenses_by_hh_size < 29","xgboost",738,0.96206,0.9487,46,46,1,0.0021,0,0.191,0.0772,0.9846,1.5
"1","months_since_cert_n <   1.000 & rawben_rel_max >=   0.592 & total_deductions_by_hh_size < 470.000 & utilities <  44.000","xgboost",1135,0.95947,0.9487,572,557,0.9738,0.0251,0.0119,2.377,0.0772,0.9846,1.5
"1","cat_elig >=   1.000 & shelter_expenses_by_hh_size < 339.000 & unc_rawben_rel_max >=  -0.392 & unc_rawben_rel_max <   0.280","xgboost",2350,0.95617,0.94868,956,913,0.955,0.0411,0.025,3.973,0.0772,0.9846,1.5
"1","rawben_rel_max <=    0.268 & utilities <= 1170.000","ranger",9698,0.95236,0.94868,4502,4278,0.9502,0.1925,0.1265,18.709,0.0772,0.9846,1.5
"1","cat_elig > 0.5 & children_i <= 0.5 & elderly_disabled_i <= 0.5 & months_since_cert_n <= 3.5","ranger",6451,0.95319,0.94867,3319,3174,0.9563,0.1428,0.0957,13.793,0.0772,0.9846,1.5
"1","children_i <=  0.50 & unc_rawben_rel_max <=  1.96 & utilities <= 30.50","ranger",15292,0.95161,0.94867,7977,7601,0.9529,0.342,0.2409,33.15,0.0772,0.9846,1.5
"1","cat_elig >  1.500 & medical_deductions >  5.500 & rawben_rel_max <=  0.942 & shelter_expenses_by_hh_size <= 13.000","ranger",50,1,0.94866,0,0,NA,0,0,0,0.0772,0.9846,1.5
"1","count_divisible_by_100 <= 1.5 & elderly_disabled_i > 0.5 & total_deductions_by_hh_size > 4.3 & total_deductions_by_hh_size <= 7.8","ranger",50,1,0.94866,24,23,0.9583,0.001,3e-04,0.1,0.0772,0.9846,1.5
"1","rawben_rel_max <=   0.998 & total_deductions_by_hh_size > 538.000 & total_deductions_by_hh_size <= 728.000 & utilities > 850.000","ranger",602,0.96346,0.94866,359,336,0.9359,0.0151,0.0139,1.492,0.0772,0.9846,1.5
"1","cat_elig > 0.500 & elderly_disabled_i > 0.500 & rawben_rel_max > 0.991 & unc_rawben_rel_max <= 1.810","ranger",4773,0.95391,0.94865,2503,2382,0.9517,0.1072,0.0827,10.402,0.0772,0.9846,1.5
"1","elderly_disabled_i >  0.500 & rawben_rel_max <=  0.976 & shelter_expenses_by_hh_size <= 14.500","ranger",1372,0.95845,0.94865,680,656,0.9647,0.0295,0.0135,2.826,0.0772,0.9846,1.5
"1","percent_abawd <   1.000 & rawben_rel_max >=   0.773 & total_deductions_by_hh_size < 527.000","xgboost",9653,0.95235,0.94865,4825,4616,0.9567,0.2077,0.1486,20.052,0.0772,0.9846,1.5
"1","cat_elig <   2 & total_deductions_by_hh_size >= 474 & total_deductions_by_hh_size < 792 & utilities >= 723","xgboost",1990,0.95678,0.94864,1573,1473,0.9364,0.0663,0.0585,6.537,0.0772,0.9846,1.5
"1","percent_abawd >=   1 & total_deductions_by_hh_size < 527","xgboost",3639,0.95466,0.94864,2075,1988,0.9581,0.0894,0.0629,8.623,0.0772,0.9846,1.5
"1","rawben_rel_max >=   0.08 & shelter_expenses_by_hh_size < 596.00 & utilities < 201.00","xgboost",15900,0.95151,0.94863,8605,8233,0.9568,0.3704,0.2366,35.76,0.0772,0.9846,1.5
"1","children_i <= 0.5 & utilities <= 8.0","ranger",14834,0.9516,0.94862,7758,7386,0.952,0.3323,0.2379,32.24,0.0772,0.9846,1.5
"1","elderly_disabled_i >  0.500 & percent_abawd <=  1.500 & rawben_rel_max <=  0.978 & shelter_expenses_by_hh_size <= 14.500","ranger",1371,0.95842,0.94862,680,656,0.9647,0.0295,0.0135,2.826,0.0772,0.9846,1.5
"1","medical_deductions > 100.000 & months_since_cert_n <=   5.500 & total_deductions_by_hh_size > 510.000 & unc_rawben_rel_max <=   0.266","ranger",170,0.97647,0.94862,71,70,0.9859,0.0031,5e-04,0.295,0.0772,0.9846,1.5
"1","rawben_rel_max <   0.278 & shelter_expenses_by_hh_size >= 277.000 & total_deductions_by_hh_size < 549.000 & utilities >=  54.000","xgboost",5237,0.9536,0.94858,2485,2362,0.9505,0.1063,0.0616,10.327,0.0772,0.9846,1.5
"1","children_i <   1.00 & married <   1.00 & total_deductions_by_hh_size < 372.00 & unc_rawben_rel_max <   1.23","xgboost",24616,0.95089,0.94857,12794,12178,0.9519,0.5479,0.3152,53.169,0.0772,0.9846,1.5
"1","cat_elig > 0.500 & children_i <= 0.500 & percent_abawd <= 1.500 & rawben_rel_max > 0.991","ranger",15876,0.95144,0.94855,8334,7919,0.9502,0.3563,0.3151,34.634,0.0772,0.9846,1.5
"1","expedited_i < 1.000 & rawben_rel_max < 0.296","xgboost",10057,0.95217,0.94855,4857,4615,0.9502,0.2076,0.1257,20.185,0.0772,0.9846,1.5
"1","months_since_cert_n <   9.000 & rawben_rel_max <   0.152 & shelter_expenses_by_hh_size >= 387.000","xgboost",2720,0.95551,0.94855,1242,1180,0.9501,0.0531,0.0393,5.161,0.0772,0.9846,1.5
"1","cat_elig >=   1.00 & rawben_rel_max >=   0.24 & total_deductions_by_hh_size < 256.00 & utilities < 298.00","xgboost",11062,0.952,0.94854,5799,5549,0.9569,0.2496,0.1616,24.099,0.0772,0.9846,1.5
"1","medical_deductions <= 620.000 & unc_rawben_rel_max <=   0.268","ranger",9693,0.95223,0.94854,4501,4277,0.9502,0.1924,0.1265,18.705,0.0772,0.9846,1.5
"1","medical_deductions < 104 & months_since_cert_n <  14 & utilities <  41","xgboost",14150,0.95159,0.94853,7466,7130,0.955,0.3208,0.2194,31.027,0.0772,0.9846,1.5
"1","cat_elig <   2 & children_i <   1 & shelter_expenses_by_hh_size < 528","xgboost",13865,0.9516,0.94852,9669,9186,0.95,0.4133,0.291,40.182,0.0772,0.9846,1.5
"1","cat_elig >   0.5 & married <=   0.5 & medical_deductions >  96.2 & total_deductions_by_hh_size <= 290.0","ranger",623,0.96308,0.94852,309,291,0.9417,0.0131,0.0083,1.284,0.0772,0.9846,1.5
"1","elderly_disabled_i >   0.5 & expedited_i <=   0.5 & total_deductions_by_hh_size <= 184.0","ranger",9064,0.95234,0.94852,4639,4397,0.9478,0.1978,0.1162,19.279,0.0772,0.9846,1.5
"1","expedited_i <=   0.5 & homeless >   0.5 & utilities <= 126.0","ranger",1922,0.95682,0.94852,947,908,0.9588,0.0408,0.0253,3.936,0.0772,0.9846,1.5
"1","shelter_expenses_by_hh_size > 5.500 & unc_rawben_rel_max <= 0.268","ranger",8638,0.95242,0.94851,4040,3842,0.951,0.1728,0.1063,16.789,0.0772,0.9846,1.5
"1","cat_elig > 1.500 & percent_abawd <= 0.250 & rawben_rel_max <= 0.249","ranger",2801,0.95537,0.9485,183,176,0.9617,0.0079,0.004,0.761,0.0772,0.9846,1.5
"1","shelter_expenses_by_hh_size < 1410 & utilities >=  819","xgboost",2801,0.95537,0.9485,1773,1684,0.9498,0.0758,0.0542,7.368,0.0772,0.9846,1.5
"1","rawben_rel_max <=   0.976 & total_deductions_by_hh_size <=   7.800 & utilities <= 192.000","ranger",3401,0.95472,0.94848,1693,1635,0.9657,0.0736,0.0277,7.036,0.0772,0.9846,1.5
"1","cat_elig <=  1.50 & rawben_rel_max <=  0.27 & shelter_expenses_by_hh_size <= 14.50","ranger",757,0.96169,0.94847,448,422,0.942,0.019,0.0202,1.862,0.0772,0.9846,1.5
"1","elderly_disabled_i >   0.50 & medical_deductions > 114.00 & total_deductions_by_hh_size <= 330.00 & unc_rawben_rel_max <=   1.24","ranger",757,0.96169,0.94847,380,358,0.9421,0.0161,0.0089,1.579,0.0772,0.9846,1.5
"1","medical_deductions <= 575.000 & rawben_rel_max <=   0.268 & shelter_expenses_by_hh_size >   5.000 & unc_rawben_rel_max <=   1.960","ranger",8629,0.95237,0.94845,4039,3841,0.951,0.1728,0.1063,16.785,0.0772,0.9846,1.5
"1","elderly_disabled_i < 1 & months_since_cert_n < 5","xgboost",10016,0.95208,0.94844,5097,4878,0.957,0.2195,0.1446,21.182,0.0772,0.9846,1.5
"1","total_deductions_by_hh_size < 310 & utilities < 819","xgboost",23415,0.9508,0.94842,12154,11579,0.9527,0.5209,0.3163,50.509,0.0772,0.9846,1.5
"1","cat_elig > 0.5 & children_i <= 0.5 & months_since_cert_n > 5.5 & shelter_expenses_by_hh_size <= 5.5","ranger",3231,0.95481,0.94841,1685,1613,0.9573,0.0726,0.0564,7.002,0.0772,0.9846,1.5
"1","homeless > 0.5 & months_since_cert_n > 6.5 & shelter_expenses_by_hh_size <= 5.5","ranger",756,0.96164,0.94841,369,356,0.9648,0.016,0.0098,1.533,0.0772,0.9846,1.5
"1","cat_elig > 0.500 & children_i <= 0.500 & rawben_rel_max > 0.991","ranger",15889,0.95129,0.9484,8341,7925,0.9501,0.3565,0.316,34.663,0.0772,0.9846,1.5
"1","months_since_cert_n <   4.000 & rawben_rel_max >=   0.409 & shelter_expenses_by_hh_size < 672.000 & utilities < 585.000","xgboost",7347,0.95263,0.94839,3852,3713,0.9639,0.167,0.0839,16.008,0.0772,0.9846,1.5
"1","married <= 0.50 & percent_abawd <= 0.75 & unc_rawben_rel_max > 1.00","ranger",14228,0.95143,0.94838,7290,6924,0.9498,0.3115,0.2745,30.295,0.0772,0.9846,1.5
"1","expedited_i <=   0.500 & medical_deductions <= 146.000 & months_since_cert_n <=  13.500 & rawben_rel_max >   0.998","ranger",10705,0.95189,0.94837,5753,5478,0.9522,0.2464,0.2062,23.908,0.0772,0.9846,1.5
"1","expedited_i >=  1 & homeless >=  1 & months_since_cert_n >=  7 & total_deductions_by_hh_size < 30","xgboost",271,0.97048,0.94837,146,141,0.9658,0.0063,0.0057,0.607,0.0772,0.9846,1.5
"1","medical_deductions >  184.000 & rawben_rel_max <=    0.266 & shelter_expenses_by_hh_size <= 1850.000 & total_deductions_by_hh_size >    2.800","ranger",271,0.97048,0.94837,123,119,0.9675,0.0054,0.0017,0.511,0.0772,0.9846,1.5
"1","months_since_cert_n > 36.50 & unc_rawben_rel_max <=  1.16 & utilities >  5.00","ranger",114,0.98246,0.94836,57,54,0.9474,0.0024,0.0017,0.237,0.0772,0.9846,1.5
"1","elderly_disabled_i >   0.5 & total_deductions_by_hh_size <= 290.0 & utilities <=  30.5","ranger",4806,0.9536,0.94835,2496,2393,0.9587,0.1077,0.0553,10.373,0.0772,0.9846,1.5
"1","expedited_i >=   1.000 & rawben_rel_max >=   0.471 & utilities < 596.000","xgboost",5905,0.95309,0.94835,2930,2783,0.9498,0.1252,0.1075,12.176,0.0772,0.9846,1.5
"1","cat_elig > 1.500 & elderly_disabled_i > 0.500 & rawben_rel_max > 0.991 & shelter_expenses_by_hh_size <= 5.500","ranger",391,0.96675,0.94834,32,32,1,0.0014,0,0.133,0.0772,0.9846,1.5
"1","cat_elig <=   0.500 & rawben_rel_max <=   0.993 & total_deductions_by_hh_size <= 313.000","ranger",1299,0.95843,0.94833,654,626,0.9572,0.0282,0.011,2.718,0.0772,0.9846,1.5
"1","expedited_i <=  0.500 & months_since_cert_n <= 13.500 & rawben_rel_max >  0.998","ranger",10857,0.95183,0.94833,5825,5543,0.9516,0.2494,0.2123,24.207,0.0772,0.9846,1.5
"1","medical_deductions < 156 & months_since_cert_n <  10 & total_deductions_by_hh_size < 340","xgboost",17835,0.95105,0.94832,9115,8712,0.9558,0.3919,0.2305,37.88,0.0772,0.9846,1.5
"1","rawben_rel_max >=   0.44 & total_deductions_by_hh_size < 910.00 & utilities >= 875.00","xgboost",1427,0.95795,0.94831,873,828,0.9485,0.0373,0.0263,3.628,0.0772,0.9846,1.5
"1","elderly_disabled_i >   0.5 & total_deductions_by_hh_size <= 290.0 & utilities > 360.0","ranger",4230,0.9539,0.9483,2345,2237,0.9539,0.1006,0.048,9.745,0.0772,0.9846,1.5
"1","homeless <=   0.5 & medical_deductions >  96.2 & total_deductions_by_hh_size <= 290.0","ranger",710,0.96197,0.9483,348,328,0.9425,0.0148,0.0087,1.446,0.0772,0.9846,1.5
"1","percent_abawd <= 0.250 & rawben_rel_max <= 0.312 & unc_rawben_rel_max <= 0.991","ranger",10406,0.95185,0.94828,5059,4814,0.9516,0.2166,0.1253,21.024,0.0772,0.9846,1.5
"1","expedited_i >=  1 & months_since_cert_n >=  4 & utilities < 29","xgboost",2017,0.95637,0.94826,1038,987,0.9509,0.0444,0.0385,4.314,0.0772,0.9846,1.5
"1","percent_abawd >=   0.5 & total_deductions_by_hh_size < 433.0","xgboost",3427,0.95448,0.94825,1978,1899,0.9601,0.0854,0.0574,8.22,0.0772,0.9846,1.5
"1","rawben_rel_max >=    0.818 & shelter_expenses_by_hh_size < 1560.000 & unc_rawben_rel_max <    1.120 & utilities >=  956.000","xgboost",343,0.96793,0.94825,288,271,0.941,0.0122,0.0114,1.197,0.0772,0.9846,1.5
"1","shelter_expenses_by_hh_size >  14 & total_deductions_by_hh_size <= 257 & utilities > 360","ranger",3673,0.95426,0.94825,2033,1932,0.9503,0.0869,0.048,8.449,0.0772,0.9846,1.5
"1","total_deductions_by_hh_size >= 344.000 & unc_rawben_rel_max <  -0.056 & utilities >= 560.000 & utilities < 886.000","xgboost",319,0.96865,0.94825,126,122,0.9683,0.0055,0.0033,0.524,0.0772,0.9846,1.5
"1","months_since_cert_n >=   10 & shelter_expenses_by_hh_size < 1610 & utilities >=  844","xgboost",1361,0.95812,0.94824,877,842,0.9601,0.0379,0.023,3.645,0.0772,0.9846,1.5
"1","cat_elig <   2 & children_i <   1 & shelter_expenses_by_hh_size < 693 & utilities < 318","xgboost",12327,0.95149,0.94821,8678,8263,0.9522,0.3717,0.251,36.064,0.0772,0.9846,1.5
"1","elderly_disabled_i <= 0.5 & married <= 0.5 & months_since_cert_n <= 5.5","ranger",11251,0.95165,0.94821,5740,5484,0.9554,0.2467,0.1698,23.854,0.0772,0.9846,1.5
"1","homeless <   1.00 & unc_rawben_rel_max >=   1.02 & utilities < 450.00","xgboost",9411,0.95197,0.94821,5098,4834,0.9482,0.2175,0.2021,21.186,0.0772,0.9846,1.5
"1","homeless <=   0.500 & medical_deductions <= 362.000 & rawben_rel_max <=   0.273 & shelter_expenses_by_hh_size >   5.500","ranger",8589,0.95215,0.94821,4009,3815,0.9516,0.1716,0.1019,16.66,0.0772,0.9846,1.5
"1","cat_elig <   1 & shelter_expenses_by_hh_size >= 297 & shelter_expenses_by_hh_size < 616 & utilities < 750","xgboost",885,0.96045,0.9482,509,481,0.945,0.0216,0.014,2.115,0.0772,0.9846,1.5
"1","homeless <=   0.5 & married <=   0.5 & medical_deductions > 116.0 & total_deductions_by_hh_size <= 308.0","ranger",664,0.96235,0.9482,346,324,0.9364,0.0146,0.0093,1.438,0.0772,0.9846,1.5
"1","married <= 0.500 & percent_abawd <= 0.750 & rawben_rel_max > 0.995","ranger",14336,0.95124,0.9482,7338,6967,0.9494,0.3134,0.2773,30.495,0.0772,0.9846,1.5
"1","months_since_cert_n >=   2 & total_deductions_by_hh_size < 297","xgboost",18744,0.95086,0.9482,9777,9307,0.9519,0.4187,0.2521,40.631,0.0772,0.9846,1.5
"1","rawben_rel_max <   0.347 & shelter_expenses_by_hh_size >=  50.000 & shelter_expenses_by_hh_size < 730.000 & utilities < 424.000","xgboost",5199,0.95326,0.9482,2674,2525,0.9443,0.1136,0.0681,11.112,0.0772,0.9846,1.5
"1","cat_elig <  1.000 & months_since_cert_n < 29.000 & rawben_rel_max >=  0.361 & unc_rawben_rel_max >=  0.056","xgboost",3484,0.95436,0.94819,1811,1728,0.9542,0.0777,0.0419,7.526,0.0772,0.9846,1.5
"1","cat_elig >=   1 & total_deductions_by_hh_size < 256","xgboost",18699,0.95085,0.94819,9716,9250,0.952,0.4161,0.2624,40.377,0.0772,0.9846,1.5
"1","elderly_disabled_i <= 0.5 & months_since_cert_n <= 5.5 & percent_abawd <= 1.5","ranger",11385,0.9516,0.94819,5766,5509,0.9554,0.2478,0.1707,23.962,0.0772,0.9846,1.5
"1","elderly_disabled_i >   0.5 & medical_deductions <= 366.0 & shelter_expenses_by_hh_size <=   5.0","ranger",2411,0.95562,0.94819,1220,1172,0.9607,0.0527,0.0305,5.07,0.0772,0.9846,1.5
"1","months_since_cert_n >=   1.000 & rawben_rel_max <   0.092 & utilities < 361.000","xgboost",2494,0.95549,0.94819,1088,1037,0.9531,0.0467,0.0352,4.521,0.0772,0.9846,1.5
"1","expedited_i <= 0.500 & rawben_rel_max <= 0.311 & shelter_expenses_by_hh_size > 5.500","ranger",9345,0.95195,0.94818,4595,4364,0.9497,0.1963,0.1139,19.096,0.0772,0.9846,1.5
"1","cat_elig >= 2.000 & rawben_rel_max < 0.567 & total_deductions_by_hh_size < 9.000 & unc_rawben_rel_max < 1.210","xgboost",950,0.96,0.94817,72,70,0.9722,0.0031,8e-04,0.299,0.0772,0.9846,1.5
"1","homeless >=    1.0 & medical_deductions <  599.0 & percent_abawd <    0.5 & shelter_expenses_by_hh_size < 1400.0","xgboost",3133,0.95468,0.94816,1379,1306,0.9471,0.0588,0.0452,5.731,0.0772,0.9846,1.5
"1","medical_deductions < 16 & months_since_cert_n < 21 & utilities < 32","xgboost",14625,0.95118,0.94816,7619,7270,0.9542,0.3271,0.2295,31.663,0.0772,0.9846,1.5
"1","elderly_disabled_i > 0.5 & married <= 0.5 & shelter_expenses_by_hh_size <= 5.5","ranger",2409,0.95558,0.94815,1222,1173,0.9599,0.0528,0.0314,5.078,0.0772,0.9846,1.5
"1","months_since_cert_n <  12 & percent_abawd <   1 & total_deductions_by_hh_size < 734 & utilities <  42","xgboost",11035,0.95161,0.94814,5647,5380,0.9527,0.242,0.1655,23.468,0.0772,0.9846,1.5
"1","months_since_cert_n >= 3.000 & rawben_rel_max < 0.278","xgboost",7913,0.95223,0.94813,3789,3600,0.9501,0.162,0.1031,15.746,0.0772,0.9846,1.5
"1","months_since_cert_n <    5.0 & percent_abawd >=    0.5 & shelter_expenses_by_hh_size < 1020.0","xgboost",2739,0.95509,0.94812,1504,1456,0.9681,0.0655,0.0297,6.25,0.0772,0.9846,1.5
"1","medical_deductions < 123 & shelter_expenses_by_hh_size < 469","xgboost",18118,0.95082,0.94811,9402,8962,0.9532,0.4032,0.2731,39.072,0.0772,0.9846,1.5
"1","months_since_cert_n < 4.00 & percent_abawd >= 1.00 & unc_rawben_rel_max < 1.25","xgboost",1969,0.95632,0.9481,1118,1070,0.9571,0.0481,0.0273,4.646,0.0772,0.9846,1.5
"1","total_deductions_by_hh_size >= 170.00 & unc_rawben_rel_max >=   1.02 & unc_rawben_rel_max <   1.99 & utilities >= 287.00","xgboost",6884,0.9525,0.9481,3590,3404,0.9482,0.1531,0.1413,14.919,0.0772,0.9846,1.5
"1","cat_elig > 0.500 & medical_deductions <= 0.500 & unc_rawben_rel_max > 0.991","ranger",15933,0.95098,0.94809,8346,7932,0.9504,0.3568,0.3141,34.684,0.0772,0.9846,1.5
"1","cat_elig > 0.500 & medical_deductions <= 3.500 & unc_rawben_rel_max > 0.991","ranger",15934,0.95099,0.94809,8346,7932,0.9504,0.3568,0.3141,34.684,0.0772,0.9846,1.5
"1","cat_elig < 1.00 & count_divisible_by_100 < 1.00 & percent_abawd < 0.50 & unc_rawben_rel_max < 2.52","xgboost",3988,0.95386,0.94808,2001,1911,0.955,0.086,0.0445,8.316,0.0772,0.9846,1.5
"1","elderly_disabled_i >   0.5 & homeless >   0.5 & medical_deductions <= 366.0 & shelter_expenses_by_hh_size <=   5.0","ranger",389,0.96658,0.94808,181,171,0.9448,0.0077,0.0067,0.752,0.0772,0.9846,1.5
"1","elderly_disabled_i >   0.5 & married <=   0.5 & total_deductions_by_hh_size <= 184.0","ranger",9624,0.95179,0.94807,4928,4673,0.9483,0.2102,0.124,20.48,0.0772,0.9846,1.5
"1","cat_elig <= 0.5 & expedited_i <= 0.5 & months_since_cert_n <= 5.5","ranger",1988,0.95624,0.94805,1001,959,0.958,0.0431,0.0191,4.16,0.0772,0.9846,1.5
"1","homeless >= 1.0 & percent_abawd < 0.5","xgboost",3146,0.95455,0.94804,1388,1312,0.9452,0.059,0.0478,5.768,0.0772,0.9846,1.5
"1","medical_deductions > 114.0 & months_since_cert_n >   5.5 & total_deductions_by_hh_size >  47.8 & total_deductions_by_hh_size <= 302.0","ranger",412,0.96602,0.94803,216,199,0.9213,0.009,0.0082,0.898,0.0772,0.9846,1.5
"1","months_since_cert_n >   5.50 & total_deductions_by_hh_size <= 246.00 & unc_rawben_rel_max <=   1.22","ranger",9455,0.95177,0.94802,4985,4729,0.9486,0.2127,0.1369,20.716,0.0772,0.9846,1.5
"1","cat_elig >  0.500 & medical_deductions <= 96.200 & rawben_rel_max >  0.991","ranger",15944,0.95089,0.948,8356,7942,0.9505,0.3573,0.3141,34.726,0.0772,0.9846,1.5
"1","count_divisible_by_100 <= 0.5 & homeless > 0.5","ranger",3941,0.95382,0.948,1913,1824,0.9535,0.0821,0.0584,7.95,0.0772,0.9846,1.5
"1","homeless >= 1.00 & percent_abawd < 0.50 & rawben_rel_max >= 0.45","xgboost",2753,0.95496,0.948,1204,1146,0.9518,0.0516,0.037,5.004,0.0772,0.9846,1.5
"1","months_since_cert_n < 29.000 & rawben_rel_max <  0.288 & unc_rawben_rel_max <  0.271","xgboost",9393,0.95177,0.948,4414,4193,0.9499,0.1886,0.1244,18.344,0.0772,0.9846,1.5
"1","cat_elig <  1.000 & months_since_cert_n < 11.000 & rawben_rel_max <  0.568 & unc_rawben_rel_max <  0.443","xgboost",925,0.96,0.94799,428,412,0.9626,0.0185,0.0073,1.779,0.0772,0.9846,1.5
"1","homeless <  1.000 & unc_rawben_rel_max <  0.302 & utilities < 48.000","xgboost",3123,0.95453,0.94799,1505,1438,0.9555,0.0647,0.038,6.254,0.0772,0.9846,1.5
"1","medical_deductions < 384.00 & months_since_cert_n <  28.00 & unc_rawben_rel_max >=   1.27 & unc_rawben_rel_max <   1.70","xgboost",2814,0.95487,0.94798,1488,1424,0.957,0.0641,0.0529,6.184,0.0772,0.9846,1.5
"1","shelter_expenses_by_hh_size >= 996 & total_deductions_by_hh_size < 523 & utilities >= 417","xgboost",549,0.96357,0.94798,277,266,0.9603,0.012,0.0052,1.151,0.0772,0.9846,1.5
"1","cat_elig > 0.5 & expedited_i <= 0.5 & homeless > 0.5 & utilities <= 9.5","ranger",1544,0.95725,0.94796,759,731,0.9631,0.0329,0.0183,3.154,0.0772,0.9846,1.5
"1","rawben_rel_max <    0.268 & shelter_expenses_by_hh_size < 1800.000 & total_deductions_by_hh_size >=    4.400 & utilities >=  417.000","xgboost",3039,0.95459,0.94796,1345,1285,0.9554,0.0578,0.0333,5.589,0.0772,0.9846,1.5
"1","cat_elig > 0.5 & count_divisible_by_100 <= 0.5 & elderly_disabled_i > 0.5 & shelter_expenses_by_hh_size <= 5.5","ranger",2130,0.95587,0.94795,1053,1013,0.962,0.0456,0.0248,4.376,0.0772,0.9846,1.5
"1","months_since_cert_n <  10 & rawben_rel_max >=   1 & utilities >= 462","xgboost",3835,0.95385,0.94795,1964,1875,0.9547,0.0844,0.0671,8.162,0.0772,0.9846,1.5
"1","children_i <=  0.5 & elderly_disabled_i >  0.5 & shelter_expenses_by_hh_size <= 14.5","ranger",2420,0.95537,0.94794,1225,1176,0.96,0.0529,0.0314,5.091,0.0772,0.9846,1.5
"1","count_divisible_by_100 <= 0.5 & utilities <= 8.0","ranger",14583,0.95097,0.94794,7613,7248,0.9521,0.3261,0.2352,31.638,0.0772,0.9846,1.5
"1","expedited_i >=   1.0000 & total_deductions_by_hh_size < 803.0000 & unc_rawben_rel_max >=   0.0172 & utilities < 875.0000","xgboost",6301,0.95255,0.94794,3150,2999,0.9521,0.1349,0.1072,13.091,0.0772,0.9846,1.5
"1","medical_deductions < 132.000 & rawben_rel_max >=   0.844 & unc_rawben_rel_max <   1.810","xgboost",19317,0.95056,0.94793,10221,9712,0.9502,0.4369,0.3374,42.476,0.0772,0.9846,1.5
"1","cat_elig >   0.50 & expedited_i <=   0.50 & total_deductions_by_hh_size <= 202.00 & unc_rawben_rel_max <=   1.96","ranger",13407,0.95107,0.94791,7082,6726,0.9497,0.3026,0.1951,29.431,0.0772,0.9846,1.5
"1","count_divisible_by_100 <= 1.5 & elderly_disabled_i <= 0.5 & months_since_cert_n <= 5.5","ranger",11364,0.95134,0.94791,5772,5517,0.9558,0.2482,0.1693,23.987,0.0772,0.9846,1.5
"1","expedited_i <=   0.500 & medical_deductions <= 612.000 & rawben_rel_max <=   0.312 & unc_rawben_rel_max <=   0.991","ranger",10431,0.95149,0.94791,5090,4838,0.9505,0.2177,0.1285,21.153,0.0772,0.9846,1.5
"1","homeless <=   0.5 & medical_deductions <= 282.0 & shelter_expenses_by_hh_size <= 896.0 & utilities <=  12.5","ranger",11518,0.95129,0.94789,6125,5837,0.953,0.2626,0.1844,25.454,0.0772,0.9846,1.5
"1","elderly_disabled_i >   0.5 & medical_deductions <= 631.0 & shelter_expenses_by_hh_size <=  14.5","ranger",2417,0.95532,0.94788,1224,1176,0.9608,0.0529,0.0305,5.087,0.0772,0.9846,1.5
"1","married <   1 & shelter_expenses_by_hh_size < 528 & utilities < 414","xgboost",18668,0.95056,0.94788,9809,9333,0.9515,0.4199,0.2917,40.764,0.0772,0.9846,1.5
"1","cat_elig >=   2 & homeless <   1 & total_deductions_by_hh_size < 205","xgboost",4923,0.95308,0.94787,456,439,0.9627,0.0197,0.009,1.895,0.0772,0.9846,1.5
"1","children_i <=   0.50 & shelter_expenses_by_hh_size <= 322.00 & total_deductions_by_hh_size <=   7.80 & unc_rawben_rel_max <=   1.02","ranger",3074,0.95446,0.94786,1522,1469,0.9652,0.0661,0.0253,6.325,0.0772,0.9846,1.5
"1","months_since_cert_n >= 14.0 & months_since_cert_n < 21.0 & rawben_rel_max <  0.5 & total_deductions_by_hh_size < 22.4","xgboost",525,0.96381,0.94785,261,249,0.954,0.0112,0.0048,1.085,0.0772,0.9846,1.5
"1","count_divisible_by_100 <= 1.500 & homeless <= 0.500 & medical_deductions <= 3.500 & rawben_rel_max > 0.991","ranger",14889,0.95084,0.94784,7957,7549,0.9487,0.3396,0.3052,33.067,0.0772,0.9846,1.5
"1","percent_abawd <= 0.750 & rawben_rel_max > 0.991","ranger",14553,0.95087,0.94784,7438,7060,0.9492,0.3176,0.2819,30.911,0.0772,0.9846,1.5
"1","cat_elig >=   1 & expedited_i <   1 & shelter_expenses_by_hh_size < 205","xgboost",7308,0.95211,0.94783,3874,3714,0.9587,0.1671,0.1109,16.099,0.0772,0.9846,1.5
"1","homeless <=  0.50 & shelter_expenses_by_hh_size > 14.50 & total_deductions_by_hh_size <= 48.80 & unc_rawben_rel_max <=  1.95","ranger",3867,0.95371,0.94783,2035,1923,0.945,0.0865,0.0496,8.457,0.0772,0.9846,1.5
"1","medical_deductions < 137 & months_since_cert_n <  14 & unc_rawben_rel_max <   0","xgboost",2990,0.95452,0.94783,1430,1359,0.9503,0.0611,0.0524,5.943,0.0772,0.9846,1.5
"1","rawben_rel_max >=   0.712 & shelter_expenses_by_hh_size < 726.000","xgboost",13859,0.95093,0.94783,7067,6723,0.9513,0.3025,0.2428,29.369,0.0772,0.9846,1.5
"1","months_since_cert_n >=  2.0000 & months_since_cert_n < 16.0000 & rawben_rel_max <  0.0928","xgboost",3826,0.95374,0.94782,1775,1694,0.9544,0.0762,0.053,7.376,0.0772,0.9846,1.5
"1","cat_elig > 0.500 & married <= 0.500 & rawben_rel_max > 0.991","ranger",16163,0.95069,0.94781,8450,8020,0.9491,0.3608,0.3281,35.116,0.0772,0.9846,1.5
"1","cat_elig < 1.00 & rawben_rel_max >= 0.38 & unc_rawben_rel_max >= 0.12","xgboost",3458,0.95402,0.9478,1810,1726,0.9536,0.0776,0.0422,7.522,0.0772,0.9846,1.5
"1","cat_elig >   0.5 & shelter_expenses_by_hh_size <= 873.0 & utilities <=   8.0","ranger",12584,0.95105,0.94779,6544,6237,0.9531,0.2806,0.2037,27.195,0.0772,0.9846,1.5
"1","medical_deductions <=  192.00 & rawben_rel_max <=    0.27 & shelter_expenses_by_hh_size >    5.50 & utilities <= 1170.00","ranger",8419,0.95178,0.94779,3927,3733,0.9506,0.1679,0.1049,16.32,0.0772,0.9846,1.5
"1","children_i <=   0.500 & rawben_rel_max >   0.993 & utilities > 578.000","ranger",4228,0.95341,0.94778,2262,2158,0.954,0.0971,0.0761,9.4,0.0772,0.9846,1.5
"1","months_since_cert_n < 21.000 & rawben_rel_max <  0.304 & total_deductions_by_hh_size < 18.400 & unc_rawben_rel_max >=  0.000","xgboost",2040,0.95588,0.94778,994,947,0.9527,0.0426,0.0198,4.131,0.0772,0.9846,1.5
"1","rawben_rel_max >=  0.158 & rawben_rel_max <  0.210 & total_deductions_by_hh_size < 40.000 & unc_rawben_rel_max <  0.179","xgboost",292,0.96918,0.94776,78,76,0.9744,0.0034,0.0017,0.324,0.0772,0.9846,1.5
"1","shelter_expenses_by_hh_size < 1440 & unc_rawben_rel_max >=    0 & utilities >=  850","xgboost",2535,0.95503,0.94776,1681,1599,0.9512,0.0719,0.0506,6.986,0.0772,0.9846,1.5
"1","homeless >=    1 & total_deductions_by_hh_size < 1100","xgboost",4003,0.95353,0.94775,1951,1857,0.9518,0.0835,0.0619,8.108,0.0772,0.9846,1.5
"1","months_since_cert_n >=   9.000 & rawben_rel_max <   0.152 & shelter_expenses_by_hh_size >= 387.000","xgboost",1914,0.95611,0.94775,944,904,0.9576,0.0407,0.0247,3.923,0.0772,0.9846,1.5
"1","children_i <= 0.500 & count_divisible_by_100 > 0.500 & percent_abawd > 0.500 & unc_rawben_rel_max > 0.844","ranger",193,0.97409,0.94774,104,96,0.9231,0.0043,0.0069,0.432,0.0772,0.9846,1.5
"1","rawben_rel_max <   0.56 & total_deductions_by_hh_size < 194.00 & unc_rawben_rel_max <   1.02","xgboost",8569,0.95169,0.94773,4387,4143,0.9444,0.1864,0.1123,18.231,0.0772,0.9846,1.5
"1","cat_elig >  0.5 & married <=  0.5 & months_since_cert_n <= 10.5 & utilities <= 14.5","ranger",10789,0.95125,0.94772,5626,5360,0.9527,0.2411,0.1763,23.38,0.0772,0.9846,1.5
"1","count_divisible_by_100 >   0.500 & rawben_rel_max >   0.991 & shelter_expenses_by_hh_size >  16.500 & utilities <= 452.000","ranger",363,0.96694,0.94772,241,226,0.9378,0.0102,0.0116,1.002,0.0772,0.9846,1.5
"1","medical_deductions < 123.00 & rawben_rel_max <   0.08 & utilities < 505.00","xgboost",1516,0.95712,0.94772,0,0,NA,0,0,0,0.0772,0.9846,1.5
"1","expedited_i <=  0.500 & months_since_cert_n <= 11.500 & rawben_rel_max <=  0.279 & utilities >  8.000","ranger",5250,0.95276,0.94771,2485,2360,0.9497,0.1062,0.0644,10.327,0.0772,0.9846,1.5
"1","homeless > 0.50 & percent_abawd <= 0.75","ranger",3147,0.95424,0.94771,1388,1312,0.9452,0.059,0.0478,5.768,0.0772,0.9846,1.5
"1","homeless >= 1.00 & months_since_cert_n >= 1.00 & unc_rawben_rel_max < 1.81","xgboost",3493,0.95391,0.94771,1701,1618,0.9512,0.0728,0.0544,7.069,0.0772,0.9846,1.5
"1","rawben_rel_max >   0.947 & shelter_expenses_by_hh_size <=   5.500 & total_deductions_by_hh_size <= 119.000 & unc_rawben_rel_max >   1.290","ranger",167,0.97605,0.94771,47,46,0.9787,0.0021,0.001,0.195,0.0772,0.9846,1.5
"1","cat_elig <= 0.5 & expedited_i <= 0.5 & medical_deductions <= 3.5","ranger",3064,0.95431,0.94769,1598,1534,0.9599,0.069,0.0312,6.641,0.0772,0.9846,1.5
"1","cat_elig >  0.5 & elderly_disabled_i >  0.5 & medical_deductions <=  3.5 & shelter_expenses_by_hh_size <= 12.5","ranger",2057,0.95576,0.94768,1020,983,0.9637,0.0442,0.0236,4.239,0.0772,0.9846,1.5
"1","cat_elig >=   1 & months_since_cert_n >=  11 & utilities >= 875","xgboost",941,0.95962,0.94768,636,606,0.9528,0.0273,0.0172,2.643,0.0772,0.9846,1.5
"1","homeless <   1.000 & rawben_rel_max <   0.428 & shelter_expenses_by_hh_size < 287.000 & total_deductions_by_hh_size < 190.000","xgboost",1953,0.95597,0.94768,926,890,0.9611,0.04,0.0164,3.848,0.0772,0.9846,1.5
"1","married <= 0.5 & utilities <= 5.0","ranger",15059,0.95066,0.94768,7852,7468,0.9511,0.336,0.2466,32.631,0.0772,0.9846,1.5
"1","medical_deductions < 232 & shelter_expenses_by_hh_size < 469 & utilities < 596","xgboost",18518,0.95037,0.94768,9595,9140,0.9526,0.4112,0.2797,39.874,0.0772,0.9846,1.5
"1","cat_elig <= 1.500 & elderly_disabled_i > 0.500 & rawben_rel_max <= 0.943 & shelter_expenses_by_hh_size <= 5.500","ranger",1027,0.9591,0.94767,658,634,0.9635,0.0285,0.0135,2.734,0.0772,0.9846,1.5
"1","cat_elig >=   1 & elderly_disabled_i <   1 & utilities < 281","xgboost",8956,0.95154,0.94767,4688,4479,0.9554,0.2015,0.1552,19.482,0.0772,0.9846,1.5
"1","homeless <=  0.50 & unc_rawben_rel_max <=  1.01 & utilities > 21.50 & utilities <= 26.00","ranger",49,1,0.94767,2,2,1,1e-04,0,0.008,0.0772,0.9846,1.5
"1","medical_deductions <= 192.00 & rawben_rel_max <=   0.27 & shelter_expenses_by_hh_size >   5.50","ranger",8420,0.95166,0.94767,3927,3733,0.9506,0.1679,0.1049,16.32,0.0772,0.9846,1.5
"1","elderly_disabled_i >  0.500 & months_since_cert_n > 24.500 & unc_rawben_rel_max >  0.991 & unc_rawben_rel_max <=  1.930","ranger",523,0.96367,0.94765,247,232,0.9393,0.0104,0.0107,1.026,0.0772,0.9846,1.5
"1","months_since_cert_n >=   9 & unc_rawben_rel_max <   0 & utilities < 388","xgboost",854,0.96019,0.94765,415,392,0.9446,0.0176,0.0173,1.725,0.0772,0.9846,1.5
"1","rawben_rel_max <    0.959 & shelter_expenses_by_hh_size < 1390.000 & utilities >=  875.000 & utilities <  912.000","xgboost",339,0.96755,0.94765,1,0,0,0,4e-04,0.004,0.0772,0.9846,1.5
"1","homeless <= 0.500 & medical_deductions <= 0.500 & rawben_rel_max > 0.998","ranger",14829,0.95064,0.94763,7922,7520,0.9493,0.3383,0.3027,32.922,0.0772,0.9846,1.5
"1","count_divisible_by_100 <    1 & months_since_cert_n <   22 & total_deductions_by_hh_size < 1450 & utilities <   32","xgboost",14572,0.95066,0.94762,7602,7250,0.9537,0.3262,0.2284,31.592,0.0772,0.9846,1.5
"1","percent_abawd <=    0.250 & shelter_expenses_by_hh_size >   12.500 & shelter_expenses_by_hh_size <= 2500.000 & unc_rawben_rel_max <=    0.311","ranger",9304,0.95142,0.94762,4555,4334,0.9515,0.195,0.1084,18.929,0.0772,0.9846,1.5
"1","children_i <= 0.5 & elderly_disabled_i <= 0.5 & homeless <= 0.5 & months_since_cert_n <= 4.5","ranger",7437,0.95186,0.94761,3868,3695,0.9553,0.1662,0.1136,16.074,0.0772,0.9846,1.5
"1","cat_elig <= 0.50 & children_i <= 0.50 & homeless <= 0.50 & unc_rawben_rel_max <= 2.61","ranger",4032,0.95337,0.9476,2095,2007,0.958,0.0903,0.0412,8.706,0.0772,0.9846,1.5
"1","expedited_i <   1.00 & rawben_rel_max <   0.32 & utilities < 844.00","xgboost",10210,0.95122,0.9476,4981,4735,0.9506,0.213,0.1233,20.7,0.0772,0.9846,1.5
"1","months_since_cert_n <  10 & rawben_rel_max >=   1 & total_deductions_by_hh_size >= 494 & utilities >= 462","xgboost",3647,0.95366,0.94759,1889,1800,0.9529,0.081,0.0671,7.85,0.0772,0.9846,1.5
"1","percent_abawd >=   0.5 & total_deductions_by_hh_size < 603.0 & utilities < 334.0","xgboost",3444,0.95383,0.94759,1912,1839,0.9618,0.0827,0.0532,7.946,0.0772,0.9846,1.5
"1","elderly_disabled_i >=   1.00 & rawben_rel_max <   0.46 & total_deductions_by_hh_size < 527.00 & utilities < 529.00","xgboost",10285,0.95119,0.94758,5027,4777,0.9503,0.2149,0.1075,20.891,0.0772,0.9846,1.5
"1","expedited_i <= 0.500 & rawben_rel_max <= 0.314 & unc_rawben_rel_max <= 1.950","ranger",10504,0.95116,0.94758,5137,4884,0.9507,0.2197,0.1287,21.348,0.0772,0.9846,1.5
"1","shelter_expenses_by_hh_size >= 853 & shelter_expenses_by_hh_size < 950 & total_deductions_by_hh_size >= 470 & utilities >= 789","xgboost",291,0.96907,0.94758,115,102,0.887,0.0046,0.0075,0.478,0.0772,0.9846,1.5
"1","cat_elig >= 2.00 & children_i < 1.00 & total_deductions_by_hh_size < 9.00 & unc_rawben_rel_max < 1.16","xgboost",1153,0.95837,0.94757,97,95,0.9794,0.0043,8e-04,0.403,0.0772,0.9846,1.5
"1","homeless >  0.50 & percent_abawd >  0.25 & total_deductions_by_hh_size <= 53.10","ranger",700,0.96143,0.94757,439,429,0.9772,0.0193,0.0094,1.824,0.0772,0.9846,1.5
"1","medical_deductions <  16 & months_since_cert_n <   9 & shelter_expenses_by_hh_size < 596","xgboost",15695,0.95049,0.94757,7931,7571,0.9546,0.3406,0.2202,32.959,0.0772,0.9846,1.5
"1","months_since_cert_n >= 14.000 & rawben_rel_max <  0.508 & utilities < 63.000","xgboost",960,0.95938,0.94754,506,480,0.9486,0.0216,0.0116,2.103,0.0772,0.9846,1.5
"1","expedited_i <=   0.500 & rawben_rel_max <=   0.978 & total_deductions_by_hh_size <= 119.000 & utilities <=   5.000","ranger",2871,0.95437,0.94753,1485,1434,0.9657,0.0645,0.0245,6.171,0.0772,0.9846,1.5
"1","expedited_i >  0.500 & months_since_cert_n <=  6.500 & total_deductions_by_hh_size > 18.800 & unc_rawben_rel_max >  0.991","ranger",1593,0.95669,0.94749,771,738,0.9572,0.0332,0.0275,3.204,0.0772,0.9846,1.5
"1","homeless >= 1.000 & rawben_rel_max >= 0.288 & unc_rawben_rel_max >= 0.271","xgboost",3701,0.95353,0.94749,1805,1725,0.9557,0.0776,0.0514,7.501,0.0772,0.9846,1.5
"1","months_since_cert_n <   31 & shelter_expenses_by_hh_size < 1410 & utilities >=  819","xgboost",2624,0.95465,0.94749,1668,1584,0.9496,0.0713,0.0503,6.932,0.0772,0.9846,1.5
"1","children_i <   1 & months_since_cert_n <   6 & shelter_expenses_by_hh_size < 841 & total_deductions_by_hh_size < 474","xgboost",14310,0.95052,0.94746,7309,6987,0.9559,0.3143,0.1723,30.374,0.0772,0.9846,1.5
"1","count_divisible_by_100 <=   0.5 & homeless >   0.5 & medical_deductions <= 103.0","ranger",3900,0.95333,0.94746,1893,1807,0.9546,0.0813,0.0562,7.867,0.0772,0.9846,1.5
"1","cat_elig >=   2 & children_i <   1 & shelter_expenses_by_hh_size < 528 & total_deductions_by_hh_size < 297","xgboost",5624,0.95235,0.94745,505,492,0.9743,0.0221,0.0072,2.099,0.0772,0.9846,1.5
"1","medical_deductions <= 614.0 & utilities <=  10.5","ranger",15092,0.95044,0.94745,7865,7481,0.9512,0.3366,0.2466,32.685,0.0772,0.9846,1.5
"1","cat_elig >=    1.00 & total_deductions_by_hh_size < 1780.00 & unc_rawben_rel_max >=    1.02","xgboost",15736,0.95037,0.94744,8219,7807,0.9499,0.3512,0.3161,34.156,0.0772,0.9846,1.5
"1","elderly_disabled_i >=  1.000 & rawben_rel_max <  0.288 & utilities >= 54.000","xgboost",6081,0.95215,0.94744,2925,2786,0.9525,0.1253,0.0654,12.156,0.0772,0.9846,1.5
"1","medical_deductions <= 621 & utilities <=   5","ranger",15090,0.95043,0.94744,7865,7481,0.9512,0.3366,0.2466,32.685,0.0772,0.9846,1.5
"1","rawben_rel_max >=    0.137 & rawben_rel_max <    0.188 & total_deductions_by_hh_size < 1100.000","xgboost",1001,0.95904,0.94744,431,408,0.9466,0.0184,0.0112,1.791,0.0772,0.9846,1.5
"1","shelter_expenses_by_hh_size >=  681.00 & shelter_expenses_by_hh_size < 1230.00 & unc_rawben_rel_max >=    1.09 & utilities >=  601.00","xgboost",1466,0.95703,0.94744,806,766,0.9504,0.0345,0.0285,3.35,0.0772,0.9846,1.5
"1","count_divisible_by_100 <=  0.5 & married <=  0.5 & utilities <= 30.5","ranger",15027,0.95042,0.94743,7831,7459,0.9525,0.3356,0.2393,32.544,0.0772,0.9846,1.5
"1","months_since_cert_n >=   5.0 & total_deductions_by_hh_size < 982.0 & unc_rawben_rel_max >=   1.2 & utilities <  54.0","xgboost",3474,0.95366,0.94743,1840,1743,0.9473,0.0784,0.0781,7.647,0.0772,0.9846,1.5
"1","cat_elig > 0.500 & homeless <= 0.500 & months_since_cert_n > 5.500 & rawben_rel_max <= 0.277","ranger",5021,0.9526,0.94742,2454,2325,0.9474,0.1046,0.0712,10.198,0.0772,0.9846,1.5
"1","married <=   0.5 & medical_deductions <= 282.0 & utilities <=  30.5","ranger",15513,0.95036,0.94742,8064,7679,0.9523,0.3455,0.2476,33.512,0.0772,0.9846,1.5
"1","months_since_cert_n >= 12.000 & rawben_rel_max >=  0.992 & unc_rawben_rel_max >= -0.004 & unc_rawben_rel_max <  1.730","xgboost",2067,0.95549,0.94742,1064,1009,0.9483,0.0454,0.0427,4.422,0.0772,0.9846,1.5
"1","rawben_rel_max <   0.0893 & total_deductions_by_hh_size < 769.0000 & utilities >= 329.0000 & utilities < 415.0000","xgboost",654,0.96177,0.94742,506,486,0.9605,0.0219,0.0171,2.103,0.0772,0.9846,1.5
"1","total_deductions_by_hh_size >=  587 & total_deductions_by_hh_size < 1010 & utilities >=  875","xgboost",1757,0.95618,0.94742,1205,1141,0.9469,0.0513,0.037,5.008,0.0772,0.9846,1.5
"1","children_i < 1.00 & unc_rawben_rel_max >= 1.19","xgboost",14710,0.95044,0.94741,7681,7297,0.95,0.3283,0.2997,31.92,0.0772,0.9846,1.5
"1","children_i <= 0.5 & homeless > 0.5","ranger",3997,0.95321,0.94741,1949,1855,0.9518,0.0835,0.0618,8.1,0.0772,0.9846,1.5
"1","cat_elig >=  2.000 & months_since_cert_n < 11.000 & rawben_rel_max >=  0.264 & unc_rawben_rel_max >=  1.200","xgboost",4899,0.95264,0.9474,353,343,0.9717,0.0154,0.0077,1.467,0.0772,0.9846,1.5
"1","elderly_disabled_i >  0.5 & homeless <=  0.5 & months_since_cert_n <= 14.5 & shelter_expenses_by_hh_size <=  5.5","ranger",1569,0.95666,0.94739,830,800,0.9639,0.036,0.0192,3.449,0.0772,0.9846,1.5
"1","cat_elig <    1 & months_since_cert_n >=    3 & shelter_expenses_by_hh_size < 1110","xgboost",2863,0.95424,0.94738,1459,1389,0.952,0.0625,0.0342,6.063,0.0772,0.9846,1.5
"1","count_divisible_by_100 <= 0.500 & unc_rawben_rel_max <= 0.279","ranger",9596,0.95113,0.94738,4541,4315,0.9502,0.1941,0.123,18.871,0.0772,0.9846,1.5
"1","rawben_rel_max >=   0.992 & unc_rawben_rel_max >=   1.100 & unc_rawben_rel_max <   2.220 & utilities >= 426.000","xgboost",4937,0.9526,0.94738,2574,2456,0.9542,0.1105,0.0886,10.697,0.0772,0.9846,1.5
"1","shelter_expenses_by_hh_size < 460.00 & unc_rawben_rel_max <   1.99","xgboost",18325,0.95007,0.94735,9485,9028,0.9518,0.4062,0.2821,39.417,0.0772,0.9846,1.5
"1","elderly_disabled_i >   0.5 & married <=   0.5 & shelter_expenses_by_hh_size <=  49.5 & total_deductions_by_hh_size <= 328.0","ranger",2596,0.95455,0.94733,1321,1271,0.9621,0.0572,0.0319,5.49,0.0772,0.9846,1.5
"1","percent_abawd <=    0.75 & unc_rawben_rel_max <=    0.32 & utilities <= 1020.00","ranger",10630,0.95089,0.94733,5080,4831,0.951,0.2173,0.1271,21.111,0.0772,0.9846,1.5
"1","cat_elig >=    1 & cat_elig <    2 & utilities >=  850 & utilities < 1010","xgboost",1857,0.95584,0.94731,1431,1329,0.9287,0.0598,0.0645,5.947,0.0772,0.9846,1.5
"1","months_since_cert_n >=   2.0000 & months_since_cert_n <  16.0000 & rawben_rel_max <   0.0928 & shelter_expenses_by_hh_size >= 346.0000","xgboost",2981,0.95404,0.94731,1405,1346,0.958,0.0606,0.037,5.839,0.0772,0.9846,1.5
"1","months_since_cert_n >=  14.00 & unc_rawben_rel_max >=   1.01 & unc_rawben_rel_max <   1.99 & utilities >= 424.00","xgboost",1126,0.95826,0.94731,601,577,0.9601,0.026,0.0175,2.498,0.0772,0.9846,1.5
"1","cat_elig >   0.5 & elderly_disabled_i >   0.5 & medical_deductions <= 298.0 & shelter_expenses_by_hh_size <=  13.0","ranger",2165,0.9552,0.9473,1075,1034,0.9619,0.0465,0.0257,4.467,0.0772,0.9846,1.5
"1","count_divisible_by_100 <= 1.500 & unc_rawben_rel_max <= 0.279","ranger",9916,0.95099,0.9473,4676,4442,0.95,0.1998,0.1284,19.432,0.0772,0.9846,1.5
"1","homeless <= 0.500 & married <= 0.500 & unc_rawben_rel_max > 0.991","ranger",15205,0.95028,0.9473,8102,7677,0.9475,0.3454,0.3201,33.67,0.0772,0.9846,1.5
"1","percent_abawd < 0.500 & rawben_rel_max < 0.324","xgboost",10664,0.95086,0.9473,5266,5005,0.9504,0.2252,0.1319,21.884,0.0772,0.9846,1.5
"1","shelter_expenses_by_hh_size < 1350 & total_deductions_by_hh_size >=  494 & utilities >=  784","xgboost",2980,0.95403,0.94729,1970,1846,0.9371,0.083,0.0708,8.187,0.0772,0.9846,1.5
"1","cat_elig > 0.500 & count_divisible_by_100 <= 1.500 & rawben_rel_max > 0.991","ranger",16270,0.95015,0.94727,8496,8065,0.9493,0.3628,0.3289,35.307,0.0772,0.9846,1.5
"1","months_since_cert_n >= 14.000 & rawben_rel_max >=  0.080 & rawben_rel_max <  0.508 & utilities < 63.000","xgboost",783,0.96041,0.94727,506,480,0.9486,0.0216,0.0116,2.103,0.0772,0.9846,1.5
"1","homeless <= 0.500 & married <= 0.500 & rawben_rel_max > 0.996","ranger",15117,0.95025,0.94726,8063,7642,0.9478,0.3438,0.3181,33.508,0.0772,0.9846,1.5
"1","cat_elig < 1.00 & months_since_cert_n >= 1.00 & unc_rawben_rel_max >= 0.43","xgboost",2937,0.95403,0.94725,1562,1490,0.9539,0.067,0.0377,6.491,0.0772,0.9846,1.5
"1","children_i <=   0.5 & months_since_cert_n >   5.5 & months_since_cert_n <=  10.5 & total_deductions_by_hh_size <= 297.0","ranger",5463,0.95222,0.94725,2860,2717,0.95,0.1222,0.0826,11.885,0.0772,0.9846,1.5
"1","rawben_rel_max <   0.247 & total_deductions_by_hh_size >= 300.000 & total_deductions_by_hh_size < 687.000 & utilities >= 370.000","xgboost",1440,0.95694,0.94725,721,688,0.9542,0.031,0.0193,2.996,0.0772,0.9846,1.5
"1","medical_deductions < 242 & utilities <  29","xgboost",15228,0.95022,0.94724,7906,7524,0.9517,0.3385,0.2462,32.855,0.0772,0.9846,1.5
"1","months_since_cert_n <   4.000 & rawben_rel_max >=   0.409 & shelter_expenses_by_hh_size < 672.000","xgboost",7463,0.95149,0.94724,3889,3747,0.9635,0.1686,0.0846,16.162,0.0772,0.9846,1.5
"1","children_i <   1 & shelter_expenses_by_hh_size < 528","xgboost",20049,0.94982,0.94723,10232,9730,0.9509,0.4377,0.3016,42.522,0.0772,0.9846,1.5
"1","married <   1.00 & total_deductions_by_hh_size < 372.00 & unc_rawben_rel_max <   1.23","xgboost",24919,0.94956,0.94723,12915,12277,0.9506,0.5523,0.3311,53.672,0.0772,0.9846,1.5
"1","months_since_cert_n >=  19 & total_deductions_by_hh_size < 167 & utilities < 329","xgboost",1082,0.95841,0.94723,518,495,0.9556,0.0223,0.0124,2.153,0.0772,0.9846,1.5
"1","rawben_rel_max >= 0.992 & unc_rawben_rel_max >= 1.150","xgboost",15791,0.95016,0.94723,8197,7789,0.9502,0.3504,0.3183,34.065,0.0772,0.9846,1.5
"1","count_divisible_by_100 >=    1.0000 & expedited_i <    1.0000 & total_deductions_by_hh_size < 1010.0000 & unc_rawben_rel_max <   -0.0344","xgboost",139,0.97842,0.94722,80,79,0.9875,0.0036,0.001,0.332,0.0772,0.9846,1.5
"1","homeless > 0.5 & medical_deductions <= 0.5","ranger",3961,0.95304,0.9472,1932,1840,0.9524,0.0828,0.0605,8.029,0.0772,0.9846,1.5
"1","homeless >=    1 & medical_deductions <  599 & shelter_expenses_by_hh_size < 1400","xgboost",4001,0.95301,0.9472,1945,1853,0.9527,0.0834,0.0601,8.083,0.0772,0.9846,1.5
"1","rawben_rel_max <   0.481 & total_deductions_by_hh_size < 248.000","xgboost",9660,0.95093,0.94719,4877,4620,0.9473,0.2078,0.1194,20.268,0.0772,0.9846,1.5
"1","cat_elig <= 1.500 & unc_rawben_rel_max > 0.991 & unc_rawben_rel_max <= 1.930 & utilities > 9.500","ranger",5595,0.9521,0.94718,3940,3729,0.9464,0.1678,0.1617,16.374,0.0772,0.9846,1.5
"1","cat_elig >= 1.000 & elderly_disabled_i >= 1.000 & rawben_rel_max >= 0.124 & rawben_rel_max < 0.261","xgboost",3034,0.95386,0.94718,1390,1309,0.9417,0.0589,0.0361,5.777,0.0772,0.9846,1.5
"1","children_i <   1 & married <   1 & shelter_expenses_by_hh_size >= 460 & total_deductions_by_hh_size < 244","xgboost",4418,0.95269,0.94716,2255,2140,0.949,0.0963,0.055,9.371,0.0772,0.9846,1.5
"1","months_since_cert_n <   9.00 & shelter_expenses_by_hh_size < 880.00 & unc_rawben_rel_max <   0.12","xgboost",2628,0.95434,0.94716,1178,1131,0.9601,0.0509,0.0331,4.895,0.0772,0.9846,1.5
"1","months_since_cert_n >=   7.00 & unc_rawben_rel_max >=   1.24 & unc_rawben_rel_max <   1.86 & utilities >= 385.00","xgboost",1291,0.9574,0.94715,700,672,0.96,0.0302,0.0225,2.909,0.0772,0.9846,1.5
"1","rawben_rel_max <   0.278 & total_deductions_by_hh_size < 549.000 & utilities >=  54.000","xgboost",5392,0.95215,0.94714,2555,2427,0.9499,0.1092,0.0636,10.618,0.0772,0.9846,1.5
"1","rawben_rel_max <   0.744 & total_deductions_by_hh_size < 135.000 & unc_rawben_rel_max <   2.520 & utilities <  45.000","xgboost",3415,0.95344,0.94714,1802,1726,0.9578,0.0776,0.0362,7.489,0.0772,0.9846,1.5
"1","shelter_expenses_by_hh_size < 1090.00 & unc_rawben_rel_max >=    1.02 & unc_rawben_rel_max <    1.20 & utilities >=   80.00","xgboost",824,0.95995,0.94713,377,364,0.9655,0.0164,0.0063,1.567,0.0772,0.9846,1.5
"1","cat_elig <   2.000 & rawben_rel_max >=   0.278 & utilities >= 844.000","xgboost",2219,0.95493,0.94712,2195,2054,0.9358,0.0924,0.0847,9.122,0.0772,0.9846,1.5
"1","cat_elig > 0.500 & cat_elig <= 1.500 & married <= 0.500 & rawben_rel_max > 0.991","ranger",9746,0.95085,0.94712,7960,7543,0.9476,0.3393,0.3203,33.08,0.0772,0.9846,1.5
"1","elderly_disabled_i >  0.5 & shelter_expenses_by_hh_size <= 13.0","ranger",2423,0.9546,0.94712,1226,1177,0.96,0.053,0.0314,5.095,0.0772,0.9846,1.5
"1","homeless >= 1","xgboost",4015,0.95293,0.94712,1954,1859,0.9514,0.0836,0.0627,8.12,0.0772,0.9846,1.5
"1","medical_deductions <=  146.000 & rawben_rel_max <=    0.264 & shelter_expenses_by_hh_size >   13.000 & shelter_expenses_by_hh_size <= 2490.000","ranger",7879,0.95126,0.94712,3702,3521,0.9511,0.1584,0.0981,15.385,0.0772,0.9846,1.5
"1","expedited_i <   1 & shelter_expenses_by_hh_size < 440 & utilities <  59","xgboost",10406,0.9507,0.94709,5529,5289,0.9566,0.2379,0.1512,22.977,0.0772,0.9846,1.5
"1","percent_abawd <= 0.500 & rawben_rel_max <= 0.991 & unc_rawben_rel_max <= 0.324","ranger",10719,0.95065,0.94709,5266,5005,0.9504,0.2252,0.1319,21.884,0.0772,0.9846,1.5
"1","total_deductions_by_hh_size >= 178.00 & unc_rawben_rel_max >=   1.01 & unc_rawben_rel_max <   1.99 & utilities >= 277.00","xgboost",7088,0.95147,0.94709,3659,3470,0.9483,0.1561,0.1432,15.206,0.0772,0.9846,1.5
"1","cat_elig <= 1.5 & homeless > 0.5 & months_since_cert_n > 6.5 & shelter_expenses_by_hh_size <= 5.5","ranger",450,0.96444,0.94708,335,322,0.9612,0.0145,0.0098,1.392,0.0772,0.9846,1.5
"1","elderly_disabled_i <   1 & homeless <   1 & total_deductions_by_hh_size < 587","xgboost",8895,0.95098,0.94708,4690,4464,0.9518,0.2008,0.1576,19.491,0.0772,0.9846,1.5
"1","homeless <=  0.500 & months_since_cert_n > 10.500 & rawben_rel_max <=  0.268","ranger",2968,0.95384,0.94708,1392,1324,0.9511,0.0596,0.0371,5.785,0.0772,0.9846,1.5
"1","homeless >  0.50 & months_since_cert_n >  5.50 & shelter_expenses_by_hh_size <= 47.50 & unc_rawben_rel_max <=  1.93","ranger",909,0.9593,0.94708,447,430,0.962,0.0193,0.013,1.858,0.0772,0.9846,1.5
"1","homeless >=   1 & utilities < 850","xgboost",3872,0.953,0.94708,1881,1789,0.9511,0.0805,0.0606,7.817,0.0772,0.9846,1.5
"1","shelter_expenses_by_hh_size >= 1040.00 & total_deductions_by_hh_size >=  903.00 & unc_rawben_rel_max >=    1.33 & unc_rawben_rel_max <    2.52","xgboost",909,0.9593,0.94708,526,507,0.9639,0.0228,0.0142,2.186,0.0772,0.9846,1.5
"1","homeless > 0.5 & married <= 0.5","ranger",4011,0.95288,0.94706,1952,1857,0.9513,0.0835,0.0627,8.112,0.0772,0.9846,1.5
"1","cat_elig > 0.500 & rawben_rel_max > 0.991","ranger",16317,0.94993,0.94705,8517,8083,0.949,0.3636,0.3312,35.395,0.0772,0.9846,1.5
"1","medical_deductions <= 100.0 & months_since_cert_n >   2.5 & months_since_cert_n <=   5.5 & utilities <=  30.5","ranger",4489,0.95255,0.94705,2266,2184,0.9638,0.0983,0.0519,9.417,0.0772,0.9846,1.5
"1","rawben_rel_max <   0.481 & total_deductions_by_hh_size < 248.000 & utilities < 493.000","xgboost",8675,0.95101,0.94705,4394,4170,0.949,0.1876,0.1001,18.26,0.0772,0.9846,1.5
"1","cat_elig > 0.5 & unc_rawben_rel_max > 1.0","ranger",16141,0.94994,0.94704,8428,8002,0.9495,0.36,0.327,35.025,0.0772,0.9846,1.5
"1","homeless >= 1.00 & months_since_cert_n < 4.00 & percent_abawd >= 1.00 & unc_rawben_rel_max < 1.25","xgboost",335,0.96716,0.94704,240,231,0.9625,0.0104,0.0057,0.997,0.0772,0.9846,1.5
"1","homeless >= 1.000 & rawben_rel_max >= 0.388 & unc_rawben_rel_max >= 0.120","xgboost",3629,0.95316,0.94704,1767,1691,0.957,0.0761,0.0497,7.343,0.0772,0.9846,1.5
"1","percent_abawd <    0.500 & rawben_rel_max <    0.405 & shelter_expenses_by_hh_size < 1270.000 & total_deductions_by_hh_size <  426.000","xgboost",10415,0.95065,0.94704,5128,4856,0.947,0.2185,0.1274,21.311,0.0772,0.9846,1.5
"1","expedited_i <   1 & shelter_expenses_by_hh_size < 744 & total_deductions_by_hh_size < 645 & utilities <  30","xgboost",10352,0.95064,0.94702,5544,5298,0.9556,0.2383,0.1526,23.04,0.0772,0.9846,1.5
"1","homeless <=   0.5 & shelter_expenses_by_hh_size <= 896.0 & utilities <=  12.5","ranger",11564,0.95045,0.94702,6149,5853,0.9519,0.2633,0.1899,25.554,0.0772,0.9846,1.5
"1","medical_deductions >= 130.000 & months_since_cert_n <   5.000 & rawben_rel_max <   0.384 & unc_rawben_rel_max <   1.520","xgboost",472,0.96398,0.94702,227,210,0.9251,0.0094,0.0061,0.943,0.0772,0.9846,1.5
"1","rawben_rel_max <   0.546 & shelter_expenses_by_hh_size >= 798.000 & unc_rawben_rel_max <  -0.304 & utilities >= 388.000","xgboost",539,0.96289,0.94702,234,224,0.9573,0.0101,0.0084,0.972,0.0772,0.9846,1.5
"1","homeless >= 1.0 & rawben_rel_max >= 0.4 & unc_rawben_rel_max >= 0.0","xgboost",3627,0.95313,0.94701,1764,1689,0.9575,0.076,0.0493,7.331,0.0772,0.9846,1.5
"1","shelter_expenses_by_hh_size < 469.00 & unc_rawben_rel_max >=  -0.56","xgboost",18339,0.94972,0.947,9506,9050,0.952,0.4071,0.2794,39.505,0.0772,0.9846,1.5
"1","months_since_cert_n <   23.000 & rawben_rel_max >=    0.892 & shelter_expenses_by_hh_size < 1100.000 & total_deductions_by_hh_size <  848.000","xgboost",15699,0.94993,0.94699,8140,7741,0.951,0.3483,0.2742,33.828,0.0772,0.9846,1.5
"1","months_since_cert_n < 4 & percent_abawd >= 1","xgboost",2640,0.95417,0.94699,1421,1363,0.9592,0.0613,0.0348,5.905,0.0772,0.9846,1.5
"1","medical_deductions <= 122.000 & months_since_cert_n >   7.500 & rawben_rel_max >   0.991 & utilities <=  32.000","ranger",2009,0.9552,0.94698,1110,1055,0.9505,0.0475,0.0458,4.613,0.0772,0.9846,1.5
"1","medical_deductions <   4.000 & months_since_cert_n <   5.000 & rawben_rel_max >=   0.712 & utilities < 992.000","xgboost",11728,0.95038,0.94697,5890,5622,0.9545,0.2529,0.1742,24.477,0.0772,0.9846,1.5
"1","months_since_cert_n <=    6.500 & rawben_rel_max <=    0.268 & shelter_expenses_by_hh_size <= 1360.000 & unc_rawben_rel_max <=    0.991","ranger",4402,0.95252,0.94697,1958,1867,0.9535,0.084,0.0521,8.137,0.0772,0.9846,1.5
"1","cat_elig > 1.500 & children_i <= 0.500 & expedited_i <= 0.500 & rawben_rel_max <= 0.273","ranger",2961,0.95373,0.94696,194,188,0.9691,0.0085,0.0038,0.806,0.0772,0.9846,1.5
"1","cat_elig >   0.500 & medical_deductions <= 184.000 & rawben_rel_max >   0.991","ranger",16211,0.94985,0.94695,8478,8048,0.9493,0.3621,0.3278,35.233,0.0772,0.9846,1.5
"1","cat_elig <  2.0 & months_since_cert_n < 22.0 & percent_abawd <  0.5 & utilities < 27.0","xgboost",7637,0.95116,0.94694,5520,5231,0.9476,0.2353,0.1799,22.94,0.0772,0.9846,1.5
"1","cat_elig > 0.500 & unc_rawben_rel_max > 0.993","ranger",16284,0.94983,0.94694,8479,8049,0.9493,0.3621,0.3291,35.237,0.0772,0.9846,1.5
"1","months_since_cert_n >= 8.000 & rawben_rel_max < 0.282 & unc_rawben_rel_max < 1.100","xgboost",4718,0.95231,0.94694,2318,2203,0.9504,0.0991,0.0629,9.633,0.0772,0.9846,1.5
"1","percent_abawd <   1.00 & total_deductions_by_hh_size < 441.00 & unc_rawben_rel_max >=   1.21","xgboost",3562,0.95312,0.94694,402,359,0.893,0.0162,0.0359,1.671,0.0772,0.9846,1.5
"1","rawben_rel_max <   0.175 & total_deductions_by_hh_size >=   9.000 & utilities >= 361.000","xgboost",2960,0.95372,0.94694,1452,1385,0.9539,0.0623,0.0423,6.034,0.0772,0.9846,1.5
"1","married <=   0.5 & shelter_expenses_by_hh_size > 434.0 & total_deductions_by_hh_size >   7.8 & total_deductions_by_hh_size <= 184.0","ranger",2838,0.95384,0.94692,1462,1381,0.9446,0.0621,0.0401,6.076,0.0772,0.9846,1.5
"1","percent_abawd <=  0.250 & shelter_expenses_by_hh_size > 12.500 & unc_rawben_rel_max <=  0.311","ranger",9318,0.95074,0.94692,4557,4335,0.9513,0.195,0.1087,18.938,0.0772,0.9846,1.5
"1","cat_elig <  1.0000 & unc_rawben_rel_max >= -0.0344","xgboost",4417,0.95246,0.94691,2306,2207,0.9571,0.0993,0.0485,9.583,0.0772,0.9846,1.5
"1","expedited_i <  1 & months_since_cert_n <  1 & total_deductions_by_hh_size < 92","xgboost",906,0.95916,0.94691,448,433,0.9665,0.0195,0.0123,1.862,0.0772,0.9846,1.5
"1","homeless >=   1 & months_since_cert_n >=   3 & months_since_cert_n <   5 & total_deductions_by_hh_size < 600","xgboost",906,0.95916,0.94691,420,408,0.9714,0.0184,0.0082,1.745,0.0772,0.9846,1.5
"1","shelter_expenses_by_hh_size >= 281.00 & shelter_expenses_by_hh_size < 346.00 & unc_rawben_rel_max <   1.42 & utilities <  54.00","xgboost",604,0.96192,0.94691,332,319,0.9608,0.0144,0.0053,1.38,0.0772,0.9846,1.5
"1","rawben_rel_max <=    0.299 & shelter_expenses_by_hh_size <= 1720.000 & unc_rawben_rel_max <=    1.970","ranger",10310,0.95053,0.9469,4969,4718,0.9495,0.2123,0.1342,20.65,0.0772,0.9846,1.5
"1","cat_elig <   2.000 & shelter_expenses_by_hh_size < 387.000 & total_deductions_by_hh_size < 982.000 & unc_rawben_rel_max <  -0.184","xgboost",334,0.96707,0.94688,252,243,0.9643,0.0109,0.0075,1.047,0.0772,0.9846,1.5
"1","cat_elig <= 0.5 & children_i <= 0.5 & homeless <= 0.5","ranger",4037,0.95269,0.94688,2097,2009,0.958,0.0904,0.0412,8.715,0.0772,0.9846,1.5
"1","cat_elig >= 1.000 & rawben_rel_max >= 0.344 & unc_rawben_rel_max >= 1.020","xgboost",15841,0.94981,0.94688,8282,7860,0.949,0.3536,0.3245,34.418,0.0772,0.9846,1.5
"1","children_i <=   0.5 & elderly_disabled_i >   0.5 & medical_deductions <=  12.0 & total_deductions_by_hh_size <= 184.0","ranger",9077,0.95075,0.94688,4648,4405,0.9477,0.1982,0.1167,19.316,0.0772,0.9846,1.5
"1","count_divisible_by_100 >=    1.000 & total_deductions_by_hh_size < 1100.000 & unc_rawben_rel_max >=   -1.170 & unc_rawben_rel_max <   -0.016","xgboost",138,0.97826,0.94685,79,75,0.9494,0.0034,0.0037,0.328,0.0772,0.9846,1.5
"1","elderly_disabled_i >=  1 & shelter_expenses_by_hh_size < 29","xgboost",2451,0.9543,0.94685,1240,1190,0.9597,0.0535,0.0324,5.153,0.0772,0.9846,1.5
"1","medical_deductions >= 117.000 & medical_deductions < 137.000 & rawben_rel_max <   0.247 & total_deductions_by_hh_size >= 369.000","xgboost",138,0.97826,0.94685,104,104,1,0.0047,0,0.432,0.0772,0.9846,1.5
"1","rawben_rel_max >=  0.080 & rawben_rel_max <  0.412 & utilities < 30.000","xgboost",2774,0.95386,0.94685,1715,1636,0.9539,0.0736,0.0449,7.127,0.0772,0.9846,1.5
"1","elderly_disabled_i >  0.5 & homeless >  0.5 & months_since_cert_n >  4.5 & total_deductions_by_hh_size <= 20.5","ranger",239,0.97071,0.94684,123,121,0.9837,0.0054,0.0011,0.511,0.0772,0.9846,1.5
"1","cat_elig >  0.5 & months_since_cert_n >  5.5 & shelter_expenses_by_hh_size <= 29.5","ranger",3315,0.95324,0.94683,1726,1648,0.9548,0.0741,0.0604,7.173,0.0772,0.9846,1.5
"1","children_i <=  0.5 & count_divisible_by_100 <=  1.5 & months_since_cert_n >  7.5 & shelter_expenses_by_hh_size <= 14.5","ranger",2551,0.95414,0.94683,1377,1323,0.9608,0.0595,0.0423,5.722,0.0772,0.9846,1.5
"1","cat_elig <=   0.5 & expedited_i <=   0.5 & medical_deductions <= 114.0","ranger",3174,0.95337,0.94682,1652,1584,0.9588,0.0713,0.0325,6.865,0.0772,0.9846,1.5
"1","children_i <=   0.5 & months_since_cert_n >   5.5 & total_deductions_by_hh_size <= 420.0 & utilities <=   8.0","ranger",5182,0.95195,0.94682,2741,2613,0.9533,0.1176,0.0835,11.391,0.0772,0.9846,1.5
"1","expedited_i <=  0.500 & percent_abawd <=  0.250 & rawben_rel_max <=  0.268 & total_deductions_by_hh_size > 56.700","ranger",5083,0.952,0.94682,2351,2242,0.9536,0.1009,0.0632,9.77,0.0772,0.9846,1.5
"1","homeless >   0.5 & medical_deductions <= 140.0 & months_since_cert_n >   5.5 & shelter_expenses_by_hh_size <=   5.0","ranger",883,0.95923,0.94681,425,411,0.9671,0.0185,0.0108,1.766,0.0772,0.9846,1.5
"1","rawben_rel_max >=   0.692 & unc_rawben_rel_max >=   1.040 & utilities >= 789.000","xgboost",2084,0.95489,0.94681,1556,1484,0.9537,0.0668,0.0526,6.466,0.0772,0.9846,1.5
"1","expedited_i <=   0.5 & months_since_cert_n <=   5.5 & shelter_expenses_by_hh_size <= 954.0 & utilities <=   9.5","ranger",6086,0.95153,0.9468,3265,3122,0.9562,0.1405,0.0861,13.569,0.0772,0.9846,1.5
"1","count_divisible_by_100 <= 0.500 & homeless <= 0.500 & rawben_rel_max > 0.991","ranger",14611,0.94983,0.94678,7730,7329,0.9481,0.3297,0.3012,32.124,0.0772,0.9846,1.5
"1","months_since_cert_n >=   6 & months_since_cert_n <  18 & total_deductions_by_hh_size < 209","xgboost",6847,0.95122,0.94676,3662,3477,0.9495,0.1564,0.1095,15.218,0.0772,0.9846,1.5
"1","cat_elig <= 0.5 & elderly_disabled_i <= 0.5 & expedited_i <= 0.5 & homeless <= 0.5","ranger",1093,0.95791,0.94674,588,568,0.966,0.0256,0.0102,2.444,0.0772,0.9846,1.4
"1","medical_deductions <= 105.0 & months_since_cert_n >   5.5 & total_deductions_by_hh_size <= 400.0 & utilities <=  27.5","ranger",5134,0.95189,0.94673,2710,2583,0.9531,0.1162,0.0829,11.262,0.0772,0.9846,1.4
"1","medical_deductions >   0.50 & total_deductions_by_hh_size <= 290.00 & unc_rawben_rel_max <=   1.23","ranger",924,0.95887,0.94672,436,410,0.9404,0.0184,0.0105,1.812,0.0772,0.9846,1.4
"1","months_since_cert_n <=  5.500 & rawben_rel_max >  0.991 & shelter_expenses_by_hh_size > 14.000 & unc_rawben_rel_max <=  1.960","ranger",4638,0.95213,0.94671,2310,2217,0.9597,0.0997,0.0724,9.6,0.0772,0.9846,1.4
"1","cat_elig <  1.000 & months_since_cert_n >=  4.000 & months_since_cert_n < 10.000 & rawben_rel_max <  0.124","xgboost",214,0.97196,0.9467,90,87,0.9667,0.0039,0.0016,0.374,0.0772,0.9846,1.4
"1","children_i <   1.0000 & rawben_rel_max >=   0.0928 & shelter_expenses_by_hh_size < 500.0000","xgboost",17020,0.94953,0.9467,8797,8370,0.9515,0.3766,0.2547,36.558,0.0772,0.9846,1.4
"1","percent_abawd <=   0.750 & rawben_rel_max <=   0.971 & total_deductions_by_hh_size <= 150.000 & utilities <=  14.500","ranger",3206,0.95321,0.94669,1682,1607,0.9554,0.0723,0.0368,6.99,0.0772,0.9846,1.4
"1","percent_abawd <=  1.5 & utilities <= 26.5","ranger",15205,0.94969,0.94669,7880,7489,0.9504,0.3369,0.2521,32.747,0.0772,0.9846,1.4
"1","rawben_rel_max >=    0.797 & shelter_expenses_by_hh_size < 1530.000 & utilities >=  723.000","xgboost",3565,0.95288,0.94669,2039,1931,0.947,0.0869,0.0674,8.474,0.0772,0.9846,1.4
"1","cat_elig < 1.000 & rawben_rel_max >= 0.116","xgboost",4101,0.95245,0.94668,2150,2053,0.9549,0.0924,0.0472,8.935,0.0772,0.9846,1.4
"1","cat_elig < 1.0000 & rawben_rel_max >= 0.0893 & unc_rawben_rel_max >= 0.1070","xgboost",4121,0.95244,0.94668,2160,2063,0.9551,0.0928,0.0472,8.976,0.0772,0.9846,1.4
"1","children_i <=   0.5 & expedited_i <=   0.5 & shelter_expenses_by_hh_size <= 809.0 & utilities <=   8.0","ranger",10073,0.95036,0.94668,5399,5149,0.9537,0.2316,0.1534,22.437,0.0772,0.9846,1.4
"1","medical_deductions <  14.000 & total_deductions_by_hh_size < 269.000 & unc_rawben_rel_max >=  -0.004","xgboost",18899,0.94936,0.94667,9988,9506,0.9517,0.4277,0.2676,41.508,0.0772,0.9846,1.4
"1","months_since_cert_n <   3.000 & rawben_rel_max >=   0.199 & total_deductions_by_hh_size < 459.000 & unc_rawben_rel_max <   1.240","xgboost",6070,0.9514,0.94666,3264,3118,0.9553,0.1403,0.0771,13.564,0.0772,0.9846,1.4
"1","shelter_expenses_by_hh_size >= 484 & shelter_expenses_by_hh_size < 714 & total_deductions_by_hh_size < 244 & utilities < 488","xgboost",2583,0.95393,0.94666,1327,1263,0.9518,0.0568,0.0284,5.515,0.0772,0.9846,1.4
"1","cat_elig >   0.5 & homeless <=   0.5 & medical_deductions >  96.2 & total_deductions_by_hh_size <= 290.0","ranger",601,0.96173,0.94665,296,280,0.9459,0.0126,0.0068,1.23,0.0772,0.9846,1.4
"1","cat_elig >=    2.00 & rawben_rel_max <    0.11 & shelter_expenses_by_hh_size < 1000.00","xgboost",1588,0.95592,0.94664,107,104,0.972,0.0047,0.0013,0.445,0.0772,0.9846,1.4
"1","children_i <   1.000 & total_deductions_by_hh_size < 289.000 & unc_rawben_rel_max >=  -0.016","xgboost",19614,0.94927,0.94663,10380,9871,0.951,0.4441,0.2763,43.137,0.0772,0.9846,1.4
"1","expedited_i <=  0.5 & months_since_cert_n <= 10.5 & utilities > 22.0 & utilities <= 26.0","ranger",48,1,0.94663,3,3,1,1e-04,0,0.012,0.0772,0.9846,1.4
"1","expedited_i >  0.50 & months_since_cert_n <=  4.50 & shelter_expenses_by_hh_size > 16.00 & unc_rawben_rel_max >  1.02","ranger",1216,0.95724,0.94663,555,533,0.9604,0.024,0.0187,2.306,0.0772,0.9846,1.4
"1","homeless <=   0.500 & medical_deductions <= 788.000 & rawben_rel_max >   0.991","ranger",15360,0.94961,0.94663,8168,7740,0.9476,0.3482,0.3228,33.944,0.0772,0.9846,1.4
"1","months_since_cert_n > 4.5 & total_deductions_by_hh_size > 0.1 & total_deductions_by_hh_size <= 2.8","ranger",48,1,0.94663,11,11,1,5e-04,0,0.046,0.0772,0.9846,1.4
"1","months_since_cert_n <    4.000 & rawben_rel_max >=    0.948 & shelter_expenses_by_hh_size < 1290.000 & utilities >=  875.000","xgboost",262,0.96947,0.94662,150,146,0.9733,0.0066,0.0018,0.623,0.0772,0.9846,1.4
"1","months_since_cert_n <  33.000 & rawben_rel_max <   0.357 & shelter_expenses_by_hh_size < 339.000 & utilities >=  76.000","xgboost",446,0.96413,0.94662,131,123,0.9389,0.0055,0.0034,0.544,0.0772,0.9846,1.4
"1","months_since_cert_n < 6.000 & rawben_rel_max >= 0.801","xgboost",13410,0.94981,0.94662,6923,6590,0.9519,0.2965,0.2241,28.77,0.0772,0.9846,1.4
"1","homeless <= 0.5 & unc_rawben_rel_max > 1.0","ranger",15199,0.9496,0.9466,8082,7662,0.948,0.3447,0.3184,33.587,0.0772,0.9846,1.4
"1","months_since_cert_n <= 5.500 & rawben_rel_max <= 0.947 & total_deductions_by_hh_size <= 7.800","ranger",1771,0.95539,0.9466,847,813,0.9599,0.0366,0.0163,3.52,0.0772,0.9846,1.4
"1","months_since_cert_n >   5.50 & percent_abawd <=   0.25 & total_deductions_by_hh_size <= 246.00","ranger",8738,0.95056,0.9466,4541,4301,0.9471,0.1935,0.1227,18.871,0.0772,0.9846,1.4
"1","rawben_rel_max <   0.0928 & utilities >=  30.0000 & utilities < 436.0000","xgboost",2157,0.95457,0.9466,1037,996,0.9605,0.0448,0.027,4.31,0.0772,0.9846,1.4
"1","rawben_rel_max >   0.991 & total_deductions_by_hh_size > 398.000 & unc_rawben_rel_max <=   1.930 & utilities >   8.000","ranger",7042,0.95101,0.9466,3631,3446,0.949,0.155,0.1375,15.09,0.0772,0.9846,1.4
"1","cat_elig >   1.5 & cat_elig <=   2.5 & elderly_disabled_i >   0.5 & total_deductions_by_hh_size <= 192.0","ranger",2338,0.95423,0.94658,188,182,0.9681,0.0082,0.0028,0.781,0.0772,0.9846,1.4
"1","elderly_disabled_i <   1 & months_since_cert_n >=   2 & shelter_expenses_by_hh_size < 824","xgboost",9589,0.95036,0.94658,4870,4641,0.953,0.2088,0.1646,20.239,0.0772,0.9846,1.4
"1","elderly_disabled_i >   0.500 & rawben_rel_max >   0.995 & shelter_expenses_by_hh_size >  13.000 & utilities > 696.000","ranger",2257,0.95436,0.94658,1335,1282,0.9603,0.0577,0.0393,5.548,0.0772,0.9846,1.4
"1","medical_deductions <=  0.5 & months_since_cert_n <=  5.5 & total_deductions_by_hh_size <=  2.8 & utilities > 26.0","ranger",730,0.96027,0.94658,343,326,0.9504,0.0147,0.0076,1.425,0.0772,0.9846,1.4
"1","medical_deductions <= 100.000 & rawben_rel_max <=   0.457 & total_deductions_by_hh_size <= 245.000","ranger",8753,0.95053,0.94658,4422,4190,0.9475,0.1885,0.1083,18.377,0.0772,0.9846,1.4
"1","medical_deductions > 155.000 & rawben_rel_max <=   0.325 & utilities >  14.500","ranger",622,0.96141,0.94658,265,250,0.9434,0.0112,0.0055,1.101,0.0772,0.9846,1.4
"1","months_since_cert_n < 7.000 & rawben_rel_max >= 0.838","xgboost",14172,0.94969,0.94658,7355,6993,0.9508,0.3146,0.2486,30.566,0.0772,0.9846,1.4
"1","shelter_expenses_by_hh_size > 284.00 & unc_rawben_rel_max >   1.00 & unc_rawben_rel_max <=   1.96 & utilities >   9.50","ranger",7390,0.95088,0.94658,3803,3604,0.9477,0.1621,0.1519,15.804,0.0772,0.9846,1.4
"1","cat_elig >  0.500 & children_i <=  0.500 & rawben_rel_max <=  0.273 & shelter_expenses_by_hh_size > 14.500","ranger",7798,0.95076,0.94657,3643,3453,0.9478,0.1553,0.1023,15.139,0.0772,0.9846,1.4
"1","homeless >   0.5 & medical_deductions <= 107.0","ranger",3973,0.95243,0.94656,1933,1841,0.9524,0.0828,0.0605,8.033,0.0772,0.9846,1.4
"1","months_since_cert_n < 11.000 & rawben_rel_max <  0.247 & unc_rawben_rel_max <  1.270","xgboost",6195,0.95125,0.94655,2933,2792,0.9519,0.1256,0.0811,12.189,0.0772,0.9846,1.4
"1","rawben_rel_max <    0.232 & shelter_expenses_by_hh_size < 1670.000 & total_deductions_by_hh_size <  365.000 & utilities >=  560.000","xgboost",490,0.96327,0.94655,244,227,0.9303,0.0102,0.0097,1.014,0.0772,0.9846,1.4
"1","rawben_rel_max >=  0.080 & rawben_rel_max <  0.412 & unc_rawben_rel_max >= -0.495 & utilities < 30.000","xgboost",2618,0.95378,0.94655,1598,1528,0.9562,0.0687,0.0377,6.641,0.0772,0.9846,1.4
"1","cat_elig < 2.000 & medical_deductions < 4.000 & months_since_cert_n < 4.000 & rawben_rel_max >= 0.801","xgboost",5979,0.95133,0.94654,4512,4328,0.9592,0.1947,0.1285,18.751,0.0772,0.9846,1.4
"1","elderly_disabled_i <= 0.500 & months_since_cert_n <= 5.500 & shelter_expenses_by_hh_size > 5.500 & unc_rawben_rel_max > 0.991","ranger",3197,0.95308,0.94654,1569,1506,0.9598,0.0678,0.0502,6.52,0.0772,0.9846,1.4
"1","elderly_disabled_i <= 0.500 & months_since_cert_n <= 5.500 & unc_rawben_rel_max > 0.967 & utilities > 7.500","ranger",2778,0.95356,0.94654,1349,1294,0.9592,0.0582,0.0443,5.606,0.0772,0.9846,1.4
"1","expedited_i >  0.500 & homeless >  0.500 & months_since_cert_n > 10.500 & rawben_rel_max >  0.991","ranger",81,0.98765,0.94654,45,44,0.9778,0.002,0.001,0.187,0.0772,0.9846,1.4
"1","homeless <= 0.500 & rawben_rel_max > 0.991","ranger",15374,0.94953,0.94654,8178,7749,0.9475,0.3486,0.3232,33.986,0.0772,0.9846,1.4
"1","shelter_expenses_by_hh_size >= 469 & total_deductions_by_hh_size < 376 & utilities >= 361 & utilities < 596","xgboost",4563,0.95201,0.94653,2473,2349,0.9499,0.1057,0.0535,10.277,0.0772,0.9846,1.4
"1","children_i <   1 & shelter_expenses_by_hh_size < 693 & utilities < 318","xgboost",18036,0.94927,0.94651,9151,8719,0.9528,0.3923,0.2607,38.029,0.0772,0.9846,1.4
"1","cat_elig <  1.000 & children_i <  1.000 & months_since_cert_n < 12.000 & rawben_rel_max <  0.402","xgboost",899,0.95884,0.9465,423,410,0.9693,0.0184,0.0054,1.758,0.0772,0.9846,1.4
"1","cat_elig >=   1.0 & percent_abawd <   0.5 & shelter_expenses_by_hh_size >= 205.0 & total_deductions_by_hh_size <  22.4","xgboost",2455,0.95397,0.9465,1282,1219,0.9509,0.0548,0.0251,5.328,0.0772,0.9846,1.4
"1","rawben_rel_max <   0.188 & total_deductions_by_hh_size >=   9.000 & utilities >= 361.000","xgboost",3095,0.95315,0.9465,1498,1430,0.9546,0.0643,0.043,6.225,0.0772,0.9846,1.4
"1","cat_elig <= 0.5 & count_divisible_by_100 <= 0.5 & homeless <= 0.5","ranger",3968,0.95237,0.94649,2065,1974,0.9559,0.0888,0.0442,8.582,0.0772,0.9846,1.4
"1","homeless <   1 & shelter_expenses_by_hh_size < 600 & total_deductions_by_hh_size <  47 & utilities >= 318","xgboost",962,0.95842,0.94648,529,488,0.9225,0.022,0.0177,2.198,0.0772,0.9846,1.4
"1","cat_elig >   0.5 & medical_deductions <= 116.0 & months_since_cert_n >   5.5 & total_deductions_by_hh_size <= 180.0","ranger",7219,0.95082,0.94647,3785,3571,0.9435,0.1607,0.1215,15.73,0.0772,0.9846,1.4
"1","medical_deductions <= 144.000 & shelter_expenses_by_hh_size >   5.500 & unc_rawben_rel_max <=   0.268","ranger",7940,0.95063,0.94647,3726,3540,0.9501,0.1593,0.101,15.484,0.0772,0.9846,1.4
"1","homeless <= 0.500 & unc_rawben_rel_max > 0.995","ranger",15311,0.94945,0.94646,8138,7713,0.9478,0.347,0.3211,33.82,0.0772,0.9846,1.4
"1","elderly_disabled_i <  1.000 & homeless >=  1.000 & rawben_rel_max >=  0.935 & total_deductions_by_hh_size >= 78.000","xgboost",377,0.96552,0.94644,174,172,0.9885,0.0077,0.002,0.723,0.0772,0.9846,1.4
"1","children_i <=  0.5 & months_since_cert_n >  7.5 & shelter_expenses_by_hh_size <= 14.5","ranger",2552,0.95376,0.94643,1378,1323,0.9601,0.0595,0.0433,5.727,0.0772,0.9846,1.4
"1","homeless >=   1 & months_since_cert_n >=   8 & total_deductions_by_hh_size < 154","xgboost",685,0.96058,0.94643,347,337,0.9712,0.0152,0.0074,1.442,0.0772,0.9846,1.4
"1","months_since_cert_n <   1.0 & percent_abawd <   0.5 & total_deductions_by_hh_size < 163.0 & utilities <  56.0","xgboost",982,0.95825,0.94643,478,462,0.9665,0.0208,0.0119,1.986,0.0772,0.9846,1.4
"1","months_since_cert_n <  22.0 & shelter_expenses_by_hh_size < 507.0 & unc_rawben_rel_max <   1.9","xgboost",18946,0.94912,0.94643,9665,9198,0.9517,0.4138,0.2893,40.165,0.0772,0.9846,1.4
"1","rawben_rel_max <   0.299 & utilities >= 366.000 & utilities < 956.000","xgboost",4555,0.95192,0.94643,2168,2069,0.9543,0.0931,0.0523,9.01,0.0772,0.9846,1.4
"1","cat_elig >    0.50 & homeless >    0.50 & shelter_expenses_by_hh_size <= 1020.00 & unc_rawben_rel_max <=    1.96","ranger",3388,0.95277,0.94641,1609,1528,0.9497,0.0687,0.0548,6.687,0.0772,0.9846,1.4
"1","children_i <=  0.500 & married <=  0.500 & unc_rawben_rel_max <=  0.261 & utilities > 12.500","ranger",7035,0.95082,0.9464,3284,3118,0.9495,0.1403,0.0887,13.648,0.0772,0.9846,1.4
"1","medical_deductions <= 12.5 & total_deductions_by_hh_size >  8.9 & total_deductions_by_hh_size <= 61.2 & utilities <= 14.5","ranger",706,0.96034,0.9464,382,368,0.9634,0.0166,0.0062,1.587,0.0772,0.9846,1.4
"1","cat_elig <  1.000 & months_since_cert_n < 25.000 & rawben_rel_max <  0.488 & unc_rawben_rel_max <  0.443","xgboost",1355,0.95646,0.94639,641,620,0.9672,0.0279,0.0087,2.664,0.0772,0.9846,1.4
"1","homeless <= 0.500 & rawben_rel_max <= 0.383 & utilities <= 5.000","ranger",2770,0.95343,0.94639,1401,1342,0.9579,0.0604,0.0336,5.822,0.0772,0.9846,1.4
"1","medical_deductions >  92.5 & percent_abawd <=   0.5 & total_deductions_by_hh_size <= 296.0","ranger",770,0.95974,0.94639,376,354,0.9415,0.0159,0.0102,1.563,0.0772,0.9846,1.4
"1","expedited_i >=   1.00 & percent_abawd <   0.50 & unc_rawben_rel_max >=   0.12 & utilities >= 875.00","xgboost",188,0.9734,0.94638,113,109,0.9646,0.0049,0.0022,0.47,0.0772,0.9846,1.4
"1","cat_elig < 1.000 & homeless < 1.000 & rawben_rel_max >= 0.512 & unc_rawben_rel_max < 2.520","xgboost",2589,0.95365,0.94637,1385,1323,0.9552,0.0595,0.0327,5.756,0.0772,0.9846,1.4
"1","cat_elig >=   1.00 & percent_abawd <   0.50 & rawben_rel_max <   0.32 & utilities >= 361.00","xgboost",4530,0.95188,0.94637,2236,2130,0.9526,0.0958,0.0557,9.292,0.0772,0.9846,1.4
"1","elderly_disabled_i >   0.5 & shelter_expenses_by_hh_size <=  49.5 & total_deductions_by_hh_size <= 328.0","ranger",2609,0.95362,0.94637,1322,1272,0.9622,0.0572,0.0319,5.494,0.0772,0.9846,1.4
"1","elderly_disabled_i >   0.5 & married <=   0.5 & total_deductions_by_hh_size <= 184.0 & utilities <= 490.0","ranger",8989,0.95027,0.94636,4634,4398,0.9491,0.1979,0.1131,19.258,0.0772,0.9846,1.4
"1","cat_elig <   2 & total_deductions_by_hh_size < 365 & utilities < 850","xgboost",17994,0.94909,0.94633,12524,11878,0.9484,0.5344,0.3499,52.047,0.0772,0.9846,1.4
"1","rawben_rel_max <   0.364 & shelter_expenses_by_hh_size >= 351.000 & total_deductions_by_hh_size <  18.400","xgboost",1209,0.95699,0.94633,616,581,0.9432,0.0261,0.0137,2.56,0.0772,0.9846,1.4
"1","rawben_rel_max >    0.991 & total_deductions_by_hh_size >    2.800 & total_deductions_by_hh_size <= 1200.000 & utilities >  430.000","ranger",5584,0.95129,0.94633,2932,2782,0.9488,0.1252,0.1102,12.185,0.0772,0.9846,1.4
"1","months_since_cert_n >=  20.000 & rawben_rel_max <   0.236 & shelter_expenses_by_hh_size < 730.000 & total_deductions_by_hh_size < 616.000","xgboost",705,0.96028,0.94632,334,315,0.9431,0.0142,0.0101,1.388,0.0772,0.9846,1.4
"1","months_since_cert_n < 32.000 & rawben_rel_max >=  0.080 & rawben_rel_max <  0.357 & utilities < 56.000","xgboost",3263,0.9528,0.94631,2051,1947,0.9493,0.0876,0.0559,8.523,0.0772,0.9846,1.4
"1","total_deductions_by_hh_size <  92 & utilities >= 405 & utilities < 875","xgboost",790,0.95949,0.9463,365,356,0.9753,0.016,0.0039,1.517,0.0772,0.9846,1.4
"1","children_i <= 0.500 & homeless > 0.500 & months_since_cert_n > 5.500 & rawben_rel_max > 0.991","ranger",895,0.95866,0.94626,422,407,0.9645,0.0183,0.014,1.754,0.0772,0.9846,1.4
"1","elderly_disabled_i <   1 & married <   1 & utilities < 424","xgboost",12052,0.94963,0.94626,6308,6002,0.9515,0.27,0.2212,26.215,0.0772,0.9846,1.4
"1","months_since_cert_n >  3.500 & rawben_rel_max <=  0.311 & shelter_expenses_by_hh_size > 14.500","ranger",6997,0.95069,0.94626,3534,3351,0.9482,0.1508,0.0931,14.686,0.0772,0.9846,1.4
"1","percent_abawd >   0.25 & shelter_expenses_by_hh_size >  12.50 & unc_rawben_rel_max >   0.97 & utilities > 648.00","ranger",353,0.96601,0.94626,206,195,0.9466,0.0088,0.0092,0.856,0.0772,0.9846,1.4
"1","expedited_i >  0.50 & months_since_cert_n >  4.50 & shelter_expenses_by_hh_size <= 32.50 & unc_rawben_rel_max <=  1.96","ranger",1372,0.95627,0.94625,695,669,0.9626,0.0301,0.0231,2.888,0.0772,0.9846,1.4
"1","rawben_rel_max <    0.576 & shelter_expenses_by_hh_size >= 1000.000 & unc_rawben_rel_max <   -0.016","xgboost",768,0.95964,0.94625,382,364,0.9529,0.0164,0.0147,1.587,0.0772,0.9846,1.4
"1","months_since_cert_n >= 2.000 & months_since_cert_n < 3.000 & rawben_rel_max >= 0.698 & unc_rawben_rel_max >= 0.908","xgboost",2423,0.95378,0.94624,1210,1160,0.9587,0.0522,0.0334,5.028,0.0772,0.9846,1.4
"1","cat_elig <= 0.5 & count_divisible_by_100 <= 1.5 & percent_abawd <= 0.5","ranger",4145,0.95199,0.94623,2081,1988,0.9553,0.0894,0.0458,8.648,0.0772,0.9846,1.4
"1","unc_rawben_rel_max >=   1.18 & utilities < 992.00","xgboost",14864,0.94927,0.94623,7483,7095,0.9481,0.3192,0.3041,31.098,0.0772,0.9846,1.4
"1","elderly_disabled_i <  1.000 & homeless >=  1.000 & rawben_rel_max >=  0.973 & total_deductions_by_hh_size >= 63.000","xgboost",398,0.96482,0.94622,176,174,0.9886,0.0078,0.002,0.731,0.0772,0.9846,1.4
"1","months_since_cert_n <= 19.500 & percent_abawd <=  0.500 & rawben_rel_max <=  0.991 & unc_rawben_rel_max <=  0.324","ranger",9251,0.95006,0.9462,4600,4369,0.9498,0.1966,0.1179,19.116,0.0772,0.9846,1.4
"1","rawben_rel_max <   0.092 & shelter_expenses_by_hh_size >= 351.000 & total_deductions_by_hh_size >=  18.400","xgboost",3256,0.9527,0.9462,1465,1403,0.9577,0.0631,0.0454,6.088,0.0772,0.9846,1.4
"1","elderly_disabled_i <   1.00 & months_since_cert_n <   3.00 & total_deductions_by_hh_size < 666.00 & unc_rawben_rel_max <   1.21","xgboost",2898,0.95307,0.94618,2288,2202,0.9624,0.0991,0.0562,9.508,0.0772,0.9846,1.4
"1","months_since_cert_n >= 4.000 & months_since_cert_n < 6.000 & rawben_rel_max >= 0.828","xgboost",3886,0.95214,0.94618,2005,1897,0.9461,0.0853,0.0743,8.332,0.0772,0.9846,1.4
"1","rawben_rel_max >=    0.440 & shelter_expenses_by_hh_size < 1860.000 & unc_rawben_rel_max >=   -0.016 & utilities >=  875.000","xgboost",2160,0.95417,0.94618,1452,1377,0.9483,0.0619,0.0458,6.034,0.0772,0.9846,1.4
"1","cat_elig >   1.5 & months_since_cert_n >   5.5 & total_deductions_by_hh_size <= 161.0","ranger",2320,0.95388,0.94617,238,230,0.9664,0.0103,0.0047,0.989,0.0772,0.9846,1.4
"1","cat_elig > 0.500 & elderly_disabled_i > 0.500 & months_since_cert_n > 5.500 & rawben_rel_max <= 0.392","ranger",6578,0.95074,0.94617,3282,3098,0.9439,0.1394,0.0795,13.639,0.0772,0.9846,1.4
"1","cat_elig <=   0.5 & count_divisible_by_100 <=   1.5 & months_since_cert_n >  12.5 & total_deductions_by_hh_size <= 274.0","ranger",375,0.96533,0.94616,210,204,0.9714,0.0092,0.0031,0.873,0.0772,0.9846,1.4
"1","homeless >= 1.0 & rawben_rel_max >= 0.4 & unc_rawben_rel_max >= 0.0 & unc_rawben_rel_max < 1.4","xgboost",3155,0.95277,0.94616,1624,1552,0.9557,0.0698,0.0471,6.749,0.0772,0.9846,1.4
"1","months_since_cert_n < 21.0 & total_deductions_by_hh_size < 18.4 & utilities >= 54.0","xgboost",1267,0.95659,0.94616,653,614,0.9403,0.0276,0.0178,2.714,0.0772,0.9846,1.4
"1","shelter_expenses_by_hh_size <  405.000 & total_deductions_by_hh_size < 1200.000 & unc_rawben_rel_max <   -0.184 & utilities <   27.000","xgboost",375,0.96533,0.94616,177,170,0.9605,0.0076,0.0062,0.736,0.0772,0.9846,1.4
"1","shelter_expenses_by_hh_size >= 616.000 & total_deductions_by_hh_size >=  10.000 & unc_rawben_rel_max >=   0.996 & unc_rawben_rel_max <   1.990","xgboost",6170,0.95089,0.94616,3304,3137,0.9495,0.1411,0.1233,13.731,0.0772,0.9846,1.4
"1","total_deductions_by_hh_size < 390.00 & unc_rawben_rel_max <   1.23 & utilities < 643.00","xgboost",25203,0.9485,0.94616,12978,12331,0.9501,0.5548,0.3353,53.933,0.0772,0.9846,1.4
"1","expedited_i >=   1 & total_deductions_by_hh_size < 959 & utilities < 580","xgboost",6089,0.9509,0.94614,3023,2868,0.9487,0.129,0.1135,12.563,0.0772,0.9846,1.4
"1","rawben_rel_max >=   0.08 & shelter_expenses_by_hh_size < 669.00 & total_deductions_by_hh_size < 397.00 & unc_rawben_rel_max <   0.12","xgboost",1877,0.95471,0.94614,1391,1334,0.959,0.06,0.035,5.781,0.0772,0.9846,1.4
"1","cat_elig >   0.5 & elderly_disabled_i >   0.5 & expedited_i <=   0.5 & total_deductions_by_hh_size <= 184.0","ranger",8196,0.95022,0.94612,4170,3942,0.9453,0.1773,0.1088,17.33,0.0772,0.9846,1.4
"1","months_since_cert_n <  11 & shelter_expenses_by_hh_size >= 859 & total_deductions_by_hh_size < 333","xgboost",283,0.9682,0.94612,147,145,0.9864,0.0065,0.0014,0.611,0.0772,0.9846,1.4
"1","months_since_cert_n <=  4.500 & rawben_rel_max >  0.995 & shelter_expenses_by_hh_size > 40.500 & unc_rawben_rel_max <=  2.000","ranger",3921,0.95205,0.94612,1923,1853,0.9636,0.0834,0.0544,7.992,0.0772,0.9846,1.4
"1","expedited_i <    1 & months_since_cert_n <   31 & shelter_expenses_by_hh_size < 1410 & utilities >=  819","xgboost",2417,0.95366,0.94611,1534,1455,0.9485,0.0655,0.0473,6.375,0.0772,0.9846,1.4
"1","rawben_rel_max <   0.536 & shelter_expenses_by_hh_size >= 400.000 & total_deductions_by_hh_size < 236.000","xgboost",5503,0.95112,0.94611,2768,2629,0.9498,0.1183,0.0666,11.503,0.0772,0.9846,1.4
"1","count_divisible_by_100 <=  1.5 & utilities <= 30.5","ranger",15591,0.94907,0.9461,8099,7705,0.9514,0.3466,0.2541,33.657,0.0772,0.9846,1.4
"1","shelter_expenses_by_hh_size < 896 & total_deductions_by_hh_size < 470 & utilities >= 494 & utilities < 550","xgboost",976,0.95799,0.9461,414,382,0.9227,0.0172,0.0149,1.72,0.0772,0.9846,1.4
"1","cat_elig < 1.0 & percent_abawd < 0.5","xgboost",4153,0.95184,0.94608,2090,1995,0.9545,0.0898,0.0469,8.686,0.0772,0.9846,1.4
"1","expedited_i <  1 & months_since_cert_n >=  7 & shelter_expenses_by_hh_size < 29","xgboost",2236,0.95394,0.94608,1233,1175,0.953,0.0529,0.0414,5.124,0.0772,0.9846,1.4
"1","rawben_rel_max >=   0.725 & unc_rawben_rel_max <   1.930 & utilities < 318.000","xgboost",12222,0.94944,0.94607,6260,5959,0.9519,0.2681,0.2142,26.015,0.0772,0.9846,1.4
"1","cat_elig > 0.500 & children_i <= 0.500 & rawben_rel_max <= 0.279","ranger",8881,0.95001,0.94606,4167,3943,0.9462,0.1774,0.1252,17.317,0.0772,0.9846,1.4
"1","expedited_i >= 1.0 & homeless >= 1.0 & percent_abawd >= 0.5 & unc_rawben_rel_max >= 1.2","xgboost",419,0.9642,0.94604,257,248,0.965,0.0112,0.0084,1.068,0.0772,0.9846,1.4
"1","cat_elig > 0.500 & cat_elig <= 1.500 & rawben_rel_max > 0.991","ranger",9817,0.94978,0.94603,8017,7597,0.9476,0.3418,0.322,33.317,0.0772,0.9846,1.4
"1","medical_deductions < 42.0000 & months_since_cert_n >= 11.0000 & rawben_rel_max <  0.0928","xgboost",1264,0.95649,0.94603,633,601,0.9494,0.027,0.0224,2.631,0.0772,0.9846,1.4
"1","months_since_cert_n <   7 & total_deductions_by_hh_size < 404 & utilities < 844","xgboost",15608,0.949,0.94603,7924,7563,0.9544,0.3402,0.1999,32.93,0.0772,0.9846,1.4
"1","months_since_cert_n >=   3 & shelter_expenses_by_hh_size >= 430 & shelter_expenses_by_hh_size < 621 & total_deductions_by_hh_size < 221","xgboost",2890,0.95294,0.94603,1414,1332,0.942,0.0599,0.0359,5.876,0.0772,0.9846,1.4
"1","cat_elig >  0.5 & count_divisible_by_100 <=  1.5 & elderly_disabled_i >  0.5 & shelter_expenses_by_hh_size <= 14.5","ranger",2173,0.95398,0.94601,1076,1034,0.961,0.0465,0.0266,4.472,0.0772,0.9846,1.4
"1","expedited_i <  1.000 & rawben_rel_max <  0.080 & unc_rawben_rel_max >= -0.140 & unc_rawben_rel_max <  0.972","xgboost",1078,0.95733,0.946,0,0,NA,0,0,0,0.0772,0.9846,1.4
"1","expedited_i > 0.5 & months_since_cert_n <= 5.5 & shelter_expenses_by_hh_size > 5.5 & unc_rawben_rel_max > 1.0","ranger",1386,0.95599,0.946,660,631,0.9561,0.0284,0.0246,2.743,0.0772,0.9846,1.4
"1","rawben_rel_max <   0.88 & shelter_expenses_by_hh_size < 300.00 & total_deductions_by_hh_size <   4.40","xgboost",2591,0.9533,0.946,1219,1173,0.9623,0.0528,0.0209,5.066,0.0772,0.9846,1.4
"1","married <   1 & shelter_expenses_by_hh_size < 528","xgboost",20329,0.9486,0.94599,10353,9831,0.9496,0.4423,0.3156,43.025,0.0772,0.9846,1.4
"1","months_since_cert_n <    9.00 & shelter_expenses_by_hh_size >=  880.00 & shelter_expenses_by_hh_size < 1210.00 & unc_rawben_rel_max <    0.12","xgboost",572,0.96154,0.94599,259,250,0.9653,0.0112,0.0039,1.076,0.0772,0.9846,1.4
"1","elderly_disabled_i > 0.500 & months_since_cert_n > 5.500 & unc_rawben_rel_max > 0.991 & unc_rawben_rel_max <= 1.860","ranger",3262,0.95248,0.94597,1741,1637,0.9403,0.0736,0.0724,7.235,0.0772,0.9846,1.4
"1","elderly_disabled_i >=   1.000 & rawben_rel_max >=   0.992 & shelter_expenses_by_hh_size >= 755.000 & unc_rawben_rel_max <   2.520","xgboost",3851,0.95196,0.94597,2110,2002,0.9488,0.0901,0.07,8.769,0.0772,0.9846,1.4
"1","married <    1.000 & shelter_expenses_by_hh_size < 1800.000 & unc_rawben_rel_max >=    0.962 & utilities >=  688.000","xgboost",3321,0.95242,0.94597,1827,1740,0.9524,0.0783,0.0586,7.593,0.0772,0.9846,1.4
"1","cat_elig <   1.000 & rawben_rel_max >=   0.124 & rawben_rel_max <   0.261 & total_deductions_by_hh_size < 236.000","xgboost",211,0.97156,0.94596,130,127,0.9769,0.0057,0.0012,0.54,0.0772,0.9846,1.4
"1","cat_elig >  0.500 & months_since_cert_n >  9.500 & rawben_rel_max >  0.971 & shelter_expenses_by_hh_size <= 14.500","ranger",1015,0.95764,0.94596,597,576,0.9648,0.0259,0.0184,2.481,0.0772,0.9846,1.4
"1","children_i <= 0.500 & percent_abawd <= 1.500 & rawben_rel_max <= 0.268 & utilities > 5.000","ranger",7209,0.95034,0.94596,3352,3181,0.949,0.1431,0.091,13.93,0.0772,0.9846,1.4
"1","expedited_i <   1 & shelter_expenses_by_hh_size < 939 & total_deductions_by_hh_size < 555 & utilities <  29","xgboost",10357,0.9496,0.94594,5501,5251,0.9546,0.2362,0.1531,22.861,0.0772,0.9846,1.4
"1","expedited_i <=   0.5000 & rawben_rel_max >   0.0887 & total_deductions_by_hh_size <= 189.0000","ranger",11944,0.94935,0.94594,6430,6096,0.9481,0.2742,0.183,26.722,0.0772,0.9846,1.4
"1","rawben_rel_max <   0.268 & shelter_expenses_by_hh_size >= 476.000 & utilities >=  41.000","xgboost",4689,0.95138,0.94594,2230,2127,0.9538,0.0957,0.0622,9.267,0.0772,0.9846,1.4
"1","cat_elig >   1.5 & elderly_disabled_i >   0.5 & shelter_expenses_by_hh_size <= 504.0 & utilities <=  30.5","ranger",1159,0.95686,0.94593,71,69,0.9718,0.0031,8e-04,0.295,0.0772,0.9846,1.4
"1","percent_abawd >=   1.00 & total_deductions_by_hh_size < 650.00 & unc_rawben_rel_max <   1.46 & utilities < 580.00","xgboost",3515,0.9522,0.94593,2027,1934,0.9541,0.087,0.0653,8.424,0.0772,0.9846,1.4
"1","cat_elig >=   1.000 & months_since_cert_n <   2.000 & rawben_rel_max >=   0.892 & utilities < 580.000","xgboost",2924,0.9528,0.94592,1529,1461,0.9555,0.0657,0.0523,6.354,0.0772,0.9846,1.4
"1","shelter_expenses_by_hh_size >= 460.00 & total_deductions_by_hh_size >= 170.00 & unc_rawben_rel_max >=   1.18 & unc_rawben_rel_max <   1.90","xgboost",4100,0.95171,0.9459,2499,2368,0.9476,0.1065,0.1041,10.385,0.0772,0.9846,1.4
"1","expedited_i >=   1 & total_deductions_by_hh_size < 809","xgboost",6602,0.95047,0.94589,3277,3113,0.95,0.14,0.1175,13.618,0.0772,0.9846,1.4
"1","months_since_cert_n >   5.5 & total_deductions_by_hh_size <= 420.0 & utilities <=   8.0","ranger",5247,0.95102,0.94588,2767,2636,0.9527,0.1186,0.0859,11.499,0.0772,0.9846,1.4
"1","shelter_expenses_by_hh_size >= 305 & total_deductions_by_hh_size < 190 & utilities < 340","xgboost",3040,0.95263,0.94588,1318,1244,0.9439,0.056,0.0319,5.477,0.0772,0.9846,1.4
"1","children_i <=   0.5 & homeless <=   0.5 & medical_deductions <=   4.5 & shelter_expenses_by_hh_size <= 560.0","ranger",16760,0.94875,0.94587,8738,8293,0.9491,0.3731,0.2621,36.313,0.0772,0.9846,1.4
"1","expedited_i <  1.000 & months_since_cert_n <  1.000 & rawben_rel_max >=  0.464 & total_deductions_by_hh_size < 92.000","xgboost",635,0.96063,0.94586,328,319,0.9726,0.0144,0.0077,1.363,0.0772,0.9846,1.4
"1","children_i <= 0.500 & expedited_i <= 0.500 & married <= 0.500 & unc_rawben_rel_max > 0.991","ranger",12226,0.94921,0.94584,6560,6228,0.9494,0.2802,0.2452,27.262,0.0772,0.9846,1.4
"1","homeless <=   0.50 & medical_deductions >   0.50 & total_deductions_by_hh_size <= 290.00 & unc_rawben_rel_max <=   1.23","ranger",888,0.95833,0.94584,420,395,0.9405,0.0178,0.01,1.745,0.0772,0.9846,1.4
"1","cat_elig >=   1.000 & rawben_rel_max <   0.084 & total_deductions_by_hh_size < 347.000 & utilities < 298.000","xgboost",1564,0.95524,0.94583,685,658,0.9606,0.0296,0.0158,2.847,0.0772,0.9846,1.4
"1","medical_deductions < 156 & months_since_cert_n <  10 & percent_abawd <   1 & total_deductions_by_hh_size < 340","xgboost",14945,0.94888,0.94583,7461,7119,0.9542,0.3203,0.1879,31.006,0.0772,0.9846,1.4
"1","elderly_disabled_i <=   0.500 & rawben_rel_max >   0.967 & utilities > 460.000","ranger",2225,0.95371,0.94581,1074,1023,0.9525,0.046,0.0389,4.463,0.0772,0.9846,1.4
"1","elderly_disabled_i > 0.500 & medical_deductions <= 1.500 & rawben_rel_max <= 0.401","ranger",9891,0.94955,0.94581,4896,4643,0.9483,0.2089,0.1137,20.347,0.0772,0.9846,1.4
"1","months_since_cert_n <    2 & shelter_expenses_by_hh_size < 1860 & utilities <  302","xgboost",4113,0.95162,0.94581,1995,1902,0.9534,0.0856,0.0585,8.291,0.0772,0.9846,1.4
"1","cat_elig >=   2 & homeless >=   1 & shelter_expenses_by_hh_size < 697","xgboost",1401,0.95575,0.94579,87,87,1,0.0039,0,0.362,0.0772,0.9846,1.4
"1","count_divisible_by_100 >  0.500 & elderly_disabled_i <=  0.500 & rawben_rel_max >  0.996 & total_deductions_by_hh_size > 55.500","ranger",417,0.96403,0.94579,261,243,0.931,0.0109,0.0149,1.085,0.0772,0.9846,1.4
"1","cat_elig >   0.5 & children_i <=   0.5 & elderly_disabled_i >   0.5 & total_deductions_by_hh_size <= 184.0","ranger",8701,0.94978,0.94578,4419,4179,0.9457,0.188,0.1156,18.364,0.0772,0.9846,1.4
"1","percent_abawd <   0.500 & rawben_rel_max <   0.116 & shelter_expenses_by_hh_size >= 400.000 & total_deductions_by_hh_size >=   9.000","xgboost",3388,0.95218,0.94578,1571,1498,0.9535,0.0674,0.0458,6.529,0.0772,0.9846,1.4
"1","shelter_expenses_by_hh_size <  460.00 & total_deductions_by_hh_size < 1200.00 & unc_rawben_rel_max >=   -0.14 & utilities <  789.00","xgboost",17358,0.94861,0.94578,9058,8614,0.951,0.3875,0.2709,37.643,0.0772,0.9846,1.4
"1","cat_elig <=  0.5 & children_i <=  0.5 & expedited_i <=  0.5 & months_since_cert_n <= 25.5","ranger",3426,0.95213,0.94577,1759,1685,0.9579,0.0758,0.0316,7.31,0.0772,0.9846,1.4
"1","children_i <=   0.500 & expedited_i <=   0.500 & medical_deductions <= 132.000 & rawben_rel_max >   0.991","ranger",11943,0.94918,0.94577,6457,6139,0.9508,0.2762,0.2323,26.834,0.0772,0.9846,1.4
"1","medical_deductions < 144.00 & months_since_cert_n >=   9.00 & unc_rawben_rel_max <   1.86 & utilities >= 956.00","xgboost",439,0.96355,0.94577,409,394,0.9633,0.0177,0.0089,1.7,0.0772,0.9846,1.4
"1","months_since_cert_n < 29.000 & rawben_rel_max <  0.288","xgboost",9731,0.94954,0.94577,4676,4437,0.9489,0.1996,0.1317,19.432,0.0772,0.9846,1.4
"1","total_deductions_by_hh_size >  8.9 & total_deductions_by_hh_size <= 61.2 & utilities <= 14.5","ranger",719,0.95967,0.94577,387,373,0.9638,0.0168,0.0062,1.608,0.0772,0.9846,1.4
"1","cat_elig <   2 & utilities >= 784 & utilities < 992","xgboost",2481,0.95324,0.94576,2104,1925,0.9149,0.0866,0.1004,8.744,0.0772,0.9846,1.4
"1","cat_elig < 2.000 & months_since_cert_n < 2.000 & percent_abawd >= 0.500 & rawben_rel_max >= 0.351","xgboost",761,0.95926,0.94576,617,592,0.9595,0.0266,0.0156,2.564,0.0772,0.9846,1.4
"1","months_since_cert_n <  1.000 & rawben_rel_max >=  0.992 & shelter_expenses_by_hh_size >= 29.000 & utilities >= 48.000","xgboost",548,0.96168,0.94576,262,252,0.9618,0.0113,0.0068,1.089,0.0772,0.9846,1.4
"1","cat_elig <   2.000 & medical_deductions < 132.000 & rawben_rel_max >=   0.844 & unc_rawben_rel_max <   1.810","xgboost",13079,0.949,0.94574,9719,9226,0.9493,0.4151,0.3279,40.39,0.0772,0.9846,1.4
"1","total_deductions_by_hh_size < 1100.000 & unc_rawben_rel_max >=    0.852 & utilities >=  612.000","xgboost",4127,0.95154,0.94574,2506,2354,0.9393,0.1059,0.0948,10.414,0.0772,0.9846,1.4
"1","children_i <= 0.500 & rawben_rel_max <= 0.268 & utilities > 5.000","ranger",7215,0.9501,0.94572,3354,3183,0.949,0.1432,0.091,13.938,0.0772,0.9846,1.4
"1","shelter_expenses_by_hh_size < 514 & utilities < 875","xgboost",20165,0.94833,0.9457,10226,9714,0.9499,0.437,0.3123,42.497,0.0772,0.9846,1.4
"1","expedited_i >=    1 & shelter_expenses_by_hh_size < 1750 & total_deductions_by_hh_size < 1020","xgboost",6789,0.95021,0.94569,3382,3206,0.948,0.1442,0.1257,14.055,0.0772,0.9846,1.4
"1","medical_deductions > 168.00 & unc_rawben_rel_max >   1.00 & unc_rawben_rel_max <=   1.93 & utilities >   9.50","ranger",135,0.97778,0.94569,60,59,0.9833,0.0027,0.001,0.249,0.0772,0.9846,1.4
"1","medical_deductions < 139.000 & unc_rawben_rel_max >=  -0.016 & utilities <  32.000","xgboost",14538,0.94875,0.94566,7609,7237,0.9511,0.3256,0.2384,31.621,0.0772,0.9846,1.4
"1","cat_elig >=   2.000 & expedited_i <   1.000 & unc_rawben_rel_max <   0.271 & utilities < 534.000","xgboost",2119,0.95375,0.94565,185,179,0.9676,0.0081,0.0038,0.769,0.0772,0.9846,1.4
"1","expedited_i >=   1 & total_deductions_by_hh_size < 803 & utilities < 875","xgboost",6437,0.95029,0.94564,3205,3044,0.9498,0.1369,0.1163,13.319,0.0772,0.9846,1.4
"1","children_i < 1.000 & medical_deductions < 3.000 & rawben_rel_max < 0.268","xgboost",7910,0.94981,0.94562,3707,3516,0.9485,0.1582,0.1112,15.405,0.0772,0.9846,1.4
"1","married <   1 & total_deductions_by_hh_size < 372","xgboost",25754,0.94793,0.94561,13286,12611,0.9492,0.5673,0.3625,55.213,0.0772,0.9846,1.4
"1","months_since_cert_n >=    5 & shelter_expenses_by_hh_size >=   29 & shelter_expenses_by_hh_size < 2090 & total_deductions_by_hh_size <  154","xgboost",4641,0.95109,0.94561,2457,2309,0.9398,0.1039,0.0681,10.211,0.0772,0.9846,1.4
"1","total_deductions_by_hh_size < 379.00 & unc_rawben_rel_max <   1.27","xgboost",25438,0.94795,0.94561,13137,12479,0.9499,0.5614,0.3443,54.594,0.0772,0.9846,1.4
"1","rawben_rel_max <  0.304 & total_deductions_by_hh_size < 18.400 & unc_rawben_rel_max >=  0.000","xgboost",2335,0.95332,0.9456,1143,1085,0.9493,0.0488,0.0235,4.75,0.0772,0.9846,1.4
"1","cat_elig >   0.5 & expedited_i <=   0.5 & percent_abawd <=   1.5 & total_deductions_by_hh_size <= 246.0","ranger",14726,0.94866,0.94559,7748,7351,0.9488,0.3307,0.2132,32.199,0.0772,0.9846,1.4
"1","cat_elig <= 0.50 & homeless <= 0.50 & unc_rawben_rel_max <= 2.61","ranger",4153,0.95136,0.94557,2159,2063,0.9555,0.0928,0.0465,8.972,0.0772,0.9846,1.4
"1","cat_elig <  1.000 & rawben_rel_max <  0.711 & unc_rawben_rel_max >= -0.016 & unc_rawben_rel_max <  0.000","xgboost",47,1,0.94556,18,16,0.8889,7e-04,0.0012,0.075,0.0772,0.9846,1.4
"1","cat_elig <=  1.50 & homeless >  0.50 & percent_abawd >  0.25 & total_deductions_by_hh_size <= 53.10","ranger",481,0.96258,0.94556,406,396,0.9754,0.0178,0.0094,1.687,0.0772,0.9846,1.4
"1","cat_elig >   0.5 & expedited_i <=   0.5 & total_deductions_by_hh_size <= 246.0","ranger",14736,0.94863,0.94555,7761,7364,0.9488,0.3313,0.2132,32.253,0.0772,0.9846,1.4
"1","cat_elig < 1.00 & homeless < 1.00 & unc_rawben_rel_max < 2.52","xgboost",4151,0.95134,0.94554,2159,2063,0.9555,0.0928,0.0465,8.972,0.0772,0.9846,1.4
"1","cat_elig >  0.5 & elderly_disabled_i >  0.5 & shelter_expenses_by_hh_size <= 13.0","ranger",2174,0.95354,0.94554,1078,1036,0.961,0.0466,0.0266,4.48,0.0772,0.9846,1.4
"1","cat_elig <=  0.5 & homeless <=  0.5 & months_since_cert_n <= 11.5 & percent_abawd <=  0.5","ranger",2942,0.95241,0.94553,1509,1443,0.9563,0.0649,0.0327,6.271,0.0772,0.9846,1.4
"1","cat_elig >   0.500 & medical_deductions >   3.500 & total_deductions_by_hh_size > 302.000 & unc_rawben_rel_max <=   0.311","ranger",945,0.95767,0.94553,410,390,0.9512,0.0175,0.0078,1.704,0.0772,0.9846,1.4
"1","children_i <=   0.5 & married <=   0.5 & months_since_cert_n >   5.5 & total_deductions_by_hh_size <= 288.0","ranger",10279,0.94922,0.94553,5416,5126,0.9465,0.2306,0.1531,22.508,0.0772,0.9846,1.4
"1","medical_deductions <  19.000 & unc_rawben_rel_max <   0.271 & utilities < 511.000","xgboost",6827,0.95005,0.94553,3105,2942,0.9475,0.1324,0.0895,12.904,0.0772,0.9846,1.4
"1","months_since_cert_n >=   1.00 & rawben_rel_max <   0.08 & total_deductions_by_hh_size < 112.00 & utilities <  49.00","xgboost",437,0.96339,0.94553,0,0,NA,0,0,0,0.0772,0.9846,1.4
"1","total_deductions_by_hh_size >= 538 & total_deductions_by_hh_size < 720 & utilities >= 789","xgboost",1475,0.95525,0.94553,1028,962,0.9358,0.0433,0.0417,4.272,0.0772,0.9846,1.4
"1","cat_elig <   2 & count_divisible_by_100 <   1 & total_deductions_by_hh_size <  82 & utilities >= 388","xgboost",524,0.96183,0.94552,418,405,0.9689,0.0182,0.0055,1.737,0.0772,0.9846,1.4
"1","unc_rawben_rel_max >=   0.43 & utilities >= 850.00 & utilities < 912.00","xgboost",1555,0.95498,0.94552,557,516,0.9264,0.0232,0.0258,2.315,0.0772,0.9846,1.4
"1","cat_elig <   2.00 & months_since_cert_n <   4.00 & unc_rawben_rel_max <   1.42 & utilities < 339.00","xgboost",5769,0.95042,0.94551,3927,3740,0.9524,0.1683,0.1078,16.32,0.0772,0.9846,1.4
"1","count_divisible_by_100 <    1.000 & rawben_rel_max >=    0.988 & shelter_expenses_by_hh_size < 1460.000","xgboost",17158,0.94836,0.94551,8839,8401,0.9504,0.3779,0.3166,36.733,0.0772,0.9846,1.4
"1","months_since_cert_n <  11.000 & rawben_rel_max <   0.268 & shelter_expenses_by_hh_size >= 476.000 & utilities >=  41.000","xgboost",3214,0.95208,0.9455,1504,1434,0.9535,0.0645,0.0415,6.25,0.0772,0.9846,1.4
"1","rawben_rel_max <=    0.277 & shelter_expenses_by_hh_size >    5.500 & shelter_expenses_by_hh_size <= 1780.000 & utilities >   30.500","ranger",7053,0.94995,0.9455,3338,3161,0.947,0.1422,0.0903,13.872,0.0772,0.9846,1.4
"1","rawben_rel_max >=   0.688 & unc_rawben_rel_max <   1.480 & utilities < 361.000","xgboost",12358,0.94886,0.9455,6290,5984,0.9514,0.2692,0.2038,26.14,0.0772,0.9846,1.4
"1","cat_elig > 0.5 & children_i <= 0.5 & medical_deductions <= 4.5 & utilities <= 8.0","ranger",12334,0.94884,0.94548,6446,6129,0.9508,0.2757,0.2084,26.788,0.0772,0.9846,1.4
"1","children_i <=  0.500 & elderly_disabled_i >  0.500 & rawben_rel_max <=  0.325 & utilities > 30.500","ranger",7432,0.94981,0.94548,3628,3438,0.9476,0.1547,0.0836,15.077,0.0772,0.9846,1.4
"1","rawben_rel_max <=    0.344 & shelter_expenses_by_hh_size <= 1720.000 & total_deductions_by_hh_size <=  650.000 & unc_rawben_rel_max <=    0.991","ranger",10705,0.94909,0.94548,5244,4967,0.9472,0.2235,0.1383,21.793,0.0772,0.9846,1.4
"1","married <=   0.5 & shelter_expenses_by_hh_size <= 562.0","ranger",21520,0.948,0.94546,10977,10410,0.9483,0.4683,0.3373,45.618,0.0772,0.9846,1.4
"1","cat_elig <= 0.500 & rawben_rel_max <= 0.993 & unc_rawben_rel_max <= 0.416","ranger",1372,0.95554,0.94545,669,648,0.9686,0.0292,0.0087,2.78,0.0772,0.9846,1.4
"1","children_i <=    0.500 & rawben_rel_max <=    0.325 & shelter_expenses_by_hh_size <= 2240.000 & unc_rawben_rel_max <=    0.991","ranger",11001,0.949,0.94544,5394,5121,0.9494,0.2304,0.1398,22.416,0.0772,0.9846,1.4
"1","months_since_cert_n <   6.000 & rawben_rel_max <   0.264 & total_deductions_by_hh_size < 657.000","xgboost",3658,0.95161,0.94544,1625,1550,0.9538,0.0697,0.042,6.753,0.0772,0.9846,1.4
"1","count_divisible_by_100 <=   1.5 & married <=   0.5 & months_since_cert_n >   5.5 & total_deductions_by_hh_size <= 275.0","ranger",10088,0.94915,0.94543,5319,5040,0.9475,0.2267,0.1487,22.104,0.0772,0.9846,1.4
"1","homeless <=  0.500 & married <=  0.500 & rawben_rel_max <=  0.268 & utilities > 30.500","ranger",6872,0.94994,0.94543,3218,3053,0.9487,0.1373,0.0859,13.373,0.0772,0.9846,1.4
"1","cat_elig >=   2.000 & medical_deductions < 140.000 & rawben_rel_max >=   0.804 & unc_rawben_rel_max <   1.770","xgboost",6411,0.95009,0.94542,523,505,0.9656,0.0227,0.0101,2.173,0.0772,0.9846,1.4
"1","homeless > 0.5 & months_since_cert_n > 4.5 & utilities <= 9.5","ranger",1209,0.95616,0.94541,588,565,0.9609,0.0254,0.017,2.444,0.0772,0.9846,1.4
"1","homeless <=   0.500 & medical_deductions >  96.200 & total_deductions_by_hh_size > 290.000 & unc_rawben_rel_max <=   0.309","ranger",984,0.95732,0.9454,435,417,0.9586,0.0188,0.0066,1.808,0.0772,0.9846,1.4
"1","medical_deductions >   3.5 & medical_deductions <= 140.0 & total_deductions_by_hh_size <= 146.0","ranger",414,0.96377,0.9454,200,190,0.95,0.0085,0.0058,0.831,0.0772,0.9846,1.4
"1","expedited_i <    1.000 & shelter_expenses_by_hh_size >= 1210.000 & shelter_expenses_by_hh_size < 1510.000 & unc_rawben_rel_max <   -0.004","xgboost",256,0.96875,0.94539,127,121,0.9528,0.0054,0.0068,0.528,0.0772,0.9846,1.4
"1","months_since_cert_n < 22.000 & unc_rawben_rel_max <  0.302","xgboost",9436,0.94924,0.94539,4558,4320,0.9478,0.1943,0.131,18.942,0.0772,0.9846,1.4
"1","cat_elig <=   1.500 & rawben_rel_max >   0.991 & shelter_expenses_by_hh_size >  14.500 & utilities > 426.000","ranger",4563,0.95091,0.94538,3268,3087,0.9446,0.1389,0.1336,13.581,0.0772,0.9846,1.4
"1","married <=    0.5 & months_since_cert_n >    5.5 & shelter_expenses_by_hh_size <= 1810.0 & utilities >  868.0","ranger",1531,0.95493,0.94538,1021,964,0.9442,0.0434,0.0357,4.243,0.0772,0.9846,1.4
"1","medical_deductions < 157.000 & months_since_cert_n <  31.000 & rawben_rel_max >=   0.668 & utilities < 287.000","xgboost",12159,0.94876,0.94537,6222,5933,0.9536,0.2669,0.2046,25.857,0.0772,0.9846,1.4
"1","medical_deductions >  92.000 & rawben_rel_max <=   0.349 & total_deductions_by_hh_size > 162.000","ranger",1370,0.95547,0.94537,622,589,0.9469,0.0265,0.0117,2.585,0.0772,0.9846,1.4
"1","cat_elig >  0.5 & children_i <=  0.5 & homeless >  0.5 & months_since_cert_n <= 13.5","ranger",3167,0.95201,0.94536,1577,1499,0.9505,0.0674,0.0531,6.554,0.0772,0.9846,1.4
"1","medical_deductions < 116.000 & unc_rawben_rel_max <   0.168 & utilities < 670.000","xgboost",4947,0.95068,0.94536,2381,2268,0.9525,0.102,0.0725,9.895,0.0772,0.9846,1.4
"1","cat_elig <=   1.50 & elderly_disabled_i >   0.50 & unc_rawben_rel_max <=   3.27 & utilities > 847.00","ranger",1949,0.95382,0.94535,1989,1874,0.9422,0.0843,0.0679,8.266,0.0772,0.9846,1.4
"1","children_i <= 0.500 & expedited_i <= 0.500 & rawben_rel_max <= 0.344","ranger",11248,0.94888,0.94535,5481,5195,0.9478,0.2337,0.1389,22.778,0.0772,0.9846,1.4
"1","cat_elig >  0.50 & homeless >  0.50 & percent_abawd >  0.25 & total_deductions_by_hh_size <= 55.50","ranger",650,0.96,0.94533,397,386,0.9723,0.0174,0.01,1.65,0.0772,0.9846,1.4
"1","rawben_rel_max <= 0.299 & unc_rawben_rel_max <= 1.970","ranger",10429,0.94899,0.94533,5018,4757,0.948,0.214,0.1415,20.854,0.0772,0.9846,1.4
"1","total_deductions_by_hh_size < 92.000 & unc_rawben_rel_max <  0.302 & utilities >= 29.000","xgboost",2931,0.95223,0.94533,1423,1343,0.9438,0.0604,0.0338,5.914,0.0772,0.9846,1.4
"1","children_i <=   0.500 & rawben_rel_max <=   0.268 & total_deductions_by_hh_size >   7.800 & utilities > 360.000","ranger",3902,0.95131,0.94532,1881,1802,0.958,0.0811,0.0469,7.817,0.0772,0.9846,1.4
"1","total_deductions_by_hh_size >=   40 & total_deductions_by_hh_size < 1230 & unc_rawben_rel_max <    0","xgboost",2794,0.9524,0.94532,1294,1225,0.9467,0.0551,0.0519,5.378,0.0772,0.9846,1.4
"1","shelter_expenses_by_hh_size >= 1070.00 & total_deductions_by_hh_size >=  692.00 & unc_rawben_rel_max >=    1.01","xgboost",3125,0.952,0.94531,1783,1692,0.949,0.0761,0.0683,7.41,0.0772,0.9846,1.4
"1","months_since_cert_n >=  17 & shelter_expenses_by_hh_size < 593 & total_deductions_by_hh_size < 174 & utilities <  44","xgboost",941,0.95749,0.9453,470,450,0.9574,0.0202,0.011,1.953,0.0772,0.9846,1.4
"1","months_since_cert_n >=  6 & months_since_cert_n < 28 & shelter_expenses_by_hh_size < 54","xgboost",3746,0.95141,0.9453,1992,1903,0.9553,0.0856,0.0673,8.278,0.0772,0.9846,1.4
"1","rawben_rel_max >=   0.0928 & rawben_rel_max <   0.2720 & total_deductions_by_hh_size < 205.0000 & utilities < 412.0000","xgboost",2558,0.9527,0.9453,1213,1140,0.9398,0.0513,0.0302,5.041,0.0772,0.9846,1.4
"1","rawben_rel_max >=   0.828 & unc_rawben_rel_max <   2.520 & utilities >= 688.000","xgboost",4364,0.95096,0.9453,2458,2328,0.9471,0.1047,0.0844,10.215,0.0772,0.9846,1.4
"1","cat_elig <   2.00 & rawben_rel_max <   0.24 & shelter_expenses_by_hh_size < 228.00 & utilities < 298.00","xgboost",982,0.95723,0.94529,616,583,0.9464,0.0262,0.0237,2.56,0.0772,0.9846,1.4
"1","cat_elig <   2 & medical_deductions <   4 & total_deductions_by_hh_size < 729 & utilities >= 680","xgboost",2085,0.95348,0.94528,1492,1382,0.9263,0.0622,0.0636,6.2,0.0772,0.9846,1.4
"1","medical_deductions <= 3.500 & months_since_cert_n > 6.500 & unc_rawben_rel_max > 0.998 & unc_rawben_rel_max <= 1.960","ranger",5553,0.9503,0.94528,3003,2830,0.9424,0.1273,0.1355,12.48,0.0772,0.9846,1.4
"1","months_since_cert_n <   33.000 & total_deductions_by_hh_size < 1100.000 & unc_rawben_rel_max >=    0.852 & utilities >=  612.000","xgboost",3957,0.95123,0.94528,2443,2295,0.9394,0.1032,0.0915,10.153,0.0772,0.9846,1.4
"1","percent_abawd >=   0.5 & shelter_expenses_by_hh_size < 764.0 & utilities < 412.0","xgboost",3551,0.95156,0.94528,2021,1934,0.957,0.087,0.0631,8.399,0.0772,0.9846,1.4
"1","expedited_i <=   0.50 & months_since_cert_n >  11.50 & unc_rawben_rel_max <=   1.93 & utilities > 790.00","ranger",1226,0.95595,0.94527,1021,955,0.9354,0.043,0.0338,4.243,0.0772,0.9846,1.4
"1","cat_elig <= 0.500 & children_i <= 0.500 & rawben_rel_max <= 0.993 & unc_rawben_rel_max <= 0.416","ranger",1367,0.95538,0.94526,663,644,0.9713,0.029,0.0073,2.755,0.0772,0.9846,1.4
"1","months_since_cert_n >=   1.000 & rawben_rel_max <   0.312 & shelter_expenses_by_hh_size >= 277.000 & utilities < 676.000","xgboost",7231,0.94966,0.94526,3579,3398,0.9494,0.1529,0.0896,14.873,0.0772,0.9846,1.4
"1","cat_elig <= 0.5 & homeless <= 0.5 & married <= 0.5","ranger",4128,0.95107,0.94524,2149,2053,0.9553,0.0924,0.0465,8.931,0.0772,0.9846,1.4
"1","months_since_cert_n <    9.00 & rawben_rel_max >=    0.64 & shelter_expenses_by_hh_size < 1240.00 & total_deductions_by_hh_size <  620.00","xgboost",13557,0.94844,0.94523,6571,6267,0.9537,0.2819,0.1887,27.307,0.0772,0.9846,1.4
"1","medical_deductions <  170.000 & rawben_rel_max <    0.476 & shelter_expenses_by_hh_size < 1530.000 & total_deductions_by_hh_size <  274.000","xgboost",9936,0.94897,0.94522,5007,4743,0.9473,0.2134,0.1229,20.808,0.0772,0.9846,1.4
"1","months_since_cert_n <    7.00 & shelter_expenses_by_hh_size < 1110.00 & unc_rawben_rel_max >=    1.64 & utilities >=  612.00","xgboost",478,0.96234,0.94522,255,246,0.9647,0.0111,0.006,1.06,0.0772,0.9846,1.4
"1","cat_elig >=   1 & cat_elig <   2 & utilities >= 850","xgboost",2102,0.95338,0.94521,2253,2104,0.9339,0.0947,0.0913,9.363,0.0772,0.9846,1.4
"1","rawben_rel_max <=   0.971 & total_deductions_by_hh_size <= 104.000 & utilities <=   5.000","ranger",2944,0.95211,0.94521,1512,1457,0.9636,0.0655,0.0276,6.284,0.0772,0.9846,1.4
"1","rawben_rel_max >=  0.188 & utilities < 30.000","xgboost",13761,0.9484,0.94521,7284,6923,0.9504,0.3115,0.2311,30.271,0.0772,0.9846,1.4
"1","unc_rawben_rel_max < 0.302","xgboost",10463,0.94887,0.94521,5018,4757,0.948,0.214,0.1415,20.854,0.0772,0.9846,1.4
"1","cat_elig <   1.000 & children_i <   1.000 & rawben_rel_max >=   0.787 & utilities >= 469.000","xgboost",301,0.96678,0.9452,79,77,0.9747,0.0035,0.001,0.328,0.0772,0.9846,1.4
"1","cat_elig > 1.500 & elderly_disabled_i > 0.500 & rawben_rel_max <= 0.249 & total_deductions_by_hh_size > 8.900","ranger",1785,0.95406,0.9452,109,106,0.9725,0.0048,0.002,0.453,0.0772,0.9846,1.4
"1","elderly_disabled_i >    0.500 & rawben_rel_max >    0.991 & total_deductions_by_hh_size > 1350.000 & unc_rawben_rel_max <=    2.560","ranger",301,0.96678,0.9452,179,174,0.9721,0.0078,0.0043,0.744,0.0772,0.9846,1.4
"1","medical_deductions <  16.00 & rawben_rel_max <   0.08 & shelter_expenses_by_hh_size < 841.00 & utilities < 424.00","xgboost",1062,0.95669,0.9452,0,0,NA,0,0,0,0.0772,0.9846,1.4
"1","cat_elig < 1.0 & months_since_cert_n < 1.0 & unc_rawben_rel_max < 1.9","xgboost",456,0.96272,0.94518,219,208,0.9498,0.0094,0.0047,0.91,0.0772,0.9846,1.4
"1","rawben_rel_max >=   0.188 & rawben_rel_max <   0.320 & shelter_expenses_by_hh_size < 425.000 & utilities <  63.000","xgboost",1345,0.95539,0.94518,800,764,0.955,0.0344,0.0169,3.325,0.0772,0.9846,1.4
"1","cat_elig >=  1.000 & rawben_rel_max >=  0.787 & utilities < 80.000","xgboost",9529,0.949,0.94516,4985,4746,0.9521,0.2135,0.1811,20.716,0.0772,0.9846,1.4
"1","elderly_disabled_i > 0.500 & homeless <= 0.500 & rawben_rel_max <= 0.384","ranger",11284,0.94869,0.94516,5517,5229,0.9478,0.2352,0.125,22.927,0.0772,0.9846,1.4
"1","months_since_cert_n <   3.000 & rawben_rel_max >=   0.199 & total_deductions_by_hh_size < 459.000","xgboost",6533,0.94979,0.94516,3444,3291,0.9556,0.1481,0.0834,14.312,0.0772,0.9846,1.4
"1","married <=   0.5 & months_since_cert_n >   5.5 & total_deductions_by_hh_size <= 275.0","ranger",10093,0.94888,0.94515,5323,5042,0.9472,0.2268,0.1503,22.121,0.0772,0.9846,1.4
"1","elderly_disabled_i >    0.50 & shelter_expenses_by_hh_size <= 1180.00 & total_deductions_by_hh_size <=  242.00 & unc_rawben_rel_max <=    1.24","ranger",11354,0.94865,0.94514,5827,5528,0.9487,0.2487,0.1394,24.216,0.0772,0.9846,1.4
"1","expedited_i <=   0.500 & rawben_rel_max <=   0.477 & shelter_expenses_by_hh_size >   5.500 & shelter_expenses_by_hh_size <= 560.000","ranger",6416,0.94981,0.94514,3152,2961,0.9394,0.1332,0.0829,13.099,0.0772,0.9846,1.4
"1","homeless >  0.50 & total_deductions_by_hh_size <= 54.60 & unc_rawben_rel_max >  1.29 & utilities <=  8.00","ranger",159,0.97484,0.94514,47,46,0.9787,0.0021,0.001,0.195,0.0772,0.9846,1.4
"1","medical_deductions < 135.0000 & rawben_rel_max <   0.0928","xgboost",4582,0.95068,0.94514,2267,2161,0.9532,0.0972,0.0731,9.421,0.0772,0.9846,1.4
"1","elderly_disabled_i >   0.5 & homeless <=   0.5 & medical_deductions <= 366.0 & shelter_expenses_by_hh_size <=   5.0","ranger",2020,0.95347,0.94513,1039,1001,0.9634,0.045,0.0238,4.318,0.0772,0.9846,1.4
"1","married <= 0.500 & percent_abawd <= 0.500 & unc_rawben_rel_max <= 0.344","ranger",11240,0.94867,0.94513,5477,5190,0.9476,0.2335,0.1407,22.761,0.0772,0.9846,1.4
"1","percent_abawd <=   0.250 & rawben_rel_max <=   0.272 & total_deductions_by_hh_size >  53.600 & utilities > 278.000","ranger",4214,0.95088,0.94511,1960,1874,0.9561,0.0843,0.0512,8.145,0.0772,0.9846,1.4
"1","months_since_cert_n < 12.00 & shelter_expenses_by_hh_size >= 29.00 & unc_rawben_rel_max < -0.56","xgboost",626,0.96006,0.94509,300,289,0.9633,0.013,0.0095,1.247,0.0772,0.9846,1.4
"1","cat_elig >  0.5 & children_i <=  0.5 & medical_deductions <=  0.5 & utilities <= 26.5","ranger",12431,0.94844,0.94507,6464,6143,0.9503,0.2764,0.2107,26.863,0.0772,0.9846,1.4
"1","count_divisible_by_100 <=   1.500 & shelter_expenses_by_hh_size <= 306.000 & total_deductions_by_hh_size <=   7.800 & unc_rawben_rel_max <=   0.971","ranger",2858,0.95206,0.94505,1404,1354,0.9644,0.0609,0.0242,5.835,0.0772,0.9846,1.4
"1","cat_elig >=   1 & count_divisible_by_100 <   2 & shelter_expenses_by_hh_size < 405","xgboost",14092,0.9482,0.94504,7335,6978,0.9513,0.3139,0.2273,30.482,0.0772,0.9846,1.4
"1","expedited_i > 0.50 & medical_deductions <= 3.50 & unc_rawben_rel_max <= 1.93","ranger",6880,0.94956,0.94504,3408,3235,0.9492,0.1455,0.1248,14.163,0.0772,0.9846,1.4
"1","homeless <=   0.50 & percent_abawd <=   0.75 & total_deductions_by_hh_size <= 297.00","ranger",17101,0.9479,0.94503,8863,8422,0.9502,0.3789,0.2258,36.832,0.0772,0.9846,1.4
"1","children_i <=   0.500 & rawben_rel_max >   0.991 & shelter_expenses_by_hh_size >  16.500 & utilities > 460.000","ranger",5718,0.94998,0.94502,2966,2818,0.9501,0.1268,0.1099,12.326,0.0772,0.9846,1.4
"1","cat_elig <=  1.500 & total_deductions_by_hh_size > 53.600 & unc_rawben_rel_max >  0.998 & unc_rawben_rel_max <=  1.930","ranger",5849,0.94991,0.945,4128,3900,0.9448,0.1755,0.1755,17.155,0.0772,0.9846,1.4
"1","expedited_i <= 0.500 & medical_deductions <= 3.500 & rawben_rel_max > 0.998","ranger",12189,0.9484,0.945,6524,6198,0.95,0.2788,0.2414,27.112,0.0772,0.9846,1.4
"1","medical_deductions <= 16.500 & unc_rawben_rel_max <=  0.392 & utilities <= 30.500","ranger",3106,0.95171,0.94498,1542,1473,0.9553,0.0663,0.0406,6.408,0.0772,0.9846,1.4
"1","rawben_rel_max <   0.288 & shelter_expenses_by_hh_size >=  61.000 & total_deductions_by_hh_size >=  18.400 & total_deductions_by_hh_size < 265.000","xgboost",2893,0.95195,0.94498,1425,1355,0.9509,0.061,0.0361,5.922,0.0772,0.9846,1.4
"1","months_since_cert_n >= 13.0000 & rawben_rel_max >=  0.9920 & unc_rawben_rel_max >= -0.0344 & unc_rawben_rel_max <  1.7300","xgboost",1876,0.95362,0.94496,966,917,0.9493,0.0413,0.0369,4.014,0.0772,0.9846,1.4
"1","expedited_i > 0.500 & homeless > 0.500 & percent_abawd > 0.250 & rawben_rel_max > 0.991","ranger",454,0.96256,0.94495,273,264,0.967,0.0119,0.0084,1.135,0.0772,0.9846,1.4
"1","months_since_cert_n < 22.0 & percent_abawd <  0.5 & utilities < 27.0","xgboost",11520,0.94844,0.94494,5831,5530,0.9484,0.2488,0.1879,24.232,0.0772,0.9846,1.4
"1","months_since_cert_n >= 2.00 & unc_rawben_rel_max >= 1.09","xgboost",13149,0.94821,0.94494,6893,6521,0.946,0.2934,0.2847,28.646,0.0772,0.9846,1.4
"1","rawben_rel_max <   0.11 & total_deductions_by_hh_size >= 293.00 & total_deductions_by_hh_size < 452.00 & utilities >= 585.00","xgboost",183,0.97268,0.94494,84,82,0.9762,0.0037,0.0013,0.349,0.0772,0.9846,1.4
"1","count_divisible_by_100 <= 1.500 & expedited_i <= 0.500 & married <= 0.500 & rawben_rel_max > 0.991","ranger",12490,0.94828,0.94492,6679,6332,0.948,0.2849,0.2581,27.756,0.0772,0.9846,1.4
"1","medical_deductions <  4.000 & months_since_cert_n >= 19.000 & rawben_rel_max <  0.472","xgboost",1973,0.95337,0.94492,936,891,0.9519,0.0401,0.0185,3.89,0.0772,0.9846,1.4
"1","cat_elig >   0.5 & homeless >   0.5 & percent_abawd <=   1.5 & total_deductions_by_hh_size <= 724.0","ranger",3392,0.95136,0.94491,1656,1569,0.9475,0.0706,0.0574,6.882,0.0772,0.9846,1.4
"1","expedited_i <=   0.500 & rawben_rel_max <=   0.449 & shelter_expenses_by_hh_size <= 556.000","ranger",7392,0.94927,0.9449,3540,3341,0.9438,0.1503,0.0923,14.711,0.0772,0.9846,1.4
"1","medical_deductions < 135.0000 & rawben_rel_max <   0.0928 & utilities >=  42.0000","xgboost",3256,0.95147,0.9449,1637,1564,0.9554,0.0704,0.0497,6.803,0.0772,0.9846,1.4
"1","cat_elig < 1 & homeless < 1","xgboost",4158,0.9507,0.94488,2161,2065,0.9556,0.0929,0.0465,8.981,0.0772,0.9846,1.4
"1","children_i <=   0.5 & elderly_disabled_i >   0.5 & expedited_i <=   0.5 & total_deductions_by_hh_size <= 246.0","ranger",10907,0.94847,0.94488,5602,5309,0.9477,0.2388,0.1356,23.281,0.0772,0.9846,1.4
"1","children_i <= 0.500 & expedited_i <= 0.500 & rawben_rel_max > 0.991","ranger",12274,0.94826,0.94488,6584,6250,0.9493,0.2812,0.2471,27.362,0.0772,0.9846,1.4
"1","medical_deductions < 103.000 & months_since_cert_n <  18.000 & total_deductions_by_hh_size < 633.000 & unc_rawben_rel_max >=   0.684","xgboost",16102,0.94783,0.94487,8769,8293,0.9457,0.3731,0.3159,36.442,0.0772,0.9846,1.4
"1","months_since_cert_n <   3.0000 & rawben_rel_max >=   0.0893 & shelter_expenses_by_hh_size < 755.0000 & utilities < 469.0000","xgboost",6499,0.94953,0.94487,3432,3280,0.9557,0.1476,0.0855,14.263,0.0772,0.9846,1.4
"1","rawben_rel_max <   0.347 & utilities >= 361.000 & utilities < 417.000","xgboost",1217,0.95563,0.94487,849,815,0.96,0.0367,0.0173,3.528,0.0772,0.9846,1.4
"1","cat_elig >=    1 & shelter_expenses_by_hh_size < 1860 & total_deductions_by_hh_size >=  535 & utilities >=  875","xgboost",2225,0.95281,0.94485,1583,1498,0.9463,0.0674,0.0507,6.579,0.0772,0.9846,1.4
"1","elderly_disabled_i <   1.000 & months_since_cert_n <   4.000 & rawben_rel_max >=   0.988 & shelter_expenses_by_hh_size >= 755.000","xgboost",1035,0.95652,0.94485,547,518,0.947,0.0233,0.0217,2.273,0.0772,0.9846,1.4
"1","months_since_cert_n <  22.000 & unc_rawben_rel_max >=  -0.560 & unc_rawben_rel_max <   0.302 & utilities >= 361.000","xgboost",3829,0.9509,0.94483,1940,1845,0.951,0.083,0.0488,8.062,0.0772,0.9846,1.4
"1","cat_elig >= 2.000 & expedited_i < 1.000 & unc_rawben_rel_max < 0.271","xgboost",2962,0.95172,0.94482,194,188,0.9691,0.0085,0.0038,0.806,0.0772,0.9846,1.4
"1","cat_elig <=   1.5 & elderly_disabled_i >   0.5 & utilities > 847.0","ranger",1969,0.95328,0.94481,2007,1891,0.9422,0.0851,0.0684,8.341,0.0772,0.9846,1.4
"1","homeless < 1.00 & months_since_cert_n < 4.00 & percent_abawd >= 1.00 & unc_rawben_rel_max < 1.25","xgboost",1634,0.9541,0.94481,878,839,0.9556,0.0377,0.0216,3.649,0.0772,0.9846,1.4
"1","homeless <=  0.500 & rawben_rel_max <=  0.268 & utilities > 30.500","ranger",6908,0.94933,0.94481,3228,3062,0.9486,0.1378,0.0866,13.415,0.0772,0.9846,1.4
"1","expedited_i <= 0.500 & homeless <= 0.500 & percent_abawd > 0.750 & rawben_rel_max > 0.954","ranger",1949,0.95331,0.9448,1110,1053,0.9486,0.0474,0.045,4.613,0.0772,0.9846,1.4
"1","months_since_cert_n <   9 & shelter_expenses_by_hh_size < 627 & utilities < 601","xgboost",16783,0.94769,0.94478,8430,8034,0.953,0.3614,0.2373,35.033,0.0772,0.9846,1.4
"1","expedited_i <=   0.500 & medical_deductions <= 132.000 & rawben_rel_max >   0.991","ranger",12344,0.94815,0.94477,6633,6296,0.9492,0.2832,0.2477,27.565,0.0772,0.9846,1.4
"1","expedited_i <= 0.500 & married <= 0.500 & rawben_rel_max > 0.991","ranger",12530,0.94812,0.94477,6701,6351,0.9478,0.2857,0.2603,27.848,0.0772,0.9846,1.4
"1","months_since_cert_n > 5.500 & unc_rawben_rel_max > 0.991 & unc_rawben_rel_max <= 1.950","ranger",6714,0.94936,0.94477,3601,3388,0.9408,0.1524,0.1642,14.965,0.0772,0.9846,1.4
"1","elderly_disabled_i <=   0.5 & married <=   0.5 & months_since_cert_n >   5.5 & shelter_expenses_by_hh_size <= 344.0","ranger",2552,0.95219,0.94476,1367,1305,0.9546,0.0587,0.0503,5.681,0.0772,0.9846,1.4
"1","months_since_cert_n <  29.0000 & rawben_rel_max >=   0.0928 & total_deductions_by_hh_size < 321.0000","xgboost",19412,0.94746,0.94476,10290,9773,0.9498,0.4397,0.281,42.763,0.0772,0.9846,1.4
"1","shelter_expenses_by_hh_size >=  376.00 & shelter_expenses_by_hh_size < 1090.00 & total_deductions_by_hh_size <  293.00 & unc_rawben_rel_max <    0.43","xgboost",5880,0.94966,0.94476,2921,2761,0.9452,0.1242,0.0762,12.139,0.0772,0.9846,1.4
"1","children_i <    1 & elderly_disabled_i <    1 & shelter_expenses_by_hh_size < 1610","xgboost",14482,0.94787,0.94474,7489,7121,0.9509,0.3204,0.2608,31.122,0.0772,0.9846,1.4
"1","elderly_disabled_i < 1.000 & months_since_cert_n >= 5.000 & rawben_rel_max >= 0.804","xgboost",4814,0.95015,0.94473,2559,2416,0.9441,0.1087,0.1183,10.635,0.0772,0.9846,1.4
"1","months_since_cert_n >=  12 & shelter_expenses_by_hh_size < 697 & total_deductions_by_hh_size <  40 & utilities < 600","xgboost",1966,0.9532,0.94473,1002,954,0.9521,0.0429,0.0247,4.164,0.0772,0.9846,1.4
"1","cat_elig >=   1.0 & shelter_expenses_by_hh_size >=  34.0 & shelter_expenses_by_hh_size < 376.0 & total_deductions_by_hh_size <  18.4","xgboost",1946,0.95324,0.94472,1041,986,0.9472,0.0444,0.0216,4.326,0.0772,0.9846,1.4
"1","cat_elig >    0.5 & homeless >    0.5 & married <=    0.5 & shelter_expenses_by_hh_size <= 1020.0","ranger",3398,0.95115,0.9447,1610,1529,0.9497,0.0688,0.0548,6.691,0.0772,0.9846,1.4
"1","children_i <   1.00 & shelter_expenses_by_hh_size < 685.00 & unc_rawben_rel_max <   1.27","xgboost",23168,0.94717,0.9447,11959,11329,0.9473,0.5097,0.3338,49.699,0.0772,0.9846,1.4
"1","rawben_rel_max <    0.22 & total_deductions_by_hh_size >=  303.00 & total_deductions_by_hh_size < 1200.00 & utilities >=  388.00","xgboost",1690,0.95385,0.9447,786,750,0.9542,0.0337,0.0208,3.266,0.0772,0.9846,1.4
"1","medical_deductions <=  127.0 & months_since_cert_n >    5.5 & shelter_expenses_by_hh_size <= 2450.0 & utilities >  864.0","ranger",1472,0.95448,0.94468,1026,958,0.9337,0.0431,0.0423,4.264,0.0772,0.9846,1.4
"1","married <=   0.5 & shelter_expenses_by_hh_size <= 406.0 & total_deductions_by_hh_size <=   8.9 & utilities >  28.5","ranger",1432,0.95461,0.94467,724,688,0.9503,0.031,0.0158,3.009,0.0772,0.9846,1.4
"1","rawben_rel_max <   0.32 & utilities < 844.00","xgboost",10511,0.94834,0.94467,5108,4844,0.9483,0.2179,0.1382,21.228,0.0772,0.9846,1.4
"1","cat_elig >=   2.000 & rawben_rel_max <   0.188 & shelter_expenses_by_hh_size >= 950.000 & utilities >= 462.000","xgboost",537,0.96089,0.94466,9,9,1,4e-04,0,0.037,0.0772,0.9846,1.4
"1","medical_deductions <= 83.000 & months_since_cert_n >  3.500 & unc_rawben_rel_max <=  0.277","ranger",5964,0.94953,0.94466,2910,2753,0.946,0.1239,0.0885,12.093,0.0772,0.9846,1.4
"1","shelter_expenses_by_hh_size < 681.00 & unc_rawben_rel_max <   1.52 & utilities < 551.00","xgboost",23354,0.94712,0.94466,11844,11233,0.9484,0.5054,0.3362,49.221,0.0772,0.9846,1.4
"1","homeless >   0.500 & percent_abawd >   0.750 & rawben_rel_max >   0.815 & total_deductions_by_hh_size <= 400.000","ranger",725,0.95862,0.94465,458,448,0.9782,0.0202,0.0094,1.903,0.0772,0.9846,1.4
"1","rawben_rel_max <   0.268 & total_deductions_by_hh_size >=   4.400 & utilities >= 417.000","xgboost",3107,0.9514,0.94465,1373,1308,0.9527,0.0588,0.0378,5.706,0.0772,0.9846,1.4
"1","cat_elig >=   1.000 & elderly_disabled_i >=   1.000 & rawben_rel_max <   0.312 & shelter_expenses_by_hh_size >= 925.000","xgboost",1767,0.95359,0.94464,896,858,0.9576,0.0386,0.0185,3.724,0.0772,0.9846,1.4
"1","rawben_rel_max <    0.0893 & shelter_expenses_by_hh_size < 1800.0000 & utilities <   44.0000","xgboost",1451,0.95451,0.94464,668,635,0.9506,0.0286,0.0233,2.776,0.0772,0.9846,1.4
"1","homeless <   1 & shelter_expenses_by_hh_size < 430","xgboost",13854,0.94781,0.94462,7310,6950,0.9508,0.3127,0.223,30.379,0.0772,0.9846,1.4
"1","rawben_rel_max <=    0.312 & utilities <= 1050.000","ranger",10743,0.94825,0.94462,5187,4919,0.9483,0.2213,0.1431,21.556,0.0772,0.9846,1.4
"1","expedited_i >=   1 & medical_deductions < 242 & months_since_cert_n <  12","xgboost",6525,0.94927,0.94461,3227,3072,0.952,0.1382,0.1145,13.411,0.0772,0.9846,1.4
"1","children_i <=   0.5 & months_since_cert_n >   5.5 & total_deductions_by_hh_size <= 297.0","ranger",10479,0.94828,0.9446,5507,5209,0.9459,0.2343,0.1576,22.886,0.0772,0.9846,1.4
"1","cat_elig <=   0.5 & months_since_cert_n >   5.5 & shelter_expenses_by_hh_size <= 568.0 & utilities >  85.0","ranger",320,0.96562,0.94459,170,161,0.9471,0.0072,0.0056,0.706,0.0772,0.9846,1.4
"1","homeless <=  0.500 & rawben_rel_max <=  0.312 & shelter_expenses_by_hh_size > 13.000","ranger",9503,0.94844,0.94458,4633,4397,0.9491,0.1978,0.1182,19.254,0.0772,0.9846,1.4
"1","percent_abawd <=  0.75 & unc_rawben_rel_max <=  1.93 & utilities <= 28.50","ranger",12116,0.948,0.94458,6124,5805,0.9479,0.2612,0.1981,25.45,0.0772,0.9846,1.4
"1","elderly_disabled_i > 0.500 & rawben_rel_max <= 0.268 & total_deductions_by_hh_size > 7.600","ranger",5444,0.94967,0.94457,2555,2425,0.9491,0.1091,0.063,10.618,0.0772,0.9846,1.4
"1","married <=   0.5 & shelter_expenses_by_hh_size >  14.5 & total_deductions_by_hh_size <= 190.0 & utilities <=  28.5","ranger",2136,0.95272,0.94457,1157,1101,0.9516,0.0495,0.0255,4.808,0.0772,0.9846,1.4
"1","medical_deductions <=  3.500 & months_since_cert_n > 36.500 & rawben_rel_max <=  0.991","ranger",106,0.98113,0.94457,55,50,0.9091,0.0022,0.0031,0.229,0.0772,0.9846,1.4
"1","medical_deductions < 429.00 & months_since_cert_n <   5.00 & percent_abawd >=   0.50 & unc_rawben_rel_max <   1.27","xgboost",2388,0.95226,0.94456,1355,1300,0.9594,0.0585,0.0327,5.631,0.0772,0.9846,1.4
"1","cat_elig <=   0.500 & medical_deductions > 130.000 & rawben_rel_max <=   0.991 & total_deductions_by_hh_size <= 293.000","ranger",78,0.98718,0.94455,30,28,0.9333,0.0013,6e-04,0.125,0.0772,0.9846,1.4
"1","cat_elig <= 0.500 & rawben_rel_max > 0.991 & shelter_expenses_by_hh_size > 5.500 & unc_rawben_rel_max <= 1.960","ranger",599,0.95993,0.94455,323,310,0.9598,0.0139,0.0096,1.342,0.0772,0.9846,1.4
"1","medical_deductions < 117 & months_since_cert_n >=   2 & months_since_cert_n <  24 & total_deductions_by_hh_size < 351","xgboost",18693,0.94731,0.94455,9777,9294,0.9506,0.4181,0.2624,40.631,0.0772,0.9846,1.4
"1","children_i <= 0.500 & rawben_rel_max <= 0.325 & unc_rawben_rel_max <= 0.991","ranger",11026,0.94812,0.94454,5404,5124,0.9482,0.2305,0.1459,22.458,0.0772,0.9846,1.4
"1","elderly_disabled_i >   0.5 & expedited_i <=   0.5 & total_deductions_by_hh_size <= 246.0","ranger",10915,0.94814,0.94454,5608,5313,0.9474,0.239,0.1376,23.305,0.0772,0.9846,1.4
"1","months_since_cert_n <   3.00 & unc_rawben_rel_max >=   1.01 & utilities >= 370.00","xgboost",1685,0.95371,0.94454,812,784,0.9655,0.0353,0.0189,3.374,0.0772,0.9846,1.4
"1","count_divisible_by_100 <   1.000 & rawben_rel_max <   0.236 & total_deductions_by_hh_size >=  18.400 & total_deductions_by_hh_size < 244.000","xgboost",2251,0.95247,0.94453,1033,980,0.9487,0.0441,0.0278,4.293,0.0772,0.9846,1.4
"1","count_divisible_by_100 <=  0.5 & expedited_i <=  0.5 & months_since_cert_n <= 10.5 & utilities <= 14.5","ranger",8335,0.94865,0.94453,4476,4257,0.9511,0.1915,0.1374,18.601,0.0772,0.9846,1.4
"1","shelter_expenses_by_hh_size > 820.000 & unc_rawben_rel_max >   0.991 & utilities > 460.000","ranger",4568,0.95009,0.94452,2479,2343,0.9451,0.1054,0.1006,10.302,0.0772,0.9846,1.4
"1","shelter_expenses_by_hh_size >= 1220.00 & shelter_expenses_by_hh_size < 1640.00 & unc_rawben_rel_max <    0.12","xgboost",429,0.9627,0.94452,222,206,0.9279,0.0093,0.0122,0.923,0.0772,0.9846,1.4
"1","expedited_i >=   1.000 & months_since_cert_n <  14.000 & unc_rawben_rel_max >=  -0.016 & utilities < 875.000","xgboost",6325,0.94925,0.94451,3136,2985,0.9518,0.1343,0.1082,13.032,0.0772,0.9846,1.4
"1","months_since_cert_n >=  17.000 & rawben_rel_max <   0.492 & utilities < 600.000","xgboost",2386,0.95222,0.94451,1183,1112,0.94,0.05,0.0304,4.916,0.0772,0.9846,1.4
"1","months_since_cert_n >= 3.000 & rawben_rel_max >= 0.152 & rawben_rel_max < 0.268","xgboost",2676,0.95179,0.94451,1243,1173,0.9437,0.0528,0.0305,5.166,0.0772,0.9846,1.4
"1","shelter_expenses_by_hh_size < 652 & total_deductions_by_hh_size <  47 & utilities >=  56","xgboost",1645,0.9538,0.94451,850,785,0.9235,0.0353,0.0284,3.532,0.0772,0.9846,1.4
"1","cat_elig >    1.50 & rawben_rel_max <=    0.24 & shelter_expenses_by_hh_size <= 2590.00 & utilities >   26.00","ranger",2230,0.95247,0.94449,157,150,0.9554,0.0067,0.004,0.652,0.0772,0.9846,1.4
"1","months_since_cert_n > 36.5 & utilities >  5.0","ranger",132,0.97727,0.94449,68,65,0.9559,0.0029,0.0017,0.283,0.0772,0.9846,1.4
"1","elderly_disabled_i <=  0.5 & months_since_cert_n >  5.5 & utilities <= 14.5","ranger",2462,0.95207,0.94448,1324,1255,0.9479,0.0565,0.0545,5.502,0.0772,0.9846,1.4
"1","children_i <=  0.50 & percent_abawd <=  0.75 & utilities <= 30.50","ranger",12185,0.94789,0.94447,6204,5885,0.9486,0.2648,0.1963,25.782,0.0772,0.9846,1.4
"1","cat_elig <  1 & months_since_cert_n >=  4 & months_since_cert_n < 26","xgboost",2538,0.95193,0.94445,1309,1245,0.9511,0.056,0.0319,5.44,0.0772,0.9846,1.4
"1","count_divisible_by_100 <=   0.500 & medical_deductions > 155.000 & rawben_rel_max <=   0.325 & utilities >  14.500","ranger",577,0.96014,0.94445,247,232,0.9393,0.0104,0.0055,1.026,0.0772,0.9846,1.4
"1","months_since_cert_n < 22.000 & unc_rawben_rel_max >= -0.560 & unc_rawben_rel_max <  0.302","xgboost",8585,0.94851,0.94445,4156,3937,0.9473,0.1771,0.1127,17.271,0.0772,0.9846,1.4
"1","children_i <=    0.500 & rawben_rel_max <=    0.348 & shelter_expenses_by_hh_size <= 1300.000","ranger",10951,0.94804,0.94444,5322,5042,0.9474,0.2268,0.1389,22.117,0.0772,0.9846,1.4
"1","medical_deductions <=   0.500 & shelter_expenses_by_hh_size >   5.500 & unc_rawben_rel_max >   0.991 & utilities > 456.000","ranger",5639,0.94946,0.94444,2882,2742,0.9514,0.1234,0.1016,11.977,0.0772,0.9846,1.4
"1","months_since_cert_n <   9 & unc_rawben_rel_max <   0 & utilities < 388","xgboost",1505,0.95415,0.94444,689,658,0.955,0.0296,0.0217,2.863,0.0772,0.9846,1.4
"1","months_since_cert_n >=   2 & shelter_expenses_by_hh_size >= 360 & total_deductions_by_hh_size < 135 & utilities < 339","xgboost",1426,0.95442,0.94444,679,646,0.9514,0.0291,0.0143,2.822,0.0772,0.9846,1.4
"1","expedited_i <  1 & homeless >=  1 & months_since_cert_n < 11","xgboost",1994,0.95286,0.94442,986,936,0.9493,0.0421,0.0325,4.098,0.0772,0.9846,1.4
"1","rawben_rel_max <= 0.312 & shelter_expenses_by_hh_size > 5.500","ranger",9626,0.94827,0.94442,4697,4453,0.9481,0.2003,0.1239,19.52,0.0772,0.9846,1.4
"1","elderly_disabled_i > 0.5 & homeless > 0.5 & months_since_cert_n <= 5.5 & shelter_expenses_by_hh_size <= 5.0","ranger",205,0.97073,0.94441,86,80,0.9302,0.0036,0.0046,0.357,0.0772,0.9846,1.4
"1","total_deductions_by_hh_size >   7.60 & total_deductions_by_hh_size <= 244.00 & unc_rawben_rel_max <=   1.95 & utilities > 360.00","ranger",3017,0.95128,0.94441,1677,1589,0.9475,0.0715,0.0428,6.969,0.0772,0.9846,1.4
"1","expedited_i <  1.00 & homeless >=  1.00 & months_since_cert_n < 11.00 & rawben_rel_max >=  0.38","xgboost",1720,0.95349,0.9444,851,810,0.9518,0.0364,0.0255,3.537,0.0772,0.9846,1.4
"1","rawben_rel_max >= 0.844 & unc_rawben_rel_max < 1.810","xgboost",19912,0.94707,0.9444,10480,9915,0.9461,0.4461,0.3718,43.552,0.0772,0.9846,1.4
"1","children_i <  1.000 & medical_deductions < 46.000 & rawben_rel_max <  0.268","xgboost",8035,0.9486,0.94439,3757,3561,0.9478,0.1602,0.1137,15.613,0.0772,0.9846,1.4
"1","medical_deductions <=   3.500 & rawben_rel_max >   0.998 & utilities > 452.000","ranger",5576,0.94943,0.94438,2856,2719,0.952,0.1223,0.0996,11.869,0.0772,0.9846,1.4
"1","months_since_cert_n <   23.000 & rawben_rel_max >=    0.892 & shelter_expenses_by_hh_size < 1100.000","xgboost",16071,0.94736,0.94438,8343,7913,0.9485,0.356,0.2938,34.671,0.0772,0.9846,1.4
"1","homeless <=   0.50 & medical_deductions <= 126.00 & percent_abawd <=   0.75 & total_deductions_by_hh_size <= 297.00","ranger",16490,0.9473,0.94437,8544,8122,0.9506,0.3654,0.2173,35.507,0.0772,0.9846,1.4
"1","cat_elig <=   0.500 & rawben_rel_max >   0.991 & shelter_expenses_by_hh_size > 308.000 & total_deductions_by_hh_size >  71.200","ranger",534,0.96067,0.94436,258,248,0.9612,0.0112,0.0078,1.072,0.0772,0.9846,1.4
"1","cat_elig > 0.500 & months_since_cert_n > 5.500 & rawben_rel_max > 0.991 & unc_rawben_rel_max <= 1.930","ranger",6213,0.94914,0.94435,3322,3124,0.9404,0.1405,0.1548,13.805,0.0772,0.9846,1.4
"1","children_i <=  0.5 & elderly_disabled_i <=  0.5 & months_since_cert_n <= 11.5 & percent_abawd <=  1.5","ranger",14288,0.94751,0.94435,7476,7095,0.949,0.3192,0.265,31.068,0.0772,0.9846,1.4
"1","months_since_cert_n <   9.00 & rawben_rel_max >=   0.64 & total_deductions_by_hh_size < 620.00","xgboost",13749,0.94756,0.94434,6571,6267,0.9537,0.2819,0.1887,27.307,0.0772,0.9846,1.4
"1","cat_elig >=    2.000 & rawben_rel_max <    0.251 & shelter_expenses_by_hh_size < 1800.000","xgboost",2916,0.9513,0.94432,194,187,0.9639,0.0084,0.004,0.806,0.0772,0.9846,1.4
"1","rawben_rel_max >=   0.084 & rawben_rel_max <   0.192 & total_deductions_by_hh_size < 842.000 & unc_rawben_rel_max >=   0.120","xgboost",1324,0.95468,0.94432,573,544,0.9494,0.0245,0.0146,2.381,0.0772,0.9846,1.4
"1","cat_elig > 0.500 & children_i <= 0.500 & months_since_cert_n > 2.500 & rawben_rel_max <= 0.312","ranger",7687,0.94861,0.94431,3795,3589,0.9457,0.1615,0.1078,15.771,0.0772,0.9846,1.4
"1","total_deductions_by_hh_size >= 386.00 & unc_rawben_rel_max >=   1.46 & utilities >= 852.00","xgboost",700,0.95857,0.94431,477,446,0.935,0.0201,0.024,1.982,0.0772,0.9846,1.4
"1","cat_elig >  0.5 & elderly_disabled_i <=  0.5 & expedited_i <=  0.5 & utilities <= 28.5","ranger",4928,0.94968,0.9443,2713,2586,0.9532,0.1163,0.0912,11.275,0.0772,0.9846,1.4
"1","homeless >= 1.00 & percent_abawd < 0.50 & rawben_rel_max < 0.45 & unc_rawben_rel_max >= 0.00","xgboost",296,0.96622,0.94429,126,117,0.9286,0.0053,0.0036,0.524,0.0772,0.9846,1.4
"1","months_since_cert_n < 5.0 & percent_abawd >= 0.5","xgboost",3163,0.951,0.94429,1704,1635,0.9595,0.0736,0.0435,7.081,0.0772,0.9846,1.4
"1","months_since_cert_n >=  10 & shelter_expenses_by_hh_size < 552 & total_deductions_by_hh_size < 202 & utilities <  57","xgboost",2722,0.95151,0.94427,1494,1428,0.9558,0.0642,0.0389,6.209,0.0772,0.9846,1.4
"1","months_since_cert_n >=   5.000 & rawben_rel_max <   0.485 & shelter_expenses_by_hh_size < 603.000","xgboost",5846,0.9492,0.94426,2959,2781,0.9398,0.1251,0.0805,12.297,0.0772,0.9846,1.4
"1","expedited_i >=   1.0 & medical_deductions < 565.0 & unc_rawben_rel_max <   1.9","xgboost",6744,0.94884,0.94425,3460,3278,0.9474,0.1475,0.1277,14.379,0.0772,0.9846,1.4
"1","homeless <=  0.5 & months_since_cert_n <= 14.5 & utilities <= 30.5","ranger",11062,0.94784,0.94425,5924,5629,0.9502,0.2532,0.1911,24.619,0.0772,0.9846,1.4
"1","cat_elig >=   1.000 & months_since_cert_n >=  13.000 & unc_rawben_rel_max <   0.443 & utilities < 559.000","xgboost",2490,0.95181,0.94424,1201,1125,0.9367,0.0506,0.0346,4.991,0.0772,0.9846,1.4
"1","months_since_cert_n < 12 & percent_abawd <  1 & utilities < 42","xgboost",11169,0.9478,0.94423,5697,5409,0.9494,0.2433,0.18,23.675,0.0772,0.9846,1.4
"1","percent_abawd < 0.5000 & rawben_rel_max >= 0.0928 & rawben_rel_max < 0.2680","xgboost",4015,0.95019,0.94423,1878,1771,0.943,0.0797,0.0482,7.805,0.0772,0.9846,1.4
"1","children_i <  1.0 & months_since_cert_n >= 14.0 & total_deductions_by_hh_size <  4.4 & utilities < 38.0","xgboost",1023,0.95601,0.94421,477,461,0.9665,0.0207,0.011,1.982,0.0772,0.9846,1.4
"1","months_since_cert_n > 19.500 & percent_abawd <=  0.500 & rawben_rel_max <=  0.991 & unc_rawben_rel_max <=  0.324","ranger",1459,0.95408,0.94419,663,633,0.9548,0.0285,0.014,2.755,0.0772,0.9846,1.4
"1","cat_elig > 0.500 & percent_abawd <= 0.250 & rawben_rel_max > 0.991","ranger",12712,0.94753,0.94418,6515,6163,0.946,0.2773,0.2624,27.075,0.0772,0.9846,1.4
"1","months_since_cert_n <  23 & shelter_expenses_by_hh_size < 693 & total_deductions_by_hh_size < 542 & utilities < 559","xgboost",23046,0.94667,0.94418,11811,11202,0.9484,0.504,0.3451,49.084,0.0772,0.9846,1.4
"1","elderly_disabled_i > 0.500 & unc_rawben_rel_max > 0.991 & unc_rawben_rel_max <= 1.930","ranger",5236,0.94939,0.94417,2748,2596,0.9447,0.1168,0.1053,11.42,0.0772,0.9846,1.4
"1","expedited_i <= 0.500 & percent_abawd <= 1.500 & rawben_rel_max > 0.998","ranger",12543,0.94754,0.94417,6680,6336,0.9485,0.285,0.2571,27.76,0.0772,0.9846,1.4
"1","medical_deductions < 366.000 & rawben_rel_max >=   0.825 & unc_rawben_rel_max <   1.460","xgboost",18214,0.94696,0.94417,9700,9186,0.947,0.4133,0.3243,40.311,0.0772,0.9846,1.4
"1","rawben_rel_max <=    0.316 & unc_rawben_rel_max <=    1.000 & utilities <= 1170.000","ranger",10860,0.94779,0.94417,5272,5000,0.9484,0.2249,0.1446,21.909,0.0772,0.9846,1.4
"1","expedited_i <= 0.500 & percent_abawd <= 1.500 & unc_rawben_rel_max > 0.991","ranger",12650,0.94751,0.94415,6741,6389,0.9478,0.2874,0.2616,28.014,0.0772,0.9846,1.4
"1","homeless <   1 & percent_abawd >=   1 & utilities < 360","xgboost",2850,0.95123,0.94415,1553,1475,0.9498,0.0664,0.0564,6.454,0.0772,0.9846,1.4
"1","homeless <=   0.5 & medical_deductions <= 146.0 & shelter_expenses_by_hh_size <= 498.0","ranger",15745,0.94716,0.94415,8097,7679,0.9484,0.3455,0.2513,33.649,0.0772,0.9846,1.4
"1","months_since_cert_n <= 23.500 & rawben_rel_max <=  0.991 & unc_rawben_rel_max <=  0.325","ranger",10299,0.94786,0.94414,5088,4818,0.9469,0.2168,0.1423,21.144,0.0772,0.9846,1.4
"1","cat_elig <    2.000 & shelter_expenses_by_hh_size < 1300.000 & unc_rawben_rel_max >=   -0.056 & utilities >=  688.000","xgboost",3097,0.95092,0.94413,2132,1978,0.9278,0.089,0.0828,8.86,0.0772,0.9846,1.4
"1","children_i <=   0.500 & shelter_expenses_by_hh_size >   5.500 & shelter_expenses_by_hh_size <= 680.000 & unc_rawben_rel_max <=   0.425","ranger",7587,0.94846,0.94413,3700,3478,0.94,0.1565,0.1018,15.376,0.0772,0.9846,1.4
"1","count_divisible_by_100 <   2.0 & total_deductions_by_hh_size < 190.0 & unc_rawben_rel_max <   1.2","xgboost",10502,0.94782,0.94413,5404,5114,0.9463,0.2301,0.1373,22.458,0.0772,0.9846,1.4
"1","expedited_i <   1.00 & medical_deductions < 135.00 & rawben_rel_max <   0.32 & utilities < 844.00","xgboost",8963,0.94812,0.94413,4554,4327,0.9502,0.1947,0.1167,18.925,0.0772,0.9846,1.4
"1","cat_elig <=   1.50 & total_deductions_by_hh_size >   7.80 & unc_rawben_rel_max >   1.01 & utilities > 428.00","ranger",4403,0.94981,0.94411,3167,2991,0.9444,0.1346,0.1306,13.161,0.0772,0.9846,1.4
"1","cat_elig >   0.5 & married <=   0.5 & medical_deductions <= 141.0 & utilities <=  12.5","ranger",12695,0.94746,0.94411,6612,6274,0.9489,0.2823,0.2206,27.478,0.0772,0.9846,1.4
"1","count_divisible_by_100 <=   0.50 & shelter_expenses_by_hh_size >  14.50 & unc_rawben_rel_max <=   0.32 & utilities <= 684.00","ranger",8681,0.94816,0.94411,4315,4102,0.9506,0.1845,0.1036,17.932,0.0772,0.9846,1.4
"1","children_i < 1.000 & rawben_rel_max >= 0.979","xgboost",18836,0.94686,0.9441,9839,9324,0.9477,0.4195,0.3753,40.889,0.0772,0.9846,1.4
"1","percent_abawd >   0.5 & total_deductions_by_hh_size >   2.8 & total_deductions_by_hh_size <= 889.0 & utilities > 754.0","ranger",250,0.968,0.9441,186,177,0.9516,0.008,0.0063,0.773,0.0772,0.9846,1.4
"1","count_divisible_by_100 <= 1.500 & expedited_i <= 0.500 & rawben_rel_max > 0.991","ranger",12635,0.94745,0.94409,6738,6388,0.9481,0.2874,0.2603,28.001,0.0772,0.9846,1.4
"1","count_divisible_by_100 >=   1 & total_deductions_by_hh_size >=   9 & total_deductions_by_hh_size < 418 & utilities <  52","xgboost",317,0.9653,0.94407,163,154,0.9448,0.0069,0.0061,0.677,0.0772,0.9846,1.4
"1","months_since_cert_n >=   17 & shelter_expenses_by_hh_size < 1230 & total_deductions_by_hh_size <  182","xgboost",2059,0.9524,0.94407,1019,961,0.9431,0.0432,0.0263,4.235,0.0772,0.9846,1.4
"1","cat_elig > 0.500 & count_divisible_by_100 <= 1.500 & percent_abawd <= 0.750 & rawben_rel_max > 0.998","ranger",12574,0.94743,0.94406,6445,6102,0.9468,0.2745,0.2574,26.784,0.0772,0.9846,1.4
"1","expedited_i <= 0.500 & unc_rawben_rel_max <= 0.348","ranger",11356,0.9476,0.94406,5559,5262,0.9466,0.2367,0.1449,23.102,0.0772,0.9846,1.4
"1","rawben_rel_max >    0.991 & shelter_expenses_by_hh_size >    5.500 & shelter_expenses_by_hh_size <= 2290.000 & utilities >  451.000","ranger",5955,0.94895,0.94405,3085,2927,0.9488,0.1317,0.1165,12.821,0.0772,0.9846,1.4
"1","cat_elig >=   2.000 & rawben_rel_max >=   0.787 & total_deductions_by_hh_size < 729.000 & utilities >= 886.000","xgboost",180,0.97222,0.94404,3,3,1,1e-04,0,0.012,0.0772,0.9846,1.4
"1","months_since_cert_n <   3.000 & rawben_rel_max >=   0.712 & utilities < 875.000","xgboost",7184,0.9485,0.94404,3639,3450,0.9481,0.1552,0.1181,15.123,0.0772,0.9846,1.4
"1","expedited_i <= 0.5 & unc_rawben_rel_max > 1.0","ranger",12513,0.94741,0.94403,6672,6328,0.9484,0.2847,0.2577,27.727,0.0772,0.9846,1.4
"1","homeless <    1.0 & rawben_rel_max >=    0.5 & total_deductions_by_hh_size < 1230.0 & utilities >=  875.0","xgboost",1864,0.95279,0.94403,1255,1187,0.9458,0.0534,0.0423,5.215,0.0772,0.9846,1.4
"1","children_i <= 0.500 & elderly_disabled_i > 0.500 & unc_rawben_rel_max > 0.991 & unc_rawben_rel_max <= 1.950","ranger",5259,0.94923,0.94402,2758,2604,0.9442,0.1171,0.1059,11.462,0.0772,0.9846,1.4
"1","months_since_cert_n <  29.000 & rawben_rel_max <   0.241 & utilities < 431.000","xgboost",5821,0.94898,0.94402,2737,2599,0.9496,0.1169,0.0783,11.374,0.0772,0.9846,1.4
"1","married <= 0.50 & months_since_cert_n <= 5.50 & percent_abawd > 0.75 & percent_abawd <= 1.50","ranger",3508,0.9504,0.94401,1890,1807,0.9561,0.0813,0.0536,7.854,0.0772,0.9846,1.4
"1","children_i <=  0.5 & elderly_disabled_i <=  0.5 & months_since_cert_n <= 11.5","ranger",14308,0.94716,0.944,7486,7104,0.949,0.3196,0.266,31.11,0.0772,0.9846,1.4
"1","rawben_rel_max >=   0.247 & rawben_rel_max <   0.268 & utilities < 580.000","xgboost",593,0.95953,0.944,183,169,0.9235,0.0076,0.0068,0.761,0.0772,0.9846,1.4
"1","elderly_disabled_i > 0.500 & medical_deductions <= 3.500 & months_since_cert_n <= 5.500 & unc_rawben_rel_max <= 0.338","ranger",3222,0.95065,0.94399,1536,1468,0.9557,0.066,0.0317,6.383,0.0772,0.9846,1.4
"1","cat_elig <   2 & shelter_expenses_by_hh_size >= 968 & utilities >= 784","xgboost",2401,0.95169,0.94397,2813,2604,0.9257,0.1171,0.1218,11.69,0.0772,0.9846,1.4
"1","children_i <=   0.5 & elderly_disabled_i >   0.5 & total_deductions_by_hh_size <= 246.0","ranger",11541,0.94749,0.94397,5915,5605,0.9476,0.2522,0.1458,24.581,0.0772,0.9846,1.4
"1","elderly_disabled_i >   0.5 & months_since_cert_n <=  42.5 & unc_rawben_rel_max >   1.0 & utilities > 598.0","ranger",2669,0.95129,0.94397,1589,1521,0.9572,0.0684,0.0506,6.603,0.0772,0.9846,1.4
"1","elderly_disabled_i > 0.500 & homeless <= 0.500 & rawben_rel_max > 0.991 & unc_rawben_rel_max <= 1.960","ranger",5086,0.94927,0.94397,2680,2536,0.9463,0.1141,0.0986,11.137,0.0772,0.9846,1.4
"1","shelter_expenses_by_hh_size < 1230.00 & total_deductions_by_hh_size >=  486.00 & unc_rawben_rel_max <    1.48 & utilities >=  757.00","xgboost",2055,0.95231,0.94397,1082,1009,0.9325,0.0454,0.0388,4.497,0.0772,0.9846,1.4
"1","shelter_expenses_by_hh_size >= 430 & total_deductions_by_hh_size < 261 & utilities < 502","xgboost",4674,0.94951,0.94397,2262,2151,0.9509,0.0968,0.0468,9.4,0.0772,0.9846,1.4
"1","rawben_rel_max <   0.988 & total_deductions_by_hh_size >= 303.000 & unc_rawben_rel_max <  -0.016","xgboost",1217,0.95481,0.94396,545,513,0.9413,0.0231,0.0274,2.265,0.0772,0.9846,1.4
"1","expedited_i <= 0.500 & rawben_rel_max > 0.998","ranger",12567,0.94732,0.94395,6700,6355,0.9485,0.2859,0.258,27.844,0.0772,0.9846,1.4
"1","months_since_cert_n >= 1.000 & rawben_rel_max >= 0.992 & unc_rawben_rel_max >= 1.200","xgboost",13598,0.9472,0.94395,7112,6730,0.9463,0.3028,0.2973,29.556,0.0772,0.9846,1.4
"1","expedited_i <= 0.500 & rawben_rel_max > 0.991","ranger",12675,0.9473,0.94394,6761,6408,0.9478,0.2883,0.2625,28.097,0.0772,0.9846,1.4
"1","unc_rawben_rel_max >=   1.05 & utilities >= 912.00","xgboost",898,0.95657,0.94394,947,909,0.9599,0.0409,0.0266,3.936,0.0772,0.9846,1.4
"1","cat_elig > 0.500 & homeless <= 0.500 & married <= 0.500 & rawben_rel_max > 0.991","ranger",13409,0.9472,0.94393,7135,6737,0.9442,0.3031,0.3009,29.651,0.0772,0.9846,1.4
"1","rawben_rel_max >    0.991 & shelter_expenses_by_hh_size >   16.500 & total_deductions_by_hh_size <= 2250.000 & utilities >  452.000","ranger",5960,0.94883,0.94392,3031,2880,0.9502,0.1296,0.1113,12.596,0.0772,0.9846,1.4
"1","cat_elig <= 1.500 & rawben_rel_max > 0.991 & shelter_expenses_by_hh_size > 5.500 & unc_rawben_rel_max <= 1.930","ranger",6070,0.94876,0.94391,4280,4041,0.9442,0.1818,0.1828,17.787,0.0772,0.9846,1.4
"1","cat_elig >=   1 & elderly_disabled_i <   1 & shelter_expenses_by_hh_size < 916","xgboost",11235,0.94749,0.94391,5709,5432,0.9515,0.2444,0.2029,23.725,0.0772,0.9846,1.4
"1","cat_elig >=   1.0 & shelter_expenses_by_hh_size >= 376.0 & total_deductions_by_hh_size <  18.4 & utilities <  54.0","xgboost",294,0.96599,0.94391,122,120,0.9836,0.0054,8e-04,0.507,0.0772,0.9846,1.4
"1","months_since_cert_n >=  5.000 & months_since_cert_n < 19.000 & rawben_rel_max >=  0.979 & unc_rawben_rel_max <  1.210","xgboost",3538,0.95025,0.94389,2683,2557,0.953,0.115,0.0852,11.15,0.0772,0.9846,1.4
"1","percent_abawd <=    0.250 & total_deductions_by_hh_size <= 1020.000 & unc_rawben_rel_max <=    0.379","ranger",12021,0.94734,0.94389,5869,5545,0.9448,0.2495,0.1543,24.39,0.0772,0.9846,1.4
"1","children_i <=   0.5 & expedited_i <=   0.5 & shelter_expenses_by_hh_size >  14.0 & total_deductions_by_hh_size <= 184.0","ranger",7628,0.94822,0.94388,3906,3678,0.9416,0.1655,0.1063,16.232,0.0772,0.9846,1.4
"1","expedited_i <= 0.500 & rawben_rel_max > 0.266 & unc_rawben_rel_max > 0.993","ranger",12644,0.94725,0.94388,6723,6374,0.9481,0.2868,0.2604,27.939,0.0772,0.9846,1.4
"1","months_since_cert_n <  35.000 & rawben_rel_max >=   0.811 & unc_rawben_rel_max <   2.220 & utilities >= 956.000","xgboost",897,0.95652,0.94388,881,846,0.9603,0.0381,0.0235,3.661,0.0772,0.9846,1.4
"1","cat_elig <= 0.5 & children_i <= 0.5 & expedited_i <= 0.5","ranger",3518,0.95026,0.94387,1822,1745,0.9577,0.0785,0.0329,7.572,0.0772,0.9846,1.4
"1","months_since_cert_n >=    2.000 & shelter_expenses_by_hh_size < 1860.000 & unc_rawben_rel_max >=    0.271 & utilities >=  875.000","xgboost",2013,0.95231,0.94387,1351,1274,0.943,0.0573,0.0457,5.614,0.0772,0.9846,1.4
"1","rawben_rel_max <    0.44 & shelter_expenses_by_hh_size >= 1140.00 & total_deductions_by_hh_size <  959.00 & utilities >=  875.00","xgboost",203,0.97044,0.94387,160,149,0.9312,0.0067,0.0058,0.665,0.0772,0.9846,1.4
"1","rawben_rel_max < 0.32 & unc_rawben_rel_max < 1.33","xgboost",10931,0.94749,0.94387,5327,5048,0.9476,0.2271,0.1478,22.138,0.0772,0.9846,1.4
"1","cat_elig < 1 & months_since_cert_n >= 3","xgboost",3139,0.95062,0.94386,1615,1539,0.9529,0.0692,0.0373,6.712,0.0772,0.9846,1.4
"1","medical_deductions < 260.000 & months_since_cert_n <   3.000 & unc_rawben_rel_max >=   0.512 & utilities < 376.000","xgboost",5450,0.94899,0.94386,2813,2697,0.9588,0.1213,0.0767,11.69,0.0772,0.9846,1.4
"1","children_i <= 0.500 & elderly_disabled_i <= 0.500 & months_since_cert_n > 5.500 & rawben_rel_max > 0.991","ranger",3270,0.95046,0.94384,1770,1674,0.9458,0.0753,0.0841,7.356,0.0772,0.9846,1.4
"1","count_divisible_by_100 <  1.000 & months_since_cert_n < 23.000 & unc_rawben_rel_max >=  0.972","xgboost",17780,0.94668,0.94384,9248,8767,0.948,0.3944,0.3526,38.432,0.0772,0.9846,1.4
"1","medical_deductions < 132.000 & months_since_cert_n <  29.000 & rawben_rel_max <   0.288 & unc_rawben_rel_max <   0.271","xgboost",8140,0.94803,0.94384,3982,3778,0.9488,0.17,0.1174,16.548,0.0772,0.9846,1.4
"1","rawben_rel_max <=  0.9430 & total_deductions_by_hh_size <=  7.8000 & unc_rawben_rel_max > -0.0389","ranger",3061,0.95067,0.94382,1565,1498,0.9572,0.0674,0.0325,6.504,0.0772,0.9846,1.4
"1","cat_elig >   0.5 & medical_deductions <= 134.0 & utilities <=  10.5","ranger",12628,0.94718,0.94381,6605,6268,0.949,0.282,0.2216,27.449,0.0772,0.9846,1.4
"1","cat_elig > 0.500 & percent_abawd <= 0.750 & rawben_rel_max > 0.991","ranger",12717,0.94716,0.9438,6515,6163,0.946,0.2773,0.2624,27.075,0.0772,0.9846,1.4
"1","expedited_i >=    1.000 & total_deductions_by_hh_size < 1380.000 & unc_rawben_rel_max >=   -0.392 & utilities <  680.000","xgboost",6392,0.94853,0.94379,3187,3008,0.9438,0.1353,0.128,13.244,0.0772,0.9846,1.4
"1","cat_elig < 2.0 & months_since_cert_n < 2.0 & percent_abawd >= 0.5","xgboost",815,0.95706,0.94378,645,612,0.9488,0.0275,0.0202,2.68,0.0772,0.9846,1.4
"1","elderly_disabled_i > 0.5 & homeless <= 0.5 & shelter_expenses_by_hh_size <= 5.5","ranger",2029,0.95219,0.94378,1042,1003,0.9626,0.0451,0.0247,4.33,0.0772,0.9846,1.4
"1","elderly_disabled_i <=  0.500 & months_since_cert_n >  5.500 & months_since_cert_n <= 11.500 & rawben_rel_max >  0.823","ranger",3096,0.95058,0.94377,1724,1625,0.9426,0.0731,0.0822,7.165,0.0772,0.9846,1.4
"1","elderly_disabled_i >   0.500 & expedited_i <=   0.500 & rawben_rel_max >   0.998 & utilities > 664.000","ranger",2297,0.95168,0.94377,1295,1242,0.9591,0.0559,0.0392,5.382,0.0772,0.9846,1.4
"1","expedited_i < 1.00 & unc_rawben_rel_max >= 1.02","xgboost",12234,0.9472,0.94377,6544,6203,0.9479,0.2791,0.2559,27.195,0.0772,0.9846,1.4
"1","total_deductions_by_hh_size < 462.00 & unc_rawben_rel_max <   1.23 & utilities >= 436.00 & utilities < 559.00","xgboost",3209,0.95045,0.94376,1624,1533,0.944,0.069,0.0377,6.749,0.0772,0.9846,1.4
"1","cat_elig <    2 & shelter_expenses_by_hh_size < 2300 & total_deductions_by_hh_size <  415","xgboost",19410,0.94647,0.94375,13315,12610,0.9471,0.5673,0.377,55.334,0.0772,0.9846,1.4
"1","cat_elig > 0.5 & elderly_disabled_i <= 0.5 & expedited_i <= 0.5 & homeless > 0.5","ranger",1467,0.95365,0.94375,744,720,0.9677,0.0324,0.0164,3.092,0.0772,0.9846,1.4
"1","cat_elig >=   1.000 & expedited_i >=   1.000 & rawben_rel_max >=   0.312 & total_deductions_by_hh_size < 888.000","xgboost",5402,0.94891,0.94375,2685,2545,0.9479,0.1145,0.0998,11.158,0.0772,0.9846,1.4
"1","elderly_disabled_i <=   0.5 & homeless >   0.5 & months_since_cert_n <=   5.5 & shelter_expenses_by_hh_size > 554.0","ranger",155,0.97419,0.94375,79,77,0.9747,0.0035,0.002,0.328,0.0772,0.9846,1.4
"1","elderly_disabled_i <= 0.5 & homeless > 0.5 & married <= 0.5 & months_since_cert_n > 4.5","ranger",1173,0.95482,0.94375,552,533,0.9656,0.024,0.0157,2.294,0.0772,0.9846,1.4
"1","medical_deductions <=    0.500 & rawben_rel_max <=    0.218 & utilities >   10.500 & utilities <= 1170.000","ranger",4767,0.94923,0.94374,2262,2142,0.9469,0.0964,0.0706,9.4,0.0772,0.9846,1.4
"1","medical_deductions >=   23 & medical_deductions <  101 & total_deductions_by_hh_size < 1010","xgboost",337,0.96439,0.94374,149,143,0.9597,0.0064,0.0027,0.619,0.0772,0.9846,1.4
"1","cat_elig <= 0.50 & expedited_i > 0.50 & months_since_cert_n > 5.50 & unc_rawben_rel_max <= 1.27","ranger",179,0.97207,0.94373,93,91,0.9785,0.0041,8e-04,0.386,0.0772,0.9846,1.4
"1","medical_deductions <= 621.000 & total_deductions_by_hh_size <= 128.000 & unc_rawben_rel_max <=   0.941 & utilities <=   5.000","ranger",3056,0.95059,0.94373,1571,1506,0.9586,0.0678,0.0325,6.529,0.0772,0.9846,1.4
"1","medical_deductions < 164.00 & shelter_expenses_by_hh_size < 669.00 & total_deductions_by_hh_size < 397.00 & unc_rawben_rel_max >=   0.12","xgboost",19722,0.94641,0.94371,10317,9781,0.948,0.44,0.2989,42.875,0.0772,0.9846,1.4
"1","months_since_cert_n <    2.00 & shelter_expenses_by_hh_size >= 1090.00 & unc_rawben_rel_max >=    1.09","xgboost",465,0.96129,0.94371,252,240,0.9524,0.0108,0.0102,1.047,0.0772,0.9846,1.4
"1","months_since_cert_n >=   4.00 & rawben_rel_max >=   0.58 & unc_rawben_rel_max <   2.22 & utilities >= 875.00","xgboost",1563,0.95329,0.9437,1087,1029,0.9466,0.0463,0.037,4.517,0.0772,0.9846,1.4
"1","shelter_expenses_by_hh_size < 853.000 & unc_rawben_rel_max >=   0.772","xgboost",14869,0.9468,0.94369,7575,7201,0.9506,0.324,0.2617,31.48,0.0772,0.9846,1.4
"1","rawben_rel_max >=    0.811 & shelter_expenses_by_hh_size < 1200.000 & unc_rawben_rel_max >=    0.120 & unc_rawben_rel_max <    1.810","xgboost",17856,0.94652,0.94368,9220,8736,0.9475,0.393,0.3102,38.316,0.0772,0.9846,1.4
"1","cat_elig >=   1.0 & months_since_cert_n <   3.0 & percent_abawd >=   0.5 & total_deductions_by_hh_size < 803.0","xgboost",1620,0.95309,0.94366,878,841,0.9579,0.0378,0.0242,3.649,0.0772,0.9846,1.4
"1","elderly_disabled_i >=   1.000 & rawben_rel_max >=   0.992 & total_deductions_by_hh_size >= 749.000 & unc_rawben_rel_max <   2.520","xgboost",3222,0.95034,0.94366,1814,1716,0.946,0.0772,0.0663,7.539,0.0772,0.9846,1.4
"1","children_i <= 0.5 & expedited_i > 0.5 & medical_deductions <= 0.5","ranger",6876,0.94823,0.94365,3426,3238,0.9451,0.1457,0.137,14.238,0.0772,0.9846,1.4
"1","homeless >=  1.0 & percent_abawd >=  0.5 & total_deductions_by_hh_size < 63.0","xgboost",712,0.95787,0.94365,446,435,0.9753,0.0196,0.01,1.853,0.0772,0.9846,1.4
"1","rawben_rel_max >=  0.251 & total_deductions_by_hh_size >= 30.000 & total_deductions_by_hh_size < 40.000 & unc_rawben_rel_max <  1.230","xgboost",130,0.97692,0.94365,103,93,0.9029,0.0042,0.0046,0.428,0.0772,0.9846,1.4
"1","shelter_expenses_by_hh_size >  14.5 & total_deductions_by_hh_size <= 190.0 & utilities <=  28.5","ranger",2139,0.95185,0.94364,1160,1103,0.9509,0.0496,0.0264,4.821,0.0772,0.9846,1.4
"1","rawben_rel_max >=  0.158 & rawben_rel_max <  0.210 & total_deductions_by_hh_size < 40.000 & unc_rawben_rel_max >=  0.179","xgboost",589,0.95925,0.94362,272,257,0.9449,0.0116,0.0066,1.13,0.0772,0.9846,1.4
"1","months_since_cert_n >=  4.000 & months_since_cert_n <  9.000 & rawben_rel_max <  0.080 & unc_rawben_rel_max < -0.056","xgboost",506,0.96047,0.9436,0,0,NA,0,0,0,0.0772,0.9846,1.4
"1","children_i <=   0.5 & count_divisible_by_100 <=   1.5 & elderly_disabled_i >   0.5 & total_deductions_by_hh_size <= 252.0","ranger",11683,0.9471,0.94359,5989,5672,0.9471,0.2552,0.1486,24.889,0.0772,0.9846,1.4
"1","months_since_cert_n <=  22.5 & shelter_expenses_by_hh_size > 638.0 & total_deductions_by_hh_size <= 300.0","ranger",1811,0.95251,0.94359,1028,989,0.9621,0.0445,0.0191,4.272,0.0772,0.9846,1.4
"1","unc_rawben_rel_max > 0.991 & unc_rawben_rel_max <= 1.930 & utilities > 9.500","ranger",7957,0.94784,0.94359,4080,3865,0.9473,0.1739,0.1638,16.955,0.0772,0.9846,1.4
"1","expedited_i <=    0.500 & rawben_rel_max <=    0.991 & total_deductions_by_hh_size <= 1120.000 & unc_rawben_rel_max <=    0.377","ranger",12046,0.94704,0.94358,5884,5552,0.9436,0.2498,0.1582,24.452,0.0772,0.9846,1.4
"1","rawben_rel_max >  0.085 & unc_rawben_rel_max >  0.991 & unc_rawben_rel_max <=  1.930 & utilities > 12.500","ranger",7956,0.94784,0.94358,4080,3865,0.9473,0.1739,0.1638,16.955,0.0772,0.9846,1.4
"1","rawben_rel_max >=   0.99 & utilities >= 559.00","xgboost",4584,0.94917,0.94356,2491,2367,0.9502,0.1065,0.0902,10.352,0.0772,0.9846,1.4
"1","homeless <=   0.5 & medical_deductions <=   4.5 & shelter_expenses_by_hh_size <= 560.0","ranger",17142,0.94645,0.94355,8891,8423,0.9474,0.3789,0.2786,36.949,0.0772,0.9846,1.4
"1","homeless <= 0.500 & medical_deductions <= 5.000 & percent_abawd <= 0.750 & rawben_rel_max > 0.998","ranger",11547,0.94709,0.94355,6153,5826,0.9469,0.2621,0.2426,25.57,0.0772,0.9846,1.4
"1","elderly_disabled_i < 1.000 & months_since_cert_n < 1.000 & rawben_rel_max >= 0.371","xgboost",1539,0.95322,0.94354,773,744,0.9625,0.0335,0.0203,3.212,0.0772,0.9846,1.4
"1","medical_deductions < 366.000 & rawben_rel_max >=   0.825 & unc_rawben_rel_max <   1.460 & utilities < 612.000","xgboost",14666,0.94668,0.94354,7478,7105,0.9501,0.3196,0.2427,31.077,0.0772,0.9846,1.4
"1","medical_deductions <=  0.500 & rawben_rel_max <=  0.218 & utilities > 10.500","ranger",4768,0.94904,0.94354,2262,2142,0.9469,0.0964,0.0706,9.4,0.0772,0.9846,1.4
"1","elderly_disabled_i >   0.500 & rawben_rel_max <=   0.991 & total_deductions_by_hh_size <= 762.000 & unc_rawben_rel_max <=   0.479","ranger",13424,0.94681,0.94353,6605,6245,0.9455,0.281,0.1544,27.449,0.0772,0.9846,1.4
"1","months_since_cert_n <   5.000 & rawben_rel_max <   0.164 & shelter_expenses_by_hh_size < 500.000 & unc_rawben_rel_max <   2.520","xgboost",971,0.95572,0.94353,423,403,0.9527,0.0181,0.0128,1.758,0.0772,0.9846,1.4
"1","shelter_expenses_by_hh_size >= 305.00 & shelter_expenses_by_hh_size < 376.00 & unc_rawben_rel_max <   0.43","xgboost",1070,0.95514,0.94353,590,545,0.9237,0.0245,0.0197,2.452,0.0772,0.9846,1.4
"1","homeless > 0.500 & months_since_cert_n > 7.500 & unc_rawben_rel_max > 0.991","ranger",629,0.95866,0.94352,303,294,0.9703,0.0132,0.0084,1.259,0.0772,0.9846,1.4
"1","count_divisible_by_100 <= 1.500 & rawben_rel_max > 0.991 & unc_rawben_rel_max <= 1.930 & utilities > 9.500","ranger",7927,0.94777,0.94351,4062,3848,0.9473,0.1731,0.1628,16.881,0.0772,0.9846,1.4
"1","medical_deductions > 116.000 & total_deductions_by_hh_size > 377.000 & unc_rawben_rel_max <=   0.323","ranger",791,0.95702,0.94351,348,329,0.9454,0.0148,0.0067,1.446,0.0772,0.9846,1.4
"1","children_i <=   0.5 & homeless <=   0.5 & shelter_expenses_by_hh_size >   5.5 & total_deductions_by_hh_size <= 184.0","ranger",7724,0.94782,0.9435,3974,3740,0.9411,0.1683,0.1095,16.515,0.0772,0.9846,1.4
"1","shelter_expenses_by_hh_size >=  608 & shelter_expenses_by_hh_size < 1350 & total_deductions_by_hh_size >=  418 & utilities >=  784","xgboost",3081,0.95034,0.9435,2040,1903,0.9328,0.0856,0.0767,8.478,0.0772,0.9846,1.4
"1","total_deductions_by_hh_size < 397","xgboost",26800,0.94582,0.9435,13717,13005,0.9481,0.5851,0.382,57.005,0.0772,0.9846,1.4
"1","count_divisible_by_100 >  0.500 & elderly_disabled_i <=  0.500 & shelter_expenses_by_hh_size > 14.500 & unc_rawben_rel_max >  0.884","ranger",463,0.96112,0.94347,283,263,0.9293,0.0118,0.0155,1.176,0.0772,0.9846,1.4
"1","rawben_rel_max <   0.251 & unc_rawben_rel_max <   1.990 & utilities >= 493.000 & utilities < 600.000","xgboost",1049,0.9552,0.94347,448,429,0.9576,0.0193,0.0126,1.862,0.0772,0.9846,1.4
"1","expedited_i >=    1 & shelter_expenses_by_hh_size < 1640","xgboost",6906,0.94802,0.94344,3436,3247,0.945,0.1461,0.1353,14.279,0.0772,0.9846,1.4
"1","rawben_rel_max >=    0.892 & shelter_expenses_by_hh_size < 1100.000","xgboost",16619,0.94639,0.94344,8570,8111,0.9464,0.3649,0.3118,35.615,0.0772,0.9846,1.4
"1","months_since_cert_n <  16.00 & total_deductions_by_hh_size >= 386.00 & unc_rawben_rel_max >=   1.46 & utilities >= 852.00","xgboost",587,0.95911,0.94343,387,360,0.9302,0.0162,0.0203,1.608,0.0772,0.9846,1.4
"1","cat_elig <= 2.5 & elderly_disabled_i > 0.5 & homeless <= 0.5 & shelter_expenses_by_hh_size <= 5.5","ranger",2016,0.95188,0.94342,1042,1003,0.9626,0.0451,0.0247,4.33,0.0772,0.9846,1.4
"1","elderly_disabled_i <=  0.500 & homeless >  0.500 & months_since_cert_n > 10.500 & rawben_rel_max >  0.966","ranger",178,0.97191,0.94342,101,101,1,0.0045,0,0.42,0.0772,0.9846,1.4
"1","expedited_i <= 0.5 & months_since_cert_n <= 5.5 & utilities <= 9.5","ranger",6165,0.94826,0.94342,3314,3158,0.9529,0.1421,0.0938,13.772,0.0772,0.9846,1.4
"1","shelter_expenses_by_hh_size <= 1650.0 & total_deductions_by_hh_size >   61.3 & utilities >  808.0","ranger",3415,0.94993,0.94342,2185,2069,0.9469,0.0931,0.0694,9.08,0.0772,0.9846,1.4
"1","children_i <= 0.500 & rawben_rel_max > 0.991 & total_deductions_by_hh_size > 7.800 & unc_rawben_rel_max <= 1.950","ranger",8739,0.94748,0.94341,4510,4265,0.9457,0.1919,0.1848,18.742,0.0772,0.9846,1.4
"1","married <= 0.50 & months_since_cert_n <= 5.50 & percent_abawd > 0.75","ranger",3526,0.9498,0.9434,1906,1823,0.9565,0.082,0.0536,7.921,0.0772,0.9846,1.4
"1","medical_deductions < 129.000 & months_since_cert_n <  14.000 & rawben_rel_max <   0.188","xgboost",4682,0.94895,0.9434,2129,2021,0.9493,0.0909,0.0716,8.848,0.0772,0.9846,1.4
"1","expedited_i <   1.000 & percent_abawd <   0.500 & rawben_rel_max <   0.371 & utilities >= 376.000","xgboost",5015,0.94875,0.94339,2483,2340,0.9424,0.1053,0.0629,10.319,0.0772,0.9846,1.4
"1","cat_elig <   2.000 & homeless <   1.000 & rawben_rel_max >=   0.644 & shelter_expenses_by_hh_size < 603.000","xgboost",6364,0.94815,0.94338,4887,4642,0.9499,0.2088,0.1777,20.309,0.0772,0.9846,1.4
"1","elderly_disabled_i >   0.5 & married <=   0.5 & months_since_cert_n <=  38.5 & total_deductions_by_hh_size <= 248.0","ranger",11494,0.94693,0.94338,5903,5594,0.9477,0.2517,0.146,24.531,0.0772,0.9846,1.4
"1","medical_deductions <  478.000 & months_since_cert_n <   18.000 & shelter_expenses_by_hh_size < 1060.000 & unc_rawben_rel_max >=    0.836","xgboost",15931,0.94639,0.94338,8247,7829,0.9493,0.3522,0.2849,34.273,0.0772,0.9846,1.4
"1","medical_deductions <   5.000 & rawben_rel_max >=   0.896 & unc_rawben_rel_max <   1.210 & utilities < 789.000","xgboost",9080,0.94736,0.94337,6645,6350,0.9556,0.2857,0.1938,27.615,0.0772,0.9846,1.4
"1","months_since_cert_n <=    5.5 & shelter_expenses_by_hh_size <= 1660.0 & total_deductions_by_hh_size >    7.8 & unc_rawben_rel_max >    1.0","ranger",4791,0.94886,0.94337,2372,2268,0.9562,0.102,0.0792,9.857,0.0772,0.9846,1.4
"1","count_divisible_by_100 <=   1.500 & rawben_rel_max >   0.991 & total_deductions_by_hh_size >  28.900 & utilities > 451.000","ranger",6011,0.94826,0.94336,3126,2963,0.9479,0.1333,0.1214,12.991,0.0772,0.9846,1.4
"1","percent_abawd <   0.5000 & rawben_rel_max >=   0.0928 & rawben_rel_max <   0.2680 & utilities < 452.0000","xgboost",3167,0.95011,0.94335,1501,1415,0.9427,0.0637,0.038,6.238,0.0772,0.9846,1.4
"1","homeless >  0.500 & rawben_rel_max <=  0.449 & utilities <= 32.000","ranger",291,0.96564,0.94334,141,129,0.9149,0.0058,0.0072,0.586,0.0772,0.9846,1.4
"1","count_divisible_by_100 >   0.500 & medical_deductions <= 218.000 & percent_abawd >   0.500 & rawben_rel_max >   0.832","ranger",201,0.97015,0.94332,109,100,0.9174,0.0045,0.0077,0.453,0.0772,0.9846,1.4
"1","homeless <= 0.500 & months_since_cert_n <= 5.500 & rawben_rel_max <= 0.264 & shelter_expenses_by_hh_size > 5.500","ranger",3463,0.94975,0.94329,1514,1446,0.9551,0.0651,0.0351,6.292,0.0772,0.9846,1.4
"1","months_since_cert_n >=  18.000 & rawben_rel_max <   0.504 & total_deductions_by_hh_size < 542.000 & utilities < 361.000","xgboost",1261,0.954,0.94329,613,579,0.9445,0.026,0.0144,2.547,0.0772,0.9846,1.4
"1","cat_elig <=   0.5 & medical_deductions > 138.0 & total_deductions_by_hh_size >  65.5 & total_deductions_by_hh_size <= 272.0","ranger",45,1,0.94328,19,18,0.9474,8e-04,2e-04,0.079,0.0772,0.9846,1.4
"1","medical_deductions <=   22.500 & unc_rawben_rel_max <=    0.268 & utilities <= 1170.000","ranger",8042,0.94753,0.94328,3759,3558,0.9465,0.1601,0.116,15.621,0.0772,0.9846,1.4
"1","months_since_cert_n < 5.000 & rawben_rel_max < 0.164 & unc_rawben_rel_max < 2.520","xgboost",2315,0.95119,0.94328,1055,1007,0.9545,0.0453,0.0307,4.384,0.0772,0.9846,1.4
"1","total_deductions_by_hh_size < 1060.00 & unc_rawben_rel_max <    1.24 & utilities <   74.00","xgboost",16916,0.9462,0.94328,8799,8365,0.9507,0.3763,0.2589,36.567,0.0772,0.9846,1.4
"1","shelter_expenses_by_hh_size < 723.00 & unc_rawben_rel_max <   1.46 & utilities < 583.00","xgboost",24712,0.94569,0.94327,12697,12016,0.9464,0.5406,0.3671,52.766,0.0772,0.9846,1.4
"1","medical_deductions <= 168.00 & unc_rawben_rel_max >   1.00 & unc_rawben_rel_max <=   1.93 & utilities >   9.50","ranger",7671,0.94759,0.94325,3934,3729,0.9479,0.1678,0.158,16.349,0.0772,0.9846,1.4
"1","married <   1.000 & medical_deductions < 265.000 & unc_rawben_rel_max >=   0.972","xgboost",19234,0.94598,0.94324,10026,9483,0.9458,0.4266,0.3962,41.666,0.0772,0.9846,1.4
"1","married <= 0.500 & rawben_rel_max > 0.991 & total_deductions_by_hh_size > 2.800 & unc_rawben_rel_max <= 1.930","ranger",8969,0.94726,0.94324,4605,4353,0.9453,0.1958,0.1913,19.137,0.0772,0.9846,1.4
"1","percent_abawd <=  0.75 & utilities <= 28.50","ranger",12156,0.94669,0.94324,6139,5813,0.9469,0.2615,0.2028,25.512,0.0772,0.9846,1.4
"1","children_i <   1.00 & expedited_i >=   1.00 & unc_rawben_rel_max >=   1.19 & utilities >= 487.00","xgboost",787,0.9568,0.94323,366,351,0.959,0.0158,0.0118,1.521,0.0772,0.9846,1.4
"1","expedited_i <=  0.5 & months_since_cert_n > 36.5 & utilities >  8.0","ranger",129,0.97674,0.94323,68,65,0.9559,0.0029,0.0017,0.283,0.0772,0.9846,1.4
"1","rawben_rel_max >=   0.241 & shelter_expenses_by_hh_size >= 500.000 & total_deductions_by_hh_size < 221.000 & utilities >=  27.000","xgboost",1005,0.95522,0.94321,678,638,0.941,0.0287,0.018,2.818,0.0772,0.9846,1.4
"1","elderly_disabled_i > 0.500 & rawben_rel_max > 0.991 & unc_rawben_rel_max <= 1.960","ranger",5275,0.94844,0.94319,2764,2609,0.9439,0.1174,0.1068,11.487,0.0772,0.9846,1.4
"1","months_since_cert_n <   5.000 & rawben_rel_max <   0.172 & utilities < 585.000","xgboost",2084,0.95154,0.94319,943,901,0.9555,0.0405,0.0268,3.919,0.0772,0.9846,1.4
"1","cat_elig > 0.50 & unc_rawben_rel_max <= 1.95 & utilities <= 5.00","ranger",12832,0.94654,0.94318,6683,6334,0.9478,0.285,0.2281,27.773,0.0772,0.9846,1.4
"1","elderly_disabled_i >   0.5 & months_since_cert_n <=   5.5 & total_deductions_by_hh_size <= 280.0 & utilities <=  26.0","ranger",1874,0.95197,0.94318,947,910,0.9609,0.0409,0.0183,3.936,0.0772,0.9846,1.4
"1","medical_deductions <= 130.000 & rawben_rel_max <=   0.991 & total_deductions_by_hh_size <= 293.000 & unc_rawben_rel_max <=   0.477","ranger",9853,0.94702,0.94318,5075,4799,0.9456,0.2159,0.1324,21.09,0.0772,0.9846,1.4
"1","rawben_rel_max > 0.991 & unc_rawben_rel_max <= 1.940 & utilities > 9.500","ranger",7972,0.94744,0.94318,4087,3871,0.9471,0.1741,0.1646,16.985,0.0772,0.9846,1.4
"1","cat_elig <   2.000 & medical_deductions >= 167.000 & rawben_rel_max <   0.268","xgboost",290,0.96552,0.94315,186,177,0.9516,0.008,0.0036,0.773,0.0772,0.9846,1.4
"1","months_since_cert_n >=    2 & months_since_cert_n <    6 & shelter_expenses_by_hh_size < 1560 & total_deductions_by_hh_size <  508","xgboost",10538,0.94686,0.94315,5333,5078,0.9522,0.2285,0.133,22.163,0.0772,0.9846,1.4
"1","shelter_expenses_by_hh_size >= 1040.000 & total_deductions_by_hh_size <  792.000 & unc_rawben_rel_max <   -0.004 & utilities <  600.000","xgboost",290,0.96552,0.94315,149,144,0.9664,0.0065,0.0051,0.619,0.0772,0.9846,1.4
"1","elderly_disabled_i <    1.000 & rawben_rel_max >=    0.992 & shelter_expenses_by_hh_size >=   80.000 & shelter_expenses_by_hh_size < 1220.000","xgboost",3416,0.94965,0.94313,1678,1601,0.9541,0.072,0.0633,6.973,0.0772,0.9846,1.4
"1","cat_elig <= 0.5 & elderly_disabled_i <= 0.5 & months_since_cert_n > 5.5","ranger",376,0.96277,0.94312,206,203,0.9854,0.0091,0.0016,0.856,0.0772,0.9846,1.4
"1","elderly_disabled_i >   0.500 & months_since_cert_n <=   6.500 & rawben_rel_max >   0.991 & utilities > 460.000","ranger",1412,0.95326,0.94312,732,694,0.9481,0.0312,0.0292,3.042,0.0772,0.9846,1.4
"1","expedited_i <= 0.500 & medical_deductions <= 3.500 & months_since_cert_n > 5.500 & rawben_rel_max <= 0.414","ranger",6480,0.94784,0.94311,3323,3131,0.9422,0.1409,0.0924,13.81,0.0772,0.9846,1.4
"1","expedited_i > 0.50 & unc_rawben_rel_max <= 1.93","ranger",7011,0.94765,0.9431,3471,3287,0.947,0.1479,0.1294,14.425,0.0772,0.9846,1.4
"1","expedited_i > 0.500 & months_since_cert_n > 4.500 & months_since_cert_n <= 5.500 & rawben_rel_max > 0.991","ranger",460,0.96087,0.9431,251,240,0.9562,0.0108,0.0095,1.043,0.0772,0.9846,1.4
"1","months_since_cert_n >    5.5 & shelter_expenses_by_hh_size <= 2450.0 & utilities >  864.0","ranger",1642,0.9525,0.94309,1123,1051,0.9359,0.0473,0.0447,4.667,0.0772,0.9846,1.4
"1","total_deductions_by_hh_size < 376 & utilities >= 361 & utilities < 596","xgboost",5744,0.94812,0.94309,3145,2981,0.9479,0.1341,0.0696,13.07,0.0772,0.9846,1.4
"1","expedited_i >= 1.0000 & rawben_rel_max >= 0.0928","xgboost",6972,0.94765,0.94308,3473,3284,0.9456,0.1477,0.1324,14.433,0.0772,0.9846,1.4
"1","shelter_expenses_by_hh_size <= 1990.000 & total_deductions_by_hh_size >    8.800 & unc_rawben_rel_max >    0.991 & unc_rawben_rel_max <=    1.930","ranger",8852,0.94713,0.94308,4531,4285,0.9457,0.1928,0.1851,18.83,0.0772,0.9846,1.4
"1","shelter_expenses_by_hh_size >= 1040.000 & unc_rawben_rel_max <   -0.004 & utilities >=  600.000","xgboost",333,0.96396,0.94308,167,159,0.9521,0.0072,0.0062,0.694,0.0772,0.9846,1.4
"1","cat_elig > 1.50 & children_i <= 0.50 & rawben_rel_max <= 0.24 & utilities > 8.00","ranger",2231,0.95114,0.94307,157,150,0.9554,0.0067,0.004,0.652,0.0772,0.9846,1.4
"1","months_since_cert_n <= 5.500 & rawben_rel_max <= 0.995 & unc_rawben_rel_max <= 0.264","ranger",4007,0.94909,0.94307,1759,1674,0.9517,0.0753,0.0489,7.31,0.0772,0.9846,1.4
"1","total_deductions_by_hh_size >=   9 & total_deductions_by_hh_size < 910 & utilities >= 819","xgboost",2589,0.95056,0.94307,1609,1520,0.9447,0.0684,0.0542,6.687,0.0772,0.9846,1.4
"1","cat_elig >=   1.000 & elderly_disabled_i >=   1.000 & rawben_rel_max <   0.524 & shelter_expenses_by_hh_size < 469.000","xgboost",5023,0.94844,0.94306,2514,2379,0.9463,0.107,0.0566,10.448,0.0772,0.9846,1.4
"1","months_since_cert_n >   5.5 & total_deductions_by_hh_size >   2.7 & total_deductions_by_hh_size <= 296.0 & utilities > 360.0","ranger",2570,0.95058,0.94306,1411,1335,0.9461,0.0601,0.0333,5.864,0.0772,0.9846,1.4
"1","cat_elig <=  0.500 & count_divisible_by_100 <=  0.500 & rawben_rel_max >  0.991 & utilities > 14.500","ranger",501,0.96008,0.94305,245,234,0.9551,0.0105,0.0091,1.018,0.0772,0.9846,1.4
"1","married <=   0.5 & months_since_cert_n >   5.5 & shelter_expenses_by_hh_size <= 704.0 & utilities <=  12.5","ranger",5243,0.94831,0.94305,2766,2615,0.9454,0.1176,0.0983,11.495,0.0772,0.9846,1.4
"1","cat_elig > 0.500 & homeless <= 0.500 & rawben_rel_max > 0.991","ranger",13561,0.94632,0.94304,7202,6800,0.9442,0.3059,0.304,29.93,0.0772,0.9846,1.4
"1","medical_deductions < 144 & months_since_cert_n <   7 & total_deductions_by_hh_size < 523","xgboost",17494,0.94592,0.94304,8755,8321,0.9504,0.3743,0.234,36.384,0.0772,0.9846,1.4
"1","months_since_cert_n <    6 & shelter_expenses_by_hh_size <  760 & utilities < 1010","xgboost",15185,0.94613,0.94304,7667,7289,0.9507,0.3279,0.2142,31.862,0.0772,0.9846,1.4
"1","rawben_rel_max >   0.991 & shelter_expenses_by_hh_size >   5.500 & utilities > 451.000","ranger",6033,0.94795,0.94304,3135,2972,0.948,0.1337,0.1214,13.028,0.0772,0.9846,1.4
"1","expedited_i <=   0.5000 & homeless <=   0.5000 & rawben_rel_max >   0.0887 & total_deductions_by_hh_size <= 189.0000","ranger",10135,0.94682,0.94303,5555,5246,0.9444,0.236,0.1667,23.085,0.0772,0.9846,1.4
"1","homeless >  0.5 & months_since_cert_n > 12.5 & percent_abawd <=  0.5 & total_deductions_by_hh_size <= 18.8","ranger",153,0.97386,0.94303,69,69,1,0.0031,0,0.287,0.0772,0.9846,1.4
"1","months_since_cert_n >=   2.00 & rawben_rel_max <   0.32 & utilities < 430.00","xgboost",6307,0.94784,0.94303,3181,3011,0.9466,0.1355,0.0878,13.219,0.0772,0.9846,1.4
"1","cat_elig > 0.500 & elderly_disabled_i > 0.500 & rawben_rel_max > 0.991 & unc_rawben_rel_max <= 1.960","ranger",4946,0.94844,0.94302,2590,2448,0.9452,0.1101,0.0973,10.763,0.0772,0.9846,1.4
"1","medical_deductions >=  14 & medical_deductions < 167 & total_deductions_by_hh_size < 269","xgboost",704,0.95739,0.94301,334,318,0.9521,0.0143,0.0083,1.388,0.0772,0.9846,1.4
"1","count_divisible_by_100 <  1 & months_since_cert_n < 28 & utilities < 47","xgboost",15697,0.94604,0.943,8178,7763,0.9493,0.3492,0.2602,33.986,0.0772,0.9846,1.4
"1","elderly_disabled_i <   1.000 & rawben_rel_max >=   0.818 & total_deductions_by_hh_size >=   9.000 & utilities >= 475.000","xgboost",2227,0.95106,0.94297,1023,966,0.9443,0.0435,0.0426,4.251,0.0772,0.9846,1.4
"1","count_divisible_by_100 <= 1.500 & elderly_disabled_i > 0.500 & medical_deductions <= 0.500 & rawben_rel_max <= 0.475","ranger",11587,0.94649,0.94295,5794,5479,0.9456,0.2465,0.1388,24.078,0.0772,0.9846,1.4
"1","cat_elig <   2.0 & months_since_cert_n <   1.0 & unc_rawben_rel_max >=   1.2 & utilities < 596.0","xgboost",783,0.95658,0.94294,555,540,0.973,0.0243,0.0125,2.306,0.0772,0.9846,1.4
"1","cat_elig >= 1 & elderly_disabled_i < 1 & months_since_cert_n < 5","xgboost",8301,0.94711,0.94293,4229,4031,0.9532,0.1813,0.1328,17.575,0.0772,0.9846,1.4
"1","rawben_rel_max <=   0.453 & shelter_expenses_by_hh_size >  29.500 & shelter_expenses_by_hh_size <= 558.000","ranger",6311,0.94771,0.94291,3066,2885,0.941,0.1298,0.0801,12.742,0.0772,0.9846,1.4
"1","count_divisible_by_100 <=   1.5 & expedited_i >   0.5 & married <=   0.5 & medical_deductions <= 134.0","ranger",6986,0.94747,0.9429,3479,3288,0.9451,0.1479,0.1382,14.458,0.0772,0.9846,1.4
"1","elderly_disabled_i >= 1.000 & months_since_cert_n >= 5.000 & rawben_rel_max < 0.447","xgboost",9075,0.94689,0.94288,4551,4306,0.9462,0.1937,0.1034,18.913,0.0772,0.9846,1.4
"1","rawben_rel_max >=   0.496 & shelter_expenses_by_hh_size < 764.000 & utilities < 340.000","xgboost",13253,0.9462,0.94288,6646,6334,0.9531,0.285,0.2083,27.619,0.0772,0.9846,1.4
"1","cat_elig >=  1.000 & rawben_rel_max <  0.668 & total_deductions_by_hh_size < 96.000","xgboost",5337,0.9481,0.94287,2774,2626,0.9466,0.1181,0.0655,11.528,0.0772,0.9846,1.4
"1","children_i <=  0.50 & expedited_i <=  0.50 & unc_rawben_rel_max <=  1.51 & utilities <= 28.50","ranger",10340,0.94662,0.94286,5511,5235,0.9499,0.2355,0.1667,22.902,0.0772,0.9846,1.4
"1","children_i <= 0.500 & elderly_disabled_i > 0.500 & rawben_rel_max > 0.991 & unc_rawben_rel_max <= 1.970","ranger",5281,0.94812,0.94286,2769,2614,0.944,0.1176,0.1066,11.507,0.0772,0.9846,1.4
"1","elderly_disabled_i >=   1.000 & months_since_cert_n >=   5.000 & rawben_rel_max >=   0.818 & utilities >= 912.000","xgboost",762,0.95669,0.94286,794,757,0.9534,0.0341,0.0247,3.3,0.0772,0.9846,1.4
"1","married <=   0.5 & months_since_cert_n >   5.5 & shelter_expenses_by_hh_size <= 344.0","ranger",5463,0.94801,0.94285,2790,2654,0.9513,0.1194,0.0932,11.595,0.0772,0.9846,1.4
"1","months_since_cert_n < 3.000 & unc_rawben_rel_max >= 0.691","xgboost",7672,0.94721,0.94285,3919,3718,0.9487,0.1673,0.1242,16.286,0.0772,0.9846,1.4
"1","cat_elig >=   1.000 & homeless >=   1.000 & medical_deductions < 126.000 & rawben_rel_max >=   0.524","xgboost",3008,0.9498,0.94284,1460,1400,0.9589,0.063,0.0414,6.067,0.0772,0.9846,1.4
"1","children_i <=   0.5 & elderly_disabled_i >   0.5 & shelter_expenses_by_hh_size <= 552.0 & total_deductions_by_hh_size <= 238.0","ranger",8995,0.94686,0.94283,4431,4188,0.9452,0.1884,0.1137,18.414,0.0772,0.9846,1.4
"1","cat_elig >  0.5 & homeless >  0.5 & months_since_cert_n <= 23.5","ranger",3360,0.9494,0.94282,1666,1578,0.9472,0.071,0.059,6.923,0.0772,0.9846,1.4
"1","count_divisible_by_100 <= 0.500 & homeless <= 0.500 & percent_abawd <= 0.750 & rawben_rel_max > 0.991","ranger",11489,0.94638,0.94282,6051,5716,0.9446,0.2572,0.2488,25.146,0.0772,0.9846,1.4
"1","count_divisible_by_100 > 0.500 & elderly_disabled_i <= 0.500 & unc_rawben_rel_max > 0.967","ranger",601,0.9584,0.94282,331,310,0.9366,0.0139,0.0169,1.376,0.0772,0.9846,1.4
"1","total_deductions_by_hh_size <  43 & utilities >=  80 & utilities < 329","xgboost",540,0.95926,0.94282,198,184,0.9293,0.0083,0.0056,0.823,0.0772,0.9846,1.4
"1","utilities < 44","xgboost",16348,0.9458,0.94282,8449,8012,0.9483,0.3604,0.2755,35.112,0.0772,0.9846,1.4
"1","months_since_cert_n >=  7.000 & total_deductions_by_hh_size < 92.000 & unc_rawben_rel_max <  0.302 & utilities >= 29.000","xgboost",1672,0.95215,0.94281,850,806,0.9482,0.0363,0.0169,3.532,0.0772,0.9846,1.3
"1","medical_deductions < 179.000 & rawben_rel_max >=   0.928 & unc_rawben_rel_max >=   0.972","xgboost",19339,0.94555,0.9428,10059,9517,0.9461,0.4282,0.3951,41.803,0.0772,0.9846,1.3
"1","medical_deductions <= 83.000 & unc_rawben_rel_max <=  0.277","ranger",8319,0.94699,0.9428,3928,3718,0.9465,0.1673,0.1201,16.324,0.0772,0.9846,1.3
"1","months_since_cert_n >   5.500 & rawben_rel_max <=   0.087 & total_deductions_by_hh_size > 212.000 & total_deductions_by_hh_size <= 256.000","ranger",128,0.97656,0.9428,65,63,0.9692,0.0028,9e-04,0.27,0.0772,0.9846,1.3
"1","homeless <= 0.500 & married <= 0.500 & percent_abawd <= 0.750 & unc_rawben_rel_max > 0.991","ranger",11933,0.94628,0.94279,6344,5993,0.9447,0.2696,0.2605,26.364,0.0772,0.9846,1.3
"1","rawben_rel_max >= 0.984","xgboost",19262,0.94554,0.94279,10049,9511,0.9465,0.4279,0.3938,41.761,0.0772,0.9846,1.3
"1","shelter_expenses_by_hh_size < 1040.000 & total_deductions_by_hh_size <  500.000 & unc_rawben_rel_max <    0.412","xgboost",10960,0.94644,0.94279,5385,5076,0.9426,0.2284,0.1481,22.379,0.0772,0.9846,1.3
"1","cat_elig >   0.500 & rawben_rel_max >   0.991 & shelter_expenses_by_hh_size >  14.500 & utilities > 460.000","ranger",5621,0.94787,0.94278,2978,2827,0.9493,0.1272,0.1119,12.376,0.0772,0.9846,1.3
"1","rawben_rel_max <   0.316 & total_deductions_by_hh_size >=  87.000 & total_deductions_by_hh_size < 198.000 & unc_rawben_rel_max <   1.150","xgboost",1614,0.95229,0.94278,737,701,0.9512,0.0315,0.0195,3.063,0.0772,0.9846,1.3
"1","children_i < 1 & count_divisible_by_100 < 1 & expedited_i >= 1","xgboost",6715,0.94743,0.94277,3356,3165,0.9431,0.1424,0.1349,13.947,0.0772,0.9846,1.3
"1","months_since_cert_n >=  21 & months_since_cert_n <  32 & total_deductions_by_hh_size < 269","xgboost",1288,0.95342,0.94277,637,591,0.9278,0.0266,0.0193,2.647,0.0772,0.9846,1.3
"1","expedited_i <=  0.5 & months_since_cert_n <= 10.5 & utilities <= 26.0","ranger",8730,0.94685,0.94276,4652,4417,0.9495,0.1987,0.1468,19.333,0.0772,0.9846,1.3
"1","medical_deductions < 42.0000 & months_since_cert_n >=  8.0000 & rawben_rel_max <  0.0928","xgboost",1917,0.95149,0.94276,978,926,0.9468,0.0417,0.0344,4.064,0.0772,0.9846,1.3
"1","cat_elig >  0.5 & married <=  0.5 & utilities <= 14.5","ranger",12825,0.94612,0.94275,6685,6333,0.9473,0.2849,0.2293,27.781,0.0772,0.9846,1.3
"1","children_i <=   0.500 & rawben_rel_max <=   0.255 & shelter_expenses_by_hh_size > 680.000","ranger",3430,0.94927,0.94275,1673,1602,0.9576,0.0721,0.0442,6.953,0.0772,0.9846,1.3
"1","cat_elig >  0.5 & children_i <=  0.5 & utilities <= 30.5","ranger",13147,0.94607,0.94274,6855,6501,0.9484,0.2925,0.2306,28.488,0.0772,0.9846,1.3
"1","unc_rawben_rel_max <  2.52 & utilities < 45.00","xgboost",16432,0.94572,0.94273,8479,8043,0.9486,0.3618,0.2742,35.237,0.0772,0.9846,1.3
"1","cat_elig >  1.50 & rawben_rel_max <=  0.24 & utilities > 26.00","ranger",2236,0.95081,0.94272,157,150,0.9554,0.0067,0.004,0.652,0.0772,0.9846,1.3
"1","cat_elig <  1.000 & months_since_cert_n < 26.000 & rawben_rel_max <  0.464","xgboost",1402,0.95292,0.94271,676,652,0.9645,0.0293,0.0098,2.809,0.0772,0.9846,1.3
"1","months_since_cert_n >=   8.000 & months_since_cert_n <  25.000 & rawben_rel_max <   0.432 & utilities < 488.000","xgboost",4387,0.94848,0.94271,2273,2142,0.9424,0.0964,0.0634,9.446,0.0772,0.9846,1.3
"1","married <   1 & months_since_cert_n >=   7 & shelter_expenses_by_hh_size < 197","xgboost",3520,0.94915,0.9427,1894,1804,0.9525,0.0812,0.0663,7.871,0.0772,0.9846,1.3
"1","medical_deductions <    4.000 & rawben_rel_max >=    0.892 & total_deductions_by_hh_size < 1010.000","xgboost",19142,0.94546,0.9427,9960,9413,0.9451,0.4235,0.3821,41.391,0.0772,0.9846,1.3
"1","medical_deductions < 101.000 & percent_abawd <   1.000 & unc_rawben_rel_max <  -0.495","xgboost",720,0.95694,0.9427,326,312,0.9571,0.014,0.0144,1.355,0.0772,0.9846,1.3
"1","elderly_disabled_i < 1.00 & rawben_rel_max >= 0.24 & unc_rawben_rel_max >= 0.00","xgboost",14771,0.94584,0.94269,7665,7273,0.9489,0.3272,0.2712,31.854,0.0772,0.9846,1.3
"1","shelter_expenses_by_hh_size >= 863 & total_deductions_by_hh_size < 792 & utilities >= 724","xgboost",2833,0.94988,0.94269,1431,1335,0.9329,0.0601,0.0562,5.947,0.0772,0.9846,1.3
"1","cat_elig >   0.5 & married <=   0.5 & medical_deductions <= 282.0 & utilities <=  30.5","ranger",13276,0.94599,0.94267,6898,6545,0.9488,0.2944,0.2303,28.666,0.0772,0.9846,1.3
"1","married <=   0.500 & medical_deductions <= 752.000 & months_since_cert_n >   5.500 & rawben_rel_max <=   0.381","ranger",7430,0.94711,0.94267,3754,3535,0.9417,0.159,0.1068,15.601,0.0772,0.9846,1.3
"1","cat_elig <  1 & elderly_disabled_i <  1 & months_since_cert_n >=  6 & months_since_cert_n < 22","xgboost",373,0.96247,0.94266,204,201,0.9853,0.009,0.0016,0.848,0.0772,0.9846,1.3
"1","cat_elig >=   1 & months_since_cert_n <   4 & shelter_expenses_by_hh_size < 646 & total_deductions_by_hh_size < 418","xgboost",7320,0.94713,0.94266,3717,3555,0.9564,0.1599,0.0964,15.447,0.0772,0.9846,1.3
"1","medical_deductions < 117 & total_deductions_by_hh_size >= 478 & utilities >= 819 & utilities < 992","xgboost",2421,0.95043,0.94266,1312,1239,0.9444,0.0557,0.0464,5.452,0.0772,0.9846,1.3
"1","rawben_rel_max <   0.251 & unc_rawben_rel_max <   1.990 & utilities >= 493.000","xgboost",2102,0.951,0.94266,1007,953,0.9464,0.0429,0.0339,4.185,0.0772,0.9846,1.3
"1","homeless <=   0.5 & medical_deductions <= 152.0 & utilities <=  14.5","ranger",11704,0.94617,0.94264,6235,5911,0.948,0.2659,0.2066,25.911,0.0772,0.9846,1.3
"1","medical_deductions < 96.000 & months_since_cert_n <  2.000 & rawben_rel_max >=  0.656 & unc_rawben_rel_max <  2.520","xgboost",4858,0.94813,0.94264,2520,2396,0.9508,0.1078,0.0784,10.473,0.0772,0.9846,1.3
"1","cat_elig >   1.500 & rawben_rel_max <=   0.987 & shelter_expenses_by_hh_size > 282.000 & total_deductions_by_hh_size <= 187.000","ranger",1438,0.95271,0.94262,130,124,0.9538,0.0056,0.0026,0.54,0.0772,0.9846,1.3
"1","cat_elig <   2 & months_since_cert_n <   4 & utilities < 339","xgboost",6078,0.94752,0.94261,4112,3911,0.9511,0.1759,0.1199,17.088,0.0772,0.9846,1.3
"1","medical_deductions < 164.000 & months_since_cert_n >=   1.000 & rawben_rel_max >=   0.152 & rawben_rel_max <   0.232","xgboost",2025,0.95111,0.94261,1021,969,0.9491,0.0436,0.0221,4.243,0.0772,0.9846,1.3
"1","months_since_cert_n >   5.5 & months_since_cert_n <=  34.5 & shelter_expenses_by_hh_size <= 734.0 & utilities <=  29.5","ranger",5385,0.94782,0.9426,2839,2683,0.9451,0.1207,0.1025,11.798,0.0772,0.9846,1.3
"1","months_since_cert_n <= 5.50 & percent_abawd > 0.75","ranger",3550,0.94901,0.94259,1927,1842,0.9559,0.0829,0.0546,8.008,0.0772,0.9846,1.3
"1","total_deductions_by_hh_size >= 422.000 & unc_rawben_rel_max >=  -0.639 & unc_rawben_rel_max <   0.056","xgboost",798,0.95614,0.94259,350,326,0.9314,0.0147,0.0161,1.455,0.0772,0.9846,1.3
"1","children_i <= 0.500 & months_since_cert_n <= 5.500 & rawben_rel_max > 0.991 & utilities > 9.500","ranger",4138,0.94853,0.94258,2084,1981,0.9506,0.0891,0.079,8.661,0.0772,0.9846,1.3
"1","expedited_i <   1 & shelter_expenses_by_hh_size < 939 & utilities <  29","xgboost",10560,0.94631,0.94258,5603,5321,0.9497,0.2394,0.1742,23.285,0.0772,0.9846,1.3
"1","expedited_i >   0.5 & married <=   0.5 & medical_deductions <= 134.0","ranger",7001,0.94715,0.94258,3487,3292,0.9441,0.1481,0.1409,14.491,0.0772,0.9846,1.3
"1","months_since_cert_n <  18.000 & total_deductions_by_hh_size < 633.000 & unc_rawben_rel_max >=   0.684","xgboost",16263,0.94558,0.94258,8844,8349,0.944,0.3756,0.3229,36.754,0.0772,0.9846,1.3
"1","cat_elig >=  2.00 & elderly_disabled_i >=  1.00 & rawben_rel_max >=  0.64 & shelter_expenses_by_hh_size < 29.00","xgboost",435,0.96092,0.94257,32,32,1,0.0014,0,0.133,0.0772,0.9846,1.3
"1","months_since_cert_n <   2.0 & rawben_rel_max >=   0.7 & utilities < 643.0","xgboost",4211,0.94847,0.94257,2164,2051,0.9478,0.0923,0.0724,8.993,0.0772,0.9846,1.3
"1","cat_elig <   2 & total_deductions_by_hh_size < 792 & utilities >= 723","xgboost",2211,0.9507,0.94256,1695,1568,0.9251,0.0705,0.0716,7.044,0.0772,0.9846,1.3
"1","children_i <=  0.500 & total_deductions_by_hh_size > 29.900 & unc_rawben_rel_max >  0.991 & unc_rawben_rel_max <=  1.960","ranger",8483,0.94672,0.94256,4378,4136,0.9447,0.1861,0.1829,18.194,0.0772,0.9846,1.3
"1","married <= 0.500 & months_since_cert_n > 5.500 & rawben_rel_max <= 0.381","ranger",7434,0.947,0.94256,3754,3535,0.9417,0.159,0.1068,15.601,0.0772,0.9846,1.3
"1","married <=  0.500 & months_since_cert_n <=  5.500 & total_deductions_by_hh_size <= 40.800 & unc_rawben_rel_max <=  0.943","ranger",2023,0.95106,0.94255,999,952,0.953,0.0428,0.0211,4.152,0.0772,0.9846,1.3
"1","medical_deductions <= 650.000 & unc_rawben_rel_max >   0.991 & unc_rawben_rel_max <=   1.970 & utilities >  14.500","ranger",7993,0.94683,0.94255,4099,3878,0.9461,0.1745,0.1675,17.034,0.0772,0.9846,1.3
"1","cat_elig >= 1.000 & expedited_i < 1.000 & rawben_rel_max < 0.344","xgboost",10102,0.94635,0.94254,4944,4664,0.9434,0.2098,0.1385,20.546,0.0772,0.9846,1.3
"1","children_i <    1.00 & months_since_cert_n <    2.00 & rawben_rel_max >=    0.68 & total_deductions_by_hh_size < 1560.00","xgboost",4740,0.9481,0.94254,2468,2343,0.9494,0.1054,0.0743,10.256,0.0772,0.9846,1.3
"1","count_divisible_by_100 > 0.500 & elderly_disabled_i <= 0.500 & rawben_rel_max > 0.971","ranger",598,0.95819,0.94254,330,309,0.9364,0.0139,0.0169,1.371,0.0772,0.9846,1.3
"1","count_divisible_by_100 < 1.00 & elderly_disabled_i >= 1.00 & total_deductions_by_hh_size < 4.40 & unc_rawben_rel_max >= 1.02","xgboost",993,0.95468,0.94253,508,489,0.9626,0.022,0.0132,2.111,0.0772,0.9846,1.3
"1","expedited_i <   1 & shelter_expenses_by_hh_size < 440","xgboost",13027,0.94588,0.94253,6822,6471,0.9485,0.2911,0.2069,28.351,0.0772,0.9846,1.3
"1","months_since_cert_n >=   6.000 & months_since_cert_n <  32.000 & rawben_rel_max <   0.428 & total_deductions_by_hh_size < 725.000","xgboost",7503,0.94695,0.94253,3819,3597,0.9419,0.1618,0.1048,15.871,0.0772,0.9846,1.3
"1","rawben_rel_max >=   0.752 & shelter_expenses_by_hh_size >= 869.000 & total_deductions_by_hh_size < 715.000 & utilities >= 651.000","xgboost",1569,0.9522,0.94253,821,769,0.9367,0.0346,0.0344,3.412,0.0772,0.9846,1.3
"1","cat_elig <=  0.500 & months_since_cert_n <=  3.500 & rawben_rel_max <=  0.311 & shelter_expenses_by_hh_size > 14.500","ranger",243,0.96708,0.94252,110,108,0.9818,0.0049,0.0014,0.457,0.0772,0.9846,1.3
"1","count_divisible_by_100 <= 0.500 & rawben_rel_max <= 0.479 & utilities <= 8.000","ranger",3306,0.94918,0.94252,1678,1595,0.9505,0.0718,0.0451,6.973,0.0772,0.9846,1.3
"1","months_since_cert_n >=  17.000 & rawben_rel_max <   0.536 & shelter_expenses_by_hh_size < 793.000","xgboost",2247,0.9506,0.94252,1119,1051,0.9392,0.0473,0.0272,4.65,0.0772,0.9846,1.3
"1","rawben_rel_max >=    0.818 & shelter_expenses_by_hh_size < 2090.000 & unc_rawben_rel_max >=    0.412 & unc_rawben_rel_max <    1.580","xgboost",19156,0.94529,0.94252,10185,9625,0.945,0.433,0.357,42.326,0.0772,0.9846,1.3
"1","cat_elig <    1.000 & percent_abawd <    0.500 & rawben_rel_max >=    0.116 & shelter_expenses_by_hh_size < 1440.000","xgboost",3453,0.94903,0.94251,1778,1687,0.9488,0.0759,0.0448,7.389,0.0772,0.9846,1.3
"1","cat_elig <   2 & shelter_expenses_by_hh_size >= 400 & total_deductions_by_hh_size >=  10 & total_deductions_by_hh_size < 213","xgboost",3305,0.94917,0.94251,2125,2006,0.944,0.0902,0.0568,8.831,0.0772,0.9846,1.3
"1","cat_elig > 0.50 & homeless > 0.50 & unc_rawben_rel_max <= 1.96","ranger",3434,0.94904,0.9425,1683,1592,0.9459,0.0716,0.0604,6.994,0.0772,0.9846,1.3
"1","medical_deductions < 360.000 & rawben_rel_max >=   0.984 & utilities < 912.000","xgboost",18149,0.94534,0.9425,8946,8453,0.9449,0.3803,0.3621,37.177,0.0772,0.9846,1.3
"1","cat_elig >=    1.00 & shelter_expenses_by_hh_size < 1220.00 & unc_rawben_rel_max >=   -0.44 & unc_rawben_rel_max <    0.12","xgboost",3562,0.94891,0.94249,1646,1565,0.9508,0.0704,0.0481,6.84,0.0772,0.9846,1.3
"1","shelter_expenses_by_hh_size < 2300 & total_deductions_by_hh_size <  415","xgboost",27446,0.9448,0.94249,14014,13282,0.9478,0.5975,0.3903,58.239,0.0772,0.9846,1.3
"1","rawben_rel_max <   0.392 & total_deductions_by_hh_size < 645.000 & unc_rawben_rel_max <   1.990","xgboost",11816,0.94601,0.94248,5807,5473,0.9425,0.2462,0.1619,24.132,0.0772,0.9846,1.3
"1","cat_elig <   1.000 & rawben_rel_max <   0.116 & total_deductions_by_hh_size < 265.000 & utilities >= 288.000","xgboost",175,0.97143,0.94247,124,123,0.9919,0.0055,2e-04,0.515,0.0772,0.9846,1.3
"1","children_i <  1 & count_divisible_by_100 >=  1 & total_deductions_by_hh_size >=  9 & total_deductions_by_hh_size < 63","xgboost",102,0.98039,0.94246,48,45,0.9375,0.002,0.0011,0.199,0.0772,0.9846,1.3
"1","count_divisible_by_100 <   1.00 & shelter_expenses_by_hh_size < 953.00 & unc_rawben_rel_max <   1.81 & utilities < 284.00","xgboost",17833,0.94533,0.94246,8998,8541,0.9492,0.3842,0.2705,37.394,0.0772,0.9846,1.3
"1","rawben_rel_max <   0.188 & shelter_expenses_by_hh_size < 714.000 & utilities >= 417.000 & utilities < 462.000","xgboost",308,0.96429,0.94246,108,102,0.9444,0.0046,0.0027,0.449,0.0772,0.9846,1.3
"1","cat_elig <=  0.5 & expedited_i <=  0.5 & months_since_cert_n <= 31.5","ranger",3577,0.94884,0.94243,1843,1761,0.9555,0.0792,0.037,7.659,0.0772,0.9846,1.3
"1","rawben_rel_max >=    0.821 & total_deductions_by_hh_size < 1270.000 & unc_rawben_rel_max <    1.230","xgboost",16291,0.94543,0.94243,8648,8168,0.9445,0.3675,0.2983,35.939,0.0772,0.9846,1.3
"1","cat_elig >  0.50 & unc_rawben_rel_max <=  1.95 & utilities <= 30.50","ranger",13322,0.94573,0.94241,6923,6563,0.948,0.2953,0.2358,28.77,0.0772,0.9846,1.3
"1","cat_elig >=   1 & children_i <   1 & shelter_expenses_by_hh_size < 528 & utilities < 850","xgboost",17266,0.94533,0.94241,8765,8303,0.9473,0.3735,0.2797,36.425,0.0772,0.9846,1.3
"1","homeless <=  0.500 & months_since_cert_n <=  5.500 & total_deductions_by_hh_size <= 54.500 & unc_rawben_rel_max <=  0.947","ranger",1943,0.95111,0.94241,987,938,0.9504,0.0422,0.0216,4.102,0.0772,0.9846,1.3
"1","expedited_i > 0.500 & months_since_cert_n > 5.500 & unc_rawben_rel_max > 0.991 & unc_rawben_rel_max <= 1.970","ranger",1546,0.95213,0.94239,834,784,0.94,0.0353,0.0401,3.466,0.0772,0.9846,1.3
"1","children_i <=   0.5 & months_since_cert_n >   5.5 & shelter_expenses_by_hh_size <= 734.0 & utilities <=  30.5","ranger",5400,0.94759,0.94238,2843,2689,0.9458,0.121,0.1007,11.815,0.0772,0.9846,1.3
"1","count_divisible_by_100 <=  1.500 & months_since_cert_n > 10.500 & rawben_rel_max >  0.991 & total_deductions_by_hh_size <= 28.900","ranger",795,0.95597,0.94238,451,435,0.9645,0.0196,0.0138,1.874,0.0772,0.9846,1.3
"1","months_since_cert_n >    2.500 & rawben_rel_max <=    0.379 & shelter_expenses_by_hh_size <= 1660.000","ranger",9930,0.94622,0.94238,4907,4620,0.9415,0.2078,0.1384,20.392,0.0772,0.9846,1.3
"1","elderly_disabled_i >  0.500 & months_since_cert_n <= 24.500 & unc_rawben_rel_max >  0.991 & unc_rawben_rel_max <=  1.930","ranger",4708,0.94796,0.94237,2500,2363,0.9452,0.1063,0.0946,10.389,0.0772,0.9846,1.3
"1","cat_elig <=   0.5 & expedited_i <=   0.5 & shelter_expenses_by_hh_size >   9.5 & shelter_expenses_by_hh_size <= 642.0","ranger",1183,0.95351,0.94236,592,564,0.9527,0.0254,0.0117,2.46,0.0772,0.9846,1.3
"1","children_i <= 0.500 & rawben_rel_max > 0.991 & shelter_expenses_by_hh_size > 5.500 & unc_rawben_rel_max <= 1.930","ranger",8327,0.94656,0.94236,4302,4066,0.9451,0.1829,0.1786,17.878,0.0772,0.9846,1.3
"1","months_since_cert_n <  11 & shelter_expenses_by_hh_size < 726 & utilities < 483","xgboost",19242,0.94512,0.94236,9923,9421,0.9494,0.4238,0.2956,41.238,0.0772,0.9846,1.3
"1","cat_elig >    0.500 & rawben_rel_max <=    0.312 & utilities <= 1050.000","ranger",9656,0.94625,0.94235,4651,4392,0.9443,0.1976,0.1388,19.328,0.0772,0.9846,1.3
"1","rawben_rel_max <   0.241 & total_deductions_by_hh_size < 559.000 & utilities >= 783.000","xgboost",220,0.96818,0.94233,91,83,0.9121,0.0037,0.0059,0.378,0.0772,0.9846,1.3
"1","months_since_cert_n >=   3.00 & shelter_expenses_by_hh_size < 469.00 & unc_rawben_rel_max >=  -0.56","xgboost",12495,0.94574,0.94231,6470,6127,0.947,0.2756,0.2072,26.888,0.0772,0.9846,1.3
"1","months_since_cert_n >=  2.0000 & months_since_cert_n < 11.0000 & rawben_rel_max >=  0.0928 & rawben_rel_max <  0.2640","xgboost",2164,0.95055,0.94231,1038,977,0.9412,0.044,0.0292,4.314,0.0772,0.9846,1.3
"1","expedited_i <=  0.50 & months_since_cert_n <= 11.50 & percent_abawd >  0.75 & utilities <=  8.00","ranger",1657,0.95172,0.9423,1016,974,0.9587,0.0438,0.0287,4.222,0.0772,0.9846,1.3
"1","expedited_i >  0.500 & shelter_expenses_by_hh_size > 32.000 & unc_rawben_rel_max >  0.991 & unc_rawben_rel_max <=  1.930","ranger",1883,0.95114,0.9423,950,895,0.9421,0.0403,0.0432,3.948,0.0772,0.9846,1.3
"1","count_divisible_by_100 >=   1.00 & shelter_expenses_by_hh_size < 697.00 & unc_rawben_rel_max >=   1.24 & utilities < 385.00","xgboost",151,0.97351,0.94229,94,90,0.9574,0.004,0.0038,0.391,0.0772,0.9846,1.3
"1","expedited_i > 0.500 & shelter_expenses_by_hh_size > 5.500 & unc_rawben_rel_max > 0.991 & unc_rawben_rel_max <= 1.930","ranger",1920,0.95104,0.94229,972,915,0.9414,0.0412,0.0441,4.039,0.0772,0.9846,1.3
"1","expedited_i <   1.000 & percent_abawd <   0.500 & rawben_rel_max <   0.124 & total_deductions_by_hh_size >= 224.000","xgboost",2163,0.95053,0.94228,972,925,0.9516,0.0416,0.031,4.039,0.0772,0.9846,1.3
"1","rawben_rel_max >=   0.838 & utilities < 405.000","xgboost",13060,0.94564,0.94228,6974,6566,0.9415,0.2954,0.2932,28.982,0.0772,0.9846,1.3
"1","children_i <= 0.500 & months_since_cert_n <= 5.500 & rawben_rel_max > 0.995 & total_deductions_by_hh_size > 8.900","ranger",4900,0.94776,0.94227,2481,2362,0.952,0.1063,0.0902,10.31,0.0772,0.9846,1.3
"1","expedited_i <=   0.500 & rawben_rel_max >   0.991 & shelter_expenses_by_hh_size >  16.500 & utilities > 460.000","ranger",4809,0.94781,0.94227,2529,2398,0.9482,0.1079,0.0969,10.51,0.0772,0.9846,1.3
"1","homeless <= 0.500 & percent_abawd <= 0.750 & rawben_rel_max > 0.998","ranger",11970,0.94578,0.94227,6345,5999,0.9455,0.2699,0.2586,26.368,0.0772,0.9846,1.3
"1","medical_deductions <= 112.000 & months_since_cert_n >   3.500 & rawben_rel_max <=   0.311 & shelter_expenses_by_hh_size >  14.500","ranger",5861,0.94728,0.94227,3030,2867,0.9462,0.129,0.0848,12.592,0.0772,0.9846,1.3
"1","months_since_cert_n <= 1.500 & rawben_rel_max > 0.991 & unc_rawben_rel_max <= 1.940 & utilities > 9.500","ranger",1353,0.9527,0.94227,700,677,0.9671,0.0305,0.0171,2.909,0.0772,0.9846,1.3
"1","months_since_cert_n >=  22.0 & months_since_cert_n <  35.0 & shelter_expenses_by_hh_size < 735.0 & total_deductions_by_hh_size <  18.4","xgboost",555,0.95856,0.94227,276,261,0.9457,0.0117,0.0065,1.147,0.0772,0.9846,1.3
"1","cat_elig <    2.000 & rawben_rel_max >=    0.787 & shelter_expenses_by_hh_size >= 1120.000 & utilities >=  886.000","xgboost",655,0.95725,0.94226,989,948,0.9585,0.0426,0.0282,4.11,0.0772,0.9846,1.3
"1","cat_elig > 0.5 & elderly_disabled_i <= 0.5 & months_since_cert_n <= 5.5","ranger",9516,0.9462,0.94226,4827,4594,0.9517,0.2067,0.158,20.06,0.0772,0.9846,1.3
"1","expedited_i <=  0.500 & rawben_rel_max >  0.991 & unc_rawben_rel_max <=  1.930 & utilities > 14.500","ranger",6294,0.94709,0.94226,3233,3064,0.9477,0.1378,0.1273,13.436,0.0772,0.9846,1.3
"1","married <   1 & months_since_cert_n >=   7 & months_since_cert_n <  21 & shelter_expenses_by_hh_size < 197","xgboost",3125,0.94912,0.94226,1726,1643,0.9519,0.0739,0.0614,7.173,0.0772,0.9846,1.3
"1","months_since_cert_n >   5.5 & shelter_expenses_by_hh_size <= 704.0 & utilities <=  12.5","ranger",5261,0.94754,0.94225,2774,2621,0.9448,0.1179,0.1006,11.528,0.0772,0.9846,1.3
"1","children_i <   1 & total_deductions_by_hh_size < 393 & utilities >= 361 & utilities < 612","xgboost",6347,0.94706,0.94224,3317,3141,0.9469,0.1413,0.0758,13.785,0.0772,0.9846,1.3
"1","months_since_cert_n >   5.5000 & rawben_rel_max >   0.0887 & total_deductions_by_hh_size <= 172.0000 & unc_rawben_rel_max <=   1.9600","ranger",6419,0.94703,0.94224,3432,3229,0.9409,0.1453,0.1162,14.263,0.0772,0.9846,1.3
"1","months_since_cert_n >= 19.000 & months_since_cert_n < 22.000 & unc_rawben_rel_max <  0.302 & utilities >= 29.000","xgboost",391,0.96164,0.94223,174,166,0.954,0.0075,0.0035,0.723,0.0772,0.9846,1.3
"1","cat_elig < 1.000 & rawben_rel_max >= 0.124 & rawben_rel_max < 0.261","xgboost",328,0.96341,0.94222,191,186,0.9738,0.0084,0.0018,0.794,0.0772,0.9846,1.3
"1","cat_elig >   0.5 & children_i <=   0.5 & elderly_disabled_i >   0.5 & total_deductions_by_hh_size <= 231.0","ranger",10010,0.94605,0.94222,5100,4826,0.9463,0.2171,0.1292,21.194,0.0772,0.9846,1.3
"1","expedited_i <=  0.5 & months_since_cert_n <= 11.5 & utilities <=  8.0","ranger",9025,0.94626,0.94222,4873,4623,0.9487,0.208,0.1558,20.251,0.0772,0.9846,1.3
"1","cat_elig <    2.0 & percent_abawd >=    0.5 & shelter_expenses_by_hh_size < 1010.0","xgboost",2680,0.94963,0.94221,2238,2132,0.9526,0.0959,0.0766,9.301,0.0772,0.9846,1.3
"1","children_i <= 0.500 & percent_abawd <= 0.750 & rawben_rel_max <= 0.239 & total_deductions_by_hh_size > 2.800","ranger",5421,0.94743,0.94221,2540,2397,0.9437,0.1078,0.0801,10.556,0.0772,0.9846,1.3
"1","percent_abawd <= 0.500 & rawben_rel_max > 0.991 & shelter_expenses_by_hh_size > 5.500 & unc_rawben_rel_max <= 1.950","ranger",7227,0.94673,0.94221,3743,3532,0.9436,0.1589,0.1569,15.555,0.0772,0.9846,1.3
"1","rawben_rel_max <   0.454 & utilities >= 376.000 & utilities < 550.000","xgboost",3984,0.94829,0.94221,1882,1775,0.9431,0.0799,0.0453,7.821,0.0772,0.9846,1.3
"1","cat_elig > 1.500 & percent_abawd <= 0.250 & rawben_rel_max <= 0.322","ranger",3232,0.94895,0.9422,213,204,0.9577,0.0092,0.0051,0.885,0.0772,0.9846,1.3
"1","elderly_disabled_i >=   1 & total_deductions_by_hh_size < 303 & utilities >= 388","xgboost",3727,0.94848,0.9422,2001,1907,0.953,0.0858,0.0412,8.316,0.0772,0.9846,1.3
"1","months_since_cert_n <=  0.500 & rawben_rel_max <=  0.211 & shelter_expenses_by_hh_size > 41.500 & utilities >  5.000","ranger",349,0.96275,0.9422,158,152,0.962,0.0068,0.0055,0.657,0.0772,0.9846,1.3
"1","months_since_cert_n <=    5.500 & rawben_rel_max >    0.995 & shelter_expenses_by_hh_size <= 1750.000 & utilities >   10.500","ranger",4110,0.94818,0.94219,2011,1921,0.9552,0.0864,0.0684,8.357,0.0772,0.9846,1.3
"1","months_since_cert_n <=   5.500 & rawben_rel_max >   0.991 & total_deductions_by_hh_size > 494.000 & utilities >   5.000","ranger",3415,0.94876,0.94219,1749,1653,0.9451,0.0744,0.0728,7.268,0.0772,0.9846,1.3
"1","married <  1 & months_since_cert_n >=  1 & utilities < 44","xgboost",14834,0.94533,0.94218,7673,7274,0.948,0.3272,0.2495,31.887,0.0772,0.9846,1.3
"1","rawben_rel_max <  0.164 & total_deductions_by_hh_size >= 73.000 & unc_rawben_rel_max <  0.000","xgboost",2660,0.94962,0.94218,1210,1141,0.943,0.0513,0.0533,5.028,0.0772,0.9846,1.3
"1","children_i <=    0.500 & rawben_rel_max <=    0.993 & shelter_expenses_by_hh_size <= 1300.000 & unc_rawben_rel_max <=    0.383","ranger",11841,0.9457,0.94217,5741,5417,0.9436,0.2437,0.1578,23.858,0.0772,0.9846,1.3
"1","elderly_disabled_i >   0.5 & shelter_expenses_by_hh_size <= 504.0 & utilities <=  30.5","ranger",4508,0.94787,0.94215,2324,2219,0.9548,0.0998,0.0609,9.658,0.0772,0.9846,1.3
"1","months_since_cert_n <  30.0000 & rawben_rel_max <   0.0893 & shelter_expenses_by_hh_size < 678.0000 & unc_rawben_rel_max >=  -0.1160","xgboost",1255,0.95299,0.94215,603,563,0.9337,0.0253,0.0249,2.506,0.0772,0.9846,1.3
"1","rawben_rel_max >  0.1160 & rawben_rel_max <=  0.2680 & unc_rawben_rel_max > -0.0443 & unc_rawben_rel_max <=  0.9910","ranger",3851,0.94833,0.94214,1786,1685,0.9434,0.0758,0.0453,7.422,0.0772,0.9846,1.3
"1","total_deductions_by_hh_size < 329.000 & unc_rawben_rel_max >=  -0.056","xgboost",21558,0.94475,0.94214,11248,10660,0.9477,0.4796,0.3192,46.744,0.0772,0.9846,1.3
"1","cat_elig > 0.5 & utilities <= 5.0","ranger",12864,0.94551,0.94212,6701,6345,0.9469,0.2855,0.2328,27.848,0.0772,0.9846,1.3
"1","expedited_i <=   0.5 & shelter_expenses_by_hh_size >  14.0 & total_deductions_by_hh_size <= 184.0","ranger",7683,0.94651,0.94212,3923,3689,0.9404,0.166,0.1102,16.303,0.0772,0.9846,1.3
"1","homeless <   1.0 & percent_abawd <   0.5 & shelter_expenses_by_hh_size < 430.0 & utilities < 412.0","xgboost",11029,0.94578,0.94212,5850,5543,0.9475,0.2494,0.1829,24.311,0.0772,0.9846,1.3
"1","rawben_rel_max >=   0.08 & shelter_expenses_by_hh_size < 596.00","xgboost",21464,0.94474,0.94212,11530,10918,0.9469,0.4912,0.3613,47.916,0.0772,0.9846,1.3
"1","cat_elig >   0.5 & children_i <=   0.5 & months_since_cert_n >   5.5 & total_deductions_by_hh_size <= 291.0","ranger",9326,0.94606,0.94209,4883,4604,0.9429,0.2071,0.1491,20.293,0.0772,0.9846,1.3
"1","medical_deductions > 114.000 & rawben_rel_max <=   0.991 & unc_rawben_rel_max <=   0.325 & utilities > 664.000","ranger",306,0.96405,0.94209,139,128,0.9209,0.0058,0.0043,0.578,0.0772,0.9846,1.3
"1","rawben_rel_max > 0.991 & total_deductions_by_hh_size > 7.800 & unc_rawben_rel_max <= 1.950","ranger",9077,0.94613,0.94209,4654,4396,0.9446,0.1978,0.1945,19.341,0.0772,0.9846,1.3
"1","months_since_cert_n <  16 & shelter_expenses_by_hh_size >= 432 & total_deductions_by_hh_size >=  78 & total_deductions_by_hh_size < 182","xgboost",1782,0.95118,0.94208,867,821,0.9469,0.0369,0.0244,3.603,0.0772,0.9846,1.3
"1","cat_elig <= 1.500 & elderly_disabled_i > 0.500 & rawben_rel_max <= 0.991 & unc_rawben_rel_max <= 0.471","ranger",9895,0.94593,0.94207,6555,6176,0.9422,0.2778,0.1608,27.241,0.0772,0.9846,1.3
"1","cat_elig >=  2.0 & months_since_cert_n < 10.0 & percent_abawd <  1.0 & unc_rawben_rel_max >=  1.2","xgboost",3390,0.94867,0.94207,246,236,0.9593,0.0106,0.0077,1.022,0.0772,0.9846,1.3
"1","children_i <   1.000 & rawben_rel_max <   0.924 & total_deductions_by_hh_size < 163.000 & unc_rawben_rel_max <   1.230","xgboost",8322,0.94629,0.94207,4223,3977,0.9417,0.1789,0.1147,17.55,0.0772,0.9846,1.3
"1","elderly_disabled_i <= 0.50 & homeless <= 0.50 & months_since_cert_n <= 5.50 & percent_abawd > 0.75","ranger",2931,0.94916,0.94207,1500,1428,0.952,0.0642,0.0462,6.234,0.0772,0.9846,1.3
"1","count_divisible_by_100 >  0.500 & months_since_cert_n > 10.500 & rawben_rel_max <=  0.087 & total_deductions_by_hh_size >  7.800","ranger",44,1,0.94206,27,25,0.9259,0.0011,0.002,0.112,0.0772,0.9846,1.3
"1","elderly_disabled_i <=  0.500 & medical_deductions <= 66.000 & months_since_cert_n >  5.500 & rawben_rel_max >  0.971","ranger",3426,0.94863,0.94206,1857,1752,0.9435,0.0788,0.0904,7.717,0.0772,0.9846,1.3
"1","elderly_disabled_i >  0.500 & unc_rawben_rel_max >  0.991 & unc_rawben_rel_max <=  1.220 & utilities <= 14.500","ranger",1081,0.95375,0.94206,566,546,0.9647,0.0246,0.0142,2.352,0.0772,0.9846,1.3
"1","medical_deductions <= 0.50 & total_deductions_by_hh_size > 8.90 & unc_rawben_rel_max > 1.00 & unc_rawben_rel_max <= 1.95","ranger",8535,0.94622,0.94206,4389,4150,0.9455,0.1867,0.181,18.24,0.0772,0.9846,1.3
"1","rawben_rel_max <    0.232 & shelter_expenses_by_hh_size >=  911.000 & shelter_expenses_by_hh_size < 1670.000 & total_deductions_by_hh_size >=  365.000","xgboost",1405,0.95231,0.94206,673,639,0.9495,0.0287,0.0213,2.797,0.0772,0.9846,1.3
"1","rawben_rel_max <= 0.976 & total_deductions_by_hh_size > 0.500 & total_deductions_by_hh_size <= 2.800 & unc_rawben_rel_max <= 0.436","ranger",44,1,0.94206,11,11,1,5e-04,0,0.046,0.0772,0.9846,1.3
"1","elderly_disabled_i <= 0.5 & homeless <= 0.5 & months_since_cert_n <= 5.5","ranger",8998,0.9461,0.94205,4609,4378,0.9499,0.197,0.1526,19.154,0.0772,0.9846,1.3
"1","elderly_disabled_i > 0.500 & homeless > 0.500 & rawben_rel_max <= 0.521","ranger",369,0.96206,0.94205,174,160,0.9195,0.0072,0.0073,0.723,0.0772,0.9846,1.3
"1","expedited_i < 1.000 & unc_rawben_rel_max >= 0.936 & unc_rawben_rel_max < 1.250","xgboost",9695,0.94595,0.94205,5234,4958,0.9473,0.2231,0.1761,21.751,0.0772,0.9846,1.3
"1","homeless > 0.500 & percent_abawd <= 0.500 & rawben_rel_max <= 0.991 & unc_rawben_rel_max <= 0.407","ranger",369,0.96206,0.94205,176,160,0.9091,0.0072,0.0102,0.731,0.0772,0.9846,1.3
"1","months_since_cert_n <  11.0 & rawben_rel_max <   0.2 & shelter_expenses_by_hh_size >= 744.0","xgboost",1800,0.95111,0.94205,898,857,0.9543,0.0386,0.0258,3.732,0.0772,0.9846,1.3
"1","total_deductions_by_hh_size >= 194.00 & unc_rawben_rel_max >=   1.01 & unc_rawben_rel_max <   2.52 & utilities >= 361.00","xgboost",6882,0.94667,0.94204,3619,3422,0.9456,0.1539,0.1449,15.04,0.0772,0.9846,1.3
"1","elderly_disabled_i >  0.500 & homeless <=  0.500 & total_deductions_by_hh_size <= 32.800 & unc_rawben_rel_max >  0.991","ranger",907,0.9548,0.94203,475,458,0.9642,0.0206,0.0126,1.974,0.0772,0.9846,1.3
"1","homeless <= 0.500 & rawben_rel_max > 0.991 & total_deductions_by_hh_size > 7.800 & unc_rawben_rel_max <= 1.930","ranger",8437,0.94619,0.942,4362,4119,0.9443,0.1853,0.1831,18.127,0.0772,0.9846,1.3
"1","percent_abawd <= 0.250 & rawben_rel_max <= 0.383","ranger",12268,0.94547,0.942,5979,5639,0.9431,0.2537,0.1624,24.847,0.0772,0.9846,1.3
"1","elderly_disabled_i >=   1 & homeless >=   1 & total_deductions_by_hh_size < 163","xgboost",512,0.95898,0.94199,234,223,0.953,0.01,0.0074,0.972,0.0772,0.9846,1.3
"1","medical_deductions <= 132.000 & rawben_rel_max >   0.998 & total_deductions_by_hh_size >  17.800 & unc_rawben_rel_max <=   1.930","ranger",8525,0.94616,0.94199,4407,4168,0.9458,0.1875,0.181,18.314,0.0772,0.9846,1.3
"1","months_since_cert_n >=   5.000 & rawben_rel_max >=   0.818 & utilities >= 912.000","xgboost",887,0.9549,0.94199,904,859,0.9502,0.0386,0.0308,3.757,0.0772,0.9846,1.3
"1","cat_elig >=    1 & shelter_expenses_by_hh_size < 1860 & utilities >=  875","xgboost",2373,0.94985,0.94196,1627,1538,0.9453,0.0692,0.0531,6.761,0.0772,0.9846,1.3
"1","expedited_i >   0.5 & medical_deductions <= 132.0","ranger",7034,0.94655,0.94196,3507,3311,0.9441,0.149,0.1419,14.574,0.0772,0.9846,1.3
"1","children_i <=   0.5 & elderly_disabled_i <=   0.5 & medical_deductions <= 105.0 & percent_abawd <=   1.5","ranger",14864,0.9451,0.94195,7714,7303,0.9467,0.3285,0.2913,32.058,0.0772,0.9846,1.3
"1","cat_elig >   0.500 & shelter_expenses_by_hh_size >  16.500 & unc_rawben_rel_max >   0.993 & utilities > 451.000","ranger",5756,0.94701,0.94194,3039,2879,0.9474,0.1295,0.1198,12.629,0.0772,0.9846,1.3
"1","children_i <= 0.5 & elderly_disabled_i <= 0.5 & married <= 0.5","ranger",14826,0.9451,0.94194,7701,7291,0.9468,0.328,0.2898,32.003,0.0772,0.9846,1.3
"1","count_divisible_by_100 <= 0.5 & expedited_i > 0.5 & married <= 0.5 & percent_abawd <= 1.5","ranger",6796,0.94659,0.94192,3381,3188,0.9429,0.1434,0.1362,14.051,0.0772,0.9846,1.3
"1","months_since_cert_n <   9.00 & shelter_expenses_by_hh_size >= 500.00 & shelter_expenses_by_hh_size < 880.00 & unc_rawben_rel_max <   0.12","xgboost",1193,0.95306,0.94192,552,529,0.9583,0.0238,0.0165,2.294,0.0772,0.9846,1.3
"1","children_i <   1 & shelter_expenses_by_hh_size >= 469 & total_deductions_by_hh_size < 281","xgboost",5212,0.94724,0.94191,2716,2571,0.9466,0.1157,0.0664,11.287,0.0772,0.9846,1.3
"1","children_i <=   0.5 & count_divisible_by_100 <=   1.5 & shelter_expenses_by_hh_size >   5.0 & total_deductions_by_hh_size <= 184.0","ranger",8012,0.94621,0.94191,4112,3864,0.9397,0.1738,0.1185,17.088,0.0772,0.9846,1.3
"1","months_since_cert_n > 36.50000 & unc_rawben_rel_max > -0.00915 & unc_rawben_rel_max <=  1.93000 & utilities >  8.00000","ranger",126,0.97619,0.94191,65,62,0.9538,0.0028,0.0017,0.27,0.0772,0.9846,1.3
"1","rawben_rel_max <   0.488 & total_deductions_by_hh_size <  50.000 & utilities >= 201.000 & utilities < 284.000","xgboost",126,0.97619,0.94191,18,13,0.7222,6e-04,0.0013,0.075,0.0772,0.9846,1.3
"1","months_since_cert_n >=   28 & shelter_expenses_by_hh_size >= 1220 & utilities >=  819","xgboost",196,0.96939,0.9419,145,139,0.9586,0.0063,0.003,0.603,0.0772,0.9846,1.3
"1","elderly_disabled_i >   0.500 & rawben_rel_max <=   0.996 & total_deductions_by_hh_size <= 293.000","ranger",11677,0.94545,0.94189,6024,5700,0.9462,0.2564,0.1415,25.034,0.0772,0.9846,1.3
"1","months_since_cert_n > 1.500 & rawben_rel_max > 0.991 & unc_rawben_rel_max <= 1.940 & utilities > 9.500","ranger",6613,0.94662,0.94189,3387,3194,0.943,0.1437,0.1475,14.076,0.0772,0.9846,1.3
"1","rawben_rel_max >= 0.124 & rawben_rel_max < 0.261","xgboost",3525,0.94837,0.94189,1668,1574,0.9436,0.0708,0.0421,6.932,0.0772,0.9846,1.3
"1","months_since_cert_n <=   3.500 & rawben_rel_max <=   0.991 & total_deductions_by_hh_size <= 650.000 & unc_rawben_rel_max <=   0.268","ranger",2462,0.94963,0.94188,1066,1017,0.954,0.0458,0.0291,4.43,0.0772,0.9846,1.3
"1","months_since_cert_n >= 1.000 & rawben_rel_max >= 0.152 & rawben_rel_max < 0.232","xgboost",2092,0.95029,0.94187,1056,1002,0.9489,0.0451,0.0231,4.388,0.0772,0.9846,1.3
"1","children_i <  1 & utilities < 56","xgboost",17138,0.9448,0.94186,8899,8438,0.9482,0.3796,0.2837,36.982,0.0772,0.9846,1.3
"1","children_i <=   0.5 & elderly_disabled_i >   0.5 & homeless <=   0.5 & total_deductions_by_hh_size <= 290.0","ranger",12183,0.94533,0.94185,6290,5960,0.9475,0.2681,0.149,26.14,0.0772,0.9846,1.3
"1","children_i <= 0.5 & count_divisible_by_100 <= 1.5 & expedited_i > 0.5","ranger",7003,0.94645,0.94185,3486,3290,0.9438,0.148,0.1394,14.487,0.0772,0.9846,1.3
"1","rawben_rel_max <=    0.344 & shelter_expenses_by_hh_size <= 2600.000","ranger",11617,0.94542,0.94185,5652,5338,0.9444,0.2401,0.1599,23.488,0.0772,0.9846,1.3
"1","count_divisible_by_100 <=    0.500 & rawben_rel_max <=    0.344 & shelter_expenses_by_hh_size <= 2600.000","ranger",11241,0.94547,0.94184,5482,5181,0.9451,0.2331,0.1511,22.782,0.0772,0.9846,1.3
"1","elderly_disabled_i <    1 & months_since_cert_n <   13 & shelter_expenses_by_hh_size < 1860","xgboost",14926,0.945,0.94184,7722,7323,0.9483,0.3294,0.2772,32.091,0.0772,0.9846,1.3
"1","count_divisible_by_100 <= 1.500 & expedited_i <= 0.500 & rawben_rel_max <= 0.379","ranger",12179,0.94532,0.94183,5933,5594,0.9429,0.2517,0.1616,24.656,0.0772,0.9846,1.3
"1","shelter_expenses_by_hh_size < 1970 & unc_rawben_rel_max >=    0 & utilities >=  875","xgboost",2460,0.94959,0.94183,1641,1549,0.9439,0.0697,0.0546,6.82,0.0772,0.9846,1.3
"1","elderly_disabled_i >  0.5000 & rawben_rel_max >  0.0998 & rawben_rel_max <=  0.3010 & unc_rawben_rel_max > -0.0295","ranger",4573,0.94752,0.94182,2235,2109,0.9436,0.0949,0.0538,9.288,0.0772,0.9846,1.3
"1","cat_elig <=   1.5 & medical_deductions > 136.0 & total_deductions_by_hh_size <= 302.0","ranger",218,0.96789,0.94181,140,131,0.9357,0.0059,0.0033,0.582,0.0772,0.9846,1.3
"1","children_i <=   0.5 & shelter_expenses_by_hh_size >   5.0 & total_deductions_by_hh_size <= 184.0","ranger",8017,0.94611,0.94181,4116,3868,0.9397,0.174,0.1185,17.105,0.0772,0.9846,1.3
"1","expedited_i <= 0.500 & rawben_rel_max <= 0.379","ranger",12193,0.9453,0.94181,5939,5599,0.9428,0.2519,0.1626,24.681,0.0772,0.9846,1.3
"1","cat_elig >   0.50 & homeless >   0.50 & medical_deductions <= 100.00 & unc_rawben_rel_max <=   1.93","ranger",3392,0.94841,0.9418,1666,1578,0.9472,0.071,0.0583,6.923,0.0772,0.9846,1.3
"1","married <= 0.500 & unc_rawben_rel_max <= 0.344","ranger",11588,0.94537,0.9418,5640,5327,0.9445,0.2397,0.1592,23.438,0.0772,0.9846,1.3
"1","rawben_rel_max >=   0.752 & total_deductions_by_hh_size < 715.000 & utilities >= 651.000","xgboost",2108,0.95019,0.9418,1089,1025,0.9412,0.0461,0.0406,4.526,0.0772,0.9846,1.3
"1","total_deductions_by_hh_size > 32.800 & unc_rawben_rel_max >  0.991 & unc_rawben_rel_max <=  1.930","ranger",8707,0.94591,0.94178,4477,4227,0.9442,0.1902,0.1891,18.605,0.0772,0.9846,1.3
"1","cat_elig < 1.000 & months_since_cert_n >= 3.000 & rawben_rel_max < 0.447","xgboost",1171,0.95303,0.94177,566,552,0.9753,0.0248,0.0054,2.352,0.0772,0.9846,1.3
"1","rawben_rel_max <   0.536 & shelter_expenses_by_hh_size >= 400.000 & total_deductions_by_hh_size >=  87.000 & total_deductions_by_hh_size < 236.000","xgboost",3754,0.94806,0.94177,1819,1716,0.9434,0.0772,0.0495,7.559,0.0772,0.9846,1.3
"1","elderly_disabled_i >  0.500 & total_deductions_by_hh_size <=  8.800 & unc_rawben_rel_max >  0.257 & utilities <= 49.500","ranger",1735,0.95101,0.94176,955,918,0.9613,0.0413,0.0214,3.969,0.0772,0.9846,1.3
"1","married <=  0.500 & total_deductions_by_hh_size > 57.800 & unc_rawben_rel_max >  0.991 & unc_rawben_rel_max <=  1.960","ranger",8311,0.94598,0.94175,4278,4031,0.9423,0.1813,0.1867,17.778,0.0772,0.9846,1.3
"1","medical_deductions <= 10.500 & months_since_cert_n <=  5.500 & rawben_rel_max <=  0.943 & total_deductions_by_hh_size <= 54.500","ranger",2106,0.95014,0.94175,1051,997,0.9486,0.0449,0.0251,4.368,0.0772,0.9846,1.3
"1","cat_elig <   2.000 & months_since_cert_n >=  17.000 & total_deductions_by_hh_size < 228.000 & unc_rawben_rel_max <   0.883","xgboost",1510,0.95166,0.94174,995,939,0.9437,0.0422,0.0222,4.135,0.0772,0.9846,1.3
"1","cat_elig < 1.000 & percent_abawd < 0.500 & rawben_rel_max >= 0.116","xgboost",3534,0.94822,0.94174,1814,1722,0.9493,0.0775,0.0453,7.539,0.0772,0.9846,1.3
"1","cat_elig <= 0.5 & expedited_i <= 0.5","ranger",3607,0.94816,0.94174,1871,1787,0.9551,0.0804,0.0379,7.775,0.0772,0.9846,1.3
"1","elderly_disabled_i >    0.500 & shelter_expenses_by_hh_size > 1070.000 & unc_rawben_rel_max >    0.991","ranger",3006,0.94877,0.94174,1729,1641,0.9491,0.0738,0.0642,7.185,0.0772,0.9846,1.3
"1","elderly_disabled_i <   1.000 & months_since_cert_n <  19.000 & unc_rawben_rel_max >=  -0.184 & utilities < 601.000","xgboost",13605,0.94502,0.94172,7019,6662,0.9491,0.2997,0.2506,29.169,0.0772,0.9846,1.3
"1","elderly_disabled_i <= 0.5 & months_since_cert_n > 2.5 & months_since_cert_n <= 5.5 & percent_abawd <= 1.5","ranger",5213,0.94706,0.94172,2591,2468,0.9525,0.111,0.0809,10.768,0.0772,0.9846,1.3
"1","percent_abawd <=  1.500 & rawben_rel_max >  0.991 & total_deductions_by_hh_size > 17.800 & unc_rawben_rel_max <=  1.960","ranger",8963,0.94578,0.94171,4592,4335,0.944,0.195,0.1936,19.083,0.0772,0.9846,1.3
"1","homeless <=   0.5 & shelter_expenses_by_hh_size >   5.5 & total_deductions_by_hh_size <= 184.0","ranger",7788,0.94607,0.9417,3990,3750,0.9398,0.1687,0.1134,16.581,0.0772,0.9846,1.3
"1","elderly_disabled_i <= 0.5 & homeless > 0.5 & months_since_cert_n > 8.5","ranger",469,0.95949,0.94169,221,212,0.9593,0.0095,0.0073,0.918,0.0772,0.9846,1.3
"1","elderly_disabled_i > 0.500 & rawben_rel_max > 0.976 & shelter_expenses_by_hh_size <= 5.500 & unc_rawben_rel_max <= 1.280","ranger",1036,0.95367,0.94169,538,517,0.961,0.0233,0.0152,2.236,0.0772,0.9846,1.3
"1","expedited_i >=  1 & months_since_cert_n >=  7 & shelter_expenses_by_hh_size < 29","xgboost",863,0.95481,0.94169,445,428,0.9618,0.0193,0.0153,1.849,0.0772,0.9846,1.3
"1","married <=  0.500 & shelter_expenses_by_hh_size > 14.500 & unc_rawben_rel_max >  0.991 & unc_rawben_rel_max <=  1.930","ranger",8516,0.94587,0.94169,4376,4129,0.9436,0.1858,0.1876,18.186,0.0772,0.9846,1.3
"1","elderly_disabled_i <   1.000 & months_since_cert_n <  20.000 & rawben_rel_max >=   0.992 & utilities >= 551.000","xgboost",1471,0.95173,0.94168,812,769,0.947,0.0346,0.0318,3.374,0.0772,0.9846,1.3
"1","elderly_disabled_i >=   1 & months_since_cert_n >=   9 & shelter_expenses_by_hh_size >=  54 & utilities >= 844","xgboost",1714,0.95099,0.94168,1105,1048,0.9484,0.0471,0.0338,4.592,0.0772,0.9846,1.3
"1","unc_rawben_rel_max >= -0.5600 & unc_rawben_rel_max <  0.0172 & utilities < 52.0000","xgboost",1093,0.95334,0.94168,493,470,0.9533,0.0211,0.0166,2.049,0.0772,0.9846,1.3
"1","cat_elig >   0.50 & elderly_disabled_i >   0.50 & percent_abawd <=   0.25 & total_deductions_by_hh_size <= 246.00","ranger",10377,0.94546,0.94167,5298,5007,0.9451,0.2253,0.1363,22.017,0.0772,0.9846,1.3
"1","count_divisible_by_100 > 0.500 & elderly_disabled_i <= 0.500 & rawben_rel_max > 0.728 & unc_rawben_rel_max <= 1.820","ranger",668,0.95659,0.94167,360,337,0.9361,0.0152,0.0147,1.496,0.0772,0.9846,1.3
"1","medical_deductions < 366.000 & rawben_rel_max >=   0.825 & unc_rawben_rel_max <   1.460 & utilities >= 612.000","xgboost",3548,0.94814,0.94167,2222,2081,0.9365,0.0936,0.0816,9.234,0.0772,0.9846,1.3
"1","months_since_cert_n <  25.000 & rawben_rel_max <   0.188 & shelter_expenses_by_hh_size >= 880.000 & unc_rawben_rel_max <   1.290","xgboost",1732,0.95092,0.94166,847,803,0.9481,0.0361,0.0285,3.52,0.0772,0.9846,1.3
"1","cat_elig <  2 & elderly_disabled_i >=  1 & shelter_expenses_by_hh_size < 29","xgboost",1713,0.95096,0.94165,1194,1144,0.9581,0.0515,0.0324,4.962,0.0772,0.9846,1.3
"1","cat_elig <= 0.5 & expedited_i <= 0.5 & married <= 0.5","ranger",3583,0.94809,0.94165,1860,1776,0.9548,0.0799,0.0379,7.73,0.0772,0.9846,1.3
"1","cat_elig > 0.5 & cat_elig <= 1.5 & utilities <= 9.5","ranger",7621,0.94607,0.94165,6268,5926,0.9454,0.2666,0.2243,26.048,0.0772,0.9846,1.3
"1","months_since_cert_n <   4.000 & rawben_rel_max <   0.199 & shelter_expenses_by_hh_size < 664.000 & total_deductions_by_hh_size <  78.000","xgboost",707,0.95615,0.94165,295,283,0.9593,0.0127,0.007,1.226,0.0772,0.9846,1.3
"1","rawben_rel_max <=   0.976 & shelter_expenses_by_hh_size <= 282.000 & total_deductions_by_hh_size <=   8.800","ranger",2544,0.94929,0.94165,1193,1143,0.9581,0.0514,0.0234,4.958,0.0772,0.9846,1.3
"1","months_since_cert_n <   1.0 & percent_abawd <   0.5 & total_deductions_by_hh_size < 163.0","xgboost",1168,0.95291,0.94163,567,543,0.9577,0.0244,0.0175,2.356,0.0772,0.9846,1.3
"1","months_since_cert_n >=   8.0000 & total_deductions_by_hh_size < 310.0000 & unc_rawben_rel_max >=   0.0172 & utilities <  52.0000","xgboost",3763,0.94791,0.94163,2068,1964,0.9497,0.0884,0.0641,8.594,0.0772,0.9846,1.3
"1","cat_elig <   1.000 & months_since_cert_n >=   8.000 & total_deductions_by_hh_size < 318.000 & unc_rawben_rel_max >=  -0.016","xgboost",687,0.95633,0.94162,397,385,0.9698,0.0173,0.0055,1.65,0.0772,0.9846,1.3
"1","children_i <=   0.5 & expedited_i <=   0.5 & shelter_expenses_by_hh_size <= 552.0","ranger",16011,0.94466,0.94161,8109,7675,0.9465,0.3453,0.2429,33.699,0.0772,0.9846,1.3
"1","children_i <=  0.5 & elderly_disabled_i <=  0.5 & medical_deductions <= 66.0","ranger",14884,0.94477,0.94161,7724,7312,0.9467,0.329,0.2922,32.099,0.0772,0.9846,1.3
"1","elderly_disabled_i >  0.5 & homeless >  0.5 & months_since_cert_n <=  4.5 & utilities <= 28.5","ranger",195,0.96923,0.94161,80,74,0.925,0.0033,0.0041,0.332,0.0772,0.9846,1.3
"1","homeless <=  0.5 & married <=  0.5 & utilities <= 28.5","ranger",11958,0.94514,0.94161,6342,6003,0.9465,0.2701,0.215,26.356,0.0772,0.9846,1.3
"1","months_since_cert_n >=  1 & utilities < 44","xgboost",14884,0.94477,0.94161,7695,7293,0.9478,0.3281,0.2528,31.979,0.0772,0.9846,1.3
"1","cat_elig <  2.000 & months_since_cert_n < 23.000 & rawben_rel_max <  0.192 & unc_rawben_rel_max >=  0.000","xgboost",1786,0.95073,0.9416,1132,1076,0.9505,0.0484,0.0274,4.704,0.0772,0.9846,1.3
"1","percent_abawd <   1.000 & rawben_rel_max <   0.471 & total_deductions_by_hh_size < 527.000","xgboost",12643,0.94503,0.9416,6249,5897,0.9437,0.2653,0.1613,25.969,0.0772,0.9846,1.3
"1","elderly_disabled_i >   0.50 & percent_abawd <=   0.25 & total_deductions_by_hh_size <= 297.00","ranger",12905,0.94498,0.94159,6622,6270,0.9468,0.2821,0.1615,27.519,0.0772,0.9846,1.3
"1","expedited_i <   1.00 & rawben_rel_max >=   0.46 & shelter_expenses_by_hh_size < 603.00 & total_deductions_by_hh_size < 300.00","xgboost",7986,0.94591,0.94159,4361,4153,0.9523,0.1868,0.1241,18.123,0.0772,0.9846,1.3
"1","months_since_cert_n <=   5.500 & rawben_rel_max >   0.991 & shelter_expenses_by_hh_size > 694.000","ranger",2998,0.94863,0.94159,1589,1495,0.9408,0.0673,0.07,6.603,0.0772,0.9846,1.3
"1","cat_elig >= 1.0 & months_since_cert_n < 3.0 & percent_abawd >= 0.5","xgboost",1711,0.95091,0.94158,917,870,0.9487,0.0391,0.0291,3.811,0.0772,0.9846,1.3
"1","children_i <=   0.5 & elderly_disabled_i >   0.5 & homeless <=   0.5 & total_deductions_by_hh_size <= 291.0","ranger",12215,0.94507,0.94158,6301,5971,0.9476,0.2686,0.149,26.185,0.0772,0.9846,1.3
"1","shelter_expenses_by_hh_size < 627","xgboost",23784,0.94408,0.94158,12047,11389,0.9454,0.5124,0.3842,50.064,0.0772,0.9846,1.3
"1","cat_elig >=    1 & months_since_cert_n <   10 & shelter_expenses_by_hh_size <  580 & total_deductions_by_hh_size < 1060","xgboost",14311,0.9448,0.94157,7255,6899,0.9509,0.3104,0.2192,30.15,0.0772,0.9846,1.3
"1","elderly_disabled_i <=  0.5 & months_since_cert_n <= 10.5","ranger",14610,0.94476,0.94157,7550,7154,0.9475,0.3218,0.2733,31.376,0.0772,0.9846,1.3
"1","elderly_disabled_i >   0.500 & expedited_i <=   0.500 & shelter_expenses_by_hh_size <= 346.000 & unc_rawben_rel_max <=   0.987","ranger",3651,0.94796,0.94157,1807,1723,0.9535,0.0775,0.0395,7.509,0.0772,0.9846,1.3
"1","elderly_disabled_i >  0.500 & months_since_cert_n <=  1.500 & shelter_expenses_by_hh_size > 14.500 & unc_rawben_rel_max <=  0.268","ranger",938,0.95416,0.94156,415,404,0.9735,0.0182,0.0056,1.725,0.0772,0.9846,1.3
"1","cat_elig >=   1.00 & married <   1.00 & shelter_expenses_by_hh_size < 528.00 & unc_rawben_rel_max <   1.93","xgboost",17450,0.94447,0.94155,8836,8363,0.9465,0.3762,0.2875,36.72,0.0772,0.9846,1.3
"1","children_i < 1 & elderly_disabled_i < 1","xgboost",14885,0.94471,0.94155,7724,7312,0.9467,0.329,0.2922,32.099,0.0772,0.9846,1.3
"1","elderly_disabled_i >   0.50 & homeless <=   0.50 & percent_abawd <=   0.25 & total_deductions_by_hh_size <= 297.00","ranger",12351,0.94502,0.94155,6355,6021,0.9474,0.2709,0.151,26.41,0.0772,0.9846,1.3
"1","total_deductions_by_hh_size >=  96 & total_deductions_by_hh_size < 190 & utilities >=  48","xgboost",2191,0.94979,0.94155,1031,961,0.9321,0.0432,0.0353,4.285,0.0772,0.9846,1.3
"1","months_since_cert_n >    5.500 & rawben_rel_max <=    0.277 & shelter_expenses_by_hh_size <= 1720.000 & utilities >  321.000","ranger",3105,0.94847,0.94154,1622,1533,0.9451,0.069,0.0487,6.741,0.0772,0.9846,1.3
"1","children_i < 1 & expedited_i >= 1","xgboost",7018,0.94614,0.94153,3493,3293,0.9427,0.1481,0.1421,14.516,0.0772,0.9846,1.3
"1","months_since_cert_n >   0.5 & months_since_cert_n <=  36.5 & shelter_expenses_by_hh_size >   5.5 & total_deductions_by_hh_size <= 170.0","ranger",7142,0.94609,0.94153,3687,3464,0.9395,0.1558,0.1039,15.322,0.0772,0.9846,1.3
"1","cat_elig >=   1.0 & shelter_expenses_by_hh_size >= 376.0 & total_deductions_by_hh_size <  18.4","xgboost",899,0.95439,0.94152,437,417,0.9542,0.0188,0.0088,1.816,0.0772,0.9846,1.3
"1","cat_elig >=  2.00 & elderly_disabled_i >=  1.00 & rawben_rel_max <  0.64 & shelter_expenses_by_hh_size < 29.00","xgboost",303,0.9637,0.94152,14,14,1,6e-04,0,0.058,0.0772,0.9846,1.3
"1","cat_elig >  1.5 & elderly_disabled_i <=  0.5 & expedited_i >  0.5 & months_since_cert_n <= 28.5","ranger",2097,0.94993,0.9415,166,161,0.9699,0.0072,0.004,0.69,0.0772,0.9846,1.3
"1","medical_deductions <= 3.500 & months_since_cert_n > 7.500 & rawben_rel_max > 0.993 & unc_rawben_rel_max <= 1.970","ranger",4835,0.94705,0.9415,2568,2421,0.9428,0.1089,0.1144,10.672,0.0772,0.9846,1.3
"1","percent_abawd >= 0.50 & rawben_rel_max >= 0.54","xgboost",4547,0.94722,0.94149,2511,2392,0.9526,0.1076,0.0879,10.435,0.0772,0.9846,1.3
"1","count_divisible_by_100 <=  0.500 & months_since_cert_n <=  5.500 & rawben_rel_max >  0.991 & utilities > 30.500","ranger",4042,0.94755,0.94148,1985,1892,0.9531,0.0851,0.0716,8.249,0.0772,0.9846,1.3
"1","medical_deductions >   0.500 & rawben_rel_max <=   0.754 & total_deductions_by_hh_size <= 306.000","ranger",975,0.95385,0.94148,456,427,0.9364,0.0192,0.0113,1.895,0.0772,0.9846,1.3
"1","children_i <   1.00 & shelter_expenses_by_hh_size < 685.00 & unc_rawben_rel_max <   1.99","xgboost",25206,0.9439,0.94147,12825,12106,0.9439,0.5446,0.4044,53.298,0.0772,0.9846,1.3
"1","elderly_disabled_i >   0.5 & homeless <=   0.5 & total_deductions_by_hh_size <= 290.0","ranger",12192,0.94496,0.94147,6296,5964,0.9473,0.2683,0.151,26.165,0.0772,0.9846,1.3
"1","elderly_disabled_i >   0.500 & married <=   0.500 & rawben_rel_max <=   0.477 & utilities <= 684.000","ranger",12842,0.94487,0.94146,6432,6074,0.9443,0.2733,0.1504,26.73,0.0772,0.9846,1.3
"1","expedited_i <   1 & shelter_expenses_by_hh_size < 476 & total_deductions_by_hh_size < 815 & utilities < 494","xgboost",13896,0.94473,0.94146,7294,6914,0.9479,0.311,0.2196,30.312,0.0772,0.9846,1.3
"1","months_since_cert_n <  7.000 & total_deductions_by_hh_size < 92.000 & unc_rawben_rel_max <  0.302 & utilities >= 29.000","xgboost",1259,0.95234,0.94146,572,536,0.9371,0.0241,0.0169,2.377,0.0772,0.9846,1.3
"1","expedited_i >= 1.000 & months_since_cert_n >= 4.000 & rawben_rel_max >= 0.873","xgboost",2882,0.94865,0.94145,1551,1457,0.9394,0.0655,0.0727,6.446,0.0772,0.9846,1.3
"1","rawben_rel_max >= 0.811 & unc_rawben_rel_max >= 0.120 & unc_rawben_rel_max < 1.810","xgboost",20692,0.94413,0.94145,10911,10296,0.9436,0.4632,0.3967,45.343,0.0772,0.9846,1.3
"1","cat_elig <=   1.500 & rawben_rel_max <=   0.987 & total_deductions_by_hh_size <= 187.000","ranger",7114,0.94602,0.94144,4529,4254,0.9393,0.1914,0.1304,18.821,0.0772,0.9846,1.3
"1","months_since_cert_n <=  5.5 & percent_abawd <=  1.5 & unc_rawben_rel_max >  1.0 & utilities > 14.5","ranger",4291,0.94733,0.94144,2118,2015,0.9514,0.0907,0.0803,8.802,0.0772,0.9846,1.3
"1","count_divisible_by_100 >   0.500 & unc_rawben_rel_max >   0.991 & utilities <= 402.000","ranger",487,0.95893,0.94143,279,264,0.9462,0.0119,0.012,1.159,0.0772,0.9846,1.3
"1","children_i <  1 & months_since_cert_n >= 14 & total_deductions_by_hh_size < 47","xgboost",1725,0.95072,0.94142,855,809,0.9462,0.0364,0.0219,3.553,0.0772,0.9846,1.3
"1","expedited_i < 1.000 & homeless >= 1.000 & percent_abawd >= 0.500 & rawben_rel_max >= 0.973","xgboost",365,0.96164,0.94142,261,259,0.9923,0.0117,0.002,1.085,0.0772,0.9846,1.3
"1","rawben_rel_max >=   0.828 & unc_rawben_rel_max >=   0.619 & utilities >= 750.000","xgboost",3804,0.94769,0.94142,2250,2115,0.94,0.0952,0.0888,9.35,0.0772,0.9846,1.3
"1","elderly_disabled_i >   0.500 & unc_rawben_rel_max >   0.991 & utilities > 490.000","ranger",3442,0.948,0.94141,1918,1823,0.9505,0.082,0.0696,7.971,0.0772,0.9846,1.3
"1","count_divisible_by_100 <   2 & medical_deductions < 146 & shelter_expenses_by_hh_size < 735 & total_deductions_by_hh_size < 576","xgboost",25976,0.94379,0.9414,13191,12470,0.9453,0.561,0.4003,54.819,0.0772,0.9846,1.3
"1","elderly_disabled_i >   0.5 & months_since_cert_n >   0.5 & total_deductions_by_hh_size <= 291.0","ranger",12125,0.94491,0.9414,6248,5916,0.9469,0.2662,0.1514,25.965,0.0772,0.9846,1.3
"1","months_since_cert_n <  27 & shelter_expenses_by_hh_size >= 863 & total_deductions_by_hh_size < 792 & utilities >= 724","xgboost",2442,0.94922,0.9414,1314,1225,0.9323,0.0551,0.0509,5.461,0.0772,0.9846,1.3
"1","rawben_rel_max <   0.46 & total_deductions_by_hh_size < 527.00 & utilities < 529.00","xgboost",10964,0.94509,0.9414,5364,5064,0.9441,0.2278,0.1403,22.291,0.0772,0.9846,1.3
"1","count_divisible_by_100 <=   1.5 & elderly_disabled_i >   0.5 & total_deductions_by_hh_size <= 296.0","ranger",12931,0.94478,0.94139,6640,6285,0.9465,0.2828,0.1641,27.594,0.0772,0.9846,1.3
"1","rawben_rel_max >  0.991 & total_deductions_by_hh_size > 17.800 & unc_rawben_rel_max <=  1.960","ranger",8985,0.94546,0.94139,4609,4351,0.944,0.1957,0.1945,19.154,0.0772,0.9846,1.3
"1","cat_elig <   2 & shelter_expenses_by_hh_size < 685","xgboost",18135,0.94425,0.94138,12359,11642,0.942,0.5238,0.41,51.361,0.0772,0.9846,1.3
"1","medical_deductions < 110.000 & months_since_cert_n >=  13.000 & rawben_rel_max <   0.361","xgboost",2623,0.94891,0.94137,1301,1235,0.9493,0.0556,0.0325,5.407,0.0772,0.9846,1.3
"1","months_since_cert_n <   6.000 & rawben_rel_max <   0.485 & utilities >= 430.000 & utilities < 488.000","xgboost",566,0.9576,0.94135,317,298,0.9401,0.0134,0.0074,1.317,0.0772,0.9846,1.3
"1","cat_elig > 0.500 & expedited_i <= 0.500 & married <= 0.500 & rawben_rel_max > 0.991","ranger",11234,0.94499,0.94134,5999,5666,0.9445,0.2549,0.249,24.93,0.0772,0.9846,1.3
"1","homeless <=   0.500 & unc_rawben_rel_max <=   0.377 & utilities <= 556.000","ranger",10160,0.94518,0.94134,4837,4568,0.9444,0.2055,0.1316,20.101,0.0772,0.9846,1.3
"1","medical_deductions < 192 & months_since_cert_n >=   1 & shelter_expenses_by_hh_size < 650 & utilities < 789","xgboost",22275,0.94393,0.94134,11365,10737,0.9447,0.483,0.3589,47.23,0.0772,0.9846,1.3
"1","shelter_expenses_by_hh_size >=   29 & shelter_expenses_by_hh_size < 2090 & total_deductions_by_hh_size <  154","xgboost",7013,0.94596,0.94134,3587,3372,0.9401,0.1517,0.1014,14.907,0.0772,0.9846,1.3
"1","cat_elig <   1.00 & months_since_cert_n <  10.00 & shelter_expenses_by_hh_size < 543.00 & unc_rawben_rel_max >=   1.24","xgboost",238,0.96639,0.94133,98,94,0.9592,0.0042,0.0032,0.407,0.0772,0.9846,1.3
"1","elderly_disabled_i >    0.5 & months_since_cert_n <=    5.5 & shelter_expenses_by_hh_size <= 1850.0 & total_deductions_by_hh_size <=  196.0","ranger",3816,0.94759,0.94133,1918,1822,0.9499,0.082,0.0461,7.971,0.0772,0.9846,1.3
"1","rawben_rel_max <   0.299 & utilities >= 334.000","xgboost",5178,0.9467,0.94133,2712,2560,0.944,0.1152,0.0821,11.27,0.0772,0.9846,1.3
"1","rawben_rel_max <  0.288 & utilities >= 54.000","xgboost",6603,0.94609,0.94133,3169,2999,0.9464,0.1349,0.0906,13.17,0.0772,0.9846,1.3
"1","months_since_cert_n <= 5.5 & total_deductions_by_hh_size > 7.8 & unc_rawben_rel_max > 1.0","ranger",5124,0.94672,0.94132,2553,2431,0.9522,0.1094,0.0938,10.61,0.0772,0.9846,1.3
"1","months_since_cert_n <= 5.500 & rawben_rel_max > 0.991 & total_deductions_by_hh_size > 2.800","ranger",5231,0.94666,0.94132,2622,2495,0.9516,0.1122,0.0968,10.896,0.0772,0.9846,1.3
"1","months_since_cert_n >= 4.000 & percent_abawd >= 0.500 & rawben_rel_max >= 0.945","xgboost",1925,0.95013,0.94132,1098,1038,0.9454,0.0467,0.0516,4.563,0.0772,0.9846,1.3
"1","expedited_i >= 1.00 & homeless >= 1.00 & percent_abawd < 0.50 & unc_rawben_rel_max >= 1.23","xgboost",194,0.96907,0.94131,46,43,0.9348,0.0019,0.0025,0.191,0.0772,0.9846,1.3
"1","homeless <   1.000 & months_since_cert_n >=  16.000 & rawben_rel_max >=   0.712 & utilities >= 992.000","xgboost",194,0.96907,0.94131,201,198,0.9851,0.0089,0.0016,0.835,0.0772,0.9846,1.3
"1","expedited_i < 1.0000 & rawben_rel_max >= 0.0928 & unc_rawben_rel_max < 0.1680","xgboost",1010,0.95347,0.9413,544,514,0.9449,0.0231,0.0133,2.261,0.0772,0.9846,1.3
"1","cat_elig >  0.5 & cat_elig <=  1.5 & children_i <=  0.5 & utilities <= 31.5","ranger",7981,0.94562,0.94129,6447,6103,0.9466,0.2746,0.224,26.792,0.0772,0.9846,1.3
"1","elderly_disabled_i <= 0.5 & months_since_cert_n > 2.5 & months_since_cert_n <= 5.5","ranger",5227,0.94662,0.94127,2607,2484,0.9528,0.1118,0.0809,10.834,0.0772,0.9846,1.3
"1","rawben_rel_max >=    0.54 & unc_rawben_rel_max <    1.99 & utilities >= 1020.00","xgboost",364,0.96154,0.94127,655,630,0.9618,0.0283,0.0156,2.722,0.0772,0.9846,1.3
"1","elderly_disabled_i <   1 & unc_rawben_rel_max >=   0 & utilities < 819","xgboost",14462,0.94448,0.94126,7397,7024,0.9496,0.316,0.2574,30.74,0.0772,0.9846,1.3
"1","elderly_disabled_i <   1.000 & unc_rawben_rel_max >=  -0.184 & utilities < 601.000","xgboost",13779,0.94455,0.94126,7074,6710,0.9485,0.3019,0.2555,29.398,0.0772,0.9846,1.3
"1","medical_deductions <=  0.50 & total_deductions_by_hh_size > 32.80 & unc_rawben_rel_max >  1.00 & unc_rawben_rel_max <=  1.96","ranger",8222,0.94551,0.94125,4240,4005,0.9446,0.1802,0.1781,17.62,0.0772,0.9846,1.3
"1","medical_deductions > 150.000 & unc_rawben_rel_max <=   0.331 & utilities >   8.000","ranger",663,0.95626,0.94123,282,266,0.9433,0.012,0.0064,1.172,0.0772,0.9846,1.3
"1","cat_elig > 0.500 & children_i <= 0.500 & expedited_i <= 0.500 & rawben_rel_max > 0.991","ranger",11017,0.9449,0.94122,5909,5588,0.9457,0.2514,0.2388,24.556,0.0772,0.9846,1.3
"1","homeless <= 0.5 & utilities <= 8.0","ranger",11841,0.94477,0.94121,6304,5965,0.9462,0.2684,0.2155,26.198,0.0772,0.9846,1.3
"1","rawben_rel_max <= 0.344","ranger",11631,0.9448,0.94121,5655,5339,0.9441,0.2402,0.1612,23.501,0.0772,0.9846,1.3
"1","total_deductions_by_hh_size >= 971.00 & unc_rawben_rel_max >=   1.09 & unc_rawben_rel_max <   2.52","xgboost",1403,0.95153,0.9412,830,798,0.9614,0.0359,0.0238,3.449,0.0772,0.9846,1.3
"1","cat_elig >  0.5 & utilities <= 30.5","ranger",13360,0.94454,0.94119,6942,6575,0.9471,0.2958,0.2405,28.849,0.0772,0.9846,1.3
"1","cat_elig >  1.500 & elderly_disabled_i >  0.500 & shelter_expenses_by_hh_size <= 23.000 & unc_rawben_rel_max >  0.266","ranger",505,0.95842,0.94119,36,36,1,0.0016,0,0.15,0.0772,0.9846,1.3
"1","count_divisible_by_100 <   1.000 & months_since_cert_n >=   6.000 & rawben_rel_max >=   0.668 & utilities >= 844.000","xgboost",1792,0.95033,0.94119,1207,1137,0.942,0.0512,0.0466,5.016,0.0772,0.9846,1.3
"1","months_since_cert_n <  11.000 & percent_abawd >=   0.500 & rawben_rel_max >=   0.736 & utilities >= 580.000","xgboost",465,0.95914,0.94119,273,258,0.9451,0.0116,0.0118,1.135,0.0772,0.9846,1.3
"1","cat_elig <  2 & total_deductions_by_hh_size < 92 & utilities >= 57","xgboost",1847,0.95019,0.94118,1222,1138,0.9313,0.0512,0.038,5.078,0.0772,0.9846,1.3
"1","elderly_disabled_i >  0.500 & rawben_rel_max >  0.991 & total_deductions_by_hh_size <= 17.800","ranger",1027,0.95326,0.94118,526,506,0.962,0.0228,0.0142,2.186,0.0772,0.9846,1.3
"1","married <= 0.50 & shelter_expenses_by_hh_size > 5.50 & unc_rawben_rel_max > 1.00 & unc_rawben_rel_max <= 1.96","ranger",8407,0.9454,0.94118,4312,4070,0.9439,0.1831,0.1851,17.92,0.0772,0.9846,1.3
"1","months_since_cert_n >=  11.000 & percent_abawd <   1.000 & rawben_rel_max <   0.412 & utilities < 875.000","xgboost",4147,0.94719,0.94118,2021,1903,0.9416,0.0856,0.0538,8.399,0.0772,0.9846,1.3
"1","count_divisible_by_100 <= 0.5 & expedited_i > 0.5","ranger",6833,0.94585,0.94117,3405,3211,0.943,0.1445,0.1371,14.15,0.0772,0.9846,1.3
"1","shelter_expenses_by_hh_size < 1460 & total_deductions_by_hh_size <  848 & utilities >=  757","xgboost",3067,0.94816,0.94117,1651,1540,0.9328,0.0693,0.0601,6.861,0.0772,0.9846,1.3
"1","cat_elig >= 1.000 & months_since_cert_n < 7.000 & rawben_rel_max >= 0.838","xgboost",12094,0.94468,0.94116,6292,5952,0.946,0.2678,0.2331,26.148,0.0772,0.9846,1.3
"1","shelter_expenses_by_hh_size >= 1000 & shelter_expenses_by_hh_size < 1970 & total_deductions_by_hh_size >=  523 & utilities >=  875","xgboost",2140,0.94953,0.94116,1574,1487,0.9447,0.0669,0.0519,6.541,0.0772,0.9846,1.3
"1","count_divisible_by_100 <=   1.500 & rawben_rel_max >   0.991 & total_deductions_by_hh_size >   8.900 & utilities > 428.000","ranger",6282,0.94604,0.94115,3299,3116,0.9445,0.1402,0.1346,13.71,0.0772,0.9846,1.3
"1","expedited_i <= 0.500 & homeless > 0.500 & percent_abawd > 0.500 & rawben_rel_max > 0.991","ranger",363,0.96143,0.94111,259,257,0.9923,0.0116,0.002,1.076,0.0772,0.9846,1.3
"1","homeless >=   1 & months_since_cert_n >=   5 & shelter_expenses_by_hh_size < 744","xgboost",1438,0.95132,0.94111,691,656,0.9493,0.0295,0.0243,2.872,0.0772,0.9846,1.3
"1","children_i <=   0.5 & expedited_i <=   0.5 & married <=   0.5 & shelter_expenses_by_hh_size <= 580.0","ranger",16708,0.9441,0.9411,8687,8214,0.9456,0.3695,0.2601,36.101,0.0772,0.9846,1.3
"1","cat_elig <   2 & months_since_cert_n <  20 & total_deductions_by_hh_size < 494 & utilities < 723","xgboost",19142,0.94389,0.94109,13219,12511,0.9464,0.5628,0.3795,54.935,0.0772,0.9846,1.3
"1","rawben_rel_max >    0.993 & shelter_expenses_by_hh_size <= 2750.000 & utilities >  426.000","ranger",6258,0.94599,0.94109,3260,3082,0.9454,0.1387,0.1303,13.548,0.0772,0.9846,1.3
"1","count_divisible_by_100 < 1.000 & rawben_rel_max >= 0.955","xgboost",19000,0.94389,0.94108,9845,9296,0.9442,0.4182,0.3914,40.913,0.0772,0.9846,1.3
"1","rawben_rel_max >=   0.092 & shelter_expenses_by_hh_size < 627.000 & utilities < 424.000","xgboost",18652,0.94392,0.94108,9738,9219,0.9467,0.4147,0.3043,40.469,0.0772,0.9846,1.3
"1","elderly_disabled_i >  0.500 & rawben_rel_max >  0.991 & total_deductions_by_hh_size <= 14.500 & unc_rawben_rel_max <=  1.950","ranger",1025,0.95317,0.94107,524,504,0.9618,0.0227,0.0142,2.178,0.0772,0.9846,1.3
"1","months_since_cert_n <   7.000 & unc_rawben_rel_max >=   0.772 & utilities < 875.000","xgboost",14083,0.94433,0.94107,7123,6739,0.9461,0.3032,0.2526,29.601,0.0772,0.9846,1.3
"1","homeless <   1.0 & percent_abawd <   0.5 & shelter_expenses_by_hh_size < 430.0","xgboost",11300,0.94469,0.94105,5870,5562,0.9475,0.2502,0.1839,24.394,0.0772,0.9846,1.3
"1","months_since_cert_n >=   6.00 & shelter_expenses_by_hh_size < 281.00 & unc_rawben_rel_max >=  -1.17","xgboost",4691,0.94671,0.94105,2463,2344,0.9517,0.1055,0.0844,10.236,0.0772,0.9846,1.3
"1","count_divisible_by_100 <= 1.500 & rawben_rel_max > 0.991 & shelter_expenses_by_hh_size > 5.500 & unc_rawben_rel_max <= 1.930","ranger",8616,0.94522,0.94104,4419,4171,0.9439,0.1876,0.1873,18.364,0.0772,0.9846,1.3
"1","medical_deductions >   0.500 & rawben_rel_max <=   0.325 & total_deductions_by_hh_size > 205.000","ranger",1306,0.95176,0.94104,575,543,0.9443,0.0244,0.0124,2.39,0.0772,0.9846,1.3
"1","months_since_cert_n >=  2.000 & rawben_rel_max <  0.268 & total_deductions_by_hh_size >= 92.000 & unc_rawben_rel_max <  0.000","xgboost",2208,0.94928,0.94103,1012,955,0.9437,0.043,0.0439,4.206,0.0772,0.9846,1.3
"1","rawben_rel_max >=    0.476 & shelter_expenses_by_hh_size < 1610.000 & total_deductions_by_hh_size < 1270.000 & utilities >=  886.000","xgboost",1547,0.95087,0.94102,1244,1186,0.9534,0.0534,0.0361,5.17,0.0772,0.9846,1.3
"1","expedited_i <    1.000 & months_since_cert_n <    5.000 & rawben_rel_max <    0.296 & shelter_expenses_by_hh_size < 1640.000","xgboost",3436,0.94761,0.941,1564,1485,0.9495,0.0668,0.0424,6.5,0.0772,0.9846,1.3
"1","total_deductions_by_hh_size >= 344.000 & unc_rawben_rel_max <  -0.056 & utilities < 886.000","xgboost",891,0.95398,0.941,366,344,0.9399,0.0155,0.0197,1.521,0.0772,0.9846,1.3
"1","cat_elig >   0.5 & elderly_disabled_i >   0.5 & total_deductions_by_hh_size <= 246.0","ranger",10431,0.94478,0.94098,5332,5038,0.9449,0.2267,0.1387,22.159,0.0772,0.9846,1.3
"1","count_divisible_by_100 <   1.000 & rawben_rel_max <   0.896 & total_deductions_by_hh_size < 178.000","xgboost",8605,0.94515,0.94097,4364,4101,0.9397,0.1845,0.1225,18.136,0.0772,0.9846,1.3
"1","medical_deductions < 137 & shelter_expenses_by_hh_size < 896 & total_deductions_by_hh_size < 441","xgboost",26931,0.94334,0.94097,13823,13074,0.9458,0.5882,0.3996,57.445,0.0772,0.9846,1.3
"1","medical_deductions <= 146.000 & rawben_rel_max >   0.991 & shelter_expenses_by_hh_size >  17.000 & unc_rawben_rel_max <=   1.930","ranger",8430,0.9452,0.94097,4330,4086,0.9436,0.1838,0.1837,17.994,0.0772,0.9846,1.3
"1","months_since_cert_n <  22.000 & unc_rawben_rel_max >=  -0.560 & unc_rawben_rel_max <   0.302 & utilities < 361.000","xgboost",4756,0.94659,0.94097,2216,2092,0.944,0.0941,0.0639,9.209,0.0772,0.9846,1.3
"1","cat_elig > 1.500 & expedited_i <= 0.500 & rawben_rel_max <= 0.991 & unc_rawben_rel_max <= 0.325","ranger",3290,0.94772,0.94096,219,211,0.9635,0.0095,0.0048,0.91,0.0772,0.9846,1.3
"1","elderly_disabled_i >    0.500 & rawben_rel_max >    0.991 & shelter_expenses_by_hh_size > 1020.000","ranger",3236,0.94778,0.94096,1870,1772,0.9476,0.0797,0.07,7.771,0.0772,0.9846,1.3
"1","expedited_i <   1.000 & rawben_rel_max <   0.371 & utilities >= 376.000","xgboost",5164,0.94636,0.94096,2547,2396,0.9407,0.1078,0.0666,10.585,0.0772,0.9846,1.3
"1","months_since_cert_n <   31.00 & rawben_rel_max >=    0.77 & shelter_expenses_by_hh_size < 1410.00 & utilities >=  676.00","xgboost",3756,0.94728,0.94096,2032,1922,0.9459,0.0865,0.0675,8.444,0.0772,0.9846,1.3
"1","rawben_rel_max >    0.991 & total_deductions_by_hh_size >  182.000 & total_deductions_by_hh_size <= 1330.000 & unc_rawben_rel_max <=    1.950","ranger",7866,0.94533,0.94096,4010,3775,0.9414,0.1698,0.1763,16.665,0.0772,0.9846,1.3
"1","count_divisible_by_100 <= 1.500 & months_since_cert_n <= 5.500 & rawben_rel_max > 0.991 & utilities > 9.500","ranger",4345,0.94684,0.94095,2162,2054,0.95,0.0924,0.0833,8.985,0.0772,0.9846,1.3
"1","months_since_cert_n <    2.00 & rawben_rel_max >=    0.68 & total_deductions_by_hh_size < 1560.00","xgboost",4896,0.94649,0.94095,2539,2407,0.948,0.1083,0.0808,10.551,0.0772,0.9846,1.3
"1","medical_deductions <= 152.000 & total_deductions_by_hh_size <= 151.000 & unc_rawben_rel_max <=   0.976 & utilities <=   5.000","ranger",3342,0.94764,0.94093,1734,1656,0.955,0.0745,0.0392,7.206,0.0772,0.9846,1.3
"1","medical_deductions <= 804.000 & shelter_expenses_by_hh_size >   5.500 & unc_rawben_rel_max >   0.998 & unc_rawben_rel_max <=   1.950","ranger",8580,0.9451,0.94092,4388,4143,0.9442,0.1864,0.1862,18.235,0.0772,0.9846,1.3
"1","months_since_cert_n <=  5.5 & unc_rawben_rel_max >  1.0 & utilities > 14.5","ranger",4307,0.94683,0.94092,2128,2025,0.9516,0.0911,0.0803,8.843,0.0772,0.9846,1.3
"1","children_i <  1 & count_divisible_by_100 <  1 & total_deductions_by_hh_size < 55 & utilities >= 27","xgboost",2783,0.94826,0.9409,1442,1341,0.93,0.0603,0.0467,5.993,0.0772,0.9846,1.3
"1","count_divisible_by_100 >   0.500 & medical_deductions > 120.000 & shelter_expenses_by_hh_size >   5.500 & unc_rawben_rel_max <=   0.311","ranger",73,0.9863,0.9409,31,29,0.9355,0.0013,0.0016,0.129,0.0772,0.9846,1.3
"1","elderly_disabled_i >= 1.000 & rawben_rel_max < 0.288 & total_deductions_by_hh_size >= 9.000","xgboost",5743,0.94602,0.9409,2786,2642,0.9483,0.1189,0.0685,11.578,0.0772,0.9846,1.3
"1","shelter_expenses_by_hh_size < 646.00 & unc_rawben_rel_max <   1.48 & utilities >= 369.00 & utilities < 424.00","xgboost",1470,0.95102,0.9409,905,858,0.9481,0.0386,0.0188,3.761,0.0772,0.9846,1.3
"1","cat_elig >=   2 & children_i <   1 & shelter_expenses_by_hh_size < 528","xgboost",6184,0.94583,0.94089,563,544,0.9663,0.0245,0.0106,2.34,0.0772,0.9846,1.3
"1","elderly_disabled_i > 0.50 & married <= 0.50 & total_deductions_by_hh_size <= 7.80 & unc_rawben_rel_max > 1.02","ranger",1003,0.95314,0.94089,516,496,0.9612,0.0223,0.0142,2.144,0.0772,0.9846,1.3
"1","rawben_rel_max >   0.991 & total_deductions_by_hh_size >   2.800 & utilities > 430.000","ranger",6272,0.94579,0.94089,3309,3126,0.9447,0.1406,0.1346,13.751,0.0772,0.9846,1.3
"1","cat_elig <    2.0 & percent_abawd >=    0.5 & shelter_expenses_by_hh_size < 1010.0 & utilities <  488.0","xgboost",2402,0.94879,0.94088,2024,1932,0.9545,0.0869,0.0673,8.411,0.0772,0.9846,1.3
"1","married <= 0.50 & months_since_cert_n <= 5.50 & unc_rawben_rel_max > 1.01 & utilities > 9.50","ranger",4179,0.94688,0.94088,2073,1971,0.9508,0.0887,0.0797,8.615,0.0772,0.9846,1.3
"1","months_since_cert_n <   3.0000 & rawben_rel_max >=   0.0893 & shelter_expenses_by_hh_size < 755.0000","xgboost",7152,0.94547,0.94088,3691,3522,0.9542,0.1584,0.0935,15.339,0.0772,0.9846,1.3
"1","rawben_rel_max >   0.991 & shelter_expenses_by_hh_size >  14.500 & utilities > 426.000","ranger",6306,0.94577,0.94088,3309,3126,0.9447,0.1406,0.1346,13.751,0.0772,0.9846,1.3
"1","rawben_rel_max >=    0.692 & shelter_expenses_by_hh_size < 1330.000 & total_deductions_by_hh_size >=   10.000 & utilities >=  680.000","xgboost",3751,0.94721,0.94088,1957,1847,0.9438,0.0831,0.0651,8.133,0.0772,0.9846,1.3
"1","elderly_disabled_i <=    0.500 & rawben_rel_max >    0.991 & shelter_expenses_by_hh_size <= 1850.000 & total_deductions_by_hh_size >    2.800","ranger",4783,0.94648,0.94087,2376,2257,0.9499,0.1015,0.0969,9.874,0.0772,0.9846,1.3
"1","total_deductions_by_hh_size <= 1020.000 & unc_rawben_rel_max <=    0.379","ranger",12363,0.94435,0.94086,6038,5686,0.9417,0.2558,0.1736,25.092,0.0772,0.9846,1.3
"1","elderly_disabled_i >  0.500 & medical_deductions <= 70.000 & shelter_expenses_by_hh_size <=  5.500 & unc_rawben_rel_max >  0.991","ranger",1040,0.95288,0.94085,535,512,0.957,0.023,0.016,2.223,0.0772,0.9846,1.3
"1","months_since_cert_n <=    5.500 & total_deductions_by_hh_size >   17.700 & total_deductions_by_hh_size <= 2380.000 & unc_rawben_rel_max >    0.991","ranger",5101,0.94629,0.94085,2558,2433,0.9511,0.1095,0.0955,10.63,0.0772,0.9846,1.3
"1","cat_elig >=   1.00 & shelter_expenses_by_hh_size < 528.00 & unc_rawben_rel_max <   1.93","xgboost",17535,0.94377,0.94084,8861,8385,0.9463,0.3772,0.2908,36.824,0.0772,0.9846,1.3
"1","cat_elig >=  2.000 & months_since_cert_n < 30.000 & rawben_rel_max <  0.312 & shelter_expenses_by_hh_size >= 44.000","xgboost",2834,0.94813,0.94084,197,188,0.9543,0.0085,0.0051,0.819,0.0772,0.9846,1.3
"1","percent_abawd <   0.5 & unc_rawben_rel_max >=   1.2 & utilities < 956.0","xgboost",10877,0.94456,0.94084,5275,4972,0.9426,0.2237,0.2345,21.922,0.0772,0.9846,1.3
"1","medical_deductions >= 117 & shelter_expenses_by_hh_size < 600 & total_deductions_by_hh_size < 293","xgboost",482,0.95851,0.94083,234,215,0.9188,0.0097,0.0082,0.972,0.0772,0.9846,1.3
"1","medical_deductions <= 116.000 & months_since_cert_n <=   5.500 & rawben_rel_max >   0.991 & utilities >   9.500","ranger",4210,0.94679,0.94081,2119,2016,0.9514,0.0907,0.079,8.806,0.0772,0.9846,1.3
"1","medical_deductions >   3.500 & total_deductions_by_hh_size > 302.000 & unc_rawben_rel_max <=   0.311","ranger",1058,0.95274,0.94081,461,441,0.9566,0.0198,0.0078,1.916,0.0772,0.9846,1.3
"1","months_since_cert_n <  34.000 & unc_rawben_rel_max >=   0.808 & unc_rawben_rel_max <   1.900 & utilities < 447.000","xgboost",13796,0.94411,0.94081,7369,6954,0.9437,0.3128,0.2909,30.624,0.0772,0.9846,1.3
"1","elderly_disabled_i >  0.500 & expedited_i >  0.500 & rawben_rel_max <=  0.291 & shelter_expenses_by_hh_size <= 13.000","ranger",43,1,0.9408,17,15,0.8824,7e-04,0.0019,0.071,0.0772,0.9846,1.3
"1","married <   1 & shelter_expenses_by_hh_size < 700 & total_deductions_by_hh_size < 645","xgboost",25781,0.94321,0.9408,13061,12325,0.9436,0.5545,0.4121,54.278,0.0772,0.9846,1.3
"1","cat_elig >= 2.000 & rawben_rel_max < 0.992 & total_deductions_by_hh_size < 4.400","xgboost",1039,0.95284,0.94079,81,79,0.9753,0.0036,8e-04,0.337,0.0772,0.9846,1.3
"1","elderly_disabled_i >   0.5 & married <=   0.5 & medical_deductions <=   0.5 & total_deductions_by_hh_size <= 297.0","ranger",11983,0.94434,0.94079,6207,5880,0.9473,0.2645,0.151,25.795,0.0772,0.9846,1.3
"1","medical_deductions >= 114.000 & rawben_rel_max <   0.395","xgboost",1743,0.95009,0.94079,807,754,0.9343,0.0339,0.0196,3.354,0.0772,0.9846,1.3
"1","months_since_cert_n >=  15 & shelter_expenses_by_hh_size >=  29 & shelter_expenses_by_hh_size < 557 & total_deductions_by_hh_size < 182","xgboost",1504,0.9508,0.94079,802,747,0.9314,0.0336,0.0209,3.333,0.0772,0.9846,1.3
"1","medical_deductions >=  242.00 & months_since_cert_n <   18.00 & rawben_rel_max <    0.21 & total_deductions_by_hh_size < 1780.00","xgboost",99,0.9798,0.94077,52,50,0.9615,0.0022,7e-04,0.216,0.0772,0.9846,1.3
"1","cat_elig <=   0.5 & medical_deductions >   3.5 & total_deductions_by_hh_size <= 300.0 & utilities <= 770.0","ranger",147,0.97279,0.94076,72,66,0.9167,0.003,0.0024,0.299,0.0772,0.9846,1.3
"1","medical_deductions <  157.000 & rawben_rel_max >=    0.481 & shelter_expenses_by_hh_size < 1390.000 & unc_rawben_rel_max >=    0.876","xgboost",19465,0.94354,0.94076,10105,9545,0.9446,0.4294,0.3785,41.994,0.0772,0.9846,1.3
"1","medical_deductions <=  114.000 & rawben_rel_max <=    0.991 & shelter_expenses_by_hh_size <= 2170.000 & unc_rawben_rel_max <=    0.325","ranger",9515,0.94472,0.94074,4701,4454,0.9475,0.2004,0.1316,19.536,0.0772,0.9846,1.3
"1","rawben_rel_max >=  0.100 & total_deductions_by_hh_size >= 14.000 & unc_rawben_rel_max <  0.168","xgboost",696,0.95546,0.94074,347,327,0.9424,0.0147,0.0089,1.442,0.0772,0.9846,1.3
"1","rawben_rel_max <   0.22 & total_deductions_by_hh_size >= 303.00 & utilities >= 388.00","xgboost",1723,0.95009,0.94073,797,756,0.9486,0.034,0.0257,3.312,0.0772,0.9846,1.3
"1","rawben_rel_max >=   0.928 & unc_rawben_rel_max >=   0.684 & utilities < 530.000","xgboost",14698,0.94394,0.94073,7473,7056,0.9442,0.3174,0.3038,31.056,0.0772,0.9846,1.3
"1","homeless <   1.000 & medical_deductions < 116.000 & total_deductions_by_hh_size >=  82.000 & unc_rawben_rel_max <  -0.004","xgboost",1631,0.95034,0.94072,702,669,0.953,0.0301,0.0287,2.917,0.0772,0.9846,1.3
"1","homeless >=  1.000 & rawben_rel_max >=  0.084 & rawben_rel_max <  0.496 & shelter_expenses_by_hh_size < 50.000","xgboost",192,0.96875,0.94071,94,89,0.9468,0.004,0.0017,0.391,0.0772,0.9846,1.3
"1","total_deductions_by_hh_size >= 474.00 & unc_rawben_rel_max >=  -0.44 & utilities >= 844.00 & utilities < 912.00","xgboost",1887,0.94966,0.94071,613,569,0.9282,0.0256,0.0276,2.547,0.0772,0.9846,1.3
"1","count_divisible_by_100 <   1.00 & unc_rawben_rel_max >=   1.29 & utilities >= 735.00","xgboost",1557,0.95055,0.9407,909,861,0.9472,0.0387,0.0354,3.778,0.0772,0.9846,1.3
"1","count_divisible_by_100 <= 0.500 & rawben_rel_max <= 0.943 & shelter_expenses_by_hh_size <= 5.500 & unc_rawben_rel_max <= 0.281","ranger",1056,0.95265,0.9407,458,433,0.9454,0.0195,0.0192,1.903,0.0772,0.9846,1.3
"1","medical_deductions <=   17.500 & rawben_rel_max <=    0.314 & shelter_expenses_by_hh_size <= 2310.000 & unc_rawben_rel_max <=    0.998","ranger",9002,0.94479,0.94069,4455,4220,0.9473,0.1899,0.1258,18.514,0.0772,0.9846,1.3
"1","rawben_rel_max <   0.945 & total_deductions_by_hh_size < 154.000 & unc_rawben_rel_max <   1.230","xgboost",8145,0.945,0.94069,4117,3875,0.9412,0.1743,0.1136,17.109,0.0772,0.9846,1.3
"1","elderly_disabled_i >  0.500 & rawben_rel_max >  0.991 & total_deductions_by_hh_size <= 28.900 & utilities <=  9.500","ranger",1037,0.95275,0.94068,533,513,0.9625,0.0231,0.0142,2.215,0.0772,0.9846,1.3
"1","homeless <=  0.500 & total_deductions_by_hh_size > 57.700 & unc_rawben_rel_max >  0.991 & unc_rawben_rel_max <=  1.960","ranger",8003,0.94502,0.94068,4140,3899,0.9418,0.1754,0.1809,17.205,0.0772,0.9846,1.3
"1","rawben_rel_max >   0.993 & utilities > 426.000","ranger",6285,0.94558,0.94068,3280,3099,0.9448,0.1394,0.1333,13.631,0.0772,0.9846,1.3
"1","shelter_expenses_by_hh_size > 5.50 & unc_rawben_rel_max > 1.00 & unc_rawben_rel_max <= 1.96","ranger",8545,0.94488,0.94068,4371,4127,0.9442,0.1857,0.1859,18.165,0.0772,0.9846,1.3
"1","count_divisible_by_100 <   1 & utilities >= 850 & utilities < 912","xgboost",1794,0.94983,0.94066,631,590,0.935,0.0265,0.0254,2.622,0.0772,0.9846,1.3
"1","homeless <   1 & medical_deductions < 174 & months_since_cert_n <  17 & utilities <  44","xgboost",11818,0.94424,0.94066,6252,5929,0.9483,0.2667,0.2032,25.982,0.0772,0.9846,1.3
"1","months_since_cert_n <= 5.50 & unc_rawben_rel_max > 1.01 & utilities > 9.50","ranger",4270,0.9466,0.94066,2106,2004,0.9516,0.0902,0.0797,8.752,0.0772,0.9846,1.3
"1","cat_elig <   2.00 & shelter_expenses_by_hh_size < 726.00 & total_deductions_by_hh_size < 725.00 & unc_rawben_rel_max <   2.52","xgboost",19138,0.94346,0.94065,12908,12155,0.9417,0.5468,0.424,53.643,0.0772,0.9846,1.3
"1","elderly_disabled_i <   1.000 & rawben_rel_max >=   0.766 & unc_rawben_rel_max <   1.180 & utilities < 452.000","xgboost",1739,0.94997,0.94065,909,874,0.9615,0.0393,0.0207,3.778,0.0772,0.9846,1.3
"1","cat_elig > 0.500 & expedited_i <= 0.500 & percent_abawd <= 1.500 & unc_rawben_rel_max > 0.991","ranger",11341,0.94427,0.94062,6032,5697,0.9445,0.2563,0.2503,25.068,0.0772,0.9846,1.3
"1","cat_elig > 0.5 & homeless > 0.5","ranger",3449,0.94723,0.94061,1688,1597,0.9461,0.0718,0.0604,7.015,0.0772,0.9846,1.3
"1","months_since_cert_n <=   32.5 & shelter_expenses_by_hh_size >   14.5 & shelter_expenses_by_hh_size <= 1800.0 & utilities >  808.0","ranger",3484,0.94719,0.9406,2258,2129,0.9429,0.0958,0.0748,9.384,0.0772,0.9846,1.3
"1","elderly_disabled_i <=  0.500 & expedited_i >  0.500 & rawben_rel_max >  0.958 & shelter_expenses_by_hh_size > 15.000","ranger",1499,0.95063,0.94059,739,700,0.9472,0.0315,0.0329,3.071,0.0772,0.9846,1.3
"1","months_since_cert_n >=   15 & shelter_expenses_by_hh_size < 1970 & total_deductions_by_hh_size <   59","xgboost",1664,0.95012,0.94059,820,773,0.9427,0.0348,0.022,3.408,0.0772,0.9846,1.3
"1","cat_elig > 0.5 & homeless > 0.5 & married <= 0.5","ranger",3447,0.9472,0.94058,1687,1596,0.9461,0.0718,0.0604,7.011,0.0772,0.9846,1.3
"1","cat_elig >=   1 & shelter_expenses_by_hh_size < 528 & utilities < 850","xgboost",17555,0.94349,0.94056,8875,8397,0.9461,0.3778,0.292,36.882,0.0772,0.9846,1.3
"1","married <  1.000 & rawben_rel_max >=  0.481 & utilities < 54.000","xgboost",12491,0.94404,0.94056,6512,6178,0.9487,0.2779,0.223,27.062,0.0772,0.9846,1.3
"1","rawben_rel_max <  0.1580 & total_deductions_by_hh_size < 40.0000 & unc_rawben_rel_max >=  0.0378 & utilities < 47.0000","xgboost",298,0.96309,0.94055,150,144,0.96,0.0065,0.0024,0.623,0.0772,0.9846,1.3
"1","expedited_i >=  1.00 & unc_rawben_rel_max >= -1.17","xgboost",7128,0.94515,0.94054,3541,3340,0.9432,0.1503,0.1428,14.716,0.0772,0.9846,1.3
"1","months_since_cert_n >=   6.000 & rawben_rel_max >=   0.668 & utilities >= 844.000","xgboost",1845,0.94959,0.94054,1254,1180,0.941,0.0531,0.049,5.211,0.0772,0.9846,1.3
"1","cat_elig < 2 & homeless >= 1 & percent_abawd >= 1","xgboost",597,0.95645,0.94053,529,510,0.9641,0.0229,0.0149,2.198,0.0772,0.9846,1.3
"1","elderly_disabled_i >  0.500 & medical_deductions <=  3.000 & total_deductions_by_hh_size <= 40.500 & unc_rawben_rel_max >  0.998","ranger",1053,0.95252,0.94053,542,521,0.9613,0.0234,0.0152,2.252,0.0772,0.9846,1.3
"1","rawben_rel_max <   0.454 & total_deductions_by_hh_size >= 101.000 & utilities >= 376.000 & utilities < 550.000","xgboost",3052,0.94758,0.94053,1377,1290,0.9368,0.058,0.0374,5.722,0.0772,0.9846,1.3
"1","rawben_rel_max <  0.080 & shelter_expenses_by_hh_size < 44.000 & unc_rawben_rel_max >= -0.304 & unc_rawben_rel_max < -0.004","xgboost",123,0.97561,0.94053,0,0,NA,0,0,0,0.0772,0.9846,1.3
"1","elderly_disabled_i >=    1.00 & shelter_expenses_by_hh_size >= 1390.00 & unc_rawben_rel_max >=    1.31 & utilities >=  875.00","xgboost",277,0.9639,0.94052,224,218,0.9732,0.0098,0.0041,0.931,0.0772,0.9846,1.3
"1","medical_deductions <    4 & rawben_rel_max >=    1 & shelter_expenses_by_hh_size >= 1320 & total_deductions_by_hh_size >=  729","xgboost",1350,0.95111,0.94052,813,773,0.9508,0.0348,0.0302,3.379,0.0772,0.9846,1.3
"1","children_i <   1.000 & months_since_cert_n <   2.000 & rawben_rel_max >=   0.368 & shelter_expenses_by_hh_size < 824.000","xgboost",4047,0.94663,0.94051,2142,2046,0.9552,0.092,0.0509,8.902,0.0772,0.9846,1.3
"1","children_i <=  0.50 & months_since_cert_n <=  5.50 & total_deductions_by_hh_size > 40.80 & unc_rawben_rel_max >  1.01","ranger",4525,0.9463,0.94051,2272,2157,0.9494,0.097,0.0881,9.442,0.0772,0.9846,1.3
"1","expedited_i > 0.5 & married <= 0.5 & percent_abawd <= 1.5","ranger",7107,0.94512,0.94051,3522,3319,0.9424,0.1493,0.1444,14.637,0.0772,0.9846,1.3
"1","medical_deductions <=   3.50 & months_since_cert_n >   5.50 & unc_rawben_rel_max <=   1.97 & utilities > 868.00","ranger",1405,0.95089,0.94051,971,909,0.9361,0.0409,0.0383,4.035,0.0772,0.9846,1.3
"1","expedited_i <=  0.50 & months_since_cert_n <= 11.50 & percent_abawd <=  0.75 & utilities <=  8.00","ranger",7368,0.94503,0.9405,3857,3649,0.9461,0.1642,0.1271,16.029,0.0772,0.9846,1.3
"1","months_since_cert_n <=  5.500 & rawben_rel_max >  0.991 & utilities > 14.500","ranger",4365,0.94639,0.9405,2171,2063,0.9503,0.0928,0.0833,9.022,0.0772,0.9846,1.3
"1","rawben_rel_max <=   0.998 & total_deductions_by_hh_size <= 728.000 & unc_rawben_rel_max <=   0.407 & utilities <= 850.000","ranger",12254,0.94402,0.9405,5977,5620,0.9403,0.2528,0.1696,24.839,0.0772,0.9846,1.3
"1","shelter_expenses_by_hh_size < 2090.00 & unc_rawben_rel_max >=    1.77 & unc_rawben_rel_max <    1.93 & utilities >=  670.00","xgboost",674,0.95549,0.9405,340,324,0.9529,0.0146,0.0125,1.413,0.0772,0.9846,1.3
"1","expedited_i <= 0.5 & homeless <= 0.5 & unc_rawben_rel_max > 1.0","ranger",10864,0.94422,0.94049,5868,5542,0.9444,0.2493,0.2432,24.386,0.0772,0.9846,1.3
"1","percent_abawd >=   0.5 & shelter_expenses_by_hh_size < 793.0","xgboost",4028,0.94662,0.94049,2205,2104,0.9542,0.0947,0.0736,9.163,0.0772,0.9846,1.3
"1","married <=  0.500 & rawben_rel_max <=  0.971 & shelter_expenses_by_hh_size <= 32.500 & total_deductions_by_hh_size <= 48.800","ranger",1496,0.95053,0.94047,700,674,0.9629,0.0303,0.0142,2.909,0.0772,0.9846,1.3
"1","months_since_cert_n <= 5.500 & rawben_rel_max > 0.998 & utilities > 9.500","ranger",4327,0.94638,0.94047,2144,2041,0.952,0.0918,0.0803,8.91,0.0772,0.9846,1.3
"1","cat_elig >=   1.0 & elderly_disabled_i >=   1.0 & percent_abawd <   0.5 & shelter_expenses_by_hh_size < 205.0","xgboost",2798,0.94782,0.94046,1367,1308,0.9568,0.0588,0.0355,5.681,0.0772,0.9846,1.3
"1","cat_elig <=    1.5 & shelter_expenses_by_hh_size >   14.0 & total_deductions_by_hh_size <= 1480.0 & utilities >  684.0","ranger",4361,0.94634,0.94045,3454,3195,0.925,0.1437,0.1439,14.354,0.0772,0.9846,1.3
"1","expedited_i < 1.0000 & months_since_cert_n >= 3.0000 & rawben_rel_max >= 0.0928 & unc_rawben_rel_max < 0.1680","xgboost",807,0.95415,0.94045,424,401,0.9458,0.018,0.0105,1.762,0.0772,0.9846,1.3
"1","homeless >=   1.0 & months_since_cert_n >=   6.0 & percent_abawd <   0.5 & shelter_expenses_by_hh_size < 678.0","xgboost",826,0.954,0.94045,375,354,0.944,0.0159,0.0126,1.558,0.0772,0.9846,1.3
"1","children_i <  1.00 & elderly_disabled_i >=  1.00 & total_deductions_by_hh_size < 10.00 & unc_rawben_rel_max >=  1.02","xgboost",1014,0.95266,0.94044,517,497,0.9613,0.0224,0.0142,2.149,0.0772,0.9846,1.3
"1","cat_elig >   1.5 & medical_deductions >  13.5 & total_deductions_by_hh_size <= 302.0","ranger",318,0.96226,0.94043,22,21,0.9545,9e-04,3e-04,0.091,0.0772,0.9846,1.3
"1","shelter_expenses_by_hh_size < 1970 & total_deductions_by_hh_size >=  470 & utilities >=  850","xgboost",3367,0.94713,0.94042,2277,2144,0.9416,0.0965,0.0801,9.463,0.0772,0.9846,1.3
"1","cat_elig < 1.000 & months_since_cert_n >= 3.000 & rawben_rel_max >= 0.447","xgboost",1968,0.94919,0.94041,1049,987,0.9409,0.0444,0.0319,4.359,0.0772,0.9846,1.3
"1","count_divisible_by_100 <   1.0 & percent_abawd <   0.5 & total_deductions_by_hh_size < 433.0","xgboost",23865,0.94293,0.94041,11932,11283,0.9456,0.5076,0.3271,49.587,0.0772,0.9846,1.3
"1","total_deductions_by_hh_size >= 159 & total_deductions_by_hh_size < 798 & unc_rawben_rel_max <   0 & utilities < 819","xgboost",1750,0.94971,0.94041,794,751,0.9458,0.0338,0.0339,3.3,0.0772,0.9846,1.3
"1","children_i <    1.000 & rawben_rel_max <    0.384 & shelter_expenses_by_hh_size < 1970.000","xgboost",12543,0.94387,0.9404,6099,5746,0.9421,0.2585,0.1716,25.346,0.0772,0.9846,1.3
"1","expedited_i > 0.5 & married <= 0.5","ranger",7111,0.94501,0.9404,3526,3323,0.9424,0.1495,0.1444,14.653,0.0772,0.9846,1.3
"1","cat_elig > 0.500 & expedited_i <= 0.500 & rawben_rel_max > 0.991","ranger",11366,0.94404,0.94039,6051,5715,0.9445,0.2571,0.2512,25.146,0.0772,0.9846,1.3
"1","homeless >  0.50 & percent_abawd >  0.75 & shelter_expenses_by_hh_size <= 14.00","ranger",711,0.95499,0.94039,449,435,0.9688,0.0196,0.0111,1.866,0.0772,0.9846,1.3
"1","total_deductions_by_hh_size < 190 & utilities >= 340 & utilities < 850","xgboost",2705,0.94787,0.94039,1679,1560,0.9291,0.0702,0.0571,6.978,0.0772,0.9846,1.3
"1","total_deductions_by_hh_size < 379.000 & unc_rawben_rel_max >=  -0.056 & unc_rawben_rel_max <   1.270","xgboost",22591,0.94299,0.94039,11829,11183,0.9454,0.5031,0.3363,49.158,0.0772,0.9846,1.3
"1","cat_elig <   2 & children_i <   1 & medical_deductions < 167 & utilities >= 688","xgboost",4303,0.94632,0.94038,3364,3127,0.9295,0.1407,0.1349,13.98,0.0772,0.9846,1.3
"1","expedited_i <= 0.500 & homeless <= 0.500 & rawben_rel_max > 0.991","ranger",11017,0.94409,0.94038,5956,5621,0.9438,0.2529,0.248,24.752,0.0772,0.9846,1.3
"1","cat_elig >=    2 & shelter_expenses_by_hh_size >= 1140 & total_deductions_by_hh_size >=  549 & total_deductions_by_hh_size <  620","xgboost",146,0.9726,0.94036,5,3,0.6,1e-04,6e-04,0.021,0.0772,0.9846,1.3
"1","elderly_disabled_i >  0.500 & rawben_rel_max >  0.947 & shelter_expenses_by_hh_size <= 32.500 & unc_rawben_rel_max <=  1.220","ranger",1050,0.95238,0.94036,547,527,0.9634,0.0237,0.0142,2.273,0.0772,0.9846,1.3
"1","elderly_disabled_i >  0.500 & shelter_expenses_by_hh_size <= 13.000 & unc_rawben_rel_max >  0.941 & unc_rawben_rel_max <=  1.290","ranger",1050,0.95238,0.94036,547,526,0.9616,0.0237,0.0152,2.273,0.0772,0.9846,1.3
"1","married <=   0.5 & shelter_expenses_by_hh_size >   5.5 & total_deductions_by_hh_size <= 184.0","ranger",8065,0.9447,0.94036,4128,3875,0.9387,0.1743,0.1214,17.155,0.0772,0.9846,1.3
"1","months_since_cert_n <=    6.500 & rawben_rel_max >    0.991 & total_deductions_by_hh_size >   14.500 & total_deductions_by_hh_size <= 1350.000","ranger",5428,0.94565,0.94036,2747,2608,0.9494,0.1173,0.1024,11.416,0.0772,0.9846,1.3
"1","shelter_expenses_by_hh_size < 1210.000 & unc_rawben_rel_max >=    0.876","xgboost",18270,0.94324,0.94036,9350,8820,0.9433,0.3968,0.3557,38.856,0.0772,0.9846,1.3
"1","cat_elig <=   0.500 & rawben_rel_max <=   0.993 & shelter_expenses_by_hh_size <= 484.000 & utilities <=  14.000","ranger",338,0.96154,0.94035,179,171,0.9553,0.0077,0.004,0.744,0.0772,0.9846,1.3
"1","count_divisible_by_100 <=  0.5 & homeless <=  0.5 & months_since_cert_n > 23.5 & total_deductions_by_hh_size <=  8.9","ranger",338,0.96154,0.94035,174,169,0.9713,0.0076,0.0029,0.723,0.0772,0.9846,1.3
"1","months_since_cert_n >=  1 & utilities < 49","xgboost",15288,0.94349,0.94033,7909,7488,0.9468,0.3369,0.2629,32.868,0.0772,0.9846,1.3
"1","cat_elig <=  0.500 & children_i <=  0.500 & unc_rawben_rel_max >  0.998 & utilities > 14.500","ranger",517,0.95745,0.94031,256,246,0.9609,0.0111,0.0088,1.064,0.0772,0.9846,1.3
"1","cat_elig > 0.50 & homeless > 0.50 & percent_abawd <= 0.25","ranger",2630,0.94791,0.94031,1170,1098,0.9385,0.0494,0.0456,4.862,0.0772,0.9846,1.3
"1","cat_elig >=   1.000 & rawben_rel_max <   0.199 & shelter_expenses_by_hh_size >= 205.000 & shelter_expenses_by_hh_size < 297.000","xgboost",276,0.96377,0.94031,90,86,0.9556,0.0039,0.0014,0.374,0.0772,0.9846,1.3
"1","months_since_cert_n <  14 & shelter_expenses_by_hh_size >= 297 & total_deductions_by_hh_size < 224","xgboost",5160,0.94574,0.94031,2677,2519,0.941,0.1133,0.0752,11.125,0.0772,0.9846,1.3
"1","rawben_rel_max >= 0.992 & total_deductions_by_hh_size >= 4.400 & unc_rawben_rel_max < 1.990","xgboost",9168,0.94437,0.9403,4691,4431,0.9446,0.1993,0.1957,19.495,0.0772,0.9846,1.3
"1","cat_elig <    2 & shelter_expenses_by_hh_size < 1580 & total_deductions_by_hh_size <  497","xgboost",21591,0.94294,0.94029,14652,13822,0.9434,0.6218,0.4366,60.89,0.0772,0.9846,1.3
"1","months_since_cert_n <   6.00 & shelter_expenses_by_hh_size >= 245.00 & unc_rawben_rel_max >=   1.05","xgboost",4084,0.94638,0.94028,2024,1918,0.9476,0.0863,0.0822,8.411,0.0772,0.9846,1.3
"1","count_divisible_by_100 <=  0.5 & elderly_disabled_i <=  0.5 & months_since_cert_n >  5.5 & utilities <= 46.5","ranger",2485,0.94809,0.94027,1323,1256,0.9494,0.0565,0.0534,5.498,0.0772,0.9846,1.3
"1","cat_elig <   3 & utilities >= 850 & utilities < 852","xgboost",317,0.96215,0.94025,186,183,0.9839,0.0082,0.0014,0.773,0.0772,0.9846,1.3
"1","homeless <=   0.5 & months_since_cert_n >   5.5 & shelter_expenses_by_hh_size >   5.5 & utilities > 868.0","ranger",1600,0.95,0.94025,1111,1037,0.9334,0.0467,0.0459,4.617,0.0772,0.9846,1.3
"1","children_i <=  0.500 & rawben_rel_max <=  0.947 & shelter_expenses_by_hh_size <=  5.500 & total_deductions_by_hh_size <= 10.500","ranger",1362,0.95081,0.94024,645,620,0.9612,0.0279,0.0139,2.68,0.0772,0.9846,1.3
"1","expedited_i <   1.0 & months_since_cert_n <   1.0 & total_deductions_by_hh_size < 600.0 & unc_rawben_rel_max >=   1.2","xgboost",671,0.95529,0.94024,295,287,0.9729,0.0129,0.0071,1.226,0.0772,0.9846,1.3
"1","percent_abawd >=    0.500 & rawben_rel_max >=    0.288 & shelter_expenses_by_hh_size < 1210.000 & utilities <  496.000","xgboost",3817,0.94655,0.94024,2128,2037,0.9572,0.0916,0.0621,8.843,0.0772,0.9846,1.3
"1","cat_elig >   0.5 & count_divisible_by_100 <=   1.5 & months_since_cert_n >  10.5 & total_deductions_by_hh_size <= 170.0","ranger",3338,0.94697,0.94022,1752,1646,0.9395,0.0741,0.0544,7.281,0.0772,0.9846,1.3
"1","elderly_disabled_i > 0.500 & rawben_rel_max > 0.947 & shelter_expenses_by_hh_size <= 5.500 & total_deductions_by_hh_size <= 8.800","ranger",1029,0.95238,0.94022,528,508,0.9621,0.0229,0.0142,2.194,0.0772,0.9846,1.3
"1","shelter_expenses_by_hh_size >= 896 & total_deductions_by_hh_size < 470 & utilities >=  52","xgboost",973,0.95272,0.94022,497,481,0.9678,0.0216,0.0077,2.065,0.0772,0.9846,1.3
"1","children_i <    1.000 & rawben_rel_max <    0.476 & shelter_expenses_by_hh_size <  387.000 & total_deductions_by_hh_size < 1450.000","xgboost",4203,0.94623,0.94021,2109,1985,0.9412,0.0893,0.0631,8.764,0.0772,0.9846,1.3
"1","children_i <   1 & total_deductions_by_hh_size >= 527 & total_deductions_by_hh_size < 792 & utilities >= 688","xgboost",3160,0.94715,0.94021,1564,1468,0.9386,0.066,0.0562,6.5,0.0772,0.9846,1.3
"1","children_i <= 0.500 & months_since_cert_n <= 0.500 & shelter_expenses_by_hh_size > 5.500 & unc_rawben_rel_max <= 0.261","ranger",477,0.95807,0.94021,206,200,0.9709,0.009,0.0058,0.856,0.0772,0.9846,1.3
"1","months_since_cert_n <=  5.500 & total_deductions_by_hh_size > 17.700 & unc_rawben_rel_max >  0.991","ranger",5115,0.94565,0.9402,2568,2441,0.9505,0.1098,0.0968,10.672,0.0772,0.9846,1.3
"1","cat_elig <   2 & shelter_expenses_by_hh_size < 710 & utilities < 784","xgboost",18851,0.94303,0.94019,12770,12017,0.941,0.5406,0.4281,53.069,0.0772,0.9846,1.3
"1","cat_elig <  2.000 & months_since_cert_n < 24.000 & rawben_rel_max <  0.392 & unc_rawben_rel_max <  2.220","xgboost",8406,0.94444,0.94019,5648,5296,0.9377,0.2383,0.1739,23.472,0.0772,0.9846,1.3
"1","months_since_cert_n >=   6.000 & rawben_rel_max >=   0.664 & shelter_expenses_by_hh_size < 400.000 & total_deductions_by_hh_size < 657.000","xgboost",3354,0.94693,0.94019,1786,1686,0.944,0.0759,0.0807,7.422,0.0772,0.9846,1.3
"1","children_i <  1 & count_divisible_by_100 <  1 & months_since_cert_n >= 16 & total_deductions_by_hh_size < 63","xgboost",1507,0.95023,0.94018,737,695,0.943,0.0313,0.0187,3.063,0.0772,0.9846,1.3
"1","elderly_disabled_i >   0.50 & total_deductions_by_hh_size <= 330.00 & unc_rawben_rel_max <=   1.24","ranger",14030,0.94348,0.94018,7133,6744,0.9455,0.3034,0.1746,29.643,0.0772,0.9846,1.3
"1","cat_elig <   2 & elderly_disabled_i >=   1 & shelter_expenses_by_hh_size < 464 & total_deductions_by_hh_size < 170","xgboost",5305,0.94552,0.94017,3402,3224,0.9477,0.145,0.0855,14.138,0.0772,0.9846,1.3
"1","cat_elig <= 0.5 & homeless <= 0.5 & percent_abawd <= 0.5","ranger",3636,0.94664,0.94017,1872,1781,0.9514,0.0801,0.0446,7.78,0.0772,0.9846,1.3
"1","elderly_disabled_i >    0.5 & medical_deductions <=  614.0 & shelter_expenses_by_hh_size <= 1850.0 & utilities >  820.0","ranger",3051,0.94723,0.94017,2025,1920,0.9481,0.0864,0.0609,8.415,0.0772,0.9846,1.3
"1","homeless >= 1.00 & percent_abawd >= 0.50 & rawben_rel_max >= 0.54","xgboost",841,0.95363,0.94017,545,532,0.9761,0.0239,0.0109,2.265,0.0772,0.9846,1.3
"1","months_since_cert_n < 2.000 & rawben_rel_max >= 0.656 & unc_rawben_rel_max < 2.520","xgboost",4989,0.94568,0.94016,2591,2449,0.9452,0.1102,0.0864,10.768,0.0772,0.9846,1.3
"1","months_since_cert_n < 34.000 & rawben_rel_max >=  0.124 & utilities < 54.000","xgboost",15330,0.94331,0.94016,8026,7601,0.947,0.342,0.2628,33.354,0.0772,0.9846,1.3
"1","count_divisible_by_100 <   1.000 & rawben_rel_max <   0.464 & shelter_expenses_by_hh_size < 405.000 & unc_rawben_rel_max <   0.876","xgboost",4479,0.94597,0.94014,2300,2160,0.9391,0.0972,0.0696,9.558,0.0772,0.9846,1.3
"1","elderly_disabled_i <=  0.5 & months_since_cert_n >  5.5 & utilities <= 46.5","ranger",2569,0.94784,0.94014,1367,1294,0.9466,0.0582,0.0571,5.681,0.0772,0.9846,1.3
"1","expedited_i <   1.00 & shelter_expenses_by_hh_size < 531.00 & unc_rawben_rel_max >=  -1.17","xgboost",15547,0.94327,0.94014,7941,7508,0.9455,0.3378,0.2467,33.001,0.0772,0.9846,1.3
"1","married <=    0.500 & rawben_rel_max <=    0.325 & utilities >   12.500 & utilities <= 1020.000","ranger",8313,0.94442,0.94014,3953,3726,0.9426,0.1676,0.1136,16.428,0.0772,0.9846,1.3
"1","months_since_cert_n < 4.000 & percent_abawd < 1.000 & rawben_rel_max >= 0.828","xgboost",6993,0.9448,0.94014,3537,3356,0.9488,0.151,0.1236,14.699,0.0772,0.9846,1.3
"1","months_since_cert_n <   1.000 & rawben_rel_max >=   0.672 & utilities >= 784.000","xgboost",168,0.97024,0.94013,109,102,0.9358,0.0046,0.0046,0.453,0.0772,0.9846,1.3
"1","count_divisible_by_100 <= 1.5 & expedited_i > 0.5","ranger",7130,0.94474,0.94012,3539,3339,0.9435,0.1502,0.1425,14.707,0.0772,0.9846,1.3
"1","percent_abawd <=    0.250 & rawben_rel_max <=    0.991 & shelter_expenses_by_hh_size <= 1960.000 & unc_rawben_rel_max <=    0.420","ranger",13224,0.94351,0.94012,6491,6108,0.941,0.2748,0.1789,26.975,0.0772,0.9846,1.3
"1","cat_elig <=   0.5 & medical_deductions >   3.5 & utilities > 770.0","ranger",72,0.98611,0.94011,45,44,0.9778,0.002,2e-04,0.187,0.0772,0.9846,1.3
"1","rawben_rel_max >=   0.5 & total_deductions_by_hh_size >= 600.0 & utilities >= 875.0","xgboost",2084,0.94866,0.94011,1512,1429,0.9451,0.0643,0.0513,6.284,0.0772,0.9846,1.3
"1","cat_elig >=  2.000 & months_since_cert_n >= 16.000 & months_since_cert_n < 20.000 & rawben_rel_max <  0.254","xgboost",190,0.96842,0.9401,16,15,0.9375,7e-04,5e-04,0.066,0.0772,0.9846,1.3
"1","rawben_rel_max >=   0.684 & shelter_expenses_by_hh_size >= 853.000 & shelter_expenses_by_hh_size < 880.000 & utilities >= 462.000","xgboost",275,0.96364,0.9401,149,132,0.8859,0.0059,0.0079,0.619,0.0772,0.9846,1.3
"1","cat_elig >=   1 & months_since_cert_n <   4 & shelter_expenses_by_hh_size < 646","xgboost",7942,0.94447,0.94009,3972,3796,0.9557,0.1708,0.1043,16.507,0.0772,0.9846,1.3
"1","shelter_expenses_by_hh_size >= 400 & total_deductions_by_hh_size >=  10 & total_deductions_by_hh_size < 213","xgboost",4247,0.94608,0.94009,2204,2081,0.9442,0.0936,0.0583,9.159,0.0772,0.9846,1.3
"1","elderly_disabled_i <   1 & utilities < 601","xgboost",14126,0.94337,0.94008,7207,6829,0.9476,0.3072,0.2699,29.951,0.0772,0.9846,1.3
"1","children_i <   1.000 & rawben_rel_max <   0.152 & total_deductions_by_hh_size < 393.000 & utilities >= 612.000","xgboost",254,0.96457,0.94007,168,159,0.9464,0.0072,0.0055,0.698,0.0772,0.9846,1.3
"1","months_since_cert_n <   34.000 & total_deductions_by_hh_size < 1080.000 & unc_rawben_rel_max >=    0.883","xgboost",19875,0.94284,0.94007,10372,9768,0.9418,0.4394,0.4118,43.104,0.0772,0.9846,1.3
"1","months_since_cert_n >    5.500 & rawben_rel_max <=    0.316 & shelter_expenses_by_hh_size <= 2260.000 & utilities >   32.500","ranger",4737,0.94575,0.94007,2352,2221,0.9443,0.0999,0.0654,9.774,0.0772,0.9846,1.3
"1","cat_elig <   2 & total_deductions_by_hh_size < 511 & utilities < 789","xgboost",21831,0.9427,0.94005,14789,13955,0.9436,0.6278,0.4377,61.46,0.0772,0.9846,1.3
"1","months_since_cert_n >   5.500 & rawben_rel_max >   0.087 & total_deductions_by_hh_size <= 246.000 & unc_rawben_rel_max <=   1.220","ranger",7503,0.94456,0.94005,4023,3790,0.9421,0.1705,0.124,16.719,0.0772,0.9846,1.3
"1","elderly_disabled_i <=  0.500 & months_since_cert_n > 10.500 & rawben_rel_max >  0.942 & shelter_expenses_by_hh_size <= 13.000","ranger",495,0.95758,0.94002,285,274,0.9614,0.0123,0.0103,1.184,0.0772,0.9846,1.3
"1","shelter_expenses_by_hh_size > 466 & total_deductions_by_hh_size <= 332 & utilities <= 556","ranger",6007,0.94506,0.94002,2918,2754,0.9438,0.1239,0.0689,12.127,0.0772,0.9846,1.3
"1","elderly_disabled_i >   0.5 & shelter_expenses_by_hh_size > 704.0 & total_deductions_by_hh_size > 206.0 & total_deductions_by_hh_size <= 297.0","ranger",630,0.95556,0.93999,332,319,0.9608,0.0144,0.0059,1.38,0.0772,0.9846,1.3
"1","count_divisible_by_100 <= 0.500 & elderly_disabled_i > 0.500 & rawben_rel_max > 0.277 & total_deductions_by_hh_size <= 2.800","ranger",1647,0.94961,0.93998,982,945,0.9623,0.0425,0.0209,4.081,0.0772,0.9846,1.3
"1","children_i <=  0.5 & married <=  0.5 & total_deductions_by_hh_size <= 57.8 & utilities > 12.5","ranger",2970,0.94714,0.93997,1527,1424,0.9325,0.0641,0.0474,6.346,0.0772,0.9846,1.3
"1","elderly_disabled_i <= 0.500 & expedited_i > 0.500 & months_since_cert_n > 5.500 & rawben_rel_max > 0.854","ranger",1154,0.95147,0.93997,632,595,0.9415,0.0268,0.0331,2.626,0.0772,0.9846,1.3
"1","months_since_cert_n <  35 & total_deductions_by_hh_size < 486 & utilities < 688","xgboost",29248,0.94225,0.93997,14989,14178,0.9459,0.6378,0.4286,62.291,0.0772,0.9846,1.3
"1","total_deductions_by_hh_size >   7.80 & unc_rawben_rel_max >   1.01 & utilities > 428.00","ranger",6106,0.94497,0.93997,3208,3030,0.9445,0.1363,0.1316,13.332,0.0772,0.9846,1.3
"1","elderly_disabled_i >   0.5 & homeless >   0.5 & shelter_expenses_by_hh_size <= 552.0 & total_deductions_by_hh_size <= 170.0","ranger",514,0.9572,0.93996,234,222,0.9487,0.01,0.0076,0.972,0.0772,0.9846,1.3
"1","elderly_disabled_i >   0.50 & homeless >   0.50 & percent_abawd <=   0.25 & total_deductions_by_hh_size <= 172.00","ranger",514,0.9572,0.93996,237,225,0.9494,0.0101,0.0074,0.985,0.0772,0.9846,1.3
"1","rawben_rel_max >=   1 & total_deductions_by_hh_size >= 705 & utilities >= 430 & utilities < 956","xgboost",3005,0.94709,0.93996,1367,1270,0.929,0.0571,0.0676,5.681,0.0772,0.9846,1.3
"1","cat_elig <    2 & shelter_expenses_by_hh_size < 1070 & total_deductions_by_hh_size <  511 & utilities <  789","xgboost",21691,0.9426,0.93995,14650,13822,0.9435,0.6218,0.4351,60.882,0.0772,0.9846,1.3
"1","expedited_i >=  1 & months_since_cert_n >=  1 & months_since_cert_n < 19","xgboost",6155,0.94492,0.93994,3080,2908,0.9442,0.1308,0.1257,12.8,0.0772,0.9846,1.3
"1","medical_deductions <= 3.500 & months_since_cert_n > 5.500 & rawben_rel_max <= 0.414","ranger",6693,0.94472,0.93994,3423,3215,0.9392,0.1446,0.1038,14.225,0.0772,0.9846,1.3
"1","cat_elig >   0.5 & months_since_cert_n >  10.5 & total_deductions_by_hh_size <= 170.0","ranger",3339,0.94669,0.93993,1753,1646,0.939,0.0741,0.0554,7.285,0.0772,0.9846,1.3
"1","medical_deductions < 220 & shelter_expenses_by_hh_size < 793 & total_deductions_by_hh_size < 515","xgboost",27466,0.94229,0.93993,13867,13097,0.9445,0.5892,0.4145,57.628,0.0772,0.9846,1.3
"1","rawben_rel_max > 0.991 & shelter_expenses_by_hh_size > 5.500 & unc_rawben_rel_max <= 1.970","ranger",8714,0.94411,0.93993,4469,4214,0.9429,0.1896,0.1919,18.572,0.0772,0.9846,1.3
"1","cat_elig >   0.5 & homeless >   0.5 & medical_deductions <= 108.0","ranger",3409,0.94661,0.93992,1671,1583,0.9473,0.0712,0.0583,6.944,0.0772,0.9846,1.3
"1","cat_elig >=    1 & shelter_expenses_by_hh_size <  580 & total_deductions_by_hh_size < 1060","xgboost",18970,0.94275,0.93991,9737,9199,0.9447,0.4138,0.3213,40.465,0.0772,0.9846,1.3
"1","cat_elig >= 1.000 & rawben_rel_max >= 0.124 & rawben_rel_max < 0.261","xgboost",3197,0.94683,0.93991,1477,1388,0.9397,0.0624,0.0403,6.138,0.0772,0.9846,1.3
"1","count_divisible_by_100 <   1.0 & percent_abawd >=   0.5 & shelter_expenses_by_hh_size < 793.0","xgboost",3848,0.94621,0.9399,2108,2013,0.9549,0.0906,0.0687,8.76,0.0772,0.9846,1.3
"1","months_since_cert_n <   6.00 & shelter_expenses_by_hh_size < 906.00 & unc_rawben_rel_max <   1.93 & utilities < 875.00","xgboost",17108,0.94289,0.9399,8589,8147,0.9485,0.3665,0.2419,35.694,0.0772,0.9846,1.3
"1","percent_abawd <    0.5 & shelter_expenses_by_hh_size < 1270.0 & total_deductions_by_hh_size <  426.0","xgboost",24409,0.9424,0.9399,12213,11549,0.9456,0.5196,0.3388,50.754,0.0772,0.9846,1.3
"1","cat_elig <   2 & months_since_cert_n >=  17 & total_deductions_by_hh_size < 228","xgboost",1753,0.94923,0.93989,1115,1053,0.9444,0.0474,0.0274,4.634,0.0772,0.9846,1.3
"1","cat_elig > 1.500 & elderly_disabled_i > 0.500 & rawben_rel_max <= 0.991 & unc_rawben_rel_max <= 0.384","ranger",3372,0.94662,0.93989,220,211,0.9591,0.0095,0.0044,0.914,0.0772,0.9846,1.3
"1","months_since_cert_n >=    5 & total_deductions_by_hh_size < 1080 & utilities >=  875","xgboost",1445,0.95017,0.93989,967,907,0.938,0.0408,0.0364,4.019,0.0772,0.9846,1.3
"1","rawben_rel_max <   0.409 & shelter_expenses_by_hh_size < 672.000 & total_deductions_by_hh_size < 174.000 & utilities >= 436.000","xgboost",724,0.95442,0.93989,274,248,0.9051,0.0112,0.0125,1.139,0.0772,0.9846,1.3
"1","homeless <    1 & months_since_cert_n <    2 & shelter_expenses_by_hh_size < 1860 & utilities <  302","xgboost",3301,0.94668,0.93988,1609,1529,0.9503,0.0688,0.0495,6.687,0.0772,0.9846,1.3
"1","months_since_cert_n >= 11.0000 & unc_rawben_rel_max >= -0.5600 & unc_rawben_rel_max <  0.0172 & utilities < 52.0000","xgboost",274,0.9635,0.93988,130,124,0.9538,0.0056,0.0038,0.54,0.0772,0.9846,1.3
"1","cat_elig >  0.500 & months_since_cert_n > 13.500 & rawben_rel_max <=  0.412","ranger",2806,0.94726,0.93987,1365,1281,0.9385,0.0576,0.0384,5.673,0.0772,0.9846,1.3
"1","months_since_cert_n <  30 & shelter_expenses_by_hh_size < 678","xgboost",24921,0.94234,0.93986,12656,11939,0.9433,0.5371,0.4119,52.595,0.0772,0.9846,1.3
"1","homeless <    1 & shelter_expenses_by_hh_size <  601 & total_deductions_by_hh_size < 1100 & utilities <  559","xgboost",18900,0.9427,0.93985,9712,9167,0.9439,0.4124,0.3151,40.361,0.0772,0.9846,1.3
"1","total_deductions_by_hh_size >= 10.000 & unc_rawben_rel_max >=  0.996 & unc_rawben_rel_max <  1.990","xgboost",9048,0.94397,0.93985,4623,4367,0.9446,0.1965,0.1936,19.212,0.0772,0.9846,1.3
"1","expedited_i <   1.0 & total_deductions_by_hh_size < 855.0 & unc_rawben_rel_max >=   1.2","xgboost",8114,0.94417,0.93983,4240,4005,0.9446,0.1802,0.1818,17.62,0.0772,0.9846,1.3
"1","months_since_cert_n >=    2.000 & rawben_rel_max <    0.324 & total_deductions_by_hh_size < 1560.000 & unc_rawben_rel_max >=   -0.304","xgboost",7959,0.94421,0.93983,4033,3797,0.9415,0.1708,0.1113,16.76,0.0772,0.9846,1.3
"1","children_i <   1.00 & total_deductions_by_hh_size < 515.00 & unc_rawben_rel_max >=  -1.17 & utilities < 750.00","xgboost",30072,0.94207,0.93982,15388,14540,0.9449,0.6541,0.4373,63.949,0.0772,0.9846,1.3
"1","total_deductions_by_hh_size >=  92 & total_deductions_by_hh_size < 167 & utilities >=  29","xgboost",1823,0.94899,0.93982,867,804,0.9273,0.0362,0.0319,3.603,0.0772,0.9846,1.3
"1","expedited_i >= 1","xgboost",7145,0.94444,0.93981,3547,3343,0.9425,0.1504,0.1453,14.74,0.0772,0.9846,1.3
"1","rawben_rel_max >=   0.261 & shelter_expenses_by_hh_size < 723.000 & total_deductions_by_hh_size < 430.000","xgboost",18607,0.94266,0.93979,9848,9334,0.9478,0.4199,0.2861,40.926,0.0772,0.9846,1.3
"1","elderly_disabled_i >=   1.00 & rawben_rel_max <   0.58 & shelter_expenses_by_hh_size >=  29.00 & shelter_expenses_by_hh_size < 300.00","xgboost",1406,0.95021,0.93978,647,618,0.9552,0.0278,0.0127,2.689,0.0772,0.9846,1.3
"1","months_since_cert_n <  28 & percent_abawd >=   1 & total_deductions_by_hh_size < 661","xgboost",4206,0.94579,0.93976,2525,2396,0.9489,0.1078,0.0954,10.493,0.0772,0.9846,1.3
"1","shelter_expenses_by_hh_size < 906.00 & total_deductions_by_hh_size < 466.00 & unc_rawben_rel_max <   2.52","xgboost",28367,0.94208,0.93976,14460,13659,0.9446,0.6145,0.4219,60.092,0.0772,0.9846,1.3
"1","cat_elig >  0.500 & rawben_rel_max >  0.991 & total_deductions_by_hh_size > 14.800 & unc_rawben_rel_max <=  1.960","ranger",8362,0.94403,0.93975,4272,4030,0.9434,0.1813,0.1831,17.753,0.0772,0.9846,1.3
"1","months_since_cert_n >=   6.000 & rawben_rel_max <   0.664 & total_deductions_by_hh_size < 337.000","xgboost",8052,0.94411,0.93975,4148,3906,0.9417,0.1757,0.1036,17.238,0.0772,0.9846,1.3
"1","medical_deductions < 307.000 & percent_abawd <   0.500 & rawben_rel_max <   0.476 & utilities < 496.000","xgboost",11277,0.94342,0.93974,5493,5172,0.9416,0.2327,0.1471,22.828,0.0772,0.9846,1.3
"1","months_since_cert_n >  5.500 & rawben_rel_max <=  0.947 & shelter_expenses_by_hh_size <= 14.000 & total_deductions_by_hh_size <= 53.700","ranger",741,0.95412,0.93973,353,338,0.9575,0.0152,0.0077,1.467,0.0772,0.9846,1.3
"1","months_since_cert_n >=   2.000 & rawben_rel_max <   0.492 & shelter_expenses_by_hh_size < 567.000","xgboost",7015,0.9444,0.93973,3517,3304,0.9394,0.1486,0.0994,14.616,0.0772,0.9846,1.3
"1","cat_elig >  0.500 & total_deductions_by_hh_size > 17.700 & unc_rawben_rel_max >  0.991 & unc_rawben_rel_max <=  1.960","ranger",8340,0.944,0.93972,4261,4019,0.9432,0.1808,0.1831,17.708,0.0772,0.9846,1.3
"1","elderly_disabled_i > 0.500 & rawben_rel_max <= 0.991 & unc_rawben_rel_max <= 0.479","ranger",14008,0.94303,0.93972,6894,6493,0.9418,0.2921,0.1705,28.65,0.0772,0.9846,1.3
"1","homeless <  1 & months_since_cert_n < 17 & utilities < 44","xgboost",11924,0.94331,0.93972,6310,5974,0.9468,0.2688,0.2114,26.223,0.0772,0.9846,1.3
"1","shelter_expenses_by_hh_size < 1040.000 & unc_rawben_rel_max <    0.412","xgboost",11459,0.94336,0.93971,5583,5251,0.9405,0.2362,0.1601,23.202,0.0772,0.9846,1.3
"1","cat_elig <   1.000 & months_since_cert_n <  26.000 & rawben_rel_max <   0.464 & shelter_expenses_by_hh_size >= 281.000","xgboost",1185,0.95105,0.93968,570,549,0.9632,0.0247,0.0076,2.369,0.0772,0.9846,1.3
"1","medical_deductions <  150.000 & rawben_rel_max >=    0.711 & shelter_expenses_by_hh_size < 1040.000 & unc_rawben_rel_max >=    0.800","xgboost",17248,0.94266,0.93968,8736,8261,0.9456,0.3716,0.3157,36.305,0.0772,0.9846,1.3
"1","total_deductions_by_hh_size < 1080.000 & unc_rawben_rel_max >=    0.883","xgboost",20030,0.94244,0.93967,10438,9830,0.9418,0.4422,0.4153,43.378,0.0772,0.9846,1.3
"1","months_since_cert_n >   1.500 & rawben_rel_max <=   0.479 & shelter_expenses_by_hh_size <= 726.000","ranger",8950,0.9438,0.93966,4456,4185,0.9392,0.1883,0.1277,18.518,0.0772,0.9846,1.3
"1","rawben_rel_max <=    0.381 & shelter_expenses_by_hh_size <= 2120.000 & unc_rawben_rel_max <=    1.000","ranger",12560,0.94315,0.93966,6142,5779,0.9409,0.26,0.1773,25.525,0.0772,0.9846,1.3
"1","count_divisible_by_100 <=  0.500 & shelter_expenses_by_hh_size <=  5.500 & total_deductions_by_hh_size <= 56.700 & unc_rawben_rel_max <=  0.976","ranger",1403,0.95011,0.93965,659,637,0.9666,0.0287,0.0112,2.739,0.0772,0.9846,1.3
"1","expedited_i <=  0.50 & total_deductions_by_hh_size > 17.70 & unc_rawben_rel_max >  1.00 & unc_rawben_rel_max <=  1.93","ranger",6746,0.94441,0.93964,3477,3291,0.9465,0.1481,0.1412,14.45,0.0772,0.9846,1.3
"1","rawben_rel_max >= 0.0928 & rawben_rel_max < 0.2720","xgboost",4232,0.94565,0.93963,1975,1862,0.9428,0.0838,0.0505,8.208,0.0772,0.9846,1.3
"1","medical_deductions <   6.00 & rawben_rel_max <   0.54 & total_deductions_by_hh_size < 101.00 & utilities >= 424.00","xgboost",607,0.95552,0.93961,259,250,0.9653,0.0112,0.0045,1.076,0.0772,0.9846,1.3
"1","cat_elig <   1.00 & total_deductions_by_hh_size < 519.00 & unc_rawben_rel_max <   0.52","xgboost",1420,0.95,0.9396,718,687,0.9568,0.0309,0.0126,2.984,0.0772,0.9846,1.3
"1","expedited_i <=   0.500 & rawben_rel_max >   0.993 & shelter_expenses_by_hh_size <= 556.000 & unc_rawben_rel_max >   1.210","ranger",3391,0.94633,0.9396,517,471,0.911,0.0212,0.0369,2.149,0.0772,0.9846,1.3
"1","cat_elig <   2.00 & months_since_cert_n <   7.00 & total_deductions_by_hh_size >= 705.00 & unc_rawben_rel_max >=   1.05","xgboost",1110,0.95135,0.93959,824,770,0.9345,0.0346,0.0385,3.424,0.0772,0.9846,1.3
"1","elderly_disabled_i <= 0.50 & homeless <= 0.50 & months_since_cert_n <= 5.50 & percent_abawd <= 0.75","ranger",6067,0.94462,0.93959,3109,2950,0.9489,0.1327,0.1064,12.92,0.0772,0.9846,1.3
"1","medical_deductions <= 17.500 & rawben_rel_max <=  0.314 & unc_rawben_rel_max <=  0.998","ranger",9025,0.94371,0.93959,4463,4220,0.9456,0.1899,0.1322,18.547,0.0772,0.9846,1.3
"1","medical_deductions > 30.000 & rawben_rel_max <=  0.595 & shelter_expenses_by_hh_size <= 14.000 & total_deductions_by_hh_size > 60.300","ranger",97,0.97938,0.93959,54,52,0.963,0.0023,8e-04,0.224,0.0772,0.9846,1.3
"1","shelter_expenses_by_hh_size < 828.0000 & total_deductions_by_hh_size < 642.0000 & unc_rawben_rel_max >=  -0.0344 & utilities < 339.0000","xgboost",18546,0.94247,0.93959,9134,8664,0.9485,0.3898,0.2788,37.959,0.0772,0.9846,1.3
"1","homeless <  1.000 & rawben_rel_max >=  0.636 & unc_rawben_rel_max >=  0.302 & utilities < 48.000","xgboost",8579,0.94382,0.93958,4596,4360,0.9487,0.1961,0.1683,19.1,0.0772,0.9846,1.3
"1","cat_elig <   2 & total_deductions_by_hh_size < 511","xgboost",21979,0.94222,0.93957,14913,14059,0.9427,0.6325,0.4481,61.975,0.0772,0.9846,1.3
"1","homeless >   0.5 & months_since_cert_n >  17.5 & shelter_expenses_by_hh_size <= 672.0","ranger",121,0.97521,0.93957,48,46,0.9583,0.0021,5e-04,0.199,0.0772,0.9846,1.3
"1","shelter_expenses_by_hh_size < 1440 & total_deductions_by_hh_size <  474 & utilities <  912","xgboost",29509,0.94185,0.93957,15025,14196,0.9448,0.6387,0.435,62.44,0.0772,0.9846,1.3
"1","shelter_expenses_by_hh_size < 987 & total_deductions_by_hh_size < 133 & utilities >= 370 & utilities < 447","xgboost",851,0.953,0.93956,555,535,0.964,0.0241,0.0082,2.306,0.0772,0.9846,1.3
"1","count_divisible_by_100 > 0.500 & elderly_disabled_i <= 0.500 & homeless <= 0.500 & rawben_rel_max > 0.971","ranger",549,0.95628,0.93955,305,286,0.9377,0.0129,0.0156,1.268,0.0772,0.9846,1.3
"1","months_since_cert_n >=  11.000 & rawben_rel_max <   0.268 & shelter_expenses_by_hh_size >= 476.000 & utilities >=  41.000","xgboost",1473,0.94976,0.93955,724,691,0.9544,0.0311,0.0207,3.009,0.0772,0.9846,1.3
"1","cat_elig > 1.500 & rawben_rel_max <= 0.303 & shelter_expenses_by_hh_size > 5.500","ranger",2949,0.94676,0.93954,198,189,0.9545,0.0085,0.0051,0.823,0.0772,0.9846,1.3
"1","expedited_i <   1.00 & shelter_expenses_by_hh_size < 681.00 & unc_rawben_rel_max <   1.52 & utilities < 551.00","xgboost",18600,0.94242,0.93954,9475,8946,0.9442,0.4025,0.2755,39.376,0.0772,0.9846,1.3
"1","children_i <   1 & shelter_expenses_by_hh_size < 773 & total_deductions_by_hh_size < 620 & utilities < 875","xgboost",27546,0.94188,0.93952,13848,13066,0.9435,0.5878,0.4198,57.549,0.0772,0.9846,1.3
"1","medical_deductions <= 114.000 & rawben_rel_max <=   0.991 & unc_rawben_rel_max <=   0.325","ranger",9545,0.94353,0.93952,4712,4457,0.9459,0.2005,0.138,19.582,0.0772,0.9846,1.3
"1","rawben_rel_max >=   0.892 & unc_rawben_rel_max >=   0.800 & utilities < 459.000","xgboost",13665,0.94285,0.93949,7264,6840,0.9416,0.3077,0.3036,30.187,0.0772,0.9846,1.3
"1","cat_elig >   0.5 & cat_elig <=   2.5 & homeless >   0.5 & medical_deductions <= 108.0","ranger",3384,0.94622,0.93947,1671,1583,0.9473,0.0712,0.0583,6.944,0.0772,0.9846,1.3
"1","cat_elig >  0.5 & children_i <=  0.5 & percent_abawd <=  0.5 & utilities <= 30.5","ranger",10442,0.94331,0.93947,5333,5040,0.9451,0.2267,0.1824,22.163,0.0772,0.9846,1.3
"1","expedited_i <=   0.5 & married <=   0.5 & shelter_expenses_by_hh_size <= 580.0","ranger",16984,0.94248,0.93947,8804,8309,0.9438,0.3738,0.2758,36.587,0.0772,0.9846,1.3
"1","homeless >  0.5 & medical_deductions > 96.2","ranger",42,1,0.93947,21,18,0.8571,8e-04,0.0022,0.087,0.0772,0.9846,1.3
"1","cat_elig >=   1 & total_deductions_by_hh_size < 121 & utilities >= 298","xgboost",2044,0.94814,0.93946,1101,1026,0.9319,0.0462,0.0349,4.575,0.0772,0.9846,1.3
"1","elderly_disabled_i >=   1.00 & unc_rawben_rel_max <   0.78 & utilities >= 370.00 & utilities < 388.00","xgboost",700,0.95429,0.93946,544,497,0.9136,0.0224,0.0195,2.261,0.0772,0.9846,1.3
"1","elderly_disabled_i >= 1.000 & rawben_rel_max < 0.481","xgboost",14048,0.94277,0.93946,6937,6530,0.9413,0.2938,0.1727,28.828,0.0772,0.9846,1.3
"1","homeless <   1 & percent_abawd >=   1 & shelter_expenses_by_hh_size < 916","xgboost",3383,0.9462,0.93946,1802,1717,0.9528,0.0772,0.0607,7.489,0.0772,0.9846,1.3
"1","months_since_cert_n <=   22.5 & shelter_expenses_by_hh_size >    5.5 & shelter_expenses_by_hh_size <= 1650.0 & total_deductions_by_hh_size <=  172.0","ranger",6983,0.94415,0.93946,3585,3368,0.9395,0.1515,0.1055,14.898,0.0772,0.9846,1.3
"1","months_since_cert_n <    4.000 & rawben_rel_max >=    0.632 & shelter_expenses_by_hh_size < 1250.000","xgboost",9567,0.94345,0.93944,4848,4619,0.9528,0.2078,0.1325,20.147,0.0772,0.9846,1.3
"1","married <=   0.5 & months_since_cert_n >   5.5 & shelter_expenses_by_hh_size > 344.0 & total_deductions_by_hh_size <= 296.0","ranger",5206,0.94487,0.93943,2781,2606,0.9371,0.1172,0.075,11.557,0.0772,0.9846,1.3
"1","elderly_disabled_i <= 0.5 & homeless <= 0.5 & married <= 0.5 & months_since_cert_n <= 7.5","ranger",9920,0.94335,0.93941,5192,4916,0.9468,0.2212,0.185,21.577,0.0772,0.9846,1.3
"1","cat_elig >   0.5 & expedited_i <=   0.5 & married <=   0.5 & total_deductions_by_hh_size <= 366.0","ranger",18436,0.94229,0.9394,9624,9078,0.9433,0.4084,0.2803,39.995,0.0772,0.9846,1.3
"1","expedited_i >=   1.00 & rawben_rel_max >=   0.76 & utilities >= 580.00","xgboost",793,0.95334,0.9394,400,379,0.9475,0.0171,0.0128,1.662,0.0772,0.9846,1.3
"1","medical_deductions <  125 & shelter_expenses_by_hh_size >=  730 & total_deductions_by_hh_size < 1560 & utilities >=  875","xgboost",2361,0.94748,0.9394,1612,1516,0.9404,0.0682,0.0579,6.699,0.0772,0.9846,1.3
"1","rawben_rel_max <   0.264 & total_deductions_by_hh_size >= 310.000 & utilities >= 361.000 & utilities < 819.000","xgboost",1667,0.94901,0.9394,797,762,0.9561,0.0343,0.0204,3.312,0.0772,0.9846,1.3
"1","children_i <=  0.50 & shelter_expenses_by_hh_size <= 27.50 & total_deductions_by_hh_size <= 80.20 & unc_rawben_rel_max <=  1.02","ranger",1613,0.94916,0.93939,768,742,0.9661,0.0334,0.0142,3.192,0.0772,0.9846,1.3
"1","count_divisible_by_100 <= 0.5 & elderly_disabled_i <= 0.5","ranger",14795,0.94262,0.93939,7612,7209,0.9471,0.3243,0.286,31.634,0.0772,0.9846,1.3
"1","homeless <   1.000 & rawben_rel_max >=   0.712 & shelter_expenses_by_hh_size < 764.000 & utilities < 992.000","xgboost",10991,0.94314,0.93939,5748,5424,0.9436,0.244,0.2218,23.887,0.0772,0.9846,1.3
"1","homeless > 0.50 & medical_deductions <= 0.50 & percent_abawd > 0.25 & utilities <= 9.50","ranger",718,0.95404,0.93939,456,442,0.9693,0.0199,0.0111,1.895,0.0772,0.9846,1.3
"1","children_i <=  0.5 & count_divisible_by_100 <=  0.5 & expedited_i <=  0.5 & utilities <= 30.5","ranger",10478,0.94321,0.93938,5599,5311,0.9486,0.2389,0.1775,23.268,0.0772,0.9846,1.3
"1","shelter_expenses_by_hh_size >= 436.0 & total_deductions_by_hh_size >=   4.4 & total_deductions_by_hh_size < 244.0","xgboost",4492,0.94524,0.93938,2290,2165,0.9454,0.0974,0.0582,9.517,0.0772,0.9846,1.3
"1","rawben_rel_max >=    0.409 & shelter_expenses_by_hh_size < 2300.000 & total_deductions_by_hh_size >=  633.000 & utilities >=  819.000","xgboost",2958,0.94659,0.93937,1879,1765,0.9393,0.0794,0.0665,7.809,0.0772,0.9846,1.3
"1","months_since_cert_n <   18 & shelter_expenses_by_hh_size < 1670 & total_deductions_by_hh_size <  798 & utilities >= 1010","xgboost",251,0.96414,0.93936,239,221,0.9247,0.0099,0.0095,0.993,0.0772,0.9846,1.3
"1","rawben_rel_max <   0.546 & shelter_expenses_by_hh_size >= 798.000 & unc_rawben_rel_max <  -0.304","xgboost",680,0.95441,0.93936,321,306,0.9533,0.0138,0.014,1.334,0.0772,0.9846,1.3
"1","children_i <= 0.5 & expedited_i <= 0.5 & utilities <= 8.0","ranger",10388,0.9432,0.93935,5569,5271,0.9465,0.2371,0.1823,23.143,0.0772,0.9846,1.3
"1","homeless <   1.0 & rawben_rel_max >=   0.5 & utilities >= 875.0","xgboost",2129,0.94786,0.93935,1471,1388,0.9436,0.0624,0.0507,6.113,0.0772,0.9846,1.3
"1","married <=  0.500 & months_since_cert_n <=  4.500 & total_deductions_by_hh_size > 18.800 & unc_rawben_rel_max >  0.995","ranger",4299,0.94534,0.93935,2136,2040,0.9551,0.0918,0.0727,8.877,0.0772,0.9846,1.3
"1","months_since_cert_n >=  14.000 & rawben_rel_max <   0.612 & shelter_expenses_by_hh_size < 387.000","xgboost",1014,0.95168,0.93935,508,478,0.9409,0.0215,0.0116,2.111,0.0772,0.9846,1.3
"1","cat_elig <=   0.500 & married <=   0.500 & rawben_rel_max <=   0.991 & shelter_expenses_by_hh_size <= 680.000","ranger",1287,0.95027,0.93933,641,609,0.9501,0.0274,0.0122,2.664,0.0772,0.9846,1.3
"1","elderly_disabled_i <=   0.50 & shelter_expenses_by_hh_size >   5.50 & total_deductions_by_hh_size <= 509.00 & unc_rawben_rel_max >   0.97","ranger",1629,0.94905,0.93932,782,752,0.9616,0.0338,0.0257,3.25,0.0772,0.9846,1.3
"1","expedited_i <= 0.500 & rawben_rel_max <= 0.268 & total_deductions_by_hh_size > 7.600","ranger",6057,0.94436,0.93932,2853,2685,0.9411,0.1208,0.0915,11.856,0.0772,0.9846,1.3
"1","married <  1.000 & rawben_rel_max <  0.481 & utilities < 54.000","xgboost",4626,0.94509,0.93932,2342,2206,0.9419,0.0992,0.0686,9.733,0.0772,0.9846,1.3
"1","homeless < 1.00 & percent_abawd >= 0.50 & rawben_rel_max >= 0.54","xgboost",3706,0.94576,0.93931,1966,1860,0.9461,0.0837,0.0769,8.17,0.0772,0.9846,1.3
"1","count_divisible_by_100 <=  0.500 & total_deductions_by_hh_size > 17.800 & unc_rawben_rel_max >  0.991 & unc_rawben_rel_max <=  1.950","ranger",8317,0.94361,0.9393,4204,3970,0.9443,0.1786,0.1756,17.471,0.0772,0.9846,1.3
"1","expedited_i <=   0.500 & unc_rawben_rel_max <=   0.471 & utilities <= 556.000","ranger",12197,0.94285,0.9393,5933,5582,0.9408,0.2511,0.1609,24.656,0.0772,0.9846,1.3
"1","rawben_rel_max <   0.512 & shelter_expenses_by_hh_size < 689.000 & utilities >= 412.000 & utilities < 417.000","xgboost",312,0.96154,0.9393,29,28,0.9655,0.0013,3e-04,0.121,0.0772,0.9846,1.3
"1","cat_elig >= 2.00 & rawben_rel_max >= 0.79 & unc_rawben_rel_max < 1.70","xgboost",6620,0.94411,0.93928,537,519,0.9665,0.0233,0.0102,2.232,0.0772,0.9846,1.3
"1","cat_elig >=   2 & children_i <   1 & shelter_expenses_by_hh_size < 693 & utilities < 318","xgboost",5709,0.94447,0.93927,473,456,0.9641,0.0205,0.0098,1.966,0.0772,0.9846,1.3
"1","months_since_cert_n <   20.000 & shelter_expenses_by_hh_size < 1390.000 & unc_rawben_rel_max >=   -0.184 & utilities >=  886.000","xgboost",1177,0.95072,0.93927,887,835,0.9414,0.0376,0.0304,3.686,0.0772,0.9846,1.3
"1","shelter_expenses_by_hh_size < 1800 & total_deductions_by_hh_size <  244 & utilities >=  334","xgboost",3929,0.94553,0.93927,2362,2216,0.9382,0.0997,0.0689,9.816,0.0772,0.9846,1.3
"1","months_since_cert_n < 11.0000 & rawben_rel_max >=  0.0928 & rawben_rel_max <  0.2640","xgboost",2690,0.94684,0.93926,1269,1200,0.9456,0.054,0.0326,5.274,0.0772,0.9846,1.3
"1","cat_elig <  2 & months_since_cert_n >=  1 & utilities < 63","xgboost",10795,0.94303,0.93925,7974,7530,0.9443,0.3388,0.2762,33.138,0.0772,0.9846,1.3
"1","cat_elig >= 1.000 & rawben_rel_max < 0.344","xgboost",10421,0.9431,0.93925,5078,4777,0.9407,0.2149,0.1553,21.103,0.0772,0.9846,1.3
"1","homeless >  0.5 & months_since_cert_n >  6.5 & months_since_cert_n <= 24.5 & utilities <= 69.5","ranger",791,0.95322,0.93925,399,379,0.9499,0.0171,0.0143,1.658,0.0772,0.9846,1.3
"1","months_since_cert_n < 6.000 & rawben_rel_max >= 0.672 & unc_rawben_rel_max >= 0.000","xgboost",14727,0.94249,0.93925,7532,7120,0.9453,0.3203,0.2564,31.301,0.0772,0.9846,1.3
"1","cat_elig <    2 & shelter_expenses_by_hh_size < 1230 & total_deductions_by_hh_size >=  337 & utilities >=  670","xgboost",3249,0.94614,0.93924,2075,1921,0.9258,0.0864,0.0824,8.623,0.0772,0.9846,1.3
"1","medical_deductions < 164 & shelter_expenses_by_hh_size < 760 & total_deductions_by_hh_size < 947 & utilities < 550","xgboost",26075,0.94167,0.93923,13094,12345,0.9428,0.5554,0.4204,54.415,0.0772,0.9846,1.3
"1","months_since_cert_n <=   4.500 & shelter_expenses_by_hh_size >  14.500 & total_deductions_by_hh_size > 233.000 & unc_rawben_rel_max >   0.991","ranger",3805,0.9456,0.93923,1878,1786,0.951,0.0803,0.0694,7.805,0.0772,0.9846,1.3
"1","count_divisible_by_100 <= 1.50 & elderly_disabled_i <= 0.50 & unc_rawben_rel_max <= 1.93","ranger",15513,0.94237,0.93922,7985,7556,0.9463,0.3399,0.3033,33.184,0.0772,0.9846,1.3
"1","elderly_disabled_i <=  0.500 & homeless >  0.500 & total_deductions_by_hh_size > 14.800 & unc_rawben_rel_max >  0.991","ranger",546,0.95604,0.93922,244,240,0.9836,0.0108,0.0035,1.014,0.0772,0.9846,1.3
"1","elderly_disabled_i <= 0.50 & unc_rawben_rel_max <= 1.93","ranger",15579,0.94236,0.93921,8023,7585,0.9454,0.3412,0.3099,33.342,0.0772,0.9846,1.3
"1","elderly_disabled_i <= 0.50 & unc_rawben_rel_max <= 1.96","ranger",15580,0.94236,0.93921,8025,7586,0.9453,0.3413,0.3109,33.35,0.0772,0.9846,1.3
"1","medical_deductions < 104.000 & rawben_rel_max >=   0.992 & total_deductions_by_hh_size >= 174.000 & unc_rawben_rel_max <   1.990","xgboost",7826,0.94365,0.93921,4046,3811,0.9419,0.1715,0.1754,16.814,0.0772,0.9846,1.3
"1","percent_abawd >=    1.000 & shelter_expenses_by_hh_size < 1640.000 & total_deductions_by_hh_size <  848.000 & unc_rawben_rel_max >=   -0.304","xgboost",4634,0.94497,0.9392,2581,2453,0.9504,0.1104,0.0888,10.726,0.0772,0.9846,1.3
"1","shelter_expenses_by_hh_size < 1330.00 & total_deductions_by_hh_size <  140.00 & unc_rawben_rel_max <    2.22 & utilities >=   74.00","xgboost",3212,0.94614,0.9392,1607,1499,0.9328,0.0674,0.0494,6.678,0.0772,0.9846,1.3
"1","elderly_disabled_i >   0.50 & medical_deductions <=   0.50 & rawben_rel_max <=   0.24 & total_deductions_by_hh_size > 300.00","ranger",1048,0.95134,0.93919,525,501,0.9543,0.0225,0.0142,2.182,0.0772,0.9846,1.3
"1","months_since_cert_n <  11.000 & rawben_rel_max <   0.612 & total_deductions_by_hh_size < 218.000","xgboost",6250,0.94416,0.93919,3144,2974,0.9459,0.1338,0.0797,13.066,0.0772,0.9846,1.3
"1","months_since_cert_n >=  3.00 & months_since_cert_n < 22.00 & unc_rawben_rel_max <  1.61 & utilities < 45.00","xgboost",10156,0.94309,0.93919,5226,4968,0.9506,0.2235,0.1626,21.718,0.0772,0.9846,1.3
"1","rawben_rel_max >=   0.99 & shelter_expenses_by_hh_size >= 869.00 & total_deductions_by_hh_size < 959.00","xgboost",3646,0.94569,0.93918,1948,1819,0.9338,0.0818,0.0925,8.095,0.0772,0.9846,1.3
"1","unc_rawben_rel_max >=  -0.184 & unc_rawben_rel_max <   0.000 & utilities >= 201.000","xgboost",1157,0.95073,0.93918,556,523,0.9406,0.0235,0.0219,2.311,0.0772,0.9846,1.3
"1","medical_deductions < 232.000 & months_since_cert_n <  20.000 & rawben_rel_max >=   0.692 & total_deductions_by_hh_size < 666.000","xgboost",16982,0.94217,0.93916,9249,8712,0.9419,0.3919,0.3459,38.437,0.0772,0.9846,1.3
"1","cat_elig >  0.500 & rawben_rel_max >  0.998 & shelter_expenses_by_hh_size > 14.500 & unc_rawben_rel_max <=  1.960","ranger",8006,0.94354,0.93915,4078,3845,0.9429,0.173,0.1774,16.947,0.0772,0.9846,1.3
"1","children_i < 1.000 & rawben_rel_max < 0.384","xgboost",12608,0.94266,0.93915,6122,5760,0.9409,0.2591,0.1786,25.442,0.0772,0.9846,1.3
"1","elderly_disabled_i <= 0.5 & married <= 0.5","ranger",15394,0.94232,0.93915,7955,7513,0.9444,0.338,0.3122,33.059,0.0772,0.9846,1.3
"1","homeless <    1.000 & months_since_cert_n >=    6.000 & rawben_rel_max >=    0.384 & utilities >= 1010.000","xgboost",371,0.95957,0.93915,419,397,0.9475,0.0179,0.0132,1.741,0.0772,0.9846,1.3
"1","homeless > 0.500 & percent_abawd <= 0.500 & rawben_rel_max <= 0.412","ranger",371,0.95957,0.93915,176,160,0.9091,0.0072,0.0102,0.731,0.0772,0.9846,1.3
"1","rawben_rel_max >=    0.916 & shelter_expenses_by_hh_size < 2090.000 & total_deductions_by_hh_size < 1560.000","xgboost",20364,0.94191,0.93915,10628,10015,0.9423,0.4506,0.4252,44.167,0.0772,0.9846,1.3
"1","count_divisible_by_100 >=   1 & shelter_expenses_by_hh_size < 159 & total_deductions_by_hh_size >=   9 & total_deductions_by_hh_size < 159","xgboost",143,0.97203,0.93914,79,78,0.9873,0.0035,8e-04,0.328,0.0772,0.9846,1.3
"1","elderly_disabled_i <=  0.500 & expedited_i >  0.500 & rawben_rel_max >  0.998 & shelter_expenses_by_hh_size > 14.000","ranger",1481,0.94936,0.93914,732,694,0.9481,0.0312,0.0319,3.042,0.0772,0.9846,1.3
"1","children_i <=  0.5 & homeless >  0.5 & months_since_cert_n >  5.5 & utilities <= 32.0","ranger",937,0.95197,0.93913,449,428,0.9532,0.0193,0.0145,1.866,0.0772,0.9846,1.3
"1","count_divisible_by_100 <=   1.5 & elderly_disabled_i >   0.5 & shelter_expenses_by_hh_size <= 704.0 & total_deductions_by_hh_size <= 296.0","ranger",11876,0.94274,0.93913,6052,5713,0.944,0.257,0.1558,25.151,0.0772,0.9846,1.3
"1","medical_deductions <   5.000 & rawben_rel_max >=   0.896 & utilities < 789.000","xgboost",17799,0.94208,0.93913,8786,8279,0.9423,0.3725,0.359,36.512,0.0772,0.9846,1.3
"1","shelter_expenses_by_hh_size < 1970 & utilities >=  850","xgboost",3504,0.94578,0.93913,2325,2190,0.9419,0.0985,0.0817,9.662,0.0772,0.9846,1.3
"1","months_since_cert_n <  14.000 & rawben_rel_max <   0.454 & shelter_expenses_by_hh_size >= 370.000 & total_deductions_by_hh_size < 415.000","xgboost",5760,0.94427,0.93909,2837,2681,0.945,0.1206,0.072,11.79,0.0772,0.9846,1.3
"1","percent_abawd <= 0.250 & rawben_rel_max <= 0.991 & unc_rawben_rel_max <= 0.420","ranger",13287,0.9425,0.93909,6512,6123,0.9403,0.2755,0.1829,27.062,0.0772,0.9846,1.3
"1","medical_deductions < 220.0000 & unc_rawben_rel_max >=  -0.0344 & utilities <  56.0000","xgboost",16186,0.94217,0.93908,8456,8004,0.9465,0.3601,0.2784,35.141,0.0772,0.9846,1.3
"1","rawben_rel_max >=    0.481 & shelter_expenses_by_hh_size < 1390.000 & unc_rawben_rel_max >=    0.876","xgboost",19719,0.94188,0.93908,10224,9632,0.9421,0.4333,0.3992,42.488,0.0772,0.9846,1.3
"1","children_i <   1 & months_since_cert_n >=   3 & total_deductions_by_hh_size >= 587 & utilities >= 875","xgboost",1960,0.94796,0.93907,1423,1334,0.9375,0.06,0.0522,5.914,0.0772,0.9846,1.3
"1","months_since_cert_n <   7 & shelter_expenses_by_hh_size >= 460 & total_deductions_by_hh_size >=  34 & total_deductions_by_hh_size < 174","xgboost",881,0.95233,0.93907,395,375,0.9494,0.0169,0.012,1.642,0.0772,0.9846,1.3
"1","medical_deductions > 166.000 & rawben_rel_max >   0.991","ranger",165,0.9697,0.93906,83,73,0.8795,0.0033,0.0087,0.345,0.0772,0.9846,1.3
"1","elderly_disabled_i <   1 & medical_deductions < 360 & utilities < 992","xgboost",15418,0.94221,0.93904,7869,7436,0.945,0.3345,0.3071,32.702,0.0772,0.9846,1.3
"1","percent_abawd <   0.500 & rawben_rel_max <   0.476 & utilities < 496.000","xgboost",11351,0.94274,0.93904,5532,5209,0.9416,0.2343,0.1477,22.99,0.0772,0.9846,1.3
"1","count_divisible_by_100 >  0.500 & total_deductions_by_hh_size > 17.800 & unc_rawben_rel_max >  0.991","ranger",695,0.95396,0.93903,428,401,0.9369,0.018,0.0209,1.779,0.0772,0.9846,1.3
"1","elderly_disabled_i <= 0.5 & medical_deductions <= 3.5 & percent_abawd <= 1.5","ranger",15568,0.94219,0.93903,8004,7560,0.9445,0.3401,0.3138,33.263,0.0772,0.9846,1.3
"1","elderly_disabled_i >   0.50 & medical_deductions <= 114.00 & total_deductions_by_hh_size <= 330.00 & unc_rawben_rel_max <=   1.24","ranger",13273,0.94244,0.93902,6753,6386,0.9457,0.2873,0.1657,28.064,0.0772,0.9846,1.3
"1","months_since_cert_n <  10.00 & unc_rawben_rel_max >=   1.03 & utilities >= 322.00","xgboost",4912,0.94463,0.93901,2592,2437,0.9402,0.1096,0.1177,10.772,0.0772,0.9846,1.3
"1","homeless <    1 & shelter_expenses_by_hh_size <  601 & total_deductions_by_hh_size < 1100","xgboost",19257,0.94184,0.939,9905,9345,0.9435,0.4204,0.3223,41.163,0.0772,0.9846,1.3
"1","medical_deductions <=   3.5 & shelter_expenses_by_hh_size >  27.5 & total_deductions_by_hh_size <= 184.0","ranger",7510,0.94354,0.939,3861,3617,0.9368,0.1627,0.117,16.045,0.0772,0.9846,1.3
"1","cat_elig <=  1.500 & expedited_i <=  0.500 & months_since_cert_n > 36.500 & unc_rawben_rel_max <=  0.991","ranger",96,0.97917,0.93898,55,50,0.9091,0.0022,0.0031,0.229,0.0772,0.9846,1.3
"1","children_i <=   0.5 & homeless <=   0.5 & total_deductions_by_hh_size <= 171.0 & utilities >  29.5","ranger",5235,0.94441,0.93897,2603,2431,0.9339,0.1094,0.0803,10.817,0.0772,0.9846,1.3
"1","medical_deductions >  3.500 & months_since_cert_n <=  5.500 & shelter_expenses_by_hh_size > 14.500 & unc_rawben_rel_max <=  0.355","ranger",713,0.95372,0.93897,316,297,0.9399,0.0134,0.0071,1.313,0.0772,0.9846,1.3
"1","elderly_disabled_i > 0.500 & percent_abawd <= 0.500 & shelter_expenses_by_hh_size <= 5.500 & unc_rawben_rel_max > 0.991","ranger",1044,0.95115,0.93896,537,514,0.9572,0.0231,0.0162,2.232,0.0772,0.9846,1.3
"1","cat_elig <   1 & children_i <   1 & months_since_cert_n <  11 & utilities >= 360","xgboost",1097,0.95077,0.93888,582,554,0.9519,0.0249,0.0128,2.419,0.0772,0.9846,1.3
"1","count_divisible_by_100 <    1.000 & total_deductions_by_hh_size < 1230.000 & unc_rawben_rel_max >=    0.883","xgboost",19703,0.94168,0.93888,10273,9670,0.9413,0.435,0.4106,42.692,0.0772,0.9846,1.3
"1","homeless >  0.50 & percent_abawd >  0.25 & shelter_expenses_by_hh_size <= 17.00","ranger",712,0.95365,0.93888,449,435,0.9688,0.0196,0.0111,1.866,0.0772,0.9846,1.3
"1","elderly_disabled_i >   0.5 & shelter_expenses_by_hh_size <= 738.0 & total_deductions_by_hh_size <= 297.0","ranger",12128,0.94245,0.93887,6199,5853,0.9442,0.2633,0.1589,25.762,0.0772,0.9846,1.3
"1","homeless <=   0.5 & total_deductions_by_hh_size <= 387.0 & utilities > 360.0","ranger",6627,0.94372,0.93887,3517,3324,0.9451,0.1495,0.0816,14.616,0.0772,0.9846,1.3
"1","medical_deductions < 179.000 & rawben_rel_max >=   0.928","xgboost",20204,0.94165,0.93887,10582,9985,0.9436,0.4492,0.424,43.976,0.0772,0.9846,1.3
"1","shelter_expenses_by_hh_size < 2090 & utilities >=  850 & utilities <  886","xgboost",1403,0.94939,0.93887,628,588,0.9363,0.0265,0.0246,2.61,0.0772,0.9846,1.3
"1","cat_elig >=  1.000 & rawben_rel_max >=  0.251 & utilities < 29.000","xgboost",10896,0.94264,0.93886,5759,5443,0.9451,0.2449,0.2049,23.933,0.0772,0.9846,1.3
"1","months_since_cert_n >  5.500 & rawben_rel_max <=  0.316 & utilities > 32.500","ranger",4746,0.94458,0.93886,2357,2222,0.9427,0.1,0.0692,9.795,0.0772,0.9846,1.3
"1","cat_elig >=    1.00 & shelter_expenses_by_hh_size < 2300.00 & unc_rawben_rel_max >=    1.31 & utilities >=  688.00","xgboost",1652,0.94855,0.93885,981,934,0.9521,0.042,0.0352,4.077,0.0772,0.9846,1.3
"1","count_divisible_by_100 <= 1.500 & months_since_cert_n <= 6.500 & rawben_rel_max > 0.991 & total_deductions_by_hh_size > 8.900","ranger",5635,0.9441,0.93885,2858,2705,0.9465,0.1217,0.1151,11.877,0.0772,0.9846,1.3
"1","expedited_i <=   0.5 & shelter_expenses_by_hh_size <= 580.0","ranger",17081,0.94187,0.93885,8832,8335,0.9437,0.375,0.2782,36.704,0.0772,0.9846,1.3
"1","months_since_cert_n >=   6.0000 & months_since_cert_n <  18.0000 & rawben_rel_max >=   0.0893 & total_deductions_by_hh_size < 209.0000","xgboost",5481,0.94417,0.93885,2998,2829,0.9436,0.1273,0.1005,12.459,0.0772,0.9846,1.3
"1","cat_elig > 0.500 & months_since_cert_n > 3.500 & percent_abawd > 0.750 & rawben_rel_max > 0.991","ranger",1740,0.94828,0.93883,974,918,0.9425,0.0413,0.0498,4.048,0.0772,0.9846,1.3
"1","expedited_i <= 0.500 & shelter_expenses_by_hh_size > 5.500 & unc_rawben_rel_max > 0.991 & unc_rawben_rel_max <= 1.930","ranger",6741,0.94363,0.93883,3470,3278,0.9447,0.1475,0.1442,14.42,0.0772,0.9846,1.3
"1","cat_elig > 0.50 & percent_abawd <= 0.25 & utilities <= 8.00","ranger",10197,0.94273,0.93882,5179,4887,0.9436,0.2199,0.1833,21.523,0.0772,0.9846,1.3
"1","count_divisible_by_100 <   2.00 & unc_rawben_rel_max >=   1.04 & utilities >= 956.00","xgboost",674,0.95401,0.93882,706,684,0.9688,0.0308,0.0159,2.934,0.0772,0.9846,1.3
"1","months_since_cert_n <   6 & shelter_expenses_by_hh_size < 906 & utilities < 875","xgboost",17190,0.94183,0.93882,8630,8172,0.9469,0.3676,0.2512,35.864,0.0772,0.9846,1.3
"1","rawben_rel_max < 0.268 & unc_rawben_rel_max >= 0.000","xgboost",5290,0.94423,0.93881,2480,2344,0.9452,0.1055,0.0619,10.306,0.0772,0.9846,1.3
"1","expedited_i >=   1 & utilities < 875","xgboost",6908,0.94354,0.9388,3408,3209,0.9416,0.1444,0.1421,14.163,0.0772,0.9846,1.3
"1","months_since_cert_n < 34.000 & unc_rawben_rel_max >=  0.808 & unc_rawben_rel_max <  1.900","xgboost",21582,0.94148,0.93879,11647,10950,0.9402,0.4926,0.4634,48.402,0.0772,0.9846,1.3
"1","rawben_rel_max >=    0.99 & shelter_expenses_by_hh_size >= 1060.00 & unc_rawben_rel_max >=    1.18 & utilities >=  819.00","xgboost",950,0.95158,0.93878,737,709,0.962,0.0319,0.0215,3.063,0.0772,0.9846,1.3
"1","shelter_expenses_by_hh_size < 726.00 & total_deductions_by_hh_size < 725.00 & unc_rawben_rel_max <   2.52","xgboost",26997,0.94118,0.93878,13614,12830,0.9424,0.5772,0.4393,56.576,0.0772,0.9846,1.3
"1","expedited_i >=    1 & months_since_cert_n <   31 & shelter_expenses_by_hh_size < 1410 & utilities >=  819","xgboost",207,0.96618,0.93877,134,129,0.9627,0.0058,0.003,0.557,0.0772,0.9846,1.3
"1","cat_elig >=   1 & total_deductions_by_hh_size < 256 & utilities >= 298","xgboost",4738,0.94449,0.93876,2569,2410,0.9381,0.1084,0.0741,10.676,0.0772,0.9846,1.3
"1","unc_rawben_rel_max >=  -0.004 & utilities >= 850.000 & utilities < 912.000","xgboost",1738,0.94822,0.93876,603,562,0.932,0.0253,0.0258,2.506,0.0772,0.9846,1.3
"1","count_divisible_by_100 <= 1.5 & elderly_disabled_i <= 0.5 & medical_deductions <= 0.5","ranger",15544,0.94191,0.93874,8005,7567,0.9453,0.3404,0.3092,33.267,0.0772,0.9846,1.3
"1","elderly_disabled_i <= 0.5 & medical_deductions <= 0.5","ranger",15610,0.9419,0.93874,8043,7596,0.9444,0.3417,0.3158,33.425,0.0772,0.9846,1.3
"1","cat_elig < 1.0 & elderly_disabled_i < 1.0 & months_since_cert_n < 1.0 & unc_rawben_rel_max < 1.9","xgboost",309,0.96117,0.93872,156,151,0.9679,0.0068,0.0016,0.648,0.0772,0.9846,1.3
"1","months_since_cert_n >=   2.000 & months_since_cert_n <  25.000 & rawben_rel_max <   0.492 & shelter_expenses_by_hh_size < 567.000","xgboost",6474,0.94362,0.93872,3255,3055,0.9386,0.1374,0.0948,13.527,0.0772,0.9846,1.3
"1","months_since_cert_n <   17 & total_deductions_by_hh_size < 1020 & utilities >=  875","xgboost",1595,0.94859,0.93871,996,936,0.9398,0.0421,0.0355,4.139,0.0772,0.9846,1.3
"1","medical_deductions <=  3.500 & months_since_cert_n <=  5.500 & rawben_rel_max >  0.991 & shelter_expenses_by_hh_size > 14.500","ranger",4716,0.94444,0.9387,2379,2258,0.9491,0.1016,0.0915,9.887,0.0772,0.9846,1.3
"1","months_since_cert_n >=   8.0 & percent_abawd >=   0.5 & shelter_expenses_by_hh_size < 254.0 & total_deductions_by_hh_size <   9.0","xgboost",465,0.95699,0.93869,303,291,0.9604,0.0131,0.0124,1.259,0.0772,0.9846,1.3
"1","shelter_expenses_by_hh_size < 1860.00 & unc_rawben_rel_max <    1.81 & utilities <  201.00","xgboost",18208,0.94162,0.93869,9380,8874,0.9461,0.3992,0.3045,38.981,0.0772,0.9846,1.3
"1","count_divisible_by_100 <= 1.5 & elderly_disabled_i <= 0.5","ranger",15545,0.94185,0.93868,8006,7568,0.9453,0.3405,0.3092,33.271,0.0772,0.9846,1.3
"1","elderly_disabled_i < 1","xgboost",15611,0.94184,0.93868,8044,7597,0.9444,0.3418,0.3158,33.429,0.0772,0.9846,1.3
"1","months_since_cert_n > 10.500 & rawben_rel_max >  0.983 & shelter_expenses_by_hh_size <=  5.500 & unc_rawben_rel_max <=  1.620","ranger",802,0.95262,0.93868,455,437,0.9604,0.0197,0.0157,1.891,0.0772,0.9846,1.3
"1","elderly_disabled_i <=  0.500 & homeless >  0.500 & rawben_rel_max >  0.979 & total_deductions_by_hh_size > 18.800","ranger",541,0.95564,0.93867,243,239,0.9835,0.0108,0.0035,1.01,0.0772,0.9846,1.3
"1","rawben_rel_max <=   0.993 & total_deductions_by_hh_size <= 189.000","ranger",9413,0.94274,0.93867,4796,4508,0.9399,0.2028,0.1357,19.931,0.0772,0.9846,1.3
"1","months_since_cert_n >=   2.000 & rawben_rel_max <   0.504 & utilities >= 417.000 & utilities < 559.000","xgboost",3027,0.94582,0.93865,1273,1191,0.9356,0.0536,0.0338,5.29,0.0772,0.9846,1.3
"1","months_since_cert_n <= 5.5 & shelter_expenses_by_hh_size > 5.5 & unc_rawben_rel_max > 1.0","ranger",4831,0.94432,0.93864,2399,2278,0.9496,0.1025,0.0928,9.97,0.0772,0.9846,1.3
"1","rawben_rel_max >=   0.821 & total_deductions_by_hh_size >= 321.000 & unc_rawben_rel_max <   1.990 & utilities >= 496.000","xgboost",6955,0.94335,0.93862,3883,3638,0.9369,0.1637,0.1523,16.137,0.0772,0.9846,1.3
"1","expedited_i <   1.00 & rawben_rel_max >=   0.24 & total_deductions_by_hh_size < 300.00","xgboost",12312,0.94217,0.93861,6730,6375,0.9473,0.2868,0.1881,27.968,0.0772,0.9846,1.3
"1","children_i <= 0.500 & elderly_disabled_i > 0.500 & rawben_rel_max > 0.085 & unc_rawben_rel_max <= 0.268","ranger",4212,0.94468,0.9386,1928,1813,0.9404,0.0816,0.0506,8.012,0.0772,0.9846,1.3
"1","rawben_rel_max <   0.336 & shelter_expenses_by_hh_size >= 596.000 & utilities >= 426.000","xgboost",3111,0.94568,0.9386,1511,1430,0.9464,0.0643,0.0406,6.279,0.0772,0.9846,1.3
"1","months_since_cert_n >=   9 & shelter_expenses_by_hh_size >=  54 & utilities >= 844","xgboost",1839,0.9478,0.93859,1175,1113,0.9472,0.0501,0.0366,4.883,0.0772,0.9846,1.3
"1","months_since_cert_n >= 17.000 & unc_rawben_rel_max >=  0.000 & unc_rawben_rel_max <  0.076","xgboost",119,0.97479,0.93859,67,67,1,0.003,0,0.278,0.0772,0.9846,1.3
"1","shelter_expenses_by_hh_size < 1670.000 & unc_rawben_rel_max >=    0.883","xgboost",20625,0.94133,0.93858,10741,10098,0.9401,0.4543,0.4381,44.637,0.0772,0.9846,1.3
"1","months_since_cert_n >= 2.000 & months_since_cert_n < 5.000 & rawben_rel_max < 0.084 & unc_rawben_rel_max < 0.000","xgboost",1001,0.95105,0.93856,440,425,0.9659,0.0191,0.0117,1.829,0.0772,0.9846,1.3
"1","cat_elig >  0.5 & cat_elig <=  1.5 & elderly_disabled_i >  0.5 & shelter_expenses_by_hh_size <= 13.0","ranger",1449,0.94893,0.93855,1032,990,0.9593,0.0445,0.0266,4.289,0.0772,0.9846,1.3
"1","expedited_i <= 0.5 & married <= 0.5 & utilities <= 8.0","ranger",10555,0.9424,0.93855,5644,5335,0.9453,0.24,0.19,23.455,0.0772,0.9846,1.3
"1","medical_deductions < 117 & total_deductions_by_hh_size >= 478 & utilities >= 819","xgboost",3367,0.94535,0.93854,2268,2137,0.9422,0.0961,0.0824,9.425,0.0772,0.9846,1.3
"1","rawben_rel_max <= 0.381 & unc_rawben_rel_max <= 1.000","ranger",12600,0.94206,0.93854,6157,5785,0.9396,0.2603,0.1844,25.587,0.0772,0.9846,1.3
"1","cat_elig >= 1.000 & expedited_i >= 1.000 & rawben_rel_max >= 0.312","xgboost",5742,0.94375,0.93853,2864,2696,0.9413,0.1213,0.1181,11.902,0.0772,0.9846,1.3
"1","elderly_disabled_i < 1.00 & months_since_cert_n < 3.00 & unc_rawben_rel_max < 1.21","xgboost",3280,0.94543,0.93853,2470,2366,0.9579,0.1064,0.0658,10.265,0.0772,0.9846,1.3
"1","cat_elig <   2.000 & expedited_i <   1.000 & total_deductions_by_hh_size >= 174.000 & unc_rawben_rel_max <   0.271","xgboost",2414,0.94656,0.93852,1765,1675,0.949,0.0754,0.0558,7.335,0.0772,0.9846,1.3
"1","months_since_cert_n > 4.50 & months_since_cert_n <= 5.50 & percent_abawd > 0.75 & unc_rawben_rel_max > 1.00","ranger",308,0.96104,0.93852,185,175,0.9459,0.0079,0.0075,0.769,0.0772,0.9846,1.3
"1","months_since_cert_n >=  14 & total_deductions_by_hh_size >= 261 & unc_rawben_rel_max <   0","xgboost",308,0.96104,0.93852,139,131,0.9424,0.0059,0.0075,0.578,0.0772,0.9846,1.3
"1","medical_deductions > 150.000 & unc_rawben_rel_max <=   0.331 & utilities >   8.000 & utilities <= 851.000","ranger",596,0.9547,0.93851,244,230,0.9426,0.0103,0.0051,1.014,0.0772,0.9846,1.3
"1","months_since_cert_n >=   30 & shelter_expenses_by_hh_size >= 1140 & utilities >=  819","xgboost",185,0.96757,0.93851,137,132,0.9635,0.0059,0.0027,0.569,0.0772,0.9846,1.3
"1","months_since_cert_n <= 6.500 & rawben_rel_max > 0.991 & total_deductions_by_hh_size > 8.900","ranger",5669,0.94373,0.93848,2876,2723,0.9468,0.1225,0.1151,11.952,0.0772,0.9846,1.3
"1","cat_elig <=   0.500 & medical_deductions > 144.000 & medical_deductions <= 191.000 & unc_rawben_rel_max >   0.268","ranger",70,0.98571,0.93847,46,43,0.9348,0.0019,8e-04,0.191,0.0772,0.9846,1.3
"1","count_divisible_by_100 <  1 & utilities < 74","xgboost",17343,0.94147,0.93847,8943,8465,0.9466,0.3808,0.2955,37.165,0.0772,0.9846,1.3
"1","medical_deductions >=  110.0000 & rawben_rel_max >=    0.0928 & rawben_rel_max <    0.1320 & shelter_expenses_by_hh_size < 1430.0000","xgboost",70,0.98571,0.93847,22,22,1,0.001,0,0.091,0.0772,0.9846,1.3
"1","percent_abawd <   0.500 & rawben_rel_max >=   0.892 & total_deductions_by_hh_size < 910.000 & utilities >= 577.000","xgboost",3225,0.94543,0.93847,1569,1472,0.9382,0.0662,0.0556,6.52,0.0772,0.9846,1.3
"1","rawben_rel_max <   0.471 & shelter_expenses_by_hh_size < 869.000 & total_deductions_by_hh_size < 563.000","xgboost",11395,0.94217,0.93846,5647,5303,0.9391,0.2386,0.1629,23.468,0.0772,0.9846,1.3
"1","homeless <= 0.500 & unc_rawben_rel_max <= 0.377","ranger",12129,0.94204,0.93845,5879,5535,0.9415,0.249,0.1673,24.432,0.0772,0.9846,1.3
"1","total_deductions_by_hh_size >= 159 & utilities >= 819 & utilities < 912","xgboost",2115,0.94704,0.93845,786,731,0.93,0.0329,0.0326,3.266,0.0772,0.9846,1.3
"1","medical_deductions >    3.500 & rawben_rel_max <=    0.268 & shelter_expenses_by_hh_size <= 2450.000 & utilities >  550.000","ranger",539,0.95547,0.93844,267,256,0.9588,0.0115,0.0053,1.11,0.0772,0.9846,1.3
"1","homeless > 0.500 & rawben_rel_max <= 0.991 & total_deductions_by_hh_size <= 2.500","ranger",347,0.95965,0.93843,148,143,0.9662,0.0064,0.0032,0.615,0.0772,0.9846,1.3
"1","married <   1.0 & percent_abawd <   0.5 & shelter_expenses_by_hh_size >= 197.0 & total_deductions_by_hh_size < 281.0","xgboost",9728,0.94243,0.93843,5024,4719,0.9393,0.2123,0.1333,20.879,0.0772,0.9846,1.3
"1","percent_abawd <   0.500 & rawben_rel_max <   0.955 & total_deductions_by_hh_size < 236.000","xgboost",10584,0.94227,0.93843,5391,5075,0.9414,0.2283,0.1456,22.404,0.0772,0.9846,1.3
"1","homeless >=  1.0 & percent_abawd >=  0.5 & utilities < 32.0","xgboost",725,0.9531,0.93842,459,445,0.9695,0.02,0.0111,1.907,0.0772,0.9846,1.3
"1","months_since_cert_n <   35.000 & rawben_rel_max <    0.392 & shelter_expenses_by_hh_size < 1860.000 & utilities <  875.000","xgboost",12357,0.94198,0.93842,6055,5690,0.9397,0.256,0.1762,25.163,0.0772,0.9846,1.3
"1","cat_elig < 2.000 & rawben_rel_max >= 0.916 & unc_rawben_rel_max >= 0.928","xgboost",13465,0.94177,0.93837,10169,9563,0.9404,0.4302,0.4285,42.26,0.0772,0.9846,1.3
"1","shelter_expenses_by_hh_size < 1380 & total_deductions_by_hh_size <  938 & utilities >=  688","xgboost",4657,0.94417,0.93837,2227,2073,0.9308,0.0933,0.0807,9.255,0.0772,0.9846,1.3
"1","rawben_rel_max <=    0.392 & shelter_expenses_by_hh_size <= 2120.000","ranger",12897,0.94185,0.93836,6288,5910,0.9399,0.2659,0.1829,26.131,0.0772,0.9846,1.3
"1","rawben_rel_max >=    0.916 & shelter_expenses_by_hh_size < 2090.000","xgboost",20483,0.94112,0.93836,10701,10075,0.9415,0.4533,0.4359,44.471,0.0772,0.9846,1.3
"1","total_deductions_by_hh_size >= 531 & utilities >= 875","xgboost",2529,0.94622,0.93836,1745,1639,0.9393,0.0737,0.0632,7.252,0.0772,0.9846,1.3
"1","cat_elig > 0.50 & percent_abawd <= 0.75 & utilities <= 8.00","ranger",10202,0.94227,0.93835,5179,4887,0.9436,0.2199,0.1833,21.523,0.0772,0.9846,1.3
"1","married <=   0.50000 & months_since_cert_n >   5.50000 & total_deductions_by_hh_size <= 256.00000 & unc_rawben_rel_max >  -0.00544","ranger",8154,0.94273,0.93835,4351,4093,0.9407,0.1841,0.1397,18.082,0.0772,0.9846,1.3
"1","medical_deductions <= 100.000 & months_since_cert_n <=   5.500 & rawben_rel_max >   0.991 & shelter_expenses_by_hh_size >   5.000","ranger",4723,0.9441,0.93835,2385,2264,0.9493,0.1019,0.0915,9.911,0.0772,0.9846,1.3
"1","percent_abawd <=   0.250 & total_deductions_by_hh_size <= 246.000 & unc_rawben_rel_max <=   0.991","ranger",11006,0.94212,0.93835,5644,5315,0.9417,0.2391,0.1504,23.455,0.0772,0.9846,1.3
"1","rawben_rel_max <   0.984 & total_deductions_by_hh_size < 815.000 & utilities >= 494.000 & utilities < 503.000","xgboost",761,0.95269,0.93835,83,78,0.9398,0.0035,0.0019,0.345,0.0772,0.9846,1.3
"1","children_i <=  0.500 & rawben_rel_max <=  0.976 & shelter_expenses_by_hh_size <=  5.500 & total_deductions_by_hh_size <= 60.300","ranger",1444,0.94875,0.93834,675,649,0.9615,0.0292,0.0142,2.805,0.0772,0.9846,1.3
"1","months_since_cert_n <= 5.500 & rawben_rel_max > 0.991 & shelter_expenses_by_hh_size > 5.500","ranger",4891,0.94398,0.93832,2445,2319,0.9485,0.1043,0.0958,10.161,0.0772,0.9846,1.3
"1","elderly_disabled_i >   0.5 & total_deductions_by_hh_size <= 330.0","ranger",14120,0.94164,0.93831,7167,6766,0.944,0.3044,0.1851,29.784,0.0772,0.9846,1.3
"1","months_since_cert_n <  28.0000 & rawben_rel_max <   0.0893 & total_deductions_by_hh_size < 430.0000 & unc_rawben_rel_max >=  -0.0960","xgboost",1531,0.9484,0.93828,751,709,0.9441,0.0319,0.0271,3.121,0.0772,0.9846,1.3
"1","cat_elig <   2 & months_since_cert_n <   1 & shelter_expenses_by_hh_size < 805 & utilities <  63","xgboost",996,0.9508,0.93826,724,693,0.9572,0.0312,0.0205,3.009,0.0772,0.9846,1.3
"1","unc_rawben_rel_max <  2.22 & utilities < 74.00","xgboost",17957,0.94119,0.93824,9252,8751,0.9458,0.3937,0.3105,38.449,0.0772,0.9846,1.2
"1","cat_elig >   0.5 & homeless <=   0.5 & married <=   0.5 & shelter_expenses_by_hh_size <= 552.0","ranger",15248,0.94143,0.93823,7681,7236,0.9421,0.3255,0.2629,31.92,0.0772,0.9846,1.2
"1","elderly_disabled_i >  0.500 & homeless <=  0.500 & shelter_expenses_by_hh_size <= 14.500 & unc_rawben_rel_max >  0.991","ranger",905,0.95138,0.93822,475,457,0.9621,0.0206,0.013,1.974,0.0772,0.9846,1.2
"1","cat_elig <=   0.500 & rawben_rel_max <=   0.991 & shelter_expenses_by_hh_size <= 688.000","ranger",1317,0.94913,0.93821,659,624,0.9469,0.0281,0.0136,2.739,0.0772,0.9846,1.2
"1","months_since_cert_n <   1.00 & shelter_expenses_by_hh_size < 560.00 & total_deductions_by_hh_size < 486.00 & unc_rawben_rel_max >=   0.43","xgboost",1317,0.94913,0.93821,670,646,0.9642,0.0291,0.0163,2.784,0.0772,0.9846,1.2
"1","months_since_cert_n >=   5 & months_since_cert_n <  19 & shelter_expenses_by_hh_size < 484","xgboost",7733,0.94271,0.93821,4102,3867,0.9427,0.174,0.1472,17.047,0.0772,0.9846,1.2
"1","shelter_expenses_by_hh_size >   32.5 & shelter_expenses_by_hh_size <= 2460.0 & utilities >  868.0","ranger",2661,0.94589,0.93821,1763,1657,0.9399,0.0745,0.0636,7.327,0.0772,0.9846,1.2
"1","cat_elig <=   1.5 & children_i <=   0.5 & months_since_cert_n >   5.5 & utilities > 684.0","ranger",3005,0.94542,0.9382,2342,2153,0.9193,0.0969,0.1083,9.733,0.0772,0.9846,1.2
"1","medical_deductions <  99 & months_since_cert_n <   5 & utilities >= 735 & utilities < 912","xgboost",1031,0.95053,0.9382,304,284,0.9342,0.0128,0.0122,1.263,0.0772,0.9846,1.2
"1","medical_deductions < 260 & months_since_cert_n <   3 & utilities < 376","xgboost",7210,0.94286,0.93819,3647,3463,0.9495,0.1558,0.1106,15.156,0.0772,0.9846,1.2
"1","months_since_cert_n <   33 & shelter_expenses_by_hh_size < 2090 & utilities >=  850 & utilities <  886","xgboost",1334,0.94903,0.93818,606,567,0.9356,0.0255,0.0238,2.518,0.0772,0.9846,1.2
"1","children_i <=   0.500 & medical_deductions <= 144.000 & rawben_rel_max <=   0.998 & unc_rawben_rel_max <=   0.390","ranger",11941,0.9418,0.93817,5819,5470,0.94,0.2461,0.173,24.182,0.0772,0.9846,1.2
"1","elderly_disabled_i >  0.5000 & percent_abawd <=  0.7500 & unc_rawben_rel_max > -0.0406 & unc_rawben_rel_max <=  0.2660","ranger",5404,0.94356,0.93817,2506,2362,0.9425,0.1063,0.0668,10.414,0.0772,0.9846,1.2
"1","elderly_disabled_i >=  1.0 & months_since_cert_n < 19.0 & rawben_rel_max >=  1.0 & total_deductions_by_hh_size <  4.4","xgboost",868,0.95161,0.93816,454,437,0.9626,0.0197,0.0118,1.887,0.0772,0.9846,1.2
"1","medical_deductions >   3.5 & shelter_expenses_by_hh_size >   5.5 & total_deductions_by_hh_size <= 330.0 & utilities > 360.0","ranger",461,0.95662,0.93816,222,213,0.9595,0.0096,0.0034,0.923,0.0772,0.9846,1.2
"1","cat_elig <=   1.5 & shelter_expenses_by_hh_size >  14.0 & utilities > 684.0","ranger",4487,0.94406,0.93814,3606,3332,0.924,0.1499,0.1542,14.986,0.0772,0.9846,1.2
"1","count_divisible_by_100 > 0.500 & elderly_disabled_i <= 0.500 & homeless <= 0.500 & rawben_rel_max > 0.823","ranger",611,0.95417,0.93814,336,313,0.9315,0.0141,0.0177,1.396,0.0772,0.9846,1.2
"1","expedited_i <=  0.50 & medical_deductions > 17.50 & medical_deductions <= 92.50 & unc_rawben_rel_max <=  1.94","ranger",306,0.96078,0.93813,151,144,0.9536,0.0065,0.0035,0.628,0.0772,0.9846,1.2
"1","unc_rawben_rel_max >=   0.772 & utilities < 388.000","xgboost",13429,0.94154,0.93812,6888,6477,0.9403,0.2914,0.2854,28.625,0.0772,0.9846,1.2
"1","cat_elig <  2.000 & medical_deductions < 87.000 & months_since_cert_n >= 27.000 & rawben_rel_max <  0.376","xgboost",384,0.95833,0.93811,230,221,0.9609,0.0099,0.0032,0.956,0.0772,0.9846,1.2
"1","elderly_disabled_i >    0.500 & rawben_rel_max >    0.085 & rawben_rel_max <=    0.266 & total_deductions_by_hh_size <= 1710.000","ranger",4179,0.94425,0.93811,1899,1787,0.941,0.0804,0.0498,7.892,0.0772,0.9846,1.2
"1","elderly_disabled_i >   0.500 & medical_deductions <= 144.000 & rawben_rel_max <=   0.479 & shelter_expenses_by_hh_size >  14.500","ranger",11995,0.94173,0.93811,5945,5593,0.9408,0.2516,0.1483,24.706,0.0772,0.9846,1.2
"1","months_since_cert_n >=   10.000 & rawben_rel_max <    0.496 & shelter_expenses_by_hh_size < 1610.000 & utilities <  431.000","xgboost",3702,0.94462,0.93811,1915,1793,0.9363,0.0807,0.056,7.958,0.0772,0.9846,1.2
"1","cat_elig >=    1 & shelter_expenses_by_hh_size < 1750 & utilities >=  852","xgboost",2880,0.94549,0.9381,1947,1832,0.9409,0.0824,0.0697,8.091,0.0772,0.9846,1.2
"1","percent_abawd < 0.500 & rawben_rel_max < 0.432 & unc_rawben_rel_max < 1.770","xgboost",13573,0.9415,0.9381,6652,6253,0.94,0.2813,0.1866,27.644,0.0772,0.9846,1.2
"1","cat_elig <=   0.5 & percent_abawd >   0.5 & total_deductions_by_hh_size >   2.2 & total_deductions_by_hh_size <= 145.0","ranger",41,1,0.93809,22,21,0.9545,9e-04,2e-04,0.091,0.0772,0.9846,1.2
"1","count_divisible_by_100 <=   0.5 & homeless >   0.5 & medical_deductions > 103.0","ranger",41,1,0.93809,20,17,0.85,8e-04,0.0022,0.083,0.0772,0.9846,1.2
"1","medical_deductions > 137.000 & months_since_cert_n >  10.500 & rawben_rel_max <=   0.407 & utilities <=   5.000","ranger",41,1,0.93809,13,13,1,6e-04,0,0.054,0.0772,0.9846,1.2
"1","count_divisible_by_100 >= 1.000 & months_since_cert_n >= 3.000 & percent_abawd >= 0.500 & rawben_rel_max >= 0.592","xgboost",118,0.97458,0.93808,65,58,0.8923,0.0026,0.0063,0.27,0.0772,0.9846,1.2
"1","months_since_cert_n >=  3.000 & unc_rawben_rel_max >= -0.212 & unc_rawben_rel_max <  0.000","xgboost",1561,0.94811,0.93808,776,731,0.942,0.0329,0.026,3.225,0.0772,0.9846,1.2
"1","cat_elig <    2 & shelter_expenses_by_hh_size >= 1090 & total_deductions_by_hh_size >=  597 & utilities >=  852","xgboost",1314,0.94901,0.93807,1672,1555,0.93,0.07,0.07,6.948,0.0772,0.9846,1.2
"1","children_i <= 0.500 & homeless > 0.500 & rawben_rel_max <= 0.991 & total_deductions_by_hh_size <= 2.500","ranger",345,0.95942,0.93807,148,143,0.9662,0.0064,0.0032,0.615,0.0772,0.9846,1.2
"1","medical_deductions <= 132.00 & months_since_cert_n >  10.50 & shelter_expenses_by_hh_size <=   5.50 & unc_rawben_rel_max >   1.02","ranger",794,0.95214,0.93807,454,434,0.9559,0.0195,0.0166,1.887,0.0772,0.9846,1.2
"1","homeless <=   0.500 & months_since_cert_n <=   5.500 & rawben_rel_max >   0.991 & total_deductions_by_hh_size > 118.000","ranger",4311,0.9441,0.93806,2157,2036,0.9439,0.0916,0.0919,8.964,0.0772,0.9846,1.2
"1","count_divisible_by_100 <  1.000 & months_since_cert_n < 21.000 & unc_rawben_rel_max >=  0.876","xgboost",19172,0.9409,0.93804,10081,9484,0.9408,0.4267,0.4132,41.894,0.0772,0.9846,1.2
"1","homeless <= 0.500 & married <= 0.500 & rawben_rel_max <= 0.237 & total_deductions_by_hh_size > 7.800","ranger",5477,0.9434,0.93804,2532,2390,0.9439,0.1075,0.0846,10.522,0.0772,0.9846,1.2
"1","cat_elig > 0.500 & months_since_cert_n <= 5.500 & rawben_rel_max > 0.991 & total_deductions_by_hh_size > 2.800","ranger",4715,0.9438,0.93802,2364,2242,0.9484,0.1009,0.093,9.824,0.0772,0.9846,1.2
"1","medical_deductions <=   3.50 & months_since_cert_n >   5.50 & shelter_expenses_by_hh_size <= 574.00 & unc_rawben_rel_max <=   1.93","ranger",8744,0.94225,0.938,4607,4309,0.9353,0.1939,0.1785,19.146,0.0772,0.9846,1.2
"1","medical_deductions >= 104 & total_deductions_by_hh_size < 150 & utilities < 431","xgboost",225,0.96444,0.938,127,118,0.9291,0.0053,0.0056,0.528,0.0772,0.9846,1.2
"1","medical_deductions <   3.00 & total_deductions_by_hh_size < 542.00 & unc_rawben_rel_max <   1.81 & utilities < 912.00","xgboost",29941,0.94028,0.93799,15235,14371,0.9433,0.6465,0.4601,63.313,0.0772,0.9846,1.2
"1","shelter_expenses_by_hh_size < 1170.000 & total_deductions_by_hh_size >=  340.000 & unc_rawben_rel_max >=    0.808 & utilities >=  580.000","xgboost",3371,0.94482,0.93799,1687,1566,0.9283,0.0705,0.0706,7.011,0.0772,0.9846,1.2
"1","elderly_disabled_i >  0.500 & months_since_cert_n <= 42.500 & rawben_rel_max >  0.085 & rawben_rel_max <=  0.268","ranger",4203,0.94409,0.93797,1922,1807,0.9402,0.0813,0.0506,7.987,0.0772,0.9846,1.2
"1","cat_elig <   1 & months_since_cert_n >=  12 & shelter_expenses_by_hh_size >= 297 & shelter_expenses_by_hh_size < 502","xgboost",162,0.96914,0.93796,101,93,0.9208,0.0042,0.0044,0.42,0.0772,0.9846,1.2
"1","total_deductions_by_hh_size < 404.00 & unc_rawben_rel_max <   1.93 & utilities >= 493.00 & utilities < 583.00","xgboost",1558,0.94801,0.93796,890,834,0.9371,0.0375,0.0265,3.699,0.0772,0.9846,1.2
"1","count_divisible_by_100 <=  0.5 & expedited_i <=  0.5 & utilities <= 30.5","ranger",10669,0.94179,0.93795,5684,5382,0.9469,0.2421,0.1878,23.621,0.0772,0.9846,1.2
"1","homeless <    1 & months_since_cert_n <   17 & total_deductions_by_hh_size < 1020 & utilities >=  875","xgboost",1487,0.94822,0.93792,938,880,0.9382,0.0396,0.0342,3.898,0.0772,0.9846,1.2
"1","cat_elig <=   1.5 & elderly_disabled_i >   0.5 & shelter_expenses_by_hh_size <= 504.0 & utilities <=  30.5","ranger",3349,0.94476,0.9379,2253,2150,0.9543,0.0967,0.0601,9.363,0.0772,0.9846,1.2
"1","elderly_disabled_i <    1 & shelter_expenses_by_hh_size < 1170 & total_deductions_by_hh_size >=  657 & utilities >=  850","xgboost",245,0.96327,0.9379,50,45,0.9,0.002,0.0024,0.208,0.0772,0.9846,1.2
"1","medical_deductions <= 348.000 & rawben_rel_max <=   0.976 & shelter_expenses_by_hh_size <=   5.500 & total_deductions_by_hh_size <=  10.500","ranger",1416,0.94845,0.9379,663,638,0.9623,0.0287,0.0139,2.755,0.0772,0.9846,1.2
"1","months_since_cert_n <    2.000 & rawben_rel_max >=    0.604 & shelter_expenses_by_hh_size < 1560.000","xgboost",4974,0.94351,0.93788,2566,2431,0.9474,0.1094,0.0783,10.664,0.0772,0.9846,1.2
"1","months_since_cert_n <   2.000 & rawben_rel_max >=   0.368 & shelter_expenses_by_hh_size < 824.000","xgboost",4180,0.94402,0.93788,2197,2093,0.9527,0.0942,0.0579,9.13,0.0772,0.9846,1.2
"1","expedited_i <= 0.5 & utilities <= 5.0","ranger",10588,0.94173,0.93787,5655,5343,0.9448,0.2404,0.1926,23.501,0.0772,0.9846,1.2
"1","medical_deductions < 150.0 & months_since_cert_n <  15.0 & percent_abawd >=   0.5 & total_deductions_by_hh_size < 705.0","xgboost",4465,0.94378,0.93784,2507,2379,0.9489,0.107,0.0944,10.418,0.0772,0.9846,1.2
"1","rawben_rel_max <   0.546 & shelter_expenses_by_hh_size < 642.000 & utilities < 488.000","xgboost",9171,0.94199,0.93784,4546,4262,0.9375,0.1917,0.1306,18.892,0.0772,0.9846,1.2
"1","rawben_rel_max >=   0.241 & shelter_expenses_by_hh_size >= 500.000 & total_deductions_by_hh_size < 221.000","xgboost",1203,0.94929,0.93784,772,722,0.9352,0.0325,0.0216,3.208,0.0772,0.9846,1.2
"1","cat_elig <   2.00 & unc_rawben_rel_max <   1.24 & utilities < 339.00","xgboost",14158,0.94116,0.93783,9311,8785,0.9435,0.3952,0.2998,38.694,0.0772,0.9846,1.2
"1","elderly_disabled_i > 0.500 & rawben_rel_max > 0.085 & rawben_rel_max <= 0.991 & unc_rawben_rel_max <= 0.264","ranger",4143,0.944,0.93783,1899,1787,0.941,0.0804,0.0498,7.892,0.0772,0.9846,1.2
"1","homeless >   0.500 & rawben_rel_max >   0.991 & total_deductions_by_hh_size > 189.000 & unc_rawben_rel_max <=   2.010","ranger",363,0.95868,0.93783,169,164,0.9704,0.0074,0.0035,0.702,0.0772,0.9846,1.2
"1","elderly_disabled_i <=  0.500 & medical_deductions <= 92.500 & rawben_rel_max >  0.991 & total_deductions_by_hh_size >  2.800","ranger",4919,0.94348,0.93782,2458,2327,0.9467,0.1047,0.1068,10.215,0.0772,0.9846,1.2
"1","rawben_rel_max <=   0.449 & shelter_expenses_by_hh_size <= 998.000 & unc_rawben_rel_max <=   0.991","ranger",12106,0.94143,0.93782,5920,5566,0.9402,0.2504,0.1694,24.602,0.0772,0.9846,1.2
"1","shelter_expenses_by_hh_size >=  730 & total_deductions_by_hh_size < 1560 & utilities >=  875","xgboost",2610,0.94559,0.93782,1731,1627,0.9399,0.0732,0.0623,7.194,0.0772,0.9846,1.2
"1","unc_rawben_rel_max >=   0.852 & utilities >= 612.000","xgboost",5037,0.94342,0.93782,3051,2854,0.9354,0.1284,0.1264,12.679,0.0772,0.9846,1.2
"1","cat_elig <=  0.500 & total_deductions_by_hh_size > 29.900 & unc_rawben_rel_max >  0.991","ranger",663,0.95324,0.93781,346,329,0.9509,0.0148,0.0123,1.438,0.0772,0.9846,1.2
"1","medical_deductions < 135.0000 & rawben_rel_max <   0.0928 & utilities <  42.0000","xgboost",1326,0.94872,0.93781,630,597,0.9476,0.0269,0.0234,2.618,0.0772,0.9846,1.2
"1","rawben_rel_max >= 0.0928 & unc_rawben_rel_max < 0.1680","xgboost",1042,0.9501,0.93779,556,525,0.9442,0.0236,0.0142,2.311,0.0772,0.9846,1.2
"1","shelter_expenses_by_hh_size <  730 & total_deductions_by_hh_size < 1560","xgboost",27238,0.94019,0.93779,13716,12916,0.9417,0.5811,0.4514,57,0.0772,0.9846,1.2
"1","cat_elig >  0.5 & shelter_expenses_by_hh_size > 46.5 & total_deductions_by_hh_size <= 61.3 & utilities > 29.5","ranger",2368,0.94595,0.93778,1236,1143,0.9248,0.0514,0.0425,5.137,0.0772,0.9846,1.2
"1","expedited_i <=   0.5 & total_deductions_by_hh_size <= 196.0 & utilities >   8.0","ranger",6090,0.94286,0.93776,3058,2860,0.9353,0.1287,0.093,12.708,0.0772,0.9846,1.2
"1","utilities >  868 & utilities <= 1020","ranger",2676,0.94544,0.93776,972,901,0.927,0.0405,0.0439,4.039,0.0772,0.9846,1.2
"1","months_since_cert_n <  26 & total_deductions_by_hh_size >= 159 & utilities >= 819 & utilities < 912","xgboost",1901,0.94687,0.93775,688,639,0.9288,0.0287,0.0285,2.859,0.0772,0.9846,1.2
"1","months_since_cert_n >=   7 & months_since_cert_n <  10 & shelter_expenses_by_hh_size >= 652 & total_deductions_by_hh_size < 333","xgboost",420,0.95714,0.93775,237,229,0.9662,0.0103,0.0044,0.985,0.0772,0.9846,1.2
"1","months_since_cert_n <  19.00 & total_deductions_by_hh_size >= 786.00 & unc_rawben_rel_max >=   1.12 & unc_rawben_rel_max <   2.52","xgboost",1865,0.94692,0.93771,1100,1046,0.9509,0.0471,0.0371,4.571,0.0772,0.9846,1.2
"1","months_since_cert_n >=   5.00 & months_since_cert_n <  19.00 & shelter_expenses_by_hh_size < 484.00 & unc_rawben_rel_max >=  -0.44","xgboost",7538,0.94229,0.93771,4019,3788,0.9425,0.1704,0.1433,16.702,0.0772,0.9846,1.2
"1","shelter_expenses_by_hh_size >= 726 & total_deductions_by_hh_size < 600 & utilities >= 643 & utilities < 844","xgboost",1359,0.94849,0.93771,607,561,0.9242,0.0252,0.0205,2.523,0.0772,0.9846,1.2
"1","months_since_cert_n <  11.000 & rawben_rel_max <   0.384 & total_deductions_by_hh_size < 959.000 & unc_rawben_rel_max <   0.399","xgboost",8349,0.94203,0.93768,4093,3850,0.9406,0.1732,0.1194,17.01,0.0772,0.9846,1.2
"1","count_divisible_by_100 <= 0.5 & elderly_disabled_i <= 0.5 & homeless > 0.5 & percent_abawd > 0.5","ranger",843,0.95136,0.93767,551,533,0.9673,0.024,0.0139,2.29,0.0772,0.9846,1.2
"1","percent_abawd <=   0.75 & shelter_expenses_by_hh_size >   5.50 & total_deductions_by_hh_size <= 242.00","ranger",9693,0.94171,0.93767,4988,4690,0.9403,0.211,0.1391,20.729,0.0772,0.9846,1.2
"1","months_since_cert_n >= 3.000 & rawben_rel_max >= 0.992 & unc_rawben_rel_max >= 1.150","xgboost",10302,0.94156,0.93765,5401,5076,0.9398,0.2284,0.2522,22.445,0.0772,0.9846,1.2
"1","medical_deductions <= 202.000 & months_since_cert_n >   5.500 & rawben_rel_max >   0.087 & total_deductions_by_hh_size <= 256.000","ranger",7795,0.94214,0.93764,4166,3918,0.9405,0.1763,0.1352,17.313,0.0772,0.9846,1.2
"1","months_since_cert_n >=   4.00 & unc_rawben_rel_max >=   1.18 & unc_rawben_rel_max <   1.99 & utilities >= 992.00","xgboost",264,0.96212,0.93764,291,284,0.9759,0.0128,0.0051,1.209,0.0772,0.9846,1.2
"1","months_since_cert_n <   2.00 & shelter_expenses_by_hh_size < 900.00 & unc_rawben_rel_max <   1.93","xgboost",5692,0.9429,0.93763,2838,2699,0.951,0.1214,0.0795,11.794,0.0772,0.9846,1.2
"1","medical_deductions <=   3.5 & months_since_cert_n >   5.5 & shelter_expenses_by_hh_size <= 574.0","ranger",8756,0.94187,0.93762,4613,4314,0.9352,0.1941,0.1793,19.171,0.0772,0.9846,1.2
"1","cat_elig <  1.000 & months_since_cert_n < 25.000 & rawben_rel_max <  0.488","xgboost",1462,0.94802,0.93761,702,675,0.9615,0.0304,0.0109,2.917,0.0772,0.9846,1.2
"1","elderly_disabled_i > 0.500 & homeless <= 0.500 & rawben_rel_max > 0.947 & shelter_expenses_by_hh_size <= 5.500","ranger",914,0.95077,0.93761,479,461,0.9624,0.0207,0.013,1.991,0.0772,0.9846,1.2
"1","elderly_disabled_i >=   1.00 & married <   1.00 & shelter_expenses_by_hh_size < 432.00 & unc_rawben_rel_max <   1.46","xgboost",6726,0.94246,0.93761,3406,3212,0.943,0.1445,0.0971,14.155,0.0772,0.9846,1.2
"1","expedited_i <=   0.5 & medical_deductions <=   3.5 & months_since_cert_n >   6.5 & shelter_expenses_by_hh_size <= 552.0","ranger",6292,0.94263,0.93761,3256,3051,0.937,0.1373,0.1123,13.531,0.0772,0.9846,1.2
"1","medical_deductions < 139 & total_deductions_by_hh_size < 170 & utilities >=  41","xgboost",4936,0.94327,0.93761,2424,2255,0.9303,0.1014,0.0821,10.074,0.0772,0.9846,1.2
"1","medical_deductions <=   3.500 & months_since_cert_n >  38.500 & rawben_rel_max <=   0.991 & total_deductions_by_hh_size <= 714.000","ranger",69,0.98551,0.93761,39,36,0.9231,0.0016,0.002,0.162,0.0772,0.9846,1.2
"1","medical_deductions > 116.0 & months_since_cert_n >   5.5 & total_deductions_by_hh_size <= 364.0","ranger",513,0.95517,0.9376,262,242,0.9237,0.0109,0.0092,1.089,0.0772,0.9846,1.2
"1","months_since_cert_n <  11.000 & rawben_rel_max <   0.247 & unc_rawben_rel_max <   1.270 & utilities < 277.000","xgboost",2618,0.94538,0.9376,1277,1208,0.946,0.0543,0.0384,5.307,0.0772,0.9846,1.2
"1","months_since_cert_n <  25.00 & total_deductions_by_hh_size >= 256.00 & unc_rawben_rel_max >=   1.27 & utilities >= 912.00","xgboost",513,0.95517,0.9376,532,509,0.9568,0.0229,0.016,2.211,0.0772,0.9846,1.2
"1","months_since_cert_n >  1.50 & months_since_cert_n <=  5.50 & total_deductions_by_hh_size > 32.80 & unc_rawben_rel_max >  1.01","ranger",3231,0.9446,0.9376,1580,1491,0.9437,0.0671,0.0682,6.566,0.0772,0.9846,1.2
"1","cat_elig >   0.50 & shelter_expenses_by_hh_size >  16.50 & total_deductions_by_hh_size <= 184.00 & unc_rawben_rel_max <=   1.93","ranger",7273,0.94225,0.93759,3713,3473,0.9354,0.1562,0.1164,15.43,0.0772,0.9846,1.2
"1","months_since_cert_n <  2.000 & rawben_rel_max <  0.268 & unc_rawben_rel_max >=  0.000 & utilities < 29.000","xgboost",203,0.96552,0.93759,92,90,0.9783,0.004,4e-04,0.382,0.0772,0.9846,1.2
"1","cat_elig <=  0.500 & rawben_rel_max >  0.991 & utilities > 14.500","ranger",550,0.95455,0.93758,281,269,0.9573,0.0121,0.0098,1.168,0.0772,0.9846,1.2
"1","medical_deductions < 478.000 & months_since_cert_n <  18.000 & unc_rawben_rel_max >=   0.836","xgboost",20223,0.94036,0.93757,10732,10086,0.9398,0.4538,0.4427,44.6,0.0772,0.9846,1.2
"1","months_since_cert_n < 23.00 & rawben_rel_max <  0.24 & total_deductions_by_hh_size >=  9.00","xgboost",5218,0.94308,0.93757,2460,2310,0.939,0.1039,0.0896,10.223,0.0772,0.9846,1.2
"1","cat_elig >   0.500 & count_divisible_by_100 <=   1.500 & rawben_rel_max <=   0.947 & total_deductions_by_hh_size <= 171.000","ranger",7885,0.94204,0.93756,3982,3731,0.937,0.1679,0.119,16.548,0.0772,0.9846,1.2
"1","shelter_expenses_by_hh_size < 1310 & unc_rawben_rel_max >=    0 & utilities <   76","xgboost",16531,0.94066,0.93756,8630,8161,0.9457,0.3671,0.2858,35.864,0.0772,0.9846,1.2
"1","months_since_cert_n >   5.500 & rawben_rel_max >   0.087 & total_deductions_by_hh_size <= 256.000","ranger",7799,0.94204,0.93754,4169,3921,0.9405,0.1764,0.1352,17.325,0.0772,0.9846,1.2
"1","cat_elig > 0.500 & children_i <= 0.500 & rawben_rel_max <= 0.381 & unc_rawben_rel_max <= 0.991","ranger",11290,0.94128,0.93753,5506,5158,0.9368,0.232,0.1734,22.882,0.0772,0.9846,1.2
"1","medical_deductions <   9 & total_deductions_by_hh_size < 775 & utilities < 334","xgboost",20455,0.94031,0.93752,9870,9332,0.9455,0.4198,0.3197,41.017,0.0772,0.9846,1.2
"1","months_since_cert_n >= 2.000 & months_since_cert_n < 5.000 & rawben_rel_max < 0.084 & unc_rawben_rel_max >= 0.000","xgboost",182,0.96703,0.93752,87,84,0.9655,0.0038,0.0015,0.362,0.0772,0.9846,1.2
"1","rawben_rel_max <   0.5 & total_deductions_by_hh_size >= 600.0 & total_deductions_by_hh_size < 947.0 & utilities >= 875.0","xgboost",182,0.96703,0.93752,145,136,0.9379,0.0061,0.0034,0.603,0.0772,0.9846,1.2
"1","percent_abawd <=    0.500 & rawben_rel_max >    0.998 & shelter_expenses_by_hh_size > 1070.000 & total_deductions_by_hh_size >    8.900","ranger",3548,0.94419,0.93751,2075,1956,0.9427,0.088,0.0893,8.623,0.0772,0.9846,1.2
"1","homeless <   1.000 & rawben_rel_max <   0.395 & utilities < 850.000","xgboost",12076,0.94112,0.9375,5858,5507,0.9401,0.2478,0.1666,24.344,0.0772,0.9846,1.2
"1","medical_deductions <   4 & utilities >= 493 & utilities < 534","xgboost",2014,0.94638,0.9375,773,715,0.925,0.0322,0.0321,3.212,0.0772,0.9846,1.2
"1","count_divisible_by_100 <=   1.5 & medical_deductions > 116.0 & months_since_cert_n >   5.5 & total_deductions_by_hh_size <= 364.0","ranger",512,0.95508,0.93748,262,242,0.9237,0.0109,0.0092,1.089,0.0772,0.9846,1.2
"1","cat_elig <=    0.500 & rawben_rel_max >    0.991 & shelter_expenses_by_hh_size <= 2400.000 & total_deductions_by_hh_size >  142.000","ranger",586,0.95392,0.93747,302,286,0.947,0.0129,0.0114,1.255,0.0772,0.9846,1.2
"1","cat_elig <= 1.5 & children_i <= 0.5 & elderly_disabled_i <= 0.5 & expedited_i <= 0.5","ranger",5794,0.9427,0.93747,4794,4498,0.9383,0.2024,0.2009,19.923,0.0772,0.9846,1.2
"1","count_divisible_by_100 >   0.500 & elderly_disabled_i <=   0.500 & unc_rawben_rel_max >   0.967 & utilities <= 416.000","ranger",437,0.95652,0.93747,258,245,0.9496,0.011,0.0102,1.072,0.0772,0.9846,1.2
"1","medical_deductions <= 631.00 & shelter_expenses_by_hh_size <=   5.50 & total_deductions_by_hh_size <=  63.40 & unc_rawben_rel_max <=   1.02","ranger",1580,0.94747,0.93745,753,727,0.9655,0.0327,0.0142,3.129,0.0772,0.9846,1.2
"1","medical_deductions >  192.000 & rawben_rel_max <=    0.321 & shelter_expenses_by_hh_size >    5.500 & shelter_expenses_by_hh_size <= 1680.000","ranger",283,0.96113,0.93745,123,117,0.9512,0.0053,0.0019,0.511,0.0772,0.9846,1.2
"1","medical_deductions >=  23.00 & rawben_rel_max <   0.46 & total_deductions_by_hh_size < 982.00","xgboost",2064,0.94622,0.93745,940,879,0.9351,0.0395,0.0229,3.906,0.0772,0.9846,1.2
"1","children_i <=  0.50 & homeless <=  0.50 & percent_abawd <=  0.75 & utilities <= 30.50","ranger",9623,0.94149,0.93743,5076,4794,0.9444,0.2157,0.1726,21.095,0.0772,0.9846,1.2
"1","months_since_cert_n >=   2.0000 & rawben_rel_max <   0.0893 & unc_rawben_rel_max <   0.0000 & utilities >= 585.0000","xgboost",604,0.95364,0.93743,306,291,0.951,0.0131,0.011,1.272,0.0772,0.9846,1.2
"1","cat_elig < 1.000 & homeless < 1.000 & rawben_rel_max < 0.512 & unc_rawben_rel_max < 2.520","xgboost",1562,0.9475,0.93742,774,740,0.9561,0.0333,0.0138,3.217,0.0772,0.9846,1.2
"1","cat_elig <=  1.500 & rawben_rel_max <=  0.942 & shelter_expenses_by_hh_size <= 13.000 & unc_rawben_rel_max <=  0.591","ranger",1089,0.94949,0.93742,708,664,0.9379,0.0299,0.0274,2.942,0.0772,0.9846,1.2
"1","homeless < 1.00 & rawben_rel_max < 0.24 & total_deductions_by_hh_size >= 4.40","xgboost",5573,0.94276,0.93742,2607,2453,0.9409,0.1104,0.0885,10.834,0.0772,0.9846,1.2
"1","months_since_cert_n <  35.000 & rawben_rel_max >=   0.811 & utilities >= 956.000","xgboost",929,0.95048,0.93741,926,887,0.9579,0.0399,0.0263,3.848,0.0772,0.9846,1.2
"1","cat_elig < 2.000 & rawben_rel_max >= 0.916","xgboost",13668,0.94081,0.9374,10274,9651,0.9394,0.4342,0.4377,42.696,0.0772,0.9846,1.2
"1","homeless <= 0.50 & percent_abawd <= 0.75 & unc_rawben_rel_max <= 1.96 & utilities <= 7.50","ranger",9419,0.9415,0.9374,4954,4675,0.9437,0.2103,0.1713,20.588,0.0772,0.9846,1.2
"1","shelter_expenses_by_hh_size < 1380 & total_deductions_by_hh_size <  938 & utilities >=  688 & utilities < 1010","xgboost",4215,0.94353,0.9374,1822,1689,0.927,0.076,0.0692,7.572,0.0772,0.9846,1.2
"1","months_since_cert_n < 5.000 & percent_abawd < 0.500 & unc_rawben_rel_max >= 0.763","xgboost",9137,0.94156,0.93739,4607,4356,0.9455,0.196,0.1625,19.146,0.0772,0.9846,1.2
"1","rawben_rel_max >=   0.688 & utilities < 361.000","xgboost",13221,0.94085,0.93739,6704,6320,0.9427,0.2843,0.2658,27.86,0.0772,0.9846,1.2
"1","homeless >=  1.0 & percent_abawd >=  0.5 & utilities < 48.0","xgboost",731,0.95212,0.93738,463,449,0.9698,0.0202,0.0111,1.924,0.0772,0.9846,1.2
"1","count_divisible_by_100 <    1 & shelter_expenses_by_hh_size < 2090 & utilities >=  850","xgboost",3439,0.94417,0.93737,2282,2148,0.9413,0.0966,0.081,9.483,0.0772,0.9846,1.2
"1","elderly_disabled_i <   1.00 & shelter_expenses_by_hh_size < 460.00 & unc_rawben_rel_max >=   1.31","xgboost",803,0.95143,0.93737,370,353,0.9541,0.0159,0.016,1.538,0.0772,0.9846,1.2
"1","expedited_i <  1 & utilities < 29","xgboost",10750,0.94121,0.93736,5710,5394,0.9447,0.2427,0.1957,23.729,0.0772,0.9846,1.2
"1","expedited_i <=   0.5 & homeless <=   0.5 & shelter_expenses_by_hh_size <= 552.0","ranger",14282,0.94069,0.93736,7246,6827,0.9422,0.3071,0.2347,30.113,0.0772,0.9846,1.2
"1","expedited_i >    0.500 & months_since_cert_n >    4.500 & rawben_rel_max >    0.991 & shelter_expenses_by_hh_size <= 2800.000","ranger",2061,0.94614,0.93736,1117,1046,0.9364,0.0471,0.0577,4.642,0.0772,0.9846,1.2
"1","months_since_cert_n < 30.000 & unc_rawben_rel_max <  0.443 & utilities < 59.000","xgboost",4632,0.94322,0.93736,2267,2139,0.9435,0.0962,0.0657,9.421,0.0772,0.9846,1.2
"1","months_since_cert_n <   34.000 & total_deductions_by_hh_size < 1080.000 & unc_rawben_rel_max >=    0.883 & utilities <  688.000","xgboost",16787,0.94043,0.93735,8621,8103,0.9399,0.3645,0.3555,35.827,0.0772,0.9846,1.2
"1","count_divisible_by_100 <    2.000 & months_since_cert_n <   16.000 & rawben_rel_max >=    0.801 & shelter_expenses_by_hh_size < 1970.000","xgboost",20199,0.94015,0.93734,10659,10004,0.9385,0.4501,0.4373,44.296,0.0772,0.9846,1.2
"1","expedited_i >  0.500 & months_since_cert_n <=  5.500 & unc_rawben_rel_max >  0.854 & utilities > 32.000","ranger",1246,0.94864,0.93734,585,556,0.9504,0.025,0.0232,2.431,0.0772,0.9846,1.2
"1","elderly_disabled_i <= 0.500 & months_since_cert_n <= 6.500 & rawben_rel_max > 0.804 & utilities > 5.000","ranger",3234,0.94434,0.93733,1620,1539,0.95,0.0692,0.0619,6.732,0.0772,0.9846,1.2
"1","cat_elig <=   1.5 & expedited_i <=   0.5 & shelter_expenses_by_hh_size >  14.5 & utilities > 690.0","ranger",3975,0.94365,0.93732,3299,3040,0.9215,0.1368,0.1456,13.71,0.0772,0.9846,1.2
"1","percent_abawd <=  0.500 & rawben_rel_max <=  0.619 & utilities <= 30.500","ranger",4143,0.94352,0.93732,2112,1994,0.9441,0.0897,0.0582,8.777,0.0772,0.9846,1.2
"1","homeless > 0.500 & rawben_rel_max <= 0.377 & unc_rawben_rel_max <= 0.991","ranger",379,0.95778,0.9373,183,165,0.9016,0.0074,0.0128,0.761,0.0772,0.9846,1.2
"1","medical_deductions < 16.0000 & rawben_rel_max >=  0.0800 & rawben_rel_max <  0.0928","xgboost",2384,0.94547,0.9373,2027,1925,0.9497,0.0866,0.0704,8.424,0.0772,0.9846,1.2
"1","cat_elig >   0.5 & children_i <=   0.5 & expedited_i >   0.5 & medical_deductions <= 137.0","ranger",5861,0.9425,0.93729,2917,2738,0.9386,0.1232,0.129,12.122,0.0772,0.9846,1.2
"1","cat_elig >=    2.00 & rawben_rel_max <    0.11 & shelter_expenses_by_hh_size >=  850.00 & shelter_expenses_by_hh_size < 1000.00","xgboost",202,0.96535,0.93728,10,10,1,4e-04,0,0.042,0.0772,0.9846,1.2
"1","homeless < 1.00 & months_since_cert_n < 5.00 & rawben_rel_max >= 0.08 & rawben_rel_max < 0.22","xgboost",1921,0.94638,0.93728,1195,1139,0.9531,0.0512,0.0328,4.966,0.0772,0.9846,1.2
"1","elderly_disabled_i > 0.500 & rawben_rel_max > 0.976 & shelter_expenses_by_hh_size <= 5.500","ranger",1051,0.94957,0.93727,544,519,0.954,0.0233,0.018,2.261,0.0772,0.9846,1.2
"1","months_since_cert_n <   15.00 & rawben_rel_max <    0.21 & shelter_expenses_by_hh_size < 2300.00 & unc_rawben_rel_max >=    0.00","xgboost",2825,0.94478,0.93727,1278,1214,0.9499,0.0546,0.0317,5.311,0.0772,0.9846,1.2
"1","married <=   0.50 & shelter_expenses_by_hh_size >   5.50 & total_deductions_by_hh_size <= 228.00 & unc_rawben_rel_max <=   1.96","ranger",9531,0.94135,0.93726,4890,4596,0.9399,0.2068,0.1387,20.322,0.0772,0.9846,1.2
"1","rawben_rel_max <=  0.268 & total_deductions_by_hh_size >  8.900 & unc_rawben_rel_max > -1.700","ranger",6157,0.94234,0.93726,2888,2711,0.9387,0.122,0.1014,12.002,0.0772,0.9846,1.2
"1","expedited_i <=  0.5 & homeless <=  0.5 & months_since_cert_n <=  5.5 & utilities <= 28.5","ranger",5058,0.94286,0.93725,2741,2602,0.9493,0.1171,0.0824,11.391,0.0772,0.9846,1.2
"1","medical_deductions <= 116.0 & shelter_expenses_by_hh_size >  48.5 & total_deductions_by_hh_size <= 246.0","ranger",9214,0.94139,0.93724,4747,4458,0.9391,0.2006,0.1333,19.727,0.0772,0.9846,1.2
"1","months_since_cert_n >   5.5 & shelter_expenses_by_hh_size >  12.5 & total_deductions_by_hh_size <= 294.0","ranger",6918,0.94204,0.93724,3605,3383,0.9384,0.1522,0.1005,14.982,0.0772,0.9846,1.2
"1","months_since_cert_n >=   7 & shelter_expenses_by_hh_size >= 652 & total_deductions_by_hh_size < 333","xgboost",1401,0.94789,0.93724,751,719,0.9574,0.0323,0.0136,3.121,0.0772,0.9846,1.2
"1","months_since_cert_n >=  10.000 & rawben_rel_max <   0.752 & shelter_expenses_by_hh_size < 254.000 & total_deductions_by_hh_size <  10.000","xgboost",675,0.95259,0.93724,346,333,0.9624,0.015,0.0052,1.438,0.0772,0.9846,1.2
"1","cat_elig <   2 & months_since_cert_n >=   5 & utilities >= 750 & utilities < 956","xgboost",2313,0.94553,0.93723,1480,1342,0.9068,0.0604,0.0785,6.151,0.0772,0.9846,1.2
"1","count_divisible_by_100 <    1 & shelter_expenses_by_hh_size >=  853 & shelter_expenses_by_hh_size < 2090 & utilities >=  850","xgboost",3347,0.94413,0.93723,2255,2123,0.9415,0.0955,0.0798,9.371,0.0772,0.9846,1.2
"1","medical_deductions < 146.000 & months_since_cert_n >=   3.000 & rawben_rel_max >=   0.818 & utilities >= 992.000","xgboost",602,0.95349,0.93723,640,609,0.9516,0.0274,0.0217,2.66,0.0772,0.9846,1.2
"1","children_i < 1.000 & unc_rawben_rel_max >= 0.883","xgboost",20794,0.93998,0.93722,10933,10267,0.9391,0.4619,0.4566,45.435,0.0772,0.9846,1.2
"1","months_since_cert_n <  31.0000 & rawben_rel_max >=   0.0928 & rawben_rel_max <   0.4600 & total_deductions_by_hh_size < 202.0000","xgboost",5005,0.94286,0.93722,2661,2489,0.9354,0.112,0.0765,11.058,0.0772,0.9846,1.2
"1","elderly_disabled_i > 0.500 & total_deductions_by_hh_size <= 8.800 & unc_rawben_rel_max > 0.257","ranger",1850,0.94649,0.93721,1036,995,0.9604,0.0448,0.0234,4.305,0.0772,0.9846,1.2
"1","elderly_disabled_i >   0.500 & medical_deductions > 166.000 & rawben_rel_max >   0.996 & shelter_expenses_by_hh_size >   5.500","ranger",160,0.96875,0.9372,81,71,0.8765,0.0032,0.0087,0.337,0.0772,0.9846,1.2
"1","months_since_cert_n <  18.000 & total_deductions_by_hh_size < 224.000 & unc_rawben_rel_max <   0.684","xgboost",8071,0.94164,0.9372,4127,3894,0.9435,0.1752,0.1094,17.151,0.0772,0.9846,1.2
"1","elderly_disabled_i <   1.00 & expedited_i >=   1.00 & unc_rawben_rel_max >=   1.33 & utilities >= 600.00","xgboost",340,0.95882,0.93718,162,156,0.963,0.007,0.0043,0.673,0.0772,0.9846,1.2
"1","medical_deductions >=   7.00 & rawben_rel_max <   0.32 & utilities >= 583.00","xgboost",491,0.95519,0.93718,222,209,0.9414,0.0094,0.0055,0.923,0.0772,0.9846,1.2
"1","months_since_cert_n >   5.5000 & percent_abawd <=   0.2500 & rawben_rel_max >   0.0887 & total_deductions_by_hh_size <= 246.0000","ranger",6778,0.94202,0.93717,3585,3367,0.9392,0.1515,0.1107,14.898,0.0772,0.9846,1.2
"1","children_i <   1 & months_since_cert_n >=   3 & utilities >= 875","xgboost",2174,0.94572,0.93716,1487,1392,0.9361,0.0626,0.0565,6.18,0.0772,0.9846,1.2
"1","elderly_disabled_i <=  0.500 & homeless >  0.500 & rawben_rel_max >  0.971 & total_deductions_by_hh_size > 53.000","ranger",416,0.95673,0.93716,187,185,0.9893,0.0083,0.002,0.777,0.0772,0.9846,1.2
"1","total_deductions_by_hh_size <= 398 & utilities > 360","ranger",7023,0.94191,0.93714,3716,3504,0.9429,0.1576,0.0926,15.443,0.0772,0.9846,1.2
"1","children_i <= 0.500 & rawben_rel_max <= 0.991 & unc_rawben_rel_max <= 0.408","ranger",13282,0.9406,0.93713,6461,6063,0.9384,0.2728,0.1933,26.85,0.0772,0.9846,1.2
"1","elderly_disabled_i <    1 & months_since_cert_n <   11 & shelter_expenses_by_hh_size < 1610 & utilities >=  601","xgboost",1189,0.9487,0.93712,668,627,0.9386,0.0282,0.0259,2.776,0.0772,0.9846,1.2
"1","rawben_rel_max <    0.557 & shelter_expenses_by_hh_size < 2090.000 & total_deductions_by_hh_size <   92.000 & utilities >=   52.000","xgboost",2564,0.94501,0.93712,1328,1240,0.9337,0.0558,0.0386,5.519,0.0772,0.9846,1.2
"1","shelter_expenses_by_hh_size < 1800.00 & total_deductions_by_hh_size >=  163.00 & unc_rawben_rel_max >=    1.01 & utilities >=  361.00","xgboost",6671,0.94199,0.9371,3462,3262,0.9422,0.1468,0.1465,14.387,0.0772,0.9846,1.2
"1","homeless <=    0.5 & utilities >  868.0 & utilities <= 1020.0","ranger",2545,0.94499,0.93707,955,886,0.9277,0.0399,0.0426,3.969,0.0772,0.9846,1.2
"1","cat_elig <   2 & total_deductions_by_hh_size <  92 & utilities >=  57 & utilities < 436","xgboost",1570,0.94713,0.93705,1054,975,0.925,0.0439,0.0359,4.38,0.0772,0.9846,1.2
"1","elderly_disabled_i > 0.500 & rawben_rel_max > 0.991 & shelter_expenses_by_hh_size <= 5.500 & unc_rawben_rel_max <= 1.970","ranger",1047,0.94938,0.93703,540,515,0.9537,0.0232,0.018,2.244,0.0772,0.9846,1.2
"1","cat_elig >=    1.00 & shelter_expenses_by_hh_size < 1060.00 & unc_rawben_rel_max <    1.31 & utilities <  298.00","xgboost",15721,0.94021,0.93702,7838,7396,0.9436,0.3327,0.2616,32.573,0.0772,0.9846,1.2
"1","months_since_cert_n <   5.000 & rawben_rel_max <   0.164 & shelter_expenses_by_hh_size >= 500.000 & unc_rawben_rel_max <   2.520","xgboost",1344,0.94792,0.93702,632,604,0.9557,0.0272,0.0179,2.626,0.0772,0.9846,1.2
"1","months_since_cert_n >=   4.00 & unc_rawben_rel_max <   2.22 & utilities >= 875.00","xgboost",1964,0.94603,0.93701,1333,1248,0.9362,0.0561,0.0512,5.54,0.0772,0.9846,1.2
"1","percent_abawd <   0.5 & shelter_expenses_by_hh_size < 764.0 & utilities < 412.0","xgboost",18727,0.93993,0.93701,9806,9227,0.941,0.4151,0.3207,40.751,0.0772,0.9846,1.2
"1","cat_elig >=  2.000 & months_since_cert_n < 30.000 & rawben_rel_max <  0.312","xgboost",3200,0.94406,0.937,215,206,0.9581,0.0093,0.0051,0.893,0.0772,0.9846,1.2
"1","medical_deductions < 192 & shelter_expenses_by_hh_size >= 672 & utilities >= 875","xgboost",2610,0.94483,0.937,1752,1646,0.9395,0.0741,0.0637,7.281,0.0772,0.9846,1.2
"1","total_deductions_by_hh_size < 650.000 & unc_rawben_rel_max <   0.412 & utilities >= 493.000 & utilities < 723.000","xgboost",1758,0.94653,0.937,942,882,0.9363,0.0397,0.0295,3.915,0.0772,0.9846,1.2
"1","elderly_disabled_i >  0.500 & rawben_rel_max >  0.942 & shelter_expenses_by_hh_size <= 13.000","ranger",1064,0.94925,0.93699,553,528,0.9548,0.0238,0.018,2.298,0.0772,0.9846,1.2
"1","months_since_cert_n <  25.000 & rawben_rel_max <   0.432 & utilities < 488.000","xgboost",9948,0.94099,0.93699,4981,4680,0.9396,0.2105,0.1461,20.7,0.0772,0.9846,1.2
"1","months_since_cert_n >=   1.000 & rawben_rel_max >=   0.711 & utilities < 361.000","xgboost",11733,0.94068,0.93699,5975,5625,0.9414,0.2531,0.2442,24.831,0.0772,0.9846,1.2
"1","expedited_i <=  0.5 & utilities <= 30.5","ranger",11060,0.94078,0.93698,5874,5554,0.9455,0.2499,0.1986,24.411,0.0772,0.9846,1.2
"1","months_since_cert_n >=   3.000 & rawben_rel_max <   0.508 & utilities >= 361.000 & utilities < 431.000","xgboost",1980,0.94596,0.93698,1093,1033,0.9451,0.0465,0.0261,4.542,0.0772,0.9846,1.2
"1","rawben_rel_max <=  0.976 & shelter_expenses_by_hh_size <= 12.500 & total_deductions_by_hh_size <= 53.700","ranger",1447,0.94748,0.93697,673,647,0.9614,0.0291,0.0142,2.797,0.0772,0.9846,1.2
"1","rawben_rel_max <=  0.991 & unc_rawben_rel_max > -2.540 & unc_rawben_rel_max <=  0.408","ranger",13297,0.94044,0.93697,6486,6079,0.9372,0.2735,0.1988,26.954,0.0772,0.9846,1.2
"1","months_since_cert_n >=   5 & months_since_cert_n <   7 & shelter_expenses_by_hh_size < 773 & utilities < 281","xgboost",2371,0.94517,0.93696,1183,1122,0.9484,0.0505,0.0383,4.916,0.0772,0.9846,1.2
"1","elderly_disabled_i >   0.5 & married <=   0.5 & months_since_cert_n >   5.5 & shelter_expenses_by_hh_size <= 344.0","ranger",2911,0.94435,0.93694,1423,1349,0.948,0.0607,0.0429,5.914,0.0772,0.9846,1.2
"1","rawben_rel_max < 0.24 & total_deductions_by_hh_size >= 4.40","xgboost",5678,0.94223,0.93693,2668,2501,0.9374,0.1125,0.0978,11.088,0.0772,0.9846,1.2
"1","children_i <   1.000 & rawben_rel_max <   0.476 & total_deductions_by_hh_size < 803.000 & unc_rawben_rel_max <   1.050","xgboost",14442,0.94024,0.93692,7103,6669,0.9389,0.3,0.2041,29.518,0.0772,0.9846,1.2
"1","homeless >= 1.000 & months_since_cert_n >= 4.000 & percent_abawd >= 1.000 & rawben_rel_max >= 0.848","xgboost",433,0.95612,0.9369,261,255,0.977,0.0115,0.0067,1.085,0.0772,0.9846,1.2
"1","medical_deductions < 170.00 & unc_rawben_rel_max >=   1.14 & utilities >= 580.00","xgboost",3195,0.94397,0.9369,1722,1641,0.953,0.0738,0.0587,7.156,0.0772,0.9846,1.2
"1","expedited_i <=   0.50 & total_deductions_by_hh_size <= 222.00 & unc_rawben_rel_max <=   1.93 & utilities >   8.00","ranger",6846,0.94172,0.93688,3444,3230,0.9379,0.1453,0.1001,14.312,0.0772,0.9846,1.2
"1","rawben_rel_max >= 0.0928 & rawben_rel_max < 0.1640 & unc_rawben_rel_max < 1.0200","xgboost",974,0.94969,0.93687,518,491,0.9479,0.0221,0.0126,2.153,0.0772,0.9846,1.2
"1","homeless <=  0.50 & married <=  0.50 & percent_abawd <=  0.75 & utilities <= 28.50","ranger",9551,0.94095,0.93685,5006,4719,0.9427,0.2123,0.1758,20.804,0.0772,0.9846,1.2
"1","months_since_cert_n <   6.00 & shelter_expenses_by_hh_size >= 693.00 & unc_rawben_rel_max >=   1.52 & utilities >= 912.00","xgboost",180,0.96667,0.93684,164,159,0.9695,0.0072,0.0027,0.682,0.0772,0.9846,1.2
"1","shelter_expenses_by_hh_size < 859.000 & total_deductions_by_hh_size < 775.000 & unc_rawben_rel_max >=   0.271 & utilities < 313.000","xgboost",14799,0.94013,0.93684,7759,7358,0.9483,0.331,0.2441,32.245,0.0772,0.9846,1.2
"1","homeless <   1.000 & rawben_rel_max <   0.324 & shelter_expenses_by_hh_size >= 600.000 & utilities >= 318.000","xgboost",3994,0.94316,0.93683,2053,1953,0.9513,0.0879,0.0542,8.532,0.0772,0.9846,1.2
"1","medical_deductions >= 120.000 & medical_deductions < 144.000 & rawben_rel_max <   0.428 & utilities < 886.000","xgboost",814,0.95086,0.93683,398,366,0.9196,0.0165,0.0109,1.654,0.0772,0.9846,1.2
"1","cat_elig >  0.500 & homeless >  0.500 & rawben_rel_max <=  0.991 & total_deductions_by_hh_size <= 10.000","ranger",338,0.95858,0.93681,148,144,0.973,0.0065,0.0029,0.615,0.0772,0.9846,1.2
"1","elderly_disabled_i <   1 & expedited_i >=   1 & shelter_expenses_by_hh_size < 531 & total_deductions_by_hh_size >= 289","xgboost",338,0.95858,0.93681,172,159,0.9244,0.0072,0.0125,0.715,0.0772,0.9846,1.2
"1","expedited_i <  1 & homeless >=  1 & months_since_cert_n < 18","xgboost",2179,0.94539,0.93681,1100,1037,0.9427,0.0467,0.0394,4.571,0.0772,0.9846,1.2
"1","married <=   0.5 & medical_deductions >   0.5 & total_deductions_by_hh_size <= 302.0","ranger",973,0.94964,0.93681,452,423,0.9358,0.019,0.0127,1.878,0.0772,0.9846,1.2
"1","months_since_cert_n <    3.00 & rawben_rel_max >=    0.54 & unc_rawben_rel_max <    1.99 & utilities < 1020.00","xgboost",8284,0.94121,0.93681,4144,3915,0.9447,0.1761,0.133,17.221,0.0772,0.9846,1.2
"1","expedited_i <=  0.500 & rawben_rel_max <=  0.976 & shelter_expenses_by_hh_size <=  5.500 & total_deductions_by_hh_size <= 80.200","ranger",1374,0.9476,0.9368,645,623,0.9659,0.028,0.0117,2.68,0.0772,0.9846,1.2
"1","medical_deductions <= 100.000 & rawben_rel_max <=   0.425 & shelter_expenses_by_hh_size >   5.500 & utilities <= 451.000","ranger",7626,0.94138,0.9368,3884,3653,0.9405,0.1643,0.1085,16.141,0.0772,0.9846,1.2
"1","unc_rawben_rel_max <=   0.471 & utilities <= 556.000","ranger",12542,0.94036,0.93679,6091,5716,0.9384,0.2572,0.1779,25.313,0.0772,0.9846,1.2
"1","medical_deductions <=  15.500 & total_deductions_by_hh_size <= 162.000 & unc_rawben_rel_max <=   0.934 & utilities <=  12.500","ranger",3172,0.94388,0.93678,1636,1559,0.9529,0.0701,0.0382,6.799,0.0772,0.9846,1.2
"1","cat_elig <=  1.500 & elderly_disabled_i <=  0.500 & rawben_rel_max >  0.969 & utilities > 14.500","ranger",2465,0.94483,0.93676,1883,1766,0.9379,0.0794,0.096,7.825,0.0772,0.9846,1.2
"1","cat_elig <   2.000 & rawben_rel_max <   0.540 & total_deductions_by_hh_size < 603.000 & unc_rawben_rel_max <   0.996","xgboost",11085,0.94055,0.93675,7101,6638,0.9348,0.2986,0.2109,29.51,0.0772,0.9846,1.2
"1","cat_elig < 2.000 & months_since_cert_n >= 3.000 & rawben_rel_max >= 0.199 & rawben_rel_max < 0.268","xgboost",1511,0.94705,0.93675,900,846,0.94,0.0381,0.0224,3.74,0.0772,0.9846,1.2
"1","children_i <=   0.5 & shelter_expenses_by_hh_size >  14.5 & total_deductions_by_hh_size <= 190.0 & utilities >  28.5","ranger",6091,0.94188,0.93675,3060,2858,0.934,0.1286,0.0964,12.717,0.0772,0.9846,1.2
"1","homeless <=   0.500 & months_since_cert_n >   7.500 & unc_rawben_rel_max >   0.991 & utilities > 578.000","ranger",2007,0.94569,0.93675,1138,1079,0.9482,0.0485,0.0414,4.729,0.0772,0.9846,1.2
"1","married <   1.00 & months_since_cert_n <  30.00 & unc_rawben_rel_max >=  -1.17 & utilities < 277.00","xgboost",18211,0.93971,0.93674,9438,8898,0.9428,0.4003,0.324,39.222,0.0772,0.9846,1.2
"1","medical_deductions < 108.000 & rawben_rel_max <   0.428 & utilities < 459.000","xgboost",8961,0.94097,0.93674,4572,4303,0.9412,0.1936,0.1343,19,0.0772,0.9846,1.2
"1","count_divisible_by_100 >  0.5 & elderly_disabled_i <=  0.5 & expedited_i >  0.5 & shelter_expenses_by_hh_size <= 13.0","ranger",68,0.98529,0.93673,24,21,0.875,9e-04,0.0024,0.1,0.0772,0.9846,1.2
"1","elderly_disabled_i >=   1.00 & rawben_rel_max >=   0.88 & shelter_expenses_by_hh_size < 300.00 & total_deductions_by_hh_size <   4.40","xgboost",1042,0.94914,0.93673,535,513,0.9589,0.0231,0.0157,2.223,0.0772,0.9846,1.2
"1","percent_abawd <    0.5 & shelter_expenses_by_hh_size < 1270.0 & utilities >=  724.0","xgboost",3554,0.94344,0.93673,1796,1662,0.9254,0.0748,0.0731,7.464,0.0772,0.9846,1.2
"1","children_i <   1 & shelter_expenses_by_hh_size >= 469 & shelter_expenses_by_hh_size < 678 & total_deductions_by_hh_size < 281","xgboost",4037,0.94303,0.93672,2069,1944,0.9396,0.0875,0.0554,8.598,0.0772,0.9846,1.2
"1","percent_abawd <   0.5000 & rawben_rel_max >=   0.0928 & rawben_rel_max <   0.2680 & utilities >= 452.0000","xgboost",848,0.95047,0.93672,377,356,0.9443,0.016,0.0102,1.567,0.0772,0.9846,1.2
"1","elderly_disabled_i >   0.5 & homeless <=   0.5 & shelter_expenses_by_hh_size > 548.0 & shelter_expenses_by_hh_size <= 552.0","ranger",260,0.96154,0.9367,86,81,0.9419,0.0036,0.0029,0.357,0.0772,0.9846,1.2
"1","months_since_cert_n <    8 & shelter_expenses_by_hh_size < 1030 & total_deductions_by_hh_size <  725 & utilities >=  600","xgboost",1544,0.94689,0.9367,700,646,0.9229,0.0291,0.0259,2.909,0.0772,0.9846,1.2
"1","homeless <=   0.50 & total_deductions_by_hh_size <= 206.00 & unc_rawben_rel_max <=   1.95 & utilities >   8.00","ranger",6431,0.94169,0.93669,3239,3035,0.937,0.1365,0.0964,13.46,0.0772,0.9846,1.2
"1","medical_deductions <= 132.000 & months_since_cert_n >  10.500 & rawben_rel_max >   0.943 & shelter_expenses_by_hh_size <=   5.500","ranger",812,0.95074,0.93668,461,441,0.9566,0.0198,0.0166,1.916,0.0772,0.9846,1.2
"1","total_deductions_by_hh_size >=    9.000 & total_deductions_by_hh_size < 1100.000 & unc_rawben_rel_max <   -0.016 & utilities <  281.000","xgboost",669,0.95217,0.93668,276,258,0.9348,0.0116,0.0142,1.147,0.0772,0.9846,1.2
"1","rawben_rel_max <   0.688 & shelter_expenses_by_hh_size >= 297.000 & total_deductions_by_hh_size <  92.000 & utilities < 361.000","xgboost",2157,0.94529,0.93667,1223,1135,0.928,0.0511,0.0397,5.082,0.0772,0.9846,1.2
"1","cat_elig > 0.50 & expedited_i > 0.50 & unc_rawben_rel_max <= 1.96","ranger",5917,0.94186,0.93665,2922,2752,0.9418,0.1238,0.1205,12.143,0.0772,0.9846,1.2
"1","cat_elig >=  2.0 & months_since_cert_n < 22.0 & percent_abawd <  0.5 & utilities < 27.0","xgboost",3883,0.94309,0.93665,311,299,0.9614,0.0135,0.0079,1.292,0.0772,0.9846,1.2
"1","rawben_rel_max >=   0.794 & total_deductions_by_hh_size >=  69.000 & unc_rawben_rel_max <   1.240 & utilities >= 735.000","xgboost",2258,0.94508,0.93665,1284,1194,0.9299,0.0537,0.0543,5.336,0.0772,0.9846,1.2
"1","cat_elig <=   0.5 & medical_deductions > 141.0 & medical_deductions <= 168.0","ranger",40,1,0.93664,12,10,0.8333,4e-04,5e-04,0.05,0.0772,0.9846,1.2
"1","cat_elig <=   0.500 & medical_deductions > 136.000 & total_deductions_by_hh_size >  29.900 & unc_rawben_rel_max >   0.991","ranger",40,1,0.93664,23,23,1,0.001,0,0.096,0.0772,0.9846,1.2
"1","elderly_disabled_i < 1.000 & homeless >= 1.000 & months_since_cert_n >= 6.000 & rawben_rel_max >= 0.384","xgboost",847,0.95041,0.93664,392,380,0.9694,0.0171,0.0107,1.629,0.0772,0.9846,1.2
"1","elderly_disabled_i >    0.5 & married <=    0.5 & total_deductions_by_hh_size <=  365.0 & utilities <= 1020.0","ranger",15173,0.93989,0.93664,7708,7250,0.9406,0.3262,0.2099,32.033,0.0772,0.9846,1.2
"1","homeless >   0.500 & medical_deductions > 105.000 & medical_deductions <= 614.000 & rawben_rel_max <=   0.991","ranger",40,1,0.93664,20,18,0.9,8e-04,0.0012,0.083,0.0772,0.9846,1.2
"1","rawben_rel_max <=  0.947 & shelter_expenses_by_hh_size <= 14.000 & total_deductions_by_hh_size <= 53.700","ranger",1405,0.94733,0.93664,660,634,0.9606,0.0285,0.0142,2.743,0.0772,0.9846,1.2
"1","shelter_expenses_by_hh_size >= 896 & total_deductions_by_hh_size < 470","xgboost",1023,0.94917,0.93664,529,510,0.9641,0.0229,0.0088,2.198,0.0772,0.9846,1.2
"1","cat_elig > 0.5 & cat_elig <= 1.5 & homeless <= 0.5 & utilities <= 9.5","ranger",6194,0.94172,0.93663,5041,4744,0.9411,0.2134,0.1919,20.949,0.0772,0.9846,1.2
"1","cat_elig > 0.5 & elderly_disabled_i <= 0.5 & homeless <= 0.5 & months_since_cert_n <= 5.5","ranger",7556,0.94124,0.93663,3847,3640,0.9462,0.1638,0.14,15.987,0.0772,0.9846,1.2
"1","elderly_disabled_i >=  1.000 & rawben_rel_max <  0.416 & utilities >= 42.000","xgboost",9075,0.94083,0.93662,4344,4074,0.9378,0.1833,0.116,18.053,0.0772,0.9846,1.2
"1","married <   1 & shelter_expenses_by_hh_size >= 197 & total_deductions_by_hh_size < 281","xgboost",9853,0.94063,0.93659,5116,4801,0.9384,0.216,0.1397,21.261,0.0772,0.9846,1.2
"1","months_since_cert_n >=   3.000 & shelter_expenses_by_hh_size < 755.000 & total_deductions_by_hh_size < 497.000 & unc_rawben_rel_max >=  -0.347","xgboost",18281,0.93955,0.93659,9307,8751,0.9403,0.3937,0.2941,38.678,0.0772,0.9846,1.2
"1","months_since_cert_n >=  14.0 & rawben_rel_max <   0.5 & total_deductions_by_hh_size >=  22.4 & utilities < 551.0","xgboost",1883,0.94583,0.93659,929,865,0.9311,0.0389,0.0287,3.861,0.0772,0.9846,1.2
"1","elderly_disabled_i >  0.50 & shelter_expenses_by_hh_size <= 32.50 & unc_rawben_rel_max >  0.98 & utilities <=  9.50","ranger",1057,0.94891,0.93658,551,526,0.9546,0.0237,0.018,2.29,0.0772,0.9846,1.2
"1","children_i <=   0.5 & total_deductions_by_hh_size >   2.8 & total_deductions_by_hh_size <= 352.0 & utilities > 360.0","ranger",5366,0.94204,0.93657,2924,2761,0.9443,0.1242,0.0706,12.151,0.0772,0.9846,1.2
"1","elderly_disabled_i >   0.500 & months_since_cert_n <=  41.500 & rawben_rel_max >   0.991 & shelter_expenses_by_hh_size > 850.000","ranger",3827,0.94304,0.93655,2093,1972,0.9422,0.0887,0.0847,8.698,0.0772,0.9846,1.2
"1","medical_deductions < 103.000 & rawben_rel_max >=   0.296 & shelter_expenses_by_hh_size < 750.000 & utilities < 750.000","xgboost",20184,0.93936,0.93654,10398,9812,0.9436,0.4414,0.3391,43.212,0.0772,0.9846,1.2
"1","months_since_cert_n <   3 & shelter_expenses_by_hh_size >= 710 & total_deductions_by_hh_size < 300 & utilities >= 430","xgboost",115,0.97391,0.93651,48,46,0.9583,0.0021,0.002,0.199,0.0772,0.9846,1.2
"1","expedited_i <   1.000 & total_deductions_by_hh_size >= 286.000 & unc_rawben_rel_max <   0.179","xgboost",2202,0.94505,0.9365,1005,950,0.9453,0.0427,0.036,4.177,0.0772,0.9846,1.2
"1","married <=   0.5 & shelter_expenses_by_hh_size >   5.5 & utilities > 868.0","ranger",2673,0.94426,0.9365,1780,1670,0.9382,0.0751,0.0657,7.397,0.0772,0.9846,1.2
"1","months_since_cert_n >=    5.000 & rawben_rel_max <    0.454 & total_deductions_by_hh_size < 1320.000","xgboost",9628,0.94059,0.9365,4836,4543,0.9394,0.2044,0.1373,20.097,0.0772,0.9846,1.2
"1","cat_elig <= 0.500 & shelter_expenses_by_hh_size > 3.000 & unc_rawben_rel_max > 0.993","ranger",631,0.95246,0.93649,328,314,0.9573,0.0141,0.0106,1.363,0.0772,0.9846,1.2
"1","cat_elig > 0.500 & rawben_rel_max <= 0.381 & unc_rawben_rel_max <= 0.991","ranger",11332,0.94026,0.93649,5536,5180,0.9357,0.233,0.1777,23.006,0.0772,0.9846,1.2
"1","cat_elig >    1.500 & rawben_rel_max <=    0.325 & utilities <= 1170.000","ranger",3407,0.94335,0.93648,225,216,0.96,0.0097,0.0051,0.935,0.0772,0.9846,1.2
"1","elderly_disabled_i >   0.500 & rawben_rel_max >   0.991 & shelter_expenses_by_hh_size > 850.000","ranger",3839,0.94295,0.93648,2101,1980,0.9424,0.0891,0.0847,8.731,0.0772,0.9846,1.2
"1","cat_elig <   2.000 & unc_rawben_rel_max >=  -0.056 & utilities >= 688.000","xgboost",4319,0.94258,0.93647,3466,3202,0.9238,0.1441,0.146,14.404,0.0772,0.9846,1.2
"1","cat_elig >  0.5 & homeless <=  0.5 & utilities <= 14.5","ranger",10144,0.94046,0.93647,5390,5079,0.9423,0.2285,0.2004,22.4,0.0772,0.9846,1.2
"1","homeless <    1 & shelter_expenses_by_hh_size < 1390 & utilities >=  688","xgboost",5028,0.94212,0.93647,2444,2278,0.9321,0.1025,0.0903,10.157,0.0772,0.9846,1.2
"1","elderly_disabled_i >  0.50000 & unc_rawben_rel_max > -0.00915 & unc_rawben_rel_max <=  0.26800","ranger",5209,0.94202,0.93646,2404,2262,0.9409,0.1018,0.0653,9.99,0.0772,0.9846,1.2
"1","married <=   0.5 & total_deductions_by_hh_size >   8.9 & utilities > 868.0","ranger",2671,0.94422,0.93645,1780,1670,0.9382,0.0751,0.0657,7.397,0.0772,0.9846,1.2
"1","count_divisible_by_100 < 1.000 & elderly_disabled_i < 1.000 & percent_abawd >= 0.500 & rawben_rel_max >= 0.184","xgboost",4449,0.94246,0.93644,2447,2329,0.9518,0.1048,0.083,10.169,0.0772,0.9846,1.2
"1","medical_deductions <=  0.500 & rawben_rel_max <=  0.976 & shelter_expenses_by_hh_size <=  5.500 & total_deductions_by_hh_size <= 60.300","ranger",1452,0.94697,0.93644,674,649,0.9629,0.0292,0.0138,2.801,0.0772,0.9846,1.2
"1","cat_elig >=   1.000 & rawben_rel_max <   0.241 & unc_rawben_rel_max <   0.443 & utilities >= 559.000","xgboost",1417,0.94707,0.93641,660,616,0.9333,0.0277,0.0265,2.743,0.0772,0.9846,1.2
"1","rawben_rel_max <   0.447 & shelter_expenses_by_hh_size < 108.000 & utilities >=  56.000 & utilities < 281.000","xgboost",92,0.97826,0.93641,38,37,0.9737,0.0017,0.001,0.158,0.0772,0.9846,1.2
"1","elderly_disabled_i <=  0.500 & total_deductions_by_hh_size > 14.800 & unc_rawben_rel_max >  0.991","ranger",4792,0.9422,0.9364,2401,2270,0.9454,0.1021,0.1068,9.978,0.0772,0.9846,1.2
"1","elderly_disabled_i >=    1.00 & shelter_expenses_by_hh_size >= 1260.00 & unc_rawben_rel_max <    0.28","xgboost",576,0.95312,0.9364,293,278,0.9488,0.0125,0.0089,1.218,0.0772,0.9846,1.2
"1","expedited_i >   0.50 & rawben_rel_max >   0.94 & total_deductions_by_hh_size >   2.80 & total_deductions_by_hh_size <= 182.00","ranger",411,0.9562,0.9364,190,181,0.9526,0.0081,0.0067,0.79,0.0772,0.9846,1.2
"1","medical_deductions <   5.00 & months_since_cert_n <  14.00 & unc_rawben_rel_max <   1.93 & utilities < 360.00","xgboost",18662,0.93934,0.9364,9414,8878,0.9431,0.3994,0.3267,39.122,0.0772,0.9846,1.2
"1","cat_elig <= 0.500 & rawben_rel_max > 0.991 & shelter_expenses_by_hh_size > 9.500","ranger",630,0.95238,0.93639,329,315,0.9574,0.0142,0.0106,1.367,0.0772,0.9846,1.2
"1","elderly_disabled_i <=  0.500 & months_since_cert_n <=  0.500 & rawben_rel_max >  0.974 & shelter_expenses_by_hh_size > 14.500","ranger",448,0.95536,0.93639,219,213,0.9726,0.0096,0.0052,0.91,0.0772,0.9846,1.2
"1","expedited_i <=  0.500 & shelter_expenses_by_hh_size <= 13.000 & total_deductions_by_hh_size <= 81.400 & unc_rawben_rel_max <=  0.981","ranger",1382,0.94718,0.93638,646,624,0.9659,0.0281,0.0117,2.685,0.0772,0.9846,1.2
"1","expedited_i <   1.000 & rawben_rel_max <   0.124 & total_deductions_by_hh_size >= 224.000","xgboost",2349,0.94466,0.93637,1059,998,0.9424,0.0449,0.0414,4.401,0.0772,0.9846,1.2
"1","married <   1.00 & unc_rawben_rel_max >=  -1.17 & utilities < 277.00","xgboost",18443,0.93933,0.93637,9538,8988,0.9423,0.4044,0.3304,39.638,0.0772,0.9846,1.2
"1","homeless >   0.5 & months_since_cert_n >   5.5 & shelter_expenses_by_hh_size <= 671.0","ranger",1088,0.94853,0.93635,521,492,0.9443,0.0221,0.0198,2.165,0.0772,0.9846,1.2
"1","months_since_cert_n >=   2.000 & rawben_rel_max >=   0.825 & unc_rawben_rel_max <   1.250 & utilities < 912.000","xgboost",12647,0.93991,0.93634,6458,6062,0.9387,0.2727,0.2409,26.838,0.0772,0.9846,1.2
"1","rawben_rel_max <   0.46 & shelter_expenses_by_hh_size >= 484.00 & total_deductions_by_hh_size < 244.00 & utilities >= 488.00","xgboost",948,0.94937,0.93632,457,427,0.9344,0.0192,0.0186,1.899,0.0772,0.9846,1.2
"1","total_deductions_by_hh_size < 815 & utilities >= 494 & utilities < 503","xgboost",913,0.94962,0.93632,105,96,0.9143,0.0043,0.005,0.436,0.0772,0.9846,1.2
"1","cat_elig <= 1.500 & rawben_rel_max <= 0.991 & unc_rawben_rel_max <= 0.471","ranger",10618,0.9402,0.9363,7136,6664,0.9339,0.2998,0.2239,29.655,0.0772,0.9846,1.2
"1","elderly_disabled_i <=  0.500 & rawben_rel_max >  0.991 & total_deductions_by_hh_size > 17.700","ranger",4768,0.94211,0.9363,2390,2259,0.9452,0.1016,0.1068,9.932,0.0772,0.9846,1.2
"1","months_since_cert_n <  30.0000 & rawben_rel_max >=   0.0893 & shelter_expenses_by_hh_size < 678.0000","xgboost",21956,0.93901,0.9363,11326,10668,0.9419,0.4799,0.3715,47.068,0.0772,0.9846,1.2
"1","expedited_i <  1.000 & months_since_cert_n < 27.000 & rawben_rel_max <  0.436","xgboost",12960,0.93981,0.93629,6426,6030,0.9384,0.2713,0.1856,26.705,0.0772,0.9846,1.2
"1","cat_elig <    2 & shelter_expenses_by_hh_size >= 1090 & total_deductions_by_hh_size <  597","xgboost",297,0.9596,0.93628,316,298,0.943,0.0134,0.0087,1.313,0.0772,0.9846,1.2
"1","cat_elig >=    2 & shelter_expenses_by_hh_size < 2300 & total_deductions_by_hh_size <  415","xgboost",8036,0.94077,0.93628,699,672,0.9614,0.0302,0.0133,2.905,0.0772,0.9846,1.2
"1","children_i <   1 & utilities >= 875","xgboost",2664,0.94407,0.93628,1778,1671,0.9398,0.0752,0.0634,7.389,0.0772,0.9846,1.2
"1","months_since_cert_n >=   22.000 & rawben_rel_max <    0.092 & total_deductions_by_hh_size < 1450.000","xgboost",484,0.95455,0.93628,206,200,0.9709,0.009,0.0039,0.856,0.0772,0.9846,1.2
"1","months_since_cert_n >=  16 & shelter_expenses_by_hh_size >= 500 & total_deductions_by_hh_size >=  40 & total_deductions_by_hh_size < 256","xgboost",736,0.95109,0.93628,414,390,0.942,0.0175,0.0116,1.72,0.0772,0.9846,1.2
"1","count_divisible_by_100 <   1.000 & expedited_i <   1.000 & total_deductions_by_hh_size >= 286.000 & unc_rawben_rel_max <   0.179","xgboost",2093,0.94505,0.93627,968,916,0.9463,0.0412,0.0339,4.023,0.0772,0.9846,1.2
"1","elderly_disabled_i >  0.5 & expedited_i >  0.5 & months_since_cert_n <= 35.5 & total_deductions_by_hh_size <= 10.5","ranger",447,0.95526,0.93625,221,218,0.9864,0.0098,0.0012,0.918,0.0772,0.9846,1.2
"1","expedited_i <    1.00 & rawben_rel_max <    0.33 & shelter_expenses_by_hh_size >= 1110.00 & total_deductions_by_hh_size < 1200.00","xgboost",1207,0.9478,0.93624,633,593,0.9368,0.0267,0.0216,2.631,0.0772,0.9846,1.2
"1","rawben_rel_max >=   0.0893 & total_deductions_by_hh_size < 430.0000","xgboost",23714,0.93885,0.93624,12281,11582,0.9431,0.5211,0.3623,51.037,0.0772,0.9846,1.2
"1","elderly_disabled_i <= 0.50 & homeless > 0.50 & percent_abawd > 0.75","ranger",859,0.94994,0.93623,561,543,0.9679,0.0244,0.0139,2.331,0.0772,0.9846,1.2
"1","elderly_disabled_i >   0.500 & medical_deductions > 144.000 & months_since_cert_n >  11.500 & rawben_rel_max <=   0.314","ranger",258,0.96124,0.93621,97,92,0.9485,0.0041,0.002,0.403,0.0772,0.9846,1.2
"1","months_since_cert_n > 3.500 & months_since_cert_n <= 5.500 & rawben_rel_max > 0.991 & shelter_expenses_by_hh_size > 5.500","ranger",1481,0.94666,0.93621,765,715,0.9346,0.0322,0.0391,3.179,0.0772,0.9846,1.2
"1","cat_elig < 3.000 & rawben_rel_max < 0.405","xgboost",13153,0.93971,0.9362,6458,6056,0.9378,0.2724,0.1969,26.838,0.0772,0.9846,1.2
"1","cat_elig >   0.5 & medical_deductions <=   3.5 & shelter_expenses_by_hh_size >  27.5 & total_deductions_by_hh_size <= 184.0","ranger",6789,0.94108,0.9362,3488,3256,0.9335,0.1465,0.1119,14.495,0.0772,0.9846,1.2
"1","months_since_cert_n <   2.000 & rawben_rel_max <   0.368 & shelter_expenses_by_hh_size < 824.000 & total_deductions_by_hh_size < 426.000","xgboost",1120,0.94821,0.9362,494,470,0.9514,0.0211,0.0155,2.053,0.0772,0.9846,1.2
"1","months_since_cert_n >=   8.000 & months_since_cert_n <  20.000 & rawben_rel_max <   0.504 & total_deductions_by_hh_size < 455.000","xgboost",4514,0.94218,0.9362,2385,2247,0.9421,0.1011,0.0631,9.911,0.0772,0.9846,1.2
"1","cat_elig >=   1.00 & shelter_expenses_by_hh_size < 906.00 & total_deductions_by_hh_size < 466.00 & unc_rawben_rel_max <   2.52","xgboost",24845,0.93874,0.93619,12637,11902,0.9418,0.5355,0.3893,52.516,0.0772,0.9846,1.2
"1","count_divisible_by_100 <  1.00 & unc_rawben_rel_max >=  1.01 & unc_rawben_rel_max <  2.52 & utilities >= 54.00","xgboost",7337,0.94085,0.93615,3755,3530,0.9401,0.1588,0.166,15.605,0.0772,0.9846,1.2
"1","elderly_disabled_i >    0.5 & total_deductions_by_hh_size <=  365.0 & utilities <= 1020.0","ranger",15214,0.9394,0.93614,7716,7257,0.9405,0.3265,0.2108,32.066,0.0772,0.9846,1.2
"1","homeless <   1.000 & rawben_rel_max <   0.428 & shelter_expenses_by_hh_size < 287.000","xgboost",2239,0.94462,0.93612,1050,1000,0.9524,0.045,0.0286,4.364,0.0772,0.9846,1.2
"1","medical_deductions > 105 & total_deductions_by_hh_size <= 360","ranger",910,0.94945,0.93612,429,401,0.9347,0.018,0.012,1.783,0.0772,0.9846,1.2
"1","cat_elig <=   0.5 & elderly_disabled_i >   0.5 & medical_deductions <= 110.0 & shelter_expenses_by_hh_size <=   4.0","ranger",238,0.96218,0.93611,137,131,0.9562,0.0059,0.0039,0.569,0.0772,0.9846,1.2
"1","rawben_rel_max >=   0.992 & unc_rawben_rel_max <   1.480 & utilities >= 912.000 & utilities < 992.000","xgboost",238,0.96218,0.93611,251,240,0.9562,0.0108,0.0084,1.043,0.0772,0.9846,1.2
"1","shelter_expenses_by_hh_size < 1120.000 & total_deductions_by_hh_size <  430.000 & unc_rawben_rel_max >=   -0.056","xgboost",24988,0.93865,0.93611,12917,12176,0.9426,0.5478,0.3894,53.68,0.0772,0.9846,1.2
"1","cat_elig <   2.0 & homeless >=   1.0 & percent_abawd >=   0.5 & shelter_expenses_by_hh_size < 430.0","xgboost",519,0.95376,0.9361,438,421,0.9612,0.0189,0.0129,1.82,0.0772,0.9846,1.2
"1","medical_deductions <  16.000 & rawben_rel_max <   0.080 & shelter_expenses_by_hh_size >= 841.000 & unc_rawben_rel_max >=  -0.495","xgboost",409,0.95599,0.9361,0,0,NA,0,0,0,0.0772,0.9846,1.2
"1","months_since_cert_n <    4 & shelter_expenses_by_hh_size < 1030 & total_deductions_by_hh_size <  803 & utilities <  600","xgboost",12020,0.93977,0.9361,6001,5702,0.9502,0.2565,0.1617,24.939,0.0772,0.9846,1.2
"1","cat_elig <=  0.500 & expedited_i <=  0.500 & rawben_rel_max >  0.993 & utilities > 39.500","ranger",353,0.95751,0.93609,186,182,0.9785,0.0082,0.003,0.773,0.0772,0.9846,1.2
"1","married <=   0.5 & medical_deductions <= 100.0 & months_since_cert_n >  36.5 & shelter_expenses_by_hh_size >  14.0","ranger",136,0.97059,0.93609,75,70,0.9333,0.0031,0.0031,0.312,0.0772,0.9846,1.2
"1","children_i <= 0.500 & elderly_disabled_i > 0.500 & rawben_rel_max > 0.305 & total_deductions_by_hh_size <= 2.800","ranger",1614,0.9461,0.93608,916,880,0.9607,0.0396,0.0212,3.807,0.0772,0.9846,1.2
"1","medical_deductions <  150.000 & rawben_rel_max >=    0.711 & shelter_expenses_by_hh_size < 1040.000","xgboost",18920,0.93901,0.93608,9541,8965,0.9396,0.4033,0.3592,39.65,0.0772,0.9846,1.2
"1","elderly_disabled_i <= 0.500 & homeless > 0.500 & rawben_rel_max > 0.991 & unc_rawben_rel_max > 1.220","ranger",555,0.95315,0.93607,217,213,0.9816,0.0096,0.0035,0.902,0.0772,0.9846,1.2
"1","months_since_cert_n <  10.000 & unc_rawben_rel_max >=   0.653 & unc_rawben_rel_max <   1.770 & utilities < 789.000","xgboost",16466,0.93921,0.93607,8232,7747,0.9411,0.3485,0.2857,34.21,0.0772,0.9846,1.2
"1","shelter_expenses_by_hh_size < 1230.00 & unc_rawben_rel_max <    1.48 & utilities >=  757.00","xgboost",2321,0.94442,0.93607,1185,1092,0.9215,0.0491,0.0485,4.925,0.0772,0.9846,1.2
"1","cat_elig <   2.00 & months_since_cert_n >=  24.00 & total_deductions_by_hh_size >= 701.00 & unc_rawben_rel_max >=   1.01","xgboost",334,0.95808,0.93606,230,221,0.9609,0.0099,0.0057,0.956,0.0772,0.9846,1.2
"1","medical_deductions < 212 & total_deductions_by_hh_size < 559 & utilities < 783","xgboost",31980,0.93831,0.93605,16176,15236,0.9419,0.6854,0.4886,67.224,0.0772,0.9846,1.2
"1","shelter_expenses_by_hh_size >= 269 & shelter_expenses_by_hh_size < 440 & total_deductions_by_hh_size <  92 & utilities >=  30","xgboost",1867,0.94537,0.93605,1000,923,0.923,0.0415,0.0344,4.156,0.0772,0.9846,1.2
"1","cat_elig <   1.000 & rawben_rel_max <   0.533 & shelter_expenses_by_hh_size >=  29.000 & shelter_expenses_by_hh_size < 297.000","xgboost",198,0.96465,0.93604,53,50,0.9434,0.0022,0.0017,0.22,0.0772,0.9846,1.2
"1","medical_deductions < 242 & utilities < 281","xgboost",18749,0.93898,0.93604,9546,9005,0.9433,0.4051,0.3264,39.671,0.0772,0.9846,1.2
"1","medical_deductions < 252 & shelter_expenses_by_hh_size < 322 & utilities >= 287","xgboost",218,0.9633,0.93604,118,112,0.9492,0.005,0.0043,0.49,0.0772,0.9846,1.2
"1","months_since_cert_n >= 34.000 & rawben_rel_max >=  0.124 & rawben_rel_max <  0.568","xgboost",198,0.96465,0.93604,89,84,0.9438,0.0038,0.0021,0.37,0.0772,0.9846,1.2
"1","months_since_cert_n < 30.000 & rawben_rel_max >=  0.080 & unc_rawben_rel_max <  0.443 & utilities < 59.000","xgboost",3845,0.94252,0.93603,2267,2139,0.9435,0.0962,0.0657,9.421,0.0772,0.9846,1.2
"1","total_deductions_by_hh_size >   2.8 & total_deductions_by_hh_size <= 352.0 & utilities > 360.0","ranger",5386,0.94152,0.93603,2931,2766,0.9437,0.1244,0.0719,12.181,0.0772,0.9846,1.2
"1","count_divisible_by_100 <= 0.500 & rawben_rel_max <= 0.405 & shelter_expenses_by_hh_size <= 5.500 & unc_rawben_rel_max <= 1.020","ranger",1203,0.94763,0.93602,579,549,0.9482,0.0247,0.0208,2.406,0.0772,0.9846,1.2
"1","cat_elig >   0.5 & children_i <=   0.5 & expedited_i <=   0.5 & shelter_expenses_by_hh_size <= 586.0","ranger",14940,0.93929,0.936,7706,7256,0.9416,0.3264,0.2499,32.024,0.0772,0.9846,1.2
"1","elderly_disabled_i <   1 & months_since_cert_n <   5 & total_deductions_by_hh_size < 803 & utilities >= 511","xgboost",1030,0.94854,0.936,574,548,0.9547,0.0247,0.0187,2.385,0.0772,0.9846,1.2
"1","cat_elig <   2.000 & rawben_rel_max >=   0.992 & total_deductions_by_hh_size >= 650.000","xgboost",3678,0.94263,0.93599,2464,2302,0.9343,0.1036,0.1113,10.24,0.0772,0.9846,1.2
"1","elderly_disabled_i >  0.500 & rawben_rel_max >  0.991 & total_deductions_by_hh_size <= 17.800 & unc_rawben_rel_max >  1.200","ranger",943,0.9491,0.93599,479,459,0.9582,0.0206,0.0142,1.991,0.0772,0.9846,1.2
"1","married <   1.000 & total_deductions_by_hh_size < 449.000 & unc_rawben_rel_max >=  -0.016 & utilities < 875.000","xgboost",25183,0.93853,0.93599,13050,12292,0.9419,0.553,0.3939,54.233,0.0772,0.9846,1.2
"1","medical_deductions >   0.5 & total_deductions_by_hh_size <= 306.0","ranger",995,0.94874,0.93598,463,432,0.933,0.0194,0.0132,1.924,0.0772,0.9846,1.2
"1","rawben_rel_max >=   0.409 & total_deductions_by_hh_size >= 633.000 & utilities >= 819.000","xgboost",3000,0.94333,0.93598,1910,1794,0.9393,0.0807,0.0674,7.937,0.0772,0.9846,1.2
"1","cat_elig <=   0.5 & elderly_disabled_i >   0.5 & medical_deductions <= 122.0 & months_since_cert_n <=  25.5","ranger",1915,0.94517,0.93597,973,921,0.9466,0.0414,0.0264,4.044,0.0772,0.9846,1.2
"1","cat_elig >   0.5 & elderly_disabled_i >   0.5 & shelter_expenses_by_hh_size <= 738.0 & total_deductions_by_hh_size <= 297.0","ranger",10951,0.93982,0.93597,5579,5253,0.9416,0.2363,0.1492,23.185,0.0772,0.9846,1.2
"1","medical_deductions <  135 & shelter_expenses_by_hh_size < 1050 & utilities >=  819","xgboost",838,0.94988,0.93597,400,377,0.9425,0.017,0.0145,1.662,0.0772,0.9846,1.2
"1","months_since_cert_n >= 34.000 & rawben_rel_max >=  0.296 & rawben_rel_max <  0.580","xgboost",114,0.97368,0.93597,55,53,0.9636,0.0024,7e-04,0.229,0.0772,0.9846,1.2
"1","months_since_cert_n <  31 & total_deductions_by_hh_size < 278 & utilities >=  74","xgboost",6243,0.94105,0.93596,3253,3049,0.9373,0.1372,0.0925,13.519,0.0772,0.9846,1.2
"1","months_since_cert_n <  11.000 & total_deductions_by_hh_size < 959.000 & unc_rawben_rel_max <   0.399","xgboost",8625,0.94029,0.93595,4228,3970,0.939,0.1786,0.1257,17.571,0.0772,0.9846,1.2
"1","cat_elig >=   1.000 & total_deductions_by_hh_size >=  14.000 & unc_rawben_rel_max >=   0.928 & utilities >= 703.000","xgboost",3543,0.9427,0.93594,2099,1987,0.9466,0.0894,0.0755,8.723,0.0772,0.9846,1.2
"1","cat_elig >=   1.000 & unc_rawben_rel_max <   0.443 & utilities < 559.000","xgboost",10623,0.93985,0.93594,5227,4895,0.9365,0.2202,0.1607,21.722,0.0772,0.9846,1.2
"1","months_since_cert_n < 10.000 & unc_rawben_rel_max >=  0.653 & unc_rawben_rel_max <  1.770","xgboost",17935,0.93895,0.93594,9321,8769,0.9408,0.3945,0.3263,38.736,0.0772,0.9846,1.2
"1","cat_elig >  0.5 & homeless <=  0.5 & utilities <= 30.5","ranger",10605,0.93984,0.93593,5608,5289,0.9431,0.2379,0.2071,23.305,0.0772,0.9846,1.2
"1","children_i <=   0.50 & elderly_disabled_i >   0.50 & shelter_expenses_by_hh_size <= 608.00 & unc_rawben_rel_max <=   1.27","ranger",11105,0.93976,0.93593,5553,5222,0.9404,0.2349,0.1536,23.077,0.0772,0.9846,1.2
"1","expedited_i >= 1.0 & homeless >= 1.0 & percent_abawd >= 0.5","xgboost",463,0.95464,0.93592,276,265,0.9601,0.0119,0.0095,1.147,0.0772,0.9846,1.2
"1","cat_elig >=   1.0000 & rawben_rel_max >=   0.0893 & shelter_expenses_by_hh_size < 600.0000 & unc_rawben_rel_max >=   0.1070","xgboost",17287,0.93897,0.93591,8914,8400,0.9423,0.3779,0.3011,37.044,0.0772,0.9846,1.2
"1","expedited_i <=   0.5 & married <=   0.5 & months_since_cert_n >   5.5 & shelter_expenses_by_hh_size <= 570.0","ranger",7860,0.94046,0.93591,4074,3802,0.9332,0.171,0.1498,16.931,0.0772,0.9846,1.2
"1","medical_deductions <= 132.0 & percent_abawd <=   0.5 & shelter_expenses_by_hh_size >  13.0 & total_deductions_by_hh_size <= 242.0","ranger",9278,0.94007,0.93589,4849,4557,0.9398,0.205,0.1372,20.151,0.0772,0.9846,1.2
"1","months_since_cert_n <= 27.500 & shelter_expenses_by_hh_size <= 14.500 & unc_rawben_rel_max <=  0.355","ranger",1149,0.94778,0.93589,553,521,0.9421,0.0234,0.0225,2.298,0.0772,0.9846,1.2
"1","months_since_cert_n >= 5.000 & unc_rawben_rel_max >= 0.996","xgboost",8534,0.94024,0.93588,4545,4244,0.9338,0.1909,0.2291,18.888,0.0772,0.9846,1.2
"1","rawben_rel_max <   0.304 & total_deductions_by_hh_size >=  10.000 & total_deductions_by_hh_size < 734.000","xgboost",6382,0.94093,0.93588,3084,2901,0.9407,0.1305,0.0981,12.816,0.0772,0.9846,1.2
"1","count_divisible_by_100 >   0.500 & shelter_expenses_by_hh_size <= 663.000 & unc_rawben_rel_max >   0.991 & utilities <=  12.500","ranger",333,0.95796,0.93587,175,169,0.9657,0.0076,0.0048,0.727,0.0772,0.9846,1.2
"1","children_i <=  0.500 & months_since_cert_n <=  7.500 & rawben_rel_max >  0.991 & shelter_expenses_by_hh_size > 55.500","ranger",5274,0.94141,0.93586,2716,2560,0.9426,0.1152,0.1169,11.287,0.0772,0.9846,1.2
"1","elderly_disabled_i <= 0.5 & expedited_i <= 0.5 & months_since_cert_n <= 2.5","ranger",3769,0.94243,0.93586,2072,1965,0.9484,0.0884,0.0688,8.611,0.0772,0.9846,1.2
"1","cat_elig <  1 & months_since_cert_n >=  4 & months_since_cert_n < 11 & utilities >= 56","xgboost",906,0.94923,0.93584,482,456,0.9461,0.0205,0.0134,2.003,0.0772,0.9846,1.2
"1","cat_elig <=   0.500 & rawben_rel_max <=   0.993 & unc_rawben_rel_max <=   0.349 & utilities > 304.000","ranger",535,0.95327,0.93584,278,268,0.964,0.0121,0.0035,1.155,0.0772,0.9846,1.2
"1","rawben_rel_max >    0.998 & shelter_expenses_by_hh_size > 1070.000 & total_deductions_by_hh_size >    8.900","ranger",3932,0.94227,0.93584,2258,2112,0.9353,0.095,0.1122,9.384,0.0772,0.9846,1.2
"1","rawben_rel_max <   0.504 & utilities >= 417.000 & utilities < 559.000","xgboost",3471,0.94267,0.93583,1476,1385,0.9383,0.0623,0.0385,6.134,0.0772,0.9846,1.2
"1","months_since_cert_n <   1.000 & rawben_rel_max <   0.402 & total_deductions_by_hh_size < 232.000","xgboost",444,0.95495,0.93582,202,191,0.9455,0.0086,0.0081,0.839,0.0772,0.9846,1.2
"1","months_since_cert_n >   5.500 & rawben_rel_max <=   0.268 & shelter_expenses_by_hh_size > 450.000 & total_deductions_by_hh_size > 172.000","ranger",2061,0.94469,0.93581,999,950,0.951,0.0427,0.0319,4.152,0.0772,0.9846,1.2
"1","shelter_expenses_by_hh_size < 1380 & utilities >=  688","xgboost",5188,0.9414,0.93581,2563,2385,0.9306,0.1073,0.0976,10.651,0.0772,0.9846,1.2
"1","months_since_cert_n >=   3.000 & rawben_rel_max >=   0.092 & shelter_expenses_by_hh_size < 627.000 & utilities < 424.000","xgboost",12765,0.93937,0.9358,6639,6240,0.9399,0.2807,0.2321,27.59,0.0772,0.9846,1.2
"1","shelter_expenses_by_hh_size >   5 & total_deductions_by_hh_size <= 246","ranger",10147,0.93979,0.93578,5218,4902,0.9394,0.2205,0.1484,21.685,0.0772,0.9846,1.2
"1","count_divisible_by_100 < 1.000 & unc_rawben_rel_max >= 0.876","xgboost",20595,0.93858,0.93577,10734,10075,0.9386,0.4533,0.4516,44.608,0.0772,0.9846,1.2
"1","months_since_cert_n <  1.000 & rawben_rel_max >=  0.992 & shelter_expenses_by_hh_size >= 61.000 & unc_rawben_rel_max >=  1.200","xgboost",480,0.95417,0.93576,234,225,0.9615,0.0101,0.0073,0.972,0.0772,0.9846,1.2
"1","cat_elig <   1.000 & months_since_cert_n <  26.000 & rawben_rel_max <   0.464 & shelter_expenses_by_hh_size < 281.000","xgboost",217,0.96313,0.93575,106,103,0.9717,0.0046,0.0022,0.441,0.0772,0.9846,1.2
"1","months_since_cert_n <   1.00 & total_deductions_by_hh_size < 486.00 & unc_rawben_rel_max >=   0.43","xgboost",1538,0.94603,0.93575,792,756,0.9545,0.034,0.0199,3.291,0.0772,0.9846,1.2
"1","months_since_cert_n >=  31.000 & unc_rawben_rel_max >=   0.352 & utilities >= 844.000","xgboost",217,0.96313,0.93575,136,129,0.9485,0.0058,0.0042,0.565,0.0772,0.9846,1.2
"1","rawben_rel_max >=  0.100 & total_deductions_by_hh_size < 14.000 & unc_rawben_rel_max <  0.168 & utilities < 57.000","xgboost",217,0.96313,0.93575,117,113,0.9658,0.0051,0.0021,0.486,0.0772,0.9846,1.2
"1","elderly_disabled_i <= 0.5 & expedited_i <= 0.5 & months_since_cert_n <= 5.5","ranger",7240,0.94047,0.93573,3806,3602,0.9464,0.162,0.1291,15.817,0.0772,0.9846,1.2
"1","medical_deductions >=  85 & shelter_expenses_by_hh_size < 704 & total_deductions_by_hh_size < 300 & utilities < 612","xgboost",659,0.95144,0.93573,297,277,0.9327,0.0125,0.0092,1.234,0.0772,0.9846,1.2
"1","months_since_cert_n <  13 & total_deductions_by_hh_size >= 337 & total_deductions_by_hh_size < 376 & utilities >= 596","xgboost",91,0.97802,0.93573,45,39,0.8667,0.0018,0.0026,0.187,0.0772,0.9846,1.2
"1","total_deductions_by_hh_size >= 538.000 & unc_rawben_rel_max <  -0.004 & utilities >= 426.000 & utilities < 503.000","xgboost",91,0.97802,0.93573,26,25,0.9615,0.0011,0.001,0.108,0.0772,0.9846,1.2
"1","elderly_disabled_i <   1.0 & percent_abawd >=   0.5 & utilities < 496.0","xgboost",4137,0.94199,0.93571,2252,2137,0.9489,0.0961,0.0832,9.359,0.0772,0.9846,1.2
"1","elderly_disabled_i >=   1.000 & rawben_rel_max <   0.811 & shelter_expenses_by_hh_size < 726.000 & unc_rawben_rel_max <   0.691","xgboost",12124,0.93938,0.93571,6048,5695,0.9416,0.2562,0.1478,25.134,0.0772,0.9846,1.2
"1","elderly_disabled_i >=   1.000 & rawben_rel_max <   0.236 & total_deductions_by_hh_size >= 321.000 & utilities < 496.000","xgboost",782,0.95013,0.9357,334,321,0.9611,0.0144,0.0079,1.388,0.0772,0.9846,1.2
"1","medical_deductions <=  12.5 & total_deductions_by_hh_size >   2.8 & total_deductions_by_hh_size <= 162.0 & utilities > 360.0","ranger",1418,0.9464,0.93569,759,710,0.9354,0.0319,0.0243,3.154,0.0772,0.9846,1.2
"1","rawben_rel_max <=   0.427 & total_deductions_by_hh_size >   2.800 & total_deductions_by_hh_size <= 172.000","ranger",3857,0.94218,0.93569,1915,1771,0.9248,0.0797,0.0651,7.958,0.0772,0.9846,1.2
"1","expedited_i <   1 & total_deductions_by_hh_size < 130 & utilities >=  32","xgboost",4037,0.94204,0.93568,2012,1872,0.9304,0.0842,0.063,8.361,0.0772,0.9846,1.2
"1","cat_elig <=   0.50 & elderly_disabled_i >   0.50 & medical_deductions <= 108.00 & percent_abawd <=   0.25","ranger",1973,0.94475,0.93567,1028,974,0.9475,0.0438,0.0272,4.272,0.0772,0.9846,1.2
"1","months_since_cert_n <   24 & total_deductions_by_hh_size <  329 & utilities >=  284 & utilities < 1020","xgboost",6619,0.94063,0.93566,3494,3282,0.9393,0.1477,0.0974,14.52,0.0772,0.9846,1.2
"1","months_since_cert_n <  34 & utilities < 277","xgboost",18495,0.93863,0.93566,9540,8991,0.9425,0.4045,0.3317,39.646,0.0772,0.9846,1.2
"1","cat_elig > 1.500 & medical_deductions <= 3.500 & rawben_rel_max <= 0.235 & utilities > 8.000","ranger",1687,0.94547,0.93564,131,124,0.9466,0.0056,0.004,0.544,0.0772,0.9846,1.2
"1","medical_deductions >=  135.000 & rawben_rel_max <    0.471 & shelter_expenses_by_hh_size < 1170.000 & total_deductions_by_hh_size < 1450.000","xgboost",1315,0.94677,0.93564,435,404,0.9287,0.0182,0.0102,1.808,0.0772,0.9846,1.2
"1","cat_elig <   2 & total_deductions_by_hh_size >=  82 & total_deductions_by_hh_size < 228 & utilities >=  38","xgboost",2784,0.94325,0.93559,1704,1604,0.9413,0.0722,0.048,7.081,0.0772,0.9846,1.2
"1","cat_elig >=  2.000 & months_since_cert_n >=  2.000 & rawben_rel_max <  0.351 & unc_rawben_rel_max >= -0.904","xgboost",3047,0.94289,0.93558,208,199,0.9567,0.009,0.0051,0.864,0.0772,0.9846,1.2
"1","elderly_disabled_i >  0.500 & months_since_cert_n <= 12.500 & rawben_rel_max >  0.947 & shelter_expenses_by_hh_size <=  5.500","ranger",798,0.94987,0.93558,411,394,0.9586,0.0177,0.0127,1.708,0.0772,0.9846,1.2
"1","cat_elig >=  1 & homeless >=  1 & months_since_cert_n >=  4 & months_since_cert_n < 11","xgboost",1449,0.94617,0.93556,700,658,0.94,0.0296,0.0307,2.909,0.0772,0.9846,1.2
"1","months_since_cert_n <  11.000 & rawben_rel_max >=   0.744 & utilities >= 643.000","xgboost",3391,0.94249,0.93556,1879,1768,0.9409,0.0795,0.0716,7.809,0.0772,0.9846,1.2
"1","months_since_cert_n <  11.0 & percent_abawd >=   0.5 & total_deductions_by_hh_size < 928.0","xgboost",4566,0.94152,0.93555,2512,2380,0.9475,0.1071,0.0915,10.439,0.0772,0.9846,1.2
"1","married <   1 & utilities < 284","xgboost",18998,0.93847,0.93554,9569,9017,0.9423,0.4057,0.3324,39.766,0.0772,0.9846,1.2
"1","cat_elig <=   1.5 & homeless <=   0.5 & total_deductions_by_hh_size <= 292.0 & utilities >  30.5","ranger",6444,0.94056,0.93553,4126,3867,0.9372,0.174,0.1159,17.147,0.0772,0.9846,1.2
"1","cat_elig >   0.5 & expedited_i >   0.5 & married <=   0.5 & medical_deductions <= 139.0","ranger",5927,0.94078,0.93553,2937,2756,0.9384,0.124,0.1309,12.205,0.0772,0.9846,1.2
"1","shelter_expenses_by_hh_size >  14.000 & total_deductions_by_hh_size > 184.000 & unc_rawben_rel_max >   0.991 & utilities > 360.000","ranger",7280,0.94025,0.93551,3825,3596,0.9401,0.1618,0.1684,15.896,0.0772,0.9846,1.2
"1","homeless <   1 & months_since_cert_n <   5 & total_deductions_by_hh_size < 600","xgboost",12850,0.93907,0.9355,6260,5934,0.9479,0.267,0.167,26.015,0.0772,0.9846,1.2
"1","cat_elig <= 0.5 & married <= 0.5 & months_since_cert_n > 4.5","ranger",2184,0.94414,0.93549,1161,1102,0.9492,0.0496,0.0287,4.825,0.0772,0.9846,1.2
"1","children_i <= 0.5 & count_divisible_by_100 <= 0.5 & elderly_disabled_i <= 0.5 & homeless <= 0.5","ranger",10932,0.93935,0.93549,5772,5440,0.9425,0.2447,0.2355,23.987,0.0772,0.9846,1.2
"1","cat_elig >   0.5 & medical_deductions <= 210.0 & months_since_cert_n >  26.5 & total_deductions_by_hh_size <=   7.8","ranger",255,0.96078,0.93548,106,104,0.9811,0.0047,0.002,0.441,0.0772,0.9846,1.2
"1","percent_abawd >= 1.000 & rawben_rel_max >= 0.361","xgboost",4675,0.94139,0.93548,2581,2448,0.9485,0.1101,0.0944,10.726,0.0772,0.9846,1.2
"1","medical_deductions <  177.0 & percent_abawd <    0.5 & utilities >= 1020.0","xgboost",405,0.95556,0.93547,738,703,0.9526,0.0316,0.0206,3.067,0.0772,0.9846,1.2
"1","total_deductions_by_hh_size >=  675.00 & total_deductions_by_hh_size < 1450.00 & unc_rawben_rel_max <    2.22 & utilities >=  819.00","xgboost",2564,0.94345,0.93547,1778,1669,0.9387,0.0751,0.0618,7.389,0.0772,0.9846,1.2
"1","rawben_rel_max <  0.08 & shelter_expenses_by_hh_size >= 29.00 & total_deductions_by_hh_size < 92.00 & utilities < 30.00","xgboost",216,0.96296,0.93546,0,0,NA,0,0,0,0.0772,0.9846,1.2
"1","shelter_expenses_by_hh_size <  405.000 & total_deductions_by_hh_size < 1200.000 & unc_rawben_rel_max <   -0.184 & utilities >=   27.000","xgboost",216,0.96296,0.93546,108,105,0.9722,0.0047,0.0023,0.449,0.0772,0.9846,1.2
"1","expedited_i <   1 & months_since_cert_n <  35 & total_deductions_by_hh_size < 486 & utilities < 688","xgboost",24195,0.93805,0.93545,12491,11781,0.9432,0.53,0.3557,51.91,0.0772,0.9846,1.2
"1","medical_deductions < 108.00 & shelter_expenses_by_hh_size < 996.00 & unc_rawben_rel_max <   1.64","xgboost",32009,0.93771,0.93545,16204,15239,0.9404,0.6856,0.5039,67.34,0.0772,0.9846,1.2
"1","months_since_cert_n <=  5.500 & rawben_rel_max <=  0.947 & total_deductions_by_hh_size <=  7.800 & utilities <= 57.000","ranger",1379,0.94634,0.93545,647,623,0.9629,0.028,0.0112,2.689,0.0772,0.9846,1.2
"1","rawben_rel_max <   0.412 & total_deductions_by_hh_size >= 146.000 & total_deductions_by_hh_size < 178.000","xgboost",744,0.95027,0.93545,359,339,0.9443,0.0153,0.0114,1.492,0.0772,0.9846,1.2
"1","children_i <=  0.500 & elderly_disabled_i <=  0.500 & shelter_expenses_by_hh_size > 14.500 & unc_rawben_rel_max >  0.996","ranger",4152,0.94171,0.93544,2109,1990,0.9436,0.0895,0.0981,8.764,0.0772,0.9846,1.2
"1","expedited_i > 0.5 & months_since_cert_n > 5.5 & utilities <= 9.5","ranger",1158,0.94732,0.93544,590,555,0.9407,0.025,0.0269,2.452,0.0772,0.9846,1.2
"1","medical_deductions >= 101.000 & medical_deductions < 167.000 & months_since_cert_n >=  17.000 & rawben_rel_max <   0.264","xgboost",176,0.96591,0.93544,80,78,0.975,0.0035,0.0015,0.332,0.0772,0.9846,1.2
"1","months_since_cert_n >=   31 & shelter_expenses_by_hh_size < 1410 & utilities >=  819","xgboost",176,0.96591,0.93544,103,98,0.9515,0.0044,0.0039,0.428,0.0772,0.9846,1.2
"1","children_i <= 0.5 & expedited_i > 0.5 & homeless <= 0.5 & medical_deductions <= 3.5","ranger",5189,0.94103,0.93542,2632,2472,0.9392,0.1112,0.1151,10.938,0.0772,0.9846,1.2
"1","count_divisible_by_100 <   2 & medical_deductions < 146 & total_deductions_by_hh_size < 576","xgboost",32452,0.93766,0.93542,16410,15430,0.9403,0.6942,0.5089,68.196,0.0772,0.9846,1.2
"1","shelter_expenses_by_hh_size >= 930.000 & unc_rawben_rel_max <  -0.347 & utilities >= 577.000 & utilities < 784.000","xgboost",113,0.97345,0.93542,48,48,1,0.0022,0,0.199,0.0772,0.9846,1.2
"1","rawben_rel_max >=   0.988 & total_deductions_by_hh_size < 675.000 & utilities >= 483.000","xgboost",2065,0.94431,0.93541,925,873,0.9438,0.0393,0.0379,3.844,0.0772,0.9846,1.2
"1","children_i <= 0.500 & expedited_i <= 0.500 & rawben_rel_max <= 0.991 & unc_rawben_rel_max <= 0.477","ranger",14739,0.93873,0.9354,7285,6827,0.9371,0.3071,0.2074,30.275,0.0772,0.9846,1.2
"1","medical_deductions >   3.5 & total_deductions_by_hh_size <= 308.0","ranger",986,0.94828,0.9354,464,433,0.9332,0.0195,0.0132,1.928,0.0772,0.9846,1.2
"1","count_divisible_by_100 <=   0.5 & married <=   0.5 & medical_deductions >   0.5 & total_deductions_by_hh_size <= 302.0","ranger",934,0.94861,0.93537,427,402,0.9415,0.0181,0.0104,1.775,0.0772,0.9846,1.2
"1","elderly_disabled_i >  0.500 & months_since_cert_n <=  5.500 & total_deductions_by_hh_size <= 17.700 & unc_rawben_rel_max >  0.991","ranger",459,0.95425,0.93537,228,220,0.9649,0.0099,0.005,0.948,0.0772,0.9846,1.2
"1","rawben_rel_max <   0.481 & unc_rawben_rel_max >=  -0.904 & utilities < 493.000","xgboost",11359,0.93917,0.93537,5637,5286,0.9377,0.2378,0.1613,23.426,0.0772,0.9846,1.2
"1","shelter_expenses_by_hh_size >  14.5 & total_deductions_by_hh_size <= 190.0 & utilities >  28.5","ranger",6122,0.94054,0.93537,3073,2866,0.9326,0.1289,0.0998,12.771,0.0772,0.9846,1.2
"1","medical_deductions < 333.000 & rawben_rel_max >=   0.504 & utilities < 302.000","xgboost",13537,0.93883,0.93536,6842,6469,0.9455,0.291,0.2446,28.434,0.0772,0.9846,1.2
"1","months_since_cert_n <   9.00 & shelter_expenses_by_hh_size >= 880.00 & unc_rawben_rel_max <   0.12","xgboost",882,0.94898,0.93536,427,400,0.9368,0.018,0.0167,1.775,0.0772,0.9846,1.2
"1","total_deductions_by_hh_size >=  10.00 & total_deductions_by_hh_size < 947.00 & unc_rawben_rel_max >=   1.02 & utilities >= 281.00","xgboost",5667,0.94071,0.93534,2832,2642,0.9329,0.1189,0.1397,11.769,0.0772,0.9846,1.2
"1","medical_deductions < 150.0 & percent_abawd >=   0.5 & total_deductions_by_hh_size < 705.0","xgboost",4599,0.94129,0.93533,2559,2426,0.948,0.1091,0.0988,10.635,0.0772,0.9846,1.2
"1","count_divisible_by_100 > 0.500 & elderly_disabled_i <= 0.500 & rawben_rel_max > 0.728","ranger",690,0.95072,0.93532,378,348,0.9206,0.0157,0.0212,1.571,0.0772,0.9846,1.2
"1","shelter_expenses_by_hh_size >=  29 & shelter_expenses_by_hh_size < 557 & total_deductions_by_hh_size < 182","xgboost",6743,0.94023,0.93531,3398,3181,0.9361,0.1431,0.0995,14.121,0.0772,0.9846,1.2
"1","cat_elig > 1.500 & elderly_disabled_i > 0.500 & rawben_rel_max <= 0.943 & shelter_expenses_by_hh_size <= 5.500","ranger",330,0.95758,0.9353,14,14,1,6e-04,0,0.058,0.0772,0.9846,1.2
"1","percent_abawd <    0.5 & shelter_expenses_by_hh_size < 1310.0 & utilities >=  724.0","xgboost",3849,0.9418,0.93528,1982,1837,0.9268,0.0826,0.0795,8.237,0.0772,0.9846,1.2
"1","cat_elig >   0.5 & expedited_i >   0.5 & medical_deductions <= 137.0","ranger",5951,0.94051,0.93527,2956,2774,0.9384,0.1248,0.1318,12.284,0.0772,0.9846,1.2
"1","rawben_rel_max <   0.54 & shelter_expenses_by_hh_size < 874.00 & utilities < 559.00","xgboost",12136,0.93894,0.93527,5986,5598,0.9352,0.2518,0.1787,24.876,0.0772,0.9846,1.2
"1","months_since_cert_n >   13.500 & rawben_rel_max <=    0.545 & total_deductions_by_hh_size <= 1200.000","ranger",4075,0.9416,0.93525,2004,1877,0.9366,0.0844,0.0542,8.328,0.0772,0.9846,1.2
"1","cat_elig > 0.500 & expedited_i > 0.500 & months_since_cert_n > 4.500 & rawben_rel_max > 0.991","ranger",1810,0.94475,0.93524,976,914,0.9365,0.0411,0.0509,4.056,0.0772,0.9846,1.2
"1","cat_elig >=   1.000 & unc_rawben_rel_max >=   0.852 & utilities >= 992.000","xgboost",759,0.94993,0.93524,789,757,0.9594,0.0341,0.0221,3.279,0.0772,0.9846,1.2
"1","elderly_disabled_i >   0.5 & shelter_expenses_by_hh_size >  49.5 & total_deductions_by_hh_size <= 328.0","ranger",11431,0.93903,0.93524,5805,5457,0.9401,0.2455,0.152,24.124,0.0772,0.9846,1.2
"1","rawben_rel_max <= 0.991 & unc_rawben_rel_max <= 0.421","ranger",13703,0.9387,0.93524,6700,6278,0.937,0.2824,0.2052,27.844,0.0772,0.9846,1.2
"1","cat_elig > 0.5 & children_i <= 0.5 & elderly_disabled_i <= 0.5","ranger",12733,0.93882,0.93523,6615,6225,0.941,0.2801,0.2813,27.49,0.0772,0.9846,1.2
"1","expedited_i <    1 & shelter_expenses_by_hh_size < 1640 & utilities >=  493 & utilities <  503","xgboost",1120,0.94732,0.93522,105,95,0.9048,0.0043,0.0047,0.436,0.0772,0.9846,1.2
"1","rawben_rel_max >=  0.3300 & total_deductions_by_hh_size >=  4.4000 & total_deductions_by_hh_size < 14.0000 & unc_rawben_rel_max >= -0.0344","xgboost",155,0.96774,0.93522,68,63,0.9265,0.0028,0.0019,0.283,0.0772,0.9846,1.2
"1","shelter_expenses_by_hh_size >   5.5 & shelter_expenses_by_hh_size <= 254.0 & total_deductions_by_hh_size <=   2.5 & unc_rawben_rel_max >  -4.1","ranger",776,0.94974,0.93521,422,400,0.9479,0.018,0.0085,1.754,0.0772,0.9846,1.2
"1","cat_elig <   2 & months_since_cert_n >=   8 & total_deductions_by_hh_size < 466 & utilities < 585","xgboost",7693,0.93982,0.9352,5052,4716,0.9335,0.2122,0.173,20.995,0.0772,0.9846,1.2
"1","cat_elig >=    2.00 & rawben_rel_max >=    0.46 & shelter_expenses_by_hh_size < 1800.00 & utilities <   49.00","xgboost",4590,0.94118,0.9352,404,390,0.9653,0.0175,0.0085,1.679,0.0772,0.9846,1.2
"1","elderly_disabled_i <=  0.500 & expedited_i >  0.500 & shelter_expenses_by_hh_size > 34.500 & unc_rawben_rel_max >  0.802","ranger",1525,0.94557,0.9352,747,705,0.9438,0.0317,0.0363,3.104,0.0772,0.9846,1.2
"1","rawben_rel_max <    0.232 & shelter_expenses_by_hh_size < 1670.000 & total_deductions_by_hh_size >=  365.000","xgboost",1859,0.94459,0.9352,861,807,0.9373,0.0363,0.0375,3.578,0.0772,0.9846,1.2
"1","rawben_rel_max >=   0.084 & total_deductions_by_hh_size < 478.000 & unc_rawben_rel_max <   1.240","xgboost",24007,0.93781,0.9352,12472,11753,0.9424,0.5287,0.3506,51.831,0.0772,0.9846,1.2
"1","cat_elig >  0.500 & months_since_cert_n <=  5.500 & rawben_rel_max >  0.991 & shelter_expenses_by_hh_size > 14.500","ranger",4444,0.94127,0.93519,2212,2091,0.9453,0.0941,0.092,9.193,0.0772,0.9846,1.2
"1","children_i <= 0.500 & medical_deductions <= 3.500 & rawben_rel_max <= 0.436 & shelter_expenses_by_hh_size > 5.500","ranger",10707,0.93911,0.93519,5302,4980,0.9393,0.224,0.1553,22.034,0.0772,0.9846,1.2
"1","months_since_cert_n >=   7.00 & percent_abawd <   0.50 & total_deductions_by_hh_size < 445.00 & unc_rawben_rel_max <   1.46","xgboost",11231,0.93901,0.93519,5702,5355,0.9391,0.2409,0.1616,23.696,0.0772,0.9846,1.2
"1","percent_abawd <   1 & total_deductions_by_hh_size < 527","xgboost",27781,0.93762,0.93519,13828,13001,0.9402,0.5849,0.4136,57.466,0.0772,0.9846,1.2
"1","cat_elig > 0.500 & elderly_disabled_i <= 0.500 & months_since_cert_n > 5.500 & rawben_rel_max > 0.823","ranger",3240,0.94228,0.93517,1741,1627,0.9345,0.0732,0.0969,7.235,0.0772,0.9846,1.2
"1","children_i <= 0.5 & elderly_disabled_i <= 0.5 & homeless <= 0.5","ranger",11610,0.93893,0.93517,6138,5770,0.94,0.2596,0.2598,25.508,0.0772,0.9846,1.2
"1","unc_rawben_rel_max >=   1.25 & unc_rawben_rel_max <   2.52 & utilities >= 424.00","xgboost",3940,0.94162,0.93517,2024,1910,0.9437,0.0859,0.0861,8.411,0.0772,0.9846,1.2
"1","cat_elig <   1.000 & rawben_rel_max <   0.084 & total_deductions_by_hh_size < 842.000 & unc_rawben_rel_max >=   0.000","xgboost",134,0.97015,0.93516,76,76,1,0.0034,0,0.316,0.0772,0.9846,1.2
"1","cat_elig >=   1.000 & rawben_rel_max <   0.240 & total_deductions_by_hh_size >= 228.000 & unc_rawben_rel_max >=  -0.495","xgboost",2519,0.94323,0.93516,1181,1109,0.939,0.0499,0.0442,4.908,0.0772,0.9846,1.2
"1","elderly_disabled_i >=   1 & months_since_cert_n >=   2 & total_deductions_by_hh_size >= 710 & utilities >= 875","xgboost",1524,0.94554,0.93516,1144,1080,0.9441,0.0486,0.0375,4.754,0.0772,0.9846,1.2
"1","months_since_cert_n <   1.00 & rawben_rel_max <   0.08 & utilities < 875.00","xgboost",134,0.97015,0.93516,0,0,NA,0,0,0,0.0772,0.9846,1.2
"1","medical_deductions < 220.0 & months_since_cert_n >=   3.0 & unc_rawben_rel_max >=   1.2","xgboost",9681,0.93926,0.93515,5077,4763,0.9382,0.2143,0.2442,21.099,0.0772,0.9846,1.2
"1","total_deductions_by_hh_size >=  30.00 & unc_rawben_rel_max >=   1.01 & utilities >= 361.00","xgboost",7047,0.93997,0.93515,3706,3483,0.9398,0.1567,0.1651,15.401,0.0772,0.9846,1.2
"1","cat_elig >= 1.000 & months_since_cert_n < 7.000 & percent_abawd < 1.000 & rawben_rel_max >= 0.838","xgboost",9282,0.93934,0.93514,4734,4444,0.9387,0.1999,0.1939,19.673,0.0772,0.9846,1.2
"1","homeless <   1 & utilities >= 875","xgboost",2551,0.94316,0.93514,1720,1613,0.9378,0.0726,0.0636,7.148,0.0772,0.9846,1.2
"1","months_since_cert_n <=  5.500 & rawben_rel_max <=  0.351 & unc_rawben_rel_max > -2.590 & unc_rawben_rel_max <=  1.020","ranger",4780,0.941,0.93514,2246,2115,0.9417,0.0952,0.067,9.334,0.0772,0.9846,1.2
"1","rawben_rel_max <   0.188 & shelter_expenses_by_hh_size >= 748.000 & shelter_expenses_by_hh_size < 880.000 & unc_rawben_rel_max <   1.290","xgboost",723,0.95021,0.93514,358,346,0.9665,0.0156,0.0081,1.488,0.0772,0.9846,1.2
"1","cat_elig >= 2.00 & expedited_i >= 1.00 & rawben_rel_max >= 0.24","xgboost",2501,0.94322,0.93512,199,189,0.9497,0.0085,0.0061,0.827,0.0772,0.9846,1.2
"1","elderly_disabled_i <=  0.500 & rawben_rel_max >  0.087 & total_deductions_by_hh_size > 56.700 & unc_rawben_rel_max >  0.993","ranger",4277,0.94131,0.93512,2148,2023,0.9418,0.091,0.1026,8.927,0.0772,0.9846,1.2
"1","homeless <=   0.500 & rawben_rel_max >   0.991 & total_deductions_by_hh_size >  47.900 & utilities > 360.000","ranger",6931,0.93998,0.93511,3670,3446,0.939,0.155,0.1642,15.252,0.0772,0.9846,1.2
"1","medical_deductions <= 122.000 & months_since_cert_n <=   7.500 & rawben_rel_max >   0.991 & shelter_expenses_by_hh_size >  16.500","ranger",5599,0.94053,0.93511,2897,2729,0.942,0.1228,0.1259,12.039,0.0772,0.9846,1.2
"1","children_i <= 0.5 & elderly_disabled_i > 0.5 & expedited_i > 0.5 & total_deductions_by_hh_size <= 5.0","ranger",439,0.95444,0.9351,219,216,0.9863,0.0097,0.0012,0.91,0.0772,0.9846,1.2
"1","total_deductions_by_hh_size >    7.600 & unc_rawben_rel_max <=    0.268 & utilities <= 1050.000","ranger",6257,0.94023,0.9351,2893,2711,0.9371,0.122,0.1047,12.023,0.0772,0.9846,1.2
"1","cat_elig <= 0.500 & elderly_disabled_i > 0.500 & medical_deductions > 4.500 & rawben_rel_max <= 0.201","ranger",175,0.96571,0.93508,75,74,0.9867,0.0033,3e-04,0.312,0.0772,0.9846,1.2
"1","elderly_disabled_i <=  0.500 & expedited_i >  0.500 & rawben_rel_max >  0.991 & utilities > 14.500","ranger",1253,0.94653,0.93508,627,594,0.9474,0.0267,0.0283,2.606,0.0772,0.9846,1.2
"1","count_divisible_by_100 <  1.000 & medical_deductions < 93.000 & rawben_rel_max >=  0.664 & unc_rawben_rel_max <  1.670","xgboost",21614,0.93782,0.93506,11306,10638,0.9409,0.4786,0.3984,46.985,0.0772,0.9846,1.2
"1","rawben_rel_max >= 0.869 & unc_rawben_rel_max >= 0.800","xgboost",21692,0.93781,0.93506,11381,10669,0.9374,0.48,0.4893,47.297,0.0772,0.9846,1.2
"1","shelter_expenses_by_hh_size >= 996 & total_deductions_by_hh_size < 523","xgboost",722,0.95014,0.93505,390,372,0.9538,0.0167,0.0089,1.621,0.0772,0.9846,1.2
"1","rawben_rel_max <= 0.268 & total_deductions_by_hh_size > 8.800","ranger",6235,0.94018,0.93504,2914,2733,0.9379,0.123,0.1046,12.11,0.0772,0.9846,1.2
"1","unc_rawben_rel_max >=   0.918 & unc_rawben_rel_max <   1.900 & utilities >= 415.000","xgboost",6937,0.93989,0.93502,3732,3514,0.9416,0.1581,0.141,15.509,0.0772,0.9846,1.2
"1","children_i <= 0.5 & expedited_i <= 0.5 & homeless <= 0.5 & utilities <= 8.0","ranger",8595,0.93938,0.93501,4694,4425,0.9427,0.1991,0.1638,19.507,0.0772,0.9846,1.2
"1","elderly_disabled_i <= 0.50 & homeless > 0.50 & married <= 0.50 & percent_abawd > 0.25","ranger",860,0.94884,0.93501,560,542,0.9679,0.0244,0.0139,2.327,0.0772,0.9846,1.2
"1","elderly_disabled_i >   0.500 & rawben_rel_max >   0.305 & total_deductions_by_hh_size <=   8.900 & utilities <= 130.000","ranger",1620,0.94506,0.93499,915,878,0.9596,0.0395,0.0215,3.803,0.0772,0.9846,1.2
"1","medical_deductions <   10.000 & months_since_cert_n >=   32.000 & rawben_rel_max <    0.464 & shelter_expenses_by_hh_size < 1220.000","xgboost",291,0.95876,0.93499,103,98,0.9515,0.0044,0.0018,0.428,0.0772,0.9846,1.2
"1","rawben_rel_max <    0.481 & shelter_expenses_by_hh_size < 1390.000 & total_deductions_by_hh_size <  430.000 & unc_rawben_rel_max >=   -0.304","xgboost",10753,0.9389,0.93499,5396,5056,0.937,0.2275,0.1544,22.424,0.0772,0.9846,1.2
"1","shelter_expenses_by_hh_size > 853.000 & unc_rawben_rel_max >   0.991 & utilities >  50.500","ranger",5332,0.94055,0.93499,2953,2759,0.9343,0.1241,0.1415,12.272,0.0772,0.9846,1.2
"1","cat_elig <    2.000 & rawben_rel_max >=    0.992 & shelter_expenses_by_hh_size >= 1360.000 & total_deductions_by_hh_size >=  650.000","xgboost",928,0.94828,0.93496,762,714,0.937,0.0321,0.0372,3.167,0.0772,0.9846,1.2
"1","medical_deductions <= 3.50 & months_since_cert_n <= 5.50 & percent_abawd <= 1.50 & unc_rawben_rel_max <= 1.93","ranger",21094,0.93775,0.93496,10703,10091,0.9428,0.454,0.3431,44.479,0.0772,0.9846,1.2
"1","cat_elig > 0.5 & children_i <= 0.5 & expedited_i > 0.5","ranger",5937,0.94021,0.93494,2952,2767,0.9373,0.1245,0.1316,12.268,0.0772,0.9846,1.2
"1","married <=   0.5 & medical_deductions <= 200.0 & total_deductions_by_hh_size <= 160.0 & utilities >  14.5","ranger",5392,0.94047,0.93494,2688,2509,0.9334,0.1129,0.0856,11.171,0.0772,0.9846,1.2
"1","months_since_cert_n >=    2 & shelter_expenses_by_hh_size < 1230 & total_deductions_by_hh_size >=  650 & utilities >=  688","xgboost",2083,0.94383,0.93494,924,864,0.9351,0.0389,0.0339,3.84,0.0772,0.9846,1.2
"1","months_since_cert_n >=   3 & total_deductions_by_hh_size < 511 & utilities < 376","xgboost",15217,0.93823,0.93494,7637,7192,0.9417,0.3236,0.2503,31.738,0.0772,0.9846,1.2
"1","elderly_disabled_i < 1.0 & medical_deductions < 5.0 & percent_abawd >= 0.5 & unc_rawben_rel_max >= 0.0","xgboost",4732,0.94083,0.93493,2601,2466,0.9481,0.1109,0.095,10.809,0.0772,0.9846,1.2
"1","medical_deductions <  170.000 & rawben_rel_max <    0.476 & shelter_expenses_by_hh_size < 1530.000","xgboost",14214,0.9383,0.9349,7035,6590,0.9367,0.2965,0.2105,29.236,0.0772,0.9846,1.2
"1","months_since_cert_n <    5.000 & shelter_expenses_by_hh_size < 1110.000 & unc_rawben_rel_max >=   -0.639","xgboost",16578,0.93805,0.9349,8325,7860,0.9441,0.3536,0.2488,34.597,0.0772,0.9846,1.2
"1","shelter_expenses_by_hh_size >  14 & total_deductions_by_hh_size <= 257","ranger",10453,0.93887,0.9349,5390,5060,0.9388,0.2276,0.154,22.4,0.0772,0.9846,1.2
"1","children_i >   0.5 & elderly_disabled_i <=   0.5 & total_deductions_by_hh_size > 728.0 & utilities > 474.0","ranger",66,0.98485,0.93489,32,30,0.9375,0.0013,9e-04,0.133,0.0772,0.9846,1.2
"1","months_since_cert_n < 33.000 & rawben_rel_max <  0.357 & utilities >= 76.000","xgboost",7354,0.93962,0.93489,3569,3350,0.9386,0.1507,0.1064,14.832,0.0772,0.9846,1.2
"1","total_deductions_by_hh_size < 650.000 & unc_rawben_rel_max <   0.412 & utilities >= 493.000","xgboost",2295,0.94336,0.93488,1147,1069,0.932,0.0481,0.041,4.767,0.0772,0.9846,1.2
"1","months_since_cert_n > 36.50 & percent_abawd <=  0.25 & unc_rawben_rel_max <=  1.00","ranger",112,0.97321,0.93486,55,50,0.9091,0.0022,0.0031,0.229,0.0772,0.9846,1.2
"1","months_since_cert_n >=   4 & utilities >= 875","xgboost",1998,0.94394,0.93486,1375,1285,0.9345,0.0578,0.0549,5.714,0.0772,0.9846,1.2
"1","months_since_cert_n >=   5.000 & rawben_rel_max <   0.485 & shelter_expenses_by_hh_size < 603.000 & unc_rawben_rel_max >=  -0.016","xgboost",4598,0.94084,0.93486,2398,2232,0.9308,0.1004,0.0714,9.966,0.0772,0.9846,1.2
"1","rawben_rel_max <   0.364 & shelter_expenses_by_hh_size >= 351.000","xgboost",8702,0.93921,0.93486,4243,3974,0.9366,0.1788,0.1284,17.633,0.0772,0.9846,1.2
"1","count_divisible_by_100 < 1.000 & months_since_cert_n < 6.000 & rawben_rel_max >= 0.544","xgboost",15315,0.9381,0.93482,7864,7404,0.9415,0.3331,0.2727,32.681,0.0772,0.9846,1.2
"1","homeless >= 1.00 & percent_abawd >= 0.50 & rawben_rel_max >= 0.54 & unc_rawben_rel_max < 1.29","xgboost",702,0.95014,0.93482,451,439,0.9734,0.0197,0.0099,1.874,0.0772,0.9846,1.2
"1","months_since_cert_n >  5.50 & unc_rawben_rel_max <=  1.46 & utilities <= 30.50","ranger",5668,0.94019,0.9348,2975,2799,0.9408,0.1259,0.1148,12.363,0.0772,0.9846,1.2
"1","cat_elig >= 1.000 & elderly_disabled_i >= 1.000 & rawben_rel_max < 0.524","xgboost",13577,0.93828,0.93479,6740,6299,0.9346,0.2834,0.1879,28.01,0.0772,0.9846,1.2
"1","count_divisible_by_100 <   1.000 & rawben_rel_max >=   0.172 & shelter_expenses_by_hh_size >= 963.000 & unc_rawben_rel_max >=   1.010","xgboost",4400,0.94091,0.93479,2474,2321,0.9382,0.1044,0.1153,10.281,0.0772,0.9846,1.2
"1","expedited_i <=   0.5 & homeless <=   0.5 & medical_deductions <= 152.0 & utilities <=  14.5","ranger",8660,0.93915,0.93478,4714,4446,0.9431,0.2,0.1647,19.59,0.0772,0.9846,1.2
"1","cat_elig > 0.5 & children_i <= 0.5 & expedited_i <= 0.5 & utilities <= 8.0","ranger",9054,0.93903,0.93476,4853,4577,0.9431,0.2059,0.1711,20.168,0.0772,0.9846,1.2
"1","cat_elig >=   2.000 & rawben_rel_max <   0.515 & shelter_expenses_by_hh_size < 631.000 & utilities >= 361.000","xgboost",684,0.95029,0.93476,75,71,0.9467,0.0032,0.0016,0.312,0.0772,0.9846,1.2
"1","homeless >=   1 & medical_deductions < 104 & months_since_cert_n <   6 & utilities >= 475","xgboost",233,0.96137,0.93476,100,94,0.94,0.0042,0.0045,0.416,0.0772,0.9846,1.2
"1","cat_elig >=   2.00 & months_since_cert_n <  23.00 & rawben_rel_max >=   0.79 & utilities < 583.00","xgboost",5808,0.94008,0.93475,534,514,0.9625,0.0231,0.0123,2.219,0.0772,0.9846,1.2
"1","months_since_cert_n <    6 & shelter_expenses_by_hh_size < 1070 & utilities <  757","xgboost",18625,0.93772,0.93474,9336,8806,0.9432,0.3962,0.2844,38.798,0.0772,0.9846,1.2
"1","shelter_expenses_by_hh_size >= 697 & total_deductions_by_hh_size < 393 & utilities >=  57","xgboost",2617,0.94268,0.93474,1361,1286,0.9449,0.0579,0.0315,5.656,0.0772,0.9846,1.2
"1","children_i <=  0.500 & rawben_rel_max >  0.943 & total_deductions_by_hh_size > 17.800 & total_deductions_by_hh_size <= 53.600","ranger",508,0.95276,0.93473,260,251,0.9654,0.0113,0.007,1.08,0.0772,0.9846,1.2
"1","count_divisible_by_100 <= 1.5 & married <= 0.5 & months_since_cert_n > 4.5 & utilities <= 5.0","ranger",6763,0.93967,0.93473,3531,3319,0.94,0.1493,0.1372,14.674,0.0772,0.9846,1.2
"1","elderly_disabled_i >   0.500 & homeless <=   0.500 & medical_deductions > 192.000 & rawben_rel_max <=   0.287","ranger",271,0.95941,0.93473,120,116,0.9667,0.0052,0.0014,0.499,0.0772,0.9846,1.2
"1","homeless <=   0.5 & medical_deductions <=   0.5 & total_deductions_by_hh_size <= 218.0 & utilities >  12.5","ranger",6269,0.93986,0.93473,3205,3002,0.9367,0.1351,0.0954,13.319,0.0772,0.9846,1.2
"1","count_divisible_by_100 <    1 & months_since_cert_n <    3 & shelter_expenses_by_hh_size < 1440 & total_deductions_by_hh_size <  888","xgboost",10251,0.93874,0.93472,5171,4880,0.9437,0.2195,0.1545,21.489,0.0772,0.9846,1.2
"1","months_since_cert_n >=   7 & shelter_expenses_by_hh_size < 652 & total_deductions_by_hh_size < 182 & utilities >= 488","xgboost",252,0.96032,0.93472,111,97,0.8739,0.0044,0.007,0.461,0.0772,0.9846,1.2
"1","children_i <=   0.500 & expedited_i <=   0.500 & rawben_rel_max <=   0.998 & total_deductions_by_hh_size <= 327.000","ranger",13371,0.93822,0.93471,6809,6401,0.9401,0.288,0.183,28.297,0.0772,0.9846,1.2
"1","medical_deductions >= 110.000 & rawben_rel_max >=   0.164 & rawben_rel_max <   0.268 & utilities < 703.000","xgboost",174,0.96552,0.93471,85,81,0.9529,0.0036,0.0015,0.353,0.0772,0.9846,1.2
"1","months_since_cert_n >=  2 & total_deductions_by_hh_size < 92 & utilities >= 38","xgboost",2844,0.94233,0.93471,1534,1428,0.9309,0.0642,0.0472,6.375,0.0772,0.9846,1.2
"1","percent_abawd >=    0.5 & shelter_expenses_by_hh_size < 1210.0 & utilities <  496.0","xgboost",4057,0.94109,0.93471,2240,2137,0.954,0.0961,0.0725,9.309,0.0772,0.9846,1.2
"1","shelter_expenses_by_hh_size >= 693 & total_deductions_by_hh_size < 372 & utilities < 912","xgboost",2567,0.94273,0.93471,1315,1246,0.9475,0.0561,0.03,5.465,0.0772,0.9846,1.2
"1","cat_elig <=   0.500 & medical_deductions <= 112.000 & rawben_rel_max >   0.994 & utilities >  39.500","ranger",490,0.95306,0.9347,253,242,0.9565,0.0109,0.0088,1.051,0.0772,0.9846,1.2
"1","homeless <    1 & months_since_cert_n >=    3 & shelter_expenses_by_hh_size < 1390 & utilities >=  688","xgboost",4201,0.94097,0.9347,2062,1915,0.9287,0.0862,0.0821,8.569,0.0772,0.9846,1.2
"1","months_since_cert_n <   3 & utilities >= 750 & utilities < 852","xgboost",382,0.9555,0.9347,152,141,0.9276,0.0063,0.0051,0.632,0.0772,0.9846,1.2
"1","percent_abawd <   0.50 & unc_rawben_rel_max <   1.24 & utilities < 318.00","xgboost",15883,0.93792,0.9347,7749,7299,0.9419,0.3284,0.2463,32.203,0.0772,0.9846,1.2
"1","cat_elig <= 0.500 & rawben_rel_max > 0.991 & shelter_expenses_by_hh_size > 5.500","ranger",631,0.95087,0.93469,330,316,0.9576,0.0142,0.0106,1.371,0.0772,0.9846,1.2
"1","cat_elig <  2.000 & unc_rawben_rel_max < -0.639","xgboost",454,0.95374,0.93467,341,323,0.9472,0.0145,0.0173,1.417,0.0772,0.9846,1.2
"1","medical_deductions <= 614.000 & rawben_rel_max <=   0.577 & utilities <=  30.500","ranger",4167,0.94096,0.93467,2113,1990,0.9418,0.0895,0.0627,8.781,0.0772,0.9846,1.2
"1","elderly_disabled_i >  0.5000 & rawben_rel_max <=  0.3010 & unc_rawben_rel_max > -0.0295","ranger",6087,0.93987,0.93466,2985,2806,0.94,0.1262,0.0806,12.405,0.0772,0.9846,1.2
"1","cat_elig > 1.500 & count_divisible_by_100 <= 0.500 & unc_rawben_rel_max <= 0.311 & utilities > 8.000","ranger",2515,0.94274,0.93464,173,165,0.9538,0.0074,0.0041,0.719,0.0772,0.9846,1.2
"1","medical_deductions <   4 & total_deductions_by_hh_size >= 209 & utilities >= 493 & utilities < 534","xgboost",1727,0.94441,0.93463,660,615,0.9318,0.0277,0.0254,2.743,0.0772,0.9846,1.2
"1","rawben_rel_max >=   0.664 & total_deductions_by_hh_size < 657.000","xgboost",18489,0.93758,0.93459,9877,9270,0.9385,0.417,0.3851,41.046,0.0772,0.9846,1.2
"1","shelter_expenses_by_hh_size >= 601.000 & total_deductions_by_hh_size < 452.000 & unc_rawben_rel_max <   0.918 & utilities >= 415.000","xgboost",4162,0.94089,0.93459,1886,1780,0.9438,0.0801,0.0445,7.838,0.0772,0.9846,1.2
"1","cat_elig <=   0.5 & count_divisible_by_100 <=   0.5 & months_since_cert_n >  11.5 & shelter_expenses_by_hh_size <= 608.0","ranger",363,0.95592,0.93457,198,185,0.9343,0.0083,0.0073,0.823,0.0772,0.9846,1.2
"1","cat_elig >=  2.0000 & medical_deductions <  4.0000 & months_since_cert_n < 14.0000 & unc_rawben_rel_max <  0.0378","xgboost",1041,0.94717,0.93456,53,52,0.9811,0.0023,0.001,0.22,0.0772,0.9846,1.2
"1","shelter_expenses_by_hh_size >= 730 & total_deductions_by_hh_size >= 426 & total_deductions_by_hh_size < 786 & utilities >= 643","xgboost",4160,0.94087,0.93456,2118,1977,0.9334,0.0889,0.0775,8.802,0.0772,0.9846,1.2
"1","elderly_disabled_i <= 0.5 & homeless > 0.5 & months_since_cert_n > 5.5","ranger",871,0.94834,0.93455,406,389,0.9581,0.0175,0.0141,1.687,0.0772,0.9846,1.2
"1","cat_elig >   0.5 & months_since_cert_n <=  10.5 & shelter_expenses_by_hh_size >   7.5 & total_deductions_by_hh_size <= 170.0","ranger",4656,0.94051,0.93454,2357,2209,0.9372,0.0994,0.0745,9.795,0.0772,0.9846,1.2
"1","expedited_i >   0.500 & medical_deductions <= 132.000 & months_since_cert_n >   4.500 & unc_rawben_rel_max >   0.871","ranger",2184,0.94322,0.93452,1200,1113,0.9275,0.0501,0.0682,4.987,0.0772,0.9846,1.2
"1","homeless <=    0.5 & months_since_cert_n >    5.5 & shelter_expenses_by_hh_size <= 2450.0 & utilities >  850.0","ranger",2053,0.9435,0.93452,1443,1347,0.9335,0.0606,0.0609,5.997,0.0772,0.9846,1.2
"1","months_since_cert_n <   3.000 & percent_abawd >=   0.500 & rawben_rel_max >=   0.688 & shelter_expenses_by_hh_size >= 793.000","xgboost",326,0.95706,0.93452,152,139,0.9145,0.0063,0.0082,0.632,0.0772,0.9846,1.2
"1","months_since_cert_n >=   8.000 & rawben_rel_max <   0.688 & shelter_expenses_by_hh_size < 297.000 & utilities < 361.000","xgboost",1376,0.94549,0.93452,663,632,0.9532,0.0284,0.0161,2.755,0.0772,0.9846,1.2
"1","count_divisible_by_100 <=  0.5 & elderly_disabled_i >  0.5 & expedited_i >  0.5 & shelter_expenses_by_hh_size <= 32.5","ranger",417,0.95444,0.93451,196,189,0.9643,0.0085,0.0052,0.815,0.0772,0.9846,1.2
"1","elderly_disabled_i >  0.5 & expedited_i >  0.5 & shelter_expenses_by_hh_size <= 13.0 & total_deductions_by_hh_size <= 81.4","ranger",399,0.95489,0.93451,188,185,0.984,0.0083,0.002,0.781,0.0772,0.9846,1.2
"1","count_divisible_by_100 <=  1.500 & shelter_expenses_by_hh_size <=  5.500 & total_deductions_by_hh_size <= 80.200 & unc_rawben_rel_max <=  0.971","ranger",1492,0.94504,0.9345,693,668,0.9639,0.0301,0.0136,2.88,0.0772,0.9846,1.2
"1","percent_abawd <   0.50 & unc_rawben_rel_max >=   0.12 & utilities >= 875.00","xgboost",2363,0.94287,0.9345,1613,1516,0.9399,0.0682,0.0559,6.703,0.0772,0.9846,1.2
"1","expedited_i >=   1.000 & rawben_rel_max >=   0.992 & total_deductions_by_hh_size >= 687.000 & total_deductions_by_hh_size < 879.000","xgboost",270,0.95926,0.93449,150,138,0.92,0.0062,0.0074,0.623,0.0772,0.9846,1.2
"1","months_since_cert_n <    9.00 & shelter_expenses_by_hh_size < 1000.00 & total_deductions_by_hh_size <  855.00 & unc_rawben_rel_max <    2.52","xgboost",23795,0.93713,0.93449,11859,11177,0.9425,0.5028,0.3711,49.283,0.0772,0.9846,1.2
"1","elderly_disabled_i <=  0.5 & homeless >  0.5 & months_since_cert_n >  5.5 & months_since_cert_n <= 32.5","ranger",870,0.94828,0.93448,405,388,0.958,0.0175,0.0141,1.683,0.0772,0.9846,1.2
"1","medical_deductions < 565.000 & rawben_rel_max <   0.084 & unc_rawben_rel_max >=  -0.096","xgboost",1904,0.9438,0.93447,928,871,0.9386,0.0392,0.0371,3.857,0.0772,0.9846,1.2
"1","count_divisible_by_100 <=  1.5 & total_deductions_by_hh_size > 12.2 & total_deductions_by_hh_size <= 56.6","ranger",1408,0.94531,0.93446,776,725,0.9343,0.0326,0.0269,3.225,0.0772,0.9846,1.2
"1","cat_elig <    2 & shelter_expenses_by_hh_size < 2090 & utilities >=  670 & utilities < 1010","xgboost",4793,0.94033,0.93445,3090,2842,0.9197,0.1279,0.136,12.841,0.0772,0.9846,1.2
"1","rawben_rel_max >=   0.188 & rawben_rel_max <   0.320 & shelter_expenses_by_hh_size < 425.000","xgboost",1985,0.94358,0.93444,1130,1059,0.9372,0.0476,0.0297,4.696,0.0772,0.9846,1.2
"1","months_since_cert_n <    9 & shelter_expenses_by_hh_size < 1800 & total_deductions_by_hh_size >=  591 & utilities >=  875","xgboost",1207,0.94615,0.93443,841,790,0.9394,0.0355,0.03,3.495,0.0772,0.9846,1.2
"1","shelter_expenses_by_hh_size >= 1100.000 & total_deductions_by_hh_size <  679.000 & unc_rawben_rel_max <    0.412","xgboost",801,0.94881,0.93443,432,406,0.9398,0.0183,0.0136,1.795,0.0772,0.9846,1.2
"1","months_since_cert_n >=   5.00 & months_since_cert_n <  19.00 & shelter_expenses_by_hh_size < 484.00 & unc_rawben_rel_max <  -0.44","xgboost",193,0.96373,0.93442,83,79,0.9518,0.0036,0.0038,0.345,0.0772,0.9846,1.2
"1","count_divisible_by_100 > 0.500 & elderly_disabled_i > 0.500 & expedited_i <= 0.500 & rawben_rel_max <= 0.331","ranger",307,0.95765,0.93441,146,139,0.9521,0.0063,0.0038,0.607,0.0772,0.9846,1.2
"1","medical_deductions <= 3.500 & rawben_rel_max <= 0.436 & shelter_expenses_by_hh_size > 5.500","ranger",10752,0.93834,0.93441,5338,5004,0.9374,0.2251,0.1621,22.183,0.0772,0.9846,1.2
"1","expedited_i <= 0.500 & rawben_rel_max <= 0.991 & unc_rawben_rel_max <= 0.477","ranger",14794,0.93775,0.9344,7325,6855,0.9358,0.3084,0.2142,30.441,0.0772,0.9846,1.2
"1","count_divisible_by_100 <   1.00 & rawben_rel_max <   0.46 & shelter_expenses_by_hh_size < 205.00 & utilities < 366.00","xgboost",1803,0.94398,0.93439,870,824,0.9471,0.0371,0.029,3.616,0.0772,0.9846,1.2
"1","homeless >=   1.000 & rawben_rel_max <   0.364 & total_deductions_by_hh_size < 597.000","xgboost",362,0.9558,0.93439,171,153,0.8947,0.0069,0.0128,0.711,0.0772,0.9846,1.2
"1","elderly_disabled_i >=   1.000 & medical_deductions < 201.000 & rawben_rel_max >=   0.124 & rawben_rel_max <   0.384","xgboost",6188,0.93956,0.93438,3150,2938,0.9327,0.1322,0.0861,13.091,0.0772,0.9846,1.2
"1","medical_deductions >=  135.000 & rawben_rel_max <    0.471 & total_deductions_by_hh_size < 1450.000","xgboost",1671,0.94434,0.93438,593,544,0.9174,0.0245,0.0177,2.464,0.0772,0.9846,1.2
"1","shelter_expenses_by_hh_size < 1000.00 & total_deductions_by_hh_size <  938.00 & unc_rawben_rel_max <    1.93 & utilities <  367.00","xgboost",22344,0.93707,0.93435,11170,10505,0.9405,0.4726,0.3811,46.42,0.0772,0.9846,1.2
"1","medical_deductions > 210.000 & months_since_cert_n >   7.500 & rawben_rel_max <=   0.265 & utilities > 260.000","ranger",89,0.97753,0.93434,22,21,0.9545,9e-04,4e-04,0.091,0.0772,0.9846,1.2
"1","utilities >= 850 & utilities < 992","xgboost",2601,0.94233,0.93434,1356,1270,0.9366,0.0571,0.0521,5.635,0.0772,0.9846,1.2
"1","homeless >= 1 & percent_abawd >= 1","xgboost",868,0.94816,0.93433,566,547,0.9664,0.0246,0.0149,2.352,0.0772,0.9846,1.2
"1","cat_elig <= 0.5 & children_i <= 0.5 & months_since_cert_n <= 5.5 & utilities > 9.5","ranger",1138,0.9464,0.93432,552,526,0.9529,0.0237,0.0109,2.294,0.0772,0.9846,1.2
"1","unc_rawben_rel_max >= 0.852","xgboost",22116,0.93706,0.93432,11579,10845,0.9366,0.4879,0.5021,48.12,0.0772,0.9846,1.2
"1","cat_elig <  2 & expedited_i >=  1 & months_since_cert_n <  3 & total_deductions_by_hh_size >= 43","xgboost",662,0.95015,0.93431,402,371,0.9229,0.0167,0.0219,1.671,0.0772,0.9846,1.2
"1","cat_elig <=   0.5 & count_divisible_by_100 <=   0.5 & medical_deductions <= 120.0 & months_since_cert_n >   5.5","ranger",1537,0.9447,0.9343,831,794,0.9555,0.0357,0.019,3.453,0.0772,0.9846,1.2
"1","children_i <    1.000 & months_since_cert_n <   13.000 & rawben_rel_max >=    0.704 & shelter_expenses_by_hh_size < 1970.000","xgboost",20711,0.93713,0.9343,10877,10164,0.9344,0.4573,0.4486,45.202,0.0772,0.9846,1.2
"1","elderly_disabled_i <=  0.500 & shelter_expenses_by_hh_size > 20.000 & unc_rawben_rel_max >  0.963","ranger",4574,0.94031,0.93429,2288,2156,0.9423,0.097,0.1078,9.508,0.0772,0.9846,1.2
"1","cat_elig <    2 & shelter_expenses_by_hh_size < 2090 & utilities >=  670","xgboost",5035,0.94002,0.93428,3899,3605,0.9246,0.1622,0.1626,16.203,0.0772,0.9846,1.2
"1","children_i >   0.5 & married >   0.5 & months_since_cert_n <=   7.5 & utilities > 284.0","ranger",111,0.97297,0.93428,48,46,0.9583,0.0021,0.001,0.199,0.0772,0.9846,1.2
"1","months_since_cert_n > 36.500 & unc_rawben_rel_max <=  0.991","ranger",111,0.97297,0.93428,55,50,0.9091,0.0022,0.0031,0.229,0.0772,0.9846,1.2
"1","expedited_i > 0.5 & homeless <= 0.5 & married <= 0.5 & medical_deductions <= 0.5","ranger",5273,0.93988,0.93427,2665,2502,0.9388,0.1126,0.1174,11.075,0.0772,0.9846,1.2
"1","count_divisible_by_100 >  0.500 & unc_rawben_rel_max > -2.380 & unc_rawben_rel_max <=  0.312","ranger",343,0.95627,0.93426,156,145,0.9295,0.0065,0.0083,0.648,0.0772,0.9846,1.2
"1","months_since_cert_n <    1.000 & rawben_rel_max >=    0.672 & shelter_expenses_by_hh_size < 1190.000 & unc_rawben_rel_max <    1.290","xgboost",1503,0.94478,0.93426,754,713,0.9456,0.0321,0.0236,3.133,0.0772,0.9846,1.2
"1","total_deductions_by_hh_size < 1560 & utilities >=  844","xgboost",3707,0.94092,0.93423,2350,2203,0.9374,0.0991,0.0888,9.766,0.0772,0.9846,1.2
"1","elderly_disabled_i <= 0.500 & rawben_rel_max > 0.996 & unc_rawben_rel_max <= 2.060 & utilities > 9.500","ranger",3899,0.94075,0.93422,1954,1843,0.9432,0.0829,0.0923,8.12,0.0772,0.9846,1.2
"1","elderly_disabled_i >  0.50 & rawben_rel_max >  0.58 & total_deductions_by_hh_size <= 54.30 & utilities <= 26.50","ranger",1203,0.94597,0.93421,636,610,0.9591,0.0274,0.0177,2.643,0.0772,0.9846,1.2
"1","cat_elig >  0.5 & children_i <=  0.5 & expedited_i <=  0.5 & utilities <= 29.5","ranger",9400,0.9384,0.9342,5046,4763,0.9439,0.2143,0.176,20.97,0.0772,0.9846,1.2
"1","cat_elig >  0.50 & expedited_i <=  0.50 & unc_rawben_rel_max <=  1.95 & utilities <= 30.50","ranger",9636,0.93836,0.9342,5125,4835,0.9434,0.2175,0.182,21.298,0.0772,0.9846,1.2
"1","cat_elig > 1.5 & homeless > 0.5 & months_since_cert_n > 6.5 & shelter_expenses_by_hh_size <= 5.5","ranger",306,0.95752,0.9342,34,34,1,0.0015,0,0.141,0.0772,0.9846,1.2
"1","elderly_disabled_i >   0.5 & total_deductions_by_hh_size >  12.5 & total_deductions_by_hh_size <= 171.0","ranger",3977,0.94066,0.93419,2067,1921,0.9294,0.0864,0.0728,8.59,0.0772,0.9846,1.2
"1","elderly_disabled_i >  0.5 & months_since_cert_n > 10.5 & shelter_expenses_by_hh_size <= 14.5 & total_deductions_by_hh_size <= 48.0","ranger",678,0.94985,0.93419,343,330,0.9621,0.0148,0.0072,1.425,0.0772,0.9846,1.2
"1","medical_deductions < 164.00 & shelter_expenses_by_hh_size < 788.00 & unc_rawben_rel_max >=   0.12","xgboost",25051,0.93677,0.93419,12705,11931,0.9391,0.5368,0.4207,52.799,0.0772,0.9846,1.2
"1","medical_deductions < 403 & months_since_cert_n <   1 & shelter_expenses_by_hh_size < 916 & utilities < 436","xgboost",2042,0.94319,0.93417,980,932,0.951,0.0419,0.0292,4.073,0.0772,0.9846,1.2
"1","total_deductions_by_hh_size >= 474.00 & unc_rawben_rel_max >=  -0.44 & utilities >= 844.00","xgboost",3656,0.94092,0.93417,2373,2224,0.9372,0.1001,0.0893,9.862,0.0772,0.9846,1.2
"1","cat_elig <   2 & months_since_cert_n <   9 & total_deductions_by_hh_size < 715","xgboost",18022,0.93719,0.93415,12464,11692,0.9381,0.526,0.4284,51.797,0.0772,0.9846,1.2
"1","elderly_disabled_i <=  0.500 & homeless <=  0.500 & total_deductions_by_hh_size > 14.800 & unc_rawben_rel_max >  0.991","ranger",4246,0.94041,0.93415,2157,2030,0.9411,0.0913,0.1034,8.964,0.0772,0.9846,1.2
"1","months_since_cert_n >=   3.000 & rawben_rel_max <   0.568 & shelter_expenses_by_hh_size < 476.000 & utilities < 852.000","xgboost",5168,0.93982,0.93415,2660,2500,0.9398,0.1125,0.0745,11.054,0.0772,0.9846,1.2
"1","cat_elig <=   1.5 & elderly_disabled_i >   0.5 & expedited_i <=   0.5 & shelter_expenses_by_hh_size <= 556.0","ranger",7333,0.93891,0.93414,4363,4082,0.9356,0.1836,0.1381,18.132,0.0772,0.9846,1.2
"1","children_i <  1.0000 & rawben_rel_max <  0.9790 & total_deductions_by_hh_size < 55.0000 & unc_rawben_rel_max >= -0.0344","xgboost",3862,0.9407,0.93414,2053,1922,0.9362,0.0865,0.0583,8.532,0.0772,0.9846,1.2
"1","months_since_cert_n <  25.000 & total_deductions_by_hh_size >= 297.000 & unc_rawben_rel_max <  -0.004","xgboost",1235,0.94575,0.93414,537,505,0.9404,0.0227,0.0274,2.232,0.0772,0.9846,1.2
"1","cat_elig >= 2.000 & percent_abawd >= 0.500 & rawben_rel_max >= 0.533","xgboost",1763,0.94385,0.93413,162,159,0.9815,0.0072,0.0011,0.673,0.0772,0.9846,1.2
"1","months_since_cert_n <    8 & shelter_expenses_by_hh_size < 1030 & utilities >=  600","xgboost",1730,0.94393,0.93412,785,719,0.9159,0.0323,0.0326,3.262,0.0772,0.9846,1.2
"1","months_since_cert_n >= 3.000 & rawben_rel_max >= 0.152 & rawben_rel_max < 0.324","xgboost",3765,0.94077,0.93412,2019,1894,0.9381,0.0852,0.0512,8.39,0.0772,0.9846,1.2
"1","expedited_i <   1 & months_since_cert_n <   2 & utilities < 302","xgboost",2769,0.94186,0.9341,1374,1297,0.944,0.0583,0.0452,5.71,0.0772,0.9846,1.2
"1","medical_deductions <   4 & total_deductions_by_hh_size < 209 & utilities >= 493 & utilities < 534","xgboost",287,0.95819,0.9341,113,100,0.885,0.0045,0.0067,0.47,0.0772,0.9846,1.2
"1","elderly_disabled_i > 0.500 & rawben_rel_max > 0.085 & unc_rawben_rel_max <= 0.312","ranger",5179,0.93976,0.93408,2607,2451,0.9402,0.1103,0.0663,10.834,0.0772,0.9846,1.2
"1","married <= 0.500 & medical_deductions <= 3.500 & rawben_rel_max <= 0.459 & shelter_expenses_by_hh_size > 5.500","ranger",11182,0.93794,0.93408,5600,5244,0.9364,0.2359,0.1697,23.272,0.0772,0.9846,1.2
"1","elderly_disabled_i >    0.500 & rawben_rel_max >    0.991 & total_deductions_by_hh_size >  660.000 & total_deductions_by_hh_size <= 1350.000","ranger",3522,0.94094,0.93406,1905,1788,0.9386,0.0804,0.0761,7.917,0.0772,0.9846,1.2
"1","months_since_cert_n < 27.000 & rawben_rel_max >=  0.835","xgboost",21719,0.93683,0.93406,11453,10723,0.9363,0.4824,0.4981,47.596,0.0772,0.9846,1.2
"1","percent_abawd <= 0.250 & rawben_rel_max > 0.085 & rawben_rel_max <= 0.991 & unc_rawben_rel_max <= 0.268","ranger",4367,0.94023,0.93406,2018,1893,0.9381,0.0852,0.0558,8.386,0.0772,0.9846,1.2
"1","cat_elig >=   1.0 & homeless <   1.0 & percent_abawd >=   0.5 & utilities < 366.0","xgboost",2444,0.94231,0.93405,1326,1251,0.9434,0.0563,0.0557,5.511,0.0772,0.9846,1.2
"1","months_since_cert_n <= 5.500 & rawben_rel_max <= 0.351 & unc_rawben_rel_max <= 1.020","ranger",4796,0.93995,0.93405,2252,2120,0.9414,0.0954,0.0673,9.359,0.0772,0.9846,1.2
"1","elderly_disabled_i <= 0.500 & percent_abawd <= 1.500 & rawben_rel_max > 0.967 & shelter_expenses_by_hh_size > 5.500","ranger",4571,0.94006,0.93402,2274,2143,0.9424,0.0964,0.1069,9.45,0.0772,0.9846,1.2
"1","total_deductions_by_hh_size >= 209 & unc_rawben_rel_max <   0 & utilities >= 494","xgboost",779,0.94865,0.93402,369,349,0.9458,0.0157,0.0149,1.533,0.0772,0.9846,1.2
"1","medical_deductions >= 16.000 & medical_deductions < 99.000 & rawben_rel_max <  0.625","xgboost",268,0.95896,0.93401,107,103,0.9626,0.0046,0.0022,0.445,0.0772,0.9846,1.2
"1","elderly_disabled_i >=  1.000 & rawben_rel_max <  0.304 & unc_rawben_rel_max >= -0.016","xgboost",6026,0.93926,0.934,2948,2771,0.94,0.1247,0.0792,12.251,0.0772,0.9846,1.2
"1","cat_elig <= 1.500 & homeless > 0.500 & rawben_rel_max <= 0.991 & unc_rawben_rel_max <= 0.469","ranger",305,0.95738,0.93399,211,187,0.8863,0.0084,0.0149,0.877,0.0772,0.9846,1.2
"1","elderly_disabled_i >   0.5 & total_deductions_by_hh_size > 486.0 & utilities > 808.0","ranger",3182,0.94123,0.93399,2095,1971,0.9408,0.0887,0.0714,8.706,0.0772,0.9846,1.2
"1","months_since_cert_n >=  21.000 & months_since_cert_n <  30.000 & shelter_expenses_by_hh_size < 205.000 & unc_rawben_rel_max >=  -0.744","xgboost",305,0.95738,0.93399,135,129,0.9556,0.0058,0.0033,0.561,0.0772,0.9846,1.2
"1","elderly_disabled_i <   1.00 & total_deductions_by_hh_size < 386.00 & unc_rawben_rel_max >=   1.46 & utilities >= 287.00","xgboost",152,0.96711,0.93397,73,69,0.9452,0.0031,0.0039,0.303,0.0772,0.9846,1.2
"1","shelter_expenses_by_hh_size >  558 & shelter_expenses_by_hh_size <= 1660 & total_deductions_by_hh_size <=  333","ranger",4773,0.93987,0.93396,2535,2393,0.944,0.1077,0.0622,10.535,0.0772,0.9846,1.2
"1","elderly_disabled_i >  0.5 & expedited_i >  0.5 & total_deductions_by_hh_size <= 10.5","ranger",449,0.95323,0.93395,222,219,0.9865,0.0099,0.0012,0.923,0.0772,0.9846,1.2
"1","cat_elig > 0.50 & elderly_disabled_i <= 0.50 & percent_abawd <= 0.75","ranger",8988,0.93825,0.93394,4528,4257,0.9402,0.1915,0.1932,18.817,0.0772,0.9846,1.2
"1","cat_elig >=    1.00 & shelter_expenses_by_hh_size < 2300.00 & unc_rawben_rel_max <    1.23 & utilities <  313.00","xgboost",15857,0.93719,0.93394,8025,7550,0.9408,0.3397,0.2745,33.35,0.0772,0.9846,1.2
"1","cat_elig <=  1.500 & total_deductions_by_hh_size > 41.500 & unc_rawben_rel_max >  0.991 & utilities > 14.500","ranger",5941,0.93924,0.93393,4215,3928,0.9319,0.1767,0.2153,17.517,0.0772,0.9846,1.2
"1","elderly_disabled_i <= 0.500 & rawben_rel_max > 0.996 & shelter_expenses_by_hh_size > 5.500","ranger",4486,0.94004,0.93393,2249,2118,0.9418,0.0953,0.1068,9.346,0.0772,0.9846,1.2
"1","months_since_cert_n <   7.000 & rawben_rel_max <   0.838 & total_deductions_by_hh_size < 400.000 & utilities >= 361.000","xgboost",2810,0.94164,0.93393,1490,1400,0.9396,0.063,0.0396,6.192,0.0772,0.9846,1.2
"1","rawben_rel_max >=   0.424 & shelter_expenses_by_hh_size >= 992.000 & utilities >= 819.000","xgboost",2922,0.94148,0.93392,2082,1953,0.938,0.0879,0.078,8.652,0.0772,0.9846,1.2
"1","rawben_rel_max <    0.405 & shelter_expenses_by_hh_size >=  400.000 & shelter_expenses_by_hh_size < 1860.000","xgboost",8935,0.93822,0.9339,4304,4036,0.9377,0.1816,0.1267,17.886,0.0772,0.9846,1.2
"1","children_i <   1 & total_deductions_by_hh_size < 692 & utilities >= 688 & utilities < 992","xgboost",2583,0.94193,0.93389,1029,954,0.9271,0.0429,0.0415,4.276,0.0772,0.9846,1.2
"1","rawben_rel_max >=   0.892 & total_deductions_by_hh_size >= 372.000 & unc_rawben_rel_max <   2.520 & utilities >= 452.000","xgboost",7368,0.93865,0.93389,3860,3613,0.936,0.1625,0.1606,16.041,0.0772,0.9846,1.2
"1","medical_deductions < 129.000 & months_since_cert_n <  14.000 & rawben_rel_max <   0.364","xgboost",8057,0.93844,0.93388,3972,3729,0.9388,0.1678,0.1281,16.507,0.0772,0.9846,1.2
"1","cat_elig <   2.000 & rawben_rel_max >=   0.080 & rawben_rel_max <   0.625 & shelter_expenses_by_hh_size < 704.000","xgboost",9150,0.93814,0.93387,5822,5434,0.9334,0.2445,0.1799,24.195,0.0772,0.9846,1.2
"1","expedited_i >=   1.00 & total_deductions_by_hh_size >= 809.00 & unc_rawben_rel_max >=   1.01 & utilities >= 469.00","xgboost",286,0.95804,0.93387,144,139,0.9653,0.0063,0.0036,0.598,0.0772,0.9846,1.2
"1","cat_elig <=   0.500 & medical_deductions <= 136.000 & total_deductions_by_hh_size >  29.900 & unc_rawben_rel_max >   0.991","ranger",623,0.95024,0.93386,323,306,0.9474,0.0138,0.0123,1.342,0.0772,0.9846,1.2
"1","expedited_i > 0.500 & rawben_rel_max > 0.268 & total_deductions_by_hh_size > 8.900 & unc_rawben_rel_max > 0.991","ranger",2227,0.94252,0.93386,1114,1036,0.93,0.0466,0.0614,4.63,0.0772,0.9846,1.2
"1","cat_elig >=   1 & total_deductions_by_hh_size >= 121 & total_deductions_by_hh_size < 256 & utilities >= 298","xgboost",2694,0.94172,0.93384,1468,1384,0.9428,0.0623,0.0392,6.101,0.0772,0.9846,1.2
"1","cat_elig >=  2.000 & rawben_rel_max <  0.351 & unc_rawben_rel_max >= -0.904","xgboost",3478,0.94077,0.93384,232,223,0.9612,0.01,0.0051,0.964,0.0772,0.9846,1.2
"1","rawben_rel_max <   0.616 & shelter_expenses_by_hh_size >= 572.000 & total_deductions_by_hh_size >=   4.400 & total_deductions_by_hh_size < 344.000","xgboost",4479,0.93994,0.93383,2238,2119,0.9468,0.0953,0.051,9.301,0.0772,0.9846,1.2
"1","cat_elig >=   2.000 & medical_deductions < 140.000 & rawben_rel_max >=   0.804","xgboost",7360,0.93859,0.93382,566,546,0.9647,0.0246,0.0118,2.352,0.0772,0.9846,1.2
"1","unc_rawben_rel_max >=    0.918 & unc_rawben_rel_max <    1.900 & utilities >=  415.000 & utilities < 1010.000","xgboost",6481,0.9389,0.93382,3230,3029,0.9378,0.1363,0.1299,13.423,0.0772,0.9846,1.2
"1","cat_elig <=   1.5 & elderly_disabled_i >   0.5 & shelter_expenses_by_hh_size <= 662.0 & unc_rawben_rel_max <=   1.0","ranger",8985,0.93812,0.9338,5422,5066,0.9343,0.2279,0.1563,22.533,0.0772,0.9846,1.2
"1","months_since_cert_n >=   17 & shelter_expenses_by_hh_size < 1970 & total_deductions_by_hh_size >=   59 & total_deductions_by_hh_size <  141","xgboost",448,0.95312,0.9338,236,223,0.9449,0.01,0.0061,0.981,0.0772,0.9846,1.2
"1","percent_abawd <   0.500 & rawben_rel_max >=   0.945 & utilities < 577.000","xgboost",11306,0.93764,0.9338,5748,5382,0.9363,0.2421,0.2624,23.887,0.0772,0.9846,1.2
"1","medical_deductions <   4 & months_since_cert_n <   5 & utilities < 992","xgboost",17971,0.93684,0.93379,8954,8439,0.9425,0.3797,0.2921,37.211,0.0772,0.9846,1.2
"1","cat_elig >=  2.000 & percent_abawd <  0.500 & rawben_rel_max <  0.336 & total_deductions_by_hh_size >= 14.000","xgboost",2418,0.9421,0.93378,150,144,0.96,0.0065,0.0036,0.623,0.0772,0.9846,1.2
"1","months_since_cert_n <  34.00 & unc_rawben_rel_max >=  -0.14 & utilities < 277.00","xgboost",17503,0.93687,0.93378,9090,8557,0.9414,0.385,0.3196,37.776,0.0772,0.9846,1.2
"1","months_since_cert_n < 10.00 & percent_abawd >=  0.50 & unc_rawben_rel_max <  1.29","xgboost",3427,0.94076,0.93378,1896,1799,0.9488,0.0809,0.0641,7.879,0.0772,0.9846,1.2
"1","rawben_rel_max <   0.464 & total_deductions_by_hh_size < 202.000 & unc_rawben_rel_max >=  -0.004","xgboost",5959,0.93908,0.93378,3109,2907,0.935,0.1308,0.0904,12.92,0.0772,0.9846,1.2
"1","months_since_cert_n >=  10 & months_since_cert_n <  31 & total_deductions_by_hh_size < 278 & utilities >=  74","xgboost",2498,0.94195,0.93377,1378,1287,0.934,0.0579,0.0396,5.727,0.0772,0.9846,1.2
"1","shelter_expenses_by_hh_size < 1640.000 & total_deductions_by_hh_size >=  490.000 & unc_rawben_rel_max >=   -1.170 & unc_rawben_rel_max <    0.271","xgboost",1195,0.94561,0.93377,576,548,0.9514,0.0247,0.0154,2.394,0.0772,0.9846,1.2
"1","shelter_expenses_by_hh_size < 400.0 & total_deductions_by_hh_size >=  22.4 & total_deductions_by_hh_size <  59.0","xgboost",725,0.94897,0.93377,374,344,0.9198,0.0155,0.0166,1.554,0.0772,0.9846,1.2
"1","months_since_cert_n <=  3.500 & rawben_rel_max <=  0.311 & shelter_expenses_by_hh_size > 14.500","ranger",2578,0.94182,0.93376,1159,1098,0.9474,0.0494,0.0307,4.817,0.0772,0.9846,1.2
"1","expedited_i >  0.500 & shelter_expenses_by_hh_size > 95.500 & total_deductions_by_hh_size > 33.400 & unc_rawben_rel_max >  0.991","ranger",1883,0.94318,0.93375,962,889,0.9241,0.04,0.0576,3.998,0.0772,0.9846,1.2
"1","rawben_rel_max >=   0.384 & utilities >= 819.000","xgboost",3425,0.94073,0.93374,2299,2154,0.9369,0.0969,0.0868,9.554,0.0772,0.9846,1.2
"1","elderly_disabled_i >   0.50 & percent_abawd <=   0.50 & total_deductions_by_hh_size <= 191.00 & unc_rawben_rel_max >   1.01","ranger",1111,0.94599,0.93372,577,551,0.9549,0.0248,0.0193,2.398,0.0772,0.9846,1.2
"1","rawben_rel_max >=    0.476 & total_deductions_by_hh_size < 1270.000 & utilities >=  886.000","xgboost",1687,0.94369,0.93372,1360,1288,0.9471,0.0579,0.045,5.652,0.0772,0.9846,1.2
"1","medical_deductions >= 170.00 & unc_rawben_rel_max >=   1.12","xgboost",110,0.97273,0.9337,64,54,0.8438,0.0024,0.0087,0.266,0.0772,0.9846,1.2
"1","cat_elig < 2.000 & medical_deductions < 4.000 & rawben_rel_max >= 0.801","xgboost",15115,0.93702,0.93369,11165,10466,0.9374,0.4708,0.4751,46.399,0.0772,0.9846,1.2
"1","medical_deductions <    4 & months_since_cert_n <   11 & total_deductions_by_hh_size < 1120 & utilities >=  643","xgboost",3931,0.94022,0.93369,2111,1973,0.9346,0.0888,0.0788,8.773,0.0772,0.9846,1.2
"1","months_since_cert_n <  12.000 & rawben_rel_max <   0.388 & total_deductions_by_hh_size < 591.000 & unc_rawben_rel_max >=  -0.347","xgboost",7063,0.93855,0.93368,3493,3269,0.9359,0.1471,0.1067,14.516,0.0772,0.9846,1.2
"1","months_since_cert_n <  12 & percent_abawd <   1 & total_deductions_by_hh_size < 146 & utilities >=  42","xgboost",2959,0.9412,0.93367,1396,1302,0.9327,0.0586,0.0468,5.801,0.0772,0.9846,1.2
"1","cat_elig <= 0.500 & count_divisible_by_100 <= 0.500 & expedited_i <= 0.500 & rawben_rel_max > 0.272","ranger",2510,0.94183,0.93366,1322,1250,0.9455,0.0562,0.0327,5.494,0.0772,0.9846,1.2
"1","expedited_i <=  0.500 & months_since_cert_n <=  5.500 & rawben_rel_max >  0.991 & total_deductions_by_hh_size > 18.600","ranger",3611,0.94046,0.93365,1855,1758,0.9477,0.0791,0.0713,7.709,0.0772,0.9846,1.2
"1","cat_elig <=  1.500 & children_i <=  0.500 & rawben_rel_max >  0.991 & utilities > 14.500","ranger",5836,0.939,0.93364,4127,3848,0.9324,0.1731,0.2094,17.151,0.0772,0.9846,1.2
"1","elderly_disabled_i <= 0.500 & married <= 0.500 & rawben_rel_max > 0.993 & shelter_expenses_by_hh_size > 5.500","ranger",4371,0.93983,0.93364,2197,2067,0.9408,0.093,0.1066,9.13,0.0772,0.9846,1.2
"1","rawben_rel_max <   0.576 & shelter_expenses_by_hh_size >= 197.000 & shelter_expenses_by_hh_size < 245.000 & total_deductions_by_hh_size < 140.000","xgboost",285,0.95789,0.93364,140,130,0.9286,0.0058,0.0039,0.582,0.0772,0.9846,1.2
"1","shelter_expenses_by_hh_size >=  376.00 & shelter_expenses_by_hh_size < 1090.00 & unc_rawben_rel_max <    0.43","xgboost",8324,0.93813,0.93364,3969,3723,0.938,0.1675,0.1126,16.494,0.0772,0.9846,1.2
"1","elderly_disabled_i >   0.500 & rawben_rel_max >   0.991 & shelter_expenses_by_hh_size <= 241.000 & utilities <=   9.500","ranger",1093,0.94602,0.93363,571,542,0.9492,0.0244,0.0208,2.373,0.0772,0.9846,1.2
"1","medical_deductions < 478.000 & unc_rawben_rel_max >=   0.836","xgboost",22408,0.93636,0.93363,11767,11019,0.9364,0.4957,0.5074,48.901,0.0772,0.9846,1.2
"1","count_divisible_by_100 > 0.500 & elderly_disabled_i > 0.500 & medical_deductions > 3.500 & rawben_rel_max <= 0.266","ranger",88,0.97727,0.93362,40,38,0.95,0.0017,0.0018,0.166,0.0772,0.9846,1.2
"1","homeless <    1 & months_since_cert_n <    3 & shelter_expenses_by_hh_size < 1390 & utilities >=  688","xgboost",825,0.94788,0.93362,380,361,0.95,0.0162,0.0082,1.579,0.0772,0.9846,1.2
"1","months_since_cert_n >=   26 & months_since_cert_n <   28 & shelter_expenses_by_hh_size < 1200 & total_deductions_by_hh_size <   50","xgboost",88,0.97727,0.93362,41,40,0.9756,0.0018,4e-04,0.17,0.0772,0.9846,1.2
"1","cat_elig >=   1 & utilities >= 875","xgboost",2540,0.94173,0.93361,1763,1653,0.9376,0.0744,0.0657,7.327,0.0772,0.9846,1.2
"1","months_since_cert_n <   27.000 & rawben_rel_max <    0.454 & shelter_expenses_by_hh_size < 1800.000","xgboost",13721,0.9371,0.93361,6779,6347,0.9363,0.2855,0.2057,28.172,0.0772,0.9846,1.2
"1","shelter_expenses_by_hh_size >= 642.00 & total_deductions_by_hh_size >= 121.00 & total_deductions_by_hh_size < 286.00 & unc_rawben_rel_max <   1.29","xgboost",1324,0.94486,0.93361,738,708,0.9593,0.0319,0.015,3.067,0.0772,0.9846,1.2
"1","shelter_expenses_by_hh_size >= 1000 & utilities >=  875","xgboost",2315,0.94212,0.9336,1697,1593,0.9387,0.0717,0.0622,7.052,0.0772,0.9846,1.2
"1","total_deductions_by_hh_size < 600 & utilities < 892","xgboost",34732,0.93579,0.9336,16982,15944,0.9389,0.7173,0.5359,70.573,0.0772,0.9846,1.2
"1","count_divisible_by_100 <=   0.500 & total_deductions_by_hh_size > 676.000 & unc_rawben_rel_max >   0.991","ranger",4257,0.93986,0.93359,2284,2136,0.9352,0.0961,0.1006,9.492,0.0772,0.9846,1.2
"1","cat_elig <=  0.5 & months_since_cert_n <=  5.5 & utilities > 36.0","ranger",1175,0.94553,0.93358,574,544,0.9477,0.0245,0.0136,2.385,0.0772,0.9846,1.2
"1","homeless <=   0.500 & rawben_rel_max >   0.991 & total_deductions_by_hh_size > 676.000","ranger",4430,0.93973,0.93357,2398,2243,0.9354,0.1009,0.1053,9.966,0.0772,0.9846,1.2
"1","rawben_rel_max <   0.948 & total_deductions_by_hh_size >=  87.000 & unc_rawben_rel_max <  -0.096 & utilities < 417.000","xgboost",841,0.94768,0.93355,389,371,0.9537,0.0167,0.0159,1.617,0.0772,0.9846,1.2
"1","months_since_cert_n <  23.000 & rawben_rel_max <   0.412 & utilities >= 369.000","xgboost",5545,0.93904,0.93354,2839,2665,0.9387,0.1199,0.0814,11.798,0.0772,0.9846,1.2
"1","cat_elig >   0.5 & expedited_i >   0.5 & married <=   0.5 & medical_deductions <= 648.0","ranger",5999,0.93882,0.93353,2970,2784,0.9374,0.1252,0.1327,12.343,0.0772,0.9846,1.2
"1","cat_elig >=    1.00 & shelter_expenses_by_hh_size >= 1100.00 & unc_rawben_rel_max >=    1.02","xgboost",3430,0.94052,0.93353,1969,1830,0.9294,0.0823,0.1085,8.183,0.0772,0.9846,1.2
"1","cat_elig >=   2.000 & months_since_cert_n <   3.000 & rawben_rel_max >=   0.278 & shelter_expenses_by_hh_size < 815.000","xgboost",2216,0.94224,0.93353,195,192,0.9846,0.0086,0.0017,0.81,0.0772,0.9846,1.2
"1","rawben_rel_max <=   0.479 & total_deductions_by_hh_size >  53.600 & total_deductions_by_hh_size <= 146.000 & utilities <= 278.000","ranger",807,0.94796,0.93353,402,374,0.9303,0.0168,0.0126,1.671,0.0772,0.9846,1.2
"1","cat_elig <=   0.500 & medical_deductions > 136.000 & rawben_rel_max >   0.991 & unc_rawben_rel_max <=   1.960","ranger",38,1,0.93352,22,22,1,0.001,0,0.091,0.0772,0.9846,1.2
"1","count_divisible_by_100 >   0.5 & percent_abawd >   0.5 & total_deductions_by_hh_size >  15.0 & total_deductions_by_hh_size <= 154.0","ranger",38,1,0.93352,20,20,1,9e-04,0,0.083,0.0772,0.9846,1.2
"1","elderly_disabled_i >   0.50 & medical_deductions <=   0.50 & percent_abawd <=   0.25 & shelter_expenses_by_hh_size <= 616.00","ranger",10624,0.9375,0.93352,5314,4974,0.936,0.2238,0.1707,22.084,0.0772,0.9846,1.2
"1","homeless >  0.500 & months_since_cert_n > 23.500 & rawben_rel_max >  0.995 & unc_rawben_rel_max <=  1.980","ranger",38,1,0.93352,10,10,1,4e-04,0,0.042,0.0772,0.9846,1.2
"1","rawben_rel_max >=   0.818 & total_deductions_by_hh_size >= 515.000 & unc_rawben_rel_max <   2.520 & utilities >= 488.000","xgboost",7201,0.93834,0.93351,3912,3642,0.931,0.1638,0.1696,16.257,0.0772,0.9846,1.2
"1","shelter_expenses_by_hh_size < 1440 & total_deductions_by_hh_size >=  194 & utilities >=  714","xgboost",5181,0.9392,0.93351,2603,2427,0.9324,0.1092,0.0974,10.817,0.0772,0.9846,1.2
"1","shelter_expenses_by_hh_size < 2300 & utilities <  313","xgboost",19922,0.9364,0.9335,10112,9521,0.9416,0.4283,0.3521,42.023,0.0772,0.9846,1.2
"1","cat_elig >=   1 & months_since_cert_n >=   4 & shelter_expenses_by_hh_size < 646 & utilities < 600","xgboost",12987,0.93709,0.93349,6624,6178,0.9327,0.2779,0.2559,27.528,0.0772,0.9846,1.2
"1","children_i <   1 & medical_deductions < 117 & total_deductions_by_hh_size < 657","xgboost",34418,0.9357,0.93349,17912,16781,0.9369,0.7549,0.6142,74.438,0.0772,0.9846,1.2
"1","count_divisible_by_100 <    1.000 & rawben_rel_max <    0.405 & shelter_expenses_by_hh_size >=  400.000 & shelter_expenses_by_hh_size < 1860.000","xgboost",8616,0.93791,0.93349,4154,3899,0.9386,0.1754,0.1189,17.263,0.0772,0.9846,1.2
"1","expedited_i > 0.5 & homeless <= 0.5 & medical_deductions <= 3.5","ranger",5305,0.93911,0.93349,2685,2521,0.9389,0.1134,0.1183,11.158,0.0772,0.9846,1.2
"1","shelter_expenses_by_hh_size >= 723.000 & shelter_expenses_by_hh_size < 819.000 & unc_rawben_rel_max >=   0.972 & unc_rawben_rel_max <   1.900","xgboost",481,0.95218,0.93349,269,262,0.974,0.0118,0.0049,1.118,0.0772,0.9846,1.2
"1","utilities >= 580 & utilities < 585","xgboost",907,0.94708,0.93347,1,1,1,0,0,0.004,0.0772,0.9846,1.2
"1","count_divisible_by_100 <= 1.5 & medical_deductions <= 0.5 & months_since_cert_n <= 5.5","ranger",21309,0.93627,0.93346,10836,10194,0.9408,0.4586,0.364,45.032,0.0772,0.9846,1.2
"1","medical_deductions < 200 & shelter_expenses_by_hh_size < 874 & utilities < 789","xgboost",31420,0.93577,0.93346,15743,14790,0.9395,0.6654,0.5173,65.424,0.0772,0.9846,1.2
"1","months_since_cert_n <=   5.500 & rawben_rel_max <=   0.995 & unc_rawben_rel_max <=   0.264 & utilities <= 360.000","ranger",2294,0.94202,0.93346,973,915,0.9404,0.0412,0.0318,4.044,0.0772,0.9846,1.2
"1","elderly_disabled_i <= 0.500 & rawben_rel_max > 0.967 & shelter_expenses_by_hh_size > 5.500","ranger",4594,0.93949,0.93344,2290,2158,0.9424,0.0971,0.1078,9.517,0.0772,0.9846,1.2
"1","homeless <   1.00 & medical_deductions < 150.00 & rawben_rel_max >=   0.92","xgboost",16892,0.9366,0.93344,8973,8424,0.9388,0.379,0.3841,37.29,0.0772,0.9846,1.2
"1","medical_deductions <  99.00 & months_since_cert_n <   5.00 & unc_rawben_rel_max <   1.99 & utilities < 735.00","xgboost",16768,0.93661,0.93344,8447,7973,0.9439,0.3587,0.2638,35.104,0.0772,0.9846,1.2
"1","medical_deductions < 415 & unc_rawben_rel_max >=   0 & utilities >= 819","xgboost",3710,0.94016,0.93343,2451,2300,0.9384,0.1035,0.0882,10.186,0.0772,0.9846,1.2
"1","cat_elig >  0.5 & expedited_i <=  0.5 & utilities <= 12.5","ranger",9212,0.93769,0.93342,4919,4632,0.9417,0.2084,0.1791,20.442,0.0772,0.9846,1.2
"1","elderly_disabled_i >    0.5 & shelter_expenses_by_hh_size >    5.5 & utilities >  808.0 & utilities <= 1020.0","ranger",3361,0.94049,0.93342,1469,1373,0.9346,0.0618,0.055,6.105,0.0772,0.9846,1.2
"1","elderly_disabled_i >   0.5 & expedited_i <=   0.5 & medical_deductions <= 141.0 & utilities > 790.0","ranger",2948,0.94098,0.93342,2213,2075,0.9376,0.0934,0.0787,9.197,0.0772,0.9846,1.2
"1","months_since_cert_n < 27.000 & rawben_rel_max <  0.436","xgboost",13343,0.93697,0.93342,6592,6169,0.9358,0.2775,0.2059,27.395,0.0772,0.9846,1.2
"1","children_i <   1 & shelter_expenses_by_hh_size < 875 & utilities < 850","xgboost",31366,0.93573,0.93341,15850,14872,0.9383,0.6691,0.5234,65.869,0.0772,0.9846,1.2
"1","children_i <   1.00 & unc_rawben_rel_max >=   1.19 & utilities >= 487.00","xgboost",3725,0.94013,0.93341,1941,1841,0.9485,0.0828,0.0759,8.066,0.0772,0.9846,1.2
"1","cat_elig > 0.5 & expedited_i > 0.5 & married <= 0.5","ranger",6001,0.93868,0.93338,2972,2785,0.9371,0.1253,0.1335,12.351,0.0772,0.9846,1.2
"1","rawben_rel_max <= 0.575 & unc_rawben_rel_max <= 0.991 & utilities <= 8.000","ranger",3802,0.94003,0.93338,1940,1821,0.9387,0.0819,0.0606,8.062,0.0772,0.9846,1.2
"1","elderly_disabled_i <=  0.500 & homeless >  0.500 & rawben_rel_max >  0.969 & shelter_expenses_by_hh_size > 14.500","ranger",445,0.95281,0.93336,209,205,0.9809,0.0092,0.0035,0.869,0.0772,0.9846,1.2
"1","homeless >= 1.00 & percent_abawd < 0.50 & rawben_rel_max < 0.45","xgboost",392,0.95408,0.93336,184,166,0.9022,0.0075,0.0108,0.765,0.0772,0.9846,1.2
"1","rawben_rel_max <=   0.2680 & shelter_expenses_by_hh_size >  27.5000 & unc_rawben_rel_max >  -0.0443 & utilities <= 508.0000","ranger",4274,0.93964,0.93336,1947,1823,0.9363,0.082,0.0571,8.091,0.0772,0.9846,1.2
"1","married <   1.00 & shelter_expenses_by_hh_size < 935.00 & unc_rawben_rel_max <   1.23","xgboost",30434,0.9357,0.93334,15421,14463,0.9379,0.6507,0.4768,64.086,0.0772,0.9846,1.2
"1","married <=   0.500 & medical_deductions > 200.000 & rawben_rel_max <=   0.266 & shelter_expenses_by_hh_size > 286.000","ranger",209,0.96172,0.93334,87,84,0.9655,0.0038,0.0012,0.362,0.0772,0.9846,1.2
"1","medical_deductions < 4 & months_since_cert_n < 5","xgboost",18278,0.93637,0.93334,9248,8719,0.9428,0.3923,0.3009,38.432,0.0772,0.9846,1.2
"1","total_deductions_by_hh_size < 1450.00 & unc_rawben_rel_max >=    1.81 & utilities >=  819.00","xgboost",374,0.95455,0.93333,249,229,0.9197,0.0103,0.0158,1.035,0.0772,0.9846,1.2
"1","medical_deductions < 403.00 & rawben_rel_max >=   0.32 & utilities < 201.00","xgboost",14169,0.93676,0.93332,7361,6937,0.9424,0.3121,0.2659,30.591,0.0772,0.9846,1.2
"1","months_since_cert_n >= 5.000 & rawben_rel_max < 0.485","xgboost",10235,0.93737,0.93332,5137,4808,0.936,0.2163,0.152,21.348,0.0772,0.9846,1.2
"1","cat_elig >= 1.000 & medical_deductions < 3.000 & rawben_rel_max >= 0.732 & unc_rawben_rel_max < 1.250","xgboost",15983,0.93656,0.93331,8388,7853,0.9362,0.3533,0.3186,34.858,0.0772,0.9846,1.2
"1","rawben_rel_max <   0.364 & shelter_expenses_by_hh_size >=  50.000 & shelter_expenses_by_hh_size < 205.000 & unc_rawben_rel_max <   1.270","xgboost",320,0.95625,0.93331,148,140,0.9459,0.0063,0.0038,0.615,0.0772,0.9846,1.2
"1","elderly_disabled_i >=   1.000 & months_since_cert_n <  11.000 & rawben_rel_max <   0.676 & shelter_expenses_by_hh_size < 744.000","xgboost",8033,0.93788,0.9333,3990,3766,0.9439,0.1694,0.0959,16.581,0.0772,0.9846,1.2
"1","shelter_expenses_by_hh_size >= 305 & shelter_expenses_by_hh_size < 552 & total_deductions_by_hh_size < 202 & utilities >=  57","xgboost",3053,0.94071,0.93329,1477,1366,0.9248,0.0615,0.049,6.138,0.0772,0.9846,1.2
"1","count_divisible_by_100 <=  0.5 & months_since_cert_n > 12.5 & shelter_expenses_by_hh_size <=  5.5 & total_deductions_by_hh_size <= 80.2","ranger",804,0.94776,0.93328,373,359,0.9625,0.0162,0.0096,1.55,0.0772,0.9846,1.2
"1","months_since_cert_n <  30 & utilities < 318","xgboost",20011,0.93619,0.93328,9968,9386,0.9416,0.4223,0.3465,41.425,0.0772,0.9846,1.2
"1","expedited_i <= 0.5 & homeless <= 0.5 & utilities <= 8.0","ranger",8789,0.93765,0.93327,4778,4496,0.941,0.2023,0.1733,19.856,0.0772,0.9846,1.2
"1","medical_deductions >=   3 & medical_deductions < 200 & shelter_expenses_by_hh_size >= 874 & total_deductions_by_hh_size < 515","xgboost",265,0.95849,0.93327,111,105,0.9459,0.0047,0.0016,0.461,0.0772,0.9846,1.2
"1","children_i <= 0.500 & expedited_i > 0.500 & unc_rawben_rel_max > 0.991 & utilities > 9.500","ranger",1740,0.9431,0.93326,893,832,0.9317,0.0374,0.049,3.711,0.0772,0.9846,1.2
"1","cat_elig > 0.50 & elderly_disabled_i <= 0.50 & unc_rawben_rel_max <= 1.96","ranger",13308,0.9368,0.93325,6855,6445,0.9402,0.2899,0.2956,28.488,0.0772,0.9846,1.2
"1","children_i <=   0.5 & medical_deductions <= 144.0 & months_since_cert_n <=   4.5","ranger",18528,0.93626,0.93324,9373,8828,0.9419,0.3972,0.299,38.952,0.0772,0.9846,1.2
"1","married <   1.0000 & shelter_expenses_by_hh_size >= 925.0000 & unc_rawben_rel_max >=   0.0172 & utilities >= 819.0000","xgboost",3336,0.94035,0.93324,2320,2178,0.9388,0.098,0.0831,9.641,0.0772,0.9846,1.2
"1","months_since_cert_n <   9.000 & rawben_rel_max >=   0.992 & total_deductions_by_hh_size >= 620.000","xgboost",3415,0.94026,0.93324,2237,2078,0.9289,0.0935,0.1158,9.296,0.0772,0.9846,1.2
"1","months_since_cert_n < 32.000 & rawben_rel_max >=  0.080 & rawben_rel_max <  0.357","xgboost",9201,0.93751,0.93323,5749,5414,0.9417,0.2436,0.1687,23.891,0.0772,0.9846,1.2
"1","cat_elig <=   1.5 & medical_deductions >   3.5 & total_deductions_by_hh_size <= 302.0","ranger",634,0.94953,0.93322,428,400,0.9346,0.018,0.0124,1.779,0.0772,0.9846,1.2
"1","expedited_i < 1.000 & rawben_rel_max >= 0.988","xgboost",13179,0.93679,0.93322,7002,6586,0.9406,0.2963,0.2973,29.099,0.0772,0.9846,1.2
"1","medical_deductions >= 159 & months_since_cert_n <  23 & total_deductions_by_hh_size < 218","xgboost",130,0.96923,0.93321,58,58,1,0.0026,0,0.241,0.0772,0.9846,1.2
"1","medical_deductions >= 170.00 & total_deductions_by_hh_size < 307.00 & unc_rawben_rel_max <   1.12","xgboost",130,0.96923,0.93321,72,68,0.9444,0.0031,0.0015,0.299,0.0772,0.9846,1.2
"1","cat_elig > 0.5 & count_divisible_by_100 <= 1.5 & expedited_i > 0.5","ranger",6016,0.9385,0.9332,2986,2801,0.938,0.126,0.1322,12.409,0.0772,0.9846,1.2
"1","medical_deductions <= 192.0 & months_since_cert_n <=  36.5 & total_deductions_by_hh_size <= 228.0 & utilities >  30.5","ranger",6872,0.93815,0.9332,3479,3251,0.9345,0.1463,0.1076,14.458,0.0772,0.9846,1.2
"1","shelter_expenses_by_hh_size >= 896.00 & total_deductions_by_hh_size < 470.00 & unc_rawben_rel_max >=  -0.56 & utilities >=  52.00","xgboost",786,0.94784,0.93319,405,391,0.9654,0.0176,0.0059,1.683,0.0772,0.9846,1.2
"1","elderly_disabled_i >   0.500 & months_since_cert_n >   5.500 & rawben_rel_max >   0.991 & utilities > 420.000","ranger",2619,0.9412,0.93317,1407,1322,0.9396,0.0595,0.0592,5.847,0.0772,0.9846,1.2
"1","children_i <    1.000 & rawben_rel_max <    0.476 & total_deductions_by_hh_size < 1450.000","xgboost",15102,0.9365,0.93316,7425,6945,0.9354,0.3124,0.2261,30.857,0.0772,0.9846,1.2
"1","count_divisible_by_100 <   1.00 & shelter_expenses_by_hh_size < 953.00 & unc_rawben_rel_max <   1.81","xgboost",32250,0.93544,0.93315,16125,15114,0.9373,0.68,0.5246,67.012,0.0772,0.9846,1.2
"1","medical_deductions >=  137.000 & rawben_rel_max <    0.496 & total_deductions_by_hh_size < 1010.000","xgboost",1331,0.9444,0.93314,478,437,0.9142,0.0197,0.0155,1.986,0.0772,0.9846,1.2
"1","unc_rawben_rel_max < 0.443","xgboost",14301,0.93658,0.93314,7002,6560,0.9369,0.2951,0.2134,29.099,0.0772,0.9846,1.2
"1","count_divisible_by_100 <   1.00 & shelter_expenses_by_hh_size >=  50.00 & shelter_expenses_by_hh_size < 205.00 & unc_rawben_rel_max <   1.25","xgboost",718,0.94847,0.93313,342,322,0.9415,0.0145,0.0105,1.421,0.0772,0.9846,1.2
"1","elderly_disabled_i <= 0.500 & shelter_expenses_by_hh_size > 5.000 & unc_rawben_rel_max > 0.963","ranger",4604,0.93918,0.93313,2295,2163,0.9425,0.0973,0.1078,9.537,0.0772,0.9846,1.2
"1","homeless >= 1.0 & percent_abawd >= 0.5","xgboost",869,0.94707,0.93313,566,547,0.9664,0.0246,0.0149,2.352,0.0772,0.9846,1.2
"1","married <=    0.500 & rawben_rel_max <=    0.299 & total_deductions_by_hh_size >    7.800 & total_deductions_by_hh_size <= 1400.000","ranger",6865,0.93809,0.93313,3338,3126,0.9365,0.1406,0.1157,13.872,0.0772,0.9846,1.2
"1","months_since_cert_n <  28.000 & unc_rawben_rel_max >=   0.852 & utilities < 612.000","xgboost",16875,0.9363,0.93313,8447,7923,0.938,0.3564,0.3676,35.104,0.0772,0.9846,1.2
"1","children_i <= 0.500 & elderly_disabled_i <= 0.500 & rawben_rel_max > 0.941 & shelter_expenses_by_hh_size > 5.500","ranger",4306,0.93939,0.93312,2178,2057,0.9444,0.0925,0.0999,9.051,0.0772,0.9846,1.2
"1","expedited_i < 1.00 & homeless >= 1.00 & rawben_rel_max < 0.38","xgboost",355,0.95493,0.93312,171,158,0.924,0.0071,0.0092,0.711,0.0772,0.9846,1.2
"1","cat_elig <   1.000 & rawben_rel_max <   0.100 & total_deductions_by_hh_size < 218.000 & unc_rawben_rel_max >=  -0.004","xgboost",150,0.96667,0.93311,80,78,0.975,0.0035,0.0012,0.332,0.0772,0.9846,1.2
"1","medical_deductions > 100.000 & months_since_cert_n >   5.500 & total_deductions_by_hh_size > 510.000 & unc_rawben_rel_max <=   0.266","ranger",337,0.95549,0.9331,155,150,0.9677,0.0067,0.0025,0.644,0.0772,0.9846,1.2
"1","months_since_cert_n <   3.0000 & rawben_rel_max <   0.0893 & shelter_expenses_by_hh_size < 755.0000 & total_deductions_by_hh_size >=  78.0000","xgboost",319,0.95611,0.9331,133,124,0.9323,0.0056,0.0083,0.553,0.0772,0.9846,1.2
"1","months_since_cert_n <  33.000 & rawben_rel_max <   0.357 & shelter_expenses_by_hh_size >= 339.000 & utilities >=  76.000","xgboost",6908,0.93804,0.9331,3438,3227,0.9386,0.1452,0.103,14.287,0.0772,0.9846,1.2
"1","rawben_rel_max <   0.557 & shelter_expenses_by_hh_size < 760.000 & total_deductions_by_hh_size < 202.000 & utilities >= 534.000","xgboost",337,0.95549,0.9331,220,207,0.9409,0.0093,0.0084,0.914,0.0772,0.9846,1.2
"1","children_i <=  0.500 & expedited_i >  0.500 & rawben_rel_max >  0.991 & shelter_expenses_by_hh_size > 13.000","ranger",1993,0.9423,0.93309,1019,946,0.9284,0.0426,0.0572,4.235,0.0772,0.9846,1.2
"1","months_since_cert_n >=    5 & months_since_cert_n <   20 & total_deductions_by_hh_size < 1080 & utilities >=  875","xgboost",1084,0.94557,0.93309,698,647,0.9269,0.0291,0.0317,2.901,0.0772,0.9846,1.2
"1","homeless < 1.000 & months_since_cert_n >= 4.000 & percent_abawd >= 1.000 & rawben_rel_max >= 0.848","xgboost",1541,0.94354,0.93307,854,797,0.9333,0.0359,0.0474,3.549,0.0772,0.9846,1.2
"1","rawben_rel_max >  0.0887 & total_deductions_by_hh_size > 22.2000 & total_deductions_by_hh_size <= 52.9000","ranger",818,0.94743,0.93306,477,442,0.9266,0.0199,0.0191,1.982,0.0772,0.9846,1.2
"1","homeless >=    1.0 & medical_deductions <  599.0 & percent_abawd >=    0.5 & shelter_expenses_by_hh_size < 1400.0","xgboost",868,0.947,0.93305,566,547,0.9664,0.0246,0.0149,2.352,0.0772,0.9846,1.2
"1","married <   1 & shelter_expenses_by_hh_size >= 925 & utilities >= 819","xgboost",3547,0.93995,0.93305,2439,2288,0.9381,0.1029,0.0898,10.136,0.0772,0.9846,1.2
"1","rawben_rel_max >   0.993 & total_deductions_by_hh_size >  55.500 & utilities > 452.000 & utilities <= 806.000","ranger",4003,0.93955,0.93305,1645,1553,0.9441,0.0699,0.0676,6.836,0.0772,0.9846,1.2
"1","count_divisible_by_100 <=   1.500 & elderly_disabled_i >   0.500 & rawben_rel_max <=   0.991 & shelter_expenses_by_hh_size <= 618.000","ranger",10147,0.93712,0.93304,5037,4721,0.9373,0.2124,0.1409,20.933,0.0772,0.9846,1.2
"1","count_divisible_by_100 > 0.500 & elderly_disabled_i <= 0.500 & expedited_i > 0.500 & rawben_rel_max > 0.958","ranger",208,0.96154,0.93303,94,90,0.9574,0.004,0.0038,0.391,0.0772,0.9846,1.2
"1","children_i <=  0.5 & expedited_i >  0.5 & months_since_cert_n > 10.5 & shelter_expenses_by_hh_size <=  5.5","ranger",264,0.95833,0.93302,135,129,0.9556,0.0058,0.0052,0.561,0.0772,0.9846,1.2
"1","expedited_i >  0.500 & total_deductions_by_hh_size > 18.800 & unc_rawben_rel_max >  0.991","ranger",2183,0.94182,0.93302,1098,1020,0.929,0.0459,0.0614,4.563,0.0772,0.9846,1.2
"1","count_divisible_by_100 >  0.500 & homeless <=  0.500 & rawben_rel_max >  0.991 & shelter_expenses_by_hh_size > 14.500","ranger",615,0.94959,0.93301,392,367,0.9362,0.0165,0.0192,1.629,0.0772,0.9846,1.2
"1","medical_deductions >=  116.000 & months_since_cert_n <   26.000 & rawben_rel_max <    0.472 & total_deductions_by_hh_size < 1270.000","xgboost",1733,0.94287,0.93299,826,763,0.9237,0.0343,0.0224,3.433,0.0772,0.9846,1.2
"1","cat_elig >= 1 & expedited_i >= 1","xgboost",6027,0.93828,0.93298,2991,2803,0.9371,0.1261,0.1344,12.43,0.0772,0.9846,1.2
"1","children_i <   1.000 & medical_deductions < 114.000 & rawben_rel_max <   0.608 & shelter_expenses_by_hh_size < 723.000","xgboost",11414,0.93683,0.93298,5729,5364,0.9363,0.2413,0.1686,23.808,0.0772,0.9846,1.2
"1","months_since_cert_n <  28 & utilities < 339","xgboost",21125,0.93581,0.93298,10158,9557,0.9408,0.43,0.357,42.214,0.0772,0.9846,1.2
"1","months_since_cert_n >=   7.00 & shelter_expenses_by_hh_size < 464.00 & unc_rawben_rel_max <   1.81","xgboost",6446,0.9381,0.93298,3416,3200,0.9368,0.144,0.1315,14.196,0.0772,0.9846,1.2
"1","homeless <=   0.50 & months_since_cert_n >   4.50 & shelter_expenses_by_hh_size <= 638.00 & unc_rawben_rel_max <=   1.93","ranger",11043,0.93688,0.93297,5679,5279,0.9296,0.2375,0.2227,23.601,0.0772,0.9846,1.2
"1","children_i <  1 & expedited_i <  1 & utilities < 56","xgboost",12482,0.93663,0.93295,6602,6223,0.9426,0.28,0.2223,27.436,0.0772,0.9846,1.2
"1","rawben_rel_max >=  0.0928 & rawben_rel_max <  0.4640 & utilities < 56.0000","xgboost",3022,0.94044,0.93295,1598,1501,0.9393,0.0675,0.0429,6.641,0.0772,0.9846,1.2
"1","count_divisible_by_100 <   1.00 & rawben_rel_max >=   0.79 & total_deductions_by_hh_size < 997.00","xgboost",20839,0.93579,0.93294,10779,10108,0.9377,0.4547,0.436,44.795,0.0772,0.9846,1.2
"1","months_since_cert_n >=    2 & months_since_cert_n <    8 & shelter_expenses_by_hh_size < 1860 & total_deductions_by_hh_size <  692","xgboost",17071,0.93609,0.93294,8574,8071,0.9413,0.3631,0.2715,35.631,0.0772,0.9846,1.2
"1","months_since_cert_n >=  22.000 & rawben_rel_max <   0.092 & utilities < 956.000","xgboost",477,0.95178,0.93294,198,192,0.9697,0.0086,0.0039,0.823,0.0772,0.9846,1.2
"1","cat_elig <  2.000 & elderly_disabled_i >=  1.000 & rawben_rel_max >=  0.204 & shelter_expenses_by_hh_size < 29.000","xgboost",1278,0.94444,0.93293,944,905,0.9587,0.0407,0.0256,3.923,0.0772,0.9846,1.2
"1","rawben_rel_max >=   0.172 & shelter_expenses_by_hh_size >= 963.000 & unc_rawben_rel_max >=   1.010","xgboost",4605,0.93898,0.93292,2607,2441,0.9363,0.1098,0.1258,10.834,0.0772,0.9846,1.2
"1","cat_elig <=  0.50 & months_since_cert_n >  5.50 & months_since_cert_n <= 28.50 & unc_rawben_rel_max <=  2.14","ranger",1763,0.94271,0.93291,933,887,0.9507,0.0399,0.0222,3.877,0.0772,0.9846,1.2
"1","cat_elig > 0.5 & cat_elig <= 2.5 & count_divisible_by_100 <= 1.5 & expedited_i > 0.5","ranger",5974,0.93823,0.93291,2986,2801,0.938,0.126,0.1322,12.409,0.0772,0.9846,1.2
"1","shelter_expenses_by_hh_size >  14.00 & total_deductions_by_hh_size <= 284.00 & unc_rawben_rel_max <=   1.95","ranger",11295,0.93679,0.93291,5839,5481,0.9387,0.2466,0.1651,24.265,0.0772,0.9846,1.2
"1","elderly_disabled_i <= 0.500 & rawben_rel_max > 0.996 & utilities > 9.500","ranger",3916,0.93948,0.9329,1965,1847,0.9399,0.0831,0.0968,8.166,0.0772,0.9846,1.2
"1","medical_deductions <  96.000 & rawben_rel_max >=   0.784 & utilities >= 496.000","xgboost",7182,0.93776,0.9329,4036,3776,0.9356,0.1699,0.1657,16.773,0.0772,0.9846,1.2
"1","cat_elig < 2 & expedited_i >= 1 & homeless >= 1 & percent_abawd >= 1","xgboost",318,0.95597,0.93289,265,254,0.9585,0.0114,0.0095,1.101,0.0772,0.9846,1.2
"1","count_divisible_by_100 < 1.00 & months_since_cert_n >= 4.00 & rawben_rel_max >= 1.00 & unc_rawben_rel_max >= 1.17","xgboost",8014,0.93748,0.93289,4201,3933,0.9362,0.1769,0.2083,17.458,0.0772,0.9846,1.2
"1","elderly_disabled_i <=  0.500 & unc_rawben_rel_max >  0.996 & utilities > 14.500","ranger",3915,0.93946,0.93289,1965,1847,0.9399,0.0831,0.0968,8.166,0.0772,0.9846,1.2
"1","cat_elig <    2.000 & rawben_rel_max >=    0.992 & shelter_expenses_by_hh_size < 1360.000 & total_deductions_by_hh_size >=  650.000","xgboost",2750,0.94073,0.93288,1702,1588,0.933,0.0714,0.0741,7.073,0.0772,0.9846,1.2
"1","expedited_i <=    0.5 & shelter_expenses_by_hh_size >  580.0 & shelter_expenses_by_hh_size <= 1730.0 & total_deductions_by_hh_size <=  364.0","ranger",5069,0.93865,0.93286,2560,2408,0.9406,0.1083,0.0646,10.639,0.0772,0.9846,1.1
"1","children_i <=  0.500 & months_since_cert_n <= 10.500 & rawben_rel_max >  0.993 & utilities >  9.500","ranger",6155,0.9381,0.93285,3166,2969,0.9378,0.1336,0.1487,13.157,0.0772,0.9846,1.1
"1","months_since_cert_n >=  27 & shelter_expenses_by_hh_size >= 863 & total_deductions_by_hh_size < 792 & utilities >= 724","xgboost",389,0.95373,0.93285,115,108,0.9391,0.0049,0.0053,0.478,0.0772,0.9846,1.1
"1","shelter_expenses_by_hh_size >= 61.000 & total_deductions_by_hh_size <  9.000 & unc_rawben_rel_max >=  0.056 & utilities >= 30.000","xgboost",782,0.94757,0.93285,443,412,0.93,0.0185,0.013,1.841,0.0772,0.9846,1.1
"1","total_deductions_by_hh_size <= 242.00 & unc_rawben_rel_max <=   1.96 & utilities >  30.50","ranger",7346,0.93765,0.93285,3729,3487,0.9351,0.1569,0.1136,15.497,0.0772,0.9846,1.1
"1","shelter_expenses_by_hh_size < 1070 & total_deductions_by_hh_size <  650 & utilities >=  580 & utilities <  585","xgboost",528,0.95076,0.93284,0,0,NA,0,0,0,0.0772,0.9846,1.1
"1","rawben_rel_max >=    0.0928 & rawben_rel_max <    0.2720 & shelter_expenses_by_hh_size < 1510.0000 & total_deductions_by_hh_size >=  205.0000","xgboost",1292,0.94427,0.93282,649,619,0.9538,0.0278,0.0157,2.697,0.0772,0.9846,1.1
"1","medical_deductions < 403 & shelter_expenses_by_hh_size < 916 & utilities < 436","xgboost",25735,0.93538,0.93281,13051,12258,0.9392,0.5515,0.4401,54.237,0.0772,0.9846,1.1
"1","elderly_disabled_i >  0.50000 & shelter_expenses_by_hh_size >  5.50000 & unc_rawben_rel_max > -0.00915 & unc_rawben_rel_max <=  0.26800","ranger",4644,0.93885,0.9328,2167,2035,0.9391,0.0916,0.0589,9.006,0.0772,0.9846,1.1
"1","elderly_disabled_i >   0.500 & married <=   0.500 & rawben_rel_max >   0.993 & total_deductions_by_hh_size <= 189.000","ranger",1112,0.94514,0.93279,582,554,0.9519,0.0249,0.0211,2.419,0.0772,0.9846,1.1
"1","months_since_cert_n <    5.0 & shelter_expenses_by_hh_size < 1750.0 & unc_rawben_rel_max <    1.9","xgboost",18585,0.93581,0.93279,9521,8967,0.9418,0.4034,0.2955,39.567,0.0772,0.9846,1.1
"1","months_since_cert_n >=   22 & months_since_cert_n <   31 & shelter_expenses_by_hh_size <  314 & total_deductions_by_hh_size < 1780","xgboost",371,0.95418,0.93279,172,159,0.9244,0.0072,0.0082,0.715,0.0772,0.9846,1.1
"1","shelter_expenses_by_hh_size < 906.00 & unc_rawben_rel_max <   2.52 & utilities < 559.00","xgboost",29972,0.93517,0.93279,15135,14201,0.9383,0.6389,0.5084,62.897,0.0772,0.9846,1.1
"1","total_deductions_by_hh_size < 244.00 & unc_rawben_rel_max <   2.52 & utilities >= 475.00","xgboost",1161,0.94488,0.93279,529,493,0.9319,0.0222,0.0209,2.198,0.0772,0.9846,1.1
"1","count_divisible_by_100 >   0.5 & total_deductions_by_hh_size >  15.0 & total_deductions_by_hh_size <= 154.0","ranger",226,0.96018,0.93278,128,124,0.9688,0.0056,0.0025,0.532,0.0772,0.9846,1.1
"1","percent_abawd <    0.500 & rawben_rel_max >=    0.405 & shelter_expenses_by_hh_size < 1270.000 & total_deductions_by_hh_size <  426.000","xgboost",13994,0.93626,0.93278,7085,6693,0.9447,0.3011,0.2114,29.444,0.0772,0.9846,1.1
"1","rawben_rel_max >=  0.992 & total_deductions_by_hh_size >= 10.000 & unc_rawben_rel_max <  2.520","xgboost",9477,0.93701,0.93277,4874,4562,0.936,0.2052,0.23,20.255,0.0772,0.9846,1.1
"1","count_divisible_by_100 <   1 & utilities >= 850","xgboost",3563,0.93966,0.93276,2349,2204,0.9383,0.0992,0.0882,9.762,0.0772,0.9846,1.1
"1","shelter_expenses_by_hh_size > 820.000 & unc_rawben_rel_max >   0.991","ranger",5650,0.93823,0.93275,3097,2890,0.9332,0.13,0.151,12.87,0.0772,0.9846,1.1
"1","expedited_i <   1 & shelter_expenses_by_hh_size < 853 & total_deductions_by_hh_size < 563","xgboost",24235,0.93538,0.93274,12310,11556,0.9387,0.5199,0.382,51.157,0.0772,0.9846,1.1
"1","months_since_cert_n <  10.000 & percent_abawd >=   0.500 & rawben_rel_max >=   0.084 & utilities >= 735.000","xgboost",281,0.9573,0.93271,185,175,0.9459,0.0079,0.0065,0.769,0.0772,0.9846,1.1
"1","count_divisible_by_100 > 0.500 & elderly_disabled_i > 0.500 & rawben_rel_max <= 0.331","ranger",317,0.95584,0.93269,146,139,0.9521,0.0063,0.0038,0.607,0.0772,0.9846,1.1
"1","cat_elig >= 1 & elderly_disabled_i < 1","xgboost",13333,0.93625,0.93268,6872,6454,0.9392,0.2904,0.3005,28.558,0.0772,0.9846,1.1
"1","children_i <   1.00 & unc_rawben_rel_max <   1.64 & utilities < 361.00","xgboost",21760,0.93548,0.93268,10831,10166,0.9386,0.4574,0.3734,45.011,0.0772,0.9846,1.1
"1","elderly_disabled_i >  0.5000 & rawben_rel_max <=  0.2790 & shelter_expenses_by_hh_size >  5.5000 & unc_rawben_rel_max > -0.0406","ranger",5070,0.93846,0.93267,2464,2315,0.9395,0.1041,0.0657,10.24,0.0772,0.9846,1.1
"1","months_since_cert_n < 8.00 & rawben_rel_max >= 0.11 & total_deductions_by_hh_size < 9.00 & unc_rawben_rel_max < 1.02","xgboost",1435,0.94355,0.93267,727,690,0.9491,0.031,0.0169,3.021,0.0772,0.9846,1.1
"1","children_i <=   0.500 & rawben_rel_max <=   0.991 & total_deductions_by_hh_size <= 312.000","ranger",13268,0.93624,0.93266,6825,6403,0.9382,0.2881,0.1929,28.363,0.0772,0.9846,1.1
"1","shelter_expenses_by_hh_size >= 418 & shelter_expenses_by_hh_size < 500 & total_deductions_by_hh_size >= 314 & utilities >= 329","xgboost",475,0.95158,0.93266,193,180,0.9326,0.0081,0.0096,0.802,0.0772,0.9846,1.1
"1","medical_deductions >=  137.000 & rawben_rel_max <    0.496 & shelter_expenses_by_hh_size >=  277.000 & total_deductions_by_hh_size < 1010.000","xgboost",1240,0.94435,0.93265,449,408,0.9087,0.0184,0.0155,1.866,0.0772,0.9846,1.1
"1","cat_elig <=  1.500 & unc_rawben_rel_max >  0.991 & utilities > 14.500","ranger",5997,0.93797,0.93264,4251,3960,0.9315,0.1782,0.2181,17.666,0.0772,0.9846,1.1
"1","months_since_cert_n >=   3 & total_deductions_by_hh_size < 549","xgboost",23745,0.93531,0.93264,11958,11213,0.9377,0.5045,0.3819,49.695,0.0772,0.9846,1.1
"1","rawben_rel_max >=   0.988 & shelter_expenses_by_hh_size < 950.000 & total_deductions_by_hh_size < 828.000 & utilities >= 298.000","xgboost",2882,0.94032,0.93264,1342,1254,0.9344,0.0564,0.0649,5.577,0.0772,0.9846,1.1
"1","elderly_disabled_i >=   1.000 & rawben_rel_max >=   0.948 & total_deductions_by_hh_size < 202.000 & unc_rawben_rel_max >=  -0.004","xgboost",1142,0.94483,0.93263,601,572,0.9517,0.0257,0.0218,2.498,0.0772,0.9846,1.1
"1","rawben_rel_max <   0.312 & total_deductions_by_hh_size >=   9.000 & total_deductions_by_hh_size < 130.000 & utilities >= 392.000","xgboost",679,0.94845,0.93263,307,293,0.9544,0.0132,0.0069,1.276,0.0772,0.9846,1.1
"1","homeless <  1.000 & months_since_cert_n >= 10.000 & rawben_rel_max >=  0.354 & total_deductions_by_hh_size <  9.000","xgboost",978,0.94581,0.93262,572,547,0.9563,0.0246,0.0192,2.377,0.0772,0.9846,1.1
"1","medical_deductions <   9.00 & months_since_cert_n <  20.00 & shelter_expenses_by_hh_size >= 859.00 & unc_rawben_rel_max >=   1.02","xgboost",4102,0.93905,0.93262,2335,2176,0.9319,0.0979,0.1176,9.704,0.0772,0.9846,1.1
"1","months_since_cert_n <    4.000 & rawben_rel_max >=    0.992 & shelter_expenses_by_hh_size >= 1440.000 & total_deductions_by_hh_size >=  675.000","xgboost",244,0.95902,0.93262,136,127,0.9338,0.0057,0.0073,0.565,0.0772,0.9846,1.1
"1","rawben_rel_max >=    0.272 & total_deductions_by_hh_size < 1380.000 & utilities >= 1020.000","xgboost",370,0.95405,0.93262,699,666,0.9528,0.03,0.0197,2.905,0.0772,0.9846,1.1
"1","cat_elig >  0.500 & elderly_disabled_i <=  0.500 & total_deductions_by_hh_size > 17.700 & unc_rawben_rel_max >  0.991","ranger",4304,0.93889,0.93261,2137,2012,0.9415,0.0905,0.103,8.881,0.0772,0.9846,1.1
"1","months_since_cert_n >=   3 & total_deductions_by_hh_size < 511 & utilities >= 376","xgboost",7458,0.93738,0.93261,3880,3633,0.9363,0.1634,0.1071,16.124,0.0772,0.9846,1.1
"1","shelter_expenses_by_hh_size >= 382 & total_deductions_by_hh_size <  92 & utilities < 417","xgboost",1466,0.94338,0.93261,874,833,0.9531,0.0375,0.0185,3.632,0.0772,0.9846,1.1
"1","cat_elig >=   1 & months_since_cert_n >=   4 & shelter_expenses_by_hh_size < 646","xgboost",13180,0.93619,0.9326,6678,6224,0.932,0.28,0.2612,27.752,0.0772,0.9846,1.1
"1","elderly_disabled_i >   0.5000 & homeless <=   0.5000 & total_deductions_by_hh_size <= 184.0000 & unc_rawben_rel_max >   0.0887","ranger",6317,0.93779,0.9326,3347,3135,0.9367,0.141,0.1007,13.909,0.0772,0.9846,1.1
"1","expedited_i <    1.000 & rawben_rel_max <    0.529 & shelter_expenses_by_hh_size < 2090.000 & utilities >=  361.000","xgboost",8210,0.93715,0.9326,4206,3924,0.933,0.1765,0.1197,17.479,0.0772,0.9846,1.1
"1","expedited_i <= 0.5 & months_since_cert_n <= 5.5 & shelter_expenses_by_hh_size > 5.5 & unc_rawben_rel_max > 1.0","ranger",3445,0.93962,0.9326,1739,1647,0.9471,0.0741,0.0683,7.227,0.0772,0.9846,1.1
"1","months_since_cert_n < 5.000 & rawben_rel_max >= 0.508 & unc_rawben_rel_max >= 0.000","xgboost",14155,0.93606,0.9326,7236,6814,0.9417,0.3066,0.2462,30.071,0.0772,0.9846,1.1
"1","months_since_cert_n >=  19 & total_deductions_by_hh_size < 167 & utilities >= 329","xgboost",526,0.95057,0.93259,257,232,0.9027,0.0104,0.0106,1.068,0.0772,0.9846,1.1
"1","elderly_disabled_i >=    1.000 & percent_abawd <    0.500 & rawben_rel_max >=    0.992 & shelter_expenses_by_hh_size >= 1270.000","xgboost",1706,0.94256,0.93257,1032,977,0.9467,0.044,0.043,4.289,0.0772,0.9846,1.1
"1","cat_elig <=   0.500 & medical_deductions <= 122.000 & rawben_rel_max >   0.991 & utilities >  61.500","ranger",457,0.95186,0.93256,230,219,0.9522,0.0099,0.0088,0.956,0.0772,0.9846,1.1
"1","cat_elig >=    2 & shelter_expenses_by_hh_size < 1580 & total_deductions_by_hh_size <  497","xgboost",8758,0.93697,0.93256,754,720,0.9549,0.0324,0.0167,3.133,0.0772,0.9846,1.1
"1","children_i <=   0.5 & utilities > 802.0","ranger",3927,0.93914,0.93256,2565,2406,0.938,0.1082,0.0945,10.66,0.0772,0.9846,1.1
"1","elderly_disabled_i <= 0.500 & unc_rawben_rel_max > 0.991 & utilities > 9.500","ranger",3927,0.93914,0.93256,1967,1849,0.94,0.0832,0.0968,8.174,0.0772,0.9846,1.1
"1","elderly_disabled_i >=   1 & married <   1 & shelter_expenses_by_hh_size < 432","xgboost",6837,0.93755,0.93256,3449,3233,0.9374,0.1454,0.1126,14.333,0.0772,0.9846,1.1
"1","medical_deductions < 403.000 & rawben_rel_max <   0.282 & shelter_expenses_by_hh_size >= 916.000 & utilities >=  45.000","xgboost",1993,0.9418,0.93256,998,953,0.9549,0.0429,0.0279,4.147,0.0772,0.9846,1.1
"1","months_since_cert_n <    9.000 & shelter_expenses_by_hh_size < 1610.000 & unc_rawben_rel_max >=    0.972 & utilities >=  366.000","xgboost",4394,0.93878,0.93256,2241,2104,0.9389,0.0947,0.0932,9.313,0.0772,0.9846,1.1
"1","homeless <= 0.500 & medical_deductions <= 3.500 & rawben_rel_max <= 0.991 & unc_rawben_rel_max <= 0.475","ranger",12483,0.93623,0.93254,6228,5836,0.9371,0.2626,0.1903,25.882,0.0772,0.9846,1.1
"1","rawben_rel_max >=   0.092 & rawben_rel_max <   0.304 & total_deductions_by_hh_size < 982.000","xgboost",4998,0.93838,0.93254,2541,2379,0.9362,0.107,0.0699,10.56,0.0772,0.9846,1.1
"1","cat_elig < 2.0 & percent_abawd >= 0.5","xgboost",3050,0.94,0.93253,2577,2418,0.9383,0.1088,0.1138,10.709,0.0772,0.9846,1.1
"1","children_i <=   0.5 & count_divisible_by_100 <=   1.5 & elderly_disabled_i >   0.5 & shelter_expenses_by_hh_size <= 552.0","ranger",9884,0.93667,0.93251,4801,4484,0.934,0.2017,0.161,19.952,0.0772,0.9846,1.1
"1","homeless <   1.000 & rawben_rel_max <   0.357 & utilities >= 493.000 & utilities < 784.000","xgboost",2087,0.94154,0.93251,982,920,0.9369,0.0414,0.0287,4.081,0.0772,0.9846,1.1
"1","married <   1.0 & percent_abawd <   0.5 & utilities < 281.0","xgboost",15322,0.93584,0.93251,7616,7147,0.9384,0.3215,0.2721,31.65,0.0772,0.9846,1.1
"1","months_since_cert_n >   5.500 & rawben_rel_max >   0.991 & total_deductions_by_hh_size >   8.800 & utilities > 452.000","ranger",3252,0.93973,0.93249,1706,1605,0.9408,0.0722,0.0722,7.09,0.0772,0.9846,1.1
"1","count_divisible_by_100 <   1.0 & months_since_cert_n >=  28.0 & shelter_expenses_by_hh_size < 382.0 & total_deductions_by_hh_size <  18.4","xgboost",225,0.96,0.93248,103,101,0.9806,0.0045,0.0013,0.428,0.0772,0.9846,1.1
"1","elderly_disabled_i >=   1 & months_since_cert_n <  15 & shelter_expenses_by_hh_size < 652 & utilities <  56","xgboost",4870,0.9384,0.93248,2484,2345,0.944,0.1055,0.0756,10.323,0.0772,0.9846,1.1
"1","homeless <   1.0 & percent_abawd >=   0.5 & utilities < 452.0","xgboost",3189,0.93979,0.93248,1721,1627,0.9454,0.0732,0.0661,7.152,0.0772,0.9846,1.1
"1","homeless <  1.00 & unc_rawben_rel_max <  2.22 & utilities < 74.00","xgboost",14541,0.93591,0.93248,7594,7153,0.9419,0.3218,0.269,31.559,0.0772,0.9846,1.1
"1","medical_deductions <   4 & rawben_rel_max >=   1 & total_deductions_by_hh_size >= 729","xgboost",3533,0.93943,0.93248,1985,1861,0.9375,0.0837,0.0825,8.249,0.0772,0.9846,1.1
"1","months_since_cert_n >=  12 & shelter_expenses_by_hh_size >= 833 & total_deductions_by_hh_size < 462 & utilities >= 559","xgboost",225,0.96,0.93248,131,125,0.9542,0.0056,0.0028,0.544,0.0772,0.9846,1.1
"1","rawben_rel_max >    0.998 & shelter_expenses_by_hh_size <= 1070.000 & total_deductions_by_hh_size >    8.900 & unc_rawben_rel_max <=    1.930","ranger",5334,0.93813,0.93248,2489,2349,0.9438,0.1057,0.1075,10.344,0.0772,0.9846,1.1
"1","total_deductions_by_hh_size < 675.00 & unc_rawben_rel_max <   2.22 & utilities >= 819.00","xgboost",1172,0.94454,0.93248,644,604,0.9379,0.0272,0.027,2.676,0.0772,0.9846,1.1
"1","elderly_disabled_i <= 0.5 & homeless <= 0.5 & married <= 0.5","ranger",12104,0.93622,0.93247,6366,5969,0.9376,0.2685,0.2789,26.456,0.0772,0.9846,1.1
"1","medical_deductions < 170.000 & rawben_rel_max <   0.472 & unc_rawben_rel_max <   0.648","xgboost",14431,0.9359,0.93247,7171,6707,0.9353,0.3017,0.2222,29.801,0.0772,0.9846,1.1
"1","cat_elig >   0.500 & total_deductions_by_hh_size > 676.000 & unc_rawben_rel_max >   0.991","ranger",4263,0.93878,0.93245,2326,2172,0.9338,0.0977,0.1049,9.666,0.0772,0.9846,1.1
"1","cat_elig >   0.500 & rawben_rel_max <=   0.483 & shelter_expenses_by_hh_size >   5.500 & utilities <= 490.000","ranger",9017,0.93679,0.93244,4452,4156,0.9335,0.187,0.1344,18.501,0.0772,0.9846,1.1
"1","count_divisible_by_100 <   2 & utilities >= 850","xgboost",3671,0.93925,0.93244,2433,2281,0.9375,0.1026,0.0929,10.111,0.0772,0.9846,1.1
"1","medical_deductions < 179.000 & rawben_rel_max <   0.928 & total_deductions_by_hh_size < 293.000","xgboost",12464,0.93614,0.93244,6403,6004,0.9377,0.2701,0.1855,26.609,0.0772,0.9846,1.1
"1","percent_abawd <   1.00 & total_deductions_by_hh_size < 650.00 & unc_rawben_rel_max <   1.46 & utilities < 580.00","xgboost",26949,0.93495,0.93244,13743,12883,0.9374,0.5796,0.4149,57.113,0.0772,0.9846,1.1
"1","cat_elig >=   2 & months_since_cert_n <  30 & shelter_expenses_by_hh_size < 811 & total_deductions_by_hh_size < 531","xgboost",7806,0.9371,0.93243,697,665,0.9541,0.0299,0.0152,2.897,0.0772,0.9846,1.1
"1","medical_deductions < 170.000 & rawben_rel_max <   0.476","xgboost",14559,0.93585,0.93243,7207,6736,0.9346,0.303,0.2254,29.951,0.0772,0.9846,1.1
"1","count_divisible_by_100 <   1 & utilities >= 819","xgboost",3841,0.93908,0.93242,2498,2343,0.938,0.1054,0.0927,10.381,0.0772,0.9846,1.1
"1","total_deductions_by_hh_size < 1010 & utilities >=  703","xgboost",5452,0.938,0.93241,2816,2613,0.9279,0.1176,0.1104,11.703,0.0772,0.9846,1.1
"1","elderly_disabled_i <= 0.5 & homeless <= 0.5 & medical_deductions <= 0.5 & percent_abawd <= 1.5","ranger",12274,0.93613,0.9324,6413,6014,0.9378,0.2706,0.2806,26.651,0.0772,0.9846,1.1
"1","expedited_i < 1 & homeless >= 1","xgboost",2321,0.94097,0.9324,1156,1090,0.9429,0.049,0.0403,4.804,0.0772,0.9846,1.1
"1","cat_elig >=   2.000 & expedited_i <   1.000 & unc_rawben_rel_max <   0.271 & utilities >= 534.000","xgboost",843,0.94662,0.93239,9,9,1,4e-04,0,0.037,0.0772,0.9846,1.1
"1","shelter_expenses_by_hh_size >= 1070 & total_deductions_by_hh_size <  650 & utilities >=  580","xgboost",760,0.94737,0.93239,506,465,0.919,0.0209,0.0265,2.103,0.0772,0.9846,1.1
"1","utilities < 339","xgboost",21675,0.93518,0.93237,10372,9756,0.9406,0.4389,0.366,43.104,0.0772,0.9846,1.1
"1","elderly_disabled_i <= 0.500 & married <= 0.500 & rawben_rel_max > 0.991 & utilities > 9.500","ranger",3807,0.93906,0.93236,1916,1799,0.9389,0.0809,0.0965,7.962,0.0772,0.9846,1.1
"1","married <=   0.500 & medical_deductions <= 132.000 & months_since_cert_n >   5.500 & unc_rawben_rel_max >   0.991","ranger",6786,0.93737,0.93236,3660,3412,0.9322,0.1535,0.1863,15.21,0.0772,0.9846,1.1
"1","cat_elig < 2.000 & expedited_i < 1.000 & months_since_cert_n < 3.000 & unc_rawben_rel_max >= 0.908","xgboost",2618,0.94041,0.93234,2124,2023,0.9524,0.091,0.0708,8.827,0.0772,0.9846,1.1
"1","count_divisible_by_100 <=  1.500 & elderly_disabled_i <=  0.500 & unc_rawben_rel_max >  0.991 & utilities > 14.500","ranger",3899,0.93896,0.93234,1951,1834,0.94,0.0825,0.0958,8.108,0.0772,0.9846,1.1
"1","count_divisible_by_100 <=  0.500 & elderly_disabled_i <=  0.500 & rawben_rel_max >  0.996 & total_deductions_by_hh_size > 55.500","ranger",3867,0.93897,0.93233,1889,1782,0.9434,0.0802,0.0877,7.85,0.0772,0.9846,1.1
"1","expedited_i >  0.500 & months_since_cert_n >  5.500 & months_since_cert_n <= 36.000 & unc_rawben_rel_max >  0.991","ranger",1604,0.94264,0.93233,868,808,0.9309,0.0364,0.0482,3.607,0.0772,0.9846,1.1
"1","percent_abawd <=   0.25 & shelter_expenses_by_hh_size > 274.00 & total_deductions_by_hh_size <= 369.00 & utilities >  12.50","ranger",10314,0.9364,0.93233,5221,4874,0.9335,0.2193,0.1559,21.697,0.0772,0.9846,1.1
"1","shelter_expenses_by_hh_size < 1480.000 & total_deductions_by_hh_size <  671.000 & unc_rawben_rel_max <    0.584 & utilities <   52.000","xgboost",5044,0.93814,0.93233,2580,2421,0.9384,0.1089,0.0761,10.722,0.0772,0.9846,1.1
"1","elderly_disabled_i <= 0.5 & homeless <= 0.5 & percent_abawd <= 1.5","ranger",12275,0.93605,0.93232,6414,6015,0.9378,0.2706,0.2806,26.655,0.0772,0.9846,1.1
"1","children_i <= 0.500 & months_since_cert_n > 5.500 & percent_abawd > 0.250 & unc_rawben_rel_max > 0.971","ranger",1169,0.9444,0.93231,662,619,0.935,0.0278,0.0385,2.751,0.0772,0.9846,1.1
"1","children_i <=   0.5 & count_divisible_by_100 <=   1.5 & elderly_disabled_i >   0.5 & shelter_expenses_by_hh_size <= 560.0","ranger",10081,0.93642,0.9323,5016,4690,0.935,0.211,0.1645,20.845,0.0772,0.9846,1.1
"1","elderly_disabled_i >   0.5 & utilities > 847.0","ranger",3102,0.93972,0.9323,2036,1919,0.9425,0.0863,0.0689,8.461,0.0772,0.9846,1.1
"1","cat_elig >=   2 & expedited_i <   1 & homeless >=   1 & shelter_expenses_by_hh_size < 697","xgboost",792,0.94697,0.93228,52,52,1,0.0023,0,0.216,0.0772,0.9846,1.1
"1","expedited_i <= 0.500 & homeless > 0.500 & rawben_rel_max > 0.237","ranger",2064,0.94138,0.93228,1037,982,0.947,0.0442,0.0321,4.31,0.0772,0.9846,1.1
"1","months_since_cert_n <   9.000 & rawben_rel_max >=   0.692 & unc_rawben_rel_max >=   0.684 & utilities < 789.000","xgboost",16572,0.93549,0.93228,8173,7657,0.9369,0.3445,0.3259,33.965,0.0772,0.9846,1.1
"1","months_since_cert_n >=  18.000 & rawben_rel_max >=   0.220 & rawben_rel_max <   0.652 & total_deductions_by_hh_size < 209.000","xgboost",858,0.94639,0.93228,465,436,0.9376,0.0196,0.0101,1.932,0.0772,0.9846,1.1
"1","elderly_disabled_i >   0.5 & utilities > 808.0","ranger",3366,0.93939,0.93227,2171,2044,0.9415,0.092,0.0734,9.022,0.0772,0.9846,1.1
"1","expedited_i <= 0.5 & homeless > 0.5 & medical_deductions <= 0.5","ranger",2269,0.94094,0.93227,1137,1073,0.9437,0.0483,0.0386,4.725,0.0772,0.9846,1.1
"1","expedited_i > 0.500 & months_since_cert_n <= 5.500 & rawben_rel_max > 0.991 & unc_rawben_rel_max > 1.690","ranger",692,0.94798,0.93226,322,302,0.9379,0.0136,0.0178,1.338,0.0772,0.9846,1.1
"1","married <= 0.500 & rawben_rel_max <= 0.299 & total_deductions_by_hh_size > 7.800","ranger",6884,0.93725,0.93226,3342,3127,0.9357,0.1407,0.1178,13.889,0.0772,0.9846,1.1
"1","cat_elig > 1.500 & rawben_rel_max <= 0.991 & unc_rawben_rel_max <= 0.351","ranger",3614,0.93913,0.93225,233,224,0.9614,0.0101,0.0051,0.968,0.0772,0.9846,1.1
"1","elderly_disabled_i >   0.5 & expedited_i <=   0.5 & total_deductions_by_hh_size <= 443.0","ranger",16715,0.93545,0.93225,8408,7898,0.9393,0.3553,0.2261,34.942,0.0772,0.9846,1.1
"1","rawben_rel_max <    0.476 & total_deductions_by_hh_size < 1450.000","xgboost",15157,0.93561,0.93225,7467,6976,0.9342,0.3138,0.2326,31.031,0.0772,0.9846,1.1
"1","cat_elig < 2 & expedited_i < 1 & homeless >= 1 & percent_abawd >= 1","xgboost",279,0.95699,0.93224,264,256,0.9697,0.0115,0.0053,1.097,0.0772,0.9846,1.1
"1","cat_elig >   0.500 & married <=   0.500 & total_deductions_by_hh_size <= 246.000 & unc_rawben_rel_max <=   0.987","ranger",10133,0.93635,0.93224,5182,4857,0.9373,0.2185,0.1513,21.535,0.0772,0.9846,1.1
"1","children_i <=  0.500 & expedited_i >  0.500 & rawben_rel_max >  0.991 & total_deductions_by_hh_size > 49.500","ranger",1952,0.9416,0.93224,996,923,0.9267,0.0415,0.0582,4.139,0.0772,0.9846,1.1
"1","total_deductions_by_hh_size < 775.000 & unc_rawben_rel_max >=   0.271 & utilities < 313.000","xgboost",15245,0.93559,0.93224,7987,7523,0.9419,0.3384,0.2762,33.192,0.0772,0.9846,1.1
"1","medical_deductions <= 105.0 & months_since_cert_n >   5.5 & utilities <=  27.5","ranger",5437,0.93783,0.93223,2855,2679,0.9384,0.1205,0.116,11.865,0.0772,0.9846,1.1
"1","total_deductions_by_hh_size < 642.000 & unc_rawben_rel_max >=  -0.904 & utilities < 469.000","xgboost",27824,0.9347,0.93222,14664,13731,0.9364,0.6177,0.506,60.94,0.0772,0.9846,1.1
"1","homeless >  0.50 & months_since_cert_n <= 10.50 & unc_rawben_rel_max >  1.22","ranger",557,0.94973,0.93221,214,207,0.9673,0.0093,0.0064,0.889,0.0772,0.9846,1.1
"1","months_since_cert_n >=   3.000 & rawben_rel_max <   0.264 & utilities >=  32.000 & utilities < 361.000","xgboost",2062,0.94132,0.93221,945,874,0.9249,0.0393,0.034,3.927,0.0772,0.9846,1.1
"1","shelter_expenses_by_hh_size >= 906 & total_deductions_by_hh_size >= 236 & utilities >= 819","xgboost",3643,0.93906,0.93221,2492,2337,0.9378,0.1051,0.0922,10.356,0.0772,0.9846,1.1
"1","months_since_cert_n > 36.50 & total_deductions_by_hh_size >  3.50 & unc_rawben_rel_max <=  1.96","ranger",128,0.96875,0.9322,71,66,0.9296,0.003,0.0031,0.295,0.0772,0.9846,1.1
"1","elderly_disabled_i >=  1.000 & rawben_rel_max <  0.777 & unc_rawben_rel_max <  1.210 & utilities < 52.000","xgboost",5049,0.93801,0.93219,2604,2454,0.9424,0.1104,0.066,10.822,0.0772,0.9846,1.1
"1","expedited_i >=   1.000 & rawben_rel_max >=   0.519 & utilities >= 583.000","xgboost",824,0.9466,0.93219,440,412,0.9364,0.0185,0.0158,1.829,0.0772,0.9846,1.1
"1","months_since_cert_n >=   7 & shelter_expenses_by_hh_size < 652 & total_deductions_by_hh_size <  47 & utilities >=  56","xgboost",988,0.94534,0.93219,533,491,0.9212,0.0221,0.0174,2.215,0.0772,0.9846,1.1
"1","medical_deductions < 183.000 & months_since_cert_n >=  22.000 & rawben_rel_max <   0.471 & utilities >=  29.000","xgboost",1215,0.94403,0.93217,537,505,0.9404,0.0227,0.0119,2.232,0.0772,0.9846,1.1
"1","elderly_disabled_i <=   0.50 & medical_deductions <= 125.00 & percent_abawd >   0.75","ranger",4908,0.93806,0.93216,2678,2526,0.9432,0.1136,0.1093,11.129,0.0772,0.9846,1.1
"1","months_since_cert_n >=   11 & shelter_expenses_by_hh_size < 1510 & total_deductions_by_hh_size <  372","xgboost",5923,0.93753,0.93216,3063,2859,0.9334,0.1286,0.1003,12.729,0.0772,0.9846,1.1
"1","months_since_cert_n >= 8.000 & rawben_rel_max < 0.504","xgboost",7653,0.93689,0.93216,3874,3621,0.9347,0.1629,0.1172,16.099,0.0772,0.9846,1.1
"1","utilities >= 819","xgboost",3966,0.93873,0.93216,2589,2425,0.9367,0.1091,0.0979,10.759,0.0772,0.9846,1.1
"1","medical_deductions <   5.000 & rawben_rel_max >=   0.896 & unc_rawben_rel_max >=   1.210 & utilities < 789.000","xgboost",8719,0.93658,0.93214,2141,1929,0.901,0.0868,0.1652,8.897,0.0772,0.9846,1.1
"1","married <=   0.5 & months_since_cert_n >  13.5 & total_deductions_by_hh_size <= 292.0 & utilities <=   5.0","ranger",1311,0.94355,0.93213,629,593,0.9428,0.0267,0.0217,2.614,0.0772,0.9846,1.1
"1","medical_deductions >= 132.000 & rawben_rel_max >=   0.844 & unc_rawben_rel_max <   1.810 & utilities >= 875.000","xgboost",86,0.97674,0.93213,36,33,0.9167,0.0015,0.0021,0.15,0.0772,0.9846,1.1
"1","total_deductions_by_hh_size >= 340.000 & unc_rawben_rel_max >=   0.808 & utilities >= 580.000","xgboost",6212,0.93738,0.93213,3335,3111,0.9328,0.14,0.1396,13.859,0.0772,0.9846,1.1
"1","cat_elig >=  2.0 & percent_abawd <  0.5 & total_deductions_by_hh_size <  9.0 & utilities >= 32.0","xgboost",454,0.95154,0.93212,46,44,0.9565,0.002,8e-04,0.191,0.0772,0.9846,1.1
"1","homeless >=   1.0 & percent_abawd >=   0.5 & total_deductions_by_hh_size < 603.0 & utilities < 334.0","xgboost",757,0.94716,0.93212,468,453,0.9679,0.0204,0.0114,1.945,0.0772,0.9846,1.1
"1","months_since_cert_n <  34.000 & unc_rawben_rel_max >=   0.808 & unc_rawben_rel_max <   1.900 & utilities >= 447.000","xgboost",7786,0.93681,0.93212,4278,3996,0.9341,0.1798,0.1725,17.778,0.0772,0.9846,1.1
"1","months_since_cert_n >= 4.00 & months_since_cert_n < 7.00 & rawben_rel_max >= 0.64 & unc_rawben_rel_max < 1.81","xgboost",5413,0.93774,0.93212,2749,2579,0.9382,0.116,0.1023,11.424,0.0772,0.9846,1.1
"1","children_i <=   0.500 & medical_deductions <= 100.000 & months_since_cert_n >   5.500 & rawben_rel_max >   0.991","ranger",6685,0.93717,0.93211,3597,3359,0.9338,0.1511,0.1795,14.948,0.0772,0.9846,1.1
"1","married <   1 & total_deductions_by_hh_size < 645","xgboost",36143,0.93429,0.93211,18683,17463,0.9347,0.7856,0.6499,77.642,0.0772,0.9846,1.1
"1","rawben_rel_max <=    0.32 & total_deductions_by_hh_size >   63.10 & utilities <= 1170.00","ranger",6379,0.93729,0.93211,3021,2837,0.9391,0.1276,0.1056,12.555,0.0772,0.9846,1.1
"1","cat_elig >= 2.00 & months_since_cert_n < 2.00 & percent_abawd >= 0.50 & unc_rawben_rel_max < 1.46","xgboost",402,0.95274,0.9321,42,41,0.9762,0.0018,5e-04,0.175,0.0772,0.9846,1.1
"1","months_since_cert_n <  17 & total_deductions_by_hh_size < 108 & utilities >=  54","xgboost",2295,0.94074,0.9321,1160,1077,0.9284,0.0485,0.0403,4.821,0.0772,0.9846,1.1
"1","expedited_i > 0.500 & months_since_cert_n > 4.500 & unc_rawben_rel_max > 0.871","ranger",2216,0.94088,0.93209,1211,1123,0.9273,0.0505,0.0687,5.033,0.0772,0.9846,1.1
"1","total_deductions_by_hh_size >= 692.00 & unc_rawben_rel_max >=   1.01","xgboost",4162,0.93849,0.93208,2274,2127,0.9354,0.0957,0.1017,9.45,0.0772,0.9846,1.1
"1","count_divisible_by_100 <=   1.50 & total_deductions_by_hh_size <= 191.00 & unc_rawben_rel_max <=   1.01 & utilities <= 360.00","ranger",7078,0.93699,0.93207,3524,3303,0.9373,0.1486,0.1017,14.645,0.0772,0.9846,1.1
"1","expedited_i >= 1.0 & homeless >= 1.0 & months_since_cert_n < 4.0 & percent_abawd >= 0.5","xgboost",242,0.95868,0.93207,142,137,0.9648,0.0062,0.0036,0.59,0.0772,0.9846,1.1
"1","months_since_cert_n <   34.000 & rawben_rel_max >=    0.288 & shelter_expenses_by_hh_size < 1860.000 & utilities >=  784.000","xgboost",3914,0.93868,0.93207,2662,2469,0.9275,0.1111,0.1081,11.063,0.0772,0.9846,1.1
"1","rawben_rel_max <   0.268 & shelter_expenses_by_hh_size >= 476.000 & total_deductions_by_hh_size < 351.000 & utilities <  41.000","xgboost",367,0.95368,0.93207,166,162,0.9759,0.0073,0.0029,0.69,0.0772,0.9846,1.1
"1","rawben_rel_max <=   0.998 & total_deductions_by_hh_size <= 728.000 & utilities > 850.000","ranger",806,0.94665,0.93207,424,397,0.9363,0.0179,0.0164,1.762,0.0772,0.9846,1.1
"1","homeless >   0.5 & months_since_cert_n <=   7.5 & shelter_expenses_by_hh_size >   5.5 & utilities > 451.0","ranger",314,0.95541,0.93205,153,143,0.9346,0.0064,0.0065,0.636,0.0772,0.9846,1.1
"1","elderly_disabled_i <= 0.5 & homeless <= 0.5 & medical_deductions <= 0.5","ranger",12316,0.93577,0.93204,6452,6050,0.9377,0.2722,0.2825,26.813,0.0772,0.9846,1.1
"1","medical_deductions <  99 & months_since_cert_n <   5 & utilities < 735","xgboost",16905,0.93523,0.93204,8511,8016,0.9418,0.3606,0.2781,35.37,0.0772,0.9846,1.1
"1","shelter_expenses_by_hh_size >=  450 & shelter_expenses_by_hh_size < 1610 & utilities >=  703","xgboost",6035,0.93737,0.93204,3129,2918,0.9326,0.1313,0.1168,13.003,0.0772,0.9846,1.1
"1","percent_abawd <   0.500 & total_deductions_by_hh_size < 567.000 & unc_rawben_rel_max <   0.605","xgboost",15889,0.9353,0.93202,7891,7390,0.9365,0.3325,0.2189,32.793,0.0772,0.9846,1.1
"1","unc_rawben_rel_max >=   0.852 & utilities < 612.000","xgboost",17079,0.93518,0.93202,8528,7991,0.937,0.3595,0.3756,35.44,0.0772,0.9846,1.1
"1","medical_deductions < 403 & months_since_cert_n >=   1 & shelter_expenses_by_hh_size < 916 & utilities < 436","xgboost",23661,0.9347,0.93201,12059,11315,0.9383,0.509,0.4103,50.114,0.0772,0.9846,1.1
"1","cat_elig <    2.0 & percent_abawd >=    0.5 & shelter_expenses_by_hh_size < 1010.0 & utilities >=  488.0","xgboost",278,0.95683,0.932,214,200,0.9346,0.009,0.0093,0.889,0.0772,0.9846,1.1
"1","months_since_cert_n >=    6.000 & rawben_rel_max >=    0.992 & shelter_expenses_by_hh_size < 1440.000","xgboost",6338,0.9372,0.932,3359,3128,0.9312,0.1407,0.1755,13.959,0.0772,0.9846,1.1
"1","count_divisible_by_100 <=  0.5 & months_since_cert_n > 19.5 & shelter_expenses_by_hh_size <= 14.5","ranger",384,0.95312,0.93199,157,150,0.9554,0.0067,0.0048,0.652,0.0772,0.9846,1.1
"1","medical_deductions < 170.000 & rawben_rel_max <   0.472 & unc_rawben_rel_max <   0.648 & utilities < 281.000","xgboost",5403,0.93763,0.93199,2644,2479,0.9376,0.1115,0.0818,10.988,0.0772,0.9846,1.1
"1","cat_elig <=   0.5 & medical_deductions <= 114.0 & months_since_cert_n <=  31.5 & utilities >   7.5","ranger",2055,0.94112,0.93198,1046,992,0.9484,0.0446,0.0269,4.347,0.0772,0.9846,1.1
"1","cat_elig <= 0.5 & count_divisible_by_100 <= 1.5 & elderly_disabled_i > 0.5 & months_since_cert_n <= 5.5","ranger",985,0.94518,0.93198,474,450,0.9494,0.0202,0.0106,1.97,0.0772,0.9846,1.1
"1","cat_elig >=   2 & medical_deductions <  42 & total_deductions_by_hh_size < 511","xgboost",8363,0.93651,0.93198,731,700,0.9576,0.0315,0.0158,3.038,0.0772,0.9846,1.1
"1","months_since_cert_n >=   5.000 & months_since_cert_n <   7.000 & rawben_rel_max >=   0.188 & total_deductions_by_hh_size < 408.000","xgboost",2729,0.9399,0.93198,1412,1327,0.9398,0.0597,0.0441,5.868,0.0772,0.9846,1.1
"1","elderly_disabled_i <=  0.500 & homeless <=  0.500 & rawben_rel_max >  0.969 & shelter_expenses_by_hh_size > 14.500","ranger",4140,0.93841,0.93197,2072,1945,0.9387,0.0875,0.1034,8.611,0.0772,0.9846,1.1
"1","elderly_disabled_i <= 0.5 & homeless <= 0.5","ranger",12317,0.9357,0.93197,6453,6051,0.9377,0.2722,0.2825,26.817,0.0772,0.9846,1.1
"1","shelter_expenses_by_hh_size >= 1000 & shelter_expenses_by_hh_size < 1530 & total_deductions_by_hh_size < 1060 & utilities >= 1010","xgboost",555,0.94955,0.93197,593,561,0.946,0.0252,0.019,2.464,0.0772,0.9846,1.1
"1","cat_elig >   0.5 & months_since_cert_n >   5.5 & shelter_expenses_by_hh_size <= 568.0","ranger",8285,0.93651,0.93196,4263,3962,0.9294,0.1782,0.1777,17.716,0.0772,0.9846,1.1
"1","rawben_rel_max <=  0.32 & total_deductions_by_hh_size > 63.10","ranger",6380,0.93715,0.93196,3021,2837,0.9391,0.1276,0.1056,12.555,0.0772,0.9846,1.1
"1","cat_elig >  1.500 & medical_deductions <= 76.000 & rawben_rel_max <=  0.303 & shelter_expenses_by_hh_size >  5.500","ranger",2368,0.94046,0.93194,172,163,0.9477,0.0073,0.0051,0.715,0.0772,0.9846,1.1
"1","medical_deductions <  99 & months_since_cert_n <   5 & utilities >= 735","xgboost",1547,0.94247,0.93194,801,758,0.9463,0.0341,0.0258,3.329,0.0772,0.9846,1.1
"1","months_since_cert_n <    6.00 & shelter_expenses_by_hh_size < 1290.00 & unc_rawben_rel_max >=    1.48 & utilities >=   76.00","xgboost",1722,0.94193,0.93194,806,761,0.9442,0.0342,0.0338,3.35,0.0772,0.9846,1.1
"1","rawben_rel_max >   0.0887 & rawben_rel_max <=   0.4620 & shelter_expenses_by_hh_size <= 554.0000","ranger",5229,0.93766,0.93193,2596,2421,0.9326,0.1089,0.0761,10.788,0.0772,0.9846,1.1
"1","shelter_expenses_by_hh_size < 1330 & total_deductions_by_hh_size >=   10 & utilities >=  680","xgboost",5121,0.93771,0.93192,2484,2312,0.9308,0.104,0.0923,10.323,0.0772,0.9846,1.1
"1","percent_abawd >=    0.50 & shelter_expenses_by_hh_size < 1430.00 & unc_rawben_rel_max <    1.99","xgboost",4783,0.93791,0.93191,2634,2499,0.9487,0.1124,0.0938,10.946,0.0772,0.9846,1.1
"1","cat_elig >=   2 & shelter_expenses_by_hh_size < 811 & total_deductions_by_hh_size < 531","xgboost",7943,0.93655,0.9319,706,674,0.9547,0.0303,0.0152,2.934,0.0772,0.9846,1.1
"1","children_i <=   0.5 & homeless <=   0.5 & utilities > 802.0","ranger",3781,0.93864,0.9319,2491,2335,0.9374,0.105,0.0924,10.352,0.0772,0.9846,1.1
"1","count_divisible_by_100 <    1 & months_since_cert_n <   10 & shelter_expenses_by_hh_size < 1610 & total_deductions_by_hh_size <  798","xgboost",27707,0.93438,0.9319,13953,13094,0.9384,0.5891,0.4651,57.985,0.0772,0.9846,1.1
"1","count_divisible_by_100 <   1 & months_since_cert_n >=   7 & shelter_expenses_by_hh_size < 652 & utilities < 488","xgboost",8506,0.9364,0.9319,4431,4129,0.9318,0.1858,0.1719,18.414,0.0772,0.9846,1.1
"1","expedited_i <   1 & months_since_cert_n <   8 & utilities < 201","xgboost",9112,0.93624,0.9319,4779,4509,0.9435,0.2029,0.1594,19.86,0.0772,0.9846,1.1
"1","expedited_i <=  0.500 & months_since_cert_n > 36.500 & unc_rawben_rel_max <=  0.991","ranger",107,0.97196,0.9319,55,50,0.9091,0.0022,0.0031,0.229,0.0772,0.9846,1.1
"1","unc_rawben_rel_max <=  0.392 & utilities > 30.500","ranger",9568,0.93614,0.9319,4622,4310,0.9325,0.1939,0.1468,19.208,0.0772,0.9846,1.1
"1","rawben_rel_max <   0.76 & total_deductions_by_hh_size < 542.00 & utilities >= 361.00 & utilities < 783.00","xgboost",8717,0.93633,0.93189,4557,4274,0.9379,0.1923,0.1173,18.938,0.0772,0.9846,1.1
"1","shelter_expenses_by_hh_size < 1120.00 & total_deductions_by_hh_size <  701.00 & unc_rawben_rel_max <    1.46 & utilities <  912.00","xgboost",34461,0.9341,0.93187,17327,16223,0.9363,0.7298,0.5491,72.007,0.0772,0.9846,1.1
"1","months_since_cert_n < 30.000 & rawben_rel_max <  0.080 & unc_rawben_rel_max <  0.443 & utilities < 59.000","xgboost",787,0.94663,0.93186,0,0,NA,0,0,0,0.0772,0.9846,1.1
"1","shelter_expenses_by_hh_size >  14.500 & unc_rawben_rel_max >   0.268 & utilities > 808.000","ranger",3547,0.93882,0.93186,2368,2217,0.9362,0.0997,0.089,9.841,0.0772,0.9846,1.1
"1","cat_elig <= 0.500 & homeless > 0.500 & rawben_rel_max > 0.991 & unc_rawben_rel_max <= 1.200","ranger",37,1,0.93185,19,19,1,9e-04,0,0.079,0.0772,0.9846,1.1
"1","cat_elig > 0.50 & homeless > 0.50 & medical_deductions > 3.50 & unc_rawben_rel_max <= 0.53","ranger",37,1,0.93185,13,11,0.8462,5e-04,0.0012,0.054,0.0772,0.9846,1.1
"1","cat_elig >=   2 & total_deductions_by_hh_size < 511","xgboost",8893,0.93624,0.93185,764,730,0.9555,0.0328,0.0167,3.175,0.0772,0.9846,1.1
"1","elderly_disabled_i >   0.5 & homeless >   0.5 & shelter_expenses_by_hh_size <= 552.0","ranger",554,0.94946,0.93185,256,238,0.9297,0.0107,0.011,1.064,0.0772,0.9846,1.1
"1","medical_deductions >   3.5 & months_since_cert_n <=   0.5 & shelter_expenses_by_hh_size <= 481.0","ranger",37,1,0.93185,21,21,1,9e-04,0,0.087,0.0772,0.9846,1.1
"1","rawben_rel_max >=   0.988 & rawben_rel_max <   0.992 & total_deductions_by_hh_size < 293.000","xgboost",37,1,0.93185,40,38,0.95,0.0017,6e-04,0.166,0.0772,0.9846,1.1
"1","cat_elig > 0.500 & expedited_i > 0.500 & rawben_rel_max > 0.991 & total_deductions_by_hh_size > 7.800","ranger",1972,0.94118,0.93184,996,928,0.9317,0.0417,0.0533,4.139,0.0772,0.9846,1.1
"1","count_divisible_by_100 <    1 & expedited_i <    1 & shelter_expenses_by_hh_size >= 1180 & total_deductions_by_hh_size <  666","xgboost",621,0.94847,0.93183,512,459,0.8965,0.0206,0.0359,2.128,0.0772,0.9846,1.1
"1","elderly_disabled_i >   0.5 & homeless <=   0.5 & medical_deductions <= 146.0 & shelter_expenses_by_hh_size <= 588.0","ranger",9906,0.936,0.93183,5027,4704,0.9357,0.2116,0.1604,20.891,0.0772,0.9846,1.1
"1","homeless <   1 & medical_deductions < 113 & utilities < 281","xgboost",14848,0.93521,0.93181,7647,7197,0.9412,0.3238,0.2705,31.779,0.0772,0.9846,1.1
"1","medical_deductions < 167 & total_deductions_by_hh_size < 650 & utilities < 493","xgboost",29078,0.93425,0.93181,14867,13927,0.9368,0.6266,0.5118,61.784,0.0772,0.9846,1.1
"1","shelter_expenses_by_hh_size >= 400 & total_deductions_by_hh_size >= 236 & utilities >= 819","xgboost",3930,0.93842,0.93181,2568,2404,0.9361,0.1082,0.0979,10.672,0.0772,0.9846,1.1
"1","cat_elig < 2.000 & months_since_cert_n >= 6.000 & rawben_rel_max >= 0.992","xgboost",4805,0.93777,0.93179,3587,3331,0.9286,0.1499,0.1946,14.907,0.0772,0.9846,1.1
"1","elderly_disabled_i <   1.000 & rawben_rel_max >=   0.629 & utilities >= 361.000 & utilities < 385.000","xgboost",241,0.95851,0.93179,142,129,0.9085,0.0058,0.0074,0.59,0.0772,0.9846,1.1
"1","homeless <   1.000 & months_since_cert_n >=   2.000 & unc_rawben_rel_max <   0.478 & utilities < 875.000","xgboost",12602,0.93549,0.93179,6212,5823,0.9374,0.262,0.1777,25.816,0.0772,0.9846,1.1
"1","medical_deductions > 15.5 & medical_deductions <= 73.5 & shelter_expenses_by_hh_size > 14.0","ranger",241,0.95851,0.93179,118,112,0.9492,0.005,0.0027,0.49,0.0772,0.9846,1.1
"1","rawben_rel_max >=    0.344 & total_deductions_by_hh_size < 1010.000 & utilities >=  703.000","xgboost",4667,0.93786,0.93179,2481,2304,0.9287,0.1037,0.0963,10.31,0.0772,0.9846,1.1
"1","shelter_expenses_by_hh_size >= 572.0 & total_deductions_by_hh_size >=   4.4 & total_deductions_by_hh_size < 344.0","xgboost",4636,0.93788,0.93179,2348,2214,0.9429,0.0996,0.0571,9.758,0.0772,0.9846,1.1
"1","cat_elig < 1.0 & elderly_disabled_i >= 1.0 & months_since_cert_n < 1.0 & unc_rawben_rel_max < 1.9","xgboost",147,0.96599,0.93178,63,57,0.9048,0.0026,0.0031,0.262,0.0772,0.9846,1.1
"1","elderly_disabled_i >= 1.000 & rawben_rel_max >= 0.124 & rawben_rel_max < 0.384","xgboost",6317,0.937,0.93178,3195,2977,0.9318,0.1339,0.0878,13.278,0.0772,0.9846,1.1
"1","rawben_rel_max <   0.560 & total_deductions_by_hh_size < 194.000 & unc_rawben_rel_max >=  -0.004 & unc_rawben_rel_max <   1.020","xgboost",6149,0.93706,0.93177,3252,3025,0.9302,0.1361,0.1015,13.515,0.0772,0.9846,1.1
"1","expedited_i <=    0.5 & shelter_expenses_by_hh_size >   14.5 & utilities >  820.0 & utilities <= 1020.0","ranger",3526,0.93874,0.93176,1632,1519,0.9308,0.0683,0.0691,6.782,0.0772,0.9846,1.1
"1","rawben_rel_max <   0.992 & total_deductions_by_hh_size < 303.000","xgboost",13033,0.93539,0.93176,6691,6275,0.9378,0.2823,0.1918,27.806,0.0772,0.9846,1.1
"1","rawben_rel_max < 0.288 & total_deductions_by_hh_size >= 9.000","xgboost",6589,0.93686,0.93175,3176,2976,0.937,0.1339,0.1116,13.199,0.0772,0.9846,1.1
"1","rawben_rel_max >=   0.296 & shelter_expenses_by_hh_size < 750.000 & utilities < 750.000","xgboost",20755,0.93462,0.93174,10654,10003,0.9389,0.45,0.368,44.275,0.0772,0.9846,1.1
"1","expedited_i > 0.5 & homeless <= 0.5 & married <= 0.5","ranger",5413,0.93737,0.93173,2729,2555,0.9362,0.1149,0.122,11.341,0.0772,0.9846,1.1
"1","medical_deductions < 106.000 & months_since_cert_n >=  14.000 & rawben_rel_max <   0.508 & utilities >=  63.000","xgboost",2438,0.94011,0.93171,1185,1117,0.9426,0.0503,0.0307,4.925,0.0772,0.9846,1.1
"1","count_divisible_by_100 < 1.000 & rawben_rel_max < 0.464 & unc_rawben_rel_max < 0.876","xgboost",14405,0.93516,0.9317,7094,6641,0.9361,0.2988,0.2136,29.481,0.0772,0.9846,1.1
"1","count_divisible_by_100 <= 1.50 & months_since_cert_n <= 2.50 & unc_rawben_rel_max <= 1.96","ranger",11544,0.93555,0.93169,5820,5465,0.939,0.2459,0.1935,24.187,0.0772,0.9846,1.1
"1","cat_elig < 2.000 & rawben_rel_max < 0.540 & unc_rawben_rel_max < 0.996","xgboost",12024,0.93546,0.93168,8015,7427,0.9266,0.3341,0.2725,33.308,0.0772,0.9846,1.1
"1","elderly_disabled_i >=   1.000 & rawben_rel_max >=   0.251 & rawben_rel_max <   0.347 & utilities < 277.000","xgboost",785,0.9465,0.93168,486,457,0.9403,0.0206,0.0111,2.02,0.0772,0.9846,1.1
"1","count_divisible_by_100 <=   1.5 & elderly_disabled_i >   0.5 & shelter_expenses_by_hh_size <= 562.0","ranger",10137,0.93578,0.93166,5044,4714,0.9346,0.2121,0.1672,20.962,0.0772,0.9846,1.1
"1","cat_elig <=  0.500 & percent_abawd <=  0.500 & rawben_rel_max <=  0.316 & total_deductions_by_hh_size > 66.700","ranger",636,0.94811,0.93165,298,294,0.9866,0.0132,0.0013,1.238,0.0772,0.9846,1.1
"1","cat_elig > 1.50 & total_deductions_by_hh_size > 2.80 & unc_rawben_rel_max > 1.00 & unc_rawben_rel_max <= 1.96","ranger",2747,0.93957,0.93165,181,171,0.9448,0.0077,0.0055,0.752,0.0772,0.9846,1.1
"1","expedited_i <= 0.500 & months_since_cert_n <= 7.500 & unc_rawben_rel_max > 0.991 & utilities > 9.500","ranger",3890,0.9383,0.93165,2006,1883,0.9387,0.0847,0.0911,8.336,0.0772,0.9846,1.1
"1","elderly_disabled_i <  1.00 & total_deductions_by_hh_size < 87.00 & unc_rawben_rel_max >=  1.25 & utilities < 41.00","xgboost",185,0.96216,0.93164,54,53,0.9815,0.0024,0.001,0.224,0.0772,0.9846,1.1
"1","elderly_disabled_i <=    0.500 & expedited_i <=    0.500 & rawben_rel_max >    0.277 & utilities <= 1020.000","ranger",9365,0.93593,0.93164,4919,4634,0.9421,0.2085,0.1888,20.442,0.0772,0.9846,1.1
"1","homeless >  0.5 & months_since_cert_n > 12.5 & total_deductions_by_hh_size <= 18.8","ranger",185,0.96216,0.93164,81,81,1,0.0036,0,0.337,0.0772,0.9846,1.1
"1","rawben_rel_max >=   0.992 & utilities >= 494.000 & utilities < 724.000","xgboost",2295,0.94031,0.93164,1052,990,0.9411,0.0445,0.0463,4.372,0.0772,0.9846,1.1
"1","elderly_disabled_i >  0.500 & rawben_rel_max <=  0.273 & total_deductions_by_hh_size >  8.500 & utilities <= 30.500","ranger",669,0.94768,0.93163,337,321,0.9525,0.0144,0.0091,1.4,0.0772,0.9846,1.1
"1","shelter_expenses_by_hh_size < 552 & total_deductions_by_hh_size < 202 & utilities >=  57","xgboost",3535,0.93861,0.93163,1674,1548,0.9247,0.0696,0.0573,6.957,0.0772,0.9846,1.1
"1","homeless <   1 & shelter_expenses_by_hh_size < 920 & total_deductions_by_hh_size < 611 & utilities < 600","xgboost",26716,0.93416,0.93162,13433,12606,0.9384,0.5671,0.4288,55.824,0.0772,0.9846,1.1
"1","cat_elig > 1.500 & rawben_rel_max <= 0.249 & total_deductions_by_hh_size > 8.900","ranger",2122,0.94062,0.93161,131,126,0.9618,0.0057,0.0032,0.544,0.0772,0.9846,1.1
"1","elderly_disabled_i >    0.5 & medical_deductions <=  156.0 & utilities >  850.0 & utilities <= 1020.0","ranger",2667,0.93963,0.93159,1148,1067,0.9294,0.048,0.0479,4.771,0.0772,0.9846,1.1
"1","total_deductions_by_hh_size < 650","xgboost",36480,0.93374,0.93157,18867,17624,0.9341,0.7929,0.6657,78.407,0.0772,0.9846,1.1
"1","cat_elig <  1.000 & months_since_cert_n < 12.000 & rawben_rel_max <  0.652","xgboost",1316,0.94301,0.93156,632,599,0.9478,0.0269,0.0133,2.626,0.0772,0.9846,1.1
"1","children_i < 1.000 & elderly_disabled_i >= 1.000 & unc_rawben_rel_max < 0.584","xgboost",16665,0.93477,0.93156,8329,7780,0.9341,0.35,0.2296,34.613,0.0772,0.9846,1.1
"1","rawben_rel_max >= 0.811","xgboost",23086,0.93429,0.93156,12102,11308,0.9344,0.5087,0.5327,50.293,0.0772,0.9846,1.1
"1","expedited_i <  1.000 & months_since_cert_n < 30.000 & unc_rawben_rel_max <  0.443 & utilities >= 59.000","xgboost",8945,0.93594,0.93155,4436,4146,0.9346,0.1865,0.1324,18.435,0.0772,0.9846,1.1
"1","cat_elig >   0.5 & children_i <=   0.5 & months_since_cert_n >   5.5 & utilities > 790.0","ranger",2463,0.93991,0.93154,2041,1883,0.9226,0.0847,0.0916,8.482,0.0772,0.9846,1.1
"1","rawben_rel_max <   0.364 & shelter_expenses_by_hh_size >= 351.000 & total_deductions_by_hh_size >=  18.400","xgboost",7493,0.93634,0.93154,3627,3393,0.9355,0.1526,0.1147,15.073,0.0772,0.9846,1.1
"1","shelter_expenses_by_hh_size < 1560 & total_deductions_by_hh_size <  650 & utilities <  724","xgboost",34812,0.93376,0.93153,17811,16664,0.9356,0.7497,0.6061,74.018,0.0772,0.9846,1.1
"1","cat_elig >=   1.000 & medical_deductions >= 123.000 & rawben_rel_max <   0.268 & unc_rawben_rel_max >=  -0.016","xgboost",467,0.95075,0.93152,225,210,0.9333,0.0094,0.006,0.935,0.0772,0.9846,1.1
"1","count_divisible_by_100 <=   1.5 & elderly_disabled_i >   0.5 & medical_deductions <= 150.0 & shelter_expenses_by_hh_size <= 618.0","ranger",11393,0.9354,0.93151,5652,5280,0.9342,0.2375,0.1849,23.488,0.0772,0.9846,1.1
"1","percent_abawd <=    1.5 & total_deductions_by_hh_size <= 1350.0 & unc_rawben_rel_max >    1.0 & utilities >    9.5","ranger",7958,0.93616,0.93151,4060,3802,0.9365,0.171,0.1931,16.872,0.0772,0.9846,1.1
"1","shelter_expenses_by_hh_size >= 859 & shelter_expenses_by_hh_size < 963 & utilities >= 789 & utilities < 892","xgboost",240,0.95833,0.93151,84,74,0.881,0.0033,0.0055,0.349,0.0772,0.9846,1.1
"1","count_divisible_by_100 >  0.500 & months_since_cert_n >  5.500 & rawben_rel_max >  0.991 & total_deductions_by_hh_size > 28.500","ranger",258,0.95736,0.93149,164,150,0.9146,0.0067,0.0106,0.682,0.0772,0.9846,1.1
"1","count_divisible_by_100 >=   1.000 & rawben_rel_max >=   0.992 & unc_rawben_rel_max >=   0.972 & utilities < 585.000","xgboost",651,0.94777,0.93149,360,336,0.9333,0.0151,0.0186,1.496,0.0772,0.9846,1.1
"1","months_since_cert_n < 4.000 & rawben_rel_max >= 0.488 & unc_rawben_rel_max >= 0.478","xgboost",11585,0.93535,0.93149,5919,5570,0.941,0.2506,0.1995,24.598,0.0772,0.9846,1.1
"1","medical_deductions < 159.000 & rawben_rel_max >=   0.784","xgboost",23370,0.93419,0.93147,12210,11419,0.9352,0.5137,0.5196,50.742,0.0772,0.9846,1.1
"1","months_since_cert_n >=  20.000 & rawben_rel_max <   0.572 & shelter_expenses_by_hh_size >= 400.000","xgboost",1820,0.94121,0.93147,807,760,0.9418,0.0342,0.0196,3.354,0.0772,0.9846,1.1
"1","shelter_expenses_by_hh_size < 884","xgboost",32436,0.93378,0.93147,16280,15252,0.9369,0.6862,0.5547,67.656,0.0772,0.9846,1.1
"1","cat_elig <   2 & utilities >= 670","xgboost",5101,0.93727,0.93145,3998,3688,0.9225,0.1659,0.173,16.615,0.0772,0.9846,1.1
"1","cat_elig >=   1.000 & months_since_cert_n <  13.000 & unc_rawben_rel_max <   0.443 & utilities < 559.000","xgboost",8117,0.93606,0.93145,4022,3766,0.9364,0.1694,0.1261,16.714,0.0772,0.9846,1.1
"1","count_divisible_by_100 <    1 & shelter_expenses_by_hh_size < 1800 & utilities >=  714","xgboost",6105,0.93677,0.93145,3113,2894,0.9296,0.1302,0.1215,12.937,0.0772,0.9846,1.1
"1","months_since_cert_n >=   2 & shelter_expenses_by_hh_size < 828","xgboost",25220,0.93406,0.93144,12660,11849,0.9359,0.5331,0.44,52.612,0.0772,0.9846,1.1
"1","months_since_cert_n >=  9.000 & rawben_rel_max <  0.402 & utilities >= 30.000","xgboost",4307,0.93778,0.93144,2113,1973,0.9337,0.0888,0.0629,8.781,0.0772,0.9846,1.1
"1","cat_elig >=  2 & children_i <  1 & total_deductions_by_hh_size < 40 & utilities >= 44","xgboost",517,0.94971,0.93143,56,55,0.9821,0.0025,6e-04,0.233,0.0772,0.9846,1.1
"1","elderly_disabled_i >=    1 & shelter_expenses_by_hh_size >= 1110 & shelter_expenses_by_hh_size < 1280 & utilities >=  886","xgboost",517,0.94971,0.93143,414,397,0.9589,0.0179,0.0092,1.72,0.0772,0.9846,1.1
"1","elderly_disabled_i >=  1.000 & medical_deductions < 16.000 & total_deductions_by_hh_size >=  9.000 & unc_rawben_rel_max <  0.271","xgboost",3770,0.9382,0.93143,1837,1730,0.9418,0.0778,0.0523,7.634,0.0772,0.9846,1.1
"1","months_since_cert_n <  16.000 & rawben_rel_max <   0.472 & total_deductions_by_hh_size >=  40.000 & total_deductions_by_hh_size < 256.000","xgboost",4138,0.93789,0.93143,2047,1926,0.9409,0.0866,0.0589,8.507,0.0772,0.9846,1.1
"1","months_since_cert_n >=   9.00 & months_since_cert_n <  29.00 & unc_rawben_rel_max <   0.12 & utilities >= 585.00","xgboost",398,0.95226,0.93142,216,207,0.9583,0.0093,0.0049,0.898,0.0772,0.9846,1.1
"1","count_divisible_by_100 <    1 & shelter_expenses_by_hh_size < 1800 & total_deductions_by_hh_size >=  337 & utilities >=  714","xgboost",5949,0.9368,0.93141,3069,2855,0.9303,0.1284,0.1183,12.754,0.0772,0.9846,1.1
"1","homeless <   1 & total_deductions_by_hh_size < 597","xgboost",30168,0.9338,0.93141,15238,14275,0.9368,0.6422,0.4862,63.325,0.0772,0.9846,1.1
"1","months_since_cert_n <  15.000 & rawben_rel_max >=   0.636 & utilities < 431.000","xgboost",14702,0.93484,0.93141,7563,7096,0.9383,0.3192,0.3047,31.43,0.0772,0.9846,1.1
"1","unc_rawben_rel_max >=  -0.347 & utilities < 334.000","xgboost",20910,0.93429,0.93141,10071,9468,0.9401,0.4259,0.3548,41.853,0.0772,0.9846,1.1
"1","months_since_cert_n <   10 & shelter_expenses_by_hh_size < 1610 & total_deductions_by_hh_size <  798","xgboost",28843,0.93385,0.9314,14547,13640,0.9377,0.6136,0.4924,60.454,0.0772,0.9846,1.1
"1","months_since_cert_n <  15 & shelter_expenses_by_hh_size >=  29 & shelter_expenses_by_hh_size < 557 & total_deductions_by_hh_size < 182","xgboost",5233,0.93713,0.93138,2592,2430,0.9375,0.1093,0.0786,10.772,0.0772,0.9846,1.1
"1","months_since_cert_n >=   9 & shelter_expenses_by_hh_size < 627 & utilities < 601","xgboost",6780,0.93643,0.93138,3536,3284,0.9287,0.1477,0.1403,14.695,0.0772,0.9846,1.1
"1","rawben_rel_max <    0.916 & shelter_expenses_by_hh_size < 1130.000 & utilities >=  369.000 & utilities <  385.000","xgboost",765,0.94641,0.93137,553,512,0.9259,0.023,0.0151,2.298,0.0772,0.9846,1.1
"1","total_deductions_by_hh_size < 701.00 & unc_rawben_rel_max <   1.46 & utilities < 912.00","xgboost",35561,0.93358,0.93137,17863,16707,0.9353,0.7516,0.5734,74.234,0.0772,0.9846,1.1
"1","rawben_rel_max <   0.364 & shelter_expenses_by_hh_size < 351.000 & utilities >=  44.000","xgboost",976,0.94467,0.93136,473,445,0.9408,0.02,0.0142,1.966,0.0772,0.9846,1.1
"1","shelter_expenses_by_hh_size < 305.000 & unc_rawben_rel_max >=  -0.004 & unc_rawben_rel_max <   0.430","xgboost",2161,0.94031,0.93136,1075,1021,0.9498,0.0459,0.0286,4.467,0.0772,0.9846,1.1
"1","months_since_cert_n >  4.500 & months_since_cert_n <= 36.500 & rawben_rel_max >  0.087 & rawben_rel_max <=  0.268","ranger",2905,0.93907,0.93135,1392,1311,0.9418,0.059,0.0354,5.785,0.0772,0.9846,1.1
"1","elderly_disabled_i >   0.5 & percent_abawd <=   1.5 & shelter_expenses_by_hh_size <= 816.0 & utilities <=  26.5","ranger",5078,0.93718,0.93134,2584,2426,0.9389,0.1091,0.086,10.738,0.0772,0.9846,1.1
"1","expedited_i <=   0.50000 & homeless <=   0.50000 & shelter_expenses_by_hh_size <= 552.00000 & unc_rawben_rel_max >  -0.00915","ranger",12578,0.93505,0.93134,6515,6107,0.9374,0.2747,0.2274,27.075,0.0772,0.9846,1.1
"1","months_since_cert_n <=  35.50 & percent_abawd <=   0.25 & utilities > 802.00","ranger",3704,0.93817,0.93134,2429,2274,0.9362,0.1023,0.0902,10.094,0.0772,0.9846,1.1
"1","cat_elig <= 0.500 & expedited_i <= 0.500 & rawben_rel_max > 0.272","ranger",2626,0.93945,0.93133,1396,1320,0.9456,0.0594,0.0345,5.801,0.0772,0.9846,1.1
"1","medical_deductions > 194.00 & total_deductions_by_hh_size >   8.80 & unc_rawben_rel_max <=   0.32","ranger",293,0.95563,0.93133,125,119,0.952,0.0054,0.0019,0.519,0.0772,0.9846,1.1
"1","months_since_cert_n <=    0.5 & shelter_expenses_by_hh_size > 1160.0 & shelter_expenses_by_hh_size <= 1660.0 & total_deductions_by_hh_size >  184.0","ranger",293,0.95563,0.93133,145,133,0.9172,0.006,0.008,0.603,0.0772,0.9846,1.1
"1","months_since_cert_n <   6.00 & unc_rawben_rel_max >=   1.81 & unc_rawben_rel_max <   2.52 & utilities >= 487.00","xgboost",846,0.94563,0.93132,379,358,0.9446,0.0161,0.0175,1.575,0.0772,0.9846,1.1
"1","unc_rawben_rel_max >  0.991 & utilities > 50.500","ranger",8223,0.93591,0.93132,4245,3964,0.9338,0.1783,0.2081,17.641,0.0772,0.9846,1.1
"1","expedited_i <   1.00 & percent_abawd <   0.50 & unc_rawben_rel_max >=   0.12 & utilities >= 875.00","xgboost",2175,0.94023,0.93131,1500,1407,0.938,0.0633,0.0536,6.234,0.0772,0.9846,1.1
"1","married <    1 & shelter_expenses_by_hh_size < 1800 & utilities >=  688","xgboost",6607,0.93643,0.93131,3358,3124,0.9303,0.1405,0.1276,13.955,0.0772,0.9846,1.1
"1","medical_deductions <  148 & total_deductions_by_hh_size < 1170 & utilities >=  892 & utilities <  992","xgboost",797,0.94605,0.93131,611,581,0.9509,0.0261,0.0176,2.539,0.0772,0.9846,1.1
"1","homeless <   1.000 & unc_rawben_rel_max <   0.478 & utilities < 875.000","xgboost",14440,0.93476,0.9313,7068,6617,0.9362,0.2977,0.2083,29.373,0.0772,0.9846,1.1
"1","count_divisible_by_100 <   1 & married <   1 & shelter_expenses_by_hh_size < 925","xgboost",32395,0.9336,0.93129,16222,15172,0.9353,0.6826,0.5568,67.415,0.0772,0.9846,1.1
"1","count_divisible_by_100 <= 1.50 & months_since_cert_n <= 5.50 & unc_rawben_rel_max <= 1.96","ranger",22595,0.93406,0.93129,11386,10680,0.938,0.4805,0.3836,47.317,0.0772,0.9846,1.1
"1","total_deductions_by_hh_size <= 1350.0 & unc_rawben_rel_max >    1.0 & utilities >    9.5","ranger",7978,0.93595,0.93129,4073,3814,0.9364,0.1716,0.194,16.926,0.0772,0.9846,1.1
"1","cat_elig <=   0.5 & medical_deductions >   7.5 & utilities > 490.0","ranger",106,0.9717,0.93128,47,45,0.9574,0.002,7e-04,0.195,0.0772,0.9846,1.1
"1","cat_elig <= 0.500 & medical_deductions <= 6.500 & months_since_cert_n > 6.500 & rawben_rel_max > 0.993","ranger",380,0.95263,0.93128,211,199,0.9431,0.009,0.0078,0.877,0.0772,0.9846,1.1
"1","children_i <= 0.5 & married <= 0.5 & months_since_cert_n <= 5.5","ranger",22294,0.93406,0.93128,11299,10582,0.9365,0.4761,0.3899,46.956,0.0772,0.9846,1.1
"1","months_since_cert_n >=   2 & total_deductions_by_hh_size >= 710 & utilities >= 875","xgboost",1611,0.94165,0.93128,1206,1130,0.937,0.0508,0.0437,5.012,0.0772,0.9846,1.1
"1","months_since_cert_n >=   3.000 & rawben_rel_max >=   0.748 & shelter_expenses_by_hh_size < 896.000 & unc_rawben_rel_max >=  -0.440","xgboost",10231,0.93539,0.93128,5147,4812,0.9349,0.2165,0.2222,21.39,0.0772,0.9846,1.1
"1","months_since_cert_n >=  25.000 & rawben_rel_max <   0.572 & shelter_expenses_by_hh_size >= 884.000 & total_deductions_by_hh_size < 650.000","xgboost",184,0.96196,0.93128,65,62,0.9538,0.0028,0.0013,0.27,0.0772,0.9846,1.1
"1","rawben_rel_max >=  0.184 & shelter_expenses_by_hh_size < 29.000 & unc_rawben_rel_max <  1.180","xgboost",2143,0.94027,0.93128,1133,1090,0.962,0.049,0.0233,4.708,0.0772,0.9846,1.1
"1","total_deductions_by_hh_size >= 675.00 & unc_rawben_rel_max <   2.22 & utilities >= 819.00","xgboost",2701,0.93928,0.93127,1869,1752,0.9374,0.0788,0.0658,7.767,0.0772,0.9846,1.1
"1","elderly_disabled_i >   0.5 & medical_deductions <= 170.0 & shelter_expenses_by_hh_size <= 616.0","ranger",11470,0.93514,0.93125,5681,5309,0.9345,0.2388,0.185,23.609,0.0772,0.9846,1.1
"1","medical_deductions > 116.000 & rawben_rel_max >   0.085 & unc_rawben_rel_max <=   0.266","ranger",414,0.95169,0.93123,194,181,0.933,0.0081,0.0051,0.806,0.0772,0.9846,1.1
"1","shelter_expenses_by_hh_size >= 469.00 & total_deductions_by_hh_size < 108.00 & unc_rawben_rel_max >=  -0.56 & utilities >= 469.00","xgboost",257,0.9572,0.93123,97,93,0.9588,0.0042,0.0029,0.403,0.0772,0.9846,1.1
"1","months_since_cert_n >   5.5 & months_since_cert_n <=  17.5 & shelter_expenses_by_hh_size <= 672.0","ranger",8737,0.93568,0.93122,4538,4230,0.9321,0.1903,0.181,18.859,0.0772,0.9846,1.1
"1","total_deductions_by_hh_size <  22.400 & unc_rawben_rel_max >=  -0.016 & unc_rawben_rel_max <   1.020 & utilities < 450.000","xgboost",3437,0.93832,0.93122,1779,1677,0.9427,0.0754,0.0455,7.393,0.0772,0.9846,1.1
"1","children_i <=  0.500 & months_since_cert_n >  5.500 & months_since_cert_n <= 42.500 & unc_rawben_rel_max >  0.991","ranger",6929,0.93621,0.93121,3717,3463,0.9317,0.1558,0.1931,15.447,0.0772,0.9846,1.1
"1","shelter_expenses_by_hh_size < 1210.000 & unc_rawben_rel_max >=   -0.392 & utilities >=  680.000","xgboost",4125,0.9377,0.93121,1868,1732,0.9272,0.0779,0.0721,7.763,0.0772,0.9846,1.1
"1","count_divisible_by_100 > 0.500 & rawben_rel_max > 0.991","ranger",812,0.94581,0.9312,475,444,0.9347,0.02,0.0239,1.974,0.0772,0.9846,1.1
"1","cat_elig <=  0.5 & elderly_disabled_i >  0.5 & months_since_cert_n <= 28.5 & percent_abawd <=  0.5","ranger",2373,0.93974,0.93119,1202,1134,0.9434,0.051,0.0322,4.995,0.0772,0.9846,1.1
"1","months_since_cert_n >   5.500 & unc_rawben_rel_max >   0.268 & unc_rawben_rel_max <=   1.970 & utilities > 850.000","ranger",1844,0.94089,0.93119,1290,1206,0.9349,0.0543,0.051,5.361,0.0772,0.9846,1.1
"1","rawben_rel_max >=   0.79 & shelter_expenses_by_hh_size >= 793.00 & unc_rawben_rel_max >=   1.01","xgboost",5552,0.93678,0.93119,3155,2952,0.9357,0.1328,0.1493,13.111,0.0772,0.9846,1.1
"1","cat_elig <=   0.5 & medical_deductions <= 114.0 & utilities >   7.5","ranger",2077,0.9403,0.93116,1064,1009,0.9483,0.0454,0.0272,4.422,0.0772,0.9846,1.1
"1","expedited_i >  0.500 & shelter_expenses_by_hh_size > 17.000 & unc_rawben_rel_max >  0.991","ranger",2046,0.94037,0.93116,1043,967,0.9271,0.0435,0.0595,4.334,0.0772,0.9846,1.1
"1","cat_elig <   2 & months_since_cert_n >=  20 & total_deductions_by_hh_size < 494 & utilities < 723","xgboost",2061,0.94032,0.93115,1220,1132,0.9279,0.0509,0.0411,5.07,0.0772,0.9846,1.1
"1","children_i >   0.5 & married >   0.5 & percent_abawd <=   0.5 & total_deductions_by_hh_size > 282.0","ranger",126,0.96825,0.93115,43,42,0.9767,0.0019,2e-04,0.179,0.0772,0.9846,1.1
"1","children_i <=    0.500 & shelter_expenses_by_hh_size <= 1730.000 & unc_rawben_rel_max >    0.991 & utilities >   14.500","ranger",7765,0.93587,0.93114,3951,3696,0.9355,0.1663,0.1882,16.419,0.0772,0.9846,1.1
"1","cat_elig >   0.5 & medical_deductions <= 568.0 & shelter_expenses_by_hh_size >   5.5 & utilities > 790.0","ranger",3830,0.93786,0.93113,3048,2816,0.9239,0.1267,0.1328,12.667,0.0772,0.9846,1.1
"1","married <= 0.500 & months_since_cert_n > 5.500 & unc_rawben_rel_max > 0.991","ranger",7011,0.9361,0.93113,3756,3496,0.9308,0.1573,0.1972,15.609,0.0772,0.9846,1.1
"1","medical_deductions <   4.000 & rawben_rel_max >=   0.766 & utilities >= 534.000","xgboost",6709,0.93621,0.93112,3745,3505,0.9359,0.1577,0.1525,15.563,0.0772,0.9846,1.1
"1","cat_elig >=   1 & shelter_expenses_by_hh_size >= 297 & total_deductions_by_hh_size < 327 & utilities < 612","xgboost",9112,0.93547,0.93111,4614,4308,0.9337,0.1938,0.135,19.175,0.0772,0.9846,1.1
"1","count_divisible_by_100 >   0.5 & shelter_expenses_by_hh_size <= 400.0 & total_deductions_by_hh_size >   7.8","ranger",379,0.95251,0.93111,202,194,0.9604,0.0087,0.0045,0.839,0.0772,0.9846,1.1
"1","expedited_i < 1.000 & months_since_cert_n < 4.000 & rawben_rel_max >= 0.533 & unc_rawben_rel_max >= 0.808","xgboost",6014,0.93648,0.93111,3273,3105,0.9487,0.1397,0.1102,13.602,0.0772,0.9846,1.1
"1","months_since_cert_n >=   22 & shelter_expenses_by_hh_size <  314 & total_deductions_by_hh_size < 1780","xgboost",481,0.9501,0.93111,221,207,0.9367,0.0093,0.0092,0.918,0.0772,0.9846,1.1
"1","cat_elig <=  0.5 & children_i <=  0.5 & homeless <=  0.5 & utilities > 41.0","ranger",2339,0.93972,0.9311,1182,1121,0.9484,0.0504,0.0271,4.912,0.0772,0.9846,1.1
"1","months_since_cert_n < 11.0 & percent_abawd >=  0.5","xgboost",4681,0.93719,0.9311,2550,2411,0.9455,0.1085,0.096,10.597,0.0772,0.9846,1.1
"1","cat_elig <=  1.500 & married <=  0.500 & rawben_rel_max >  0.998 & total_deductions_by_hh_size > 29.900","ranger",6405,0.9363,0.93109,4549,4230,0.9299,0.1903,0.2409,18.905,0.0772,0.9846,1.1
"1","cat_elig <= 1.500 & rawben_rel_max > 0.991 & total_deductions_by_hh_size > 2.800","ranger",6766,0.93615,0.93109,4813,4482,0.9312,0.2016,0.2476,20.002,0.0772,0.9846,1.1
"1","months_since_cert_n <    4 & shelter_expenses_by_hh_size < 2090 & total_deductions_by_hh_size < 1100","xgboost",15304,0.93446,0.93109,7657,7204,0.9408,0.3241,0.2423,31.821,0.0772,0.9846,1.1
"1","rawben_rel_max <  0.412 & utilities >= 30.000","xgboost",10007,0.93525,0.93108,4842,4511,0.9316,0.2029,0.1551,20.122,0.0772,0.9846,1.1
"1","elderly_disabled_i >=   1 & months_since_cert_n >=   8 & utilities >= 912","xgboost",859,0.94529,0.93107,862,817,0.9478,0.0368,0.0271,3.582,0.0772,0.9846,1.1
"1","cat_elig >=    1.000 & rawben_rel_max <    0.533 & shelter_expenses_by_hh_size < 1100.000 & utilities <  645.000","xgboost",12523,0.93476,0.93104,6144,5726,0.932,0.2576,0.1929,25.533,0.0772,0.9846,1.1
"1","shelter_expenses_by_hh_size < 1800.0 & total_deductions_by_hh_size >=    4.4 & total_deductions_by_hh_size <  244.0 & utilities >=  334.0","xgboost",3382,0.9382,0.93103,2016,1877,0.9311,0.0844,0.0639,8.378,0.0772,0.9846,1.1
"1","total_deductions_by_hh_size >= 452 & total_deductions_by_hh_size < 597 & utilities >= 585 & utilities < 844","xgboost",1179,0.94317,0.93103,588,538,0.915,0.0242,0.0215,2.444,0.0772,0.9846,1.1
"1","medical_deductions <  148 & months_since_cert_n >=    8 & shelter_expenses_by_hh_size >= 1290 & utilities >=  992","xgboost",274,0.9562,0.93102,271,254,0.9373,0.0114,0.0113,1.126,0.0772,0.9846,1.1
"1","children_i <= 0.500 & months_since_cert_n > 5.500 & rawben_rel_max > 0.991","ranger",6939,0.93601,0.93101,3723,3469,0.9318,0.1561,0.1931,15.472,0.0772,0.9846,1.1
"1","medical_deductions < 179.000 & months_since_cert_n >=   4.000 & rawben_rel_max >=   0.928 & unc_rawben_rel_max >=   0.972","xgboost",10938,0.935,0.93101,5736,5349,0.9325,0.2406,0.2803,23.837,0.0772,0.9846,1.1
"1","shelter_expenses_by_hh_size > 274.0 & total_deductions_by_hh_size <= 369.0 & utilities >  12.5","ranger",10505,0.93508,0.93101,5334,4974,0.9325,0.2238,0.1637,22.167,0.0772,0.9846,1.1
"1","cat_elig <=   0.5 & medical_deductions <= 110.0 & shelter_expenses_by_hh_size >   8.0","ranger",2382,0.93955,0.931,1218,1154,0.9475,0.0519,0.0306,5.062,0.0772,0.9846,1.1
"1","cat_elig <= 0.5 & elderly_disabled_i > 0.5 & months_since_cert_n <= 5.5","ranger",987,0.94428,0.931,475,451,0.9495,0.0203,0.0106,1.974,0.0772,0.9846,1.1
"1","expedited_i > 0.5 & homeless <= 0.5","ranger",5444,0.93663,0.93098,2749,2574,0.9363,0.1158,0.1229,11.424,0.0772,0.9846,1.1
"1","expedited_i <    1.000 & rawben_rel_max <    0.529 & shelter_expenses_by_hh_size < 2090.000","xgboost",16060,0.93425,0.93096,7961,7421,0.9322,0.3339,0.242,33.084,0.0772,0.9846,1.1
"1","months_since_cert_n >=  10.000 & total_deductions_by_hh_size >=  30.000 & unc_rawben_rel_max <   0.352 & utilities < 361.000","xgboost",890,0.94494,0.93096,426,392,0.9202,0.0176,0.022,1.77,0.0772,0.9846,1.1
"1","rawben_rel_max >=   0.9 & shelter_expenses_by_hh_size < 432.0 & total_deductions_by_hh_size >=   4.4 & total_deductions_by_hh_size < 194.0","xgboost",1114,0.94345,0.93095,563,540,0.9591,0.0243,0.0183,2.34,0.0772,0.9846,1.1
"1","rawben_rel_max >= 0.152 & rawben_rel_max < 0.324","xgboost",4670,0.93704,0.93094,2451,2297,0.9372,0.1033,0.0643,10.186,0.0772,0.9846,1.1
"1","cat_elig <= 0.5 & expedited_i <= 0.5 & medical_deductions <= 3.5 & utilities > 7.5","ranger",1759,0.94088,0.93093,896,854,0.9531,0.0384,0.0189,3.724,0.0772,0.9846,1.1
"1","cat_elig >  0.5 & total_deductions_by_hh_size <= 61.3 & utilities > 29.5","ranger",2564,0.93916,0.93092,1314,1215,0.9247,0.0547,0.046,5.461,0.0772,0.9846,1.1
"1","count_divisible_by_100 <   1.000 & rawben_rel_max >=   0.124 & utilities < 318.000","xgboost",17179,0.93411,0.93092,8734,8219,0.941,0.3698,0.3049,36.296,0.0772,0.9846,1.1
"1","elderly_disabled_i >   0.5000 & homeless >   0.5000 & total_deductions_by_hh_size <= 184.0000 & unc_rawben_rel_max >   0.0887","ranger",446,0.95067,0.93092,209,195,0.933,0.0088,0.0086,0.869,0.0772,0.9846,1.1
"1","homeless >=   1.0 & percent_abawd >=   0.5 & shelter_expenses_by_hh_size < 430.0","xgboost",760,0.94605,0.93092,475,458,0.9642,0.0206,0.0129,1.974,0.0772,0.9846,1.1
"1","cat_elig >=   2.00 & shelter_expenses_by_hh_size < 726.00 & total_deductions_by_hh_size < 725.00 & unc_rawben_rel_max <   2.52","xgboost",7859,0.93562,0.93091,706,675,0.9561,0.0304,0.0153,2.934,0.0772,0.9846,1.1
"1","cat_elig >= 1.00 & rawben_rel_max < 0.32 & unc_rawben_rel_max >= 0.00","xgboost",5831,0.93637,0.93091,2912,2727,0.9365,0.1227,0.0804,12.102,0.0772,0.9846,1.1
"1","count_divisible_by_100 <    1 & shelter_expenses_by_hh_size >= 1000 & utilities >=  819","xgboost",3269,0.93821,0.93091,2282,2141,0.9382,0.0963,0.0838,9.483,0.0772,0.9846,1.1
"1","count_divisible_by_100 <= 0.500 & elderly_disabled_i <= 0.500 & rawben_rel_max > 0.971 & utilities > 9.500","ranger",3696,0.93777,0.93091,1814,1713,0.9443,0.0771,0.0829,7.539,0.0772,0.9846,1.1
"1","elderly_disabled_i <=  0.500 & medical_deductions <=  3.500 & unc_rawben_rel_max >  0.941 & utilities > 12.500","ranger",4046,0.93747,0.93091,2023,1904,0.9412,0.0857,0.0977,8.407,0.0772,0.9846,1.1
"1","months_since_cert_n >=   24 & shelter_expenses_by_hh_size <  363 & total_deductions_by_hh_size < 1120","xgboost",429,0.95105,0.93091,189,177,0.9365,0.008,0.0073,0.785,0.0772,0.9846,1.1
"1","months_since_cert_n <   29.000 & rawben_rel_max >=    0.344 & total_deductions_by_hh_size < 1010.000 & utilities >=  703.000","xgboost",4212,0.93732,0.93089,2342,2173,0.9278,0.0978,0.0906,9.733,0.0772,0.9846,1.1
"1","shelter_expenses_by_hh_size < 1000.00 & total_deductions_by_hh_size <  938.00 & unc_rawben_rel_max <    1.93","xgboost",35623,0.93311,0.93089,17756,16619,0.936,0.7477,0.5967,73.79,0.0772,0.9846,1.1
"1","cat_elig <   1 & medical_deductions < 129 & shelter_expenses_by_hh_size >= 314 & total_deductions_by_hh_size < 903","xgboost",1960,0.94031,0.93088,997,948,0.9509,0.0426,0.0211,4.143,0.0772,0.9846,1.1
"1","cat_elig <   1 & months_since_cert_n >=   9 & shelter_expenses_by_hh_size < 869 & total_deductions_by_hh_size < 595","xgboost",905,0.94475,0.93088,483,459,0.9503,0.0206,0.0111,2.007,0.0772,0.9846,1.1
"1","elderly_disabled_i >= 1.000 & months_since_cert_n >= 5.000 & rawben_rel_max < 0.447 & total_deductions_by_hh_size >= 9.000","xgboost",6596,0.93602,0.93088,3260,3046,0.9344,0.137,0.0896,13.548,0.0772,0.9846,1.1
"1","expedited_i <=   0.5 & medical_deductions <=   0.5 & total_deductions_by_hh_size <= 327.0 & utilities >   8.0","ranger",9053,0.93527,0.93088,4595,4302,0.9362,0.1935,0.1328,19.096,0.0772,0.9846,1.1
"1","children_i <= 0.5 & months_since_cert_n <= 5.5","ranger",22371,0.93366,0.93087,11323,10604,0.9365,0.4771,0.3918,47.056,0.0772,0.9846,1.1
"1","cat_elig <= 0.5 & elderly_disabled_i > 0.5 & months_since_cert_n <= 3.5 & utilities <= 8.0","ranger",145,0.96552,0.93086,76,71,0.9342,0.0032,0.002,0.316,0.0772,0.9846,1.1
"1","shelter_expenses_by_hh_size < 1030.00 & unc_rawben_rel_max <    1.48 & utilities <  912.00","xgboost",34078,0.93312,0.93086,17095,15989,0.9353,0.7193,0.5561,71.043,0.0772,0.9846,1.1
"1","rawben_rel_max >=   0.964 & total_deductions_by_hh_size >= 888.000 & total_deductions_by_hh_size < 997.000 & unc_rawben_rel_max >=   1.010","xgboost",694,0.94669,0.93084,449,418,0.931,0.0188,0.0224,1.866,0.0772,0.9846,1.1
"1","children_i <= 0.50 & elderly_disabled_i <= 0.50 & expedited_i <= 0.50 & unc_rawben_rel_max <= 1.93","ranger",9568,0.9351,0.93083,5105,4802,0.9406,0.216,0.2043,21.215,0.0772,0.9846,1.1
"1","count_divisible_by_100 >   0.500 & elderly_disabled_i <=   0.500 & unc_rawben_rel_max >   0.967 & utilities > 416.000","ranger",164,0.96341,0.93082,73,65,0.8904,0.0029,0.0067,0.303,0.0772,0.9846,1.1
"1","months_since_cert_n <=    0.5 & total_deductions_by_hh_size >  172.0 & total_deductions_by_hh_size <= 2340.0 & utilities >  560.0","ranger",479,0.9499,0.93082,253,230,0.9091,0.0103,0.0126,1.051,0.0772,0.9846,1.1
"1","cat_elig <=  0.50 & shelter_expenses_by_hh_size > 28.50 & unc_rawben_rel_max <=  2.14 & utilities >  7.50","ranger",2452,0.93923,0.9308,1250,1183,0.9464,0.0532,0.0305,5.195,0.0772,0.9846,1.1
"1","children_i <=  0.500 & rawben_rel_max >  0.991 & shelter_expenses_by_hh_size > 46.500 & utilities > 14.500","ranger",8116,0.93544,0.9308,4212,3934,0.934,0.177,0.2077,17.504,0.0772,0.9846,1.1
"1","elderly_disabled_i >=   1.000 & homeless <   1.000 & rawben_rel_max >=   0.801 & utilities >= 601.000","xgboost",4267,0.93719,0.9308,2549,2380,0.9337,0.1071,0.1022,10.593,0.0772,0.9846,1.1
"1","cat_elig <=  0.5 & months_since_cert_n >  5.5 & months_since_cert_n <= 28.5","ranger",1771,0.94071,0.93079,936,889,0.9498,0.04,0.0232,3.89,0.0772,0.9846,1.1
"1","count_divisible_by_100 <=  1.500 & expedited_i >  0.500 & shelter_expenses_by_hh_size > 55.500 & unc_rawben_rel_max >  0.991","ranger",1926,0.94029,0.93078,975,901,0.9241,0.0405,0.0586,4.052,0.0772,0.9846,1.1
"1","expedited_i >   0.500 & medical_deductions <= 138.000 & rawben_rel_max >   0.991 & total_deductions_by_hh_size >  40.500","ranger",2019,0.94007,0.93078,1024,949,0.9268,0.0427,0.06,4.255,0.0772,0.9846,1.1
"1","shelter_expenses_by_hh_size < 1800 & utilities >=  714","xgboost",6301,0.93604,0.93078,3227,3000,0.9297,0.135,0.1258,13.411,0.0772,0.9846,1.1
"1","months_since_cert_n >=  20.000 & rawben_rel_max <   0.572 & shelter_expenses_by_hh_size >= 400.000 & utilities < 886.000","xgboost",1755,0.94074,0.93077,740,697,0.9419,0.0314,0.0178,3.075,0.0772,0.9846,1.1
"1","shelter_expenses_by_hh_size >= 281 & shelter_expenses_by_hh_size < 346 & utilities <  54","xgboost",644,0.9472,0.93075,356,340,0.9551,0.0153,0.0075,1.479,0.0772,0.9846,1.1
"1","count_divisible_by_100 <=  0.500 & expedited_i >  0.500 & rawben_rel_max >  0.991 & shelter_expenses_by_hh_size > 14.000","ranger",1863,0.94042,0.93074,949,878,0.9252,0.0395,0.0549,3.944,0.0772,0.9846,1.1
"1","medical_deductions >= 16 & medical_deductions < 99","xgboost",377,0.95225,0.93074,175,167,0.9543,0.0075,0.0038,0.727,0.0772,0.9846,1.1
"1","months_since_cert_n <  13.000 & unc_rawben_rel_max <   0.271 & utilities >= 511.000","xgboost",1316,0.94225,0.93074,719,680,0.9458,0.0306,0.0252,2.988,0.0772,0.9846,1.1
"1","months_since_cert_n >=    2 & shelter_expenses_by_hh_size >=  884 & utilities >= 1010","xgboost",693,0.94661,0.93074,714,671,0.9398,0.0302,0.0244,2.967,0.0772,0.9846,1.1
"1","rawben_rel_max >=    0.99 & total_deductions_by_hh_size >= 1450.00 & unc_rawben_rel_max <    2.52","xgboost",201,0.9602,0.93074,119,115,0.9664,0.0052,0.0037,0.495,0.0772,0.9846,1.1
"1","cat_elig <= 0.5 & count_divisible_by_100 <= 0.5 & elderly_disabled_i > 0.5 & percent_abawd <= 0.5","ranger",2357,0.93933,0.93073,1216,1147,0.9433,0.0516,0.0328,5.053,0.0772,0.9846,1.1
"1","count_divisible_by_100 < 1.0 & elderly_disabled_i < 1.0 & percent_abawd >= 0.5","xgboost",4671,0.93684,0.93073,2542,2406,0.9465,0.1082,0.0978,10.564,0.0772,0.9846,1.1
"1","months_since_cert_n <  19 & total_deductions_by_hh_size < 591 & utilities >= 430 & utilities < 724","xgboost",6581,0.93588,0.93073,3308,3085,0.9326,0.1388,0.098,13.747,0.0772,0.9846,1.1
"1","count_divisible_by_100 <=  1.500 & expedited_i >  0.500 & shelter_expenses_by_hh_size > 32.000 & unc_rawben_rel_max >  0.991","ranger",2002,0.94006,0.93072,1019,945,0.9274,0.0425,0.0586,4.235,0.0772,0.9846,1.1
"1","expedited_i >  0.500 & rawben_rel_max >  0.991 & shelter_expenses_by_hh_size > 14.000","ranger",2048,0.93994,0.93071,1043,967,0.9271,0.0435,0.0595,4.334,0.0772,0.9846,1.1
"1","medical_deductions >=  116.000 & rawben_rel_max <    0.472 & total_deductions_by_hh_size < 1270.000","xgboost",1831,0.94047,0.93071,859,794,0.9243,0.0357,0.0236,3.57,0.0772,0.9846,1.1
"1","cat_elig >=    2.000 & rawben_rel_max >=    0.412 & unc_rawben_rel_max >=   -0.004 & utilities >= 1020.000","xgboost",255,0.95686,0.9307,3,3,1,1e-04,0,0.012,0.0772,0.9846,1.1
"1","count_divisible_by_100 <= 0.500 & elderly_disabled_i <= 0.500 & unc_rawben_rel_max > 0.967 & utilities > 9.500","ranger",3700,0.93757,0.9307,1818,1717,0.9444,0.0772,0.0829,7.555,0.0772,0.9846,1.1
"1","cat_elig >=   1 & total_deductions_by_hh_size < 597 & utilities < 688","xgboost",28840,0.93315,0.93069,14605,13689,0.9373,0.6158,0.478,60.695,0.0772,0.9846,1.1
"1","children_i < 1.00 & rawben_rel_max >= 1.00 & unc_rawben_rel_max >= 1.55 & unc_rawben_rel_max < 1.81","xgboost",1425,0.94175,0.93069,725,671,0.9255,0.0302,0.0431,3.013,0.0772,0.9846,1.1
"1","expedited_i <=   0.50 & shelter_expenses_by_hh_size > 552.00 & total_deductions_by_hh_size <= 367.00 & unc_rawben_rel_max <=   1.93","ranger",5736,0.93619,0.93068,3089,2904,0.9401,0.1306,0.079,12.837,0.0772,0.9846,1.1
"1","rawben_rel_max >=   0.0928 & shelter_expenses_by_hh_size >= 916.0000 & shelter_expenses_by_hh_size < 968.0000 & utilities >= 688.0000","xgboost",325,0.95385,0.93067,154,146,0.9481,0.0066,0.0041,0.64,0.0772,0.9846,1.1
"1","cat_elig >=    1 & shelter_expenses_by_hh_size < 1970 & total_deductions_by_hh_size >=  474 & utilities >=  757","xgboost",4606,0.93682,0.93066,2846,2641,0.928,0.1188,0.1181,11.827,0.0772,0.9846,1.1
"1","months_since_cert_n >   5.50 & months_since_cert_n <=  34.50 & percent_abawd >   0.25 & shelter_expenses_by_hh_size <= 396.00","ranger",918,0.94444,0.93065,541,509,0.9409,0.0229,0.0279,2.248,0.0772,0.9846,1.1
"1","rawben_rel_max <=    0.316 & total_deductions_by_hh_size >    7.600 & unc_rawben_rel_max <=    1.000 & utilities <= 1170.000","ranger",7307,0.93554,0.93065,3503,3278,0.9358,0.1475,0.1209,14.558,0.0772,0.9846,1.1
"1","children_i >=   1 & elderly_disabled_i <   1 & total_deductions_by_hh_size >= 729","xgboost",105,0.97143,0.93064,51,48,0.9412,0.0022,0.0012,0.212,0.0772,0.9846,1.1
"1","elderly_disabled_i <   1.00 & shelter_expenses_by_hh_size < 723.00 & unc_rawben_rel_max >=   1.46 & unc_rawben_rel_max <   1.90","xgboost",1109,0.94319,0.93064,571,541,0.9475,0.0243,0.0282,2.373,0.0772,0.9846,1.1
"1","expedited_i >   0.500 & medical_deductions <= 210.000 & rawben_rel_max >   0.991 & shelter_expenses_by_hh_size >  10.000","ranger",2046,0.93988,0.93064,1040,964,0.9269,0.0434,0.0595,4.322,0.0772,0.9846,1.1
"1","months_since_cert_n >=   5.00 & total_deductions_by_hh_size >= 474.00 & total_deductions_by_hh_size < 997.00 & unc_rawben_rel_max <  -0.44","xgboost",105,0.97143,0.93064,37,31,0.8378,0.0014,0.0067,0.154,0.0772,0.9846,1.1
"1","medical_deductions <= 22.5 & total_deductions_by_hh_size > 11.1 & total_deductions_by_hh_size <= 63.1","ranger",1658,0.94089,0.93063,884,825,0.9333,0.0371,0.0317,3.674,0.0772,0.9846,1.1
"1","cat_elig <=   0.5 & medical_deductions <= 110.0 & shelter_expenses_by_hh_size >   4.0","ranger",2384,0.93918,0.93062,1219,1155,0.9475,0.052,0.0306,5.066,0.0772,0.9846,1.1
"1","months_since_cert_n >=  11 & shelter_expenses_by_hh_size < 281 & total_deductions_by_hh_size < 466 & utilities < 493","xgboost",1751,0.94061,0.93062,906,857,0.9459,0.0386,0.0327,3.765,0.0772,0.9846,1.1
"1","children_i <=   0.500 & rawben_rel_max <=   0.993 & total_deductions_by_hh_size <= 334.000 & utilities <=  30.500","ranger",4587,0.93678,0.93061,2350,2223,0.946,0.1,0.064,9.766,0.0772,0.9846,1.1
"1","months_since_cert_n <   4.0 & percent_abawd >=   0.5 & shelter_expenses_by_hh_size >= 678.0 & utilities >= 417.0","xgboost",444,0.95045,0.93061,223,209,0.9372,0.0094,0.0087,0.927,0.0772,0.9846,1.1
"1","expedited_i <=  0.5000 & shelter_expenses_by_hh_size > 29.5000 & total_deductions_by_hh_size <= 56.7000 & unc_rawben_rel_max > -0.0389","ranger",2766,0.93854,0.93059,1523,1412,0.9271,0.0635,0.0492,6.329,0.0772,0.9846,1.1
"1","months_since_cert_n <  28.0000 & rawben_rel_max >=   0.0893 & total_deductions_by_hh_size < 620.0000 & unc_rawben_rel_max >=   0.5120","xgboost",20542,0.9335,0.93059,10064,9441,0.9381,0.4247,0.3465,41.824,0.0772,0.9846,1.1
"1","expedited_i <= 0.500 & homeless <= 0.500 & rawben_rel_max > 0.087 & rawben_rel_max <= 0.239","ranger",3299,0.93786,0.93058,1635,1533,0.9376,0.069,0.0445,6.795,0.0772,0.9846,1.1
"1","expedited_i <=   0.5 & homeless <=   0.5 & total_deductions_by_hh_size <= 374.0 & utilities >  26.0","ranger",11061,0.93454,0.93057,5575,5216,0.9356,0.2347,0.1592,23.168,0.0772,0.9846,1.1
"1","cat_elig <= 0.500 & children_i <= 0.500 & medical_deductions <= 4.500 & rawben_rel_max <= 0.993","ranger",1827,0.94034,0.93056,937,890,0.9498,0.04,0.019,3.894,0.0772,0.9846,1.1
"1","homeless > 0.500 & rawben_rel_max <= 0.412","ranger",393,0.95165,0.93056,194,174,0.8969,0.0078,0.0134,0.806,0.0772,0.9846,1.1
"1","medical_deductions <= 19.5000 & rawben_rel_max >  0.0795 & rawben_rel_max <=  0.0870 & total_deductions_by_hh_size > 56.6000","ranger",1171,0.94278,0.93056,1002,934,0.9321,0.042,0.0538,4.164,0.0772,0.9846,1.1
"1","months_since_cert_n <   32.00 & rawben_rel_max <    0.08 & shelter_expenses_by_hh_size < 2090.00 & total_deductions_by_hh_size >=  390.00","xgboost",593,0.94772,0.93055,0,0,NA,0,0,0,0.0772,0.9846,1.1
"1","rawben_rel_max <   0.481 & unc_rawben_rel_max >=  -0.904 & utilities >=  48.000 & utilities < 493.000","xgboost",7087,0.93552,0.93055,3481,3255,0.9351,0.1464,0.0991,14.466,0.0772,0.9846,1.1
"1","percent_abawd <   0.500 & rawben_rel_max <   0.955 & total_deductions_by_hh_size < 236.000 & utilities < 361.000","xgboost",7325,0.93543,0.93054,3610,3380,0.9363,0.1521,0.1041,15.002,0.0772,0.9846,1.1
"1","cat_elig <   2 & medical_deductions <   4 & total_deductions_by_hh_size < 729 & utilities < 680","xgboost",24520,0.9332,0.93053,16556,15465,0.9341,0.6957,0.597,68.803,0.0772,0.9846,1.1
"1","cat_elig >  0.500 & months_since_cert_n <=  3.500 & rawben_rel_max <=  0.311 & shelter_expenses_by_hh_size > 14.500","ranger",2335,0.93919,0.93053,1049,990,0.9438,0.0445,0.0293,4.359,0.0772,0.9846,1.1
"1","children_i <= 0.5 & elderly_disabled_i <= 0.5 & expedited_i <= 0.5 & percent_abawd <= 1.5","ranger",9571,0.9348,0.93053,5108,4801,0.9399,0.216,0.2064,21.228,0.0772,0.9846,1.1
"1","shelter_expenses_by_hh_size < 1020.00 & unc_rawben_rel_max <    1.86 & utilities <  850.00","xgboost",35043,0.93277,0.93053,17553,16401,0.9344,0.7379,0.5984,72.946,0.0772,0.9846,1.1
"1","cat_elig <   1.000 & medical_deductions < 565.000 & rawben_rel_max <   0.608","xgboost",1764,0.94048,0.93052,877,833,0.9498,0.0375,0.0172,3.645,0.0772,0.9846,1.1
"1","elderly_disabled_i <   1.000 & rawben_rel_max >=   0.992 & total_deductions_by_hh_size >= 603.000","xgboost",1702,0.94066,0.93052,1337,1243,0.9297,0.0559,0.0752,5.556,0.0772,0.9846,1.1
"1","months_since_cert_n <   6.000 & unc_rawben_rel_max >=  -0.639 & utilities < 585.000","xgboost",19097,0.93355,0.93052,9546,8952,0.9378,0.4027,0.3293,39.671,0.0772,0.9846,1.1
"1","expedited_i <   1.0 & months_since_cert_n <  14.0 & rawben_rel_max <   0.5 & utilities < 475.0","xgboost",8498,0.93504,0.93051,4426,4148,0.9372,0.1866,0.1294,18.393,0.0772,0.9846,1.1
"1","months_since_cert_n >=   1.000 & rawben_rel_max >=   0.232 & utilities >= 819.000","xgboost",3417,0.93766,0.93051,2281,2135,0.936,0.0961,0.0848,9.479,0.0772,0.9846,1.1
"1","medical_deductions < 242 & months_since_cert_n <   6 & utilities < 596","xgboost",19443,0.9335,0.9305,9744,9146,0.9386,0.4115,0.3304,40.494,0.0772,0.9846,1.1
"1","medical_deductions < 170.000 & rawben_rel_max <   0.472 & unc_rawben_rel_max <   0.648 & utilities >= 281.000","xgboost",9028,0.93487,0.93047,4527,4228,0.934,0.1902,0.1404,18.813,0.0772,0.9846,1.1
"1","rawben_rel_max >   0.991 & shelter_expenses_by_hh_size > 694.000","ranger",6362,0.93571,0.93047,3454,3222,0.9328,0.145,0.1676,14.354,0.0772,0.9846,1.1
"1","children_i <= 0.5 & elderly_disabled_i <= 0.5 & expedited_i <= 0.5 & married <= 0.5","ranger",9547,0.93474,0.93046,5100,4793,0.9398,0.2156,0.2059,21.194,0.0772,0.9846,1.1
"1","months_since_cert_n <  11 & shelter_expenses_by_hh_size >= 543 & shelter_expenses_by_hh_size < 859 & total_deductions_by_hh_size < 333","xgboost",3096,0.93798,0.93046,1627,1531,0.941,0.0689,0.0423,6.761,0.0772,0.9846,1.1
"1","children_i <=  0.5 & months_since_cert_n <=  8.5 & total_deductions_by_hh_size >  2.8 & total_deductions_by_hh_size <= 56.7","ranger",1169,0.94269,0.93045,644,605,0.9394,0.0272,0.0201,2.676,0.0772,0.9846,1.1
"1","count_divisible_by_100 <= 1.500 & rawben_rel_max <= 0.991 & total_deductions_by_hh_size > 8.800 & unc_rawben_rel_max <= 0.318","ranger",7300,0.93534,0.93044,3532,3306,0.936,0.1487,0.1199,14.678,0.0772,0.9846,1.1
"1","elderly_disabled_i >=   1.00 & months_since_cert_n >=   2.00 & shelter_expenses_by_hh_size < 824.00 & unc_rawben_rel_max <   0.78","xgboost",13095,0.9341,0.93044,6501,6089,0.9366,0.2739,0.1693,27.017,0.0772,0.9846,1.1
"1","cat_elig <   1.000 & rawben_rel_max >=   0.992 & shelter_expenses_by_hh_size >= 874.000","xgboost",254,0.95669,0.93043,123,121,0.9837,0.0054,0.0017,0.511,0.0772,0.9846,1.1
"1","cat_elig > 0.50 & homeless > 0.50 & percent_abawd > 0.25","ranger",819,0.94505,0.93043,518,499,0.9633,0.0224,0.0149,2.153,0.0772,0.9846,1.1
"1","medical_deductions < 206 & months_since_cert_n <  15 & utilities < 392","xgboost",21906,0.93326,0.93043,11404,10651,0.934,0.4792,0.4407,47.392,0.0772,0.9846,1.1
"1","homeless <  1.000 & unc_rawben_rel_max >=  0.302 & utilities < 48.000","xgboost",10238,0.93456,0.93042,5500,5170,0.94,0.2326,0.2071,22.857,0.0772,0.9846,1.1
"1","months_since_cert_n >  5.5 & months_since_cert_n <= 34.5 & utilities <= 29.5","ranger",5685,0.93597,0.93042,2987,2794,0.9354,0.1257,0.127,12.413,0.0772,0.9846,1.1
"1","count_divisible_by_100 <  1.00 & unc_rawben_rel_max >=  1.01 & utilities >= 54.00","xgboost",7490,0.93525,0.93041,3836,3587,0.9351,0.1614,0.1853,15.941,0.0772,0.9846,1.1
"1","expedited_i > 0.500 & married <= 0.500 & rawben_rel_max > 0.991 & shelter_expenses_by_hh_size > 5.500","ranger",2039,0.93968,0.93041,1034,958,0.9265,0.0431,0.0595,4.297,0.0772,0.9846,1.1
"1","months_since_cert_n <   2 & total_deductions_by_hh_size >= 642 & total_deductions_by_hh_size < 803 & utilities >= 819","xgboost",163,0.96319,0.9304,54,53,0.9815,0.0024,3e-04,0.224,0.0772,0.9846,1.1
"1","months_since_cert_n >= 30.000 & rawben_rel_max >=  0.992 & unc_rawben_rel_max <  1.860","xgboost",289,0.95502,0.93039,137,130,0.9489,0.0058,0.0055,0.569,0.0772,0.9846,1.1
"1","rawben_rel_max >=   0.124 & utilities < 318.000","xgboost",17841,0.93352,0.93039,9062,8519,0.9401,0.3833,0.3217,37.659,0.0772,0.9846,1.1
"1","children_i <   1.0000 & medical_deductions < 117.0000 & rawben_rel_max >=   0.0928 & total_deductions_by_hh_size < 657.0000","xgboost",30203,0.93279,0.93038,15955,14909,0.9344,0.6707,0.5592,66.305,0.0772,0.9846,1.1
"1","elderly_disabled_i >   0.5 & medical_deductions <=   3.5 & shelter_expenses_by_hh_size <= 676.0","ranger",12124,0.93418,0.93038,6116,5717,0.9348,0.2572,0.1979,25.417,0.0772,0.9846,1.1
"1","medical_deductions >=  135.000 & months_since_cert_n <   13.000 & rawben_rel_max <    0.529 & shelter_expenses_by_hh_size < 1800.000","xgboost",1309,0.94194,0.93037,457,410,0.8972,0.0184,0.0177,1.899,0.0772,0.9846,1.1
"1","rawben_rel_max <    0.592 & shelter_expenses_by_hh_size >= 1070.000 & total_deductions_by_hh_size <  478.000 & unc_rawben_rel_max <    1.270","xgboost",236,0.95763,0.93037,132,127,0.9621,0.0057,0.0034,0.549,0.0772,0.9846,1.1
"1","medical_deductions <  5.00 & months_since_cert_n < 14.00 & unc_rawben_rel_max <  1.93","xgboost",34522,0.93259,0.93034,17875,16690,0.9337,0.7509,0.6716,74.284,0.0772,0.9846,1.1
"1","rawben_rel_max <=  0.619 & utilities <= 30.500","ranger",4328,0.93669,0.93033,2194,2060,0.9389,0.0927,0.0679,9.118,0.0772,0.9846,1.1
"1","cat_elig < 2.00 & unc_rawben_rel_max >= 1.29 & unc_rawben_rel_max < 1.93","xgboost",3377,0.93752,0.93031,2450,2280,0.9306,0.1026,0.1385,10.182,0.0772,0.9846,1.1
"1","cat_elig <=  0.5 & count_divisible_by_100 <=  0.5 & utilities > 34.5","ranger",2343,0.93897,0.93031,1194,1129,0.9456,0.0508,0.03,4.962,0.0772,0.9846,1.1
"1","cat_elig <=  1.500 & expedited_i >  0.500 & unc_rawben_rel_max >  0.991 & utilities > 32.000","ranger",1151,0.94266,0.93031,851,794,0.933,0.0357,0.0467,3.537,0.0772,0.9846,1.1
"1","children_i <   1 & total_deductions_by_hh_size < 692","xgboost",38122,0.93245,0.93031,19248,17976,0.9339,0.8087,0.6734,79.99,0.0772,0.9846,1.1
"1","medical_deductions <= 130.000 & rawben_rel_max <=   0.991 & total_deductions_by_hh_size <= 293.000","ranger",12141,0.93411,0.93031,6369,5975,0.9381,0.2688,0.1837,26.468,0.0772,0.9846,1.1
"1","children_i <= 0.500 & count_divisible_by_100 <= 0.500 & months_since_cert_n > 5.500 & rawben_rel_max > 0.991","ranger",6660,0.93544,0.9303,3544,3305,0.9326,0.1487,0.1813,14.728,0.0772,0.9846,1.1
"1","count_divisible_by_100 <   1 & total_deductions_by_hh_size >= 126 & total_deductions_by_hh_size < 430 & utilities >= 361","xgboost",6063,0.93568,0.9303,3187,2986,0.9369,0.1343,0.0859,13.244,0.0772,0.9846,1.1
"1","homeless >=   1.000 & rawben_rel_max <   0.428 & shelter_expenses_by_hh_size < 287.000","xgboost",306,0.95425,0.9303,140,130,0.9286,0.0058,0.0066,0.582,0.0772,0.9846,1.1
"1","cat_elig <   2 & medical_deductions <   5 & total_deductions_by_hh_size >= 300 & utilities >= 494","xgboost",7789,0.93504,0.93029,6044,5586,0.9242,0.2513,0.2569,25.117,0.0772,0.9846,1.1
"1","total_deductions_by_hh_size >= 445 & total_deductions_by_hh_size < 620 & utilities >= 585 & utilities < 819","xgboost",1681,0.94051,0.93029,681,622,0.9134,0.028,0.0263,2.83,0.0772,0.9846,1.1
"1","shelter_expenses_by_hh_size > 284.0 & unc_rawben_rel_max >   1.0 & utilities >   9.5","ranger",7951,0.93498,0.93028,4107,3832,0.933,0.1724,0.2059,17.068,0.0772,0.9846,1.1
"1","expedited_i <  1.000 & months_since_cert_n <  1.000 & rawben_rel_max <  0.464 & total_deductions_by_hh_size < 92.000","xgboost",271,0.95572,0.93027,120,114,0.95,0.0051,0.0046,0.499,0.0772,0.9846,1.1
"1","percent_abawd <=   0.5 & total_deductions_by_hh_size > 458.0 & unc_rawben_rel_max >   1.0 & utilities >  30.5","ranger",6150,0.93561,0.93027,3221,3010,0.9345,0.1354,0.1516,13.386,0.0772,0.9846,1.1
"1","cat_elig >=    1 & months_since_cert_n >=   10 & shelter_expenses_by_hh_size <  580 & total_deductions_by_hh_size < 1060","xgboost",4639,0.93641,0.93026,2472,2290,0.9264,0.103,0.1021,10.273,0.0772,0.9846,1.1
"1","elderly_disabled_i >  0.5 & expedited_i >  0.5 & shelter_expenses_by_hh_size <= 32.5","ranger",425,0.95059,0.93026,201,194,0.9652,0.0087,0.0052,0.835,0.0772,0.9846,1.1
"1","expedited_i >  0.500 & months_since_cert_n <= 37.000 & rawben_rel_max >  0.991 & total_deductions_by_hh_size > 40.800","ranger",2050,0.93951,0.93026,1039,963,0.9269,0.0433,0.0605,4.318,0.0772,0.9846,1.1
"1","medical_deductions < 5.0 & percent_abawd >= 0.5 & unc_rawben_rel_max >= 0.0","xgboost",4849,0.93628,0.93026,2666,2521,0.9456,0.1134,0.1008,11.079,0.0772,0.9846,1.1
"1","cat_elig >=   1 & shelter_expenses_by_hh_size >= 297 & total_deductions_by_hh_size < 327","xgboost",9397,0.93455,0.93023,4815,4497,0.934,0.2023,0.1424,20.01,0.0772,0.9846,1.1
"1","cat_elig < 1.00 & count_divisible_by_100 < 1.00 & rawben_rel_max < 0.64","xgboost",1772,0.94018,0.93022,885,842,0.9514,0.0379,0.0169,3.678,0.0772,0.9846,1.1
"1","children_i <   1 & total_deductions_by_hh_size < 692 & utilities < 992","xgboost",37856,0.93238,0.93022,19023,17768,0.934,0.7994,0.6631,79.055,0.0772,0.9846,1.1
"1","months_since_cert_n >  5.500 & rawben_rel_max >  0.991 & shelter_expenses_by_hh_size > 14.000 & unc_rawben_rel_max <=  1.960","ranger",4051,0.93681,0.93022,2145,1985,0.9254,0.0893,0.1183,8.914,0.0772,0.9846,1.1
"1","rawben_rel_max <=  0.579 & shelter_expenses_by_hh_size <=  5.500 & unc_rawben_rel_max > -0.994","ranger",1462,0.94118,0.93022,711,668,0.9395,0.0301,0.0265,2.955,0.0772,0.9846,1.1
"1","cat_elig <=  0.500 & rawben_rel_max <=  0.168 & total_deductions_by_hh_size > 66.700","ranger",391,0.95141,0.93021,170,168,0.9882,0.0076,7e-04,0.706,0.0772,0.9846,1.1
"1","expedited_i >   0.500 & medical_deductions <= 132.000 & unc_rawben_rel_max >   0.991 & utilities >  58.500","ranger",1586,0.94073,0.93021,821,763,0.9294,0.0343,0.0464,3.412,0.0772,0.9846,1.1
"1","cat_elig >=   2 & elderly_disabled_i <   1 & months_since_cert_n >=   2 & shelter_expenses_by_hh_size < 824","xgboost",3749,0.93705,0.9302,340,325,0.9559,0.0146,0.0085,1.413,0.0772,0.9846,1.1
"1","medical_deductions >   3.5 & total_deductions_by_hh_size > 146.0 & total_deductions_by_hh_size <= 302.0 & utilities > 274.0","ranger",357,0.95238,0.9302,156,146,0.9359,0.0066,0.0038,0.648,0.0772,0.9846,1.1
"1","shelter_expenses_by_hh_size < 1210.000 & unc_rawben_rel_max >=   -0.392 & utilities >=  680.000 & utilities < 1020.000","xgboost",3974,0.93684,0.93019,1620,1496,0.9235,0.0673,0.0648,6.732,0.0772,0.9846,1.1
"1","cat_elig <= 0.5 & elderly_disabled_i > 0.5 & married <= 0.5 & percent_abawd <= 0.5","ranger",2430,0.93868,0.93018,1251,1180,0.9432,0.0531,0.0335,5.199,0.0772,0.9846,1.1
"1","cat_elig >=  2.000 & rawben_rel_max >=  0.814 & unc_rawben_rel_max >= -1.170","xgboost",7584,0.93499,0.93018,568,548,0.9648,0.0247,0.0125,2.36,0.0772,0.9846,1.1
"1","count_divisible_by_100 <   2 & medical_deductions < 146 & total_deductions_by_hh_size < 687 & utilities < 956","xgboost",37361,0.93234,0.93017,18806,17567,0.9341,0.7903,0.6636,78.153,0.0772,0.9846,1.1
"1","count_divisible_by_100 >  0.500 & rawben_rel_max <=  0.312 & utilities > 53.000","ranger",253,0.95652,0.93016,117,112,0.9573,0.005,0.0041,0.486,0.0772,0.9846,1.1
"1","expedited_i <=    0.50000 & rawben_rel_max <=    0.26800 & shelter_expenses_by_hh_size <= 2170.00000 & unc_rawben_rel_max >   -0.00915","ranger",5425,0.93585,0.93016,2540,2374,0.9346,0.1068,0.0817,10.556,0.0772,0.9846,1.1
"1","expedited_i >  0.50 & shelter_expenses_by_hh_size > 16.00 & unc_rawben_rel_max >  1.02","ranger",2001,0.93953,0.93016,1020,945,0.9265,0.0425,0.0587,4.239,0.0772,0.9846,1.1
"1","expedited_i > 0.500 & homeless <= 0.500 & rawben_rel_max > 0.991 & shelter_expenses_by_hh_size > 5.500","ranger",1832,0.93996,0.93016,948,875,0.923,0.0394,0.057,3.94,0.0772,0.9846,1.1
"1","cat_elig < 1.000 & rawben_rel_max < 0.649","xgboost",1847,0.9399,0.93015,916,869,0.9487,0.0391,0.0182,3.807,0.0772,0.9846,1.1
"1","medical_deductions < 132.000 & percent_abawd <   1.000 & rawben_rel_max >=   0.811 & utilities >= 459.000","xgboost",7284,0.93506,0.93015,3801,3549,0.9337,0.1597,0.1556,15.796,0.0772,0.9846,1.1
"1","months_since_cert_n <=  32.5 & shelter_expenses_by_hh_size >  14.5 & utilities > 808.0","ranger",3791,0.93696,0.93015,2480,2319,0.9351,0.1043,0.0955,10.306,0.0772,0.9846,1.1
"1","months_since_cert_n >=   9.000 & rawben_rel_max >=   0.992 & total_deductions_by_hh_size < 982.000 & utilities < 992.000","xgboost",3535,0.9372,0.93015,1769,1643,0.9288,0.0739,0.097,7.352,0.0772,0.9846,1.1
"1","months_since_cert_n > 5.500 & unc_rawben_rel_max > 0.993","ranger",7045,0.93513,0.93014,3767,3506,0.9307,0.1577,0.1986,15.655,0.0772,0.9846,1.1
"1","expedited_i > 0.500 & unc_rawben_rel_max > 0.991 & utilities > 9.500","ranger",1785,0.94006,0.93013,915,852,0.9311,0.0383,0.0503,3.803,0.0772,0.9846,1.1
"1","months_since_cert_n < 12.000 & rawben_rel_max <  0.388 & unc_rawben_rel_max >= -0.347","xgboost",7949,0.93483,0.93013,3933,3666,0.9321,0.1649,0.1258,16.345,0.0772,0.9846,1.1
"1","months_since_cert_n >=  14.000 & rawben_rel_max <   0.454 & shelter_expenses_by_hh_size >= 370.000 & shelter_expenses_by_hh_size < 925.000","xgboost",1908,0.93973,0.93013,968,903,0.9329,0.0406,0.0261,4.023,0.0772,0.9846,1.1
"1","cat_elig >=    2 & months_since_cert_n <   33 & shelter_expenses_by_hh_size < 1230 & utilities <  313","xgboost",6182,0.93546,0.93012,519,498,0.9595,0.0224,0.0112,2.157,0.0772,0.9846,1.1
"1","children_i <= 0.5 & elderly_disabled_i <= 0.5 & expedited_i <= 0.5","ranger",9589,0.9344,0.93012,5117,4809,0.9398,0.2163,0.2073,21.265,0.0772,0.9846,1.1
"1","months_since_cert_n > 5.500 & percent_abawd <= 1.500 & unc_rawben_rel_max > 0.991","ranger",7058,0.93511,0.93012,3779,3517,0.9307,0.1582,0.1985,15.705,0.0772,0.9846,1.1
"1","percent_abawd <=    1.500 & rawben_rel_max >    0.991 & total_deductions_by_hh_size >    7.800 & total_deductions_by_hh_size <= 1450.000","ranger",9353,0.93446,0.93012,4783,4465,0.9335,0.2009,0.2337,19.877,0.0772,0.9846,1.1
"1","months_since_cert_n >  20.500 & rawben_rel_max <=   0.991 & total_deductions_by_hh_size <= 340.000 & utilities <=  12.500","ranger",424,0.95047,0.9301,208,197,0.9471,0.0089,0.0053,0.864,0.0772,0.9846,1.1
"1","children_i <=  0.5 & months_since_cert_n >  5.5 & utilities <= 30.5","ranger",5703,0.93565,0.93009,2996,2803,0.9356,0.1261,0.1266,12.451,0.0772,0.9846,1.1
"1","rawben_rel_max >=   0.992 & total_deductions_by_hh_size >= 687.000 & unc_rawben_rel_max <   1.930 & utilities < 450.000","xgboost",507,0.94872,0.93009,273,260,0.9524,0.0117,0.0056,1.135,0.0772,0.9846,1.1
"1","expedited_i <  1.00 & months_since_cert_n <  6.00 & unc_rawben_rel_max >=  1.21 & utilities >= 76.00","xgboost",2060,0.93932,0.93008,1048,986,0.9408,0.0444,0.0481,4.355,0.0772,0.9846,1.1
"1","shelter_expenses_by_hh_size >= 884.000 & total_deductions_by_hh_size >= 289.000 & total_deductions_by_hh_size < 422.000 & unc_rawben_rel_max <   0.056","xgboost",305,0.9541,0.93008,149,149,1,0.0067,0,0.619,0.0772,0.9846,1.1
"1","cat_elig <=   0.5 & homeless <=   0.5 & months_since_cert_n <=   5.5 & utilities > 279.0","ranger",942,0.94374,0.93007,478,452,0.9456,0.0203,0.0118,1.986,0.0772,0.9846,1.1
"1","count_divisible_by_100 <=   0.5 & medical_deductions <= 298.0 & months_since_cert_n >  10.5 & shelter_expenses_by_hh_size <=   5.5","ranger",1241,0.94198,0.93007,653,620,0.9495,0.0279,0.0233,2.714,0.0772,0.9846,1.1
"1","rawben_rel_max < 0.485","xgboost",15474,0.93344,0.93006,7620,7109,0.9329,0.3198,0.2405,31.667,0.0772,0.9846,1.1
"1","rawben_rel_max >=    0.712 & shelter_expenses_by_hh_size < 1640.000 & total_deductions_by_hh_size < 1020.000 & unc_rawben_rel_max <    2.520","xgboost",23568,0.93279,0.93006,12089,11281,0.9332,0.5075,0.498,50.239,0.0772,0.9846,1.1
"1","rawben_rel_max >=   0.296 & unc_rawben_rel_max >=   0.619 & utilities >= 750.000","xgboost",4521,0.9363,0.93006,2599,2418,0.9304,0.1088,0.11,10.801,0.0772,0.9846,1.1
"1","cat_elig >= 2.00 & expedited_i >= 1.00 & months_since_cert_n >= 6.00 & unc_rawben_rel_max >= 1.02","xgboost",605,0.94711,0.93005,76,71,0.9342,0.0032,0.0024,0.316,0.0772,0.9846,1.1
"1","elderly_disabled_i <=  0.500 & homeless <=  0.500 & rawben_rel_max >  0.952 & utilities > 14.500","ranger",3604,0.93701,0.93002,1816,1702,0.9372,0.0766,0.0933,7.547,0.0772,0.9846,1.1
"1","months_since_cert_n >= 16.000 & rawben_rel_max <  0.766 & utilities < 44.000","xgboost",846,0.94444,0.93002,453,419,0.9249,0.0189,0.0162,1.883,0.0772,0.9846,1.1
"1","shelter_expenses_by_hh_size >    5.500 & shelter_expenses_by_hh_size <= 1640.000 & total_deductions_by_hh_size <=    3.500 & unc_rawben_rel_max >    0.209","ranger",862,0.94432,0.93002,482,460,0.9544,0.0207,0.0089,2.003,0.0772,0.9846,1.1
"1","cat_elig <  3.00 & rawben_rel_max <  0.34 & total_deductions_by_hh_size >= 50.00","xgboost",6973,0.93504,0.93001,3357,3145,0.9368,0.1415,0.1154,13.951,0.0772,0.9846,1.1
"1","count_divisible_by_100 >  0.500 & medical_deductions <=  3.500 & rawben_rel_max >  0.998 & utilities <= 14.500","ranger",339,0.9528,0.93001,177,171,0.9661,0.0077,0.0048,0.736,0.0772,0.9846,1.1
"1","expedited_i < 1.000 & rawben_rel_max < 0.529","xgboost",16105,0.93331,0.93001,7985,7436,0.9312,0.3345,0.2479,33.184,0.0772,0.9846,1.1
"1","rawben_rel_max <   0.576 & total_deductions_by_hh_size >=  14.000 & utilities >= 361.000 & utilities < 412.000","xgboost",1380,0.9413,0.93001,1325,1236,0.9328,0.0556,0.0384,5.506,0.0772,0.9846,1.1
"1","cat_elig <    2 & months_since_cert_n <    1 & shelter_expenses_by_hh_size < 1800 & utilities <  784","xgboost",2027,0.93932,0.93,1333,1246,0.9347,0.0561,0.0503,5.54,0.0772,0.9846,1.1
"1","cat_elig >   0.5 & homeless <=   0.5 & shelter_expenses_by_hh_size >  14.5 & utilities > 808.0","ranger",3678,0.93692,0.93,2367,2209,0.9332,0.0994,0.0945,9.837,0.0772,0.9846,1.1
"1","medical_deductions > 15.5 & medical_deductions <= 96.2 & shelter_expenses_by_hh_size > 14.0","ranger",356,0.95225,0.93,168,160,0.9524,0.0072,0.0038,0.698,0.0772,0.9846,1.1
"1","children_i <    1 & medical_deductions <  220 & shelter_expenses_by_hh_size < 1090 & total_deductions_by_hh_size <  815","xgboost",37080,0.93217,0.92999,18661,17443,0.9347,0.7847,0.6343,77.551,0.0772,0.9846,1.1
"1","medical_deductions <   3 & months_since_cert_n >=   4 & utilities < 201","xgboost",10013,0.93419,0.92999,5178,4859,0.9384,0.2186,0.1974,21.519,0.0772,0.9846,1.1
"1","cat_elig >=  1.000 & rawben_rel_max <  0.668 & total_deductions_by_hh_size < 96.000 & utilities >= 27.000","xgboost",2999,0.93765,0.92998,1555,1445,0.9293,0.065,0.048,6.462,0.0772,0.9846,1.1
"1","expedited_i <=  0.50000 & rawben_rel_max <=  0.26600 & unc_rawben_rel_max > -0.00915","ranger",5396,0.93569,0.92998,2514,2350,0.9348,0.1057,0.0819,10.448,0.0772,0.9846,1.1
"1","married <= 0.50 & percent_abawd > 0.75 & unc_rawben_rel_max <= 1.97","ranger",4993,0.93591,0.92997,2718,2562,0.9426,0.1153,0.111,11.295,0.0772,0.9846,1.1
"1","months_since_cert_n >=   6 & months_since_cert_n <  15 & total_deductions_by_hh_size < 531","xgboost",10406,0.93408,0.92996,5397,5051,0.9359,0.2272,0.1875,22.429,0.0772,0.9846,1.1
"1","months_since_cert_n >=   12.00 & rawben_rel_max >=    0.21 & shelter_expenses_by_hh_size < 1310.00 & utilities >=  784.00","xgboost",972,0.94342,0.92995,642,591,0.9206,0.0266,0.0284,2.668,0.0772,0.9846,1.1
"1","shelter_expenses_by_hh_size >= 281 & shelter_expenses_by_hh_size < 346","xgboost",1410,0.94113,0.92995,728,667,0.9162,0.03,0.0365,3.025,0.0772,0.9846,1.1
"1","children_i <=   0.5 & elderly_disabled_i >   0.5 & shelter_expenses_by_hh_size <= 608.0","ranger",11476,0.93386,0.92994,5693,5310,0.9327,0.2389,0.1912,23.659,0.0772,0.9846,1.1
"1","elderly_disabled_i >   0.500 & rawben_rel_max <=   0.479 & total_deductions_by_hh_size <= 296.000 & unc_rawben_rel_max >   0.268","ranger",3404,0.93713,0.92994,1948,1829,0.9389,0.0823,0.0506,8.095,0.0772,0.9846,1.1
"1","elderly_disabled_i >   0.5000 & total_deductions_by_hh_size <= 296.0000 & unc_rawben_rel_max >  -0.0463 & unc_rawben_rel_max <=   1.4400","ranger",10403,0.93406,0.92994,5469,5125,0.9371,0.2306,0.1574,22.728,0.0772,0.9846,1.1
"1","count_divisible_by_100 <   1 & expedited_i <   1 & months_since_cert_n >=   2 & shelter_expenses_by_hh_size < 784","xgboost",19138,0.93296,0.92993,9581,8952,0.9343,0.4027,0.325,39.816,0.0772,0.9846,1.1
"1","cat_elig <  1 & utilities >= 52","xgboost",2345,0.93859,0.92992,1207,1144,0.9478,0.0515,0.0292,5.016,0.0772,0.9846,1.1
"1","children_i <   1 & shelter_expenses_by_hh_size < 996 & utilities < 643","xgboost",32893,0.93223,0.92992,16541,15456,0.9344,0.6953,0.5742,68.74,0.0772,0.9846,1.1
"1","elderly_disabled_i <= 0.5 & expedited_i <= 0.5 & homeless <= 0.5 & months_since_cert_n <= 5.5","ranger",6059,0.9353,0.92991,3192,3004,0.9411,0.1351,0.1187,13.265,0.0772,0.9846,1.1
"1","homeless <=   0.5 & months_since_cert_n >   5.5 & utilities > 850.0","ranger",2070,0.93913,0.9299,1460,1360,0.9315,0.0612,0.0638,6.067,0.0772,0.9846,1.1
"1","married <   1.000 & medical_deductions < 196.000 & rawben_rel_max >=   0.620 & unc_rawben_rel_max >=   0.772","xgboost",23661,0.93263,0.9299,12389,11563,0.9333,0.5202,0.5376,51.486,0.0772,0.9846,1.1
"1","months_since_cert_n <   25 & shelter_expenses_by_hh_size < 1000 & total_deductions_by_hh_size <  888","xgboost",34160,0.93217,0.9299,17157,16051,0.9355,0.7221,0.5852,71.3,0.0772,0.9846,1.1
"1","total_deductions_by_hh_size < 591 & utilities >= 430 & utilities < 724","xgboost",7714,0.93466,0.92988,3837,3581,0.9333,0.1611,0.1113,15.946,0.0772,0.9846,1.1
"1","expedited_i >  0.500 & rawben_rel_max >  0.991 & total_deductions_by_hh_size > 40.500","ranger",2054,0.93914,0.92987,1039,963,0.9269,0.0433,0.0605,4.318,0.0772,0.9846,1.1
"1","homeless <=   0.500 & months_since_cert_n >   5.500 & rawben_rel_max <=   0.268 & total_deductions_by_hh_size > 246.000","ranger",1763,0.93988,0.92987,863,814,0.9432,0.0366,0.0336,3.586,0.0772,0.9846,1.1
"1","months_since_cert_n >= 15.000 & rawben_rel_max <  0.664 & utilities < 80.000","xgboost",1081,0.94265,0.92987,569,530,0.9315,0.0238,0.0164,2.365,0.0772,0.9846,1.1
"1","total_deductions_by_hh_size < 675.00 & unc_rawben_rel_max <   2.22 & utilities >= 819.00 & utilities < 892.00","xgboost",652,0.94632,0.92987,267,251,0.9401,0.0113,0.0113,1.11,0.0772,0.9846,1.1
"1","medical_deductions <   4 & months_since_cert_n <  11 & utilities >= 643","xgboost",4329,0.93624,0.92986,2351,2187,0.9302,0.0984,0.0969,9.77,0.0772,0.9846,1.1
"1","medical_deductions >= 137.000 & medical_deductions < 227.000 & rawben_rel_max <   0.533","xgboost",1206,0.94196,0.92986,426,389,0.9131,0.0175,0.0144,1.77,0.0772,0.9846,1.1
"1","rawben_rel_max >    0.991 & total_deductions_by_hh_size >    7.800 & total_deductions_by_hh_size <= 1450.000","ranger",9376,0.93419,0.92985,4800,4481,0.9335,0.2016,0.2346,19.948,0.0772,0.9846,1.1
"1","cat_elig <= 0.5 & children_i <= 0.5 & elderly_disabled_i <= 0.5 & total_deductions_by_hh_size > 1.5","ranger",684,0.94591,0.92984,340,327,0.9618,0.0147,0.0056,1.413,0.0772,0.9846,1.1
"1","medical_deductions < 144 & total_deductions_by_hh_size < 725 & utilities >= 494 & utilities < 583","xgboost",3249,0.93721,0.92984,1792,1667,0.9302,0.075,0.0616,7.447,0.0772,0.9846,1.1
"1","married <   1.0 & percent_abawd <   0.5 & utilities < 334.0","xgboost",17947,0.93297,0.92983,8349,7822,0.9369,0.3519,0.3005,34.696,0.0772,0.9846,1.1
"1","married <= 0.5 & months_since_cert_n <= 5.5","ranger",22736,0.93262,0.92983,11490,10749,0.9355,0.4836,0.4073,47.75,0.0772,0.9846,1.1
"1","medical_deductions < 135.000 & rawben_rel_max <   0.272 & total_deductions_by_hh_size >= 108.000 & utilities >= 341.000","xgboost",2539,0.93816,0.92983,1424,1351,0.9487,0.0608,0.0468,5.918,0.0772,0.9846,1.1
"1","homeless <   1.000 & rawben_rel_max <   0.254 & utilities >= 680.000","xgboost",764,0.94503,0.92982,314,292,0.9299,0.0131,0.0125,1.305,0.0772,0.9846,1.1
"1","medical_deductions < 114.000 & rawben_rel_max >=   0.704 & unc_rawben_rel_max >=  -0.744","xgboost",24806,0.93248,0.92981,12916,12055,0.9333,0.5423,0.5499,53.676,0.0772,0.9846,1.1
"1","cat_elig <= 0.50 & unc_rawben_rel_max <= 1.95 & utilities > 7.50","ranger",2447,0.93829,0.9298,1249,1182,0.9464,0.0532,0.0305,5.191,0.0772,0.9846,1.1
"1","cat_elig <   2 & medical_deductions < 135 & total_deductions_by_hh_size < 769","xgboost",27890,0.93231,0.92979,19076,17774,0.9317,0.7996,0.7083,79.275,0.0772,0.9846,1.1
"1","cat_elig <= 0.5 & elderly_disabled_i > 0.5 & expedited_i <= 0.5 & married <= 0.5","ranger",2280,0.9386,0.92979,1177,1113,0.9456,0.0501,0.0277,4.891,0.0772,0.9846,1.1
"1","cat_elig > 0.5 & homeless <= 0.5 & total_deductions_by_hh_size > 4.1 & total_deductions_by_hh_size <= 7.7","ranger",61,0.98361,0.92979,27,26,0.963,0.0012,3e-04,0.112,0.0772,0.9846,1.1
"1","months_since_cert_n <   3 & utilities >= 750","xgboost",954,0.9434,0.92979,498,466,0.9357,0.021,0.0174,2.07,0.0772,0.9846,1.1
"1","homeless >=   1.000 & months_since_cert_n >=  11.000 & rawben_rel_max <   0.364 & total_deductions_by_hh_size < 597.000","xgboost",83,0.9759,0.92976,37,31,0.8378,0.0014,0.0035,0.154,0.0772,0.9846,1.1
"1","elderly_disabled_i <=  0.500 & expedited_i >  0.500 & rawben_rel_max >  0.821 & utilities > 14.500","ranger",1313,0.94136,0.92975,652,617,0.9463,0.0278,0.0302,2.71,0.0772,0.9846,1.1
"1","married < 1 & months_since_cert_n < 2","xgboost",7463,0.93461,0.92974,3790,3551,0.9369,0.1598,0.1339,15.75,0.0772,0.9846,1.1
"1","medical_deductions < 148 & months_since_cert_n >=   8 & utilities >= 992","xgboost",488,0.94877,0.92974,482,454,0.9419,0.0204,0.0182,2.003,0.0772,0.9846,1.1
"1","months_since_cert_n <  18.000 & total_deductions_by_hh_size < 224.000 & unc_rawben_rel_max <   0.684 & utilities < 361.000","xgboost",5629,0.93533,0.92973,2768,2598,0.9386,0.1169,0.0776,11.503,0.0772,0.9846,1.1
"1","percent_abawd <   1.000 & rawben_rel_max <   0.811 & total_deductions_by_hh_size < 497.000 & utilities >= 459.000","xgboost",4752,0.93582,0.92972,2111,1965,0.9308,0.0884,0.0638,8.773,0.0772,0.9846,1.1
"1","total_deductions_by_hh_size >=  202.00 & total_deductions_by_hh_size < 1080.00 & unc_rawben_rel_max >=    0.78 & utilities >=  475.00","xgboost",7298,0.93464,0.92972,3634,3385,0.9315,0.1523,0.1513,15.102,0.0772,0.9846,1.1
"1","cat_elig <   2.000 & rawben_rel_max >=   0.278 & total_deductions_by_hh_size < 567.000 & utilities < 844.000","xgboost",17144,0.93292,0.92971,11763,11002,0.9353,0.495,0.3934,48.884,0.0772,0.9846,1.1
"1","medical_deductions <= 3.500 & months_since_cert_n > 6.500 & unc_rawben_rel_max > 0.998","ranger",5835,0.93522,0.92971,3153,2941,0.9328,0.1323,0.1607,13.103,0.0772,0.9846,1.1
"1","rawben_rel_max <   0.124 & total_deductions_by_hh_size >= 535.000 & total_deductions_by_hh_size < 769.000","xgboost",537,0.94786,0.92971,244,224,0.918,0.0101,0.0159,1.014,0.0772,0.9846,1.1
"1","rawben_rel_max >    0.991 & shelter_expenses_by_hh_size <= 1640.000 & total_deductions_by_hh_size >    7.800","ranger",8988,0.93413,0.9297,4559,4254,0.9331,0.1914,0.2242,18.946,0.0772,0.9846,1.1
"1","count_divisible_by_100 <= 1.5 & months_since_cert_n <= 5.5","ranger",22866,0.93248,0.92969,11526,10785,0.9357,0.4852,0.4078,47.899,0.0772,0.9846,1.1
"1","children_i <   1.00 & medical_deductions < 599.00 & unc_rawben_rel_max >=   1.48 & utilities >= 789.00","xgboost",921,0.94354,0.92968,650,607,0.9338,0.0273,0.0323,2.701,0.0772,0.9846,1.1
"1","elderly_disabled_i <=  0.500 & shelter_expenses_by_hh_size > 14.500 & unc_rawben_rel_max >  0.884","ranger",4794,0.93575,0.92968,2404,2259,0.9397,0.1016,0.1162,9.99,0.0772,0.9846,1.1
"1","expedited_i >   0.500 & medical_deductions <= 132.000 & rawben_rel_max >   0.991 & utilities >  32.000","ranger",1712,0.93984,0.92967,876,816,0.9315,0.0367,0.0483,3.64,0.0772,0.9846,1.1
"1","elderly_disabled_i >  0.5 & expedited_i >  0.5 & medical_deductions <=  0.5 & total_deductions_by_hh_size <= 40.8","ranger",471,0.94904,0.92966,237,232,0.9789,0.0104,0.003,0.985,0.0772,0.9846,1.1
"1","expedited_i <= 0.500 & percent_abawd <= 0.500 & shelter_expenses_by_hh_size <= 5.500 & unc_rawben_rel_max <= 0.976","ranger",1635,0.94006,0.92966,805,765,0.9503,0.0344,0.0221,3.345,0.0772,0.9846,1.1
"1","months_since_cert_n <    2 & total_deductions_by_hh_size < 1560","xgboost",7484,0.93453,0.92966,3790,3554,0.9377,0.1599,0.1316,15.75,0.0772,0.9846,1.1
"1","count_divisible_by_100 <=  1.500 & expedited_i >  0.500 & total_deductions_by_hh_size > 57.200 & unc_rawben_rel_max >  0.991","ranger",1956,0.93916,0.92965,994,918,0.9235,0.0413,0.0605,4.131,0.0772,0.9846,1.1
"1","months_since_cert_n <=   5.5 & shelter_expenses_by_hh_size >   5.5 & total_deductions_by_hh_size <= 192.0","ranger",3360,0.9369,0.92965,1670,1568,0.9389,0.0705,0.0493,6.94,0.0772,0.9846,1.1
"1","total_deductions_by_hh_size < 542 & utilities >= 361 & utilities < 783","xgboost",10404,0.93378,0.92965,5397,5058,0.9372,0.2276,0.1478,22.429,0.0772,0.9846,1.1
"1","total_deductions_by_hh_size >  365.000 & total_deductions_by_hh_size <= 1350.000 & unc_rawben_rel_max >    0.991","ranger",7777,0.93442,0.92965,3974,3703,0.9318,0.1666,0.1959,16.515,0.0772,0.9846,1.1
"1","cat_elig <= 0.5 & count_divisible_by_100 <= 0.5 & elderly_disabled_i > 0.5","ranger",2366,0.93829,0.92964,1219,1150,0.9434,0.0517,0.0328,5.066,0.0772,0.9846,1.1
"1","medical_deductions <= 19.500 & rawben_rel_max <=  0.087 & total_deductions_by_hh_size > 56.600","ranger",2184,0.93864,0.92964,1002,934,0.9321,0.042,0.0538,4.164,0.0772,0.9846,1.1
"1","rawben_rel_max >= 0.188 & rawben_rel_max < 0.247 & unc_rawben_rel_max >= 0.120","xgboost",1849,0.93943,0.92964,1006,949,0.9433,0.0427,0.0235,4.181,0.0772,0.9846,1.1
"1","shelter_expenses_by_hh_size >  14.0000 & total_deductions_by_hh_size <= 257.0000 & unc_rawben_rel_max >  -0.0292 & utilities > 360.0000","ranger",2638,0.93783,0.92964,1486,1389,0.9347,0.0625,0.0449,6.175,0.0772,0.9846,1.1
"1","months_since_cert_n >=  16.000 & rawben_rel_max >=   0.320 & rawben_rel_max <   0.485 & utilities < 430.000","xgboost",520,0.94808,0.92963,308,285,0.9253,0.0128,0.0078,1.28,0.0772,0.9846,1.1
"1","elderly_disabled_i <=   0.5 & homeless >   0.5 & shelter_expenses_by_hh_size >   5.5 & total_deductions_by_hh_size > 509.0","ranger",251,0.95618,0.92962,117,115,0.9829,0.0052,0.0013,0.486,0.0772,0.9846,1.1
"1","rawben_rel_max >    0.268 & shelter_expenses_by_hh_size >   32.500 & total_deductions_by_hh_size <= 1210.000 & unc_rawben_rel_max >    0.991","ranger",8449,0.93419,0.92962,4319,4026,0.9322,0.1811,0.2162,17.949,0.0772,0.9846,1.1
"1","cat_elig <= 0.5 & elderly_disabled_i > 0.5 & expedited_i <= 0.5 & months_since_cert_n <= 5.5","ranger",904,0.94358,0.92959,434,411,0.947,0.0185,0.0096,1.804,0.0772,0.9846,1.1
"1","elderly_disabled_i <=  0.500 & expedited_i >  0.500 & unc_rawben_rel_max >  0.802 & utilities > 36.000","ranger",1279,0.94136,0.92959,630,596,0.946,0.0268,0.0295,2.618,0.0772,0.9846,1.1
"1","rawben_rel_max >=    0.777 & total_deductions_by_hh_size >=  910.000 & total_deductions_by_hh_size < 1560.000 & utilities >=  844.000","xgboost",967,0.94312,0.92959,704,669,0.9503,0.0301,0.0229,2.926,0.0772,0.9846,1.1
"1","medical_deductions <  135 & shelter_expenses_by_hh_size < 1050 & utilities <  819","xgboost",34893,0.93182,0.92957,17687,16531,0.9346,0.7437,0.6188,73.503,0.0772,0.9846,1.1
"1","married <   1.0 & shelter_expenses_by_hh_size < 528.0 & unc_rawben_rel_max <   1.2 & utilities < 414.0","xgboost",9145,0.93395,0.92955,4812,4517,0.9387,0.2032,0.1472,19.998,0.0772,0.9846,1.1
"1","percent_abawd <=  0.250 & rawben_rel_max >  0.085 & rawben_rel_max <=  0.268 & shelter_expenses_by_hh_size > 14.500","ranger",3863,0.93632,0.92955,1803,1683,0.9334,0.0757,0.052,7.493,0.0772,0.9846,1.1
"1","rawben_rel_max <   0.533 & total_deductions_by_hh_size < 918.000 & utilities >= 281.000","xgboost",10404,0.93368,0.92955,5145,4785,0.93,0.2153,0.1623,21.381,0.0772,0.9846,1.1
"1","cat_elig <= 0.5 & elderly_disabled_i > 0.5 & percent_abawd <= 0.5","ranger",2438,0.93806,0.92954,1252,1181,0.9433,0.0531,0.0335,5.203,0.0772,0.9846,1.1
"1","homeless <   1 & total_deductions_by_hh_size < 611 & utilities < 600","xgboost",28747,0.93203,0.92954,14316,13413,0.9369,0.6034,0.4634,59.494,0.0772,0.9846,1.1
"1","shelter_expenses_by_hh_size < 1860 & total_deductions_by_hh_size >=  329 & utilities >=  723","xgboost",5998,0.93498,0.92954,3240,3010,0.929,0.1354,0.1282,13.465,0.0772,0.9846,1.1
"1","shelter_expenses_by_hh_size >= 906.00 & unc_rawben_rel_max <   2.52 & utilities >= 757.00","xgboost",4740,0.93565,0.92954,2914,2704,0.9279,0.1216,0.1203,12.11,0.0772,0.9846,1.1
"1","cat_elig <=   0.5 & children_i <=   0.5 & elderly_disabled_i >   0.5 & medical_deductions <= 146.0","ranger",2226,0.93845,0.92953,1140,1077,0.9447,0.0485,0.0301,4.738,0.0772,0.9846,1.1
"1","cat_elig <=   0.500 & medical_deductions <= 112.000 & percent_abawd <=   0.500 & rawben_rel_max <=   0.994","ranger",1907,0.93917,0.92953,971,918,0.9454,0.0413,0.022,4.035,0.0772,0.9846,1.1
"1","months_since_cert_n >   5.50 & percent_abawd >   0.25 & shelter_expenses_by_hh_size <= 396.00","ranger",919,0.94342,0.92953,541,509,0.9409,0.0229,0.0279,2.248,0.0772,0.9846,1.1
"1","months_since_cert_n >=   8.000 & rawben_rel_max <   0.632 & utilities < 201.000","xgboost",2739,0.93757,0.92952,1393,1296,0.9304,0.0583,0.0455,5.789,0.0772,0.9846,1.1
"1","cat_elig <  1 & elderly_disabled_i >=  1 & months_since_cert_n <  3 & utilities < 52","xgboost",123,0.96748,0.92951,64,58,0.9062,0.0026,0.0023,0.266,0.0772,0.9846,1.1
"1","children_i >=   1.00 & elderly_disabled_i <   1.00 & unc_rawben_rel_max <   1.38 & utilities >= 483.00","xgboost",123,0.96748,0.92951,56,49,0.875,0.0022,0.0031,0.233,0.0772,0.9846,1.1
"1","medical_deductions <  108 & shelter_expenses_by_hh_size <  987 & unc_rawben_rel_max >=    0 & utilities < 1010","xgboost",30824,0.9319,0.92951,15605,14606,0.936,0.6571,0.5319,64.851,0.0772,0.9846,1.1
"1","medical_deductions < 140.000 & months_since_cert_n <   1.000 & rawben_rel_max >=   0.354","xgboost",2422,0.93807,0.92951,1242,1161,0.9348,0.0522,0.0456,5.161,0.0772,0.9846,1.1
"1","medical_deductions <= 425.0 & months_since_cert_n >  10.5 & months_since_cert_n <=  35.5 & shelter_expenses_by_hh_size <=   5.0","ranger",1262,0.94136,0.92951,662,627,0.9471,0.0282,0.0251,2.751,0.0772,0.9846,1.1
"1","cat_elig >   0.5 & elderly_disabled_i >   0.5 & medical_deductions <=   0.5 & shelter_expenses_by_hh_size <= 638.0","ranger",10161,0.93367,0.92949,5086,4743,0.9326,0.2134,0.169,21.136,0.0772,0.9846,1.1
"1","children_i <    1 & shelter_expenses_by_hh_size < 1090 & total_deductions_by_hh_size <  815","xgboost",37322,0.93165,0.92947,18765,17530,0.9342,0.7886,0.6415,77.983,0.0772,0.9846,1.1
"1","cat_elig <=   1.500 & rawben_rel_max >   0.991 & shelter_expenses_by_hh_size >   5.500 & total_deductions_by_hh_size > 184.000","ranger",6094,0.93485,0.92946,4328,4017,0.9281,0.1807,0.2319,17.986,0.0772,0.9846,1.1
"1","cat_elig <    2 & shelter_expenses_by_hh_size >=  400 & shelter_expenses_by_hh_size < 2300 & total_deductions_by_hh_size <  415","xgboost",8678,0.93397,0.92945,5396,5048,0.9355,0.2271,0.1482,22.424,0.0772,0.9846,1.1
"1","elderly_disabled_i >  0.500 & married <=  0.500 & shelter_expenses_by_hh_size <= 13.000 & unc_rawben_rel_max >  0.459","ranger",1369,0.94083,0.92945,705,672,0.9532,0.0302,0.0221,2.93,0.0772,0.9846,1.1
"1","children_i <= 0.500 & elderly_disabled_i <= 0.500 & unc_rawben_rel_max > 0.804 & utilities > 9.500","ranger",3991,0.93611,0.92944,2023,1893,0.9357,0.0852,0.1035,8.407,0.0772,0.9846,1.1
"1","expedited_i <   1.0 & months_since_cert_n >=   2.0 & unc_rawben_rel_max >=   1.2 & utilities < 875.0","xgboost",7137,0.93443,0.92944,3571,3331,0.9328,0.1499,0.1842,14.84,0.0772,0.9846,1.1
"1","expedited_i < 1.00 & homeless >= 1.00 & rawben_rel_max >= 0.38","xgboost",1965,0.93893,0.92943,985,932,0.9462,0.0419,0.0311,4.093,0.0772,0.9846,1.1
"1","months_since_cert_n <   5 & total_deductions_by_hh_size < 675 & utilities >= 452 & utilities < 596","xgboost",2238,0.93834,0.92943,1093,1025,0.9378,0.0461,0.036,4.542,0.0772,0.9846,1.1
"1","months_since_cert_n <   4.00 & shelter_expenses_by_hh_size < 906.00 & unc_rawben_rel_max >=   1.25 & unc_rawben_rel_max <   1.81","xgboost",996,0.94277,0.92942,451,440,0.9756,0.0198,0.0088,1.874,0.0772,0.9846,1.1
"1","rawben_rel_max <   0.460 & total_deductions_by_hh_size < 715.000 & unc_rawben_rel_max >=  -0.212","xgboost",11478,0.93335,0.92942,5773,5383,0.9324,0.2422,0.1766,23.991,0.0772,0.9846,1.1
"1","total_deductions_by_hh_size < 759.000 & unc_rawben_rel_max >=  -0.904 & unc_rawben_rel_max <   1.810","xgboost",38506,0.93157,0.92942,19531,18229,0.9333,0.8201,0.6632,81.166,0.0772,0.9846,1.1
"1","medical_deductions < 599.00 & months_since_cert_n <   7.00 & unc_rawben_rel_max <   1.99","xgboost",25201,0.93207,0.92941,12700,11887,0.936,0.5348,0.441,52.778,0.0772,0.9846,1.1
"1","elderly_disabled_i >   0.500 & percent_abawd <=   0.250 & shelter_expenses_by_hh_size <= 722.000 & unc_rawben_rel_max <=   0.991","ranger",12844,0.93312,0.9294,6439,6014,0.934,0.2706,0.1837,26.759,0.0772,0.9846,1.1
"1","medical_deductions >= 214.000 & rawben_rel_max <   0.312 & unc_rawben_rel_max <   1.020","xgboost",215,0.95814,0.9294,88,84,0.9545,0.0038,0.0014,0.366,0.0772,0.9846,1.1
"1","rawben_rel_max >    0.991 & shelter_expenses_by_hh_size <= 1850.000 & total_deductions_by_hh_size >    2.800","ranger",9400,0.93372,0.92938,4793,4472,0.933,0.2012,0.2371,19.919,0.0772,0.9846,1.1
"1","rawben_rel_max <=  0.2660 & unc_rawben_rel_max > -0.0406","ranger",5836,0.93489,0.92937,2731,2553,0.9348,0.1149,0.0908,11.349,0.0772,0.9846,1.1
"1","shelter_expenses_by_hh_size < 1030.000 & total_deductions_by_hh_size >=   22.400 & unc_rawben_rel_max >=   -0.904 & utilities >=  688.000","xgboost",2115,0.93853,0.92937,776,705,0.9085,0.0317,0.0353,3.225,0.0772,0.9846,1.1
"1","cat_elig <= 0.5 & children_i <= 0.5 & homeless <= 0.5 & months_since_cert_n > 5.5","ranger",1735,0.93948,0.92936,924,876,0.9481,0.0394,0.0239,3.84,0.0772,0.9846,1.1
"1","cat_elig <= 0.500 & elderly_disabled_i > 0.500 & medical_deductions > 6.000 & unc_rawben_rel_max <= 0.268","ranger",197,0.95939,0.92936,87,86,0.9885,0.0039,3e-04,0.362,0.0772,0.9846,1.1
"1","count_divisible_by_100 <= 0.500 & months_since_cert_n > 5.500 & rawben_rel_max > 0.991","ranger",6776,0.93447,0.92935,3603,3356,0.9314,0.151,0.1868,14.973,0.0772,0.9846,1.1
"1","shelter_expenses_by_hh_size < 1480.0 & total_deductions_by_hh_size <  749.0 & unc_rawben_rel_max <    1.9","xgboost",39187,0.93148,0.92935,20091,18738,0.9327,0.843,0.7097,83.493,0.0772,0.9846,1.1
"1","count_divisible_by_100 >  0.500 & months_since_cert_n >  5.500 & shelter_expenses_by_hh_size > 12.500 & unc_rawben_rel_max >  0.991","ranger",250,0.956,0.92934,163,149,0.9141,0.0067,0.0106,0.677,0.0772,0.9846,1.1
"1","homeless >   0.500 & rawben_rel_max >   0.993 & total_deductions_by_hh_size >   2.800 & total_deductions_by_hh_size <= 925.000","ranger",631,0.94612,0.92934,293,282,0.9625,0.0127,0.009,1.218,0.0772,0.9846,1.1
"1","medical_deductions > 210.000 & rawben_rel_max >   0.991 & shelter_expenses_by_hh_size >  10.000","ranger",103,0.97087,0.92934,39,36,0.9231,0.0016,0.0024,0.162,0.0772,0.9846,1.1
"1","children_i <=  0.500 & rawben_rel_max >  0.991 & utilities > 14.500","ranger",8254,0.93397,0.92933,4269,3986,0.9337,0.1793,0.2115,17.741,0.0772,0.9846,1.1
"1","married <=   0.50 & shelter_expenses_by_hh_size >   5.50 & unc_rawben_rel_max <=   1.95 & utilities > 684.00","ranger",6758,0.93445,0.92932,3481,3230,0.9279,0.1453,0.1376,14.466,0.0772,0.9846,1.1
"1","total_deductions_by_hh_size > 458.0 & unc_rawben_rel_max >   1.0 & utilities >  30.5","ranger",7154,0.9343,0.92932,3716,3468,0.9333,0.156,0.1818,15.443,0.0772,0.9846,1.1
"1","children_i <    1 & months_since_cert_n <   18 & shelter_expenses_by_hh_size < 1080","xgboost",33014,0.93164,0.92931,16801,15684,0.9335,0.7056,0.5932,69.821,0.0772,0.9846,1.1
"1","shelter_expenses_by_hh_size >= 627.0 & total_deductions_by_hh_size >=   4.4 & total_deductions_by_hh_size < 629.0 & utilities >= 452.0","xgboost",6830,0.93441,0.92931,3608,3358,0.9307,0.1511,0.1252,14.994,0.0772,0.9846,1.1
"1","total_deductions_by_hh_size < 591 & utilities >= 430","xgboost",8630,0.93384,0.9293,4180,3886,0.9297,0.1748,0.1306,17.371,0.0772,0.9846,1.1
"1","children_i <=  0.500 & homeless <=  0.500 & rawben_rel_max >  0.991 & utilities > 14.500","ranger",7796,0.93407,0.92929,4056,3782,0.9324,0.1701,0.2038,16.856,0.0772,0.9846,1.1
"1","count_divisible_by_100 <=  1.5 & months_since_cert_n >  5.5 & utilities <= 32.5","ranger",5815,0.93482,0.92929,3057,2860,0.9356,0.1287,0.1288,12.704,0.0772,0.9846,1.1
"1","cat_elig <= 0.50 & elderly_disabled_i > 0.50 & unc_rawben_rel_max <= 2.61","ranger",2444,0.93781,0.92928,1253,1182,0.9433,0.0532,0.0335,5.207,0.0772,0.9846,1.1
"1","cat_elig <= 0.500 & elderly_disabled_i > 0.500 & homeless <= 0.500 & unc_rawben_rel_max <= 0.993","ranger",2067,0.93856,0.92928,1066,1009,0.9465,0.0454,0.023,4.43,0.0772,0.9846,1.1
"1","cat_elig <   2.000 & months_since_cert_n <  26.000 & rawben_rel_max <   0.911 & total_deductions_by_hh_size < 449.000","xgboost",12544,0.93304,0.92927,7943,7391,0.9305,0.3325,0.2469,33.009,0.0772,0.9846,1.1
"1","cat_elig > 0.500 & cat_elig <= 1.500 & rawben_rel_max <= 0.991 & unc_rawben_rel_max <= 0.549","ranger",10596,0.93337,0.92927,7340,6767,0.9219,0.3044,0.2658,30.503,0.0772,0.9846,1.1
"1","cat_elig > 0.500 & children_i <= 0.500 & months_since_cert_n > 5.500 & rawben_rel_max > 0.998","ranger",6401,0.93454,0.92927,3429,3191,0.9306,0.1436,0.1823,14.25,0.0772,0.9846,1.1
"1","children_i <=  0.500 & unc_rawben_rel_max >  0.998 & utilities > 14.500","ranger",8159,0.93394,0.92927,4211,3935,0.9345,0.177,0.2077,17.5,0.0772,0.9846,1.1
"1","homeless <   1.000 & rawben_rel_max >=   0.357 & total_deductions_by_hh_size < 511.000 & utilities < 784.000","xgboost",17226,0.93249,0.92927,8980,8431,0.9389,0.3793,0.2905,37.319,0.0772,0.9846,1.1
"1","count_divisible_by_100 <=   1.50 & months_since_cert_n >  23.50 & total_deductions_by_hh_size <= 184.00 & unc_rawben_rel_max <=   1.21","ranger",742,0.94474,0.92926,382,356,0.9319,0.016,0.0121,1.587,0.0772,0.9846,1.1
"1","medical_deductions < 140.000 & months_since_cert_n >=   1.000 & rawben_rel_max <   0.533 & utilities < 583.000","xgboost",12601,0.93302,0.92926,6393,5958,0.932,0.268,0.2018,26.568,0.0772,0.9846,1.1
"1","cat_elig <=  0.50 & married <=  0.50 & unc_rawben_rel_max <=  2.29 & utilities > 14.00","ranger",2443,0.93778,0.92925,1243,1175,0.9453,0.0529,0.0315,5.166,0.0772,0.9846,1.1
"1","medical_deductions <  152 & shelter_expenses_by_hh_size < 1040 & utilities <  819","xgboost",35539,0.93148,0.92925,17824,16647,0.934,0.7489,0.6244,74.072,0.0772,0.9846,1.1
"1","rawben_rel_max >=   0.992 & total_deductions_by_hh_size >= 393.000 & unc_rawben_rel_max <   1.860 & utilities < 475.000","xgboost",1717,0.93943,0.92925,885,823,0.9299,0.037,0.0408,3.678,0.0772,0.9846,1.1
"1","months_since_cert_n <  1.000 & rawben_rel_max <  0.592 & utilities < 44.000","xgboost",267,0.95506,0.92924,134,120,0.8955,0.0054,0.0076,0.557,0.0772,0.9846,1.1
"1","unc_rawben_rel_max <=   0.425 & utilities >  12.500 & utilities <= 428.000","ranger",5899,0.93473,0.92924,2900,2708,0.9338,0.1218,0.089,12.052,0.0772,0.9846,1.1
"1","months_since_cert_n <=  0.500 & rawben_rel_max >  0.974 & shelter_expenses_by_hh_size > 14.500","ranger",694,0.94524,0.92923,346,328,0.948,0.0148,0.0124,1.438,0.0772,0.9846,1.1
"1","cat_elig <   1.00 & months_since_cert_n >=   9.00 & shelter_expenses_by_hh_size < 837.00 & unc_rawben_rel_max <   1.86","xgboost",915,0.94317,0.92922,481,456,0.948,0.0205,0.0116,1.999,0.0772,0.9846,1.1
"1","children_i <= 0.500 & rawben_rel_max > 0.993 & utilities > 9.500","ranger",8226,0.93387,0.92922,4233,3954,0.9341,0.1779,0.2095,17.591,0.0772,0.9846,1.1
"1","expedited_i >  0.500 & married <=  0.500 & total_deductions_by_hh_size > 53.500 & unc_rawben_rel_max >  0.991","ranger",1974,0.9387,0.92921,997,921,0.9238,0.0414,0.0605,4.143,0.0772,0.9846,1.1
"1","rawben_rel_max >    0.991 & shelter_expenses_by_hh_size >   27.500 & total_deductions_by_hh_size <= 1300.000","ranger",8722,0.93373,0.92921,4450,4148,0.9321,0.1866,0.2221,18.493,0.0772,0.9846,1.1
"1","homeless >  0.500 & months_since_cert_n > 10.500 & unc_rawben_rel_max >  0.991 & unc_rawben_rel_max <=  1.980","ranger",232,0.9569,0.92919,126,124,0.9841,0.0056,0.0013,0.524,0.0772,0.9846,1.1
"1","medical_deductions <= 210.0 & months_since_cert_n >  26.5 & total_deductions_by_hh_size <=   7.8","ranger",284,0.95423,0.92919,129,127,0.9845,0.0057,0.002,0.536,0.0772,0.9846,1.1
"1","elderly_disabled_i >=  1.000 & rawben_rel_max <  0.240 & unc_rawben_rel_max >= -0.056 & utilities >= 29.000","xgboost",3442,0.93637,0.92918,1666,1550,0.9304,0.0697,0.0516,6.923,0.0772,0.9846,1.1
"1","unc_rawben_rel_max >= 0.653 & unc_rawben_rel_max < 1.770","xgboost",24486,0.93188,0.92918,12784,11927,0.933,0.5366,0.5017,53.127,0.0772,0.9846,1.1
"1","cat_elig <=   0.5 & medical_deductions <= 150.0 & shelter_expenses_by_hh_size >  21.5 & utilities >   8.0","ranger",2290,0.93799,0.92917,1154,1092,0.9463,0.0491,0.0292,4.796,0.0772,0.9846,1.1
"1","count_divisible_by_100 <   2 & total_deductions_by_hh_size < 687 & utilities < 956","xgboost",38213,0.93133,0.92917,19162,17886,0.9334,0.8047,0.6789,79.633,0.0772,0.9846,1.1
"1","medical_deductions < 216 & total_deductions_by_hh_size < 715","xgboost",39186,0.9313,0.92917,19809,18468,0.9323,0.8308,0.7168,82.321,0.0772,0.9846,1.1
"1","shelter_expenses_by_hh_size < 1190.0 & total_deductions_by_hh_size <  754.0 & unc_rawben_rel_max <    1.9 & utilities <  886.0","xgboost",37674,0.93133,0.92916,19160,17884,0.9334,0.8046,0.664,79.624,0.0772,0.9846,1.1
"1","homeless >  0.500 & rawben_rel_max <=  0.991 & total_deductions_by_hh_size <= 56.000","ranger",385,0.95065,0.92914,170,162,0.9529,0.0073,0.0048,0.706,0.0772,0.9846,1.1
"1","shelter_expenses_by_hh_size >= 376.00 & unc_rawben_rel_max <   0.43","xgboost",10053,0.93335,0.92914,4843,4523,0.9339,0.2035,0.1503,20.126,0.0772,0.9846,1.1
"1","cat_elig <= 0.5 & elderly_disabled_i > 0.5 & married <= 0.5","ranger",2439,0.93768,0.92913,1254,1183,0.9434,0.0532,0.0335,5.211,0.0772,0.9846,1.1
"1","count_divisible_by_100 < 1.0 & expedited_i < 1.0 & months_since_cert_n < 2.0 & percent_abawd >= 0.5","xgboost",693,0.94517,0.92913,388,365,0.9407,0.0164,0.0133,1.612,0.0772,0.9846,1.1
"1","elderly_disabled_i > 0.500 & expedited_i > 0.500 & rawben_rel_max > 0.991 & unc_rawben_rel_max <= 2.450","ranger",851,0.9436,0.92913,445,410,0.9213,0.0184,0.0244,1.849,0.0772,0.9846,1.1
"1","medical_deductions <  175 & shelter_expenses_by_hh_size < 1180 & total_deductions_by_hh_size <  743","xgboost",38089,0.93129,0.92913,19176,17912,0.9341,0.8058,0.663,79.691,0.0772,0.9846,1.1
"1","months_since_cert_n <   5 & total_deductions_by_hh_size >= 600 & utilities >= 819","xgboost",1023,0.94233,0.92913,693,653,0.9423,0.0294,0.0233,2.88,0.0772,0.9846,1.1
"1","months_since_cert_n >=  5.000 & months_since_cert_n < 19.000 & rawben_rel_max >=  0.979","xgboost",7617,0.93396,0.92913,4135,3849,0.9308,0.1732,0.2101,17.184,0.0772,0.9846,1.1
"1","cat_elig > 0.500 & expedited_i > 0.500 & shelter_expenses_by_hh_size > 9.500 & unc_rawben_rel_max > 0.991","ranger",1820,0.93901,0.92912,933,866,0.9282,0.039,0.0523,3.877,0.0772,0.9846,1.1
"1","medical_deductions <   3 & shelter_expenses_by_hh_size < 719 & utilities >= 475 & utilities < 596","xgboost",1911,0.93878,0.92912,746,694,0.9303,0.0312,0.0279,3.1,0.0772,0.9846,1.1
"1","months_since_cert_n <  15.000 & rawben_rel_max >=   0.557 & total_deductions_by_hh_size < 828.000","xgboost",22033,0.93197,0.92912,11423,10685,0.9354,0.4807,0.4366,47.471,0.0772,0.9846,1.1
"1","expedited_i <=  0.5000 & rawben_rel_max <=  0.2660 & shelter_expenses_by_hh_size >  5.5000 & unc_rawben_rel_max > -0.0149","ranger",4843,0.93516,0.9291,2277,2129,0.935,0.0958,0.0701,9.463,0.0772,0.9846,1.1
"1","months_since_cert_n <  25 & percent_abawd >=   1 & utilities < 956","xgboost",4961,0.93509,0.9291,2680,2522,0.941,0.1135,0.1115,11.137,0.0772,0.9846,1.1
"1","medical_deductions < 185.000 & rawben_rel_max >=   0.188 & unc_rawben_rel_max <   1.290 & utilities < 361.000","xgboost",17686,0.93226,0.92909,9057,8497,0.9382,0.3823,0.305,37.639,0.0772,0.9846,1.1
"1","percent_abawd <   0.500 & rawben_rel_max <   0.278 & total_deductions_by_hh_size >= 549.000 & unc_rawben_rel_max >=  -0.347","xgboost",882,0.94331,0.92909,463,441,0.9525,0.0198,0.0119,1.924,0.0772,0.9846,1.1
"1","rawben_rel_max >   0.991 & total_deductions_by_hh_size > 398.000 & utilities >   8.000","ranger",7642,0.93392,0.92909,3953,3688,0.933,0.1659,0.1939,16.428,0.0772,0.9846,1.1
"1","cat_elig > 1.500 & unc_rawben_rel_max > 0.991 & unc_rawben_rel_max <= 1.930 & utilities > 9.500","ranger",2362,0.93776,0.92908,140,136,0.9714,0.0061,0.0022,0.582,0.0772,0.9846,1.1
"1","shelter_expenses_by_hh_size < 1440 & total_deductions_by_hh_size < 1380 & utilities >=  912","xgboost",1208,0.94123,0.92908,1227,1167,0.9511,0.0525,0.0357,5.099,0.0772,0.9846,1.1
"1","rawben_rel_max >=   0.821 & total_deductions_by_hh_size >= 321.000 & utilities >= 496.000","xgboost",7304,0.93401,0.92907,4087,3799,0.9295,0.1709,0.1822,16.985,0.0772,0.9846,1.1
"1","homeless <   1.00 & rawben_rel_max <   0.08 & total_deductions_by_hh_size < 842.00 & utilities <  27.00","xgboost",532,0.94737,0.92906,0,0,NA,0,0,0,0.0772,0.9846,1.1
"1","cat_elig <=  0.50 & unc_rawben_rel_max <=  2.29 & utilities > 14.00","ranger",2466,0.93755,0.92905,1253,1185,0.9457,0.0533,0.0315,5.207,0.0772,0.9846,1.1
"1","expedited_i <   1.00 & rawben_rel_max >=   0.46 & shelter_expenses_by_hh_size < 603.00","xgboost",9720,0.93333,0.92905,5122,4826,0.9422,0.2171,0.1841,21.286,0.0772,0.9846,1.1
"1","rawben_rel_max >=    0.712 & total_deductions_by_hh_size < 1020.000 & unc_rawben_rel_max <    2.520","xgboost",23847,0.93177,0.92904,12260,11425,0.9319,0.514,0.5187,50.95,0.0772,0.9846,1.1
"1","elderly_disabled_i >=   1.000 & rawben_rel_max >=   0.801 & utilities >= 601.000","xgboost",4322,0.93545,0.92902,2587,2410,0.9316,0.1084,0.1068,10.751,0.0772,0.9846,1.1
"1","elderly_disabled_i <    1 & months_since_cert_n >=    2 & shelter_expenses_by_hh_size < 1410 & utilities >=  912","xgboost",178,0.96067,0.92901,155,143,0.9226,0.0064,0.0068,0.644,0.0772,0.9846,1.1
"1","months_since_cert_n <   16.000 & shelter_expenses_by_hh_size < 1270.000 & unc_rawben_rel_max >=    0.605","xgboost",21827,0.93187,0.92901,11206,10477,0.9349,0.4713,0.4305,46.569,0.0772,0.9846,1.1
"1","rawben_rel_max >=   0.268 & utilities >= 580.000 & utilities < 585.000","xgboost",771,0.94423,0.92901,1,1,1,0,0,0.004,0.0772,0.9846,1.1
"1","count_divisible_by_100 <  1.00 & medical_deductions < 93.00 & unc_rawben_rel_max <  1.67","xgboost",38929,0.93113,0.92899,20046,18712,0.9335,0.8418,0.7036,83.306,0.0772,0.9846,1.1
"1","cat_elig >   0.5 & children_i <=   0.5 & elderly_disabled_i >   0.5 & utilities > 850.0","ranger",2718,0.93709,0.92898,1851,1737,0.9384,0.0781,0.0674,7.692,0.0772,0.9846,1.1
"1","elderly_disabled_i >   0.5000 & total_deductions_by_hh_size <= 296.0000 & unc_rawben_rel_max >  -0.0463","ranger",10421,0.93312,0.92898,5473,5128,0.937,0.2307,0.1583,22.744,0.0772,0.9846,1.1
"1","months_since_cert_n <  15.000 & rawben_rel_max <   0.552 & total_deductions_by_hh_size < 538.000 & unc_rawben_rel_max <   1.930","xgboost",11393,0.93294,0.92898,5623,5250,0.9337,0.2362,0.1734,23.368,0.0772,0.9846,1.1
"1","cat_elig <=   0.5 & elderly_disabled_i >   0.5 & medical_deductions <= 612.0","ranger",2433,0.93753,0.92896,1247,1177,0.9439,0.053,0.033,5.182,0.0772,0.9846,1.1
"1","children_i < 1 & months_since_cert_n < 4 & unc_rawben_rel_max >= 0","xgboost",14108,0.93252,0.92896,7218,6761,0.9367,0.3042,0.2412,29.996,0.0772,0.9846,1.1
"1","months_since_cert_n >   36.5 & shelter_expenses_by_hh_size >    5.5 & shelter_expenses_by_hh_size <= 1290.0","ranger",122,0.96721,0.92895,60,55,0.9167,0.0025,0.0031,0.249,0.0772,0.9846,1.1
"1","months_since_cert_n > 36.5 & shelter_expenses_by_hh_size >  5.5","ranger",141,0.96454,0.92895,75,70,0.9333,0.0031,0.0031,0.312,0.0772,0.9846,1.1
"1","months_since_cert_n <  13.000 & total_deductions_by_hh_size < 236.000 & unc_rawben_rel_max <   0.271 & utilities >= 511.000","xgboost",317,0.95268,0.92894,189,179,0.9471,0.0081,0.0076,0.785,0.0772,0.9846,1.1
"1","married <=  0.500 & medical_deductions <= 96.200 & rawben_rel_max >  0.991 & utilities >  9.500","ranger",8018,0.93365,0.92893,4165,3891,0.9342,0.175,0.2034,17.309,0.0772,0.9846,1.1
"1","cat_elig >=   1.00 & shelter_expenses_by_hh_size < 906.00 & unc_rawben_rel_max <   2.52 & utilities < 559.00","xgboost",26128,0.93153,0.92891,13149,12297,0.9352,0.5532,0.4686,54.644,0.0772,0.9846,1.1
"1","rawben_rel_max <=   0.507 & total_deductions_by_hh_size >   2.800 & utilities > 360.000 & utilities <= 430.000","ranger",2221,0.93787,0.9289,1224,1152,0.9412,0.0518,0.0313,5.087,0.0772,0.9846,1.1
"1","cat_elig >  0.500 & elderly_disabled_i <=  0.500 & unc_rawben_rel_max >  0.996 & utilities > 14.500","ranger",3576,0.93596,0.92889,1774,1661,0.9363,0.0747,0.0932,7.372,0.0772,0.9846,1.1
"1","elderly_disabled_i <=   0.500 & medical_deductions <= 108.000 & rawben_rel_max >   0.823 & shelter_expenses_by_hh_size >   5.500","ranger",4961,0.93489,0.92889,2477,2325,0.9386,0.1046,0.1214,10.294,0.0772,0.9846,1.1
"1","months_since_cert_n >=  22.0 & shelter_expenses_by_hh_size < 507.0 & unc_rawben_rel_max <   1.9","xgboost",1035,0.94203,0.92889,479,439,0.9165,0.0197,0.0196,1.991,0.0772,0.9846,1.1
"1","homeless <=    0.500 & rawben_rel_max >    0.991 & shelter_expenses_by_hh_size <= 1640.000 & total_deductions_by_hh_size >    7.800","ranger",8361,0.9335,0.92888,4277,3983,0.9313,0.1792,0.2152,17.774,0.0772,0.9846,1.1
"1","total_deductions_by_hh_size < 650 & utilities >= 493","xgboost",7037,0.93392,0.92888,3835,3550,0.9257,0.1597,0.1467,15.937,0.0772,0.9846,1.1
"1","elderly_disabled_i >   0.500 & shelter_expenses_by_hh_size <= 722.000 & unc_rawben_rel_max <=   0.991","ranger",12915,0.93256,0.92884,6477,6049,0.9339,0.2721,0.1851,26.917,0.0772,0.9846,1.1
"1","cat_elig <=  0.50 & unc_rawben_rel_max <=  2.61 & utilities > 65.00","ranger",2234,0.93778,0.92883,1124,1062,0.9448,0.0478,0.0289,4.671,0.0772,0.9846,1.1
"1","months_since_cert_n >= 22.000 & months_since_cert_n < 30.000 & unc_rawben_rel_max <  0.302","xgboost",690,0.94493,0.92883,327,309,0.945,0.0139,0.0086,1.359,0.0772,0.9846,1.1
"1","rawben_rel_max <   0.524 & total_deductions_by_hh_size >=  55.000 & total_deductions_by_hh_size < 600.000 & utilities >= 417.000","xgboost",4559,0.93507,0.92881,2021,1885,0.9327,0.0848,0.0598,8.399,0.0772,0.9846,1.1
"1","rawben_rel_max >=    0.892 & shelter_expenses_by_hh_size < 1110.000 & unc_rawben_rel_max <    1.640 & utilities >=  360.000","xgboost",3276,0.9362,0.92881,1736,1619,0.9326,0.0728,0.0592,7.214,0.0772,0.9846,1.1
"1","cat_elig > 1.500 & rawben_rel_max > 0.991 & shelter_expenses_by_hh_size > 5.500 & unc_rawben_rel_max <= 1.930","ranger",2591,0.93709,0.92878,162,152,0.9383,0.0068,0.0055,0.673,0.0772,0.9846,1.1
"1","elderly_disabled_i >   0.5 & shelter_expenses_by_hh_size <= 907.0 & utilities <=  14.5","ranger",5129,0.93469,0.92878,2627,2457,0.9353,0.1105,0.0926,10.917,0.0772,0.9846,1.1
"1","cat_elig <   3.000 & rawben_rel_max <   0.124 & shelter_expenses_by_hh_size >= 254.000 & unc_rawben_rel_max >=  -0.162","xgboost",2695,0.93692,0.92877,1322,1249,0.9448,0.0562,0.0408,5.494,0.0772,0.9846,1.1
"1","expedited_i <   1.000 & rawben_rel_max <   0.324 & total_deductions_by_hh_size >= 202.000 & utilities < 643.000","xgboost",3200,0.93625,0.92877,1567,1472,0.9394,0.0662,0.0522,6.512,0.0772,0.9846,1.1
"1","cat_elig > 0.500 & elderly_disabled_i <= 0.500 & rawben_rel_max > 0.991 & utilities > 9.500","ranger",3584,0.93583,0.92876,1775,1662,0.9363,0.0748,0.0932,7.376,0.0772,0.9846,1.1
"1","cat_elig > 0.500 & months_since_cert_n > 5.500 & rawben_rel_max > 0.991","ranger",6574,0.93398,0.92876,3514,3265,0.9291,0.1469,0.1897,14.603,0.0772,0.9846,1.1
"1","medical_deductions <   3.000 & months_since_cert_n >=  17.000 & rawben_rel_max >=   0.992 & utilities >= 469.000","xgboost",940,0.94255,0.92875,486,462,0.9506,0.0208,0.0165,2.02,0.0772,0.9846,1.1
"1","medical_deductions >=  129.000 & shelter_expenses_by_hh_size >= 1200.000 & total_deductions_by_hh_size <  879.000 & unc_rawben_rel_max <    0.908","xgboost",213,0.95775,0.92875,129,117,0.907,0.0053,0.0056,0.536,0.0772,0.9846,1.1
"1","total_deductions_by_hh_size >= 289.000 & unc_rawben_rel_max <   0.056","xgboost",1614,0.93928,0.92875,699,654,0.9356,0.0294,0.0369,2.905,0.0772,0.9846,1.1
"1","cat_elig <=   0.5 & medical_deductions <= 150.0 & utilities >   8.0","ranger",2291,0.93758,0.92874,1154,1092,0.9463,0.0491,0.0292,4.796,0.0772,0.9846,1.1
"1","married <=  0.500 & rawben_rel_max >  0.991 & utilities > 14.500","ranger",8417,0.93335,0.92874,4341,4048,0.9325,0.1821,0.2195,18.04,0.0772,0.9846,1.1
"1","married <= 0.500 & rawben_rel_max > 0.991 & utilities > 9.500","ranger",8418,0.93336,0.92874,4341,4048,0.9325,0.1821,0.2195,18.04,0.0772,0.9846,1.1
"1","medical_deductions <    4 & months_since_cert_n <   11 & total_deductions_by_hh_size < 1060 & utilities <  643","xgboost",27292,0.9313,0.92874,13931,13018,0.9345,0.5857,0.5121,57.894,0.0772,0.9846,1.1
"1","rawben_rel_max <    0.481 & shelter_expenses_by_hh_size < 1390.000 & unc_rawben_rel_max >=   -0.304","xgboost",12925,0.93246,0.92873,6419,5974,0.9307,0.2688,0.1966,26.676,0.0772,0.9846,1.1
"1","rawben_rel_max >=    0.668 & shelter_expenses_by_hh_size < 1480.000 & total_deductions_by_hh_size <  848.000 & utilities >=  488.000","xgboost",6148,0.93412,0.92873,3044,2838,0.9323,0.1277,0.1106,12.65,0.0772,0.9846,1.1
"1","cat_elig > 0.50 & expedited_i > 0.50 & homeless <= 0.50 & unc_rawben_rel_max <= 1.96","ranger",4524,0.93501,0.92872,2268,2125,0.9369,0.0956,0.0993,9.425,0.0772,0.9846,1.1
"1","count_divisible_by_100 <   1 & medical_deductions <   4 & shelter_expenses_by_hh_size < 800 & utilities >= 361","xgboost",7748,0.93353,0.92872,3861,3602,0.9329,0.162,0.1302,16.045,0.0772,0.9846,1.1
"1","count_divisible_by_100 > 0.500 & rawben_rel_max > 0.972","ranger",846,0.94326,0.92871,490,456,0.9306,0.0205,0.0257,2.036,0.0772,0.9846,1.1
"1","cat_elig <   2 & total_deductions_by_hh_size >=  82 & total_deductions_by_hh_size < 228","xgboost",3699,0.93566,0.9287,2368,2207,0.932,0.0993,0.0783,9.841,0.0772,0.9846,1.1
"1","months_since_cert_n >=   11 & shelter_expenses_by_hh_size >= 1110 & total_deductions_by_hh_size <  620","xgboost",299,0.95318,0.9287,131,123,0.9389,0.0055,0.0039,0.544,0.0772,0.9846,1.1
"1","rawben_rel_max >  0.976 & total_deductions_by_hh_size > 18.800 & total_deductions_by_hh_size <= 53.600","ranger",497,0.94769,0.9287,246,237,0.9634,0.0107,0.007,1.022,0.0772,0.9846,1.1
"1","cat_elig >= 2.000 & months_since_cert_n >= 3.000 & rawben_rel_max >= 0.199 & rawben_rel_max < 0.268","xgboost",366,0.95082,0.92869,27,25,0.9259,0.0011,0.0011,0.112,0.0772,0.9846,1.1
"1","children_i <    1.000 & rawben_rel_max <    0.476 & shelter_expenses_by_hh_size >=  387.000 & total_deductions_by_hh_size < 1450.000","xgboost",10899,0.93275,0.92869,5316,4960,0.933,0.2231,0.1629,22.092,0.0772,0.9846,1.1
"1","months_since_cert_n <   3 & total_deductions_by_hh_size < 894 & utilities >= 852","xgboost",366,0.95082,0.92869,211,199,0.9431,0.009,0.0071,0.877,0.0772,0.9846,1.1
"1","months_since_cert_n >=  10.000 & unc_rawben_rel_max >=  -0.076 & unc_rawben_rel_max <  -0.004 & utilities < 426.000","xgboost",159,0.96226,0.92869,76,72,0.9474,0.0032,0.0027,0.316,0.0772,0.9846,1.1
"1","elderly_disabled_i <=   0.50 & married >   0.50 & shelter_expenses_by_hh_size > 873.00 & unc_rawben_rel_max >  -3.01","ranger",60,0.98333,0.92868,26,25,0.9615,0.0011,2e-04,0.108,0.0772,0.9846,1.1
"1","expedited_i <= 0.500 & married <= 0.500 & months_since_cert_n > 5.500 & unc_rawben_rel_max > 0.991","ranger",5414,0.93443,0.92868,2898,2698,0.931,0.1214,0.149,12.043,0.0772,0.9846,1.1
"1","medical_deductions <  3.000 & months_since_cert_n <  2.000 & unc_rawben_rel_max >= -0.056","xgboost",6668,0.93386,0.92868,3440,3237,0.941,0.1456,0.1172,14.296,0.0772,0.9846,1.1
"1","rawben_rel_max >=   0.892 & unc_rawben_rel_max >=   0.800 & utilities >= 459.000","xgboost",7526,0.93356,0.92868,3844,3586,0.9329,0.1613,0.1683,15.975,0.0772,0.9846,1.1
"1","elderly_disabled_i >  0.5 & expedited_i <=  0.5 & medical_deductions <= 91.5 & months_since_cert_n > 38.5","ranger",102,0.97059,0.92867,60,56,0.9333,0.0025,0.0028,0.249,0.0772,0.9846,1.1
"1","medical_deductions <  323 & months_since_cert_n <   21 & shelter_expenses_by_hh_size < 1050 & utilities <  886","xgboost",33749,0.93096,0.92866,17017,15896,0.9341,0.7151,0.599,70.719,0.0772,0.9846,1.1
"1","homeless >   0.500 & rawben_rel_max >   0.991 & total_deductions_by_hh_size <= 746.000 & unc_rawben_rel_max >   1.220","ranger",577,0.94627,0.92865,221,212,0.9593,0.0095,0.0077,0.918,0.0772,0.9846,1.1
"1","months_since_cert_n <   3.0 & percent_abawd >=   0.5 & shelter_expenses_by_hh_size >= 974.0 & total_deductions_by_hh_size < 749.0","xgboost",195,0.95897,0.92865,88,78,0.8864,0.0035,0.0071,0.366,0.0772,0.9846,1.1
"1","expedited_i <=    0.50000 & rawben_rel_max <=    0.23700 & total_deductions_by_hh_size <= 1120.00000 & unc_rawben_rel_max >   -0.00915","ranger",4475,0.93497,0.92864,2169,2031,0.9364,0.0914,0.0708,9.014,0.0772,0.9846,1.1
"1","expedited_i <=  0.5 & homeless <=  0.5 & medical_deductions <= 60.0 & months_since_cert_n > 35.5","ranger",177,0.96045,0.92862,97,91,0.9381,0.0041,0.004,0.403,0.0772,0.9846,1.1
"1","count_divisible_by_100 >=   1.00 & rawben_rel_max >=   0.79 & total_deductions_by_hh_size < 997.00","xgboost",938,0.94243,0.9286,529,485,0.9168,0.0218,0.031,2.198,0.0772,0.9846,1.1
"1","expedited_i >  0.500 & homeless <=  0.500 & unc_rawben_rel_max >  0.991 & utilities > 32.000","ranger",1550,0.93935,0.9286,804,745,0.9266,0.0335,0.0468,3.341,0.0772,0.9846,1.1
"1","months_since_cert_n >= 3.000 & percent_abawd >= 0.500 & rawben_rel_max >= 0.592","xgboost",2659,0.93682,0.9286,1483,1401,0.9447,0.063,0.0652,6.163,0.0772,0.9846,1.1
"1","cat_elig <   1.00 & months_since_cert_n >=  20.00 & total_deductions_by_hh_size < 337.00 & unc_rawben_rel_max <   1.86","xgboost",230,0.95652,0.92859,113,108,0.9558,0.0049,0.0028,0.47,0.0772,0.9846,1.1
"1","medical_deductions <  14.000 & rawben_rel_max <   0.232 & total_deductions_by_hh_size < 269.000 & unc_rawben_rel_max >=  -0.004","xgboost",2881,0.93648,0.92859,1451,1362,0.9387,0.0613,0.0422,6.03,0.0772,0.9846,1.1
"1","months_since_cert_n >=    5.000 & shelter_expenses_by_hh_size < 1440.000 & total_deductions_by_hh_size >=  372.000 & unc_rawben_rel_max <   -0.304","xgboost",230,0.95652,0.92859,96,84,0.875,0.0038,0.0125,0.399,0.0772,0.9846,1.1
"1","shelter_expenses_by_hh_size < 863 & utilities >= 436 & utilities < 475","xgboost",1474,0.93962,0.92859,1074,1000,0.9311,0.045,0.0342,4.463,0.0772,0.9846,1.1
"1","months_since_cert_n <   10.00 & shelter_expenses_by_hh_size < 1530.00 & total_deductions_by_hh_size >=  563.00 & unc_rawben_rel_max >=    1.09","xgboost",3472,0.93577,0.92858,1814,1694,0.9338,0.0762,0.0895,7.539,0.0772,0.9846,1.1
"1","months_since_cert_n >=    6 & shelter_expenses_by_hh_size >=  693 & shelter_expenses_by_hh_size < 1860 & utilities >=  912","xgboost",1046,0.94168,0.92858,1046,987,0.9436,0.0444,0.0366,4.347,0.0772,0.9846,1.1
"1","percent_abawd > 0.75 & percent_abawd <= 1.50","ranger",4998,0.93457,0.92858,2713,2553,0.941,0.1149,0.1134,11.275,0.0772,0.9846,1.1
"1","medical_deductions < 150.0 & percent_abawd <   0.5 & total_deductions_by_hh_size < 705.0","xgboost",33659,0.93087,0.92856,16812,15643,0.9305,0.7038,0.6013,69.867,0.0772,0.9846,1.1
"1","months_since_cert_n >=  10 & rawben_rel_max >=   1 & utilities >= 462","xgboost",1971,0.9381,0.92856,1027,967,0.9416,0.0435,0.0432,4.268,0.0772,0.9846,1.1
"1","months_since_cert_n <   21.000 & rawben_rel_max >=    0.232 & rawben_rel_max <    0.278 & shelter_expenses_by_hh_size < 1670.000","xgboost",1107,0.94128,0.92855,512,474,0.9258,0.0213,0.0166,2.128,0.0772,0.9846,1.1
"1","months_since_cert_n >= 1 & months_since_cert_n < 3","xgboost",8540,0.93314,0.92855,4332,4065,0.9384,0.1829,0.1434,18.003,0.0772,0.9846,1.1
"1","rawben_rel_max >=   0.892 & total_deductions_by_hh_size >= 372.000 & utilities >= 452.000","xgboost",7512,0.93344,0.92855,3937,3668,0.9317,0.165,0.1774,16.361,0.0772,0.9846,1.1
"1","cat_elig <=   0.5 & expedited_i <=   0.5 & months_since_cert_n >   5.5 & utilities <= 416.0","ranger",1153,0.94102,0.92854,581,555,0.9552,0.025,0.0125,2.414,0.0772,0.9846,1.1
"1","expedited_i <   1.000 & rawben_rel_max <   0.732 & shelter_expenses_by_hh_size < 531.000 & unc_rawben_rel_max >=  -1.170","xgboost",7960,0.93329,0.92854,3884,3631,0.9349,0.1634,0.117,16.141,0.0772,0.9846,1.1
"1","months_since_cert_n >= 23.000 & rawben_rel_max <  0.192 & unc_rawben_rel_max <  1.700","xgboost",512,0.94727,0.92854,229,220,0.9607,0.0099,0.0053,0.952,0.0772,0.9846,1.1
"1","cat_elig <   2 & total_deductions_by_hh_size < 769","xgboost",29105,0.93101,0.92852,19697,18321,0.9301,0.8242,0.7366,81.856,0.0772,0.9846,1.1
"1","elderly_disabled_i <=  0.500 & medical_deductions <= 66.000 & unc_rawben_rel_max >  0.823 & utilities > 14.500","ranger",4306,0.93497,0.92852,2154,2021,0.9383,0.0909,0.1066,8.952,0.0772,0.9846,1.1
"1","percent_abawd <=   1.500 & total_deductions_by_hh_size > 510.000 & unc_rawben_rel_max >   0.991 & utilities >  30.500","ranger",6958,0.9336,0.92852,3656,3407,0.9319,0.1533,0.1797,15.193,0.0772,0.9846,1.1
"1","total_deductions_by_hh_size >=   9 & total_deductions_by_hh_size < 910 & utilities >= 645","xgboost",6101,0.93395,0.92852,3195,2979,0.9324,0.134,0.1131,13.278,0.0772,0.9846,1.1
"1","cat_elig >=   1 & count_divisible_by_100 <   2 & shelter_expenses_by_hh_size < 869","xgboost",28045,0.93104,0.92851,14080,13163,0.9349,0.5922,0.5022,58.513,0.0772,0.9846,1.1
"1","children_i <   1 & count_divisible_by_100 <   1 & total_deductions_by_hh_size < 836 & utilities >= 645","xgboost",5183,0.9344,0.92851,2630,2462,0.9361,0.1108,0.0872,10.93,0.0772,0.9846,1.1
"1","homeless <   1 & medical_deductions < 135 & total_deductions_by_hh_size < 307 & utilities >=  32","xgboost",8376,0.93314,0.92851,4364,4082,0.9354,0.1836,0.1268,18.136,0.0772,0.9846,1.1
"1","months_since_cert_n <  34.00 & rawben_rel_max <   0.58 & utilities >= 417.00 & utilities < 487.00","xgboost",2388,0.93719,0.92851,1021,957,0.9373,0.0431,0.025,4.243,0.0772,0.9846,1.1
"1","cat_elig <= 0.5 & elderly_disabled_i > 0.5","ranger",2447,0.93707,0.9285,1255,1184,0.9434,0.0533,0.0335,5.215,0.0772,0.9846,1.1
"1","months_since_cert_n <   16.000 & shelter_expenses_by_hh_size < 1270.000 & unc_rawben_rel_max >=    0.605 & utilities <  475.000","xgboost",15780,0.93188,0.9285,8417,7893,0.9377,0.3551,0.3231,34.979,0.0772,0.9846,1.1
"1","cat_elig <=   0.500 & medical_deductions <= 112.000 & rawben_rel_max <=   0.994","ranger",1969,0.93804,0.92849,1006,952,0.9463,0.0428,0.0222,4.181,0.0772,0.9846,1.1
"1","cat_elig >=  1.000 & rawben_rel_max <  0.584 & utilities < 44.000","xgboost",4290,0.93497,0.92849,2170,2030,0.9355,0.0913,0.0698,9.018,0.0772,0.9846,1.1
"1","months_since_cert_n >= 14.0 & rawben_rel_max <  0.5 & total_deductions_by_hh_size >= 22.4","xgboost",2729,0.93661,0.92849,1349,1264,0.937,0.0569,0.0378,5.606,0.0772,0.9846,1.1
"1","cat_elig <   2 & total_deductions_by_hh_size < 603 & utilities >= 361 & utilities < 886","xgboost",9974,0.93273,0.92848,6103,5679,0.9305,0.2555,0.1891,25.363,0.0772,0.9846,1.1
"1","cat_elig <=  0.5 & shelter_expenses_by_hh_size > 28.5 & utilities >  7.5","ranger",2476,0.937,0.92848,1256,1188,0.9459,0.0534,0.0315,5.22,0.0772,0.9846,1.1
"1","medical_deductions < 174 & months_since_cert_n <  14 & utilities < 424","xgboost",23076,0.93127,0.92848,11958,11185,0.9354,0.5032,0.4453,49.695,0.0772,0.9846,1.1
"1","months_since_cert_n >=   28.000 & rawben_rel_max <    0.672 & shelter_expenses_by_hh_size < 1220.000 & total_deductions_by_hh_size <  415.000","xgboost",718,0.94429,0.92847,298,285,0.9564,0.0128,0.0052,1.238,0.0772,0.9846,1.1
"1","cat_elig <= 0.500 & elderly_disabled_i > 0.500 & rawben_rel_max <= 0.991","ranger",2088,0.93774,0.92846,1076,1019,0.947,0.0458,0.023,4.472,0.0772,0.9846,1.1
"1","count_divisible_by_100 <= 1.50 & months_since_cert_n > 2.50 & months_since_cert_n <= 5.50 & unc_rawben_rel_max <= 1.96","ranger",11051,0.93249,0.92846,5566,5215,0.9369,0.2346,0.1901,23.131,0.0772,0.9846,1.1
"1","homeless >   0.5 & months_since_cert_n >  10.5 & shelter_expenses_by_hh_size <= 671.0 & total_deductions_by_hh_size <= 170.0","ranger",298,0.95302,0.92846,160,156,0.975,0.007,0.0013,0.665,0.0772,0.9846,1.1
"1","medical_deductions < 144 & total_deductions_by_hh_size < 725 & utilities >= 494","xgboost",8615,0.93302,0.92846,4439,4113,0.9266,0.185,0.1676,18.447,0.0772,0.9846,1.1
"1","cat_elig <=    0.5 & total_deductions_by_hh_size <= 2090.0 & utilities >    7.5","ranger",2475,0.93697,0.92845,1253,1186,0.9465,0.0534,0.031,5.207,0.0772,0.9846,1.1
"1","cat_elig >   0.500 & medical_deductions > 168.000 & rawben_rel_max >   0.991 & shelter_expenses_by_hh_size >   5.500","ranger",140,0.96429,0.92845,61,51,0.8361,0.0023,0.0087,0.254,0.0772,0.9846,1.1
"1","count_divisible_by_100 >=   1.0 & percent_abawd >=   0.5 & shelter_expenses_by_hh_size < 793.0 & total_deductions_by_hh_size < 490.0","xgboost",140,0.96429,0.92845,74,72,0.973,0.0032,0.0016,0.308,0.0772,0.9846,1.1
"1","months_since_cert_n >=   18 & shelter_expenses_by_hh_size >= 1140 & total_deductions_by_hh_size <  780 & utilities >=  819","xgboost",140,0.96429,0.92845,98,92,0.9388,0.0041,0.0038,0.407,0.0772,0.9846,1.1
"1","total_deductions_by_hh_size >= 903.00 & unc_rawben_rel_max >=   1.33 & unc_rawben_rel_max <   2.52","xgboost",1044,0.94157,0.92845,616,583,0.9464,0.0262,0.0237,2.56,0.0772,0.9846,1.1
"1","medical_deductions <= 92.500 & rawben_rel_max >  0.991 & total_deductions_by_hh_size >  2.800","ranger",9319,0.93283,0.92843,4818,4498,0.9336,0.2024,0.2351,20.022,0.0772,0.9846,1.1
"1","months_since_cert_n >= 14.000 & rawben_rel_max <  0.508 & utilities >= 63.000","xgboost",2860,0.93636,0.92843,1380,1295,0.9384,0.0583,0.0361,5.735,0.0772,0.9846,1.1
"1","cat_elig <=    0.5 & elderly_disabled_i >    0.5 & total_deductions_by_hh_size <= 2090.0 & utilities >    7.5","ranger",1952,0.93801,0.92841,981,928,0.946,0.0417,0.0241,4.077,0.0772,0.9846,1.1
"1","total_deductions_by_hh_size < 542 & utilities >= 361","xgboost",10841,0.93248,0.92841,5556,5193,0.9347,0.2336,0.1597,23.089,0.0772,0.9846,1.1
"1","cat_elig <   1.000 & months_since_cert_n >=  10.000 & rawben_rel_max <   0.811 & total_deductions_by_hh_size < 408.000","xgboost",575,0.94609,0.9284,316,304,0.962,0.0137,0.0041,1.313,0.0772,0.9846,1.1
"1","cat_elig >=  2.00 & months_since_cert_n < 23.00 & rawben_rel_max >=  0.79","xgboost",7366,0.93334,0.9284,578,557,0.9637,0.0251,0.0128,2.402,0.0772,0.9846,1.1
"1","count_divisible_by_100 <=  0.500 & homeless >  0.500 & total_deductions_by_hh_size <= 63.300 & unc_rawben_rel_max <=  0.991","ranger",381,0.95013,0.9284,172,163,0.9477,0.0073,0.0056,0.715,0.0772,0.9846,1.1
"1","expedited_i >  0.500 & percent_abawd >  0.750 & shelter_expenses_by_hh_size > 15.000 & unc_rawben_rel_max >  0.991","ranger",575,0.94609,0.9284,268,257,0.959,0.0116,0.0089,1.114,0.0772,0.9846,1.1
"1","cat_elig >  1.5 & months_since_cert_n > 10.5 & months_since_cert_n <= 11.5 & shelter_expenses_by_hh_size <=  5.0","ranger",121,0.96694,0.92838,12,12,1,5e-04,0,0.05,0.0772,0.9846,1.1
"1","count_divisible_by_100 <=  0.500 & percent_abawd <=  0.750 & shelter_expenses_by_hh_size <= 13.000 & unc_rawben_rel_max <=  0.976","ranger",1726,0.93859,0.92838,849,801,0.9435,0.036,0.0284,3.528,0.0772,0.9846,1.1
"1","elderly_disabled_i <= 0.500 & rawben_rel_max <= 0.976 & total_deductions_by_hh_size <= 2.800 & unc_rawben_rel_max > 0.804","ranger",121,0.96694,0.92838,52,50,0.9615,0.0022,0.0014,0.216,0.0772,0.9846,1.1
"1","months_since_cert_n < 6.000 & rawben_rel_max >= 0.384","xgboost",17767,0.93156,0.92838,9157,8566,0.9355,0.3854,0.3329,38.054,0.0772,0.9846,1.1
"1","total_deductions_by_hh_size > 510.000 & unc_rawben_rel_max >   0.991 & utilities >  30.500","ranger",6973,0.93346,0.92838,3668,3418,0.9318,0.1538,0.1807,15.243,0.0772,0.9846,1.1
"1","cat_elig <=   1.500 & homeless <=   0.500 & rawben_rel_max >   0.991 & total_deductions_by_hh_size > 187.000","ranger",5884,0.93389,0.92836,4165,3858,0.9263,0.1736,0.2283,17.309,0.0772,0.9846,1.1
"1","shelter_expenses_by_hh_size >= 726.00 & total_deductions_by_hh_size < 386.00 & unc_rawben_rel_max <   2.52","xgboost",2115,0.93759,0.92836,1099,1037,0.9436,0.0467,0.0268,4.567,0.0772,0.9846,1.1
"1","medical_deductions <= 804.000 & rawben_rel_max >   0.991 & utilities >  14.500","ranger",8545,0.93294,0.92835,4394,4100,0.9331,0.1845,0.2199,18.26,0.0772,0.9846,1.1
"1","elderly_disabled_i <=  0.500 & rawben_rel_max >  0.821 & utilities > 14.500","ranger",4310,0.9348,0.92834,2161,2027,0.938,0.0912,0.1072,8.981,0.0772,0.9846,1.1
"1","medical_deductions >= 140.00 & rawben_rel_max <   0.64 & total_deductions_by_hh_size < 535.00","xgboost",826,0.9431,0.92834,285,264,0.9263,0.0119,0.0074,1.184,0.0772,0.9846,1.1
"1","rawben_rel_max <   0.1000 & total_deductions_by_hh_size >= 218.0000 & unc_rawben_rel_max <   0.0172 & utilities >= 550.0000","xgboost",701,0.94437,0.92834,328,310,0.9451,0.0139,0.0137,1.363,0.0772,0.9846,1.1
"1","total_deductions_by_hh_size < 754.0 & unc_rawben_rel_max <   1.9 & utilities < 886.0","xgboost",38803,0.9305,0.92834,19844,18489,0.9317,0.8318,0.7165,82.467,0.0772,0.9846,1.1
"1","cat_elig > 0.5 & count_divisible_by_100 <= 1.5 & medical_deductions <= 0.5 & months_since_cert_n <= 5.5","ranger",18683,0.93143,0.92833,9511,8912,0.937,0.4009,0.3416,39.525,0.0772,0.9846,1.1
"1","months_since_cert_n >=  14.000 & rawben_rel_max <   0.454 & shelter_expenses_by_hh_size >= 370.000","xgboost",2619,0.93662,0.92833,1303,1222,0.9378,0.055,0.0347,5.415,0.0772,0.9846,1.1
"1","count_divisible_by_100 <= 1.500 & homeless <= 0.500 & rawben_rel_max > 0.991 & utilities > 9.500","ranger",8064,0.93304,0.92831,4171,3886,0.9317,0.1748,0.2115,17.334,0.0772,0.9846,1.1
"1","elderly_disabled_i <= 0.500 & homeless <= 0.500 & unc_rawben_rel_max > 0.823 & utilities > 9.500","ranger",3884,0.93512,0.92831,1960,1831,0.9342,0.0824,0.1032,8.145,0.0772,0.9846,1.1
"1","medical_deductions <   4 & shelter_expenses_by_hh_size < 800 & utilities >= 361","xgboost",8077,0.93302,0.9283,4065,3796,0.9338,0.1708,0.1356,16.893,0.0772,0.9846,1.1
"1","medical_deductions <= 298.0 & months_since_cert_n >  10.5 & shelter_expenses_by_hh_size <=   5.5","ranger",1271,0.9402,0.9283,667,632,0.9475,0.0284,0.0251,2.772,0.0772,0.9846,1.1
"1","total_deductions_by_hh_size < 600.000 & unc_rawben_rel_max >=  -0.056 & utilities < 892.000","xgboost",31412,0.9307,0.9283,15479,14464,0.9344,0.6507,0.519,64.327,0.0772,0.9846,1.1
"1","count_divisible_by_100 <= 1.500 & rawben_rel_max > 0.991 & utilities > 9.500","ranger",8523,0.93289,0.92829,4384,4090,0.9329,0.184,0.2192,18.219,0.0772,0.9846,1.1
"1","elderly_disabled_i >  0.500 & shelter_expenses_by_hh_size <= 13.000 & unc_rawben_rel_max >  0.459","ranger",1377,0.93972,0.92829,705,672,0.9532,0.0302,0.0221,2.93,0.0772,0.9846,1.1
"1","medical_deductions <  366 & months_since_cert_n <   12 & shelter_expenses_by_hh_size < 1330","xgboost",33604,0.9306,0.92829,17077,15943,0.9336,0.7172,0.6133,70.968,0.0772,0.9846,1.1
"1","count_divisible_by_100 > 0.500 & homeless <= 0.500 & rawben_rel_max > 0.991","ranger",763,0.94364,0.92828,448,420,0.9375,0.0189,0.022,1.862,0.0772,0.9846,1.1
"1","children_i <=    0.500 & rawben_rel_max >    0.991 & total_deductions_by_hh_size >   57.700 & total_deductions_by_hh_size <= 1500.000","ranger",8463,0.93288,0.92827,4365,4065,0.9313,0.1829,0.22,18.14,0.0772,0.9846,1.1
"1","homeless >= 1.00 & percent_abawd >= 0.50 & unc_rawben_rel_max < 1.27","xgboost",716,0.94413,0.92827,469,452,0.9638,0.0203,0.0129,1.949,0.0772,0.9846,1.1
"1","months_since_cert_n <= 36.500 & rawben_rel_max >  0.991 & utilities >  8.000","ranger",8520,0.93286,0.92827,4381,4086,0.9327,0.1838,0.2202,18.206,0.0772,0.9846,1.1
"1","homeless <=  0.5 & medical_deductions <= 99.5 & months_since_cert_n <=  5.5","ranger",18851,0.93136,0.92826,9616,9008,0.9368,0.4053,0.3377,39.962,0.0772,0.9846,1.1
"1","rawben_rel_max >=    0.636 & shelter_expenses_by_hh_size < 1150.000 & utilities <  426.000","xgboost",15198,0.9317,0.92826,7798,7311,0.9375,0.3289,0.3099,32.407,0.0772,0.9846,1.1
"1","medical_deductions <= 210.000 & rawben_rel_max >   0.991 & total_deductions_by_hh_size >  20.500 & utilities >   9.500","ranger",8445,0.93286,0.92824,4361,4069,0.933,0.1831,0.2179,18.123,0.0772,0.9846,1.1
"1","cat_elig <= 0.5 & count_divisible_by_100 > 0.5 & elderly_disabled_i <= 0.5 & expedited_i > 0.5","ranger",35,1,0.92823,16,15,0.9375,7e-04,6e-04,0.066,0.0772,0.9846,1.1
"1","cat_elig >  0.500 & elderly_disabled_i <=  0.500 & rawben_rel_max >  0.952 & utilities > 14.500","ranger",3660,0.93525,0.92823,1809,1696,0.9375,0.0763,0.0932,7.518,0.0772,0.9846,1.1
"1","elderly_disabled_i > 0.5 & total_deductions_by_hh_size > 5.1 & total_deductions_by_hh_size <= 7.8","ranger",35,1,0.92823,15,14,0.9333,6e-04,3e-04,0.062,0.0772,0.9846,1.1
"1","count_divisible_by_100 >=   1 & months_since_cert_n >=   9 & months_since_cert_n <  25 & shelter_expenses_by_hh_size < 906","xgboost",297,0.95286,0.92822,155,140,0.9032,0.0063,0.0088,0.644,0.0772,0.9846,1.1
"1","homeless <= 0.500 & rawben_rel_max > 0.991 & utilities > 9.500","ranger",8097,0.93294,0.92822,4189,3903,0.9317,0.1756,0.2125,17.408,0.0772,0.9846,1.1
"1","rawben_rel_max > 0.991 & utilities > 9.500","ranger",8557,0.9328,0.92821,4402,4107,0.933,0.1848,0.2202,18.294,0.0772,0.9846,1.1
"1","months_since_cert_n < 30.000 & unc_rawben_rel_max <  0.443 & utilities >= 59.000","xgboost",9160,0.93264,0.9282,4530,4224,0.9325,0.19,0.145,18.826,0.0772,0.9846,1.1
"1","cat_elig <   2 & total_deductions_by_hh_size < 603 & utilities >= 361","xgboost",10061,0.93241,0.92818,6195,5762,0.9301,0.2592,0.1945,25.745,0.0772,0.9846,1.1
"1","rawben_rel_max >=   0.818 & total_deductions_by_hh_size >= 515.000 & utilities >= 488.000","xgboost",7329,0.93314,0.92818,3982,3693,0.9274,0.1661,0.1834,16.548,0.0772,0.9846,1.1
"1","cat_elig <    2.0 & medical_deductions <  599.0 & shelter_expenses_by_hh_size < 2300.0 & unc_rawben_rel_max <    1.9","xgboost",31752,0.93056,0.92817,22565,20919,0.9271,0.9411,0.8767,93.775,0.0772,0.9846,1.1
"1","cat_elig > 0.5 & medical_deductions <= 0.5 & months_since_cert_n <= 5.5","ranger",18742,0.93128,0.92817,9534,8931,0.9368,0.4018,0.3441,39.621,0.0772,0.9846,1.1
"1","children_i <=  0.500 & rawben_rel_max >  0.085 & shelter_expenses_by_hh_size > 32.500 & unc_rawben_rel_max <=  0.268","ranger",3891,0.93498,0.92817,1816,1698,0.935,0.0764,0.0501,7.547,0.0772,0.9846,1.1
"1","count_divisible_by_100 >  0.500 & homeless <=  0.500 & months_since_cert_n <= 19.500 & rawben_rel_max >  0.991","ranger",715,0.94406,0.92817,422,396,0.9384,0.0178,0.0203,1.754,0.0772,0.9846,1.1
"1","children_i <=    0.500 & rawben_rel_max >    0.998 & shelter_expenses_by_hh_size >   29.500 & total_deductions_by_hh_size <= 1670.000","ranger",8622,0.93273,0.92816,4440,4142,0.9329,0.1863,0.2215,18.452,0.0772,0.9846,1.1
"1","months_since_cert_n < 28 & percent_abawd >=  1","xgboost",5027,0.93416,0.92816,2754,2591,0.9408,0.1166,0.1153,11.445,0.0772,0.9846,1.1
"1","unc_rawben_rel_max > 1.0 & utilities > 9.5","ranger",8406,0.93279,0.92815,4316,4030,0.9337,0.1813,0.2154,17.936,0.0772,0.9846,1.1
"1","married <= 0.50 & medical_deductions <= 3.50 & unc_rawben_rel_max <= 1.95","ranger",42185,0.93021,0.92814,21720,20232,0.9315,0.9102,0.8215,90.263,0.0772,0.9846,1.1
"1","months_since_cert_n < 5.000 & rawben_rel_max >= 0.164 & unc_rawben_rel_max < 2.520","xgboost",17154,0.93139,0.92814,8731,8175,0.9363,0.3678,0.2983,36.284,0.0772,0.9846,1.1
"1","cat_elig >   1.5 & medical_deductions >   3.5 & total_deductions_by_hh_size <= 302.0","ranger",330,0.95152,0.92813,22,21,0.9545,9e-04,3e-04,0.091,0.0772,0.9846,1.1
"1","elderly_disabled_i <= 0.50 & expedited_i <= 0.50 & unc_rawben_rel_max <= 1.96","ranger",10169,0.93234,0.92813,5371,5037,0.9378,0.2266,0.2247,22.321,0.0772,0.9846,1.1
"1","months_since_cert_n >=  22 & months_since_cert_n <  35 & shelter_expenses_by_hh_size < 735","xgboost",1585,0.9388,0.92813,719,651,0.9054,0.0293,0.032,2.988,0.0772,0.9846,1.1
"1","rawben_rel_max <   0.436 & shelter_expenses_by_hh_size >=  50.000 & shelter_expenses_by_hh_size < 730.000 & utilities >= 424.000","xgboost",1735,0.93833,0.92813,747,694,0.929,0.0312,0.0269,3.104,0.0772,0.9846,1.1
"1","count_divisible_by_100 <    1 & months_since_cert_n <   24 & shelter_expenses_by_hh_size < 1610 & utilities <  405","xgboost",23499,0.93089,0.92812,12526,11662,0.931,0.5247,0.4877,52.055,0.0772,0.9846,1.1
"1","medical_deductions < 200.000 & months_since_cert_n <  15.000 & rawben_rel_max >=   0.552 & unc_rawben_rel_max <   1.930","xgboost",24536,0.93084,0.92812,12844,11989,0.9334,0.5394,0.5069,53.377,0.0772,0.9846,1.1
"1","rawben_rel_max <    0.0928 & shelter_expenses_by_hh_size < 1580.0000 & total_deductions_by_hh_size >=  519.0000 & utilities >=  414.0000","xgboost",509,0.94695,0.92812,216,203,0.9398,0.0091,0.0086,0.898,0.0772,0.9846,1.1
"1","cat_elig <= 1.500 & homeless <= 0.500 & months_since_cert_n > 5.500 & rawben_rel_max > 0.991","ranger",4281,0.93459,0.9281,3199,2959,0.925,0.1331,0.1797,13.294,0.0772,0.9846,1.1
"1","cat_elig <   1 & expedited_i >=   1 & total_deductions_by_hh_size >= 422 & total_deductions_by_hh_size < 657","xgboost",81,0.97531,0.92809,72,66,0.9167,0.003,0.0048,0.299,0.0772,0.9846,1.1
"1","children_i >= 1 & married >= 1 & months_since_cert_n < 4","xgboost",81,0.97531,0.92809,24,22,0.9167,0.001,0.001,0.1,0.0772,0.9846,1.1
"1","months_since_cert_n <   21 & shelter_expenses_by_hh_size < 1050 & utilities <  886","xgboost",33934,0.93039,0.92809,17101,15965,0.9336,0.7182,0.609,71.068,0.0772,0.9846,1.1
"1","shelter_expenses_by_hh_size >=  61.0 & total_deductions_by_hh_size >=  18.4 & total_deductions_by_hh_size < 265.0","xgboost",6902,0.93321,0.92809,3571,3333,0.9334,0.1499,0.1107,14.84,0.0772,0.9846,1.1
"1","count_divisible_by_100 <    2.000 & medical_deductions <   19.000 & rawben_rel_max <    0.504 & utilities < 1010.000","xgboost",13478,0.93174,0.92808,6731,6280,0.933,0.2825,0.2176,27.972,0.0772,0.9846,1.1
"1","elderly_disabled_i <    1 & expedited_i <    1 & shelter_expenses_by_hh_size < 2300","xgboost",10147,0.9323,0.92808,5356,5025,0.9382,0.2261,0.2206,22.258,0.0772,0.9846,1.1
"1","rawben_rel_max <=  0.2680 & shelter_expenses_by_hh_size > 27.5000 & unc_rawben_rel_max > -0.0443","ranger",5224,0.93396,0.92808,2478,2316,0.9346,0.1042,0.0781,10.298,0.0772,0.9846,1.1
"1","medical_deductions <= 125.00 & percent_abawd >   0.75","ranger",5034,0.93405,0.92806,2753,2591,0.9412,0.1166,0.115,11.441,0.0772,0.9846,1.1
"1","rawben_rel_max <   0.268 & unc_rawben_rel_max >=   0.000 & utilities >=  29.000 & utilities < 550.000","xgboost",3050,0.93574,0.92804,1380,1296,0.9391,0.0583,0.0349,5.735,0.0772,0.9846,1.1
"1","married <   1.00 & months_since_cert_n >=  16.00 & rawben_rel_max <   0.68 & utilities < 483.00","xgboost",2844,0.93601,0.92803,1462,1354,0.9261,0.0609,0.0441,6.076,0.0772,0.9846,1.1
"1","count_divisible_by_100 <=  0.500 & percent_abawd <=  0.750 & rawben_rel_max <=  0.943 & shelter_expenses_by_hh_size <= 14.000","ranger",1672,0.9384,0.928,825,777,0.9418,0.035,0.0284,3.429,0.0772,0.9846,1.1
"1","medical_deductions <=  776.000 & rawben_rel_max >    0.991 & total_deductions_by_hh_size >   57.500 & total_deductions_by_hh_size <= 1500.000","ranger",8790,0.93254,0.928,4506,4193,0.9305,0.1886,0.2297,18.726,0.0772,0.9846,1.1
"1","shelter_expenses_by_hh_size >=  884 & shelter_expenses_by_hh_size < 1090 & total_deductions_by_hh_size <  486","xgboost",1068,0.94101,0.928,536,513,0.9571,0.0231,0.0095,2.227,0.0772,0.9846,1.1
"1","cat_elig >=    1 & shelter_expenses_by_hh_size < 2300 & utilities <  313","xgboost",16946,0.93125,0.92799,8506,7971,0.9371,0.3586,0.3222,35.349,0.0772,0.9846,1.1
"1","months_since_cert_n >=   13.000 & rawben_rel_max <    0.608 & shelter_expenses_by_hh_size < 1860.000","xgboost",4841,0.9341,0.92799,2419,2253,0.9314,0.1014,0.0703,10.053,0.0772,0.9846,1.1
"1","elderly_disabled_i >   0.5 & expedited_i >   0.5 & homeless >   0.5 & total_deductions_by_hh_size <= 506.0","ranger",101,0.9703,0.92798,52,47,0.9038,0.0021,0.003,0.216,0.0772,0.9846,1.1
"1","shelter_expenses_by_hh_size >= 496 & total_deductions_by_hh_size >= 154 & total_deductions_by_hh_size < 340 & utilities < 551","xgboost",4201,0.93454,0.92798,2065,1940,0.9395,0.0873,0.0487,8.582,0.0772,0.9846,1.1
"1","elderly_disabled_i <=  0.500 & homeless <=  0.500 & rawben_rel_max >  0.817 & utilities > 10.500","ranger",3895,0.93479,0.92797,1972,1839,0.9326,0.0827,0.1054,8.195,0.0772,0.9846,1.1
"1","children_i <= 0.500 & rawben_rel_max > 0.995 & total_deductions_by_hh_size > 8.900","ranger",9272,0.93238,0.92796,4785,4461,0.9323,0.2007,0.2414,19.885,0.0772,0.9846,1.1
"1","medical_deductions < 214.000 & months_since_cert_n >=  20.000 & unc_rawben_rel_max >=  -0.184 & unc_rawben_rel_max <   0.271","xgboost",945,0.9418,0.92796,423,399,0.9433,0.018,0.0113,1.758,0.0772,0.9846,1.1
"1","cat_elig <   1 & rawben_rel_max >=   1 & utilities >= 369 & utilities < 462","xgboost",139,0.96403,0.92795,147,141,0.9592,0.0063,0.0049,0.611,0.0772,0.9846,1.1
"1","count_divisible_by_100 >=   1.000 & medical_deductions < 216.000 & total_deductions_by_hh_size < 715.000 & unc_rawben_rel_max <  -0.016","xgboost",139,0.96403,0.92795,77,75,0.974,0.0034,0.002,0.32,0.0772,0.9846,1.1
"1","total_deductions_by_hh_size >=  92 & total_deductions_by_hh_size < 455 & utilities >= 405 & utilities < 875","xgboost",5894,0.93349,0.92795,2720,2536,0.9324,0.1141,0.081,11.304,0.0772,0.9846,1.1
"1","rawben_rel_max >=   0.692 & total_deductions_by_hh_size < 997.000","xgboost",24135,0.93068,0.92794,12421,11568,0.9313,0.5204,0.5261,51.619,0.0772,0.9846,1.1
"1","medical_deductions <  148 & months_since_cert_n <    8 & shelter_expenses_by_hh_size < 1210 & utilities >=  992","xgboost",193,0.95855,0.92793,161,150,0.9317,0.0067,0.007,0.669,0.0772,0.9846,1.1
"1","homeless <   1.000 & medical_deductions < 395.000 & rawben_rel_max >=   0.692 & unc_rawben_rel_max <   1.770","xgboost",20148,0.93091,0.92791,10657,9930,0.9318,0.4467,0.4239,44.288,0.0772,0.9846,1.1
"1","months_since_cert_n > 10.5 & months_since_cert_n <= 35.5 & shelter_expenses_by_hh_size <=  5.0","ranger",1264,0.93987,0.92791,662,627,0.9471,0.0282,0.0251,2.751,0.0772,0.9846,1.1
"1","months_since_cert_n >=  13.000 & months_since_cert_n <  16.000 & rawben_rel_max <   0.152 & utilities < 956.000","xgboost",329,0.95137,0.92791,155,151,0.9742,0.0068,0.0028,0.644,0.0772,0.9846,1.1
"1","months_since_cert_n >=  22.00 & percent_abawd <   0.50 & shelter_expenses_by_hh_size < 735.00 & unc_rawben_rel_max <   1.67","xgboost",1670,0.93832,0.92791,769,707,0.9194,0.0318,0.0273,3.196,0.0772,0.9846,1.1
"1","children_i <=   0.5 & homeless <=   0.5 & total_deductions_by_hh_size >   7.8 & total_deductions_by_hh_size <= 182.0","ranger",5298,0.93375,0.9279,2751,2547,0.9258,0.1146,0.0989,11.432,0.0772,0.9846,1.1
"1","elderly_disabled_i > 0.50 & medical_deductions <= 0.50 & unc_rawben_rel_max <= 1.43 & utilities <= 8.00","ranger",4806,0.93404,0.9279,2470,2324,0.9409,0.1046,0.0781,10.265,0.0772,0.9846,1.1
"1","medical_deductions <= 308.000 & months_since_cert_n >  10.500 & rawben_rel_max <=   0.991 & shelter_expenses_by_hh_size <= 708.000","ranger",4458,0.93428,0.9279,2261,2089,0.9239,0.094,0.0751,9.396,0.0772,0.9846,1.1
"1","months_since_cert_n <  10.0000 & total_deductions_by_hh_size >= 531.0000 & unc_rawben_rel_max >=   0.0172 & utilities >= 875.0000","xgboost",1475,0.93898,0.9279,1015,951,0.9369,0.0428,0.0382,4.218,0.0772,0.9846,1.1
"1","months_since_cert_n >=    1.000 & rawben_rel_max <    0.152 & shelter_expenses_by_hh_size >= 1020.000","xgboost",1097,0.94075,0.9279,562,527,0.9377,0.0237,0.0254,2.336,0.0772,0.9846,1.1
"1","rawben_rel_max >    0.991 & total_deductions_by_hh_size >   57.500 & total_deductions_by_hh_size <= 1500.000","ranger",8792,0.93244,0.9279,4508,4195,0.9306,0.1887,0.2297,18.734,0.0772,0.9846,1.1
"1","shelter_expenses_by_hh_size >=  50.00 & shelter_expenses_by_hh_size < 205.00 & unc_rawben_rel_max <   1.27","xgboost",821,0.94275,0.9279,416,393,0.9447,0.0177,0.0125,1.729,0.0772,0.9846,1.1
"1","months_since_cert_n >=   11 & shelter_expenses_by_hh_size >=  418 & shelter_expenses_by_hh_size < 1510 & total_deductions_by_hh_size <  372","xgboost",3190,0.93542,0.92789,1612,1506,0.9342,0.0678,0.045,6.699,0.0772,0.9846,1.1
"1","cat_elig >   0.5 & months_since_cert_n <=   5.5 & shelter_expenses_by_hh_size >   5.5 & total_deductions_by_hh_size <= 192.0","ranger",3043,0.93559,0.92788,1502,1410,0.9387,0.0634,0.045,6.242,0.0772,0.9846,1.1
"1","rawben_rel_max >   0.991 & total_deductions_by_hh_size > 510.000 & utilities >   5.000","ranger",6997,0.93297,0.92788,3677,3426,0.9317,0.1541,0.1816,15.281,0.0772,0.9846,1.1
"1","children_i <=  0.5 & months_since_cert_n > 14.5 & shelter_expenses_by_hh_size <=  9.5 & total_deductions_by_hh_size <=  7.8","ranger",665,0.94436,0.92786,283,270,0.9541,0.0121,0.0093,1.176,0.0772,0.9846,1.1
"1","married <=    0.500 & rawben_rel_max >    0.991 & shelter_expenses_by_hh_size >   16.500 & shelter_expenses_by_hh_size <= 1780.000","ranger",8714,0.93241,0.92785,4434,4126,0.9305,0.1856,0.2273,18.427,0.0772,0.9846,1.1
"1","months_since_cert_n <   31 & shelter_expenses_by_hh_size < 1410 & utilities >=  676","xgboost",5698,0.93349,0.92785,2885,2685,0.9307,0.1208,0.107,11.989,0.0772,0.9846,1.1
"1","shelter_expenses_by_hh_size >= 483 & total_deductions_by_hh_size < 535 & utilities >= 361","xgboost",8958,0.93235,0.92785,4567,4266,0.9341,0.1919,0.1282,18.979,0.0772,0.9846,1.1
"1","cat_elig >=   2.000 & rawben_rel_max >=   0.336 & shelter_expenses_by_hh_size < 689.000 & total_deductions_by_hh_size < 947.000","xgboost",5798,0.93343,0.92784,536,510,0.9515,0.0229,0.0136,2.227,0.0772,0.9846,1.1
"1","medical_deductions < 117 & total_deductions_by_hh_size >= 563 & total_deductions_by_hh_size < 775 & utilities >= 559","xgboost",4033,0.93454,0.92784,2051,1896,0.9244,0.0853,0.0891,8.523,0.0772,0.9846,1.1
"1","count_divisible_by_100 >= 1.000 & unc_rawben_rel_max >= 0.972","xgboost",851,0.94242,0.92783,490,456,0.9306,0.0205,0.0257,2.036,0.0772,0.9846,1.1
"1","elderly_disabled_i >   0.50 & medical_deductions <= 144.00 & percent_abawd <=   0.25 & shelter_expenses_by_hh_size <= 730.00","ranger",14356,0.93139,0.92783,7170,6685,0.9324,0.3007,0.232,29.797,0.0772,0.9846,1.1
"1","total_deductions_by_hh_size < 1560 & utilities <  361","xgboost",22713,0.93066,0.92783,11250,10505,0.9338,0.4726,0.4354,46.752,0.0772,0.9846,1.1
"1","cat_elig <   1 & shelter_expenses_by_hh_size >= 297 & utilities >=  27","xgboost",2247,0.9368,0.92782,1197,1131,0.9449,0.0509,0.0309,4.974,0.0772,0.9846,1.1
"1","children_i <   1.00 & expedited_i <   1.00 & unc_rawben_rel_max >=   1.19 & utilities >= 487.00","xgboost",2938,0.93567,0.92782,1575,1490,0.946,0.067,0.0641,6.545,0.0772,0.9846,1.1
"1","elderly_disabled_i >   0.500 & rawben_rel_max >   0.991 & shelter_expenses_by_hh_size > 646.000 & total_deductions_by_hh_size > 296.000","ranger",4206,0.93438,0.92782,2283,2131,0.9334,0.0959,0.1041,9.488,0.0772,0.9846,1.1
"1","cat_elig <   2.000 & months_since_cert_n >=  33.000 & rawben_rel_max <   0.304 & utilities < 670.000","xgboost",120,0.96667,0.9278,52,48,0.9231,0.0022,0.0016,0.216,0.0772,0.9846,1.1
"1","cat_elig <= 0.500 & medical_deductions <= 0.500 & rawben_rel_max <= 0.991 & unc_rawben_rel_max <= 2.420","ranger",1861,0.93767,0.9278,950,900,0.9474,0.0405,0.021,3.948,0.0772,0.9846,1.1
"1","cat_elig >=  1.000 & elderly_disabled_i <  1.000 & rawben_rel_max >=  0.787 & utilities >= 80.000","xgboost",3434,0.93506,0.9278,1727,1604,0.9288,0.0722,0.0951,7.177,0.0772,0.9846,1.1
"1","medical_deductions <   4 & months_since_cert_n <  11 & utilities < 643","xgboost",27599,0.93036,0.9278,14087,13139,0.9327,0.5911,0.5384,58.542,0.0772,0.9846,1.1
"1","expedited_i <=   0.5 & medical_deductions > 141.0 & total_deductions_by_hh_size <= 398.0","ranger",394,0.94924,0.92779,177,171,0.9661,0.0077,0.0023,0.736,0.0772,0.9846,1.1
"1","medical_deductions < 125.000 & months_since_cert_n >=   4.000 & rawben_rel_max <   0.556","xgboost",11162,0.93182,0.92779,5682,5284,0.93,0.2377,0.1864,23.613,0.0772,0.9846,1.1
"1","medical_deductions >   3.5 & shelter_expenses_by_hh_size >   5.5 & total_deductions_by_hh_size <= 330.0","ranger",958,0.94154,0.92779,429,403,0.9394,0.0181,0.0101,1.783,0.0772,0.9846,1.1
"1","cat_elig >=    1.000 & months_since_cert_n >=   13.000 & rawben_rel_max <    0.608 & shelter_expenses_by_hh_size < 1860.000","xgboost",4363,0.93422,0.92777,2167,2012,0.9285,0.0905,0.0664,9.006,0.0772,0.9846,1.1
"1","medical_deductions <= 210.000 & rawben_rel_max >   0.991 & utilities >   9.500","ranger",8462,0.9324,0.92777,4365,4073,0.9331,0.1832,0.2179,18.14,0.0772,0.9846,1.1
"1","months_since_cert_n <  11.00 & shelter_expenses_by_hh_size < 983.00 & unc_rawben_rel_max >=   1.27 & utilities >= 325.00","xgboost",1979,0.93734,0.92777,941,883,0.9384,0.0397,0.0426,3.911,0.0772,0.9846,1.1
"1","homeless <   1 & shelter_expenses_by_hh_size < 916","xgboost",29671,0.93023,0.92776,14909,13897,0.9321,0.6252,0.5305,61.958,0.0772,0.9846,1.1
"1","months_since_cert_n <  14.0 & rawben_rel_max <   0.5 & utilities < 475.0","xgboost",8775,0.93231,0.92776,4550,4253,0.9347,0.1913,0.1429,18.909,0.0772,0.9846,1.1
"1","elderly_disabled_i <=  0.500 & homeless >  0.500 & rawben_rel_max >  0.952 & utilities > 14.500","ranger",410,0.94878,0.92775,191,187,0.9791,0.0084,0.0035,0.794,0.0772,0.9846,1.1
"1","months_since_cert_n <   5.000 & rawben_rel_max >=   0.172 & utilities < 585.000","xgboost",14509,0.93128,0.92775,7345,6895,0.9387,0.3102,0.248,30.524,0.0772,0.9846,1.1
"1","months_since_cert_n >=   29 & shelter_expenses_by_hh_size < 1280 & utilities >=  723","xgboost",410,0.94878,0.92775,110,106,0.9636,0.0048,0.0033,0.457,0.0772,0.9846,1.1
"1","count_divisible_by_100 >  0.500 & percent_abawd <=  0.750 & total_deductions_by_hh_size > 18.700 & unc_rawben_rel_max >  0.991","ranger",538,0.9461,0.92773,339,321,0.9469,0.0144,0.0132,1.409,0.0772,0.9846,1.1
"1","elderly_disabled_i <= 0.5 & expedited_i <= 0.5 & married <= 0.5","ranger",9999,0.93199,0.92773,5312,4977,0.9369,0.2239,0.2251,22.075,0.0772,0.9846,1.1
"1","months_since_cert_n >=   6.000 & rawben_rel_max <   0.664 & total_deductions_by_hh_size < 657.000","xgboost",11067,0.93178,0.92773,5552,5169,0.931,0.2325,0.1664,23.073,0.0772,0.9846,1.1
"1","rawben_rel_max <    0.544 & total_deductions_by_hh_size < 1120.000 & unc_rawben_rel_max <    1.290","xgboost",16885,0.931,0.92773,8334,7735,0.9281,0.348,0.2748,34.634,0.0772,0.9846,1.1
"1","unc_rawben_rel_max >   -0.00915 & unc_rawben_rel_max <=    0.26800 & utilities <= 1020.00000","ranger",5588,0.93343,0.92773,2571,2399,0.9331,0.1079,0.0862,10.684,0.0772,0.9846,1.1
"1","medical_deductions < 429.00 & percent_abawd >=   0.50 & unc_rawben_rel_max <   1.27","xgboost",3823,0.93461,0.92772,2160,2040,0.9444,0.0918,0.0804,8.976,0.0772,0.9846,1.1
"1","percent_abawd <=   0.75 & shelter_expenses_by_hh_size >   5.50 & total_deductions_by_hh_size <= 242.00 & utilities <= 360.00","ranger",6306,0.93308,0.92772,3120,2911,0.933,0.131,0.0961,12.966,0.0772,0.9846,1.1
"1","cat_elig <= 0.5 & utilities > 7.5","ranger",2479,0.93626,0.92771,1256,1188,0.9459,0.0534,0.0315,5.22,0.0772,0.9846,1.1
"1","cat_elig >=   1.000 & elderly_disabled_i >=   1.000 & rawben_rel_max <   0.524 & shelter_expenses_by_hh_size >= 469.000","xgboost",8554,0.93231,0.92771,4226,3920,0.9276,0.1764,0.1313,17.562,0.0772,0.9846,1.1
"1","rawben_rel_max >=   0.0928 & rawben_rel_max <   0.2720 & total_deductions_by_hh_size >= 205.0000","xgboost",1381,0.93917,0.92771,678,646,0.9528,0.0291,0.0162,2.818,0.0772,0.9846,1.1
"1","months_since_cert_n <   24 & shelter_expenses_by_hh_size < 1610 & utilities <  405","xgboost",24433,0.93042,0.9277,13046,12137,0.9303,0.546,0.5143,54.216,0.0772,0.9846,1.1
"1","unc_rawben_rel_max <   2.52 & utilities >= 688.00","xgboost",6950,0.93281,0.9277,3603,3339,0.9267,0.1502,0.1468,14.973,0.0772,0.9846,1.1
"1","cat_elig <    2.000 & rawben_rel_max >=    0.988 & shelter_expenses_by_hh_size >= 1110.000","xgboost",2757,0.9358,0.92769,2146,1979,0.9222,0.089,0.1278,8.918,0.0772,0.9846,1.1
"1","homeless <= 0.500 & medical_deductions <= 4.500 & months_since_cert_n > 5.500 & rawben_rel_max > 0.991","ranger",5901,0.93323,0.92769,3232,2999,0.9279,0.1349,0.1728,13.431,0.0772,0.9846,1.1
"1","months_since_cert_n >=  11 & total_deductions_by_hh_size < 466 & utilities < 493","xgboost",5772,0.9333,0.92769,2927,2717,0.9283,0.1222,0.1034,12.164,0.0772,0.9846,1.1
"1","rawben_rel_max >=    0.712 & shelter_expenses_by_hh_size < 1000.000 & unc_rawben_rel_max >=    0.684 & utilities >=  530.000","xgboost",2684,0.93592,0.92769,1307,1206,0.9227,0.0543,0.0514,5.432,0.0772,0.9846,1.1
"1","rawben_rel_max <    0.33 & shelter_expenses_by_hh_size >= 1110.00 & total_deductions_by_hh_size < 1200.00","xgboost",1260,0.93968,0.92768,653,611,0.9357,0.0275,0.0236,2.714,0.0772,0.9846,1.1
"1","cat_elig <=  0.5 & children_i <=  0.5 & shelter_expenses_by_hh_size > 14.5","ranger",2771,0.93576,0.92767,1396,1321,0.9463,0.0594,0.0331,5.801,0.0772,0.9846,1.1
"1","expedited_i <=   0.5 & unc_rawben_rel_max <=   2.4 & utilities > 684.0","ranger",6331,0.93303,0.92767,3289,3041,0.9246,0.1368,0.1376,13.668,0.0772,0.9846,1.1
"1","months_since_cert_n >    5.500 & rawben_rel_max >    0.991 & shelter_expenses_by_hh_size > 1030.000","ranger",2404,0.93636,0.92767,1422,1323,0.9304,0.0595,0.0713,5.909,0.0772,0.9846,1.1
"1","rawben_rel_max <=    0.27700 & shelter_expenses_by_hh_size <= 1760.00000 & unc_rawben_rel_max >   -0.00915 & unc_rawben_rel_max <=    0.99100","ranger",5727,0.9333,0.92767,2725,2543,0.9332,0.1144,0.0892,11.324,0.0772,0.9846,1.1
"1","total_deductions_by_hh_size < 1100 & unc_rawben_rel_max >=    0 & utilities >=  680","xgboost",5972,0.93319,0.92767,3041,2825,0.929,0.1271,0.1155,12.638,0.0772,0.9846,1.1
"1","cat_elig >=   2.000 & count_divisible_by_100 <   1.000 & rawben_rel_max <   0.084 & utilities >= 750.000","xgboost",227,0.95595,0.92766,1,1,1,0,0,0.004,0.0772,0.9846,1.1
"1","children_i < 1.00 & percent_abawd < 0.50 & rawben_rel_max < 0.58","xgboost",17460,0.93087,0.92765,8670,8064,0.9301,0.3628,0.2681,36.03,0.0772,0.9846,1.1
"1","medical_deductions <= 620.00000 & unc_rawben_rel_max >  -0.00915 & unc_rawben_rel_max <=   0.26800","ranger",5582,0.93336,0.92765,2607,2433,0.9333,0.1095,0.0873,10.834,0.0772,0.9846,1.1
"1","rawben_rel_max >=   0.992 & shelter_expenses_by_hh_size >= 322.000 & total_deductions_by_hh_size >=   4.400","xgboost",8432,0.93228,0.92764,4369,4057,0.9286,0.1825,0.231,18.157,0.0772,0.9846,1.1
"1","elderly_disabled_i >    0.500 & shelter_expenses_by_hh_size <= 1650.000 & total_deductions_by_hh_size <=  521.000 & unc_rawben_rel_max <=    0.991","ranger",18190,0.93079,0.92763,9113,8511,0.9339,0.3829,0.252,37.871,0.0772,0.9846,1.1
"1","months_since_cert_n >= 18.0 & months_since_cert_n < 21.0 & total_deductions_by_hh_size < 18.4 & utilities < 54.0","xgboost",244,0.95492,0.92763,115,110,0.9565,0.0049,0.0032,0.478,0.0772,0.9846,1.1
"1","cat_elig <=   1.5 & count_divisible_by_100 <=   0.5 & total_deductions_by_hh_size <= 458.0 & utilities >  30.5","ranger",10425,0.9318,0.92762,6492,6019,0.9271,0.2708,0.2163,26.979,0.0772,0.9846,1.1
"1","count_divisible_by_100 <=   1.5 & elderly_disabled_i >   0.5 & married <=   0.5 & shelter_expenses_by_hh_size <= 670.0","ranger",13094,0.93134,0.92762,6499,6043,0.9298,0.2719,0.2233,27.008,0.0772,0.9846,1.1
"1","months_since_cert_n >=  22.000 & months_since_cert_n <  30.000 & shelter_expenses_by_hh_size < 600.000 & unc_rawben_rel_max <   0.302","xgboost",393,0.94911,0.92761,197,186,0.9442,0.0084,0.0048,0.819,0.0772,0.9846,1.1
"1","children_i <=  0.500 & total_deductions_by_hh_size > 17.800 & unc_rawben_rel_max >  0.991","ranger",9240,0.93203,0.9276,4785,4457,0.9315,0.2005,0.2434,19.885,0.0772,0.9846,1.1
"1","cat_elig >=   1.0 & months_since_cert_n <   2.0 & percent_abawd >=   0.5 & utilities >= 361.0","xgboost",311,0.95177,0.92759,156,141,0.9038,0.0063,0.0076,0.648,0.0772,0.9846,1.1
"1","percent_abawd >= 0.50 & unc_rawben_rel_max < 1.29","xgboost",3859,0.93444,0.92758,2174,2053,0.9443,0.0924,0.0814,9.035,0.0772,0.9846,1.1
"1","shelter_expenses_by_hh_size < 1020 & total_deductions_by_hh_size <  611 & utilities >=  493","xgboost",5332,0.93342,0.92758,2441,2256,0.9242,0.1015,0.0849,10.144,0.0772,0.9846,1.1
"1","married <=   0.500 & rawben_rel_max <=   0.993 & shelter_expenses_by_hh_size <= 562.000 & utilities > 494.000","ranger",409,0.94866,0.92757,259,233,0.8996,0.0105,0.0142,1.076,0.0772,0.9846,1.1
"1","months_since_cert_n < 5.0 & rawben_rel_max >= 0.1","xgboost",17554,0.93079,0.92757,8926,8350,0.9355,0.3757,0.312,37.094,0.0772,0.9846,1.1
"1","cat_elig <=   0.5 & homeless <=   0.5 & medical_deductions <= 568.0 & shelter_expenses_by_hh_size >   5.5","ranger",2796,0.93562,0.92756,1410,1331,0.944,0.0599,0.0356,5.86,0.0772,0.9846,1.1
"1","elderly_disabled_i <= 0.5 & expedited_i <= 0.5 & medical_deductions <= 2.5","ranger",10189,0.93179,0.92756,5382,5043,0.937,0.2269,0.2278,22.366,0.0772,0.9846,1.1
"1","cat_elig <= 0.5 & expedited_i <= 0.5 & months_since_cert_n > 5.5","ranger",1617,0.93816,0.92755,869,827,0.9517,0.0372,0.0188,3.611,0.0772,0.9846,1.1
"1","expedited_i >   0.5 & months_since_cert_n <=   3.5 & shelter_expenses_by_hh_size >  13.0 & total_deductions_by_hh_size <= 804.0","ranger",1122,0.94029,0.92755,485,458,0.9443,0.0206,0.0198,2.016,0.0772,0.9846,1.1
"1","rawben_rel_max >=  1.000 & total_deductions_by_hh_size >=  4.400 & unc_rawben_rel_max >= -0.016","xgboost",9618,0.9319,0.92755,4931,4598,0.9325,0.2069,0.2487,20.492,0.0772,0.9846,1.1
"1","shelter_expenses_by_hh_size < 1250 & total_deductions_by_hh_size >=  286 & total_deductions_by_hh_size <  780 & unc_rawben_rel_max <    0","xgboost",1031,0.94083,0.92755,438,414,0.9452,0.0186,0.0195,1.82,0.0772,0.9846,1.1
"1","cat_elig <=  1.500 & expedited_i <=  0.500 & shelter_expenses_by_hh_size <= 14.000 & unc_rawben_rel_max <=  0.971","ranger",1272,0.93947,0.92751,841,791,0.9405,0.0356,0.029,3.495,0.0772,0.9846,1.1
"1","married <=   0.500 & medical_deductions <= 194.000 & rawben_rel_max >   0.991 & total_deductions_by_hh_size >   8.800","ranger",9414,0.93191,0.92751,4860,4525,0.9311,0.2036,0.249,20.197,0.0772,0.9846,1.1
"1","rawben_rel_max > 0.991 & total_deductions_by_hh_size > 7.800","ranger",9684,0.93185,0.92751,4978,4637,0.9315,0.2086,0.2531,20.687,0.0772,0.9846,1.1
"1","count_divisible_by_100 <    1 & shelter_expenses_by_hh_size < 2300 & total_deductions_by_hh_size <  515 & utilities >=  313","xgboost",11838,0.93141,0.92749,5873,5454,0.9287,0.2454,0.1898,24.407,0.0772,0.9846,1.1
"1","medical_deductions <=   1.500 & rawben_rel_max <=   0.432 & utilities >  30.500 & utilities <= 428.000","ranger",5009,0.93352,0.92749,2498,2329,0.9323,0.1048,0.0802,10.381,0.0772,0.9846,1.1
"1","rawben_rel_max <   0.515 & total_deductions_by_hh_size >= 310.000 & total_deductions_by_hh_size < 365.000 & utilities >= 320.000","xgboost",646,0.94427,0.92749,322,295,0.9161,0.0133,0.0111,1.338,0.0772,0.9846,1.1
"1","homeless >  0.500 & months_since_cert_n <= 16.500 & rawben_rel_max <=  0.377 & unc_rawben_rel_max <=  0.991","ranger",327,0.95107,0.92748,170,152,0.8941,0.0068,0.0128,0.706,0.0772,0.9846,1.1
"1","medical_deductions <= 132.000 & rawben_rel_max >   0.998 & total_deductions_by_hh_size >  17.800","ranger",9111,0.93195,0.92748,4726,4410,0.9331,0.1984,0.2334,19.64,0.0772,0.9846,1.1
"1","shelter_expenses_by_hh_size >   18.500 & shelter_expenses_by_hh_size <= 1880.000 & unc_rawben_rel_max >    0.991","ranger",8954,0.93199,0.92748,4578,4260,0.9305,0.1917,0.2345,19.025,0.0772,0.9846,1.1
"1","cat_elig >  0.500 & children_i <=  0.500 & unc_rawben_rel_max >  0.998 & utilities > 14.500","ranger",7642,0.93235,0.92747,3955,3689,0.9327,0.166,0.199,16.436,0.0772,0.9846,1.1
"1","children_i <=  0.500 & rawben_rel_max >  0.993 & total_deductions_by_hh_size > 17.800 & unc_rawben_rel_max >  0.991","ranger",9209,0.93191,0.92747,4746,4422,0.9317,0.1989,0.2414,19.723,0.0772,0.9846,1.1
"1","elderly_disabled_i < 1 & expedited_i < 1","xgboost",10190,0.9317,0.92747,5383,5044,0.937,0.2269,0.2278,22.37,0.0772,0.9846,1.1
"1","medical_deductions < 152.000 & rawben_rel_max >=   0.736 & utilities < 789.000","xgboost",21222,0.9304,0.92747,10449,9719,0.9301,0.4372,0.4641,43.424,0.0772,0.9846,1.1
"1","rawben_rel_max >    0.085 & rawben_rel_max <=    0.268 & shelter_expenses_by_hh_size >    5.500 & shelter_expenses_by_hh_size <= 1770.000","ranger",3911,0.93429,0.92747,1839,1717,0.9337,0.0772,0.0526,7.642,0.0772,0.9846,1.1
"1","shelter_expenses_by_hh_size < 1710.00 & unc_rawben_rel_max <    1.64 & utilities <  452.00","xgboost",28125,0.92999,0.92745,14622,13650,0.9335,0.6141,0.5169,60.765,0.0772,0.9846,1.1
"1","cat_elig >=   1.000 & rawben_rel_max <   0.241 & total_deductions_by_hh_size < 474.000 & utilities >= 757.000","xgboost",138,0.96377,0.92744,48,41,0.8542,0.0018,0.0053,0.199,0.0772,0.9846,1.1
"1","children_i <=    0.5 & months_since_cert_n >   36.5 & shelter_expenses_by_hh_size >   13.0 & shelter_expenses_by_hh_size <= 1780.0","ranger",138,0.96377,0.92744,70,65,0.9286,0.0029,0.0031,0.291,0.0772,0.9846,1.1
"1","elderly_disabled_i <=   0.5 & married >   0.5 & months_since_cert_n <=   7.5 & total_deductions_by_hh_size > 390.0","ranger",138,0.96377,0.92744,55,52,0.9455,0.0023,0.0013,0.229,0.0772,0.9846,1.1
"1","months_since_cert_n <   23 & shelter_expenses_by_hh_size < 1390 & total_deductions_by_hh_size >=  792 & utilities >=  875","xgboost",583,0.94511,0.92744,449,427,0.951,0.0192,0.0138,1.866,0.0772,0.9846,1.1
"1","children_i <=   0.5 & homeless <=   0.5 & months_since_cert_n >   6.5 & shelter_expenses_by_hh_size <= 676.0","ranger",8962,0.93193,0.92743,4670,4332,0.9276,0.1949,0.186,19.407,0.0772,0.9846,1.1
"1","months_since_cert_n <  23 & shelter_expenses_by_hh_size >=  50 & total_deductions_by_hh_size < 415 & utilities < 612","xgboost",13810,0.93106,0.92743,6896,6438,0.9336,0.2896,0.2103,28.658,0.0772,0.9846,1.1
"1","children_i <=   0.5 & elderly_disabled_i >   0.5 & medical_deductions <= 180.0 & utilities > 684.0","ranger",5650,0.9331,0.92742,2869,2671,0.931,0.1202,0.1092,11.923,0.0772,0.9846,1.1
"1","elderly_disabled_i <= 0.500 & expedited_i <= 0.500 & unc_rawben_rel_max > 0.991 & utilities > 9.500","ranger",2674,0.93568,0.92742,1340,1255,0.9366,0.0565,0.0685,5.569,0.0772,0.9846,1.1
"1","elderly_disabled_i >=   1.000 & rawben_rel_max >=   0.992 & total_deductions_by_hh_size >= 749.000","xgboost",3401,0.93473,0.92741,1905,1779,0.9339,0.08,0.0888,7.917,0.0772,0.9846,1.1
"1","elderly_disabled_i <=  0.500 & expedited_i <=  0.500 & rawben_rel_max >  0.991 & utilities > 14.500","ranger",2673,0.93565,0.9274,1340,1255,0.9366,0.0565,0.0685,5.569,0.0772,0.9846,1.1
"1","elderly_disabled_i <= 0.500 & homeless > 0.500 & unc_rawben_rel_max > 0.982 & utilities > 9.500","ranger",408,0.94853,0.9274,190,186,0.9789,0.0084,0.0035,0.79,0.0772,0.9846,1.1
"1","months_since_cert_n <  30 & percent_abawd <   2 & total_deductions_by_hh_size < 764","xgboost",39584,0.92954,0.9274,20121,18740,0.9314,0.8431,0.7352,83.618,0.0772,0.9846,1.1
"1","homeless <=   0.5 & shelter_expenses_by_hh_size >  14.0 & total_deductions_by_hh_size <= 257.0 & utilities <= 360.0","ranger",6506,0.93268,0.92739,3218,3002,0.9329,0.1351,0.0986,13.373,0.0772,0.9846,1.1
"1","medical_deductions < 159.000 & unc_rawben_rel_max >=   0.756 & utilities >= 580.000 & utilities < 912.000","xgboost",5117,0.93336,0.92739,2085,1927,0.9242,0.0867,0.0935,8.665,0.0772,0.9846,1.1
"1","shelter_expenses_by_hh_size >= 476 & shelter_expenses_by_hh_size < 863 & utilities >= 436 & utilities < 475","xgboost",1059,0.94051,0.92739,860,803,0.9337,0.0361,0.0267,3.574,0.0772,0.9846,1.1
"1","count_divisible_by_100 <=  0.500 & months_since_cert_n > 13.500 & rawben_rel_max >  0.991 & shelter_expenses_by_hh_size <= 14.500","ranger",456,0.94737,0.92738,201,189,0.9403,0.0085,0.0086,0.835,0.0772,0.9846,1.1
"1","homeless >   0.500 & medical_deductions <= 107.000 & rawben_rel_max >   0.991 & total_deductions_by_hh_size >   2.800","ranger",645,0.94419,0.92738,297,287,0.9663,0.0129,0.008,1.234,0.0772,0.9846,1.1
"1","months_since_cert_n >=   3 & months_since_cert_n <  28 & percent_abawd >=   1 & total_deductions_by_hh_size < 661","xgboost",2497,0.93592,0.92738,1522,1428,0.9382,0.0642,0.0724,6.325,0.0772,0.9846,1.1
"1","cat_elig >   0.50 & homeless >   0.50 & percent_abawd >   0.25 & shelter_expenses_by_hh_size <= 370.00","ranger",707,0.94342,0.92737,428,411,0.9603,0.0185,0.0129,1.779,0.0772,0.9846,1.1
"1","expedited_i <=   0.5 & medical_deductions <= 105.0 & months_since_cert_n >  26.5 & total_deductions_by_hh_size <=   8.9","ranger",260,0.95385,0.92737,122,120,0.9836,0.0054,0.002,0.507,0.0772,0.9846,1.1
"1","expedited_i <= 0.500 & months_since_cert_n > 5.500 & unc_rawben_rel_max > 0.991","ranger",5460,0.93315,0.92737,2920,2717,0.9305,0.1222,0.1512,12.135,0.0772,0.9846,1.1
"1","homeless <=   0.500 & rawben_rel_max >   0.991 & total_deductions_by_hh_size > 494.000 & utilities >   5.000","ranger",6818,0.93253,0.92736,3605,3357,0.9312,0.151,0.1794,14.982,0.0772,0.9846,1.1
"1","count_divisible_by_100 >  0.50000 & rawben_rel_max <=  0.99100 & unc_rawben_rel_max <= -0.00915","ranger",156,0.96154,0.92735,87,83,0.954,0.0037,0.0037,0.362,0.0772,0.9846,1.1
"1","months_since_cert_n >=  23 & shelter_expenses_by_hh_size >= 531 & shelter_expenses_by_hh_size < 601 & utilities < 585","xgboost",156,0.96154,0.92735,103,91,0.8835,0.0041,0.0049,0.428,0.0772,0.9846,1.1
"1","shelter_expenses_by_hh_size < 1380.0 & total_deductions_by_hh_size < 1040.0 & unc_rawben_rel_max <    1.9","xgboost",42557,0.92941,0.92734,21835,20324,0.9308,0.9143,0.7921,90.741,0.0772,0.9846,1.1
"1","children_i <=  0.5 & percent_abawd <=  1.5 & total_deductions_by_hh_size > 28.9 & unc_rawben_rel_max >  1.0","ranger",8936,0.93185,0.92733,4619,4302,0.9314,0.1935,0.2369,19.195,0.0772,0.9846,1.1
"1","medical_deductions <=  3.000 & total_deductions_by_hh_size > 41.200 & unc_rawben_rel_max >  0.998","ranger",8721,0.93189,0.92732,4511,4204,0.9319,0.1891,0.2274,18.747,0.0772,0.9846,1.1
"1","rawben_rel_max >    0.991 & shelter_expenses_by_hh_size >   16.500 & shelter_expenses_by_hh_size <= 1780.000","ranger",8850,0.93186,0.92732,4496,4186,0.931,0.1883,0.2281,18.684,0.0772,0.9846,1.1
"1","rawben_rel_max <    0.236 & shelter_expenses_by_hh_size < 2090.000 & total_deductions_by_hh_size >=  542.000","xgboost",997,0.94082,0.9273,505,478,0.9465,0.0215,0.0201,2.099,0.0772,0.9846,1.1
"1","cat_elig <  2.000 & months_since_cert_n >= 20.000 & rawben_rel_max <  0.718","xgboost",2069,0.93668,0.92729,1319,1217,0.9227,0.0548,0.041,5.481,0.0772,0.9846,1.1
"1","shelter_expenses_by_hh_size < 1230.00 & unc_rawben_rel_max <    1.48 & utilities <  757.00","xgboost",36257,0.92953,0.92729,18287,17061,0.933,0.7675,0.6116,75.996,0.0772,0.9846,1.1
"1","cat_elig >=  1.000 & months_since_cert_n >=  3.000 & unc_rawben_rel_max >= -0.212 & unc_rawben_rel_max <  0.000","xgboost",1298,0.93914,0.92728,649,607,0.9353,0.0273,0.0244,2.697,0.0772,0.9846,1.1
"1","elderly_disabled_i <=  0.5 & shelter_expenses_by_hh_size > 46.5 & total_deductions_by_hh_size <= 55.5 & utilities >  9.5","ranger",100,0.97,0.92728,81,73,0.9012,0.0033,0.0062,0.337,0.0772,0.9846,1.1
"1","months_since_cert_n <  24.000 & rawben_rel_max <   0.924 & utilities >= 494.000 & utilities < 559.000","xgboost",1995,0.93684,0.92728,1120,1041,0.9295,0.0468,0.0376,4.654,0.0772,0.9846,1.1
"1","shelter_expenses_by_hh_size < 1060.000 & total_deductions_by_hh_size >=  218.000 & total_deductions_by_hh_size <  607.000 & unc_rawben_rel_max <    0.179","xgboost",1685,0.93769,0.92728,745,699,0.9383,0.0314,0.0301,3.096,0.0772,0.9846,1.1
"1","total_deductions_by_hh_size < 244.00 & unc_rawben_rel_max <   2.52 & utilities >= 475.00 & utilities < 488.00","xgboost",100,0.97,0.92728,1,1,1,0,0,0.004,0.0772,0.9846,1.1
"1","unc_rawben_rel_max >  -0.0149 & unc_rawben_rel_max <=   2.5300 & utilities > 754.0000","ranger",5109,0.93326,0.92728,3045,2817,0.9251,0.1267,0.1269,12.654,0.0772,0.9846,1.1
"1","rawben_rel_max >=   0.23 & total_deductions_by_hh_size < 244.00 & utilities >= 360.00","xgboost",1877,0.93713,0.92727,1059,993,0.9377,0.0447,0.0295,4.401,0.0772,0.9846,1.1
"1","rawben_rel_max >=   0.544 & unc_rawben_rel_max >=   1.120 & utilities >= 302.000","xgboost",6082,0.93275,0.92727,3236,3012,0.9308,0.1355,0.1707,13.448,0.0772,0.9846,1.1
"1","cat_elig >= 1.000 & rawben_rel_max >= 0.732 & unc_rawben_rel_max < 1.250","xgboost",16720,0.93056,0.92726,8778,8147,0.9281,0.3665,0.3669,36.479,0.0772,0.9846,1.1
"1","expedited_i <   1.00 & total_deductions_by_hh_size < 650.00 & unc_rawben_rel_max >=  -1.17","xgboost",30495,0.92969,0.92725,15775,14673,0.9301,0.6601,0.5623,65.557,0.0772,0.9846,1.1
"1","cat_elig <= 0.5 & homeless <= 0.5 & months_since_cert_n > 5.5","ranger",1758,0.93743,0.92724,936,887,0.9476,0.0399,0.0242,3.89,0.0772,0.9846,1.1
"1","months_since_cert_n >=   1 & utilities >= 493 & utilities < 559","xgboost",2842,0.93526,0.92724,1473,1365,0.9267,0.0614,0.0567,6.121,0.0772,0.9846,1.1
"1","rawben_rel_max >=   0.988 & shelter_expenses_by_hh_size < 950.000 & utilities >= 298.000","xgboost",3031,0.935,0.92724,1420,1312,0.9239,0.059,0.0761,5.901,0.0772,0.9846,1.1
"1","medical_deductions <   99.0 & percent_abawd <    0.5 & shelter_expenses_by_hh_size < 1640.0 & total_deductions_by_hh_size <  855.0","xgboost",35111,0.92951,0.92723,17610,16384,0.9304,0.7371,0.6403,73.183,0.0772,0.9846,1.1
"1","cat_elig <=   0.500 & rawben_rel_max >   0.993 & total_deductions_by_hh_size >  28.800 & utilities <= 452.000","ranger",407,0.9484,0.92722,277,261,0.9422,0.0117,0.012,1.151,0.0772,0.9846,1.1
"1","children_i <=  0.500 & married <=  0.500 & rawben_rel_max >  0.998 & shelter_expenses_by_hh_size > 14.500","ranger",8809,0.93177,0.92722,4548,4233,0.9307,0.1904,0.2354,18.9,0.0772,0.9846,1.1
"1","months_since_cert_n <=   1.500 & rawben_rel_max <=   0.479 & shelter_expenses_by_hh_size <= 726.000","ranger",1282,0.93916,0.92722,586,546,0.9317,0.0246,0.0225,2.435,0.0772,0.9846,1.1
"1","rawben_rel_max >=   0.424 & shelter_expenses_by_hh_size < 992.000 & utilities >= 819.000","xgboost",455,0.94725,0.92722,190,177,0.9316,0.008,0.0075,0.79,0.0772,0.9846,1.1
"1","cat_elig <   2 & months_since_cert_n <  17 & total_deductions_by_hh_size >=  92 & total_deductions_by_hh_size < 228","xgboost",2884,0.93516,0.9272,1842,1709,0.9278,0.0769,0.0666,7.655,0.0772,0.9846,1.1
"1","cat_elig >=   2.00 & months_since_cert_n <  16.00 & total_deductions_by_hh_size < 701.00 & unc_rawben_rel_max <   1.67","xgboost",8920,0.93173,0.9272,762,722,0.9475,0.0325,0.0187,3.167,0.0772,0.9846,1.1
"1","expedited_i >  0.5 & married <=  0.5 & months_since_cert_n > 11.5 & shelter_expenses_by_hh_size <=  5.5","ranger",191,0.95812,0.92719,88,82,0.9318,0.0037,0.0052,0.366,0.0772,0.9846,1.1
"1","months_since_cert_n <   8.000 & shelter_expenses_by_hh_size >= 376.000 & total_deductions_by_hh_size <  14.000 & unc_rawben_rel_max >=  -0.184","xgboost",191,0.95812,0.92719,91,84,0.9231,0.0038,0.0027,0.378,0.0772,0.9846,1.1
"1","shelter_expenses_by_hh_size >    5.500 & shelter_expenses_by_hh_size <= 1850.000 & unc_rawben_rel_max >    0.991","ranger",8947,0.93171,0.92719,4563,4247,0.9307,0.1911,0.2333,18.963,0.0772,0.9846,1.1
"1","rawben_rel_max <   0.454 & shelter_expenses_by_hh_size >= 370.000","xgboost",10714,0.9313,0.92718,5235,4881,0.9324,0.2196,0.1628,21.755,0.0772,0.9846,1.1
"1","rawben_rel_max >=   0.0928 & shelter_expenses_by_hh_size < 916.0000","xgboost",29349,0.92967,0.92718,14830,13823,0.9321,0.6219,0.529,61.63,0.0772,0.9846,1.1
"1","cat_elig >   0.5 & elderly_disabled_i >   0.5 & medical_deductions <= 362.0 & shelter_expenses_by_hh_size <= 618.0","ranger",10586,0.93132,0.92717,5196,4842,0.9319,0.2178,0.1727,21.593,0.0772,0.9846,1.1
"1","elderly_disabled_i >   0.5 & married <=   0.5 & total_deductions_by_hh_size <= 460.0 & utilities >   5.0","ranger",12986,0.93093,0.92717,6491,6048,0.9318,0.2721,0.189,26.975,0.0772,0.9846,1.1
"1","percent_abawd <   1.000 & rawben_rel_max >=   0.848 & utilities < 459.000","xgboost",10642,0.93131,0.92717,5510,5124,0.9299,0.2305,0.2672,22.898,0.0772,0.9846,1.1
"1","homeless <= 0.500 & married <= 0.500 & months_since_cert_n > 5.500 & unc_rawben_rel_max > 0.995","ranger",6071,0.93263,0.92714,3311,3069,0.9269,0.1381,0.1815,13.76,0.0772,0.9846,1.1
"1","expedited_i <   1 & months_since_cert_n <  17 & total_deductions_by_hh_size >=  96 & total_deductions_by_hh_size < 150","xgboost",1474,0.93826,0.92713,692,637,0.9205,0.0287,0.028,2.876,0.0772,0.9846,1.1
"1","cat_elig <=    0.5 & homeless <=    0.5 & shelter_expenses_by_hh_size >   14.5 & shelter_expenses_by_hh_size <= 1770.0","ranger",2779,0.93523,0.92712,1408,1329,0.9439,0.0598,0.0356,5.851,0.0772,0.9846,1.1
"1","cat_elig <=  0.5 & homeless <=  0.5 & shelter_expenses_by_hh_size > 13.0","ranger",2808,0.93519,0.92712,1417,1337,0.9435,0.0601,0.0361,5.889,0.0772,0.9846,1.1
"1","rawben_rel_max >    0.991 & shelter_expenses_by_hh_size >    5.500 & shelter_expenses_by_hh_size <= 1860.000","ranger",8952,0.93164,0.92712,4573,4256,0.9307,0.1915,0.2339,19.004,0.0772,0.9846,1.1
"1","children_i <= 0.500 & homeless <= 0.500 & months_since_cert_n > 5.500 & rawben_rel_max > 0.991","ranger",6040,0.93262,0.92711,3300,3062,0.9279,0.1378,0.1781,13.714,0.0772,0.9846,1.1
"1","total_deductions_by_hh_size >= 10.000 & unc_rawben_rel_max >=  0.996","xgboost",9601,0.93147,0.9271,4926,4589,0.9316,0.2065,0.2511,20.471,0.0772,0.9846,1.1
"1","elderly_disabled_i >   0.5 & homeless <=   0.5 & shelter_expenses_by_hh_size <= 907.0 & utilities <=  10.5","ranger",4694,0.93332,0.92708,2424,2267,0.9352,0.102,0.0844,10.074,0.0772,0.9846,1.1
"1","expedited_i <= 0.500 & rawben_rel_max > 0.087 & unc_rawben_rel_max <= 0.329","ranger",5766,0.93271,0.92708,2974,2778,0.9341,0.125,0.0817,12.359,0.0772,0.9846,1.1
"1","expedited_i <=   0.500 & medical_deductions > 140.000 & rawben_rel_max >   0.991 & unc_rawben_rel_max <=   1.940","ranger",208,0.95673,0.92707,99,94,0.9495,0.0042,0.0046,0.411,0.0772,0.9846,1.1
"1","count_divisible_by_100 <=  1.50000 & shelter_expenses_by_hh_size > 14.00000 & total_deductions_by_hh_size <= 58.90000 & unc_rawben_rel_max > -0.00544","ranger",2980,0.9349,0.92706,1628,1509,0.9269,0.0679,0.0537,6.766,0.0772,0.9846,1.1
"1","expedited_i <  1.000 & rawben_rel_max <  0.124 & total_deductions_by_hh_size <  9.000 & unc_rawben_rel_max >= -0.004","xgboost",454,0.94714,0.92706,236,225,0.9534,0.0101,0.0065,0.981,0.0772,0.9846,1.1
"1","children_i <    1.000 & rawben_rel_max >=    0.704 & shelter_expenses_by_hh_size < 1970.000","xgboost",24860,0.92977,0.92705,12969,12045,0.9288,0.5419,0.5742,53.896,0.0772,0.9846,1.1
"1","rawben_rel_max <  0.268 & unc_rawben_rel_max >=  0.000 & utilities >= 29.000","xgboost",3788,0.934,0.92705,1793,1681,0.9375,0.0756,0.0484,7.451,0.0772,0.9846,1.1
"1","cat_elig <   3.000 & rawben_rel_max >=   0.340 & rawben_rel_max <   0.405 & shelter_expenses_by_hh_size < 608.000","xgboost",1084,0.94004,0.92704,510,462,0.9059,0.0208,0.0216,2.119,0.0772,0.9846,1.1
"1","cat_elig >  0.500 & rawben_rel_max >  0.085 & unc_rawben_rel_max >  0.991 & utilities > 28.500","ranger",7952,0.93184,0.92704,4105,3824,0.9315,0.172,0.2084,17.059,0.0772,0.9846,1.1
"1","medical_deductions <=  3.000 & total_deductions_by_hh_size > 40.500 & unc_rawben_rel_max >  0.998","ranger",8730,0.93162,0.92704,4513,4206,0.932,0.1892,0.2274,18.755,0.0772,0.9846,1.1
"1","months_since_cert_n < 15.000 & rawben_rel_max >=  0.552 & unc_rawben_rel_max <  1.930","xgboost",24798,0.92975,0.92704,12965,12077,0.9315,0.5433,0.5277,53.879,0.0772,0.9846,1.1
"1","rawben_rel_max <   0.471 & shelter_expenses_by_hh_size >= 880.000 & total_deductions_by_hh_size < 422.000 & unc_rawben_rel_max >=  -0.184","xgboost",422,0.94787,0.92704,230,222,0.9652,0.01,0.003,0.956,0.0772,0.9846,1.1
"1","elderly_disabled_i >   0.5000 & married <=   0.5000 & rawben_rel_max >   0.0887 & total_deductions_by_hh_size <= 300.0000","ranger",9563,0.9314,0.92703,5051,4725,0.9355,0.2126,0.1482,20.991,0.0772,0.9846,1.1
"1","medical_deductions <=  0.5 & total_deductions_by_hh_size > 32.8 & unc_rawben_rel_max >  1.0","ranger",8758,0.93161,0.92703,4533,4226,0.9323,0.1901,0.2274,18.838,0.0772,0.9846,1.1
"1","months_since_cert_n >= 4 & months_since_cert_n < 5","xgboost",3787,0.93398,0.92703,1920,1795,0.9349,0.0808,0.0713,7.979,0.0772,0.9846,1.1
"1","cat_elig >=   1.00 & married <   1.00 & unc_rawben_rel_max <   1.42 & utilities < 361.00","xgboost",18570,0.93016,0.92702,9230,8615,0.9334,0.3876,0.3459,38.358,0.0772,0.9846,1.1
"1","expedited_i <=  0.500 & medical_deductions <= 83.000 & rawben_rel_max <=  0.268 & total_deductions_by_hh_size >  8.800","ranger",4533,0.93338,0.92702,2156,2013,0.9337,0.0906,0.0809,8.96,0.0772,0.9846,1.1
"1","expedited_i >=   1 & months_since_cert_n <   2 & total_deductions_by_hh_size >= 112 & utilities < 886","xgboost",564,0.94504,0.92702,234,217,0.9274,0.0098,0.0129,0.972,0.0772,0.9846,1.1
"1","medical_deductions < 144.00 & unc_rawben_rel_max <   1.86 & utilities < 956.00","xgboost",41963,0.9291,0.92702,21011,19532,0.9296,0.8787,0.7733,87.317,0.0772,0.9846,1.1
"1","medical_deductions <= 122.000 & months_since_cert_n >   7.500 & rawben_rel_max >   0.991","ranger",5119,0.93299,0.92701,2736,2548,0.9313,0.1146,0.141,11.37,0.0772,0.9846,1.1
"1","homeless <   1 & months_since_cert_n <   3 & percent_abawd <   1 & shelter_expenses_by_hh_size < 916","xgboost",6159,0.93246,0.927,3092,2912,0.9418,0.131,0.0969,12.85,0.0772,0.9846,1.1
"1","cat_elig >=  2.000 & rawben_rel_max <  0.336 & total_deductions_by_hh_size >= 14.000","xgboost",2571,0.93543,0.92699,159,153,0.9623,0.0069,0.0036,0.661,0.0772,0.9846,1.1
"1","children_i <=  0.500 & shelter_expenses_by_hh_size >  5.500 & total_deductions_by_hh_size > 22.000 & unc_rawben_rel_max >  0.991","ranger",8923,0.93153,0.92699,4627,4304,0.9302,0.1936,0.2397,19.229,0.0772,0.9846,1.1
"1","married <=  0.500 & rawben_rel_max >  0.991 & total_deductions_by_hh_size > 28.900","ranger",9290,0.93143,0.92699,4791,4454,0.9297,0.2004,0.2509,19.91,0.0772,0.9846,1.1
"1","rawben_rel_max <  0.312 & unc_rawben_rel_max >= -0.056 & unc_rawben_rel_max <  1.010","xgboost",7025,0.9321,0.92699,3548,3317,0.9349,0.1492,0.1118,14.745,0.0772,0.9846,1.1
"1","cat_elig <=   1.5 & total_deductions_by_hh_size <= 458.0 & utilities >  30.5","ranger",10794,0.93107,0.92695,6768,6279,0.9277,0.2825,0.2234,28.126,0.0772,0.9846,1.1
"1","months_since_cert_n <   23.00 & rawben_rel_max >=    0.66 & shelter_expenses_by_hh_size < 1360.00","xgboost",23092,0.92976,0.92694,11973,11168,0.9328,0.5024,0.4859,49.757,0.0772,0.9846,1.1
"1","medical_deductions >= 170.000 & total_deductions_by_hh_size < 314.000 & unc_rawben_rel_max <   0.928","xgboost",137,0.9635,0.92693,72,68,0.9444,0.0031,0.0015,0.299,0.0772,0.9846,1.1
"1","months_since_cert_n <    5 & shelter_expenses_by_hh_size >=   29 & shelter_expenses_by_hh_size < 2090 & total_deductions_by_hh_size <  154","xgboost",2365,0.93573,0.92693,1127,1060,0.9406,0.0477,0.0332,4.684,0.0772,0.9846,1.1
"1","homeless >  0.500 & medical_deductions <= 29.000 & unc_rawben_rel_max <=  0.407","ranger",357,0.94958,0.92692,180,161,0.8944,0.0072,0.0129,0.748,0.0772,0.9846,1.1
"1","months_since_cert_n >=   9 & shelter_expenses_by_hh_size < 627 & utilities >= 392 & utilities < 601","xgboost",1440,0.93819,0.92691,683,632,0.9253,0.0284,0.025,2.838,0.0772,0.9846,1.1
"1","cat_elig >  0.500 & expedited_i >  0.500 & rawben_rel_max >  0.991 & utilities > 32.000","ranger",1558,0.93774,0.92689,798,745,0.9336,0.0335,0.042,3.316,0.0772,0.9846,1.1
"1","elderly_disabled_i >   0.5 & total_deductions_by_hh_size <= 460.0 & utilities >   5.0","ranger",13019,0.93064,0.92689,6500,6057,0.9318,0.2725,0.189,27.012,0.0772,0.9846,1.1
"1","homeless <   1 & utilities < 339","xgboost",18189,0.93007,0.92689,8694,8140,0.9363,0.3662,0.3237,36.13,0.0772,0.9846,1.1
"1","rawben_rel_max >  0.998 & total_deductions_by_hh_size > 14.800 & total_deductions_by_hh_size <= 58.500 & unc_rawben_rel_max >  0.976","ranger",563,0.94494,0.92689,282,273,0.9681,0.0123,0.007,1.172,0.0772,0.9846,1.1
"1","months_since_cert_n <  27 & shelter_expenses_by_hh_size < 719 & utilities >= 201 & utilities < 334","xgboost",1881,0.93674,0.92686,452,411,0.9093,0.0185,0.0191,1.878,0.0772,0.9846,1.1
"1","shelter_expenses_by_hh_size >=  50.00 & shelter_expenses_by_hh_size < 382.00 & unc_rawben_rel_max <   1.48 & utilities < 886.00","xgboost",3778,0.93383,0.92686,1937,1805,0.9319,0.0812,0.0636,8.05,0.0772,0.9846,1.1
"1","total_deductions_by_hh_size > 18.800 & unc_rawben_rel_max >  0.991","ranger",9569,0.93124,0.92686,4919,4578,0.9307,0.206,0.2531,20.442,0.0772,0.9846,1.1
"1","elderly_disabled_i >   0.5 & shelter_expenses_by_hh_size >  14.5 & shelter_expenses_by_hh_size <= 466.0 & total_deductions_by_hh_size <= 332.0","ranger",5022,0.9329,0.92685,2551,2384,0.9345,0.1073,0.0738,10.601,0.0772,0.9846,1.1
"1","expedited_i <=    0.500 & rawben_rel_max >    0.991 & total_deductions_by_hh_size <= 1820.000 & utilities >    9.500","ranger",6699,0.93208,0.92685,3438,3214,0.9348,0.1446,0.1634,14.287,0.0772,0.9846,1.1
"1","months_since_cert_n >=  3.000 & months_since_cert_n < 33.000 & rawben_rel_max >=  0.261 & utilities < 54.000","xgboost",8891,0.93139,0.92685,4672,4387,0.939,0.1974,0.18,19.416,0.0772,0.9846,1.1
"1","elderly_disabled_i >   0.50 & married <=   0.50 & shelter_expenses_by_hh_size <= 714.00 & unc_rawben_rel_max <=   1.96","ranger",14371,0.93042,0.92684,7220,6712,0.9296,0.302,0.2438,30.005,0.0772,0.9846,1.1
"1","medical_deductions <  174 & total_deductions_by_hh_size >=  645 & total_deductions_by_hh_size < 1040 & utilities >= 1010","xgboost",500,0.946,0.92684,481,456,0.948,0.0205,0.0149,1.999,0.0772,0.9846,1.1
"1","months_since_cert_n <  30 & percent_abawd <   2 & total_deductions_by_hh_size < 764 & utilities >= 651","xgboost",4150,0.93349,0.92684,2039,1899,0.9313,0.0854,0.0758,8.474,0.0772,0.9846,1.1
"1","percent_abawd >=   0.5 & utilities < 580.0","xgboost",4450,0.93326,0.92684,2421,2286,0.9442,0.1028,0.096,10.061,0.0772,0.9846,1.1
"1","total_deductions_by_hh_size >= 10 & total_deductions_by_hh_size < 92 & utilities < 38","xgboost",1051,0.94006,0.92684,577,551,0.9549,0.0248,0.014,2.398,0.0772,0.9846,1.1
"1","count_divisible_by_100 <  1.000 & expedited_i <  1.000 & months_since_cert_n < 21.000 & unc_rawben_rel_max >=  0.876","xgboost",13358,0.93053,0.92682,7158,6685,0.9339,0.3007,0.3181,29.747,0.0772,0.9846,1.1
"1","cat_elig <    2 & months_since_cert_n <   33 & shelter_expenses_by_hh_size < 1230","xgboost",29558,0.92929,0.9268,19864,18439,0.9283,0.8295,0.755,82.55,0.0772,0.9846,1.1
"1","months_since_cert_n <  30 & percent_abawd <   2 & total_deductions_by_hh_size < 764 & utilities < 651","xgboost",35434,0.92908,0.9268,18082,16841,0.9314,0.7576,0.6594,75.144,0.0772,0.9846,1.1
"1","cat_elig >    0.5 & shelter_expenses_by_hh_size >   14.5 & total_deductions_by_hh_size <= 1320.0 & unc_rawben_rel_max >    1.0","ranger",8050,0.93155,0.92678,4092,3808,0.9306,0.1713,0.2103,17.005,0.0772,0.9846,1.1
"1","months_since_cert_n > 10.500 & unc_rawben_rel_max >  0.991 & unc_rawben_rel_max <=  1.880 & utilities <=  5.000","ranger",869,0.94131,0.92677,483,457,0.9462,0.0206,0.0211,2.007,0.0772,0.9846,1.1
"1","cat_elig > 0.50 & elderly_disabled_i <= 0.50 & homeless <= 0.50 & unc_rawben_rel_max <= 1.96","ranger",10540,0.93093,0.92676,5508,5141,0.9334,0.2313,0.2635,22.89,0.0772,0.9846,1.1
"1","children_i <=  0.500 & medical_deductions <=  0.500 & rawben_rel_max >  0.998 & shelter_expenses_by_hh_size > 14.500","ranger",8429,0.93143,0.92676,4383,4086,0.9322,0.1838,0.2198,18.215,0.0772,0.9846,1.1
"1","count_divisible_by_100 >= 1.000 & rawben_rel_max >= 0.955 & unc_rawben_rel_max >= 1.040","xgboost",747,0.94244,0.92676,428,400,0.9346,0.018,0.0221,1.779,0.0772,0.9846,1.1
"1","elderly_disabled_i <   1.00 & months_since_cert_n <   5.00 & shelter_expenses_by_hh_size >= 672.00 & unc_rawben_rel_max >=   1.77","xgboost",884,0.94118,0.92676,433,402,0.9284,0.0181,0.0247,1.799,0.0772,0.9846,1.1
"1","rawben_rel_max >= 0.672 & unc_rawben_rel_max < 1.290","xgboost",20932,0.92972,0.92676,10929,10177,0.9312,0.4578,0.4268,45.418,0.0772,0.9846,1.1
"1","cat_elig <   2 & children_i <   1 & medical_deductions < 167","xgboost",31853,0.92914,0.92674,22187,20546,0.926,0.9243,0.8913,92.204,0.0772,0.9846,1.1
"1","homeless <=    0.5 & shelter_expenses_by_hh_size <= 1330.0 & unc_rawben_rel_max <=    1.0 & utilities >  754.0","ranger",1907,0.93655,0.92673,961,871,0.9063,0.0392,0.0432,3.994,0.0772,0.9846,1.1
"1","months_since_cert_n >=   4 & months_since_cert_n <   5 & utilities < 714","xgboost",3384,0.9341,0.92673,1705,1597,0.9367,0.0718,0.0614,7.086,0.0772,0.9846,1.1
"1","homeless >   0.500 & months_since_cert_n >  10.500 & rawben_rel_max >   0.991 & total_deductions_by_hh_size <= 675.000","ranger",224,0.95536,0.92671,120,118,0.9833,0.0053,0.0013,0.499,0.0772,0.9846,1.1
"1","shelter_expenses_by_hh_size <  514 & total_deductions_by_hh_size < 1560 & utilities >=  361 & utilities <  844","xgboost",2358,0.93554,0.92671,1108,1034,0.9332,0.0465,0.0392,4.605,0.0772,0.9846,1.1
"1","months_since_cert_n <  11.000 & total_deductions_by_hh_size < 959.000 & unc_rawben_rel_max >=   0.399 & unc_rawben_rel_max <   1.640","xgboost",21819,0.9296,0.9267,11306,10550,0.9331,0.4746,0.3969,46.985,0.0772,0.9846,1.1
"1","elderly_disabled_i >   0.5 & homeless <=   0.5 & months_since_cert_n >   3.5 & shelter_expenses_by_hh_size <= 706.0","ranger",10276,0.93091,0.92668,5166,4794,0.928,0.2157,0.1789,21.469,0.0772,0.9846,1.1
"1","months_since_cert_n <  24 & utilities >= 494 & utilities < 559","xgboost",2748,0.93486,0.92668,1554,1446,0.9305,0.0651,0.0582,6.458,0.0772,0.9846,1.1
"1","medical_deductions < 144.00 & unc_rawben_rel_max <   1.86 & utilities >= 750.00 & utilities < 956.00","xgboost",3653,0.93375,0.92666,1490,1376,0.9235,0.0619,0.0617,6.192,0.0772,0.9846,1.1
"1","cat_elig <=   1.500 & percent_abawd <=   0.250 & rawben_rel_max <=   0.991 & shelter_expenses_by_hh_size <= 730.000","ranger",11240,0.93069,0.92665,6857,6359,0.9274,0.2861,0.2269,28.496,0.0772,0.9846,1.1
"1","cat_elig <=  0.50 & months_since_cert_n <= 31.50 & percent_abawd <=  0.75 & utilities >  7.50","ranger",2327,0.93554,0.92665,1170,1106,0.9453,0.0498,0.0297,4.862,0.0772,0.9846,1.1
"1","rawben_rel_max <   0.188 & shelter_expenses_by_hh_size >= 714.000 & total_deductions_by_hh_size < 340.000 & utilities < 462.000","xgboost",530,0.94528,0.92665,302,299,0.9901,0.0135,0.0013,1.255,0.0772,0.9846,1.1
"1","shelter_expenses_by_hh_size < 1510 & total_deductions_by_hh_size <  809 & utilities <  956","xgboost",40896,0.92877,0.92665,20419,19006,0.9308,0.855,0.7421,84.856,0.0772,0.9846,1.1
"1","percent_abawd > 0.250 & total_deductions_by_hh_size > 7.800 & unc_rawben_rel_max > 0.952 & unc_rawben_rel_max <= 1.960","ranger",1626,0.93727,0.92663,812,768,0.9458,0.0346,0.0354,3.374,0.0772,0.9846,1.1
"1","children_i <=  0.500 & rawben_rel_max >  0.998 & shelter_expenses_by_hh_size > 29.500","ranger",8779,0.9312,0.92662,4532,4219,0.9309,0.1898,0.234,18.834,0.0772,0.9846,1.1
"1","elderly_disabled_i >   0.5000 & rawben_rel_max >   0.0887 & shelter_expenses_by_hh_size <= 704.0000 & total_deductions_by_hh_size <= 297.0000","ranger",9214,0.93108,0.92661,4854,4543,0.9359,0.2044,0.1412,20.172,0.0772,0.9846,1.1
"1","children_i <= 0.5 & homeless <= 0.5 & months_since_cert_n <= 4.5","ranger",16668,0.92993,0.9266,8465,7911,0.9346,0.3559,0.2972,35.178,0.0772,0.9846,1.1
"1","months_since_cert_n > 7.500 & unc_rawben_rel_max > 0.991","ranger",5317,0.93248,0.9266,2839,2639,0.9296,0.1187,0.152,11.798,0.0772,0.9846,1.1
"1","cat_elig >  0.500 & elderly_disabled_i <=  0.500 & total_deductions_by_hh_size > 14.500 & unc_rawben_rel_max >  0.806","ranger",4805,0.93278,0.92659,2391,2238,0.936,0.1007,0.1219,9.936,0.0772,0.9846,1.1
"1","medical_deductions <= 168.000 & shelter_expenses_by_hh_size > 296.000 & total_deductions_by_hh_size > 191.000 & unc_rawben_rel_max >   0.991","ranger",8367,0.93128,0.92659,4336,4029,0.9292,0.1813,0.2265,18.019,0.0772,0.9846,1.1
"1","percent_abawd <   1.000 & rawben_rel_max <   0.773 & total_deductions_by_hh_size < 527.000","xgboost",18128,0.92978,0.92659,9003,8385,0.9314,0.3772,0.265,37.414,0.0772,0.9846,1.1
"1","rawben_rel_max >=   0.080 & unc_rawben_rel_max <  -0.639 & utilities < 325.000","xgboost",172,0.9593,0.92659,120,112,0.9333,0.005,0.0062,0.499,0.0772,0.9846,1.1
"1","months_since_cert_n <  23 & shelter_expenses_by_hh_size >=  50 & total_deductions_by_hh_size < 415","xgboost",14291,0.93017,0.92658,7221,6735,0.9327,0.303,0.2237,30.009,0.0772,0.9846,1.1
"1","medical_deductions <    5 & total_deductions_by_hh_size < 1200 & utilities >=  601","xgboost",7379,0.93156,0.92657,4184,3890,0.9297,0.175,0.166,17.388,0.0772,0.9846,1.1
"1","months_since_cert_n >=    5.0 & total_deductions_by_hh_size < 1380.0 & unc_rawben_rel_max >=    1.2","xgboost",6278,0.93198,0.92657,3310,3069,0.9272,0.1381,0.1891,13.756,0.0772,0.9846,1.1
"1","rawben_rel_max <=    0.3250 & shelter_expenses_by_hh_size <= 1660.0000 & unc_rawben_rel_max >   -0.0406","ranger",7140,0.93165,0.92657,3660,3418,0.9339,0.1538,0.114,15.21,0.0772,0.9846,1.1
"1","rawben_rel_max >= 0.236 & rawben_rel_max < 0.268 & unc_rawben_rel_max < 0.352","xgboost",972,0.94033,0.92657,374,345,0.9225,0.0155,0.0119,1.554,0.0772,0.9846,1.1
"1","cat_elig > 0.5 & cat_elig <= 1.5 & elderly_disabled_i <= 0.5 & expedited_i <= 0.5","ranger",4789,0.93276,0.92656,4340,4034,0.9295,0.1815,0.2107,18.036,0.0772,0.9846,1.1
"1","expedited_i <= 0.50 & medical_deductions <= 3.50 & months_since_cert_n <= 5.50 & unc_rawben_rel_max <= 1.97","ranger",16379,0.92991,0.92656,8470,7926,0.9358,0.3566,0.2915,35.199,0.0772,0.9846,1.1
"1","count_divisible_by_100 < 1.000 & months_since_cert_n >= 3.000 & percent_abawd >= 0.500 & rawben_rel_max >= 0.592","xgboost",2541,0.93506,0.92655,1418,1343,0.9471,0.0604,0.059,5.893,0.0772,0.9846,1.1
"1","percent_abawd <= 0.250 & rawben_rel_max > 0.991 & total_deductions_by_hh_size > 8.900","ranger",8067,0.93133,0.92655,4172,3877,0.9293,0.1744,0.2162,17.338,0.0772,0.9846,1.1
"1","cat_elig > 0.500 & homeless <= 0.500 & rawben_rel_max > 0.991 & utilities > 9.500","ranger",7559,0.93147,0.92654,3915,3641,0.93,0.1638,0.2027,16.27,0.0772,0.9846,1.1
"1","elderly_disabled_i <=   0.5 & homeless >   0.5 & total_deductions_by_hh_size > 327.0 & utilities >   9.5","ranger",339,0.94985,0.92654,155,151,0.9742,0.0068,0.0033,0.644,0.0772,0.9846,1.1
"1","elderly_disabled_i >   0.5000 & rawben_rel_max >   0.0887 & total_deductions_by_hh_size <= 300.0000","ranger",9584,0.93093,0.92654,5054,4727,0.9353,0.2127,0.1491,21.003,0.0772,0.9846,1.1
"1","months_since_cert_n >=  31.00 & total_deductions_by_hh_size >= 546.00 & unc_rawben_rel_max <   1.21 & utilities >= 676.00","xgboost",339,0.94985,0.92654,119,111,0.9328,0.005,0.0053,0.495,0.0772,0.9846,1.1
"1","medical_deductions >= 116.000 & rawben_rel_max <   0.472","xgboost",1858,0.93649,0.92653,869,802,0.9229,0.0361,0.0245,3.611,0.0772,0.9846,1.1
"1","children_i <= 0.5 & married <= 0.5 & medical_deductions <= 3.5","ranger",42192,0.92861,0.92652,21779,20252,0.9299,0.9111,0.8465,90.508,0.0772,0.9846,1.1
"1","count_divisible_by_100 <   1 & months_since_cert_n >=   8 & percent_abawd >=   1 & total_deductions_by_hh_size < 159","xgboost",529,0.94518,0.92652,341,324,0.9501,0.0146,0.0159,1.417,0.0772,0.9846,1.1
"1","count_divisible_by_100 <=  0.500 & elderly_disabled_i <=  0.500 & shelter_expenses_by_hh_size > 14.500 & unc_rawben_rel_max >  0.884","ranger",4331,0.93304,0.92652,2121,1996,0.9411,0.0898,0.1008,8.814,0.0772,0.9846,1.1
"1","shelter_expenses_by_hh_size < 1480.000 & total_deductions_by_hh_size <  671.000 & unc_rawben_rel_max <    0.584 & utilities >=   52.000","xgboost",11484,0.93051,0.92651,5678,5277,0.9294,0.2374,0.175,23.596,0.0772,0.9846,1.1
"1","cat_elig >  0.500 & rawben_rel_max >  0.991 & utilities > 14.500","ranger",8006,0.9313,0.9265,4121,3838,0.9313,0.1727,0.2104,17.126,0.0772,0.9846,1.1
"1","count_divisible_by_100 <=  1.500 & rawben_rel_max >  0.991 & total_deductions_by_hh_size > 28.900","ranger",9382,0.93093,0.9265,4831,4493,0.93,0.2021,0.2507,20.076,0.0772,0.9846,1.1
"1","medical_deductions < 150.000 & rawben_rel_max >=   0.712 & shelter_expenses_by_hh_size >= 528.000 & utilities >= 505.000","xgboost",7795,0.93137,0.9265,4415,4105,0.9298,0.1847,0.1859,18.348,0.0772,0.9846,1.1
"1","percent_abawd < 0.50 & rawben_rel_max < 0.58","xgboost",17535,0.92974,0.9265,8709,8092,0.9292,0.364,0.2747,36.192,0.0772,0.9846,1.1
"1","cat_elig <  1 & shelter_expenses_by_hh_size >= 29","xgboost",2827,0.93456,0.92649,1426,1346,0.9439,0.0606,0.0361,5.926,0.0772,0.9846,1.1
"1","months_since_cert_n >=  17.000 & rawben_rel_max >=   0.992 & utilities >= 469.000","xgboost",1016,0.93996,0.92649,530,499,0.9415,0.0224,0.0225,2.203,0.0772,0.9846,1.1
"1","children_i <=  0.500 & rawben_rel_max >  0.991 & shelter_expenses_by_hh_size > 16.500","ranger",8944,0.93102,0.92648,4631,4308,0.9303,0.1938,0.2397,19.245,0.0772,0.9846,1.1
"1","children_i <  1.00 & expedited_i <  1.00 & rawben_rel_max >=  0.21 & utilities < 56.00","xgboost",9855,0.9308,0.92647,5401,5073,0.9393,0.2282,0.1915,22.445,0.0772,0.9846,1
"1","medical_deductions < 135 & total_deductions_by_hh_size < 307 & utilities >=  32","xgboost",8607,0.9311,0.92647,4488,4192,0.934,0.1886,0.1358,18.651,0.0772,0.9846,1
"1","months_since_cert_n <=    5.5 & shelter_expenses_by_hh_size >   14.5 & shelter_expenses_by_hh_size <= 1660.0 & utilities >  430.0","ranger",7003,0.9316,0.92647,3607,3344,0.9271,0.1504,0.1329,14.99,0.0772,0.9846,1
"1","cat_elig > 0.5 & expedited_i <= 0.5 & homeless > 0.5","ranger",2060,0.93592,0.92646,1033,969,0.938,0.0436,0.0392,4.293,0.0772,0.9846,1
"1","elderly_disabled_i >   0.50 & shelter_expenses_by_hh_size <= 714.00 & unc_rawben_rel_max <=   1.96","ranger",14407,0.93003,0.92646,7226,6717,0.9296,0.3022,0.2447,30.03,0.0772,0.9846,1
"1","months_since_cert_n >  27.50 & total_deductions_by_hh_size >   8.90 & unc_rawben_rel_max <=   1.95 & utilities > 360.00","ranger",1239,0.93866,0.92646,517,480,0.9284,0.0216,0.0192,2.149,0.0772,0.9846,1
"1","cat_elig >=   1.00 & unc_rawben_rel_max <   1.42 & utilities < 361.00","xgboost",18649,0.92959,0.92645,9254,8635,0.9331,0.3885,0.3495,38.457,0.0772,0.9846,1
"1","percent_abawd >= 0.5","xgboost",5051,0.93249,0.92645,2755,2592,0.9408,0.1166,0.1153,11.449,0.0772,0.9846,1
"1","rawben_rel_max >=    0.232 & rawben_rel_max <    0.278 & shelter_expenses_by_hh_size < 1670.000","xgboost",1298,0.93837,0.92645,586,541,0.9232,0.0243,0.0191,2.435,0.0772,0.9846,1
"1","cat_elig > 0.5 & count_divisible_by_100 <= 1.5 & expedited_i <= 0.5 & homeless > 0.5","ranger",2059,0.93589,0.92643,1029,966,0.9388,0.0435,0.039,4.276,0.0772,0.9846,1
"1","medical_deductions <   3.000 & rawben_rel_max <   0.124 & total_deductions_by_hh_size >=  40.000 & total_deductions_by_hh_size < 224.000","xgboost",1000,0.94,0.92642,471,443,0.9406,0.0199,0.0165,1.957,0.0772,0.9846,1
"1","cat_elig <=   0.5 & medical_deductions <= 568.0 & shelter_expenses_by_hh_size >   5.5","ranger",2824,0.93449,0.92641,1424,1345,0.9445,0.0605,0.0356,5.918,0.0772,0.9846,1
"1","medical_deductions < 140.000 & rawben_rel_max <   0.533","xgboost",15303,0.92988,0.92641,7722,7174,0.929,0.3227,0.2581,32.091,0.0772,0.9846,1
"1","cat_elig <=    0.50 & percent_abawd <=    0.75 & shelter_expenses_by_hh_size <= 2390.00 & utilities >    7.50","ranger",2348,0.93526,0.9264,1188,1123,0.9453,0.0505,0.0301,4.937,0.0772,0.9846,1
"1","count_divisible_by_100 <   1.000 & rawben_rel_max >=   0.984 & shelter_expenses_by_hh_size >= 953.000 & unc_rawben_rel_max <   1.810","xgboost",3910,0.93325,0.92638,2144,2011,0.938,0.0905,0.0836,8.91,0.0772,0.9846,1
"1","elderly_disabled_i >    0.5 & months_since_cert_n <=    0.5 & shelter_expenses_by_hh_size <= 1840.0 & utilities <=   28.0","ranger",273,0.95238,0.92638,152,138,0.9079,0.0062,0.0072,0.632,0.0772,0.9846,1
"1","homeless <= 0.500 & months_since_cert_n > 5.500 & rawben_rel_max > 0.991","ranger",6163,0.93185,0.92638,3364,3117,0.9266,0.1402,0.1844,13.98,0.0772,0.9846,1
"1","medical_deductions <  146 & shelter_expenses_by_hh_size < 1490 & total_deductions_by_hh_size <  971 & utilities <  992","xgboost",41772,0.92847,0.92637,20947,19481,0.93,0.8764,0.7798,87.051,0.0772,0.9846,1
"1","medical_deductions < 135 & months_since_cert_n >=   5 & months_since_cert_n <   6","xgboost",3167,0.93401,0.92637,1655,1536,0.9281,0.0691,0.0662,6.878,0.0772,0.9846,1
"1","rawben_rel_max <   0.261 & shelter_expenses_by_hh_size >= 528.000 & total_deductions_by_hh_size < 379.000 & utilities <  56.000","xgboost",322,0.95031,0.92637,155,150,0.9677,0.0067,0.0033,0.644,0.0772,0.9846,1
"1","shelter_expenses_by_hh_size < 1480 & total_deductions_by_hh_size >=  202 & utilities >=  643","xgboost",6867,0.93156,0.92637,3641,3398,0.9333,0.1529,0.1313,15.131,0.0772,0.9846,1
"1","expedited_i <    1.000 & rawben_rel_max <    0.529 & shelter_expenses_by_hh_size < 2090.000 & utilities <  361.000","xgboost",7850,0.93121,0.92636,3755,3497,0.9313,0.1573,0.1223,15.605,0.0772,0.9846,1
"1","expedited_i <=   0.5 & homeless <=   0.5 & total_deductions_by_hh_size >   7.8 & total_deductions_by_hh_size <= 187.0","ranger",5144,0.93235,0.92636,2657,2459,0.9255,0.1106,0.0921,11.042,0.0772,0.9846,1
"1","total_deductions_by_hh_size > 184 & total_deductions_by_hh_size <= 398 & utilities > 360","ranger",4691,0.93264,0.92636,2470,2320,0.9393,0.1044,0.0608,10.265,0.0772,0.9846,1
"1","elderly_disabled_i <   1 & expedited_i >=   1 & utilities >= 600","xgboost",418,0.94737,0.92635,196,184,0.9388,0.0083,0.0089,0.815,0.0772,0.9846,1
"1","homeless >   0.500 & months_since_cert_n >  10.500 & rawben_rel_max <=   0.372 & shelter_expenses_by_hh_size <= 700.000","ranger",79,0.97468,0.92634,36,32,0.8889,0.0014,0.0019,0.15,0.0772,0.9846,1
"1","medical_deductions < 175.000 & rawben_rel_max >=   0.992 & shelter_expenses_by_hh_size >= 612.000 & total_deductions_by_hh_size >= 597.000","xgboost",6470,0.93168,0.92634,3479,3238,0.9307,0.1457,0.1746,14.458,0.0772,0.9846,1
"1","months_since_cert_n <   16.000 & shelter_expenses_by_hh_size < 1270.000 & unc_rawben_rel_max >=    0.605 & utilities >=  475.000","xgboost",6047,0.93187,0.92634,2789,2584,0.9265,0.1162,0.1074,11.59,0.0772,0.9846,1
"1","months_since_cert_n >  35.5 & shelter_expenses_by_hh_size > 672.0 & utilities > 460.0","ranger",79,0.97468,0.92634,43,41,0.9535,0.0018,0.0017,0.179,0.0772,0.9846,1
"1","months_since_cert_n > 36.500 & rawben_rel_max <=  0.843 & total_deductions_by_hh_size >  2.800","ranger",79,0.97468,0.92634,47,43,0.9149,0.0019,0.0023,0.195,0.0772,0.9846,1
"1","rawben_rel_max <    0.476 & utilities >= 1010.000 & utilities < 1020.000","xgboost",79,0.97468,0.92634,1,0,0,0,4e-04,0.004,0.0772,0.9846,1
"1","months_since_cert_n >=  20 & shelter_expenses_by_hh_size < 637 & total_deductions_by_hh_size < 803","xgboost",1882,0.93624,0.92633,858,783,0.9126,0.0352,0.0373,3.566,0.0772,0.9846,1
"1","rawben_rel_max >=   0.766 & unc_rawben_rel_max >=   0.120 & utilities < 886.000","xgboost",22624,0.92919,0.92633,11283,10471,0.928,0.4711,0.5272,46.889,0.0772,0.9846,1
"1","children_i <= 0.500 & shelter_expenses_by_hh_size > 5.500 & unc_rawben_rel_max > 0.991","ranger",8953,0.93086,0.92632,4635,4312,0.9303,0.194,0.2397,19.262,0.0772,0.9846,1
"1","months_since_cert_n >=   4.000 & rawben_rel_max >=   0.409 & shelter_expenses_by_hh_size < 672.000","xgboost",9233,0.93079,0.92632,4738,4415,0.9318,0.1986,0.2026,19.69,0.0772,0.9846,1
"1","months_since_cert_n >=  20.000 & rawben_rel_max >=   0.236 & total_deductions_by_hh_size < 167.000 & utilities < 405.000","xgboost",651,0.94316,0.92632,295,273,0.9254,0.0123,0.0102,1.226,0.0772,0.9846,1
"1","rawben_rel_max <=  0.2790 & shelter_expenses_by_hh_size >  5.5000 & unc_rawben_rel_max > -0.0406","ranger",5410,0.93216,0.92632,2647,2472,0.9339,0.1112,0.0824,11,0.0772,0.9846,1
"1","shelter_expenses_by_hh_size <= 2460.000 & total_deductions_by_hh_size >  171.000 & unc_rawben_rel_max >    0.991","ranger",8687,0.93093,0.92632,4471,4151,0.9284,0.1867,0.2359,18.58,0.0772,0.9846,1
"1","children_i <=   0.500 & expedited_i <=   0.500 & rawben_rel_max <=   0.991 & shelter_expenses_by_hh_size <= 552.000","ranger",9274,0.93077,0.92631,4495,4189,0.9319,0.1885,0.1426,18.68,0.0772,0.9846,1
"1","medical_deductions < 220.000 & months_since_cert_n <  18.000 & rawben_rel_max >=   0.288 & utilities >= 723.000","xgboost",4120,0.93301,0.92631,2454,2271,0.9254,0.1022,0.1048,10.198,0.0772,0.9846,1
"1","cat_elig <=  0.500 & elderly_disabled_i >  0.500 & months_since_cert_n <= 10.500 & rawben_rel_max >  0.991","ranger",289,0.95156,0.92627,146,140,0.9589,0.0063,0.0049,0.607,0.0772,0.9846,1
"1","married <=   0.500 & total_deductions_by_hh_size > 382.000 & unc_rawben_rel_max >   0.991","ranger",7981,0.93109,0.92627,4138,3840,0.928,0.1728,0.2185,17.197,0.0772,0.9846,1
"1","months_since_cert_n <    2.00 & rawben_rel_max >=    0.68 & shelter_expenses_by_hh_size < 1970.00 & utilities >=  850.00","xgboost",289,0.95156,0.92627,198,192,0.9697,0.0086,0.0035,0.823,0.0772,0.9846,1
"1","cat_elig > 0.50 & months_since_cert_n <= 5.50 & unc_rawben_rel_max <= 1.93","ranger",19791,0.92931,0.92626,9971,9313,0.934,0.419,0.36,41.437,0.0772,0.9846,1
"1","cat_elig > 0.5 & children_i <= 0.5 & expedited_i <= 0.5 & homeless > 0.5","ranger",2054,0.93574,0.92625,1029,966,0.9388,0.0435,0.0383,4.276,0.0772,0.9846,1
"1","children_i >   0.500 & rawben_rel_max >   0.895 & total_deductions_by_hh_size > 394.000 & unc_rawben_rel_max <=   1.790","ranger",256,0.95312,0.92625,121,115,0.9504,0.0052,0.0041,0.503,0.0772,0.9846,1
"1","married <=  0.500 & shelter_expenses_by_hh_size > 14.500 & unc_rawben_rel_max >  0.991","ranger",9141,0.93075,0.92625,4709,4375,0.9291,0.1968,0.2486,19.569,0.0772,0.9846,1
"1","months_since_cert_n <   6 & shelter_expenses_by_hh_size >=  61 & shelter_expenses_by_hh_size < 159","xgboost",256,0.95312,0.92625,149,144,0.9664,0.0065,0.0026,0.619,0.0772,0.9846,1
"1","rawben_rel_max <   0.533 & total_deductions_by_hh_size < 918.000 & utilities < 281.000","xgboost",5870,0.93186,0.92625,2892,2697,0.9326,0.1213,0.0936,12.018,0.0772,0.9846,1
"1","rawben_rel_max <   0.955 & total_deductions_by_hh_size >=  22.400 & total_deductions_by_hh_size < 170.000 & unc_rawben_rel_max <   1.240","xgboost",3960,0.93308,0.92625,2041,1883,0.9226,0.0847,0.0772,8.482,0.0772,0.9846,1
"1","months_since_cert_n >=  8.000 & months_since_cert_n < 20.000 & rawben_rel_max <  0.504","xgboost",5489,0.93205,0.92624,2890,2689,0.9304,0.121,0.0956,12.01,0.0772,0.9846,1
"1","children_i <= 0.50 & homeless <= 0.50 & medical_deductions <= 4.50 & unc_rawben_rel_max <= 1.93","ranger",37760,0.92844,0.92623,19567,18203,0.9303,0.8189,0.7401,81.316,0.0772,0.9846,1
"1","cat_elig <=   0.500 & expedited_i <=   0.500 & rawben_rel_max <=   0.991 & total_deductions_by_hh_size <= 722.000","ranger",2053,0.9357,0.92621,1033,974,0.9429,0.0438,0.0224,4.293,0.0772,0.9846,1
"1","children_i <= 0.500 & expedited_i <= 0.500 & rawben_rel_max > 0.991 & utilities > 9.500","ranger",6515,0.93154,0.92621,3376,3154,0.9342,0.1419,0.1625,14.03,0.0772,0.9846,1
"1","rawben_rel_max >=    0.988 & shelter_expenses_by_hh_size >= 1010.000 & total_deductions_by_hh_size >=  675.000 & utilities >=  361.000","xgboost",3816,0.93318,0.92621,2141,2008,0.9379,0.0903,0.0926,8.897,0.0772,0.9846,1
"1","children_i <=  0.500 & rawben_rel_max >  0.991 & total_deductions_by_hh_size > 57.700","ranger",8715,0.93081,0.9262,4517,4198,0.9294,0.1889,0.2364,18.772,0.0772,0.9846,1
"1","count_divisible_by_100 <   1 & expedited_i <   1 & total_deductions_by_hh_size < 666","xgboost",29994,0.92869,0.9262,15449,14372,0.9303,0.6466,0.5461,64.202,0.0772,0.9846,1
"1","rawben_rel_max <=  0.941 & shelter_expenses_by_hh_size <= 14.500 & unc_rawben_rel_max > -2.580 & unc_rawben_rel_max <=  0.593","ranger",1514,0.93725,0.9262,730,685,0.9384,0.0308,0.0278,3.034,0.0772,0.9846,1
"1","children_i <    1 & medical_deductions <  360 & shelter_expenses_by_hh_size < 1970 & utilities <  417","xgboost",26197,0.92885,0.92619,13868,12909,0.9308,0.5808,0.5309,57.632,0.0772,0.9846,1
"1","children_i <   1.000 & rawben_rel_max >=   0.979 & total_deductions_by_hh_size >= 764.000 & unc_rawben_rel_max <   2.520","xgboost",3573,0.93339,0.92619,1947,1813,0.9312,0.0816,0.0905,8.091,0.0772,0.9846,1
"1","married <= 0.500 & rawben_rel_max > 0.991 & shelter_expenses_by_hh_size > 5.500","ranger",9147,0.93069,0.92619,4713,4379,0.9291,0.197,0.2486,19.586,0.0772,0.9846,1
"1","months_since_cert_n >=    3.000 & rawben_rel_max >=    0.984 & shelter_expenses_by_hh_size >= 1060.000 & utilities >=  585.000","xgboost",2370,0.93502,0.92619,1478,1399,0.9465,0.0629,0.0573,6.142,0.0772,0.9846,1
"1","cat_elig >=  1 & total_deductions_by_hh_size < 96 & utilities >= 54","xgboost",2413,0.93494,0.92618,1232,1144,0.9286,0.0515,0.04,5.12,0.0772,0.9846,1
"1","children_i <=   0.5 & elderly_disabled_i >   0.5 & total_deductions_by_hh_size >   2.5 & total_deductions_by_hh_size <= 246.0","ranger",6554,0.93149,0.92618,3396,3159,0.9302,0.1421,0.1075,14.113,0.0772,0.9846,1
"1","months_since_cert_n <= 5.50 & percent_abawd <= 0.75","ranger",19384,0.92927,0.92618,9627,8967,0.9314,0.4034,0.3556,40.007,0.0772,0.9846,1
"1","homeless <=  0.500 & married <=  0.500 & rawben_rel_max >  0.991 & total_deductions_by_hh_size > 28.900","ranger",8739,0.93077,0.92617,4536,4211,0.9284,0.1894,0.241,18.851,0.0772,0.9846,1
"1","months_since_cert_n > 35.5 & utilities >  8.0","ranger",171,0.95906,0.92617,87,83,0.954,0.0037,0.0026,0.362,0.0772,0.9846,1
"1","cat_elig <=   1.5 & homeless <=   0.5 & shelter_expenses_by_hh_size >   5.5 & total_deductions_by_hh_size <= 509.0","ranger",14528,0.92972,0.92615,9080,8444,0.93,0.3799,0.2915,37.734,0.0772,0.9846,1
"1","cat_elig <=  0.5 & months_since_cert_n <= 11.5 & total_deductions_by_hh_size >  8.8","ranger",2138,0.93545,0.92615,1068,1013,0.9485,0.0456,0.0243,4.438,0.0772,0.9846,1
"1","medical_deductions <    5 & total_deductions_by_hh_size < 1200","xgboost",42322,0.92824,0.92615,21727,20209,0.9301,0.9092,0.8427,90.292,0.0772,0.9846,1
"1","medical_deductions >   3.500 & total_deductions_by_hh_size > 172.000 & unc_rawben_rel_max >   0.998 & unc_rawben_rel_max <=   2.750","ranger",401,0.94763,0.92615,179,166,0.9274,0.0075,0.0111,0.744,0.0772,0.9846,1
"1","elderly_disabled_i <=  0.500 & percent_abawd >  0.250 & rawben_rel_max >  0.971 & total_deductions_by_hh_size > 28.900","ranger",1542,0.93709,0.92614,751,709,0.9441,0.0319,0.0346,3.121,0.0772,0.9846,1
"1","rawben_rel_max >=   0.698 & total_deductions_by_hh_size < 903.000 & utilities < 750.000","xgboost",20352,0.92915,0.92613,10338,9621,0.9306,0.4328,0.4416,42.962,0.0772,0.9846,1
"1","months_since_cert_n >=   2.000 & rawben_rel_max >=   0.825 & utilities < 912.000","xgboost",17085,0.92941,0.92612,8429,7810,0.9266,0.3514,0.4148,35.029,0.0772,0.9846,1
"1","months_since_cert_n >=   3.000 & rawben_rel_max <   0.568 & utilities < 852.000","xgboost",13745,0.92979,0.92612,6826,6339,0.9287,0.2852,0.2183,28.367,0.0772,0.9846,1
"1","elderly_disabled_i >  0.500 & expedited_i >  0.500 & rawben_rel_max >  0.947 & shelter_expenses_by_hh_size <= 13.000","ranger",337,0.94955,0.92611,157,154,0.9809,0.0069,0.0022,0.652,0.0772,0.9846,1
"1","children_i <= 0.5 & medical_deductions <= 0.5","ranger",42292,0.92819,0.9261,21821,20289,0.9298,0.9128,0.8524,90.683,0.0772,0.9846,1
"1","homeless <= 0.500 & months_since_cert_n > 5.500 & unc_rawben_rel_max > 0.995","ranger",6126,0.9316,0.9261,3343,3098,0.9267,0.1394,0.1837,13.893,0.0772,0.9846,1
"1","medical_deductions < 227 & total_deductions_by_hh_size >=  47 & utilities >= 688","xgboost",6841,0.9313,0.92609,3563,3302,0.9267,0.1486,0.1479,14.807,0.0772,0.9846,1
"1","months_since_cert_n >=   1 & utilities < 361","xgboost",20839,0.92908,0.92609,10349,9647,0.9322,0.434,0.4085,43.008,0.0772,0.9846,1
"1","months_since_cert_n >=   3.00 & shelter_expenses_by_hh_size < 896.00 & unc_rawben_rel_max >=  -0.44","xgboost",23279,0.92891,0.92609,11691,10875,0.9302,0.4892,0.4311,48.585,0.0772,0.9846,1
"1","months_since_cert_n >=   6.000 & rawben_rel_max >=   0.116 & rawben_rel_max <   0.556 & total_deductions_by_hh_size < 474.000","xgboost",5801,0.93174,0.92609,2975,2769,0.9308,0.1246,0.0826,12.363,0.0772,0.9846,1
"1","shelter_expenses_by_hh_size >= 1250 & shelter_expenses_by_hh_size < 1640 & total_deductions_by_hh_size <  692 & utilities >=  350","xgboost",603,0.94362,0.92609,325,298,0.9169,0.0134,0.0184,1.351,0.0772,0.9846,1
"1","expedited_i <=  0.500 & medical_deductions <=  0.500 & rawben_rel_max >  0.991 & utilities > 14.500","ranger",6403,0.93144,0.92606,3317,3103,0.9355,0.1396,0.1543,13.785,0.0772,0.9846,1
"1","count_divisible_by_100 <=  1.500 & percent_abawd <=  1.500 & shelter_expenses_by_hh_size > 14.500 & unc_rawben_rel_max >  0.991","ranger",9213,0.93053,0.92605,4733,4399,0.9294,0.1979,0.2475,19.669,0.0772,0.9846,1
"1","homeless >  0.500 & unc_rawben_rel_max >  0.993 & unc_rawben_rel_max <=  1.980 & utilities > 30.500","ranger",432,0.94676,0.92605,200,193,0.965,0.0087,0.0062,0.831,0.0772,0.9846,1
"1","medical_deductions <=   1.50 & unc_rawben_rel_max <=   1.96 & utilities > 428.00","ranger",16336,0.92942,0.92605,8440,7822,0.9268,0.3519,0.3297,35.075,0.0772,0.9846,1
"1","months_since_cert_n <  10 & rawben_rel_max >=   1 & total_deductions_by_hh_size < 494 & utilities >= 462","xgboost",188,0.95745,0.92605,75,75,1,0.0034,0,0.312,0.0772,0.9846,1
"1","cat_elig <= 0.50 & percent_abawd <= 0.75 & utilities > 7.50","ranger",2351,0.93492,0.92604,1189,1123,0.9445,0.0505,0.0306,4.941,0.0772,0.9846,1
"1","cat_elig <= 0.500 & children_i <= 0.500 & medical_deductions > 4.500 & unc_rawben_rel_max <= 0.279","ranger",205,0.9561,0.92603,93,91,0.9785,0.0041,6e-04,0.386,0.0772,0.9846,1
"1","cat_elig > 0.5 & elderly_disabled_i <= 0.5 & homeless <= 0.5","ranger",10561,0.93021,0.92603,5525,5150,0.9321,0.2317,0.2684,22.961,0.0772,0.9846,1
"1","rawben_rel_max >=    0.992 & shelter_expenses_by_hh_size >= 1610.000 & unc_rawben_rel_max <    2.520 & utilities >=  577.000","xgboost",510,0.9451,0.92603,309,294,0.9515,0.0132,0.0116,1.284,0.0772,0.9846,1
"1","cat_elig <= 0.500 & children_i <= 0.500 & homeless <= 0.500 & rawben_rel_max <= 0.993","ranger",2307,0.93498,0.92602,1171,1105,0.9436,0.0497,0.0254,4.866,0.0772,0.9846,1
"1","cat_elig >    0.500 & shelter_expenses_by_hh_size >   16.500 & total_deductions_by_hh_size <= 1460.000 & unc_rawben_rel_max >    0.991","ranger",8373,0.93073,0.92602,4275,3975,0.9298,0.1788,0.2203,17.766,0.0772,0.9846,1
"1","medical_deductions <= 0.500 & shelter_expenses_by_hh_size > 5.500 & unc_rawben_rel_max > 0.991","ranger",8861,0.93059,0.92602,4583,4266,0.9308,0.1919,0.2333,19.046,0.0772,0.9846,1
"1","rawben_rel_max <   1 & shelter_expenses_by_hh_size < 469 & total_deductions_by_hh_size < 437 & utilities <  34","xgboost",3905,0.93291,0.92602,2040,1929,0.9456,0.0868,0.0593,8.478,0.0772,0.9846,1
"1","rawben_rel_max < 0.38 & unc_rawben_rel_max >= 0.12","xgboost",6694,0.93128,0.92602,3362,3122,0.9286,0.1405,0.0993,13.972,0.0772,0.9846,1
"1","shelter_expenses_by_hh_size >= 608 & total_deductions_by_hh_size >= 418 & utilities >= 784","xgboost",4655,0.93233,0.92602,3159,2919,0.924,0.1313,0.1382,13.128,0.0772,0.9846,1
"1","medical_deductions <=  0.500 & rawben_rel_max >  0.998 & shelter_expenses_by_hh_size > 14.500","ranger",8762,0.93061,0.92601,4521,4212,0.9317,0.1895,0.2288,18.788,0.0772,0.9846,1
"1","children_i <=   0.5 & total_deductions_by_hh_size >   7.8 & total_deductions_by_hh_size <= 182.0","ranger",5696,0.93171,0.926,2945,2723,0.9246,0.1225,0.1098,12.239,0.0772,0.9846,1
"1","rawben_rel_max >=    0.66 & shelter_expenses_by_hh_size < 1360.00","xgboost",24501,0.92874,0.92599,12587,11719,0.931,0.5272,0.5239,52.309,0.0772,0.9846,1
"1","medical_deductions < 220 & utilities >= 723","xgboost",6298,0.93141,0.92598,3436,3182,0.9261,0.1432,0.1456,14.279,0.0772,0.9846,1
"1","months_since_cert_n >= 14.00 & unc_rawben_rel_max >=  1.01 & unc_rawben_rel_max <  1.99","xgboost",1786,0.93617,0.92598,906,847,0.9349,0.0381,0.044,3.765,0.0772,0.9846,1
"1","count_divisible_by_100 <   1.000 & rawben_rel_max <   0.464 & shelter_expenses_by_hh_size >= 405.000 & unc_rawben_rel_max <   0.876","xgboost",9926,0.93028,0.92596,4794,4481,0.9347,0.2016,0.144,19.923,0.0772,0.9846,1
"1","elderly_disabled_i > 0.500 & married <= 0.500 & rawben_rel_max > 0.582 & shelter_expenses_by_hh_size <= 5.500","ranger",1201,0.93838,0.92596,628,599,0.9538,0.0269,0.0209,2.61,0.0772,0.9846,1
"1","homeless >= 1.00 & percent_abawd >= 0.50 & unc_rawben_rel_max >= 1.27","xgboost",153,0.96078,0.92596,97,95,0.9794,0.0043,0.002,0.403,0.0772,0.9846,1
"1","homeless <=  0.500 & percent_abawd <=  1.500 & rawben_rel_max >  0.991 & shelter_expenses_by_hh_size > 55.500","ranger",8518,0.93062,0.92595,4398,4078,0.9272,0.1835,0.2362,18.277,0.0772,0.9846,1
"1","cat_elig <=    0.5 & shelter_expenses_by_hh_size >   14.5 & shelter_expenses_by_hh_size <= 1770.0","ranger",2806,0.93407,0.92594,1422,1343,0.9444,0.0604,0.0356,5.909,0.0772,0.9846,1
"1","children_i <   1 & shelter_expenses_by_hh_size >= 689 & shelter_expenses_by_hh_size < 996 & utilities >= 643","xgboost",2175,0.93517,0.92594,957,890,0.93,0.04,0.0319,3.977,0.0772,0.9846,1
"1","homeless <= 0.50 & married <= 0.50 & percent_abawd > 0.75 & percent_abawd <= 1.50","ranger",4113,0.93265,0.92594,2135,1996,0.9349,0.0898,0.0974,8.873,0.0772,0.9846,1
"1","medical_deductions < 157.000 & months_since_cert_n <  31.000 & rawben_rel_max >=   0.668","xgboost",25586,0.92863,0.92594,13368,12430,0.9298,0.5592,0.5784,55.554,0.0772,0.9846,1
"1","shelter_expenses_by_hh_size >  5.50000 & unc_rawben_rel_max > -0.00915 & unc_rawben_rel_max <=  0.26800","ranger",4946,0.93207,0.92594,2332,2176,0.9331,0.0979,0.0744,9.691,0.0772,0.9846,1
"1","cat_elig <  2.00 & months_since_cert_n < 24.00 & unc_rawben_rel_max <  2.22","xgboost",30668,0.92839,0.92593,21560,19941,0.9249,0.8971,0.8806,89.598,0.0772,0.9846,1
"1","cat_elig <=   1.5 & children_i <=   0.5 & total_deductions_by_hh_size <= 497.0 & utilities >   8.0","ranger",12032,0.92985,0.92593,7480,6945,0.9285,0.3124,0.2438,31.085,0.0772,0.9846,1
"1","percent_abawd <=  0.750 & total_deductions_by_hh_size > 18.700 & unc_rawben_rel_max >  0.991","ranger",8000,0.93075,0.92593,4140,3845,0.9287,0.173,0.2162,17.205,0.0772,0.9846,1
"1","shelter_expenses_by_hh_size < 483 & total_deductions_by_hh_size < 535 & utilities >= 361","xgboost",1683,0.93642,0.92592,907,851,0.9383,0.0383,0.0291,3.769,0.0772,0.9846,1
"1","expedited_i <=  0.5 & percent_abawd <=  1.5 & unc_rawben_rel_max >  1.0 & utilities > 14.5","ranger",6614,0.93121,0.92591,3397,3175,0.9346,0.1428,0.1642,14.117,0.0772,0.9846,1
"1","months_since_cert_n <   7 & utilities >= 376 & utilities < 385","xgboost",368,0.94837,0.92591,328,283,0.8628,0.0127,0.0225,1.363,0.0772,0.9846,1
"1","cat_elig >=   1 & cat_elig <   2 & shelter_expenses_by_hh_size < 959 & utilities < 850","xgboost",20729,0.92889,0.9259,14362,13351,0.9296,0.6006,0.5424,59.685,0.0772,0.9846,1
"1","percent_abawd < 0.500 & rawben_rel_max >= 0.811","xgboost",18786,0.92904,0.9259,9706,9007,0.928,0.4052,0.4569,40.336,0.0772,0.9846,1
"1","shelter_expenses_by_hh_size > 18.500 & unc_rawben_rel_max >  0.991","ranger",9278,0.93037,0.9259,4766,4430,0.9295,0.1993,0.2494,19.806,0.0772,0.9846,1
"1","medical_deductions < 164 & total_deductions_by_hh_size < 947 & utilities < 550","xgboost",33520,0.92822,0.92587,16647,15489,0.9304,0.6968,0.6297,69.181,0.0772,0.9846,1
"1","months_since_cert_n <=    5.5 & shelter_expenses_by_hh_size <= 1660.0 & total_deductions_by_hh_size >   54.5 & utilities >  474.0","ranger",5826,0.93151,0.92587,2666,2483,0.9314,0.1117,0.0946,11.079,0.0772,0.9846,1
"1","months_since_cert_n > 36.5 & total_deductions_by_hh_size >  2.8","ranger",135,0.96296,0.92587,73,68,0.9315,0.0031,0.0031,0.303,0.0772,0.9846,1
"1","rawben_rel_max <=   0.991 & total_deductions_by_hh_size <= 340.000 & utilities <=  12.500","ranger",4321,0.93242,0.92587,2213,2083,0.9413,0.0937,0.0651,9.197,0.0772,0.9846,1
"1","total_deductions_by_hh_size < 535 & utilities >= 320 & utilities < 651","xgboost",11330,0.92992,0.92587,5926,5507,0.9293,0.2478,0.19,24.627,0.0772,0.9846,1
"1","medical_deductions <= 109.00 & percent_abawd <=   0.50 & shelter_expenses_by_hh_size <=  14.50 & unc_rawben_rel_max <=   1.02","ranger",1783,0.93606,0.92586,874,824,0.9428,0.0371,0.0307,3.632,0.0772,0.9846,1
"1","medical_deductions < 140.000 & rawben_rel_max >=   0.533 & total_deductions_by_hh_size < 903.000 & unc_rawben_rel_max <   1.930","xgboost",26584,0.92849,0.92585,13763,12812,0.9309,0.5764,0.5445,57.196,0.0772,0.9846,1
"1","medical_deductions <= 100.000 & rawben_rel_max >   0.991 & shelter_expenses_by_hh_size >  14.500 & total_deductions_by_hh_size >   2.500","ranger",8868,0.93042,0.92585,4589,4272,0.9309,0.1922,0.2333,19.071,0.0772,0.9846,1
"1","months_since_cert_n >  34.5 & shelter_expenses_by_hh_size <= 598.0 & utilities >  37.0","ranger",98,0.96939,0.92585,44,43,0.9773,0.0019,5e-04,0.183,0.0772,0.9846,1
"1","months_since_cert_n > 23.500 & rawben_rel_max >  0.285 & rawben_rel_max <=  0.991 & unc_rawben_rel_max <=  0.325","ranger",98,0.96939,0.92585,43,40,0.9302,0.0018,0.0015,0.179,0.0772,0.9846,1
"1","total_deductions_by_hh_size < 186 & unc_rawben_rel_max >=   0 & utilities >= 493","xgboost",271,0.95203,0.92585,119,100,0.8403,0.0045,0.0101,0.495,0.0772,0.9846,1
"1","cat_elig <=   0.5 & total_deductions_by_hh_size >  65.5 & total_deductions_by_hh_size <= 272.0","ranger",677,0.94239,0.92583,344,329,0.9564,0.0148,0.0051,1.43,0.0772,0.9846,1
"1","homeless > 0.500 & rawben_rel_max <= 0.449","ranger",415,0.94699,0.92583,203,180,0.8867,0.0081,0.0145,0.844,0.0772,0.9846,1
"1","married <=  0.50 & percent_abawd <=  0.75 & total_deductions_by_hh_size > 18.80 & unc_rawben_rel_max >  1.00","ranger",7724,0.93074,0.92583,4006,3721,0.9289,0.1674,0.2112,16.648,0.0772,0.9846,1
"1","months_since_cert_n >=   1.000 & rawben_rel_max <   0.092 & shelter_expenses_by_hh_size < 197.000 & utilities < 361.000","xgboost",677,0.94239,0.92583,294,274,0.932,0.0123,0.0148,1.222,0.0772,0.9846,1
"1","rawben_rel_max <   0.536 & utilities >= 462.000 & utilities < 494.000","xgboost",1125,0.93867,0.92581,306,289,0.9444,0.013,0.0071,1.272,0.0772,0.9846,1
"1","shelter_expenses_by_hh_size < 2090 & utilities <  414","xgboost",25843,0.92849,0.92581,14011,13016,0.929,0.5856,0.5592,58.226,0.0772,0.9846,1
"1","medical_deductions <= 804.000 & shelter_expenses_by_hh_size >   5.500 & unc_rawben_rel_max >   0.991","ranger",9279,0.93027,0.9258,4767,4432,0.9297,0.1994,0.249,19.81,0.0772,0.9846,1
"1","shelter_expenses_by_hh_size < 538 & total_deductions_by_hh_size < 486 & utilities >= 385","xgboost",1955,0.93555,0.9258,944,878,0.9301,0.0395,0.0317,3.923,0.0772,0.9846,1
"1","children_i <   1 & total_deductions_by_hh_size >= 527 & utilities >= 688","xgboost",6226,0.93126,0.92579,3358,3122,0.9297,0.1405,0.1361,13.955,0.0772,0.9846,1
"1","expedited_i >=   1 & months_since_cert_n >=   7 & shelter_expenses_by_hh_size < 440","xgboost",1036,0.93919,0.92579,537,501,0.933,0.0225,0.0295,2.232,0.0772,0.9846,1
"1","children_i <    1 & medical_deductions <  599 & shelter_expenses_by_hh_size < 1150 & utilities <  789","xgboost",37571,0.928,0.92578,18679,17395,0.9313,0.7826,0.6699,77.625,0.0772,0.9846,1
"1","months_since_cert_n <    9 & total_deductions_by_hh_size < 1450 & utilities <  875","xgboost",28547,0.92833,0.92578,14293,13305,0.9309,0.5986,0.5413,59.398,0.0772,0.9846,1
"1","medical_deductions < 200 & shelter_expenses_by_hh_size >= 874 & total_deductions_by_hh_size < 515","xgboost",1781,0.93599,0.92577,900,843,0.9367,0.0379,0.0241,3.74,0.0772,0.9846,1
"1","cat_elig <   1 & months_since_cert_n >=   2 & shelter_expenses_by_hh_size >=  29 & shelter_expenses_by_hh_size < 828","xgboost",1534,0.93677,0.92576,761,718,0.9435,0.0323,0.0191,3.163,0.0772,0.9846,1
"1","cat_elig <= 0.5 & children_i <= 0.5 & expedited_i > 0.5 & months_since_cert_n > 4.5","ranger",287,0.95122,0.92576,157,147,0.9363,0.0066,0.0073,0.652,0.0772,0.9846,1
"1","homeless <=  0.500 & rawben_rel_max >  0.991 & shelter_expenses_by_hh_size > 55.500","ranger",8538,0.93043,0.92576,4414,4093,0.9273,0.1841,0.2371,18.344,0.0772,0.9846,1
"1","count_divisible_by_100 <    1 & expedited_i <    1 & shelter_expenses_by_hh_size < 1180 & total_deductions_by_hh_size <  666","xgboost",29373,0.92827,0.92575,14937,13913,0.9314,0.6259,0.5103,62.075,0.0772,0.9846,1
"1","expedited_i >=   1.000 & months_since_cert_n <   4.000 & rawben_rel_max >=   0.533 & shelter_expenses_by_hh_size >= 968.000","xgboost",477,0.94549,0.92575,217,198,0.9124,0.0089,0.0117,0.902,0.0772,0.9846,1
"1","months_since_cert_n >=  28 & shelter_expenses_by_hh_size >= 697 & utilities >= 612","xgboost",812,0.94089,0.92575,325,309,0.9508,0.0139,0.0097,1.351,0.0772,0.9846,1
"1","shelter_expenses_by_hh_size < 1860.00 & unc_rawben_rel_max <    1.81","xgboost",44322,0.9278,0.92575,22595,20991,0.929,0.9443,0.8325,93.899,0.0772,0.9846,1
"1","cat_elig > 0.5 & children_i <= 0.5 & months_since_cert_n <= 5.5","ranger",19585,0.92882,0.92574,9934,9258,0.932,0.4165,0.3725,41.283,0.0772,0.9846,1
"1","cat_elig >=   1 & shelter_expenses_by_hh_size < 963 & utilities < 789","xgboost",30298,0.92821,0.92574,15042,14012,0.9315,0.6304,0.5529,62.511,0.0772,0.9846,1
"1","cat_elig <= 0.5 & shelter_expenses_by_hh_size > 3.0","ranger",2841,0.93383,0.92573,1433,1353,0.9442,0.0609,0.0361,5.955,0.0772,0.9846,1
"1","children_i <=  0.500 & elderly_disabled_i >  0.500 & shelter_expenses_by_hh_size <= 14.500 & unc_rawben_rel_max >  0.558","ranger",1256,0.9379,0.92573,635,605,0.9528,0.0272,0.0211,2.639,0.0772,0.9846,1
"1","rawben_rel_max < 0.544 & unc_rawben_rel_max < 1.290","xgboost",17037,0.92904,0.92573,8397,7779,0.9264,0.35,0.2851,34.896,0.0772,0.9846,1
"1","cat_elig > 1.500 & elderly_disabled_i > 0.500 & rawben_rel_max > 0.991 & utilities <= 8.000","ranger",430,0.94651,0.92571,36,34,0.9444,0.0015,8e-04,0.15,0.0772,0.9846,1
"1","homeless <   1.000 & percent_abawd >=   0.500 & rawben_rel_max >=   0.948 & utilities >= 452.000","xgboost",691,0.94211,0.9257,325,302,0.9292,0.0136,0.0189,1.351,0.0772,0.9846,1
"1","count_divisible_by_100 < 1.0 & percent_abawd >= 0.5","xgboost",4803,0.93192,0.92569,2617,2470,0.9438,0.1111,0.1039,10.876,0.0772,0.9846,1
"1","expedited_i >  0.500 & percent_abawd <=  0.750 & unc_rawben_rel_max >  0.991 & utilities > 49.500","ranger",1226,0.93801,0.92569,639,589,0.9218,0.0265,0.0393,2.656,0.0772,0.9846,1
"1","count_divisible_by_100 <=   0.500 & medical_deductions <= 116.000 & rawben_rel_max >   0.991 & total_deductions_by_hh_size >  14.500","ranger",8529,0.93036,0.92568,4347,4050,0.9317,0.1822,0.2171,18.065,0.0772,0.9846,1
"1","count_divisible_by_100 <=  0.50 & months_since_cert_n > 13.50 & rawben_rel_max >  0.93 & shelter_expenses_by_hh_size <=  5.50","ranger",461,0.94577,0.92567,202,190,0.9406,0.0085,0.0086,0.839,0.0772,0.9846,1
"1","expedited_i <  1.000 & months_since_cert_n >= 23.000 & months_since_cert_n < 27.000 & rawben_rel_max <  0.436","xgboost",461,0.94577,0.92567,231,212,0.9177,0.0095,0.0084,0.96,0.0772,0.9846,1
"1","medical_deductions < 140.000 & months_since_cert_n >=   1.000 & rawben_rel_max <   0.533","xgboost",14447,0.92926,0.92567,7301,6785,0.9293,0.3052,0.2402,30.341,0.0772,0.9846,1
"1","rawben_rel_max <   0.268 & shelter_expenses_by_hh_size >= 476.000 & utilities <  41.000","xgboost",461,0.94577,0.92567,209,196,0.9378,0.0088,0.0075,0.869,0.0772,0.9846,1
"1","rawben_rel_max > 0.991 & shelter_expenses_by_hh_size > 5.500","ranger",9290,0.93014,0.92566,4776,4440,0.9296,0.1997,0.2494,19.848,0.0772,0.9846,1
"1","expedited_i <= 0.500 & rawben_rel_max > 0.991 & utilities > 9.500","ranger",6772,0.93089,0.92565,3487,3255,0.9335,0.1464,0.1699,14.491,0.0772,0.9846,1
"1","medical_deductions < 114.00 & months_since_cert_n >=   1.00 & unc_rawben_rel_max <   1.24","xgboost",35076,0.92796,0.92565,18122,16868,0.9308,0.7589,0.6417,75.311,0.0772,0.9846,1
"1","expedited_i <=  0.5 & unc_rawben_rel_max >  1.0 & utilities > 14.5","ranger",6632,0.93094,0.92564,3407,3184,0.9345,0.1432,0.1651,14.159,0.0772,0.9846,1
"1","unc_rawben_rel_max >=  -0.184 & unc_rawben_rel_max <   2.220 & utilities < 361.000","xgboost",21479,0.92858,0.92564,10747,10022,0.9325,0.4509,0.4177,44.662,0.0772,0.9846,1
"1","cat_elig <=  0.5 & homeless <=  0.5 & months_since_cert_n <= 11.5 & total_deductions_by_hh_size >  8.8","ranger",2080,0.9351,0.92563,1042,987,0.9472,0.0444,0.0243,4.33,0.0772,0.9846,1
"1","expedited_i >  0.5 & medical_deductions <=  0.5 & months_since_cert_n <=  3.5 & total_deductions_by_hh_size > 40.8","ranger",1269,0.93775,0.92563,540,506,0.937,0.0228,0.0256,2.244,0.0772,0.9846,1
"1","months_since_cert_n <    9.000 & rawben_rel_max <    0.216 & shelter_expenses_by_hh_size >= 1090.000 & unc_rawben_rel_max <    1.900","xgboost",584,0.94349,0.92563,307,285,0.9283,0.0128,0.0153,1.276,0.0772,0.9846,1
"1","medical_deductions <    3.0000 & total_deductions_by_hh_size >=   40.0000 & total_deductions_by_hh_size < 1560.0000 & unc_rawben_rel_max <    0.0378","xgboost",2007,0.93523,0.92559,924,854,0.9242,0.0384,0.0551,3.84,0.0772,0.9846,1
"1","children_i <    1 & shelter_expenses_by_hh_size < 1970 & utilities <  417","xgboost",26298,0.92825,0.92558,13913,12938,0.9299,0.5821,0.5418,57.819,0.0772,0.9846,1
"1","medical_deductions <  599.000 & shelter_expenses_by_hh_size < 1010.000 & unc_rawben_rel_max <   -0.904 & utilities <  789.000","xgboost",270,0.95185,0.92558,107,103,0.9626,0.0046,0.0036,0.445,0.0772,0.9846,1
"1","children_i <=   0.5 & elderly_disabled_i >   0.5 & married <=   0.5 & utilities > 684.0","ranger",5928,0.93117,0.92557,3022,2797,0.9255,0.1258,0.1224,12.559,0.0772,0.9846,1
"1","shelter_expenses_by_hh_size < 1250.00 & total_deductions_by_hh_size <  780.00 & unc_rawben_rel_max >=    0.00 & unc_rawben_rel_max <    1.81","xgboost",34530,0.92789,0.92557,17588,16366,0.9305,0.7363,0.6099,73.091,0.0772,0.9846,1
"1","rawben_rel_max >=    0.668 & shelter_expenses_by_hh_size < 1480.000","xgboost",25141,0.92828,0.92556,12953,12052,0.9304,0.5422,0.5507,53.83,0.0772,0.9846,1
"1","unc_rawben_rel_max >=   1.48 & unc_rawben_rel_max <   1.99 & utilities >= 370.00","xgboost",2877,0.93361,0.92556,1423,1329,0.9339,0.0598,0.0763,5.914,0.0772,0.9846,1
"1","homeless > 0.500 & total_deductions_by_hh_size > 7.800 & unc_rawben_rel_max > 0.991","ranger",629,0.94277,0.92555,283,272,0.9611,0.0122,0.009,1.176,0.0772,0.9846,1
"1","expedited_i <=  0.500 & rawben_rel_max >  0.268 & unc_rawben_rel_max >  0.998 & utilities > 14.500","ranger",6679,0.93083,0.92554,3430,3206,0.9347,0.1442,0.1655,14.254,0.0772,0.9846,1
"1","rawben_rel_max <   0.664 & shelter_expenses_by_hh_size >= 281.000 & shelter_expenses_by_hh_size < 346.000 & utilities >=  54.000","xgboost",568,0.94366,0.92554,277,250,0.9025,0.0112,0.0152,1.151,0.0772,0.9846,1
"1","months_since_cert_n <   6.00 & rawben_rel_max >=   0.08 & utilities >= 875.00","xgboost",988,0.93927,0.92553,654,619,0.9465,0.0278,0.0191,2.718,0.0772,0.9846,1
"1","shelter_expenses_by_hh_size >=  811.000 & shelter_expenses_by_hh_size < 1310.000 & total_deductions_by_hh_size >=  327.000 & unc_rawben_rel_max <   -0.304","xgboost",237,0.95359,0.92553,88,84,0.9545,0.0038,0.0048,0.366,0.0772,0.9846,1
"1","cat_elig <= 0.500 & children_i <= 0.500 & expedited_i <= 0.500 & unc_rawben_rel_max <= 0.995","ranger",2263,0.9346,0.92552,1149,1085,0.9443,0.0488,0.0246,4.775,0.0772,0.9846,1
"1","homeless <   1 & percent_abawd <   1 & shelter_expenses_by_hh_size < 916","xgboost",26288,0.92818,0.92552,13107,12180,0.9293,0.548,0.4698,54.47,0.0772,0.9846,1
"1","married <    1 & medical_deductions <  333 & shelter_expenses_by_hh_size < 1410 & total_deductions_by_hh_size < 1170","xgboost",43500,0.92759,0.92552,22101,20533,0.9291,0.9237,0.8295,91.846,0.0772,0.9846,1
"1","months_since_cert_n <   7.00 & total_deductions_by_hh_size >=  73.00 & total_deductions_by_hh_size < 679.00 & unc_rawben_rel_max >=   1.23","xgboost",2577,0.93403,0.92552,1285,1217,0.9471,0.0548,0.0555,5.34,0.0772,0.9846,1
"1","percent_abawd <=   0.25 & shelter_expenses_by_hh_size >  16.50 & total_deductions_by_hh_size >   2.50 & total_deductions_by_hh_size <= 194.00","ranger",5282,0.93147,0.92552,2712,2500,0.9218,0.1125,0.1017,11.27,0.0772,0.9846,1
"1","shelter_expenses_by_hh_size > 5.5 & unc_rawben_rel_max > 1.0","ranger",9134,0.93004,0.92552,4687,4360,0.9302,0.1961,0.2446,19.478,0.0772,0.9846,1
"1","elderly_disabled_i <   1 & months_since_cert_n <   5 & utilities >= 511","xgboost",1267,0.93765,0.92551,693,651,0.9394,0.0293,0.0277,2.88,0.0772,0.9846,1
"1","months_since_cert_n <  29 & total_deductions_by_hh_size < 803 & utilities < 819","xgboost",38455,0.92771,0.92551,19433,18066,0.9297,0.8128,0.7207,80.759,0.0772,0.9846,1
"1","total_deductions_by_hh_size < 1020.0 & unc_rawben_rel_max <    1.9","xgboost",43920,0.92757,0.92551,22669,21048,0.9285,0.9469,0.8605,94.207,0.0772,0.9846,1
"1","count_divisible_by_100 <=   0.5 & shelter_expenses_by_hh_size >  14.5 & utilities > 684.0","ranger",6828,0.93073,0.9255,3514,3252,0.9254,0.1463,0.1475,14.603,0.0772,0.9846,1
"1","shelter_expenses_by_hh_size < 1020 & total_deductions_by_hh_size >=  281 & total_deductions_by_hh_size <  611 & utilities >=  493","xgboost",4103,0.93224,0.9255,1801,1663,0.9234,0.0748,0.0602,7.485,0.0772,0.9846,1
"1","cat_elig <   1.000 & shelter_expenses_by_hh_size >= 869.000 & unc_rawben_rel_max >=   0.619 & utilities >=  44.000","xgboost",537,0.94413,0.92549,284,270,0.9507,0.0121,0.0067,1.18,0.0772,0.9846,1
"1","expedited_i <=    0.5 & months_since_cert_n >   35.5 & shelter_expenses_by_hh_size >  346.0 & shelter_expenses_by_hh_size <= 1770.0","ranger",152,0.96053,0.92549,84,78,0.9286,0.0035,0.004,0.349,0.0772,0.9846,1
"1","married <= 0.5 & medical_deductions <= 0.5","ranger",42757,0.92757,0.92548,22037,20475,0.9291,0.9211,0.8722,91.58,0.0772,0.9846,1
"1","cat_elig <   2 & months_since_cert_n >=   5 & utilities >= 992","xgboost",302,0.95033,0.92547,754,706,0.9363,0.0318,0.0301,3.133,0.0772,0.9846,1
"1","medical_deductions > 130 & medical_deductions <= 204 & total_deductions_by_hh_size <= 510","ranger",1046,0.93881,0.92546,341,309,0.9062,0.0139,0.0111,1.417,0.0772,0.9846,1
"1","months_since_cert_n >=   1.0000 & rawben_rel_max <   0.0893 & total_deductions_by_hh_size >= 340.0000","xgboost",1339,0.93727,0.92546,588,546,0.9286,0.0246,0.035,2.444,0.0772,0.9846,1
"1","percent_abawd <=   0.250 & shelter_expenses_by_hh_size >  16.500 & total_deductions_by_hh_size > 194.000 & unc_rawben_rel_max >   0.991","ranger",7352,0.9305,0.92546,3837,3560,0.9278,0.1602,0.2024,15.946,0.0772,0.9846,1
"1","elderly_disabled_i >   0.50 & homeless >   0.50 & percent_abawd <=   0.25 & total_deductions_by_hh_size <= 297.00","ranger",552,0.94384,0.92545,267,249,0.9326,0.0112,0.0106,1.11,0.0772,0.9846,1
"1","children_i >   0.500 & elderly_disabled_i <=   0.500 & rawben_rel_max >   0.991 & total_deductions_by_hh_size > 716.000","ranger",78,0.97436,0.92543,30,29,0.9667,0.0013,3e-04,0.125,0.0772,0.9846,1
"1","count_divisible_by_100 <= 0.5 & medical_deductions <= 0.5","ranger",41451,0.92755,0.92543,21282,19788,0.9298,0.8902,0.8327,88.443,0.0772,0.9846,1
"1","medical_deductions <   5.0 & percent_abawd <   0.5 & total_deductions_by_hh_size < 743.0 & unc_rawben_rel_max >=   0.0","xgboost",29777,0.92793,0.92543,15084,14011,0.9289,0.6303,0.553,62.685,0.0772,0.9846,1
"1","count_divisible_by_100 <   1 & months_since_cert_n <  10 & utilities < 886","xgboost",29762,0.92793,0.92542,14813,13775,0.9299,0.6197,0.576,61.559,0.0772,0.9846,1
"1","medical_deductions <  220.00 & shelter_expenses_by_hh_size < 2090.00 & unc_rawben_rel_max <    1.64 & utilities <  723.00","xgboost",37783,0.92764,0.92542,19237,17899,0.9304,0.8052,0.6823,79.944,0.0772,0.9846,1
"1","cat_elig >=   1.000 & elderly_disabled_i >=   1.000 & rawben_rel_max <   0.818 & shelter_expenses_by_hh_size < 916.000","xgboost",15386,0.9289,0.92541,7598,7062,0.9295,0.3177,0.2231,31.575,0.0772,0.9846,1
"1","cat_elig >=   2 & total_deductions_by_hh_size < 749 & utilities >= 992","xgboost",220,0.95455,0.92541,1,1,1,0,0,0.004,0.0772,0.9846,1
"1","months_since_cert_n <   3.0 & percent_abawd >=   0.5 & shelter_expenses_by_hh_size >= 793.0","xgboost",397,0.9471,0.92541,195,172,0.8821,0.0077,0.0136,0.81,0.0772,0.9846,1
"1","months_since_cert_n >=  11.000 & percent_abawd >=   1.000 & rawben_rel_max >=   0.992 & shelter_expenses_by_hh_size < 678.000","xgboost",220,0.95455,0.92541,128,122,0.9531,0.0055,0.0057,0.532,0.0772,0.9846,1
"1","rawben_rel_max >=   0.080 & unc_rawben_rel_max <  -0.639 & utilities >= 325.000","xgboost",220,0.95455,0.92541,225,215,0.9556,0.0097,0.011,0.935,0.0772,0.9846,1
"1","cat_elig <   2 & months_since_cert_n >=  23 & total_deductions_by_hh_size < 743 & utilities >= 318","xgboost",1367,0.93709,0.9254,734,667,0.9087,0.03,0.0309,3.05,0.0772,0.9846,1
"1","cat_elig > 0.5 & months_since_cert_n <= 2.5","ranger",10127,0.92969,0.9254,5086,4742,0.9324,0.2133,0.1907,21.136,0.0772,0.9846,1
"1","rawben_rel_max <    0.557 & shelter_expenses_by_hh_size < 2090.000","xgboost",17426,0.92867,0.9254,8605,7976,0.9269,0.3588,0.2861,35.76,0.0772,0.9846,1
"1","total_deductions_by_hh_size < 1010.00 & unc_rawben_rel_max <    1.81 & utilities <  703.00","xgboost",38022,0.92762,0.9254,19328,17978,0.9302,0.8088,0.6949,80.322,0.0772,0.9846,1
"1","cat_elig >=   2.000 & unc_rawben_rel_max <   0.399 & utilities >= 369.000","xgboost",2330,0.93433,0.92538,128,124,0.9688,0.0056,0.0025,0.532,0.0772,0.9846,1
"1","count_divisible_by_100 <   2.00 & medical_deductions >= 146.00 & months_since_cert_n <   2.00 & rawben_rel_max <   0.56","xgboost",116,0.96552,0.92538,52,47,0.9038,0.0021,0.0022,0.216,0.0772,0.9846,1
"1","medical_deductions <= 100.00 & shelter_expenses_by_hh_size >   5.50 & unc_rawben_rel_max <=   1.95 & utilities > 451.00","ranger",15324,0.92887,0.92538,7683,7112,0.9257,0.32,0.306,31.929,0.0772,0.9846,1
"1","months_since_cert_n >= 1.000 & rawben_rel_max >= 0.672 & unc_rawben_rel_max < 1.290","xgboost",19299,0.92849,0.92538,10103,9403,0.9307,0.423,0.3959,41.986,0.0772,0.9846,1
"1","shelter_expenses_by_hh_size >= 531 & total_deductions_by_hh_size >= 449 & utilities >= 723","xgboost",6108,0.93091,0.92538,3400,3153,0.9274,0.1418,0.1423,14.13,0.0772,0.9846,1
"1","cat_elig <= 0.500 & expedited_i <= 0.500 & rawben_rel_max <= 0.993 & unc_rawben_rel_max <= 0.989","ranger",2287,0.93441,0.92537,1151,1086,0.9435,0.0489,0.0249,4.783,0.0772,0.9846,1
"1","medical_deductions < 403 & shelter_expenses_by_hh_size < 916 & total_deductions_by_hh_size < 786 & utilities >= 436","xgboost",7579,0.93033,0.92537,3591,3328,0.9268,0.1497,0.1218,14.923,0.0772,0.9846,1
"1","elderly_disabled_i > 0.500 & homeless <= 0.500 & rawben_rel_max > 0.087 & rawben_rel_max <= 0.384","ranger",6760,0.93062,0.92536,3373,3134,0.9291,0.141,0.0975,14.017,0.0772,0.9846,1
"1","total_deductions_by_hh_size <  9.000 & unc_rawben_rel_max >=  0.056 & utilities >= 30.000","xgboost",956,0.93933,0.92535,497,464,0.9336,0.0209,0.0135,2.065,0.0772,0.9846,1
"1","cat_elig <   2 & total_deductions_by_hh_size < 675 & utilities >= 369","xgboost",11112,0.92945,0.92534,7693,7113,0.9246,0.32,0.2818,31.97,0.0772,0.9846,1
"1","expedited_i <=   0.5 & total_deductions_by_hh_size >   2.8 & total_deductions_by_hh_size <= 182.0","ranger",5353,0.93125,0.92534,2770,2563,0.9253,0.1153,0.0983,11.511,0.0772,0.9846,1
"1","cat_elig >=   2 & months_since_cert_n <   8 & total_deductions_by_hh_size < 836 & utilities >= 670","xgboost",822,0.94039,0.92531,20,20,1,9e-04,0,0.083,0.0772,0.9846,1
"1","homeless >    0.500 & rawben_rel_max >    0.991 & shelter_expenses_by_hh_size <= 1640.000 & total_deductions_by_hh_size >    7.800","ranger",627,0.94258,0.92531,282,271,0.961,0.0122,0.009,1.172,0.0772,0.9846,1
"1","married <   1 & months_since_cert_n >=   2 & utilities >= 956","xgboost",1132,0.93816,0.92531,1106,1041,0.9412,0.0468,0.0397,4.596,0.0772,0.9846,1
"1","months_since_cert_n <=  0.500 & rawben_rel_max <=  0.534 & shelter_expenses_by_hh_size > 14.500","ranger",822,0.94039,0.92531,398,369,0.9271,0.0166,0.0157,1.654,0.0772,0.9846,1
"1","medical_deductions <   4 & total_deductions_by_hh_size < 903 & unc_rawben_rel_max >=   0","xgboost",37074,0.92755,0.9253,19076,17736,0.9298,0.7979,0.7202,79.275,0.0772,0.9846,1
"1","cat_elig <   1.000 & medical_deductions < 183.000 & rawben_rel_max <   0.992","xgboost",2256,0.9344,0.92529,1145,1080,0.9432,0.0486,0.0257,4.758,0.0772,0.9846,1
"1","medical_deductions <   16.0000 & rawben_rel_max >=    0.0928 & shelter_expenses_by_hh_size < 1280.0000","xgboost",35354,0.92759,0.92529,18187,16918,0.9302,0.7611,0.6762,75.581,0.0772,0.9846,1
"1","medical_deductions < 113 & months_since_cert_n >=  16 & shelter_expenses_by_hh_size >= 996 & utilities >= 886","xgboost",412,0.9466,0.92529,381,362,0.9501,0.0163,0.011,1.583,0.0772,0.9846,1
"1","medical_deductions < 220.000 & rawben_rel_max >=   0.288 & utilities >= 723.000","xgboost",5628,0.93106,0.92529,3127,2898,0.9268,0.1304,0.1301,12.995,0.0772,0.9846,1
"1","homeless <= 0.500 & rawben_rel_max > 0.991 & shelter_expenses_by_hh_size > 5.500","ranger",8801,0.92989,0.92528,4548,4221,0.9281,0.1899,0.2417,18.9,0.0772,0.9846,1
"1","cat_elig <  2.000 & medical_deductions <  4.000 & unc_rawben_rel_max >= -0.004","xgboost",28422,0.92784,0.92527,19769,18298,0.9256,0.8232,0.8152,82.155,0.0772,0.9846,1
"1","elderly_disabled_i >   0.5 & medical_deductions <=   3.5 & shelter_expenses_by_hh_size > 676.0 & utilities > 460.0","ranger",10371,0.92951,0.92527,5301,4896,0.9236,0.2203,0.2105,22.03,0.0772,0.9846,1
"1","homeless >  0.500 & months_since_cert_n <= 10.500 & rawben_rel_max >  0.991 & shelter_expenses_by_hh_size >  9.500","ranger",443,0.94582,0.92527,209,202,0.9665,0.0091,0.0057,0.869,0.0772,0.9846,1
"1","married <    1 & shelter_expenses_by_hh_size < 1800 & total_deductions_by_hh_size <  809 & utilities <  688","xgboost",37331,0.92751,0.92527,19012,17693,0.9306,0.796,0.6937,79.009,0.0772,0.9846,1
"1","months_since_cert_n >= 4.00 & months_since_cert_n < 7.00 & unc_rawben_rel_max < 1.81","xgboost",9213,0.92977,0.92527,4668,4342,0.9302,0.1953,0.1745,19.399,0.0772,0.9846,1
"1","medical_deductions <= 210.000 & rawben_rel_max >   0.991 & shelter_expenses_by_hh_size >  10.000","ranger",9184,0.92977,0.92526,4733,4400,0.9296,0.1979,0.247,19.669,0.0772,0.9846,1
"1","medical_deductions < 384.0 & months_since_cert_n <  28.0 & unc_rawben_rel_max <   1.7","xgboost",42044,0.92736,0.92525,21745,20189,0.9284,0.9083,0.803,90.367,0.0772,0.9846,1
"1","months_since_cert_n <  13.000 & total_deductions_by_hh_size >= 236.000 & unc_rawben_rel_max <   0.271 & utilities >= 511.000","xgboost",999,0.93894,0.92525,530,501,0.9453,0.0225,0.0176,2.203,0.0772,0.9846,1
"1","cat_elig >= 1.000 & rawben_rel_max < 0.524","xgboost",14829,0.92879,0.92524,7361,6815,0.9258,0.3066,0.2569,30.591,0.0772,0.9846,1
"1","months_since_cert_n >=   1 & shelter_expenses_by_hh_size >= 514 & utilities >= 493 & utilities < 559","xgboost",2553,0.9338,0.92524,1380,1284,0.9304,0.0578,0.0498,5.735,0.0772,0.9846,1
"1","cat_elig <   1.000 & rawben_rel_max <   0.357 & utilities >= 334.000","xgboost",396,0.94697,0.92523,223,215,0.9641,0.0097,0.0022,0.927,0.0772,0.9846,1
"1","cat_elig <=   0.5 & months_since_cert_n <=   5.5 & shelter_expenses_by_hh_size >   5.5 & total_deductions_by_hh_size <= 192.0","ranger",317,0.94953,0.92523,168,158,0.9405,0.0071,0.0044,0.698,0.0772,0.9846,1
"1","elderly_disabled_i >   0.5 & shelter_expenses_by_hh_size <= 706.0","ranger",14265,0.92885,0.92522,7135,6628,0.9289,0.2982,0.2449,29.651,0.0772,0.9846,1
"1","medical_deductions <= 192.000 & rawben_rel_max >   0.991 & shelter_expenses_by_hh_size >   5.500","ranger",9180,0.92974,0.92522,4732,4400,0.9298,0.1979,0.246,19.665,0.0772,0.9846,1
"1","percent_abawd <=  0.500 & shelter_expenses_by_hh_size <= 13.000 & unc_rawben_rel_max > -3.590 & unc_rawben_rel_max <=  0.941","ranger",1739,0.9356,0.92522,854,801,0.9379,0.036,0.0323,3.549,0.0772,0.9846,1
"1","count_divisible_by_100 <   2.00 & medical_deductions < 403.00 & unc_rawben_rel_max <   1.86","xgboost",44589,0.92725,0.9252,22773,21140,0.9283,0.9511,0.8511,94.639,0.0772,0.9846,1
"1","rawben_rel_max <=   0.30900 & unc_rawben_rel_max >  -0.00915 & unc_rawben_rel_max <=   0.99100 & utilities <= 851.00000","ranger",6342,0.93062,0.92519,3189,2974,0.9326,0.1338,0.1027,13.253,0.0772,0.9846,1
"1","cat_elig <    2.0 & percent_abawd <    0.5 & shelter_expenses_by_hh_size < 1200.0","xgboost",26877,0.92782,0.92518,17405,16117,0.926,0.7251,0.6644,72.331,0.0772,0.9846,1
"1","cat_elig <=  1.500 & children_i <=  0.500 & shelter_expenses_by_hh_size <= 14.500 & unc_rawben_rel_max <=  0.906","ranger",1305,0.93716,0.92518,863,801,0.9282,0.036,0.0388,3.586,0.0772,0.9846,1
"1","count_divisible_by_100 <=   0.5 & percent_abawd <=   0.5 & shelter_expenses_by_hh_size >  14.5 & utilities > 684.0","ranger",6480,0.93056,0.92518,3303,3055,0.9249,0.1374,0.1373,13.726,0.0772,0.9846,1
"1","homeless <= 0.50 & medical_deductions <= 0.50 & unc_rawben_rel_max <= 1.93","ranger",38456,0.92735,0.92514,19884,18483,0.9295,0.8315,0.7661,82.633,0.0772,0.9846,1
"1","children_i <   1.000 & medical_deductions < 114.000 & rawben_rel_max >=   0.608","xgboost",26437,0.92779,0.92513,13770,12814,0.9306,0.5765,0.5832,57.225,0.0772,0.9846,1
"1","elderly_disabled_i >   0.5 & months_since_cert_n >   0.5 & total_deductions_by_hh_size >   2.7 & total_deductions_by_hh_size <= 291.0","ranger",7389,0.93017,0.92513,3846,3583,0.9316,0.1612,0.116,15.983,0.0772,0.9846,1
"1","medical_deductions < 148 & utilities >= 892 & utilities < 992","xgboost",909,0.93949,0.92513,695,654,0.941,0.0294,0.0233,2.888,0.0772,0.9846,1
"1","months_since_cert_n >=  3.000 & months_since_cert_n < 17.000 & unc_rawben_rel_max >=  0.691 & unc_rawben_rel_max <  1.990","xgboost",14932,0.92868,0.92513,7942,7358,0.9265,0.331,0.3661,33.005,0.0772,0.9846,1
"1","unc_rawben_rel_max >=  -1.17 & utilities >= 735.00","xgboost",5949,0.93074,0.92513,3203,2953,0.9219,0.1329,0.1437,13.311,0.0772,0.9846,1
"1","elderly_disabled_i <= 0.500 & homeless > 0.500 & rawben_rel_max > 0.938 & utilities > 9.500","ranger",411,0.94647,0.92512,192,188,0.9792,0.0085,0.0035,0.798,0.0772,0.9846,1
"1","elderly_disabled_i >=   1.000 & total_deductions_by_hh_size < 321.000 & unc_rawben_rel_max >=  -0.004 & unc_rawben_rel_max <   0.972","xgboost",9691,0.92952,0.92512,5055,4717,0.9331,0.2122,0.1458,21.007,0.0772,0.9846,1
"1","cat_elig >= 2.000 & elderly_disabled_i >= 1.000 & months_since_cert_n >= 5.000 & rawben_rel_max < 0.552","xgboost",3043,0.93296,0.92511,214,202,0.9439,0.0091,0.0048,0.889,0.0772,0.9846,1
"1","expedited_i <   1.0 & medical_deductions >=  14.0 & medical_deductions < 108.0 & rawben_rel_max <   0.7","xgboost",364,0.9478,0.92511,162,157,0.9691,0.0071,0.0027,0.673,0.0772,0.9846,1
"1","months_since_cert_n >=  23 & shelter_expenses_by_hh_size < 693 & total_deductions_by_hh_size < 542 & utilities < 559","xgboost",1231,0.93745,0.92511,555,510,0.9189,0.0229,0.0213,2.306,0.0772,0.9846,1
"1","married <   1.000 & rawben_rel_max >=   0.236 & total_deductions_by_hh_size >= 511.000 & unc_rawben_rel_max >=   1.020","xgboost",6805,0.93035,0.9251,3577,3317,0.9273,0.1492,0.1912,14.865,0.0772,0.9846,1
"1","cat_elig <   2.000 & medical_deductions < 140.000 & months_since_cert_n <   1.000 & rawben_rel_max <   0.533","xgboost",610,0.94262,0.92509,398,366,0.9196,0.0165,0.0179,1.654,0.0772,0.9846,1
"1","children_i <  1.000 & elderly_disabled_i >=  1.000 & unc_rawben_rel_max <  0.584 & utilities >= 30.000","xgboost",13035,0.92888,0.92509,6457,5989,0.9275,0.2694,0.1936,26.834,0.0772,0.9846,1
"1","elderly_disabled_i >   0.5 & married <=   0.5 & utilities > 684.0","ranger",5932,0.93071,0.92509,3023,2797,0.9252,0.1258,0.1229,12.563,0.0772,0.9846,1
"1","medical_deductions < 314 & months_since_cert_n <  13 & utilities < 493","xgboost",26667,0.92774,0.92509,13532,12615,0.9322,0.5675,0.5161,56.236,0.0772,0.9846,1
"1","cat_elig >=   1 & medical_deductions < 360 & months_since_cert_n <   6 & utilities < 956","xgboost",19410,0.92818,0.92507,9566,8907,0.9311,0.4007,0.3656,39.754,0.0772,0.9846,1
"1","count_divisible_by_100 <   2.000 & rawben_rel_max >=   0.864 & unc_rawben_rel_max <   1.040 & utilities >= 956.000","xgboost",219,0.95434,0.92507,207,196,0.9469,0.0088,0.007,0.86,0.0772,0.9846,1
"1","homeless >   0.5 & months_since_cert_n <=   4.5 & total_deductions_by_hh_size >   2.8 & utilities > 428.0","ranger",219,0.95434,0.92507,102,95,0.9314,0.0043,0.0046,0.424,0.0772,0.9846,1
"1","children_i <=   0.5 & months_since_cert_n >   4.5 & total_deductions_by_hh_size >   2.5 & total_deductions_by_hh_size <= 228.0","ranger",4665,0.9314,0.92506,2431,2242,0.9223,0.1009,0.0878,10.103,0.0772,0.9846,1
"1","cat_elig <  1.000 & rawben_rel_max >=  0.692 & shelter_expenses_by_hh_size >= 50.000 & utilities >= 30.000","xgboost",908,0.93943,0.92505,488,460,0.9426,0.0207,0.0168,2.028,0.0772,0.9846,1
"1","medical_deductions <  175.000 & rawben_rel_max >=    0.485 & shelter_expenses_by_hh_size < 1480.000 & utilities >=  560.000","xgboost",7312,0.93011,0.92505,4000,3707,0.9268,0.1668,0.1563,16.623,0.0772,0.9846,1
"1","months_since_cert_n <  15.00 & unc_rawben_rel_max <   2.22 & utilities < 550.00","xgboost",29777,0.92756,0.92505,14848,13825,0.9311,0.622,0.5721,61.705,0.0772,0.9846,1
"1","cat_elig <    2 & shelter_expenses_by_hh_size < 1800","xgboost",32727,0.92743,0.92504,22606,20906,0.9248,0.9405,0.9196,93.945,0.0772,0.9846,1
"1","children_i <=   0.5 & total_deductions_by_hh_size >   2.8 & total_deductions_by_hh_size <= 165.0","ranger",5248,0.93102,0.92504,2724,2522,0.9258,0.1135,0.0989,11.32,0.0772,0.9846,1
"1","medical_deductions < 117.000 & rawben_rel_max >=   0.533 & total_deductions_by_hh_size < 918.000","xgboost",26800,0.92769,0.92504,13822,12858,0.9303,0.5785,0.56,57.441,0.0772,0.9846,1
"1","medical_deductions <= 168.000 & total_deductions_by_hh_size > 191.000 & unc_rawben_rel_max >   0.991","ranger",8551,0.92972,0.92503,4413,4102,0.9295,0.1845,0.2289,18.339,0.0772,0.9846,1
"1","months_since_cert_n < 14.0 & rawben_rel_max <  0.5","xgboost",12009,0.92897,0.92502,5963,5536,0.9284,0.2491,0.2049,24.781,0.0772,0.9846,1
"1","months_since_cert_n > 12.50 & shelter_expenses_by_hh_size <=  5.50 & unc_rawben_rel_max >  1.00 & unc_rawben_rel_max <=  3.43","ranger",503,0.94433,0.92502,244,230,0.9426,0.0103,0.0106,1.014,0.0772,0.9846,1
"1","rawben_rel_max <   0.992 & total_deductions_by_hh_size < 620.000 & utilities >= 494.000 & utilities < 724.000","xgboost",4272,0.93165,0.92502,2290,2127,0.9288,0.0957,0.0721,9.517,0.0772,0.9846,1
"1","medical_deductions >= 135.000 & months_since_cert_n <  13.000 & rawben_rel_max <   0.529","xgboost",1331,0.93689,0.92501,467,419,0.8972,0.0189,0.0183,1.941,0.0772,0.9846,1
"1","shelter_expenses_by_hh_size <= 1570 & total_deductions_by_hh_size <=  399 & utilities >    8 & utilities <=  864","ranger",12652,0.92887,0.92501,6325,5890,0.9312,0.265,0.2009,26.285,0.0772,0.9846,1
"1","homeless <=   0.500 & rawben_rel_max >   0.991 & total_deductions_by_hh_size > 118.000","ranger",8423,0.92972,0.925,4359,4038,0.9264,0.1817,0.2368,18.115,0.0772,0.9846,1
"1","rawben_rel_max <   0.664 & total_deductions_by_hh_size < 657.000","xgboost",18247,0.92821,0.925,9106,8455,0.9285,0.3804,0.2899,37.842,0.0772,0.9846,1
"1","cat_elig < 2 & children_i < 1","xgboost",32640,0.92739,0.92499,22745,21007,0.9236,0.9451,0.9446,94.523,0.0772,0.9846,1
"1","cat_elig >  0.500 & count_divisible_by_100 <=  1.500 & rawben_rel_max >  0.991 & total_deductions_by_hh_size > 14.800","ranger",8876,0.92959,0.92499,4567,4244,0.9293,0.1909,0.2398,18.979,0.0772,0.9846,1
"1","homeless <    1 & months_since_cert_n <    6 & utilities < 1010","xgboost",19879,0.92806,0.92499,9919,9243,0.9318,0.4158,0.3668,41.221,0.0772,0.9846,1
"1","shelter_expenses_by_hh_size < 719 & utilities >= 475 & utilities < 596","xgboost",2119,0.9344,0.92499,816,755,0.9252,0.034,0.0312,3.391,0.0772,0.9846,1
"1","medical_deductions <  144 & total_deductions_by_hh_size < 1120","xgboost",44041,0.92705,0.92498,22505,20898,0.9286,0.9402,0.8687,93.525,0.0772,0.9846,1
"1","medical_deductions <=   3.5 & months_since_cert_n >  10.5 & total_deductions_by_hh_size <= 616.0 & utilities <=   5.0","ranger",2076,0.93449,0.92498,1091,1019,0.934,0.0458,0.0442,4.534,0.0772,0.9846,1
"1","rawben_rel_max >=    0.132 & rawben_rel_max <    0.152 & shelter_expenses_by_hh_size < 1430.000","xgboost",300,0.95,0.92498,149,141,0.9463,0.0063,0.0035,0.619,0.0772,0.9846,1
"1","rawben_rel_max >=   0.092 & shelter_expenses_by_hh_size < 979.000 & total_deductions_by_hh_size < 938.000","xgboost",30940,0.92744,0.92498,15648,14569,0.931,0.6554,0.5586,65.029,0.0772,0.9846,1
"1","married <    1 & shelter_expenses_by_hh_size < 1410 & total_deductions_by_hh_size < 1170","xgboost",43706,0.92704,0.92496,22198,20612,0.9286,0.9273,0.8399,92.25,0.0772,0.9846,1
"1","rawben_rel_max <   0.278 & total_deductions_by_hh_size >= 549.000 & unc_rawben_rel_max >=  -0.347","xgboost",951,0.93901,0.92496,493,466,0.9452,0.021,0.015,2.049,0.0772,0.9846,1
"1","rawben_rel_max >=    0.636 & shelter_expenses_by_hh_size < 1150.000","xgboost",22643,0.92784,0.92496,11519,10733,0.9318,0.4829,0.4688,47.87,0.0772,0.9846,1
"1","homeless <   1 & shelter_expenses_by_hh_size >= 314 & shelter_expenses_by_hh_size < 363","xgboost",1112,0.93795,0.92495,535,482,0.9009,0.0217,0.0305,2.223,0.0772,0.9846,1
"1","elderly_disabled_i >  0.500 & expedited_i >  0.500 & rawben_rel_max >  0.266 & total_deductions_by_hh_size <= 96.500","ranger",410,0.94634,0.92493,210,204,0.9714,0.0092,0.0043,0.873,0.0772,0.9846,1
"1","cat_elig >=    2 & medical_deductions <    4 & shelter_expenses_by_hh_size < 1160 & total_deductions_by_hh_size <  729","xgboost",9843,0.92929,0.92492,843,798,0.9466,0.0359,0.0223,3.503,0.0772,0.9846,1
"1","cat_elig <  2.00 & months_since_cert_n >= 24.00 & unc_rawben_rel_max >=  1.01","xgboost",487,0.94456,0.92491,304,284,0.9342,0.0128,0.0131,1.263,0.0772,0.9846,1
"1","elderly_disabled_i >    0.500 & rawben_rel_max >    0.991 & total_deductions_by_hh_size <= 1350.000","ranger",5405,0.9308,0.92491,2816,2615,0.9286,0.1176,0.1371,11.703,0.0772,0.9846,1
"1","elderly_disabled_i <   1.00 & total_deductions_by_hh_size < 379.00 & unc_rawben_rel_max >=   1.27 & utilities <  76.00","xgboost",363,0.94766,0.9249,142,135,0.9507,0.0061,0.0059,0.59,0.0772,0.9846,1
"1","married <   1 & months_since_cert_n <  16 & utilities < 483","xgboost",27006,0.92753,0.9249,14217,13227,0.9304,0.5951,0.5536,59.082,0.0772,0.9846,1
"1","shelter_expenses_by_hh_size >  13 & utilities > 696","ranger",6856,0.93013,0.9249,3655,3380,0.9248,0.1521,0.1547,15.189,0.0772,0.9846,1
"1","cat_elig >=   1 & medical_deductions < 360 & months_since_cert_n <   6","xgboost",19960,0.92796,0.92489,10073,9391,0.9323,0.4225,0.3781,41.861,0.0772,0.9846,1
"1","months_since_cert_n >=    2 & months_since_cert_n <    8 & shelter_expenses_by_hh_size < 1860","xgboost",20097,0.92795,0.92489,10150,9463,0.9323,0.4257,0.3757,42.181,0.0772,0.9846,1
"1","cat_elig <= 0.5 & married <= 0.5 & percent_abawd > 0.5 & total_deductions_by_hh_size > 7.8","ranger",185,0.95676,0.92488,99,96,0.9697,0.0043,0.0012,0.411,0.0772,0.9846,1
"1","elderly_disabled_i <=  0.5 & homeless >  0.5 & total_deductions_by_hh_size >  2.8 & total_deductions_by_hh_size <= 53.1","ranger",185,0.95676,0.92488,87,85,0.977,0.0038,0.0015,0.362,0.0772,0.9846,1
"1","months_since_cert_n >=   33.000 & total_deductions_by_hh_size < 1100.000 & unc_rawben_rel_max >=    0.852 & utilities >=  612.000","xgboost",168,0.95833,0.92488,62,58,0.9355,0.0026,0.0032,0.258,0.0772,0.9846,1
"1","elderly_disabled_i <    1.000 & months_since_cert_n <    5.000 & rawben_rel_max >=    0.992 & shelter_expenses_by_hh_size >= 1220.000","xgboost",456,0.94518,0.92487,233,214,0.9185,0.0096,0.0152,0.968,0.0772,0.9846,1
"1","months_since_cert_n <  6.00 & unc_rawben_rel_max >=  1.48 & utilities >= 76.00","xgboost",2229,0.93405,0.92487,1079,1005,0.9314,0.0452,0.059,4.484,0.0772,0.9846,1
"1","cat_elig <=   2.500 & homeless <=   0.500 & rawben_rel_max >   0.991 & total_deductions_by_hh_size > 172.000","ranger",8312,0.92962,0.92486,4329,4012,0.9268,0.1805,0.2343,17.99,0.0772,0.9846,1
"1","elderly_disabled_i < 1.00 & unc_rawben_rel_max < 1.21","xgboost",8256,0.92963,0.92485,6097,5771,0.9465,0.2596,0.2141,25.338,0.0772,0.9846,1
"1","rawben_rel_max <   0.261 & shelter_expenses_by_hh_size >= 528.000 & utilities <  56.000","xgboost",425,0.94588,0.92485,202,188,0.9307,0.0085,0.0085,0.839,0.0772,0.9846,1
"1","cat_elig >=   1 & months_since_cert_n <  26 & utilities < 350","xgboost",18494,0.92803,0.92484,9342,8683,0.9295,0.3906,0.3886,38.823,0.0772,0.9846,1
"1","months_since_cert_n >= 14.000 & rawben_rel_max <  0.612","xgboost",4568,0.93126,0.92484,2248,2098,0.9333,0.0944,0.0623,9.342,0.0772,0.9846,1
"1","cat_elig >  0.5 & count_divisible_by_100 <=  0.5 & medical_deductions <=  0.5 & months_since_cert_n <= 10.5","ranger",27320,0.92745,0.92483,14060,13065,0.9292,0.5878,0.5687,58.43,0.0772,0.9846,1
"1","cat_elig >  0.500 & total_deductions_by_hh_size > 17.700 & unc_rawben_rel_max >  0.991","ranger",8899,0.92943,0.92483,4574,4250,0.9292,0.1912,0.2408,19.008,0.0772,0.9846,1
"1","cat_elig >=   2 & months_since_cert_n <   3 & utilities < 534","xgboost",2905,0.93287,0.92483,245,239,0.9755,0.0108,0.0031,1.018,0.0772,0.9846,1
"1","count_divisible_by_100 <=  0.500 & total_deductions_by_hh_size > 17.800 & unc_rawben_rel_max >  0.991","ranger",8885,0.92943,0.92483,4501,4187,0.9302,0.1884,0.2323,18.705,0.0772,0.9846,1
"1","medical_deductions < 42.0000 & months_since_cert_n >=  8.0000 & months_since_cert_n < 11.0000 & rawben_rel_max <  0.0928","xgboost",653,0.94181,0.92483,345,325,0.942,0.0146,0.0119,1.434,0.0772,0.9846,1
"1","percent_abawd <=  0.25000 & unc_rawben_rel_max > -0.00915 & unc_rawben_rel_max <=  0.34400","ranger",7332,0.9299,0.92483,3664,3417,0.9326,0.1537,0.1105,15.227,0.0772,0.9846,1
"1","elderly_disabled_i >    0.500 & rawben_rel_max >    0.991 & shelter_expenses_by_hh_size <= 1020.000 & unc_rawben_rel_max <=    1.800","ranger",2256,0.93395,0.92482,1030,957,0.9291,0.0431,0.0527,4.28,0.0772,0.9846,1
"1","homeless < 1.00 & medical_deductions < 3.00 & rawben_rel_max < 0.24 & total_deductions_by_hh_size >= 4.40","xgboost",3968,0.9317,0.92482,1884,1752,0.9299,0.0788,0.0782,7.829,0.0772,0.9846,1
"1","months_since_cert_n <   2.000 & rawben_rel_max <   0.492 & shelter_expenses_by_hh_size >=  34.000 & shelter_expenses_by_hh_size < 567.000","xgboost",787,0.94028,0.92482,357,331,0.9272,0.0149,0.0127,1.484,0.0772,0.9846,1
"1","cat_elig > 0.5 & elderly_disabled_i <= 0.5 & expedited_i <= 0.5 & percent_abawd <= 0.5","ranger",6186,0.93033,0.92481,3188,2979,0.9344,0.134,0.1406,13.249,0.0772,0.9846,1
"1","shelter_expenses_by_hh_size >=  603 & shelter_expenses_by_hh_size < 1230 & total_deductions_by_hh_size <  734 & utilities >=  450","xgboost",9404,0.92929,0.92481,4452,4131,0.9279,0.1858,0.1529,18.501,0.0772,0.9846,1
"1","count_divisible_by_100 <   2 & medical_deductions <  23 & utilities < 462","xgboost",28201,0.92738,0.9248,14725,13719,0.9317,0.6172,0.5642,61.194,0.0772,0.9846,1
"1","children_i > 0.5 & married <= 0.5 & months_since_cert_n > 3.5 & months_since_cert_n <= 5.5","ranger",133,0.96241,0.92479,51,45,0.8824,0.002,0.0048,0.212,0.0772,0.9846,1
"1","elderly_disabled_i >   0.5 & homeless <=   0.5 & shelter_expenses_by_hh_size <= 706.0","ranger",13664,0.9285,0.92479,6853,6370,0.9295,0.2866,0.2303,28.479,0.0772,0.9846,1
"1","homeless >=   1.0 & percent_abawd <   0.5 & shelter_expenses_by_hh_size < 585.0 & unc_rawben_rel_max <   1.2","xgboost",757,0.94055,0.92479,385,359,0.9325,0.0162,0.0155,1.6,0.0772,0.9846,1
"1","medical_deductions <  599.0 & shelter_expenses_by_hh_size < 2300.0 & unc_rawben_rel_max <    1.9","xgboost",45518,0.92682,0.92479,23566,21863,0.9277,0.9836,0.904,97.935,0.0772,0.9846,1
"1","total_deductions_by_hh_size < 815 & utilities >= 494","xgboost",10456,0.92904,0.92479,5375,4968,0.9243,0.2235,0.2068,22.337,0.0772,0.9846,1
"1","cat_elig > 0.5 & married <= 0.5 & months_since_cert_n <= 5.5","ranger",19876,0.92785,0.92478,10055,9364,0.9313,0.4213,0.383,41.786,0.0772,0.9846,1
"1","homeless <= 0.5 & months_since_cert_n <= 4.5","ranger",17145,0.92808,0.92477,8666,8089,0.9334,0.3639,0.3129,36.014,0.0772,0.9846,1
"1","months_since_cert_n <   25.000 & shelter_expenses_by_hh_size < 1000.000 & total_deductions_by_hh_size <  888.000 & unc_rawben_rel_max >=   -0.016","xgboost",31044,0.92723,0.92477,15741,14662,0.9315,0.6596,0.5647,65.416,0.0772,0.9846,1
"1","cat_elig <= 0.500 & children_i <= 0.500 & count_divisible_by_100 <= 1.500 & unc_rawben_rel_max <= 0.993","ranger",2339,0.93373,0.92476,1184,1119,0.9451,0.0503,0.0247,4.92,0.0772,0.9846,1
"1","shelter_expenses_by_hh_size <  987 & unc_rawben_rel_max >=    0 & utilities < 1010","xgboost",32131,0.92717,0.92475,16169,15054,0.931,0.6773,0.5821,67.194,0.0772,0.9846,1
"1","cat_elig <   1 & months_since_cert_n <   3 & total_deductions_by_hh_size >= 563 & utilities >= 334","xgboost",218,0.95413,0.92474,105,104,0.9905,0.0047,5e-04,0.436,0.0772,0.9846,1
"1","months_since_cert_n <=   5.5 & total_deductions_by_hh_size >   2.8 & unc_rawben_rel_max >   1.0 & utilities <= 428.0","ranger",2296,0.9338,0.92474,1125,1064,0.9458,0.0479,0.0463,4.675,0.0772,0.9846,1
"1","homeless < 1 & months_since_cert_n < 6","xgboost",20172,0.92777,0.92472,10212,9516,0.9318,0.4281,0.3774,42.439,0.0772,0.9846,1
"1","months_since_cert_n >=   10.000 & shelter_expenses_by_hh_size >= 1070.000 & unc_rawben_rel_max >=    0.996","xgboost",1484,0.93598,0.92472,862,814,0.9443,0.0366,0.0357,3.582,0.0772,0.9846,1
"1","cat_elig > 0.50 & expedited_i <= 0.50 & homeless > 0.50 & percent_abawd <= 0.25","ranger",1670,0.93533,0.92471,761,705,0.9264,0.0317,0.0339,3.163,0.0772,0.9846,1
"1","total_deductions_by_hh_size < 938.00 & unc_rawben_rel_max <   1.99 & utilities < 493.00","xgboost",31717,0.92714,0.9247,16003,14898,0.931,0.6702,0.5978,66.505,0.0772,0.9846,1
"1","count_divisible_by_100 <=  0.500 & rawben_rel_max >  0.993 & total_deductions_by_hh_size > 17.800 & unc_rawben_rel_max >  0.991","ranger",8853,0.92929,0.92468,4464,4153,0.9303,0.1868,0.2306,18.551,0.0772,0.9846,1
"1","months_since_cert_n <  10.000 & unc_rawben_rel_max >=   0.653 & unc_rawben_rel_max <   1.770 & utilities >= 789.000","xgboost",1469,0.93601,0.92468,1089,1022,0.9385,0.046,0.0406,4.526,0.0772,0.9846,1
"1","homeless > 0.500 & rawben_rel_max <= 0.991 & unc_rawben_rel_max <= 0.469","ranger",424,0.94575,0.92467,213,189,0.8873,0.0085,0.0149,0.885,0.0772,0.9846,1
"1","months_since_cert_n <=   4.5 & shelter_expenses_by_hh_size >   5.5 & unc_rawben_rel_max <=   2.4 & utilities > 490.0","ranger",4724,0.93099,0.92467,2399,2225,0.9275,0.1001,0.0932,9.97,0.0772,0.9846,1
"1","percent_abawd <    0.5 & shelter_expenses_by_hh_size < 1400.0 & total_deductions_by_hh_size <  828.0 & utilities <  600.0","xgboost",31337,0.92711,0.92466,15553,14448,0.929,0.65,0.5646,64.635,0.0772,0.9846,1
"1","rawben_rel_max >=    0.668 & shelter_expenses_by_hh_size < 1480.000 & utilities >=  488.000","xgboost",8070,0.92949,0.92466,4184,3888,0.9293,0.1749,0.1697,17.388,0.0772,0.9846,1
"1","homeless <=   0.50 & percent_abawd <=   0.25 & total_deductions_by_hh_size <= 494.00 & utilities >   5.00","ranger",14823,0.92822,0.92465,7322,6808,0.9298,0.3063,0.2283,30.428,0.0772,0.9846,1
"1","children_i <   1 & months_since_cert_n <  14 & utilities >= 852","xgboost",2307,0.93368,0.92464,1488,1379,0.9267,0.062,0.0674,6.184,0.0772,0.9846,1
"1","rawben_rel_max >=   0.268 & total_deductions_by_hh_size >= 459.000 & utilities >= 580.000 & utilities < 585.000","xgboost",546,0.94322,0.92464,1,1,1,0,0,0.004,0.0772,0.9846,1
"1","unc_rawben_rel_max <   1.81 & utilities < 912.00","xgboost",43089,0.92673,0.92464,21285,19726,0.9268,0.8874,0.8076,88.455,0.0772,0.9846,1
"1","expedited_i <  1.00 & homeless <  1.00 & unc_rawben_rel_max <  2.22 & utilities < 74.00","xgboost",11266,0.92872,0.92463,5962,5583,0.9364,0.2512,0.2225,24.777,0.0772,0.9846,1
"1","months_since_cert_n >=  12 & months_since_cert_n <  25 & shelter_expenses_by_hh_size < 405 & total_deductions_by_hh_size < 600","xgboost",1654,0.93531,0.92463,861,793,0.921,0.0357,0.0389,3.578,0.0772,0.9846,1
"1","cat_elig >  0.500 & months_since_cert_n > 13.500 & rawben_rel_max >  0.087 & rawben_rel_max <=  0.412","ranger",1839,0.93475,0.92462,896,826,0.9219,0.0372,0.0276,3.724,0.0772,0.9846,1
"1","count_divisible_by_100 <=  0.500 & percent_abawd <=  0.750 & total_deductions_by_hh_size > 18.700 & unc_rawben_rel_max >  0.991","ranger",7462,0.92964,0.92462,3801,3524,0.9271,0.1585,0.2031,15.796,0.0772,0.9846,1
"1","months_since_cert_n <  14.000 & rawben_rel_max <   0.454 & shelter_expenses_by_hh_size >= 370.000","xgboost",8080,0.92946,0.92462,3928,3655,0.9305,0.1644,0.1281,16.324,0.0772,0.9846,1
"1","children_i <= 0.50 & expedited_i <= 0.50 & medical_deductions <= 0.50 & unc_rawben_rel_max <= 1.96","ranger",34939,0.92693,0.92461,18138,16852,0.9291,0.7581,0.6785,75.377,0.0772,0.9846,1
"1","months_since_cert_n >=  9.000 & rawben_rel_max <  0.973 & shelter_expenses_by_hh_size < 44.000 & total_deductions_by_hh_size < 43.000","xgboost",576,0.94271,0.92461,263,254,0.9658,0.0114,0.0037,1.093,0.0772,0.9846,1
"1","cat_elig >  0.500 & children_i <=  0.500 & rawben_rel_max >  0.991 & shelter_expenses_by_hh_size > 14.500","ranger",8351,0.92935,0.9246,4324,4013,0.9281,0.1805,0.2301,17.969,0.0772,0.9846,1
"1","percent_abawd >    0.250 & shelter_expenses_by_hh_size >   12.500 & shelter_expenses_by_hh_size <= 1660.000 & unc_rawben_rel_max >    0.952","ranger",1410,0.93617,0.9246,690,656,0.9507,0.0295,0.0258,2.867,0.0772,0.9846,1
"1","medical_deductions < 366 & months_since_cert_n <  12","xgboost",36266,0.92687,0.92459,18592,17261,0.9284,0.7765,0.7402,77.264,0.0772,0.9846,1
"1","percent_abawd <    0.5 & shelter_expenses_by_hh_size < 1640.0 & total_deductions_by_hh_size <  855.0","xgboost",37678,0.92683,0.92459,18761,17398,0.9273,0.7827,0.6947,77.966,0.0772,0.9846,1
"1","cat_elig <=   1.5 & elderly_disabled_i >   0.5 & shelter_expenses_by_hh_size >   5.5 & shelter_expenses_by_hh_size <= 640.0","ranger",7911,0.92947,0.92458,4692,4331,0.9231,0.1948,0.1716,19.499,0.0772,0.9846,1
"1","elderly_disabled_i <=   0.5 & expedited_i >   0.5 & shelter_expenses_by_hh_size >  14.5 & total_deductions_by_hh_size > 295.0","ranger",1424,0.9361,0.92458,690,637,0.9232,0.0287,0.0444,2.867,0.0772,0.9846,1
"1","homeless >   0.500 & percent_abawd <=   0.500 & total_deductions_by_hh_size <= 116.000 & unc_rawben_rel_max <=   0.991","ranger",408,0.94608,0.92457,183,175,0.9563,0.0079,0.0043,0.761,0.0772,0.9846,1
"1","months_since_cert_n <  34.000 & rawben_rel_max >=   0.288 & utilities >= 784.000","xgboost",4163,0.9313,0.92457,2846,2627,0.923,0.1182,0.1245,11.827,0.0772,0.9846,1
"1","rawben_rel_max <=    0.991 & total_deductions_by_hh_size >    7.600 & total_deductions_by_hh_size <= 1120.000 & unc_rawben_rel_max <=    0.421","ranger",9850,0.92893,0.92456,4807,4448,0.9253,0.2001,0.1718,19.977,0.0772,0.9846,1
"1","cat_elig >  0.500 & rawben_rel_max >  0.991 & shelter_expenses_by_hh_size > 20.000","ranger",8630,0.9292,0.92452,4438,4116,0.9274,0.1852,0.2388,18.443,0.0772,0.9846,1
"1","cat_elig >=    1 & shelter_expenses_by_hh_size < 2300 & utilities >=  688","xgboost",6616,0.92987,0.92452,3453,3188,0.9233,0.1434,0.1483,14.35,0.0772,0.9846,1
"1","children_i <   1.000 & shelter_expenses_by_hh_size < 996.000 & unc_rawben_rel_max >=  -0.004 & utilities < 643.000","xgboost",29636,0.92705,0.92452,15086,14036,0.9304,0.6315,0.549,62.694,0.0772,0.9846,1
"1","rawben_rel_max <    0.556 & shelter_expenses_by_hh_size < 1530.000 & unc_rawben_rel_max <    1.200 & utilities >=  417.000","xgboost",6506,0.92991,0.92452,2929,2713,0.9263,0.1221,0.0932,12.172,0.0772,0.9846,1
"1","medical_deductions >= 265.000 & months_since_cert_n <  18.000 & rawben_rel_max <   0.278 & shelter_expenses_by_hh_size >= 621.000","xgboost",77,0.97403,0.9245,33,31,0.9394,0.0014,7e-04,0.137,0.0772,0.9846,1
"1","rawben_rel_max <   0.568 & utilities < 852.000","xgboost",17095,0.92782,0.92449,8441,7826,0.9271,0.3521,0.2794,35.079,0.0772,0.9846,1
"1","cat_elig > 0.50 & married <= 0.50 & medical_deductions <= 3.50 & unc_rawben_rel_max <= 1.95","ranger",38092,0.9267,0.92448,19591,18181,0.928,0.8179,0.7813,81.415,0.0772,0.9846,1
"1","expedited_i <   1 & months_since_cert_n >=  31 & utilities >= 583","xgboost",575,0.94261,0.92448,192,183,0.9531,0.0082,0.0059,0.798,0.0772,0.9846,1
"1","medical_deductions < 314 & months_since_cert_n <  13","xgboost",37061,0.92674,0.92448,19000,17630,0.9279,0.7931,0.7625,78.959,0.0772,0.9846,1
"1","elderly_disabled_i >=   1.000 & rawben_rel_max >=   0.992 & shelter_expenses_by_hh_size >= 596.000","xgboost",4296,0.9311,0.92447,2315,2156,0.9313,0.097,0.1083,9.621,0.0772,0.9846,1
"1","expedited_i <=   0.5 & total_deductions_by_hh_size >   7.8 & total_deductions_by_hh_size <= 187.0","ranger",5401,0.93038,0.92447,2795,2584,0.9245,0.1162,0.0995,11.615,0.0772,0.9846,1
"1","rawben_rel_max >=   0.736 & utilities < 789.000","xgboost",21619,0.92742,0.92447,10605,9830,0.9269,0.4422,0.4952,44.072,0.0772,0.9846,1
"1","cat_elig >  0.500 & medical_deductions <=  3.500 & shelter_expenses_by_hh_size > 14.500 & unc_rawben_rel_max >  0.991","ranger",8281,0.92924,0.92446,4276,3973,0.9291,0.1787,0.2227,17.77,0.0772,0.9846,1
"1","children_i <   1 & medical_deductions < 139 & months_since_cert_n <  35","xgboost",43498,0.92655,0.92446,22597,20960,0.9276,0.943,0.8902,93.908,0.0772,0.9846,1
"1","count_divisible_by_100 <= 1.5 & homeless <= 0.5 & months_since_cert_n <= 1.5","ranger",6610,0.9298,0.92446,3362,3140,0.934,0.1413,0.1224,13.972,0.0772,0.9846,1
"1","expedited_i >    0.5 & months_since_cert_n <=    5.5 & shelter_expenses_by_hh_size <= 1710.0 & total_deductions_by_hh_size >  169.0","ranger",1479,0.93577,0.92446,679,633,0.9323,0.0285,0.0366,2.822,0.0772,0.9846,1
"1","months_since_cert_n >=   1 & utilities >= 886","xgboost",2104,0.93394,0.92446,1703,1596,0.9372,0.0718,0.0634,7.077,0.0772,0.9846,1
"1","cat_elig >   0.500 & children_i <=   0.500 & rawben_rel_max >   0.991 & total_deductions_by_hh_size > 184.000","ranger",7856,0.92935,0.92445,4081,3786,0.9277,0.1703,0.2178,16.96,0.0772,0.9846,1
"1","cat_elig > 0.5 & months_since_cert_n <= 5.5","ranger",20048,0.92752,0.92445,10113,9418,0.9313,0.4237,0.3859,42.027,0.0772,0.9846,1
"1","elderly_disabled_i <   1 & months_since_cert_n <  11 & utilities >= 601","xgboost",1364,0.93622,0.92445,790,726,0.919,0.0327,0.0414,3.283,0.0772,0.9846,1
"1","cat_elig <= 0.500 & children_i <= 0.500 & rawben_rel_max <= 0.993","ranger",2343,0.93342,0.92444,1188,1121,0.9436,0.0504,0.0257,4.937,0.0772,0.9846,1
"1","cat_elig <= 0.500 & homeless <= 0.500 & rawben_rel_max <= 0.869","ranger",2174,0.93376,0.92444,1101,1037,0.9419,0.0467,0.0242,4.575,0.0772,0.9846,1
"1","medical_deductions < 114.000 & unc_rawben_rel_max >=  -0.744","xgboost",43257,0.92653,0.92444,22254,20673,0.929,0.93,0.8732,92.482,0.0772,0.9846,1
"1","cat_elig <  2.00 & unc_rawben_rel_max >= -1.17","xgboost",32869,0.92683,0.92443,22944,21179,0.9231,0.9528,0.9611,95.35,0.0772,0.9846,1
"1","cat_elig >=   1 & total_deductions_by_hh_size >= 474 & utilities >= 757","xgboost",4819,0.93069,0.92443,2972,2747,0.9243,0.1236,0.1308,12.351,0.0772,0.9846,1
"1","elderly_disabled_i >   0.5 & shelter_expenses_by_hh_size >   5.5 & total_deductions_by_hh_size <= 509.0","ranger",16946,0.92777,0.92443,8490,7897,0.9302,0.3553,0.2579,35.282,0.0772,0.9846,1
"1","children_i <= 0.5 & homeless <= 0.5 & months_since_cert_n <= 6.5","ranger",21995,0.92735,0.92442,11183,10407,0.9306,0.4682,0.418,46.474,0.0772,0.9846,1
"1","months_since_cert_n <   9.00 & unc_rawben_rel_max >=  -0.56 & utilities < 852.00","xgboost",27901,0.92703,0.92442,13965,12983,0.9297,0.5841,0.5386,58.035,0.0772,0.9846,1
"1","elderly_disabled_i <   1.00 & total_deductions_by_hh_size < 379.00 & unc_rawben_rel_max >=   1.27 & utilities >=  76.00","xgboost",217,0.95392,0.9244,101,97,0.9604,0.0044,0.0039,0.42,0.0772,0.9846,1
"1","elderly_disabled_i >  0.5 & expedited_i >  0.5 & total_deductions_by_hh_size <= 96.5","ranger",514,0.94358,0.9244,260,253,0.9731,0.0114,0.0046,1.08,0.0772,0.9846,1
"1","children_i <   1 & months_since_cert_n <  14 & utilities < 852","xgboost",35012,0.92671,0.92439,17727,16435,0.9271,0.7394,0.707,73.669,0.0772,0.9846,1
"1","elderly_disabled_i > 0.500 & months_since_cert_n <= 6.500 & rawben_rel_max > 0.991","ranger",2482,0.93312,0.92439,1273,1184,0.9301,0.0533,0.0633,5.29,0.0772,0.9846,1
"1","months_since_cert_n >=  20.000 & months_since_cert_n <  34.000 & total_deductions_by_hh_size < 982.000 & unc_rawben_rel_max <   0.691","xgboost",2538,0.93302,0.92439,1179,1089,0.9237,0.049,0.0357,4.9,0.0772,0.9846,1
"1","rawben_rel_max >=    0.668 & shelter_expenses_by_hh_size < 1480.000 & utilities <  488.000","xgboost",17071,0.92771,0.92439,8769,8164,0.931,0.3673,0.3811,36.442,0.0772,0.9846,1
"1","shelter_expenses_by_hh_size >  48.50000 & total_deductions_by_hh_size <= 233.00000 & unc_rawben_rel_max >  -0.00915","ranger",7028,0.92957,0.92438,3694,3423,0.9266,0.154,0.1232,15.351,0.0772,0.9846,1
"1","cat_elig <    2.00 & unc_rawben_rel_max >=   -1.17 & utilities < 1010.00","xgboost",32624,0.92677,0.92436,22122,20404,0.9223,0.9179,0.9343,91.934,0.0772,0.9846,1
"1","expedited_i <=   0.5 & shelter_expenses_by_hh_size >  14.5 & utilities > 690.0","ranger",6259,0.92986,0.92436,3342,3082,0.9222,0.1387,0.1462,13.889,0.0772,0.9846,1
"1","months_since_cert_n >=   15.00 & shelter_expenses_by_hh_size >= 1070.00 & total_deductions_by_hh_size >=  692.00 & unc_rawben_rel_max >=    1.01","xgboost",885,0.93898,0.92436,521,496,0.952,0.0223,0.0183,2.165,0.0772,0.9846,1
"1","percent_abawd <   1.000 & rawben_rel_max >=   0.811 & utilities >= 459.000","xgboost",7792,0.92929,0.92436,4016,3721,0.9265,0.1674,0.1813,16.69,0.0772,0.9846,1
"1","children_i >= 1.00 & married >= 1.00 & rawben_rel_max >= 1.00 & unc_rawben_rel_max < 1.81","xgboost",96,0.96875,0.92435,37,37,1,0.0017,0,0.154,0.0772,0.9846,1
"1","count_divisible_by_100 > 0.500 & percent_abawd > 0.750 & rawben_rel_max > 0.971 & utilities <= 8.000","ranger",96,0.96875,0.92435,50,50,1,0.0022,0,0.208,0.0772,0.9846,1
"1","medical_deductions <   6.00 & rawben_rel_max <   0.54 & utilities >= 424.00","xgboost",4978,0.93049,0.92433,2352,2166,0.9209,0.0974,0.0873,9.774,0.0772,0.9846,1
"1","medical_deductions <  183 & months_since_cert_n >=    1 & shelter_expenses_by_hh_size < 1400","xgboost",40377,0.92649,0.92433,20550,19096,0.9292,0.8591,0.7749,85.401,0.0772,0.9846,1
"1","medical_deductions <  200 & total_deductions_by_hh_size < 1010","xgboost",44307,0.9264,0.92433,22545,20921,0.928,0.9412,0.8705,93.692,0.0772,0.9846,1
"1","percent_abawd <    0.50 & shelter_expenses_by_hh_size < 1430.00 & unc_rawben_rel_max <    1.99","xgboost",39264,0.92652,0.92433,19689,18255,0.9272,0.8213,0.7363,81.823,0.0772,0.9846,1
"1","percent_abawd > 0.500 & rawben_rel_max > 0.991 & shelter_expenses_by_hh_size > 5.500 & unc_rawben_rel_max <= 1.950","ranger",1462,0.9357,0.92433,713,671,0.9411,0.0302,0.0338,2.963,0.0772,0.9846,1
"1","shelter_expenses_by_hh_size < 1640.000 & total_deductions_by_hh_size <  848.000 & unc_rawben_rel_max >=   -0.304","xgboost",40513,0.92647,0.92431,20499,19029,0.9283,0.8561,0.7647,85.189,0.0772,0.9846,1
"1","percent_abawd <   0.5 & utilities >= 724.0","xgboost",5911,0.92996,0.9243,3291,3040,0.9237,0.1368,0.1407,13.677,0.0772,0.9846,1
"1","rawben_rel_max <   0.492 & shelter_expenses_by_hh_size >= 567.000 & shelter_expenses_by_hh_size < 782.000","xgboost",3010,0.93223,0.92429,1497,1398,0.9339,0.0629,0.0469,6.221,0.0772,0.9846,1
"1","rawben_rel_max >=   0.848 & unc_rawben_rel_max >=   0.271 & unc_rawben_rel_max <   1.610 & utilities >= 313.000","xgboost",7607,0.92928,0.92429,4113,3814,0.9273,0.1716,0.1723,17.093,0.0772,0.9846,1
"1","cat_elig <   1.00 & shelter_expenses_by_hh_size < 531.00 & unc_rawben_rel_max >=   1.29","xgboost",233,0.95279,0.92428,97,86,0.8866,0.0039,0.008,0.403,0.0772,0.9846,1
"1","cat_elig < 2","xgboost",33044,0.92667,0.92428,23047,21270,0.9229,0.9569,0.9717,95.778,0.0772,0.9846,1
"1","rawben_rel_max <  0.1 & total_deductions_by_hh_size < 92.0 & utilities >= 30.0 & utilities < 56.0","xgboost",233,0.95279,0.92428,114,109,0.9561,0.0049,0.0026,0.474,0.0772,0.9846,1
"1","expedited_i <=   0.5 & utilities > 684.0","ranger",6443,0.92969,0.92427,3342,3082,0.9222,0.1387,0.1462,13.889,0.0772,0.9846,1
"1","months_since_cert_n >= 16.000 & rawben_rel_max <  0.766 & unc_rawben_rel_max >=  0.000 & utilities < 44.000","xgboost",663,0.94118,0.92427,362,331,0.9144,0.0149,0.014,1.504,0.0772,0.9846,1
"1","elderly_disabled_i >   0.5 & shelter_expenses_by_hh_size >  13.0 & utilities > 696.0","ranger",5770,0.92998,0.92425,3030,2802,0.9248,0.1261,0.1246,12.592,0.0772,0.9846,1
"1","months_since_cert_n >=  12 & total_deductions_by_hh_size < 600 & utilities >= 361 & utilities < 784","xgboost",3495,0.93162,0.92425,1704,1588,0.9319,0.0714,0.0494,7.081,0.0772,0.9846,1
"1","cat_elig < 2.00 & expedited_i >= 1.00 & months_since_cert_n >= 6.00 & unc_rawben_rel_max >= 1.02","xgboost",971,0.93821,0.92424,776,721,0.9291,0.0324,0.0459,3.225,0.0772,0.9846,1
"1","count_divisible_by_100 >= 1.000 & rawben_rel_max >= 0.955","xgboost",869,0.93901,0.92424,498,463,0.9297,0.0208,0.0261,2.07,0.0772,0.9846,1
"1","expedited_i <   1.00 & unc_rawben_rel_max >=   1.21 & utilities < 341.00","xgboost",3146,0.93198,0.92422,376,327,0.8697,0.0147,0.0372,1.563,0.0772,0.9846,1
"1","elderly_disabled_i <= 0.500 & expedited_i > 0.500 & rawben_rel_max > 0.967 & rawben_rel_max <= 0.998","ranger",33,1,0.92421,12,11,0.9167,5e-04,0.001,0.05,0.0772,0.9846,1
"1","months_since_cert_n >   6.500 & rawben_rel_max >   0.991 & rawben_rel_max <=   0.995 & shelter_expenses_by_hh_size > 474.000","ranger",33,1,0.92421,19,17,0.8947,8e-04,8e-04,0.079,0.0772,0.9846,1
"1","shelter_expenses_by_hh_size <= 324.0 & total_deductions_by_hh_size >   0.1 & total_deductions_by_hh_size <=   2.8","ranger",33,1,0.92421,12,12,1,5e-04,0,0.05,0.0772,0.9846,1
"1","children_i <   1 & utilities < 431","xgboost",27590,0.92682,0.9242,13947,12968,0.9298,0.5834,0.545,57.96,0.0772,0.9846,1
"1","months_since_cert_n <   1.000 & rawben_rel_max <   0.428 & shelter_expenses_by_hh_size < 483.000 & unc_rawben_rel_max <   1.200","xgboost",344,0.94767,0.9242,139,131,0.9424,0.0059,0.0063,0.578,0.0772,0.9846,1
"1","months_since_cert_n >=   2 & shelter_expenses_by_hh_size < 418 & utilities >= 361","xgboost",692,0.94075,0.9242,393,370,0.9415,0.0166,0.0131,1.633,0.0772,0.9846,1
"1","cat_elig <   2 & utilities < 992","xgboost",32630,0.9266,0.92419,21979,20269,0.9222,0.9119,0.9306,91.339,0.0772,0.9846,1
"1","children_i <= 0.5 & elderly_disabled_i <= 0.5 & expedited_i <= 0.5 & homeless <= 0.5","ranger",7897,0.92909,0.92419,4272,3987,0.9333,0.1794,0.1918,17.753,0.0772,0.9846,1
"1","medical_deductions <  157.000 & rawben_rel_max >=    0.636 & total_deductions_by_hh_size < 1560.000 & unc_rawben_rel_max >=   -0.347","xgboost",26777,0.92684,0.92418,13885,12894,0.9286,0.5801,0.5997,57.703,0.0772,0.9846,1
"1","months_since_cert_n <   2.00 & unc_rawben_rel_max <   1.93 & utilities >= 503.00","xgboost",1502,0.93542,0.92418,915,845,0.9235,0.038,0.0364,3.803,0.0772,0.9846,1
"1","homeless <=   0.5 & months_since_cert_n >   5.5 & total_deductions_by_hh_size >   8.9 & total_deductions_by_hh_size <= 291.0","ranger",5119,0.93026,0.92417,2661,2470,0.9282,0.1111,0.0863,11.058,0.0772,0.9846,1
"1","medical_deductions < 129.000 & months_since_cert_n <  14.000 & rawben_rel_max >=   0.364","xgboost",27567,0.9268,0.92417,14424,13387,0.9281,0.6023,0.5953,59.943,0.0772,0.9846,1
"1","count_divisible_by_100 <    2 & medical_deductions <   19 & utilities < 1010","xgboost",42442,0.92628,0.92416,21451,19912,0.9283,0.8958,0.8545,89.145,0.0772,0.9846,1
"1","medical_deductions <   4.0000 & rawben_rel_max >=   0.0893 & total_deductions_by_hh_size < 903.0000 & unc_rawben_rel_max >=   0.0000","xgboost",36314,0.92645,0.92416,18706,17374,0.9288,0.7816,0.7156,77.738,0.0772,0.9846,1
"1","homeless <= 0.500 & months_since_cert_n > 6.500 & percent_abawd > 0.750 & rawben_rel_max > 0.998","ranger",721,0.94036,0.92414,410,378,0.922,0.017,0.0282,1.704,0.0772,0.9846,1
"1","medical_deductions < 164 & months_since_cert_n >=   2 & months_since_cert_n <  11","xgboost",26347,0.92682,0.92414,13515,12530,0.9271,0.5637,0.5458,56.165,0.0772,0.9846,1
"1","months_since_cert_n <  16.000 & percent_abawd >=   1.000 & rawben_rel_max >=   0.736 & utilities >= 487.000","xgboost",721,0.94036,0.92414,362,338,0.9337,0.0152,0.0192,1.504,0.0772,0.9846,1
"1","homeless <=   0.5 & months_since_cert_n >   5.5 & total_deductions_by_hh_size >   2.8 & total_deductions_by_hh_size <= 298.0","ranger",5335,0.93008,0.92412,2757,2557,0.9275,0.115,0.0902,11.457,0.0772,0.9846,1
"1","medical_deductions >  0.50000 & rawben_rel_max <=  0.26600 & unc_rawben_rel_max > -0.00172","ranger",706,0.94051,0.92412,318,301,0.9465,0.0135,0.0075,1.322,0.0772,0.9846,1
"1","months_since_cert_n >=   6.000 & rawben_rel_max >=   0.801 & total_deductions_by_hh_size < 600.000","xgboost",4868,0.93036,0.92412,2361,2195,0.9297,0.0987,0.1191,9.812,0.0772,0.9846,1
"1","percent_abawd <=  0.250 & rawben_rel_max <=  0.941 & shelter_expenses_by_hh_size <= 16.500","ranger",1742,0.93456,0.92412,855,802,0.938,0.0361,0.0323,3.553,0.0772,0.9846,1
"1","percent_abawd <=  0.750 & rawben_rel_max <=  0.943 & shelter_expenses_by_hh_size <= 14.000","ranger",1742,0.93456,0.92412,854,801,0.9379,0.036,0.0323,3.549,0.0772,0.9846,1
"1","children_i < 1.00 & unc_rawben_rel_max < 1.99","xgboost",45785,0.92613,0.9241,23400,21690,0.9269,0.9758,0.913,97.245,0.0772,0.9846,1
"1","shelter_expenses_by_hh_size >= 1070 & total_deductions_by_hh_size >=  538 & total_deductions_by_hh_size <  650 & utilities >=  580","xgboost",542,0.9428,0.92409,391,354,0.9054,0.0159,0.0243,1.625,0.0772,0.9846,1
"1","cat_elig > 0.5 & expedited_i > 0.5 & homeless <= 0.5","ranger",4632,0.93048,0.92408,2336,2175,0.9311,0.0978,0.1132,9.708,0.0772,0.9846,1
"1","count_divisible_by_100 <    2 & months_since_cert_n <   16 & shelter_expenses_by_hh_size < 1970","xgboost",38976,0.92629,0.92408,20014,18559,0.9273,0.8349,0.797,83.173,0.0772,0.9846,1
"1","medical_deductions <   19 & utilities < 1010","xgboost",42529,0.92619,0.92408,21501,19952,0.928,0.8976,0.8614,89.353,0.0772,0.9846,1
"1","months_since_cert_n <=   5.500 & rawben_rel_max >   0.991 & total_deductions_by_hh_size >   8.800 & utilities <= 452.000","ranger",2444,0.9329,0.92408,1255,1179,0.9394,0.053,0.0568,5.215,0.0772,0.9846,1
"1","total_deductions_by_hh_size >=    9.000 & total_deductions_by_hh_size < 1560.000 & unc_rawben_rel_max >=   -0.004 & utilities >=  703.000","xgboost",6331,0.92955,0.92408,3403,3150,0.9257,0.1417,0.1375,14.142,0.0772,0.9846,1
"1","cat_elig >   0.500 & medical_deductions <= 776.000 & rawben_rel_max >   0.991 & shelter_expenses_by_hh_size >  14.500","ranger",8646,0.92875,0.92407,4437,4116,0.9277,0.1852,0.2385,18.439,0.0772,0.9846,1
"1","months_since_cert_n >= 10 & months_since_cert_n < 15 & utilities < 80","xgboost",1882,0.93411,0.92407,1066,997,0.9353,0.0449,0.0439,4.43,0.0772,0.9846,1
"1","months_since_cert_n >= 16.000 & rawben_rel_max <  0.766 & unc_rawben_rel_max <  0.000 & utilities < 44.000","xgboost",183,0.95628,0.92407,91,88,0.967,0.004,0.0022,0.378,0.0772,0.9846,1
"1","cat_elig >=   2 & medical_deductions <   4 & total_deductions_by_hh_size < 729","xgboost",10545,0.92831,0.92406,874,828,0.9474,0.0373,0.0226,3.632,0.0772,0.9846,1
"1","months_since_cert_n >=  3.0 & months_since_cert_n < 14.0 & unc_rawben_rel_max <  1.7","xgboost",24657,0.92684,0.92406,12780,11841,0.9265,0.5327,0.4985,53.111,0.0772,0.9846,1
"1","percent_abawd <   0.5 & total_deductions_by_hh_size < 855.0","xgboost",37871,0.9263,0.92406,18886,17508,0.927,0.7877,0.7049,78.486,0.0772,0.9846,1
"1","rawben_rel_max <   0.492 & shelter_expenses_by_hh_size >= 782.000 & total_deductions_by_hh_size < 764.000","xgboost",3721,0.9312,0.92406,1828,1710,0.9354,0.0769,0.0552,7.597,0.0772,0.9846,1
"1","cat_elig <  1.000 & months_since_cert_n < 11.000 & total_deductions_by_hh_size >=  9.000 & unc_rawben_rel_max >= -0.056","xgboost",1938,0.93395,0.92405,966,913,0.9451,0.0411,0.0238,4.014,0.0772,0.9846,1
"1","cat_elig < 2.000 & homeless < 1.000 & rawben_rel_max < 0.644","xgboost",13869,0.92775,0.92405,9204,8492,0.9226,0.382,0.3176,38.25,0.0772,0.9846,1
"1","cat_elig <= 0.50 & months_since_cert_n <= 0.50 & shelter_expenses_by_hh_size > 5.50 & unc_rawben_rel_max <= 3.69","ranger",216,0.9537,0.92405,105,95,0.9048,0.0043,0.0044,0.436,0.0772,0.9846,1
"1","count_divisible_by_100 <   1.00 & total_deductions_by_hh_size < 546.00 & unc_rawben_rel_max >=   1.67 & utilities >= 376.00","xgboost",312,0.94872,0.92405,102,95,0.9314,0.0043,0.0063,0.424,0.0772,0.9846,1
"1","months_since_cert_n >=   9.00 & total_deductions_by_hh_size < 603.00 & unc_rawben_rel_max >=  -1.17 & utilities < 281.00","xgboost",4465,0.93057,0.92405,2295,2140,0.9325,0.0963,0.0878,9.537,0.0772,0.9846,1
"1","months_since_cert_n >=  22.000 & months_since_cert_n <  36.000 & rawben_rel_max <   0.928 & total_deductions_by_hh_size < 418.000","xgboost",1613,0.9349,0.92405,744,692,0.9301,0.0311,0.0202,3.092,0.0772,0.9846,1
"1","months_since_cert_n >=  32.000 & rawben_rel_max <   0.672 & total_deductions_by_hh_size < 997.000","xgboost",451,0.94457,0.92405,176,166,0.9432,0.0075,0.0041,0.731,0.0772,0.9846,1
"1","cat_elig <  2 & months_since_cert_n < 32","xgboost",32326,0.92647,0.92404,22673,20921,0.9227,0.9412,0.9574,94.223,0.0772,0.9846,1
"1","cat_elig > 0.50 & medical_deductions <= 0.50 & percent_abawd <= 1.50 & unc_rawben_rel_max <= 1.97","ranger",38299,0.92626,0.92404,19660,18243,0.9279,0.8207,0.7878,81.702,0.0772,0.9846,1
"1","total_deductions_by_hh_size < 848.0 & unc_rawben_rel_max <   1.9 & utilities >= 436.0","xgboost",14083,0.92771,0.92404,7313,6770,0.9257,0.3046,0.2657,30.391,0.0772,0.9846,1
"1","cat_elig >=   1 & medical_deductions < 565 & months_since_cert_n <   2","xgboost",6477,0.92944,0.92403,3277,3055,0.9323,0.1374,0.1254,13.618,0.0772,0.9846,1
"1","homeless < 1 & percent_abawd >= 1","xgboost",4175,0.93078,0.92403,2189,2045,0.9342,0.092,0.1004,9.097,0.0772,0.9846,1
"1","married <=   0.5 & shelter_expenses_by_hh_size >   5.5 & total_deductions_by_hh_size >   2.5 & total_deductions_by_hh_size <= 184.0","ranger",5205,0.93007,0.92403,2658,2449,0.9214,0.1102,0.1014,11.046,0.0772,0.9846,1
"1","shelter_expenses_by_hh_size >=  54 & shelter_expenses_by_hh_size < 496 & total_deductions_by_hh_size < 527 & utilities < 844","xgboost",7309,0.92913,0.92403,3602,3337,0.9264,0.1501,0.1347,14.969,0.0772,0.9846,1
"1","cat_elig >   0.5 & married <=   0.5 & medical_deductions <= 100.0 & months_since_cert_n <=  13.5","ranger",31407,0.92648,0.92402,16287,15092,0.9266,0.679,0.6793,67.685,0.0772,0.9846,1
"1","cat_elig >=   2.0 & months_since_cert_n <   7.0 & unc_rawben_rel_max >=   1.2 & utilities >= 956.0","xgboost",149,0.95973,0.92402,6,6,1,3e-04,0,0.025,0.0772,0.9846,1
"1","cat_elig >  0.500 & shelter_expenses_by_hh_size > 16.500 & unc_rawben_rel_max >  0.991","ranger",8653,0.9287,0.92401,4444,4122,0.9275,0.1854,0.2388,18.468,0.0772,0.9846,1
"1","expedited_i <=    0.500 & total_deductions_by_hh_size >   59.900 & total_deductions_by_hh_size <= 1920.000 & unc_rawben_rel_max >    0.991","ranger",6994,0.92923,0.92401,3622,3372,0.931,0.1517,0.1811,15.052,0.0772,0.9846,1
"1","cat_elig <=  1.500 & months_since_cert_n > 10.500 & rawben_rel_max >  0.194 & shelter_expenses_by_hh_size <=  5.000","ranger",749,0.93992,0.92399,541,512,0.9464,0.023,0.0208,2.248,0.0772,0.9846,1
"1","count_divisible_by_100 <=  1.500 & percent_abawd <=  0.500 & rawben_rel_max <=  0.943 & shelter_expenses_by_hh_size <= 14.500","ranger",1739,0.93445,0.92399,849,798,0.9399,0.0359,0.0308,3.528,0.0772,0.9846,1
"1","medical_deductions < 170.000 & months_since_cert_n <  34.000 & unc_rawben_rel_max >=   0.648","xgboost",26523,0.92667,0.92399,13724,12743,0.9285,0.5733,0.6007,57.034,0.0772,0.9846,1
"1","months_since_cert_n <   16 & shelter_expenses_by_hh_size < 1970","xgboost",39060,0.92619,0.92398,20061,18598,0.9271,0.8367,0.8014,83.369,0.0772,0.9846,1
"1","months_since_cert_n >=   9.00 & total_deductions_by_hh_size < 603.00 & unc_rawben_rel_max >=  -1.17","xgboost",11723,0.928,0.92398,5839,5403,0.9253,0.2431,0.2139,24.265,0.0772,0.9846,1
"1","children_i <=   0.5 & medical_deductions <=   1.5 & total_deductions_by_hh_size <= 497.0 & utilities >   5.0","ranger",14340,0.92762,0.92397,7191,6688,0.9301,0.3009,0.2355,29.884,0.0772,0.9846,1
"1","elderly_disabled_i <=  0.500 & expedited_i <=  0.500 & rawben_rel_max >  0.821 & utilities > 14.500","ranger",2997,0.93193,0.92397,1509,1410,0.9344,0.0634,0.077,6.271,0.0772,0.9846,1
"1","shelter_expenses_by_hh_size < 1440 & total_deductions_by_hh_size < 1380","xgboost",44458,0.92604,0.92397,22551,20929,0.9281,0.9416,0.8645,93.716,0.0772,0.9846,1
"1","months_since_cert_n < 34.0 & unc_rawben_rel_max <  1.9","xgboost",45140,0.92601,0.92396,23452,21726,0.9264,0.9774,0.9246,97.461,0.0772,0.9846,1
"1","rawben_rel_max <=  0.991 & total_deductions_by_hh_size >  7.600 & unc_rawben_rel_max > -2.540 & unc_rawben_rel_max <=  0.408","ranger",9583,0.92841,0.92396,4641,4284,0.9231,0.1927,0.1731,19.287,0.0772,0.9846,1
"1","children_i <=   0.5 & shelter_expenses_by_hh_size >  48.5 & shelter_expenses_by_hh_size <= 616.0","ranger",11435,0.92803,0.92395,5593,5179,0.926,0.233,0.211,23.243,0.0772,0.9846,1
"1","months_since_cert_n <= 10.500 & percent_abawd <=  0.500 & rawben_rel_max <=  0.943 & shelter_expenses_by_hh_size <=  5.500","ranger",1298,0.93606,0.92395,655,615,0.9389,0.0277,0.0258,2.722,0.0772,0.9846,1
"1","cat_elig > 0.50 & medical_deductions <= 0.50 & unc_rawben_rel_max <= 1.97","ranger",38344,0.92617,0.92394,19700,18280,0.9279,0.8224,0.7898,81.868,0.0772,0.9846,1
"1","cat_elig > 0.500 & rawben_rel_max > 0.991 & shelter_expenses_by_hh_size > 5.500","ranger",8659,0.92863,0.92394,4446,4124,0.9276,0.1855,0.2388,18.476,0.0772,0.9846,1
"1","homeless <   1.000 & months_since_cert_n >=   1.000 & rawben_rel_max <   0.787 & shelter_expenses_by_hh_size < 507.000","xgboost",7122,0.92909,0.92393,3498,3254,0.9302,0.1464,0.1117,14.537,0.0772,0.9846,1
"1","shelter_expenses_by_hh_size >= 848 & utilities >= 680 & utilities < 912","xgboost",4924,0.93014,0.92392,1693,1542,0.9108,0.0694,0.0828,7.036,0.0772,0.9846,1
"1","total_deductions_by_hh_size >=  10 & total_deductions_by_hh_size < 603 & utilities >= 361","xgboost",12928,0.92775,0.92392,6210,5767,0.9287,0.2594,0.1982,25.807,0.0772,0.9846,1
"1","count_divisible_by_100 <= 1.50 & married <= 0.50 & unc_rawben_rel_max <= 1.95","ranger",46098,0.92594,0.92391,23547,21820,0.9267,0.9816,0.9242,97.856,0.0772,0.9846,1
"1","elderly_disabled_i >=   1 & homeless <   1 & total_deductions_by_hh_size < 587","xgboost",20923,0.92692,0.92391,10395,9674,0.9306,0.4352,0.3209,43.199,0.0772,0.9846,1
"1","expedited_i <    1 & medical_deductions <  242 & months_since_cert_n <   12 & shelter_expenses_by_hh_size < 1110","xgboost",24902,0.92667,0.92391,12630,11766,0.9316,0.5293,0.4451,52.487,0.0772,0.9846,1
"1","cat_elig <=   1.50 & unc_rawben_rel_max <=   1.96 & utilities > 428.00","ranger",13680,0.92763,0.9239,9528,8766,0.92,0.3944,0.3899,39.596,0.0772,0.9846,1
"1","children_i <=   0.500 & rawben_rel_max >   0.268 & utilities > 684.000","ranger",6207,0.92943,0.9239,3298,3053,0.9257,0.1373,0.1366,13.706,0.0772,0.9846,1
"1","elderly_disabled_i <=  0.50 & months_since_cert_n >  5.50 & percent_abawd >  0.25 & utilities <= 14.50","ranger",865,0.93873,0.9239,498,468,0.9398,0.0211,0.0257,2.07,0.0772,0.9846,1
"1","rawben_rel_max <=   0.99100 & total_deductions_by_hh_size <= 499.00000 & unc_rawben_rel_max >  -0.00915 & unc_rawben_rel_max <=   0.47700","ranger",9277,0.92843,0.9239,4719,4375,0.9271,0.1968,0.1545,19.611,0.0772,0.9846,1
"1","total_deductions_by_hh_size >   2.8 & total_deductions_by_hh_size <= 182.0","ranger",5920,0.92956,0.92389,3031,2801,0.9241,0.126,0.1138,12.596,0.0772,0.9846,1
"1","elderly_disabled_i >   0.500 & rawben_rel_max >   0.266 & total_deductions_by_hh_size <= 290.000 & utilities <=  30.500","ranger",2535,0.93254,0.92388,1447,1366,0.944,0.0615,0.0422,6.013,0.0772,0.9846,1
"1","expedited_i >=   1.00 & medical_deductions < 429.00 & total_deductions_by_hh_size >= 327.00 & unc_rawben_rel_max >=   1.27","xgboost",1425,0.93544,0.92388,714,654,0.916,0.0294,0.0498,2.967,0.0772,0.9846,1
"1","married <    1 & months_since_cert_n <   35 & shelter_expenses_by_hh_size < 1460","xgboost",44162,0.92595,0.92388,22452,20823,0.9274,0.9368,0.8682,93.305,0.0772,0.9846,1
"1","utilities >= 392 & utilities < 412","xgboost",450,0.94444,0.92388,922,867,0.9403,0.039,0.0221,3.832,0.0772,0.9846,1
"1","medical_deductions <  144.000 & months_since_cert_n <   25.000 & shelter_expenses_by_hh_size < 1110.000 & unc_rawben_rel_max >=   -0.004","xgboost",32954,0.92626,0.92386,16945,15753,0.9297,0.7087,0.6263,70.419,0.0772,0.9846,1
"1","cat_elig < 2.000 & count_divisible_by_100 < 1.000 & unc_rawben_rel_max < 0.653","xgboost",14019,0.92753,0.92384,9319,8595,0.9223,0.3867,0.3247,38.728,0.0772,0.9846,1
"1","cat_elig <=  0.500 & months_since_cert_n <=  6.500 & rawben_rel_max <=  0.168 & total_deductions_by_hh_size > 66.700","ranger",199,0.95477,0.92384,77,77,1,0.0035,0,0.32,0.0772,0.9846,1
"1","cat_elig > 0.50 & married <= 0.50 & percent_abawd > 0.75 & unc_rawben_rel_max <= 1.97","ranger",4425,0.9304,0.92384,2384,2233,0.9367,0.1005,0.1091,9.907,0.0772,0.9846,1
"1","children_i <= 0.5 & homeless <= 0.5 & married <= 0.5 & medical_deductions <= 0.5","ranger",38211,0.92607,0.92384,19842,18408,0.9277,0.8281,0.7863,82.459,0.0772,0.9846,1
"1","count_divisible_by_100 >   0.500 & total_deductions_by_hh_size > 184.000 & unc_rawben_rel_max >   0.906 & utilities <= 318.000","ranger",199,0.95477,0.92384,121,113,0.9339,0.0051,0.005,0.503,0.0772,0.9846,1
"1","expedited_i <=   0.500 & rawben_rel_max <=   0.993 & shelter_expenses_by_hh_size <= 556.000","ranger",9460,0.92833,0.92384,4595,4276,0.9306,0.1924,0.1482,19.096,0.0772,0.9846,1
"1","homeless <=   0.5 & total_deductions_by_hh_size <= 494.0 & utilities >   5.0","ranger",15351,0.92737,0.92384,7589,7052,0.9292,0.3173,0.2421,31.538,0.0772,0.9846,1
"1","medical_deductions <    4 & months_since_cert_n >=    9 & shelter_expenses_by_hh_size < 1190 & utilities >=  494","xgboost",3903,0.93082,0.92384,2006,1861,0.9277,0.0837,0.0752,8.336,0.0772,0.9846,1
"1","cat_elig <   2 & children_i <   1 & medical_deductions < 167 & utilities < 688","xgboost",27550,0.92646,0.92383,18823,17419,0.9254,0.7837,0.7564,78.224,0.0772,0.9846,1
"1","cat_elig <=   0.5 & homeless >   0.5 & months_since_cert_n <=   0.5 & total_deductions_by_hh_size <= 197.0","ranger",56,0.98214,0.92383,35,34,0.9714,0.0015,3e-04,0.145,0.0772,0.9846,1
"1","elderly_disabled_i >   0.500 & rawben_rel_max <=   0.996 & total_deductions_by_hh_size <= 836.000 & unc_rawben_rel_max >   0.991","ranger",56,0.98214,0.92383,28,26,0.9286,0.0012,9e-04,0.116,0.0772,0.9846,1
"1","homeless >  0.500 & months_since_cert_n > 15.500 & rawben_rel_max <=  0.991 & total_deductions_by_hh_size <= 56.000","ranger",56,0.98214,0.92383,17,16,0.9412,7e-04,2e-04,0.071,0.0772,0.9846,1
"1","count_divisible_by_100 <    1 & shelter_expenses_by_hh_size < 1670 & total_deductions_by_hh_size < 1140","xgboost",43597,0.92591,0.92382,22124,20528,0.9279,0.9235,0.8468,91.942,0.0772,0.9846,1
"1","count_divisible_by_100 <    1.00 & shelter_expenses_by_hh_size < 1530.00 & total_deductions_by_hh_size < 1380.00 & unc_rawben_rel_max >=   -1.17","xgboost",43305,0.92592,0.92382,21961,20386,0.9283,0.9171,0.8345,91.265,0.0772,0.9846,1
"1","shelter_expenses_by_hh_size < 1180.00 & unc_rawben_rel_max >=   -1.17 & utilities <  735.00","xgboost",37751,0.92607,0.92382,19112,17779,0.9303,0.7998,0.7018,79.425,0.0772,0.9846,1
"1","cat_elig <   2 & months_since_cert_n >=   9 & months_since_cert_n <  10 & utilities >= 493","xgboost",540,0.94259,0.92381,421,386,0.9169,0.0174,0.0195,1.75,0.0772,0.9846,1
"1","homeless <=   0.50 & total_deductions_by_hh_size >   2.80 & total_deductions_by_hh_size <= 242.00 & unc_rawben_rel_max <=   1.93","ranger",7505,0.92885,0.92381,3886,3614,0.93,0.1626,0.1288,16.149,0.0772,0.9846,1
"1","children_i < 1.00 & married < 1.00 & unc_rawben_rel_max < 1.29","xgboost",40736,0.92596,0.9238,20865,19336,0.9267,0.8699,0.7662,86.71,0.0772,0.9846,1
"1","elderly_disabled_i >   0.5 & shelter_expenses_by_hh_size >  49.5 & total_deductions_by_hh_size >   2.5 & total_deductions_by_hh_size <= 328.0","ranger",8777,0.92845,0.92379,4444,4133,0.93,0.1859,0.1355,18.468,0.0772,0.9846,1
"1","cat_elig >  0.500 & percent_abawd <=  0.750 & rawben_rel_max >  0.991 & shelter_expenses_by_hh_size > 16.000","ranger",7285,0.92889,0.92378,3783,3504,0.9262,0.1576,0.2039,15.721,0.0772,0.9846,1
"1","homeless <   1 & months_since_cert_n >=   3 & percent_abawd <   1 & shelter_expenses_by_hh_size < 916","xgboost",20096,0.92685,0.92377,10004,9258,0.9254,0.4165,0.3723,41.574,0.0772,0.9846,1
"1","months_since_cert_n <  11 & utilities >= 643","xgboost",4996,0.92994,0.92377,2640,2435,0.9223,0.1095,0.1153,10.971,0.0772,0.9846,1
"1","expedited_i <= 0.50 & medical_deductions <= 3.50 & unc_rawben_rel_max <= 1.93","ranger",35561,0.92607,0.92376,18410,17088,0.9282,0.7688,0.7024,76.508,0.0772,0.9846,1
"1","homeless <=   0.5 & shelter_expenses_by_hh_size >  13.0 & total_deductions_by_hh_size <= 489.0 & utilities <= 696.0","ranger",17816,0.92703,0.92376,8959,8352,0.9322,0.3757,0.2785,37.231,0.0772,0.9846,1
"1","cat_elig <=    0.500 & shelter_expenses_by_hh_size <= 1230.000 & unc_rawben_rel_max <=    0.991","ranger",2224,0.933,0.92375,1130,1063,0.9407,0.0478,0.026,4.696,0.0772,0.9846,1
"1","homeless <   1 & shelter_expenses_by_hh_size < 600 & utilities >= 318","xgboost",4954,0.92996,0.92375,2552,2341,0.9173,0.1053,0.1102,10.605,0.0772,0.9846,1
"1","cat_elig <=    0.5 & shelter_expenses_by_hh_size >  420.0 & total_deductions_by_hh_size <= 2090.0 & utilities >   52.0","ranger",1944,0.93364,0.92374,999,944,0.9449,0.0425,0.0241,4.152,0.0772,0.9846,1
"1","children_i <= 0.500 & rawben_rel_max <= 0.991 & total_deductions_by_hh_size > 7.500 & unc_rawben_rel_max <= 0.408","ranger",9569,0.92821,0.92374,4616,4267,0.9244,0.192,0.1686,19.183,0.0772,0.9846,1
"1","elderly_disabled_i >   0.5 & medical_deductions <=   0.5 & shelter_expenses_by_hh_size > 616.0 & utilities > 444.0","ranger",11376,0.92783,0.92374,5871,5422,0.9235,0.2439,0.2321,24.398,0.0772,0.9846,1
"1","medical_deductions <  360 & months_since_cert_n <   24 & total_deductions_by_hh_size < 1120","xgboost",42687,0.92586,0.92374,21923,20333,0.9275,0.9147,0.856,91.107,0.0772,0.9846,1
"1","medical_deductions < 140.000 & rawben_rel_max >=   0.533 & total_deductions_by_hh_size < 903.000","xgboost",26768,0.9264,0.92374,13842,12859,0.929,0.5785,0.5637,57.524,0.0772,0.9846,1
"1","unc_rawben_rel_max >=   0 & utilities < 388","xgboost",22573,0.92664,0.92373,11401,10581,0.9281,0.476,0.4621,47.38,0.0772,0.9846,1
"1","months_since_cert_n <   9 & total_deductions_by_hh_size < 815 & utilities >= 503","xgboost",5252,0.92974,0.92372,2962,2741,0.9254,0.1233,0.1161,12.309,0.0772,0.9846,1
"1","shelter_expenses_by_hh_size >= 693 & total_deductions_by_hh_size < 441 & utilities < 912","xgboost",4253,0.9304,0.92371,2133,2003,0.9391,0.0901,0.0525,8.864,0.0772,0.9846,1
"1","cat_elig >  0.5 & shelter_expenses_by_hh_size > 14.5 & unc_rawben_rel_max >  1.0","ranger",8509,0.92843,0.92369,4361,4047,0.928,0.1821,0.2347,18.123,0.0772,0.9846,1
"1","rawben_rel_max >   0.0887 & total_deductions_by_hh_size >   2.8000 & total_deductions_by_hh_size <= 377.0000 & utilities > 360.0000","ranger",4745,0.93003,0.92369,2581,2405,0.9318,0.1082,0.0719,10.726,0.0772,0.9846,1
"1","shelter_expenses_by_hh_size > 618.000 & unc_rawben_rel_max <=   0.273 & utilities <= 428.000","ranger",1478,0.93505,0.92369,729,692,0.9492,0.0311,0.0247,3.03,0.0772,0.9846,1
"1","medical_deductions <= 650.00 & unc_rawben_rel_max <=   1.97","ranger",46452,0.92571,0.92368,23697,21956,0.9265,0.9878,0.9335,98.479,0.0772,0.9846,1
"1","months_since_cert_n <  22 & shelter_expenses_by_hh_size < 585 & utilities >= 318","xgboost",4224,0.9304,0.92368,2204,2032,0.922,0.0914,0.0942,9.159,0.0772,0.9846,1
"1","cat_elig <   2 & months_since_cert_n >=   5 & total_deductions_by_hh_size >= 848 & utilities >= 992","xgboost",182,0.95604,0.92367,464,438,0.944,0.0197,0.0161,1.928,0.0772,0.9846,1
"1","children_i <= 0.500 & count_divisible_by_100 > 0.500 & months_since_cert_n > 5.500 & rawben_rel_max > 0.991","ranger",279,0.94982,0.92367,179,164,0.9162,0.0074,0.0118,0.744,0.0772,0.9846,1
"1","count_divisible_by_100 <    2.00 & total_deductions_by_hh_size < 1560.00 & unc_rawben_rel_max <    1.99 & utilities <  585.00","xgboost",36745,0.92595,0.92367,18401,17083,0.9284,0.7685,0.7093,76.47,0.0772,0.9846,1
"1","cat_elig <   1.00 & rawben_rel_max <   0.24 & total_deductions_by_hh_size < 597.00 & utilities >= 298.00","xgboost",357,0.94678,0.92366,246,240,0.9756,0.0108,0.0021,1.022,0.0772,0.9846,1
"1","count_divisible_by_100 <=  0.500 & homeless <=  0.500 & rawben_rel_max >  0.991 & shelter_expenses_by_hh_size > 14.500","ranger",8181,0.92849,0.92366,4152,3850,0.9273,0.1732,0.2224,17.255,0.0772,0.9846,1
"1","months_since_cert_n >=  29 & utilities >= 369","xgboost",1093,0.93687,0.92366,463,431,0.9309,0.0194,0.0175,1.924,0.0772,0.9846,1
"1","percent_abawd <= 0.250 & rawben_rel_max > 0.085 & rawben_rel_max <= 0.383","ranger",7246,0.92879,0.92366,3643,3380,0.9278,0.1521,0.1091,15.139,0.0772,0.9846,1
"1","medical_deductions <  170.000 & months_since_cert_n <   34.000 & unc_rawben_rel_max >=    0.648 & utilities < 1010.000","xgboost",25960,0.92635,0.92364,13101,12149,0.9273,0.5466,0.5817,54.445,0.0772,0.9846,1
"1","months_since_cert_n <  30.0000 & rawben_rel_max >=   0.0893 & total_deductions_by_hh_size < 769.0000 & utilities < 430.0000","xgboost",23200,0.92651,0.92364,12001,11173,0.931,0.5027,0.4507,49.873,0.0772,0.9846,1
"1","shelter_expenses_by_hh_size < 1530.00 & total_deductions_by_hh_size < 1380.00 & unc_rawben_rel_max >=   -1.17","xgboost",44977,0.9257,0.92364,22842,21189,0.9276,0.9533,0.8799,94.926,0.0772,0.9846,1
"1","medical_deductions < 170.000 & unc_rawben_rel_max >=   0.648","xgboost",26782,0.92629,0.92362,13833,12845,0.9286,0.5779,0.6063,57.487,0.0772,0.9846,1
"1","months_since_cert_n >=  12.000 & rawben_rel_max >=   0.116 & shelter_expenses_by_hh_size < 557.000 & unc_rawben_rel_max >=  -0.004","xgboost",2679,0.93206,0.92362,1353,1233,0.9113,0.0555,0.064,5.623,0.0772,0.9846,1
"1","elderly_disabled_i >= 1.000 & rawben_rel_max < 0.811 & unc_rawben_rel_max < 0.691","xgboost",19248,0.92675,0.9236,9614,8921,0.9279,0.4013,0.2887,39.953,0.0772,0.9846,1
"1","medical_deductions < 216.000 & total_deductions_by_hh_size < 715.000 & unc_rawben_rel_max >=  -0.016","xgboost",35421,0.92592,0.9236,18066,16761,0.9278,0.754,0.6897,75.078,0.0772,0.9846,1
"1","cat_elig <=    0.5 & shelter_expenses_by_hh_size >    5.5 & shelter_expenses_by_hh_size <= 1030.0 & utilities <=  490.0","ranger",2108,0.93311,0.92359,1109,1040,0.9378,0.0468,0.0304,4.609,0.0772,0.9846,1
"1","medical_deductions < 137.000 & rawben_rel_max <   0.572","xgboost",16276,0.92701,0.92358,8295,7696,0.9278,0.3462,0.2787,34.472,0.0772,0.9846,1
"1","medical_deductions > 210.000 & rawben_rel_max >   0.991 & utilities >   9.500","ranger",95,0.96842,0.92358,37,34,0.9189,0.0015,0.0024,0.154,0.0772,0.9846,1
"1","children_i <   1.000 & medical_deductions < 114.000 & rawben_rel_max <   0.608","xgboost",16485,0.92696,0.92356,8340,7740,0.9281,0.3482,0.2776,34.659,0.0772,0.9846,1
"1","medical_deductions < 403 & shelter_expenses_by_hh_size < 916 & utilities >= 436","xgboost",7737,0.92853,0.92356,3666,3381,0.9223,0.1521,0.1346,15.235,0.0772,0.9846,1
"1","percent_abawd >  0.75 & total_deductions_by_hh_size > 14.50 & total_deductions_by_hh_size <= 56.50","ranger",165,0.95758,0.92355,92,91,0.9891,0.0041,6e-04,0.382,0.0772,0.9846,1
"1","rawben_rel_max >=   0.712 & unc_rawben_rel_max >=   0.684 & utilities >= 530.000","xgboost",7912,0.92846,0.92355,4470,4132,0.9244,0.1859,0.2011,18.576,0.0772,0.9846,1
"1","cat_elig >=   1 & cat_elig <   2 & medical_deductions < 565 & months_since_cert_n <   2","xgboost",4079,0.93038,0.92353,3095,2878,0.9299,0.1295,0.1227,12.862,0.0772,0.9846,1
"1","count_divisible_by_100 >=   1.00 & medical_deductions < 185.00 & unc_rawben_rel_max >=   1.04 & utilities < 503.00","xgboost",538,0.94238,0.92353,291,274,0.9416,0.0123,0.0136,1.209,0.0772,0.9846,1
"1","months_since_cert_n <= 11.50 & percent_abawd >  0.75 & total_deductions_by_hh_size > 56.50 & unc_rawben_rel_max >  1.08","ranger",1305,0.93563,0.92353,658,614,0.9331,0.0276,0.0354,2.734,0.0772,0.9846,1
"1","cat_elig >  0.5 & homeless <=  0.5 & medical_deductions <= 99.5 & months_since_cert_n <=  5.5","ranger",16676,0.9269,0.92352,8489,7923,0.9333,0.3564,0.3168,35.278,0.0772,0.9846,1
"1","count_divisible_by_100 <= 1.50 & unc_rawben_rel_max <= 1.96","ranger",46408,0.92555,0.92352,23664,21927,0.9266,0.9865,0.932,98.342,0.0772,0.9846,1
"1","percent_abawd <   0.5 & utilities < 388.0","xgboost",21191,0.92653,0.92352,10422,9652,0.9261,0.4342,0.427,43.311,0.0772,0.9846,1
"1","rawben_rel_max <   0.188 & shelter_expenses_by_hh_size >= 714.000 & utilities < 462.000","xgboost",1048,0.93702,0.92352,538,515,0.9572,0.0232,0.0162,2.236,0.0772,0.9846,1
"1","rawben_rel_max >=   0.08 & shelter_expenses_by_hh_size >= 697.00 & total_deductions_by_hh_size < 393.00 & utilities >=  57.00","xgboost",2078,0.93311,0.92352,1361,1286,0.9449,0.0579,0.0315,5.656,0.0772,0.9846,1
"1","shelter_expenses_by_hh_size < 1440 & total_deductions_by_hh_size < 1380 & utilities <  912","xgboost",43250,0.92562,0.92352,21324,19762,0.9267,0.8891,0.8288,88.617,0.0772,0.9846,1
"1","months_since_cert_n <   35 & shelter_expenses_by_hh_size < 1460","xgboost",44439,0.92558,0.92351,22563,20926,0.9274,0.9414,0.8752,93.766,0.0772,0.9846,1
"1","shelter_expenses_by_hh_size >= 440.00 & total_deductions_by_hh_size >=  69.00 & unc_rawben_rel_max <   0.43","xgboost",7867,0.92844,0.92351,3747,3487,0.9306,0.1569,0.1246,15.572,0.0772,0.9846,1
"1","cat_elig < 2.00 & rawben_rel_max >= 0.08","xgboost",32335,0.92593,0.9235,23020,21247,0.923,0.9559,0.9697,95.666,0.0772,0.9846,1
"1","rawben_rel_max <   0.804 & shelter_expenses_by_hh_size < 430.000 & unc_rawben_rel_max >=  -0.904 & utilities < 341.000","xgboost",5250,0.92952,0.92349,2478,2324,0.9379,0.1046,0.0766,10.298,0.0772,0.9846,1
"1","rawben_rel_max >   0.085 & rawben_rel_max <=   0.394 & shelter_expenses_by_hh_size <= 994.000","ranger",6594,0.92887,0.92349,3288,3049,0.9273,0.1372,0.1015,13.664,0.0772,0.9846,1
"1","medical_deductions < 175.000 & rawben_rel_max >=   0.992 & total_deductions_by_hh_size >= 597.000","xgboost",6580,0.92888,0.92348,3528,3282,0.9303,0.1477,0.1773,14.662,0.0772,0.9846,1
"1","months_since_cert_n >= 27.000 & rawben_rel_max <  0.436 & utilities >= 30.000","xgboost",597,0.94137,0.92348,249,239,0.9598,0.0108,0.0032,1.035,0.0772,0.9846,1
"1","cat_elig <= 0.500 & medical_deductions > 3.500 & unc_rawben_rel_max <= 0.266","ranger",198,0.95455,0.92347,89,87,0.9775,0.0039,6e-04,0.37,0.0772,0.9846,1
"1","rawben_rel_max >=   0.988 & utilities >= 361.000","xgboost",7701,0.92845,0.92347,4024,3747,0.9312,0.1686,0.1932,16.723,0.0772,0.9846,1
"1","cat_elig <=  1.500 & elderly_disabled_i >  0.500 & rawben_rel_max <=  0.991 & utilities <= 29.500","ranger",3390,0.93097,0.92346,2190,2037,0.9301,0.0916,0.0779,9.101,0.0772,0.9846,1
"1","cat_elig <= 0.50 & count_divisible_by_100 <= 0.50 & unc_rawben_rel_max <= 1.02","ranger",2313,0.93256,0.92346,1182,1116,0.9442,0.0502,0.026,4.912,0.0772,0.9846,1
"1","homeless <=  0.5 & medical_deductions <=  0.5 & months_since_cert_n >  1.5 & months_since_cert_n <= 10.5","ranger",22173,0.9264,0.92346,11552,10706,0.9268,0.4816,0.4748,48.007,0.0772,0.9846,1
"1","cat_elig <   2 & medical_deductions <   9 & utilities >= 388","xgboost",13840,0.92717,0.92345,9913,9141,0.9221,0.4112,0.4149,41.196,0.0772,0.9846,1
"1","cat_elig < 2.000 & rawben_rel_max >= 0.080 & rawben_rel_max < 0.625","xgboost",13211,0.92726,0.92345,9251,8537,0.9228,0.3841,0.3238,38.445,0.0772,0.9846,1
"1","children_i <=   0.5 & shelter_expenses_by_hh_size >   5.5 & shelter_expenses_by_hh_size <= 694.0 & utilities >  76.5","ranger",8994,0.92806,0.92345,4340,3995,0.9205,0.1797,0.1704,18.036,0.0772,0.9846,1
"1","medical_deductions < 101 & percent_abawd <   1","xgboost",38561,0.92568,0.92345,19649,18213,0.9269,0.8194,0.7741,81.656,0.0772,0.9846,1
"1","cat_elig <=   0.5 & children_i <=   0.5 & homeless <=   0.5 & shelter_expenses_by_hh_size > 378.0","ranger",2215,0.93273,0.92344,1125,1062,0.944,0.0478,0.0273,4.675,0.0772,0.9846,1
"1","cat_elig <= 0.500 & married <= 0.500 & rawben_rel_max <= 0.991","ranger",2368,0.93243,0.92344,1199,1129,0.9416,0.0508,0.0277,4.983,0.0772,0.9846,1
"1","expedited_i <= 0.500 & rawben_rel_max > 0.991 & total_deductions_by_hh_size > 8.900","ranger",7442,0.92851,0.92344,3855,3592,0.9318,0.1616,0.1917,16.02,0.0772,0.9846,1
"1","cat_elig <= 1.5 & elderly_disabled_i <= 0.5 & months_since_cert_n <= 5.5 & total_deductions_by_hh_size > 7.8","ranger",3141,0.93123,0.92343,2418,2240,0.9264,0.1008,0.1127,10.049,0.0772,0.9846,1
"1","cat_elig >   1.500 & total_deductions_by_hh_size > 168.000 & unc_rawben_rel_max <=   0.273","ranger",1628,0.93428,0.92343,88,84,0.9545,0.0038,0.0026,0.366,0.0772,0.9846,1
"1","medical_deductions < 123.00 & rawben_rel_max >=   0.08 & utilities < 505.00","xgboost",30500,0.92593,0.92343,15663,14574,0.9305,0.6557,0.6069,65.092,0.0772,0.9846,1
"1","months_since_cert_n < 4.00 & percent_abawd < 1.00 & unc_rawben_rel_max < 1.25","xgboost",11290,0.92755,0.92343,5573,5190,0.9313,0.2335,0.193,23.16,0.0772,0.9846,1
"1","months_since_cert_n < 32.000 & rawben_rel_max >=  0.080 & rawben_rel_max <  0.357 & utilities >= 56.000","xgboost",5938,0.9291,0.92342,3698,3467,0.9375,0.156,0.1127,15.368,0.0772,0.9846,1
"1","expedited_i >=   1.0000 & rawben_rel_max >=   0.0928 & shelter_expenses_by_hh_size >= 880.0000 & utilities >= 612.0000","xgboost",552,0.94203,0.92341,320,300,0.9375,0.0135,0.0117,1.33,0.0772,0.9846,1
"1","rawben_rel_max <   0.324 & total_deductions_by_hh_size >= 202.000 & utilities < 643.000","xgboost",3319,0.931,0.92341,1621,1509,0.9309,0.0679,0.0661,6.736,0.0772,0.9846,1
"1","cat_elig <= 1.500 & months_since_cert_n <= 5.500 & rawben_rel_max <= 0.947 & shelter_expenses_by_hh_size <= 5.500","ranger",670,0.9403,0.9234,459,425,0.9259,0.0191,0.0218,1.907,0.0772,0.9846,1
"1","count_divisible_by_100 <   1.000 & medical_deductions < 101.000 & percent_abawd <   1.000 & unc_rawben_rel_max >=  -0.495","xgboost",36431,0.9257,0.9234,18570,17214,0.927,0.7744,0.722,77.172,0.0772,0.9846,1
"1","homeless >=   1.000 & months_since_cert_n <  11.000 & rawben_rel_max <   0.364 & total_deductions_by_hh_size < 597.000","xgboost",278,0.94964,0.9234,134,122,0.9104,0.0055,0.0092,0.557,0.0772,0.9846,1
"1","medical_deductions < 150.000 & rawben_rel_max <   0.712 & shelter_expenses_by_hh_size >= 528.000 & total_deductions_by_hh_size < 459.000","xgboost",8342,0.92819,0.9234,4229,3953,0.9347,0.1778,0.1138,17.575,0.0772,0.9846,1
"1","total_deductions_by_hh_size < 535 & utilities >= 334","xgboost",11485,0.92747,0.92339,6220,5768,0.9273,0.2595,0.2041,25.849,0.0772,0.9846,1
"1","count_divisible_by_100 > 0.500 & months_since_cert_n <= 5.500 & rawben_rel_max > 0.995 & unc_rawben_rel_max > 0.993","ranger",522,0.94253,0.92338,287,272,0.9477,0.0122,0.0113,1.193,0.0772,0.9846,1
"1","rawben_rel_max >=   0.620 & unc_rawben_rel_max >=  -0.004 & utilities >= 912.000","xgboost",1458,0.93484,0.92338,1452,1378,0.949,0.062,0.0478,6.034,0.0772,0.9846,1
"1","homeless <   1 & utilities >= 680","xgboost",7177,0.92852,0.92336,3655,3377,0.9239,0.1519,0.1542,15.189,0.0772,0.9846,1
"1","months_since_cert_n >=   22.000 & rawben_rel_max <    0.777 & shelter_expenses_by_hh_size < 1110.000 & utilities <   74.000","xgboost",477,0.9434,0.92336,239,220,0.9205,0.0099,0.0087,0.993,0.0772,0.9846,1
"1","months_since_cert_n >=   7.000 & rawben_rel_max <   0.254 & utilities >= 318.000 & utilities < 385.000","xgboost",655,0.94046,0.92336,375,346,0.9227,0.0156,0.0161,1.558,0.0772,0.9846,1
"1","children_i <   1 & medical_deductions < 599 & utilities >= 789","xgboost",4546,0.92983,0.92334,3172,2933,0.9247,0.132,0.1375,13.182,0.0772,0.9846,1
"1","medical_deductions >=   3.000 & medical_deductions < 137.000 & rawben_rel_max <   0.572 & utilities < 281.000","xgboost",262,0.95038,0.92334,147,138,0.9388,0.0062,0.0042,0.611,0.0772,0.9846,1
"1","months_since_cert_n <   23.00 & total_deductions_by_hh_size < 1060.00 & unc_rawben_rel_max <    2.52","xgboost",42000,0.92548,0.92334,21550,19985,0.9274,0.8991,0.8414,89.557,0.0772,0.9846,1
"1","months_since_cert_n <  6.0 & shelter_expenses_by_hh_size < 44.0 & total_deductions_by_hh_size >= 18.4 & total_deductions_by_hh_size < 43.0","xgboost",262,0.95038,0.92334,135,134,0.9926,0.006,5e-04,0.561,0.0772,0.9846,1
"1","cat_elig <= 0.5 & medical_deductions <= 0.5 & total_deductions_by_hh_size > 8.9","ranger",2073,0.93295,0.92333,1064,1005,0.9445,0.0452,0.0281,4.422,0.0772,0.9846,1
"1","medical_deductions < 114 & months_since_cert_n >=   1","xgboost",40699,0.9255,0.92333,20971,19464,0.9281,0.8757,0.8347,87.15,0.0772,0.9846,1
"1","medical_deductions < 177.0 & percent_abawd <   0.5 & utilities >= 789.0","xgboost",4136,0.93013,0.92332,2832,2631,0.929,0.1184,0.116,11.769,0.0772,0.9846,1
"1","months_since_cert_n <=  20.500 & rawben_rel_max <=   0.991 & total_deductions_by_hh_size <= 340.000 & utilities <=  12.500","ranger",3890,0.93033,0.92332,2004,1885,0.9406,0.0848,0.0598,8.328,0.0772,0.9846,1
"1","cat_elig <= 0.50 & percent_abawd <= 0.50 & unc_rawben_rel_max <= 1.02","ranger",2350,0.93234,0.92331,1184,1114,0.9409,0.0501,0.0281,4.92,0.0772,0.9846,1
"1","homeless <=  0.5 & married <=  0.5 & months_since_cert_n > 26.5 & total_deductions_by_hh_size <=  2.8","ranger",246,0.95122,0.92331,117,115,0.9829,0.0052,0.002,0.486,0.0772,0.9846,1
"1","medical_deductions < 150.0000 & percent_abawd <   0.5000 & rawben_rel_max >=   0.0928 & total_deductions_by_hh_size < 705.0000","xgboost",29032,0.92587,0.92331,14656,13564,0.9255,0.6102,0.5542,60.907,0.0772,0.9846,1
"1","rawben_rel_max >=   0.0893 & unc_rawben_rel_max >=   0.0000 & utilities < 385.0000","xgboost",21743,0.92628,0.92331,11136,10324,0.9271,0.4645,0.4578,46.279,0.0772,0.9846,1
"1","shelter_expenses_by_hh_size >=  723.00 & shelter_expenses_by_hh_size < 1750.00 & unc_rawben_rel_max <    2.22 & utilities >=  483.00","xgboost",12196,0.92727,0.92331,6078,5620,0.9246,0.2528,0.2332,25.259,0.0772,0.9846,1
"1","cat_elig >   0.500 & medical_deductions <= 168.000 & rawben_rel_max >   0.991 & shelter_expenses_by_hh_size >   5.500","ranger",8519,0.92804,0.9233,4385,4073,0.9288,0.1832,0.2301,18.223,0.0772,0.9846,1
"1","months_since_cert_n <  22 & shelter_expenses_by_hh_size >= 387 & shelter_expenses_by_hh_size < 585 & utilities >= 318","xgboost",3465,0.93074,0.9233,1816,1687,0.929,0.0759,0.0699,7.547,0.0772,0.9846,1
"1","homeless < 1.00 & months_since_cert_n < 5.00 & rawben_rel_max >= 0.08","xgboost",16293,0.92672,0.92329,8662,8087,0.9336,0.3638,0.3122,35.997,0.0772,0.9846,1
"1","homeless <=   0.500 & shelter_expenses_by_hh_size <=   5.500 & total_deductions_by_hh_size <= 151.000 & unc_rawben_rel_max <=   0.943","ranger",1329,0.93529,0.92328,652,619,0.9494,0.0278,0.0186,2.71,0.0772,0.9846,1
"1","homeless >  0.500 & married <=  0.500 & rawben_rel_max >  0.991 & total_deductions_by_hh_size > 28.900","ranger",551,0.94192,0.92327,254,243,0.9567,0.0109,0.009,1.056,0.0772,0.9846,1
"1","rawben_rel_max >=   0.084 & utilities >= 735.000","xgboost",5574,0.92914,0.92327,3050,2813,0.9223,0.1266,0.1338,12.675,0.0772,0.9846,1
"1","cat_elig >=   3.000 & medical_deductions < 212.000 & rawben_rel_max >=   0.725","xgboost",181,0.9558,0.92325,0,0,NA,0,0,0,0.0772,0.9846,1
"1","expedited_i <=  0.5 & homeless <=  0.5 & months_since_cert_n > 35.5","ranger",181,0.9558,0.92325,98,92,0.9388,0.0041,0.004,0.407,0.0772,0.9846,1
"1","married <  1.000 & months_since_cert_n < 34.000 & rawben_rel_max >=  0.672","xgboost",26134,0.92596,0.92325,13614,12612,0.9264,0.5674,0.6197,56.576,0.0772,0.9846,1
"1","married <=   0.5 & total_deductions_by_hh_size >   7.8 & total_deductions_by_hh_size <= 184.0","ranger",5830,0.92899,0.92325,2993,2764,0.9235,0.1243,0.1134,12.438,0.0772,0.9846,1
"1","months_since_cert_n >=  11.000 & rawben_rel_max >=   0.652 & shelter_expenses_by_hh_size < 322.000 & unc_rawben_rel_max <   1.240","xgboost",944,0.9375,0.92325,496,474,0.9556,0.0213,0.0177,2.061,0.0772,0.9846,1
"1","married <    1.00 & total_deductions_by_hh_size < 1200.00 & unc_rawben_rel_max <    2.52","xgboost",45721,0.92529,0.92324,23336,21606,0.9259,0.972,0.9272,96.979,0.0772,0.9846,1
"1","months_since_cert_n >=   4 & months_since_cert_n <  14 & total_deductions_by_hh_size < 879","xgboost",20422,0.9263,0.92324,10567,9764,0.924,0.4393,0.4406,43.914,0.0772,0.9846,1
"1","medical_deductions < 110.000 & months_since_cert_n >=  13.000 & rawben_rel_max <   0.361 & total_deductions_by_hh_size >=  92.000","xgboost",1158,0.9361,0.92323,551,521,0.9456,0.0234,0.0189,2.29,0.0772,0.9846,1
"1","rawben_rel_max <    0.344 & total_deductions_by_hh_size < 1010.000 & utilities >=  703.000","xgboost",785,0.93885,0.92322,335,309,0.9224,0.0139,0.0141,1.392,0.0772,0.9846,1
"1","shelter_expenses_by_hh_size < 2090 & total_deductions_by_hh_size < 1100","xgboost",45406,0.92527,0.92322,23085,21397,0.9269,0.9626,0.902,95.936,0.0772,0.9846,1
"1","elderly_disabled_i <   1 & shelter_expenses_by_hh_size < 549 & total_deductions_by_hh_size >= 418","xgboost",683,0.93997,0.92321,286,268,0.9371,0.0121,0.0145,1.189,0.0772,0.9846,1
"1","elderly_disabled_i <   1.00 & months_since_cert_n >=   3.00 & unc_rawben_rel_max <   1.21 & utilities < 534.00","xgboost",4511,0.92973,0.92321,3379,3193,0.945,0.1436,0.1279,14.042,0.0772,0.9846,1
"1","months_since_cert_n <   24 & total_deductions_by_hh_size < 1120","xgboost",42852,0.92532,0.92321,21991,20388,0.9271,0.9172,0.8634,91.389,0.0772,0.9846,1
"1","months_since_cert_n >=  11 & shelter_expenses_by_hh_size >= 281 & total_deductions_by_hh_size < 466 & utilities < 493","xgboost",4021,0.93012,0.92321,2021,1860,0.9203,0.0837,0.0707,8.399,0.0772,0.9846,1
"1","cat_elig <  2.000 & medical_deductions <  4.000 & months_since_cert_n >= 10.000 & rawben_rel_max <  0.801","xgboost",5853,0.92893,0.9232,3841,3531,0.9193,0.1589,0.1363,15.962,0.0772,0.9846,1
"1","children_i <=   0.5 & shelter_expenses_by_hh_size >  22.0 & total_deductions_by_hh_size <= 513.0 & utilities >   8.0","ranger",16234,0.92664,0.9232,8056,7482,0.9287,0.3366,0.2615,33.479,0.0772,0.9846,1
"1","count_divisible_by_100 <    1 & medical_deductions <  403 & shelter_expenses_by_hh_size < 2090 & utilities <  559","xgboost",33835,0.92558,0.9232,17097,15881,0.9289,0.7145,0.6603,71.051,0.0772,0.9846,1
"1","medical_deductions <  157 & total_deductions_by_hh_size < 1560 & utilities <  992","xgboost",44314,0.92528,0.9232,22211,20572,0.9262,0.9255,0.8842,92.304,0.0772,0.9846,1
"1","cat_elig < 2.000 & medical_deductions < 4.000 & months_since_cert_n >= 4.000 & rawben_rel_max >= 0.801","xgboost",9124,0.92777,0.92319,6647,6132,0.9225,0.2759,0.3466,27.623,0.0772,0.9846,1
"1","elderly_disabled_i >   0.5 & medical_deductions <= 144.0 & shelter_expenses_by_hh_size <= 854.0 & utilities <= 808.0","ranger",17682,0.92648,0.92318,8826,8183,0.9271,0.3681,0.3015,36.679,0.0772,0.9846,1
"1","shelter_expenses_by_hh_size < 1800.00 & unc_rawben_rel_max <    2.52","xgboost",46251,0.92521,0.92318,23523,21794,0.9265,0.9805,0.9268,97.756,0.0772,0.9846,1
"1","cat_elig <= 0.500 & percent_abawd <= 0.500 & rawben_rel_max <= 0.991","ranger",2317,0.93224,0.92314,1167,1098,0.9409,0.0494,0.0274,4.85,0.0772,0.9846,1
"1","expedited_i <=  0.50 & medical_deductions <= 92.50 & unc_rawben_rel_max <=  1.94","ranger",36016,0.92545,0.92314,18629,17283,0.9277,0.7775,0.7114,77.418,0.0772,0.9846,1
"1","months_since_cert_n <   7 & shelter_expenses_by_hh_size >= 493 & shelter_expenses_by_hh_size < 676 & utilities >= 424","xgboost",1270,0.93543,0.92314,596,555,0.9312,0.025,0.0236,2.477,0.0772,0.9846,1
"1","rawben_rel_max >=   0.278 & shelter_expenses_by_hh_size < 959.000","xgboost",26746,0.92582,0.92314,13615,12662,0.93,0.5696,0.5074,56.581,0.0772,0.9846,1
"1","shelter_expenses_by_hh_size < 1670.000 & total_deductions_by_hh_size <  743.000 & unc_rawben_rel_max >=   -0.056","xgboost",36439,0.92544,0.92314,18542,17202,0.9277,0.7739,0.6983,77.056,0.0772,0.9846,1
"1","total_deductions_by_hh_size >= 202 & total_deductions_by_hh_size < 511 & utilities >= 392 & utilities < 475","xgboost",2414,0.93206,0.92314,1387,1308,0.943,0.0588,0.0324,5.764,0.0772,0.9846,1
"1","total_deductions_by_hh_size >= 289.000 & total_deductions_by_hh_size < 422.000 & unc_rawben_rel_max <   0.056","xgboost",609,0.94089,0.92313,252,246,0.9762,0.0111,0.0057,1.047,0.0772,0.9846,1
"1","cat_elig >   0.5 & homeless <=   0.5 & total_deductions_by_hh_size >   8.8 & total_deductions_by_hh_size <= 171.0","ranger",4479,0.92967,0.92312,2293,2110,0.9202,0.0949,0.0897,9.529,0.0772,0.9846,1
"1","medical_deductions < 227.000 & rawben_rel_max >=   0.704 & utilities < 735.000","xgboost",21252,0.92612,0.92312,10826,10043,0.9277,0.4518,0.4918,44.99,0.0772,0.9846,1
"1","expedited_i <=   0.500 & percent_abawd <=   0.750 & total_deductions_by_hh_size > 242.000 & unc_rawben_rel_max >   0.991","ranger",5995,0.92877,0.92311,3117,2900,0.9304,0.1305,0.1545,12.953,0.0772,0.9846,1
"1","homeless <=   0.5 & shelter_expenses_by_hh_size >   5.5 & total_deductions_by_hh_size <= 509.0","ranger",19031,0.92628,0.9231,9471,8806,0.9298,0.3962,0.3042,39.359,0.0772,0.9846,1
"1","medical_deductions < 429.00 & percent_abawd >=   0.50 & total_deductions_by_hh_size < 327.00 & unc_rawben_rel_max >=   1.27","xgboost",130,0.96154,0.9231,53,51,0.9623,0.0023,0.0013,0.22,0.0772,0.9846,1
"1","months_since_cert_n < 25.000 & rawben_rel_max >=  0.672","xgboost",25299,0.92585,0.92309,13247,12286,0.9275,0.5527,0.5994,55.051,0.0772,0.9846,1
"1","months_since_cert_n >=    4 & shelter_expenses_by_hh_size < 1030 & utilities <  600","xgboost",21280,0.92608,0.92308,10686,9900,0.9264,0.4454,0.4184,44.408,0.0772,0.9846,1
"1","shelter_expenses_by_hh_size < 1640.00 & unc_rawben_rel_max >=   -1.17","xgboost",45661,0.92512,0.92307,23215,21510,0.9266,0.9677,0.9133,96.476,0.0772,0.9846,1
"1","cat_elig <=   1.5 & months_since_cert_n <=  36.5 & shelter_expenses_by_hh_size <= 608.0 & utilities >   8.0","ranger",6880,0.92834,0.92306,4107,3776,0.9194,0.1699,0.1708,17.068,0.0772,0.9846,1
"1","elderly_disabled_i >  0.5 & homeless >  0.5 & utilities <= 28.5","ranger",445,0.94382,0.92304,210,193,0.919,0.0087,0.0108,0.873,0.0772,0.9846,1
"1","elderly_disabled_i > 0.500 & months_since_cert_n <= 5.500 & percent_abawd <= 1.500 & unc_rawben_rel_max > 0.991","ranger",2162,0.93247,0.92304,1110,1038,0.9351,0.0467,0.0515,4.613,0.0772,0.9846,1
"1","months_since_cert_n <   8.00 & total_deductions_by_hh_size < 997.00 & unc_rawben_rel_max <   1.67 & utilities >= 580.00","xgboost",3508,0.93044,0.92304,1674,1538,0.9188,0.0692,0.0654,6.957,0.0772,0.9846,1
"1","cat_elig <=   0.500 & medical_deductions <= 552.000 & rawben_rel_max <=   0.993","ranger",2369,0.93204,0.92303,1198,1129,0.9424,0.0508,0.0272,4.979,0.0772,0.9846,1
"1","cat_elig <= 0.500 & expedited_i <= 0.500 & rawben_rel_max <= 0.993","ranger",2300,0.93217,0.92303,1163,1096,0.9424,0.0493,0.0265,4.833,0.0772,0.9846,1
"1","rawben_rel_max <   0.688 & shelter_expenses_by_hh_size < 297.000 & utilities < 361.000","xgboost",3248,0.93073,0.92303,1552,1462,0.942,0.0658,0.0491,6.45,0.0772,0.9846,1
"1","cat_elig <=  0.500 & elderly_disabled_i >  0.500 & rawben_rel_max >  0.991 & total_deductions_by_hh_size <= 71.200","ranger",147,0.95918,0.92302,81,78,0.963,0.0035,0.002,0.337,0.0772,0.9846,1
"1","count_divisible_by_100 <=  1.500 & expedited_i <=  0.500 & total_deductions_by_hh_size > 18.700 & unc_rawben_rel_max >  0.991","ranger",7347,0.92813,0.92302,3801,3539,0.9311,0.1592,0.1908,15.796,0.0772,0.9846,1
"1","months_since_cert_n > 36.5","ranger",147,0.95918,0.92302,79,74,0.9367,0.0033,0.0031,0.328,0.0772,0.9846,1
"1","rawben_rel_max <=  0.31200 & shelter_expenses_by_hh_size >  5.50000 & unc_rawben_rel_max > -0.00915","ranger",5934,0.92872,0.92302,2989,2787,0.9324,0.1254,0.0919,12.422,0.0772,0.9846,1
"1","rawben_rel_max >=   0.188 & utilities < 361.000","xgboost",19103,0.92619,0.92302,9688,9020,0.931,0.4058,0.3872,40.261,0.0772,0.9846,1
"1","rawben_rel_max >=   0.0893 & total_deductions_by_hh_size < 769.0000 & utilities < 430.0000","xgboost",23697,0.92586,0.92301,12196,11350,0.9306,0.5106,0.4606,50.684,0.0772,0.9846,1
"1","expedited_i <=  0.500 & total_deductions_by_hh_size > 18.800 & unc_rawben_rel_max >  0.991","ranger",7386,0.92811,0.923,3821,3558,0.9312,0.1601,0.1917,15.879,0.0772,0.9846,1
"1","months_since_cert_n <    1.000 & rawben_rel_max >=    0.848 & shelter_expenses_by_hh_size >= 1150.000 & total_deductions_by_hh_size >=  163.000","xgboost",245,0.95102,0.923,121,109,0.9008,0.0049,0.0098,0.503,0.0772,0.9846,1
"1","shelter_expenses_by_hh_size < 2300 & total_deductions_by_hh_size >=  415 & utilities >=  643","xgboost",7802,0.92797,0.923,4196,3886,0.9261,0.1748,0.172,17.438,0.0772,0.9846,1
"1","total_deductions_by_hh_size < 650.000 & unc_rawben_rel_max >=   0.412 & utilities >= 493.000","xgboost",4742,0.92935,0.92299,2688,2481,0.923,0.1116,0.1057,11.171,0.0772,0.9846,1
"1","months_since_cert_n >=  25 & total_deductions_by_hh_size >= 256 & utilities >= 735","xgboost",869,0.93786,0.92298,362,345,0.953,0.0155,0.0097,1.504,0.0772,0.9846,1
"1","months_since_cert_n >   0.500 & rawben_rel_max >   0.991 & shelter_expenses_by_hh_size >  14.500 & total_deductions_by_hh_size > 513.000","ranger",6751,0.92831,0.92297,3574,3316,0.9278,0.1492,0.1882,14.853,0.0772,0.9846,1
"1","children_i <=   0.5 & months_since_cert_n >   0.5 & shelter_expenses_by_hh_size >  14.5 & total_deductions_by_hh_size <= 513.0","ranger",18319,0.9262,0.92296,9165,8515,0.9291,0.3831,0.2971,38.088,0.0772,0.9846,1
"1","months_since_cert_n >=    1.00 & shelter_expenses_by_hh_size < 1560.00 & total_deductions_by_hh_size < 1120.00 & unc_rawben_rel_max <    2.52","xgboost",41786,0.92509,0.92295,21260,19713,0.9272,0.8869,0.8211,88.351,0.0772,0.9846,1
"1","rawben_rel_max <   0.485 & utilities >= 430.000","xgboost",5524,0.92886,0.92295,2633,2440,0.9267,0.1098,0.0875,10.942,0.0772,0.9846,1
"1","children_i <=   0.5 & total_deductions_by_hh_size <= 513.0 & utilities >   8.0","ranger",16259,0.92638,0.92294,8063,7488,0.9287,0.3369,0.2617,33.508,0.0772,0.9846,1
"1","medical_deductions < 192.000 & unc_rawben_rel_max >=  -0.212 & unc_rawben_rel_max <   1.460","xgboost",39621,0.92514,0.92294,20480,18984,0.927,0.8541,0.7509,85.11,0.0772,0.9846,1
"1","homeless <   1 & medical_deductions < 104 & shelter_expenses_by_hh_size >= 676 & utilities >= 475","xgboost",12003,0.92693,0.92293,5985,5538,0.9253,0.2491,0.2455,24.872,0.0772,0.9846,1
"1","elderly_disabled_i >=    1 & months_since_cert_n <   13 & shelter_expenses_by_hh_size < 1860 & utilities >=  886","xgboost",1224,0.93546,0.92292,905,852,0.9414,0.0383,0.0332,3.761,0.0772,0.9846,1
"1","shelter_expenses_by_hh_size < 1710 & utilities <  452","xgboost",29152,0.92549,0.92292,15115,14040,0.9289,0.6316,0.5923,62.814,0.0772,0.9846,1
"1","rawben_rel_max >=   0.712 & shelter_expenses_by_hh_size >= 726.000 & utilities >= 488.000","xgboost",8007,0.92781,0.92291,4376,4040,0.9232,0.1818,0.2021,18.186,0.0772,0.9846,1
"1","expedited_i <= 0.500 & married <= 0.500 & rawben_rel_max > 0.991 & shelter_expenses_by_hh_size > 5.500","ranger",7108,0.92811,0.9229,3679,3421,0.9299,0.1539,0.1892,15.289,0.0772,0.9846,1
"1","medical_deductions < 16.00 & rawben_rel_max >=  0.08","xgboost",41222,0.92506,0.9229,22194,20609,0.9286,0.9272,0.883,92.233,0.0772,0.9846,1
"1","medical_deductions <  170.000 & months_since_cert_n <   34.000 & unc_rawben_rel_max >=    0.648 & utilities >= 1010.000","xgboost",563,0.94139,0.92289,623,594,0.9535,0.0267,0.019,2.589,0.0772,0.9846,1
"1","rawben_rel_max <    0.476 & shelter_expenses_by_hh_size < 1510.000 & total_deductions_by_hh_size >=   50.000","xgboost",10171,0.92724,0.92289,4890,4542,0.9288,0.2043,0.165,20.322,0.0772,0.9846,1
"1","cat_elig >= 1.00 & homeless >= 1.00 & percent_abawd >= 0.50 & unc_rawben_rel_max < 1.29","xgboost",680,0.93971,0.92288,425,407,0.9576,0.0183,0.0139,1.766,0.0772,0.9846,1
"1","expedited_i <=   0.500 & rawben_rel_max <=   0.991 & shelter_expenses_by_hh_size <= 708.000 & utilities <= 610.000","ranger",13512,0.92666,0.92288,6720,6236,0.928,0.2805,0.2181,27.927,0.0772,0.9846,1
"1","cat_elig <=  1.500 & rawben_rel_max <=  0.942 & shelter_expenses_by_hh_size <= 13.000","ranger",1350,0.93481,0.92287,889,826,0.9291,0.0372,0.0393,3.694,0.0772,0.9846,1
"1","medical_deductions < 101.000 & percent_abawd <   1.000 & unc_rawben_rel_max >=  -0.495","xgboost",37784,0.92513,0.92287,19295,17877,0.9265,0.8043,0.7577,80.185,0.0772,0.9846,1
"1","expedited_i <=   0.500 & married <=   0.500 & rawben_rel_max >   0.991 & total_deductions_by_hh_size > 250.000","ranger",6661,0.92824,0.92286,3463,3215,0.9284,0.1446,0.1805,14.391,0.0772,0.9846,1
"1","expedited_i <=   0.500 & months_since_cert_n >  10.500 & shelter_expenses_by_hh_size <= 346.000 & unc_rawben_rel_max >   0.987","ranger",636,0.94025,0.92285,366,340,0.929,0.0153,0.0207,1.521,0.0772,0.9846,1
"1","medical_deductions < 157 & months_since_cert_n <  31","xgboost",44403,0.92494,0.92285,22910,21216,0.9261,0.9545,0.9227,95.208,0.0772,0.9846,1
"1","cat_elig <= 0.50 & months_since_cert_n > 0.50 & percent_abawd <= 0.25 & shelter_expenses_by_hh_size > 5.50","ranger",2487,0.93164,0.92284,1251,1184,0.9464,0.0533,0.0304,5.199,0.0772,0.9846,1
"1","count_divisible_by_100 >=   1.0 & percent_abawd >=   0.5 & shelter_expenses_by_hh_size < 793.0","xgboost",180,0.95556,0.92284,97,91,0.9381,0.0041,0.0049,0.403,0.0772,0.9846,1
"1","elderly_disabled_i >=   1.000 & rawben_rel_max <   0.777 & utilities < 452.000","xgboost",13159,0.92667,0.92284,6808,6332,0.9301,0.2849,0.1974,28.292,0.0772,0.9846,1
"1","expedited_i <   1.00 & rawben_rel_max <   0.88 & shelter_expenses_by_hh_size < 460.00 & unc_rawben_rel_max <   1.20","xgboost",6767,0.92818,0.92284,3421,3186,0.9313,0.1433,0.1092,14.217,0.0772,0.9846,1
"1","months_since_cert_n >=  36 & shelter_expenses_by_hh_size >= 245","xgboost",180,0.95556,0.92284,94,88,0.9362,0.004,0.004,0.391,0.0772,0.9846,1
"1","rawben_rel_max >   0.087 & rawben_rel_max <=   0.423 & total_deductions_by_hh_size <= 677.000","ranger",7839,0.9278,0.92284,3933,3645,0.9268,0.164,0.1218,16.345,0.0772,0.9846,1
"1","cat_elig <    2.00 & months_since_cert_n >=    7.00 & shelter_expenses_by_hh_size < 1400.00 & unc_rawben_rel_max <    1.52","xgboost",14060,0.92653,0.92283,9338,8613,0.9224,0.3875,0.3623,38.806,0.0772,0.9846,1
"1","medical_deductions <  150.000 & rawben_rel_max <    0.711 & shelter_expenses_by_hh_size < 1040.000 & utilities <  612.000","xgboost",16396,0.92626,0.92283,8091,7521,0.9296,0.3384,0.255,33.624,0.0772,0.9846,1
"1","total_deductions_by_hh_size >   2.50 & total_deductions_by_hh_size <= 184.00 & unc_rawben_rel_max <=   1.94 & utilities >  30.50","ranger",3974,0.92979,0.92283,1970,1813,0.9203,0.0816,0.0758,8.187,0.0772,0.9846,1
"1","cat_elig <=   0.5 & medical_deductions <= 254.0 & shelter_expenses_by_hh_size > 443.0 & utilities > 409.0","ranger",1081,0.93617,0.92282,483,459,0.9503,0.0206,0.0105,2.007,0.0772,0.9846,1
"1","cat_elig >=   2.000 & rawben_rel_max >=   0.787 & utilities >= 886.000","xgboost",694,0.93948,0.92282,21,20,0.9524,9e-04,5e-04,0.087,0.0772,0.9846,1
"1","cat_elig <   3.00 & rawben_rel_max >=   0.46 & shelter_expenses_by_hh_size < 996.00","xgboost",23464,0.92567,0.92281,11845,11020,0.9304,0.4958,0.4581,49.225,0.0772,0.9846,1
"1","elderly_disabled_i >=   1.00 & unc_rawben_rel_max >=   1.01 & unc_rawben_rel_max <   1.58 & utilities < 417.00","xgboost",1559,0.93393,0.92281,833,783,0.94,0.0352,0.0353,3.462,0.0772,0.9846,1
"1","medical_deductions <    4 & rawben_rel_max >=    1 & shelter_expenses_by_hh_size < 1320 & total_deductions_by_hh_size >=  729","xgboost",2183,0.9322,0.92281,1172,1088,0.9283,0.0489,0.0522,4.871,0.0772,0.9846,1
"1","cat_elig <    3.000 & rawben_rel_max >=    0.584 & utilities >= 1010.000","xgboost",621,0.94042,0.9228,673,639,0.9495,0.0287,0.021,2.797,0.0772,0.9846,1
"1","cat_elig >=   2 & count_divisible_by_100 >=   1 & months_since_cert_n <   6 & total_deductions_by_hh_size < 178","xgboost",112,0.96429,0.9228,8,8,1,4e-04,0,0.033,0.0772,0.9846,1
"1","children_i <    1 & count_divisible_by_100 <    1 & total_deductions_by_hh_size < 1140 & utilities <  645","xgboost",36211,0.92511,0.9228,18283,16946,0.9269,0.7624,0.7086,75.98,0.0772,0.9846,1
"1","expedited_i <    1 & months_since_cert_n <    8 & shelter_expenses_by_hh_size < 1160","xgboost",19419,0.92595,0.9228,9763,9109,0.933,0.4098,0.3363,40.573,0.0772,0.9846,1
"1","medical_deductions < 192 & months_since_cert_n >=   1 & utilities >= 789","xgboost",4284,0.92951,0.9228,3000,2774,0.9247,0.1248,0.1308,12.467,0.0772,0.9846,1
"1","months_since_cert_n <  33.000 & total_deductions_by_hh_size < 650.000 & unc_rawben_rel_max >=   0.412 & utilities >= 493.000","xgboost",4636,0.92925,0.9228,2654,2447,0.922,0.1101,0.1057,11.029,0.0772,0.9846,1
"1","rawben_rel_max <   0.44 & total_deductions_by_hh_size >= 397.00 & total_deductions_by_hh_size < 408.00","xgboost",94,0.96809,0.9228,52,48,0.9231,0.0022,0.0026,0.216,0.0772,0.9846,1
"1","shelter_expenses_by_hh_size >= 418 & shelter_expenses_by_hh_size < 500 & utilities >= 329","xgboost",1447,0.93435,0.9228,581,538,0.926,0.0242,0.0211,2.414,0.0772,0.9846,1
"1","expedited_i <=   0.500 & shelter_expenses_by_hh_size <= 346.000 & unc_rawben_rel_max <=   0.987","ranger",4500,0.92933,0.92279,2234,2097,0.9387,0.0943,0.0708,9.284,0.0772,0.9846,1
"1","medical_deductions <=   1.5 & total_deductions_by_hh_size <= 497.0 & utilities >   5.0","ranger",14478,0.92644,0.92279,7245,6729,0.9288,0.3027,0.2443,30.108,0.0772,0.9846,1
"1","shelter_expenses_by_hh_size >   14.00 & shelter_expenses_by_hh_size <= 1780.00 & unc_rawben_rel_max <=    1.95 & utilities >  428.00","ranger",18251,0.92603,0.92278,9265,8563,0.9242,0.3852,0.3506,38.503,0.0772,0.9846,1
"1","elderly_disabled_i >  0.5 & months_since_cert_n > 10.5 & shelter_expenses_by_hh_size <= 14.5","ranger",737,0.93894,0.92277,368,351,0.9538,0.0158,0.0094,1.529,0.0772,0.9846,1
"1","cat_elig >=    1 & shelter_expenses_by_hh_size < 1100 & total_deductions_by_hh_size >=  252 & utilities >=  645","xgboost",3427,0.93026,0.92276,1731,1608,0.9289,0.0723,0.0616,7.194,0.0772,0.9846,1
"1","married <=  0.50 & months_since_cert_n > 11.50 & percent_abawd <=  0.75 & shelter_expenses_by_hh_size <= 14.50","ranger",852,0.93779,0.92275,399,381,0.9549,0.0171,0.012,1.658,0.0772,0.9846,1
"1","children_i <    1 & married <    1 & shelter_expenses_by_hh_size < 2090","xgboost",45978,0.92479,0.92274,23523,21770,0.9255,0.9794,0.9401,97.756,0.0772,0.9846,1
"1","rawben_rel_max >   0.085 & rawben_rel_max <=   0.479 & utilities <= 556.000","ranger",8484,0.92751,0.92274,4235,3931,0.9282,0.1768,0.1271,17.6,0.0772,0.9846,1
"1","expedited_i <   1 & utilities < 341","xgboost",17102,0.92609,0.92273,7944,7424,0.9345,0.334,0.2922,33.013,0.0772,0.9846,1
"1","unc_rawben_rel_max <   1.99 & utilities < 493.00","xgboost",32156,0.92518,0.92273,16202,15051,0.929,0.6771,0.6272,67.332,0.0772,0.9846,1
"1","cat_elig <  2.00 & months_since_cert_n >= 14.00 & months_since_cert_n < 19.00 & rawben_rel_max <  0.56","xgboost",1108,0.93592,0.92272,804,746,0.9279,0.0336,0.0258,3.341,0.0772,0.9846,1
"1","medical_deductions >  7.5000 & unc_rawben_rel_max > -0.0572 & unc_rawben_rel_max <=  0.3090","ranger",909,0.93729,0.92272,433,410,0.9469,0.0184,0.0092,1.799,0.0772,0.9846,1
"1","shelter_expenses_by_hh_size >   5.50 & total_deductions_by_hh_size <= 484.00 & unc_rawben_rel_max <=   1.93 & utilities <= 808.00","ranger",18462,0.92596,0.92272,9248,8594,0.9293,0.3866,0.3032,38.432,0.0772,0.9846,1
"1","cat_elig >= 1 & children_i < 1 & married < 1 & medical_deductions < 4","xgboost",38178,0.92496,0.92271,19699,18243,0.9261,0.8207,0.8106,81.864,0.0772,0.9846,1
"1","medical_deductions <  174 & shelter_expenses_by_hh_size < 1640 & total_deductions_by_hh_size >=  307 & utilities >=  493","xgboost",11743,0.92676,0.92271,6096,5642,0.9255,0.2538,0.236,25.333,0.0772,0.9846,1
"1","medical_deductions < 157 & utilities < 992","xgboost",44529,0.92479,0.92271,22319,20660,0.9257,0.9295,0.8995,92.752,0.0772,0.9846,1
"1","cat_elig >=   2.000 & shelter_expenses_by_hh_size < 387.000 & total_deductions_by_hh_size < 982.000 & unc_rawben_rel_max <  -0.184","xgboost",196,0.95408,0.9227,9,9,1,4e-04,0,0.037,0.0772,0.9846,1
"1","medical_deductions < 192 & months_since_cert_n >=   1 & total_deductions_by_hh_size >= 637 & utilities >= 789","xgboost",3465,0.93016,0.9227,2297,2127,0.926,0.0957,0.0976,9.546,0.0772,0.9846,1
"1","months_since_cert_n <    9 & total_deductions_by_hh_size < 1450 & utilities >=  875","xgboost",1375,0.93455,0.9227,921,857,0.9305,0.0386,0.0395,3.827,0.0772,0.9846,1
"1","months_since_cert_n >=   4.00 & unc_rawben_rel_max >=   1.18 & utilities >= 992.00","xgboost",291,0.94845,0.9227,338,325,0.9615,0.0146,0.0095,1.405,0.0772,0.9846,1
"1","rawben_rel_max >=    0.0928 & rawben_rel_max <    0.1320 & shelter_expenses_by_hh_size < 1430.0000","xgboost",458,0.94323,0.9227,242,230,0.9504,0.0103,0.0064,1.006,0.0772,0.9846,1
"1","cat_elig >=    1 & shelter_expenses_by_hh_size < 1100 & utilities >=  645","xgboost",3573,0.93003,0.92268,1813,1686,0.93,0.0759,0.0643,7.534,0.0772,0.9846,1
"1","children_i <    1 & shelter_expenses_by_hh_size < 1970","xgboost",45981,0.92473,0.92268,23486,21738,0.9256,0.978,0.9396,97.602,0.0772,0.9846,1
"1","medical_deductions <= 152.0 & shelter_expenses_by_hh_size >   5.5 & shelter_expenses_by_hh_size <= 582.0","ranger",10527,0.92695,0.92267,5292,4904,0.9267,0.2206,0.2034,21.992,0.0772,0.9846,1
"1","homeless < 1.0 & percent_abawd >= 0.5","xgboost",4182,0.92946,0.92266,2189,2045,0.9342,0.092,0.1004,9.097,0.0772,0.9846,1
"1","rawben_rel_max <   0.787 & shelter_expenses_by_hh_size < 528.000 & unc_rawben_rel_max <   1.900","xgboost",8355,0.92747,0.92266,4105,3813,0.9289,0.1715,0.1386,17.059,0.0772,0.9846,1
"1","count_divisible_by_100 >= 1 & months_since_cert_n < 6 & rawben_rel_max >= 1","xgboost",517,0.94197,0.92265,285,272,0.9544,0.0122,0.0099,1.184,0.0772,0.9846,1
"1","homeless <    1.000 & rawben_rel_max <    0.361 & shelter_expenses_by_hh_size < 1090.000 & unc_rawben_rel_max >=    0.056","xgboost",6147,0.92826,0.92265,3117,2901,0.9307,0.1305,0.0901,12.953,0.0772,0.9846,1
"1","homeless <   1.00 & medical_deductions < 395.00 & unc_rawben_rel_max <   1.77","xgboost",40484,0.92483,0.92265,20804,19275,0.9265,0.8671,0.7803,86.456,0.0772,0.9846,1
"1","medical_deductions <  7.00 & months_since_cert_n < 23.00 & rawben_rel_max <  0.24 & total_deductions_by_hh_size >=  9.00","xgboost",3721,0.92986,0.92265,1779,1647,0.9258,0.0741,0.0814,7.393,0.0772,0.9846,1
"1","elderly_disabled_i >=    1.000 & months_since_cert_n <    6.000 & rawben_rel_max >=    0.992 & shelter_expenses_by_hh_size < 1440.000","xgboost",1861,0.93283,0.92264,937,877,0.936,0.0395,0.0412,3.894,0.0772,0.9846,1
"1","expedited_i <=   0.5 & shelter_expenses_by_hh_size >   5.5 & shelter_expenses_by_hh_size <= 560.0","ranger",9313,0.9272,0.92264,4575,4248,0.9285,0.1911,0.1624,19.013,0.0772,0.9846,1
"1","homeless <=  0.50000 & rawben_rel_max <=  0.31200 & shelter_expenses_by_hh_size > 13.00000 & unc_rawben_rel_max > -0.00915","ranger",5850,0.92838,0.92263,2949,2751,0.9329,0.1238,0.0902,12.255,0.0772,0.9846,1
"1","rawben_rel_max <   0.412 & utilities >=  30.000 & utilities < 369.000","xgboost",3923,0.92965,0.92263,1767,1621,0.9174,0.0729,0.0694,7.343,0.0772,0.9846,1
"1","count_divisible_by_100 <   1.0 & total_deductions_by_hh_size >=  18.4 & total_deductions_by_hh_size < 244.0","xgboost",7055,0.92785,0.92262,3633,3382,0.9309,0.1522,0.1237,15.098,0.0772,0.9846,1
"1","months_since_cert_n >=   1.00 & rawben_rel_max <   0.74 & shelter_expenses_by_hh_size < 476.00 & unc_rawben_rel_max <   1.19","xgboost",6573,0.92804,0.92262,3333,3110,0.9331,0.1399,0.1041,13.851,0.0772,0.9846,1
"1","shelter_expenses_by_hh_size < 1000.00 & total_deductions_by_hh_size <  938.00 & unc_rawben_rel_max <    1.93 & utilities >=  367.00","xgboost",13279,0.92643,0.92261,6586,6114,0.9283,0.2751,0.2157,27.37,0.0772,0.9846,1
"1","medical_deductions <= 204.0 & shelter_expenses_by_hh_size >  14.5 & shelter_expenses_by_hh_size <= 560.0","ranger",10092,0.92697,0.9226,4984,4620,0.927,0.2078,0.1895,20.712,0.0772,0.9846,1
"1","months_since_cert_n >=   1.000 & rawben_rel_max <   0.787 & shelter_expenses_by_hh_size < 507.000","xgboost",7561,0.92766,0.9226,3722,3458,0.9291,0.1556,0.1233,15.468,0.0772,0.9846,1
"1","rawben_rel_max <   0.1 & total_deductions_by_hh_size >= 218.0 & total_deductions_by_hh_size < 650.0 & utilities < 550.0","xgboost",1247,0.93504,0.9226,556,520,0.9353,0.0234,0.0256,2.311,0.0772,0.9846,1
"1","rawben_rel_max <   0.504 & utilities >=  54.000 & utilities < 417.000","xgboost",5028,0.9288,0.9226,2696,2507,0.9299,0.1128,0.088,11.204,0.0772,0.9846,1
"1","rawben_rel_max <   0.512 & shelter_expenses_by_hh_size >= 669.000 & total_deductions_by_hh_size >= 256.000 & total_deductions_by_hh_size < 397.000","xgboost",1652,0.93341,0.9226,788,740,0.9391,0.0333,0.0182,3.275,0.0772,0.9846,1
"1","rawben_rel_max < 0.361 & unc_rawben_rel_max >= 0.056","xgboost",7147,0.9278,0.9226,3628,3373,0.9297,0.1517,0.1053,15.077,0.0772,0.9846,1
"1","shelter_expenses_by_hh_size < 1560 & utilities <  956","xgboost",44478,0.92468,0.9226,22096,20449,0.9255,0.92,0.8817,91.826,0.0772,0.9846,1
"1","shelter_expenses_by_hh_size >  13 & total_deductions_by_hh_size <= 489 & utilities <= 696","ranger",18274,0.92585,0.9226,9192,8561,0.9314,0.3851,0.2927,38.2,0.0772,0.9846,1
"1","shelter_expenses_by_hh_size >= 1250 & shelter_expenses_by_hh_size < 1640 & total_deductions_by_hh_size <  692","xgboost",663,0.93967,0.9226,358,323,0.9022,0.0145,0.025,1.488,0.0772,0.9846,1
"1","total_deductions_by_hh_size < 1780.00 & unc_rawben_rel_max <    1.24","xgboost",40787,0.92478,0.9226,20871,19319,0.9256,0.8691,0.7823,86.735,0.0772,0.9846,1
"1","total_deductions_by_hh_size < 1780.00 & unc_rawben_rel_max <    1.24 & utilities <  886.00","xgboost",39251,0.92482,0.9226,19711,18243,0.9255,0.8207,0.7343,81.914,0.0772,0.9846,1
"1","count_divisible_by_100 <   1.000 & percent_abawd <   0.500 & rawben_rel_max >=   0.084 & utilities >= 735.000","xgboost",5081,0.92875,0.92259,2745,2531,0.922,0.1139,0.1195,11.408,0.0772,0.9846,1
"1","married <    1 & shelter_expenses_by_hh_size < 1800","xgboost",46151,0.92464,0.92259,23501,21754,0.9257,0.9787,0.9393,97.664,0.0772,0.9846,1
"1","medical_deductions < 157.000 & months_since_cert_n <  31.000 & rawben_rel_max <   0.584","xgboost",16687,0.92599,0.92259,8476,7846,0.9257,0.353,0.2908,35.224,0.0772,0.9846,1
"1","cat_elig >   0.50 & medical_deductions <= 144.00 & unc_rawben_rel_max <=   1.95","ranger",40185,0.92477,0.92258,20553,19026,0.9257,0.8559,0.8299,85.413,0.0772,0.9846,1
"1","count_divisible_by_100 <    1 & shelter_expenses_by_hh_size < 1580 & utilities <  493","xgboost",30822,0.92509,0.92258,15536,14427,0.9286,0.649,0.6025,64.564,0.0772,0.9846,1
"1","children_i <=   0.500 & shelter_expenses_by_hh_size <= 552.000 & unc_rawben_rel_max <=   0.976 & utilities <=   8.000","ranger",3974,0.92954,0.92257,2021,1899,0.9396,0.0854,0.0689,8.399,0.0772,0.9846,1
"1","months_since_cert_n >   28.5 & total_deductions_by_hh_size >   61.2 & total_deductions_by_hh_size <= 1400.0 & utilities >  360.0","ranger",1035,0.93623,0.92257,428,400,0.9346,0.018,0.0154,1.779,0.0772,0.9846,1
"1","medical_deductions > 132.000 & months_since_cert_n <=   2.500 & rawben_rel_max >   0.998","ranger",75,0.97333,0.92256,22,22,1,0.001,0,0.091,0.0772,0.9846,1
"1","cat_elig <=  0.5 & expedited_i <=  0.5 & months_since_cert_n >  8.5 & months_since_cert_n <= 31.5","ranger",1063,0.93603,0.92254,583,556,0.9537,0.025,0.0106,2.423,0.0772,0.9846,1
"1","medical_deductions <  403.000 & months_since_cert_n <   21.000 & total_deductions_by_hh_size < 1450.000 & unc_rawben_rel_max >=   -0.744","xgboost",41461,0.9247,0.92254,21402,19823,0.9262,0.8918,0.8523,88.942,0.0772,0.9846,1
"1","elderly_disabled_i >=   1.00 & unc_rawben_rel_max <   0.78 & utilities < 388.00","xgboost",10415,0.92684,0.92253,5084,4717,0.9278,0.2122,0.1584,21.128,0.0772,0.9846,1
"1","homeless <= 0.500 & months_since_cert_n > 7.500 & unc_rawben_rel_max > 0.991","ranger",4687,0.92895,0.92253,2535,2345,0.925,0.1055,0.1426,10.535,0.0772,0.9846,1
"1","cat_elig <=  1.5 & count_divisible_by_100 <=  0.5 & months_since_cert_n > 36.5","ranger",129,0.96124,0.92252,77,72,0.9351,0.0032,0.0031,0.32,0.0772,0.9846,1
"1","elderly_disabled_i >=   1 & months_since_cert_n <  11 & shelter_expenses_by_hh_size < 744","xgboost",10003,0.92692,0.92252,4977,4640,0.9323,0.2087,0.1634,20.683,0.0772,0.9846,1
"1","months_since_cert_n >=    3 & shelter_expenses_by_hh_size < 1060","xgboost",27963,0.92515,0.92252,13931,12902,0.9261,0.5804,0.5426,57.894,0.0772,0.9846,1
"1","shelter_expenses_by_hh_size >=  50 & shelter_expenses_by_hh_size < 382 & utilities < 886","xgboost",4066,0.92941,0.92252,2069,1918,0.927,0.0863,0.0798,8.598,0.0772,0.9846,1
"1","cat_elig >=    1 & shelter_expenses_by_hh_size < 1100","xgboost",34646,0.92487,0.92251,17360,16104,0.9276,0.7245,0.6678,72.144,0.0772,0.9846,1
"1","expedited_i <   1.000 & medical_deductions < 108.000 & rawben_rel_max >=   0.777","xgboost",16724,0.92591,0.92251,8905,8282,0.93,0.3726,0.3985,37.007,0.0772,0.9846,1
"1","homeless >  0.500 & months_since_cert_n > 16.500 & rawben_rel_max <=  0.449","ranger",55,0.98182,0.92251,17,15,0.8824,7e-04,5e-04,0.071,0.0772,0.9846,1
"1","medical_deductions >  3.5000 & months_since_cert_n > 23.5000 & rawben_rel_max <=  0.0795","ranger",55,0.98182,0.92251,0,0,NA,0,0,0,0.0772,0.9846,1
"1","months_since_cert_n >=   1 & shelter_expenses_by_hh_size >= 277 & unc_rawben_rel_max <   0 & utilities >= 676","xgboost",427,0.94379,0.92251,189,176,0.9312,0.0079,0.01,0.785,0.0772,0.9846,1
"1","months_since_cert_n <   2.000 & rawben_rel_max <   0.492 & shelter_expenses_by_hh_size < 567.000","xgboost",1020,0.93627,0.9225,462,429,0.9286,0.0193,0.0181,1.92,0.0772,0.9846,1
"1","rawben_rel_max <   0.576 & shelter_expenses_by_hh_size >= 197.000 & shelter_expenses_by_hh_size < 245.000","xgboost",321,0.94704,0.92249,155,143,0.9226,0.0064,0.0047,0.644,0.0772,0.9846,1
"1","married <   1 & months_since_cert_n >=  16 & shelter_expenses_by_hh_size < 197 & total_deductions_by_hh_size < 281","xgboost",763,0.9384,0.92248,324,311,0.9599,0.014,0.0089,1.346,0.0772,0.9846,1
"1","married <=   0.5 & medical_deductions <= 200.0","ranger",46138,0.92453,0.92248,23634,21871,0.9254,0.9839,0.9582,98.217,0.0772,0.9846,1
"1","months_since_cert_n <=  5.500 & rawben_rel_max <=  0.947 & shelter_expenses_by_hh_size <= 14.000 & total_deductions_by_hh_size <= 53.700","ranger",662,0.93958,0.92248,307,296,0.9642,0.0133,0.0065,1.276,0.0772,0.9846,1
"1","cat_elig >=   1 & months_since_cert_n >=  19 & total_deductions_by_hh_size < 549 & utilities < 789","xgboost",3034,0.93045,0.92247,1388,1281,0.9229,0.0576,0.05,5.768,0.0772,0.9846,1
"1","months_since_cert_n <   3.0 & total_deductions_by_hh_size < 351.0 & unc_rawben_rel_max <   1.2 & utilities < 360.0","xgboost",2338,0.93157,0.92247,1162,1087,0.9355,0.0489,0.0363,4.829,0.0772,0.9846,1
"1","months_since_cert_n >=   2.0 & percent_abawd >=   0.5 & utilities < 534.0","xgboost",3170,0.93028,0.92247,1753,1651,0.9418,0.0743,0.0752,7.285,0.0772,0.9846,1
"1","shelter_expenses_by_hh_size > 404.0 & total_deductions_by_hh_size >   2.5 & total_deductions_by_hh_size <= 494.0 & utilities >   5.0","ranger",11826,0.92652,0.92247,5830,5420,0.9297,0.2438,0.1757,24.228,0.0772,0.9846,1
"1","medical_deductions < 129 & shelter_expenses_by_hh_size < 593 & total_deductions_by_hh_size < 527 & utilities >=  44","xgboost",6800,0.92779,0.92246,3365,3112,0.9248,0.14,0.1308,13.984,0.0772,0.9846,1
"1","months_since_cert_n >=   7 & months_since_cert_n <   9 & shelter_expenses_by_hh_size < 627 & utilities < 601","xgboost",2269,0.93169,0.92245,1162,1085,0.9337,0.0488,0.047,4.829,0.0772,0.9846,1
"1","children_i <=   0.500 & rawben_rel_max <=   0.993 & shelter_expenses_by_hh_size <= 662.000 & total_deductions_by_hh_size <= 628.000","ranger",12562,0.92637,0.92244,6283,5819,0.9261,0.2618,0.2145,26.111,0.0772,0.9846,1
"1","expedited_i <  1.000 & months_since_cert_n < 14.000 & rawben_rel_max >=  0.712","xgboost",15626,0.92596,0.92244,8329,7691,0.9234,0.346,0.393,34.613,0.0772,0.9846,1
"1","homeless <   1 & medical_deductions < 104 & utilities >= 475","xgboost",13805,0.92619,0.92244,6723,6222,0.9255,0.2799,0.2739,27.939,0.0772,0.9846,1
"1","percent_abawd <    0.5 & shelter_expenses_by_hh_size < 1400.0 & total_deductions_by_hh_size <  828.0 & utilities >=  600.0","xgboost",5501,0.92838,0.92244,2753,2539,0.9223,0.1142,0.1049,11.441,0.0772,0.9846,1
"1","rawben_rel_max <   0.576 & shelter_expenses_by_hh_size >= 859.000 & total_deductions_by_hh_size < 538.000 & unc_rawben_rel_max <   1.930","xgboost",1925,0.93247,0.92244,949,892,0.9399,0.0401,0.0232,3.944,0.0772,0.9846,1
"1","expedited_i <   1 & months_since_cert_n >=  24 & utilities >= 670","xgboost",1146,0.93543,0.92243,454,428,0.9427,0.0193,0.0138,1.887,0.0772,0.9846,1
"1","medical_deductions <  93.00 & total_deductions_by_hh_size >= 236.00 & unc_rawben_rel_max <   1.99 & utilities >= 430.00","xgboost",14992,0.92603,0.92243,7761,7179,0.925,0.323,0.3093,32.253,0.0772,0.9846,1
"1","elderly_disabled_i >  0.5 & homeless <=  0.5 & months_since_cert_n <=  1.5 & utilities <= 28.5","ranger",647,0.93972,0.92242,315,290,0.9206,0.013,0.012,1.309,0.0772,0.9846,1
"1","total_deductions_by_hh_size < 982.00 & unc_rawben_rel_max >=   1.23 & unc_rawben_rel_max <   1.38 & utilities >= 757.00","xgboost",179,0.95531,0.92242,112,108,0.9643,0.0049,0.0023,0.465,0.0772,0.9846,1
"1","cat_elig >   1.500 & rawben_rel_max <=   0.987 & total_deductions_by_hh_size <= 187.000","ranger",2213,0.93177,0.92241,188,178,0.9468,0.008,0.0042,0.781,0.0772,0.9846,1
"1","count_divisible_by_100 <   2 & utilities < 462","xgboost",29861,0.92495,0.92241,15548,14426,0.9278,0.649,0.6201,64.614,0.0772,0.9846,1
"1","children_i < 1.00 & months_since_cert_n < 7.00 & unc_rawben_rel_max >= 1.64 & unc_rawben_rel_max < 1.99","xgboost",1869,0.93258,0.9224,897,840,0.9365,0.0378,0.048,3.728,0.0772,0.9846,1
"1","count_divisible_by_100 >= 1.000 & expedited_i < 1.000 & rawben_rel_max >= 0.988","xgboost",574,0.94077,0.9224,365,337,0.9233,0.0152,0.0202,1.517,0.0772,0.9846,1
"1","married <=   0.5 & shelter_expenses_by_hh_size >  48.5 & shelter_expenses_by_hh_size <= 638.0","ranger",12145,0.92639,0.9224,5987,5518,0.9217,0.2482,0.2394,24.881,0.0772,0.9846,1
"1","total_deductions_by_hh_size >=   9.000 & unc_rawben_rel_max >=  -0.004 & utilities >= 703.000","xgboost",6474,0.92787,0.9224,3498,3234,0.9245,0.1455,0.1458,14.537,0.0772,0.9846,1
"1","married <= 0.50 & percent_abawd <= 0.75 & unc_rawben_rel_max <= 1.97","ranger",41217,0.92455,0.92238,20892,19308,0.9242,0.8686,0.8217,86.822,0.0772,0.9846,1
"1","cat_elig > 0.5 & elderly_disabled_i <= 0.5 & expedited_i <= 0.5 & married <= 0.5","ranger",8696,0.92709,0.92237,4629,4314,0.932,0.1941,0.2149,19.237,0.0772,0.9846,1
"1","medical_deductions <   9 & total_deductions_by_hh_size < 620 & utilities >= 361 & utilities < 388","xgboost",1647,0.93321,0.92237,830,773,0.9313,0.0348,0.0264,3.449,0.0772,0.9846,1
"1","months_since_cert_n >= 3.000 & rawben_rel_max >= 0.804","xgboost",16165,0.92583,0.92237,8510,7859,0.9235,0.3536,0.4314,35.365,0.0772,0.9846,1
"1","medical_deductions <=  15.5 & total_deductions_by_hh_size >  12.3 & total_deductions_by_hh_size <= 150.0","ranger",4031,0.9293,0.92236,2068,1919,0.9279,0.0863,0.076,8.594,0.0772,0.9846,1
"1","cat_elig >=   1 & months_since_cert_n <   2 & utilities < 580","xgboost",5374,0.92836,0.92235,2725,2551,0.9361,0.1148,0.1016,11.324,0.0772,0.9846,1
"1","children_i <=   0.5 & elderly_disabled_i >   0.5 & medical_deductions >  21.2 & medical_deductions <= 105.0","ranger",441,0.94331,0.92235,217,207,0.9539,0.0093,0.005,0.902,0.0772,0.9846,1
"1","months_since_cert_n <    9 & total_deductions_by_hh_size < 1450 & utilities >=  875 & utilities < 1020","xgboost",1187,0.93513,0.92235,456,422,0.9254,0.019,0.022,1.895,0.0772,0.9846,1
"1","months_since_cert_n >   5.5 & total_deductions_by_hh_size >  47.8 & total_deductions_by_hh_size <= 302.0","ranger",4851,0.92867,0.92235,2488,2317,0.9313,0.1042,0.0801,10.34,0.0772,0.9846,1
"1","months_since_cert_n >=    1.000 & rawben_rel_max <    0.476 & shelter_expenses_by_hh_size < 1510.000 & total_deductions_by_hh_size >=   50.000","xgboost",9583,0.92685,0.92235,4606,4280,0.9292,0.1925,0.1527,19.141,0.0772,0.9846,1
"1","count_divisible_by_100 <    1 & medical_deductions <  403 & shelter_expenses_by_hh_size < 2090","xgboost",44863,0.92441,0.92234,22865,21174,0.926,0.9526,0.9091,95.021,0.0772,0.9846,1
"1","homeless >  0.50 & percent_abawd <=  0.50 & shelter_expenses_by_hh_size <= 14.50 & unc_rawben_rel_max <=  1.02","ranger",366,0.94536,0.92234,173,162,0.9364,0.0073,0.0066,0.719,0.0772,0.9846,1
"1","expedited_i <=   0.500 & medical_deductions <= 774.000 & rawben_rel_max >   0.991 & shelter_expenses_by_hh_size >   5.500","ranger",7228,0.9275,0.92233,3723,3464,0.9304,0.1558,0.1895,15.472,0.0772,0.9846,1
"1","medical_deductions < 117 & months_since_cert_n >=   2 & months_since_cert_n <  24","xgboost",33977,0.92471,0.92233,17632,16339,0.9267,0.7351,0.7205,73.274,0.0772,0.9846,1
"1","medical_deductions <=   3.500 & months_since_cert_n >   3.500 & rawben_rel_max <=   0.998 & shelter_expenses_by_hh_size <= 854.000","ranger",12016,0.92635,0.92233,6100,5653,0.9267,0.2543,0.2077,25.35,0.0772,0.9846,1
"1","months_since_cert_n >=   6 & shelter_expenses_by_hh_size >= 460 & shelter_expenses_by_hh_size < 841 & total_deductions_by_hh_size < 474","xgboost",6027,0.92799,0.92232,2951,2740,0.9285,0.1233,0.0873,12.264,0.0772,0.9846,1
"1","elderly_disabled_i >   0.500 & months_since_cert_n <=   5.500 & rawben_rel_max >   0.991 & total_deductions_by_hh_size > 328.000","ranger",1632,0.93321,0.92231,841,779,0.9263,0.035,0.0448,3.495,0.0772,0.9846,1
"1","elderly_disabled_i >   0.500 & percent_abawd <=   0.250 & total_deductions_by_hh_size <= 650.000 & unc_rawben_rel_max <=   0.991","ranger",21385,0.92532,0.92231,10648,9856,0.9256,0.4434,0.3403,44.251,0.0772,0.9846,1
"1","married <   1 & utilities < 483","xgboost",31141,0.92479,0.9223,16245,15058,0.9269,0.6774,0.6525,67.51,0.0772,0.9846,1
"1","married <=   0.5 & total_deductions_by_hh_size <= 512.0 & utilities >  14.5","ranger",16296,0.92575,0.9223,8083,7498,0.9276,0.3373,0.2686,33.591,0.0772,0.9846,1
"1","months_since_cert_n >=   2.0 & total_deductions_by_hh_size >=  22.4 & total_deductions_by_hh_size < 297.0","xgboost",7718,0.92731,0.9223,4037,3759,0.9311,0.1691,0.1324,16.777,0.0772,0.9846,1
"1","total_deductions_by_hh_size >=  10 & total_deductions_by_hh_size < 213","xgboost",6693,0.92769,0.9223,3449,3203,0.9287,0.1441,0.1206,14.333,0.0772,0.9846,1
"1","cat_elig >   1.500 & rawben_rel_max <=   0.325 & shelter_expenses_by_hh_size >   5.500 & total_deductions_by_hh_size > 184.000","ranger",1673,0.93305,0.92229,91,87,0.956,0.0039,0.0027,0.378,0.0772,0.9846,1
"1","cat_elig >=   1.000 & total_deductions_by_hh_size < 607.000 & unc_rawben_rel_max >=   0.443 & utilities < 551.000","xgboost",16925,0.92567,0.92229,8258,7724,0.9353,0.3475,0.3029,34.318,0.0772,0.9846,1
"1","children_i <= 0.500 & expedited_i <= 0.500 & rawben_rel_max > 0.991 & shelter_expenses_by_hh_size > 5.500","ranger",6958,0.92757,0.92229,3615,3365,0.9308,0.1514,0.1824,15.023,0.0772,0.9846,1
"1","cat_elig > 0.5 & children_i <= 0.5 & medical_deductions <= 0.5","ranger",38266,0.92453,0.92228,19736,18275,0.926,0.8222,0.8166,82.018,0.0772,0.9846,1
"1","months_since_cert_n < 31.00 & unc_rawben_rel_max <  2.22","xgboost",45548,0.92434,0.92228,23387,21629,0.9248,0.9731,0.9471,97.191,0.0772,0.9846,1
"1","months_since_cert_n <   27 & shelter_expenses_by_hh_size < 1800","xgboost",44327,0.92436,0.92227,22740,21050,0.9257,0.947,0.912,94.502,0.0772,0.9846,1
"1","months_since_cert_n >=   1.000 & rawben_rel_max >=   0.092 & utilities < 361.000","xgboost",18340,0.92552,0.92227,9260,8609,0.9297,0.3873,0.3733,38.482,0.0772,0.9846,1
"1","percent_abawd <= 0.75 & unc_rawben_rel_max <= 1.93","ranger",41433,0.92443,0.92227,20953,19367,0.9243,0.8713,0.8251,87.076,0.0772,0.9846,1
"1","married < 1.00 & unc_rawben_rel_max < 2.52","xgboost",46607,0.9243,0.92226,23827,22035,0.9248,0.9913,0.967,99.019,0.0772,0.9846,1
"1","count_divisible_by_100 <    1 & months_since_cert_n >=    3 & shelter_expenses_by_hh_size < 1440 & total_deductions_by_hh_size <  888","xgboost",30653,0.92477,0.92225,15475,14326,0.9258,0.6445,0.5965,64.31,0.0772,0.9846,1
"1","count_divisible_by_100 > 0.500 & count_divisible_by_100 <= 1.500 & unc_rawben_rel_max <= 0.279","ranger",320,0.94688,0.92225,135,127,0.9407,0.0057,0.0053,0.561,0.0772,0.9846,1
"1","expedited_i <=  0.500 & rawben_rel_max >  0.991 & shelter_expenses_by_hh_size > 16.500","ranger",7234,0.92743,0.92225,3729,3469,0.9303,0.1561,0.1899,15.497,0.0772,0.9846,1
"1","medical_deductions <=   0.50 & total_deductions_by_hh_size > 182.00 & unc_rawben_rel_max <=   1.97 & utilities > 416.00","ranger",15971,0.92574,0.92225,7946,7359,0.9261,0.3311,0.3132,33.022,0.0772,0.9846,1
"1","months_since_cert_n >=  28.000 & rawben_rel_max >=   0.405 & shelter_expenses_by_hh_size >= 652.000 & utilities >= 462.000","xgboost",818,0.93765,0.92225,342,316,0.924,0.0142,0.0142,1.421,0.0772,0.9846,1
"1","homeless <= 0.5 & medical_deductions <= 0.5","ranger",39071,0.92447,0.92224,20217,18737,0.9268,0.8429,0.8195,84.017,0.0772,0.9846,1
"1","months_since_cert_n >=   5 & shelter_expenses_by_hh_size >= 425 & shelter_expenses_by_hh_size < 603","xgboost",3728,0.92945,0.92224,1804,1650,0.9146,0.0742,0.078,7.497,0.0772,0.9846,1
"1","unc_rawben_rel_max <   2.52 & utilities < 475.00","xgboost",30921,0.92474,0.92224,16276,15099,0.9277,0.6793,0.6446,67.639,0.0772,0.9846,1
"1","cat_elig <    2 & shelter_expenses_by_hh_size < 1800 & utilities <  784","xgboost",29961,0.92477,0.92222,19689,18199,0.9243,0.8187,0.8015,81.823,0.0772,0.9846,1
"1","count_divisible_by_100 <  1.000 & expedited_i <  1.000 & months_since_cert_n < 14.000 & rawben_rel_max >=  0.712","xgboost",14911,0.92583,0.92222,7894,7297,0.9244,0.3283,0.3671,32.806,0.0772,0.9846,1
"1","married <=   0.5000 & shelter_expenses_by_hh_size >   5.5000 & total_deductions_by_hh_size <= 229.0000 & unc_rawben_rel_max >  -0.0389","ranger",7458,0.92733,0.92222,3928,3643,0.9274,0.1639,0.1319,16.324,0.0772,0.9846,1
"1","shelter_expenses_by_hh_size >=  50 & shelter_expenses_by_hh_size < 730 & utilities >= 424","xgboost",4588,0.92873,0.92222,2068,1915,0.926,0.0862,0.0768,8.594,0.0772,0.9846,1
"1","cat_elig <   2 & months_since_cert_n <  33 & utilities < 670","xgboost",27614,0.92486,0.92221,18881,17425,0.9229,0.7839,0.7923,78.465,0.0772,0.9846,1
"1","medical_deductions <   3 & total_deductions_by_hh_size < 600 & utilities >= 601 & utilities < 757","xgboost",1533,0.93346,0.92221,761,709,0.9317,0.0319,0.0227,3.163,0.0772,0.9846,1
"1","total_deductions_by_hh_size < 1380.00 & unc_rawben_rel_max >=   -1.17","xgboost",46377,0.92425,0.92221,23652,21878,0.925,0.9843,0.9546,98.292,0.0772,0.9846,1
"1","children_i <=   0.5 & total_deductions_by_hh_size <= 521.0 & utilities >  30.5 & utilities <= 802.0","ranger",15828,0.9257,0.9222,7876,7298,0.9266,0.3283,0.2609,32.731,0.0772,0.9846,1
"1","rawben_rel_max <    0.54 & shelter_expenses_by_hh_size >= 1120.00 & shelter_expenses_by_hh_size < 1300.00 & utilities >=  559.00","xgboost",514,0.94163,0.9222,260,242,0.9308,0.0109,0.0074,1.08,0.0772,0.9846,1
"1","medical_deductions < 232 & months_since_cert_n <  20","xgboost",41366,0.92436,0.92219,21430,19856,0.9266,0.8933,0.8662,89.058,0.0772,0.9846,1
"1","months_since_cert_n <   21.000 & total_deductions_by_hh_size < 1450.000 & unc_rawben_rel_max >=   -0.744","xgboost",41613,0.92435,0.92219,21463,19871,0.9258,0.894,0.861,89.195,0.0772,0.9846,1
"1","unc_rawben_rel_max >=   0.918 & utilities >= 415.000","xgboost",7973,0.92713,0.92219,4007,3727,0.9301,0.1677,0.1847,16.652,0.0772,0.9846,1
"1","children_i <=   0.500 & elderly_disabled_i >   0.500 & rawben_rel_max <=   0.991 & total_deductions_by_hh_size <= 650.000","ranger",21468,0.92519,0.92218,10693,9902,0.926,0.4455,0.3386,44.438,0.0772,0.9846,1
"1","homeless <= 0.5 & medical_deductions <= 4.5","ranger",39107,0.92441,0.92218,20226,18744,0.9267,0.8433,0.8201,84.054,0.0772,0.9846,1
"1","months_since_cert_n <   18 & utilities < 1010","xgboost",40004,0.92438,0.92218,20355,18826,0.9249,0.8469,0.8401,84.59,0.0772,0.9846,1
"1","rawben_rel_max >=   0.612 & total_deductions_by_hh_size >= 159.000 & utilities >= 912.000","xgboost",1463,0.9337,0.92218,1459,1385,0.9493,0.0623,0.0478,6.063,0.0772,0.9846,1
"1","cat_elig >=    2.000 & unc_rawben_rel_max >=   -0.004 & utilities >= 1020.000","xgboost",289,0.9481,0.92217,3,3,1,1e-04,0,0.012,0.0772,0.9846,1
"1","cat_elig >=  1.000 & expedited_i <  1.000 & rawben_rel_max <  0.344 & unc_rawben_rel_max >= -0.016","xgboost",6522,0.92763,0.92217,3269,3026,0.9257,0.1361,0.1107,13.585,0.0772,0.9846,1
"1","count_divisible_by_100 <    1 & months_since_cert_n <   22 & total_deductions_by_hh_size < 1450","xgboost",41003,0.92435,0.92217,21090,19545,0.9267,0.8793,0.8373,87.645,0.0772,0.9846,1
"1","expedited_i < 1.0 & homeless >= 1.0 & percent_abawd >= 0.5 & total_deductions_by_hh_size < 4.4","xgboost",289,0.9481,0.92217,209,206,0.9856,0.0093,0.003,0.869,0.0772,0.9846,1
"1","homeless > 0.500 & rawben_rel_max <= 0.627 & shelter_expenses_by_hh_size <= 5.500 & unc_rawben_rel_max <= 0.935","ranger",289,0.9481,0.92217,142,130,0.9155,0.0058,0.0072,0.59,0.0772,0.9846,1
"1","months_since_cert_n >=   1 & shelter_expenses_by_hh_size < 514 & utilities >= 493 & utilities < 559","xgboost",289,0.9481,0.92217,93,81,0.871,0.0036,0.0069,0.386,0.0772,0.9846,1
"1","percent_abawd <   0.500 & rawben_rel_max >=   0.084 & utilities >= 735.000","xgboost",5254,0.92825,0.92217,2850,2626,0.9214,0.1181,0.1254,11.844,0.0772,0.9846,1
"1","elderly_disabled_i > 0.500 & married <= 0.500 & rawben_rel_max > 0.991 & utilities > 9.500","ranger",4611,0.92865,0.92216,2425,2249,0.9274,0.1012,0.123,10.078,0.0772,0.9846,1
"1","expedited_i <= 0.500 & rawben_rel_max > 0.991 & shelter_expenses_by_hh_size > 5.500","ranger",7239,0.92734,0.92216,3732,3472,0.9303,0.1562,0.1899,15.509,0.0772,0.9846,1
"1","rawben_rel_max <= 0.991 & total_deductions_by_hh_size > 7.600 & unc_rawben_rel_max <= 0.421","ranger",9969,0.92657,0.92216,4841,4470,0.9234,0.2011,0.1789,20.118,0.0772,0.9846,1
"1","cat_elig < 2.000 & count_divisible_by_100 < 1.000 & rawben_rel_max >= 0.625","xgboost",18365,0.9254,0.92215,13139,12139,0.9239,0.5461,0.6078,54.603,0.0772,0.9846,1
"1","cat_elig <= 0.500 & rawben_rel_max <= 0.993","ranger",2383,0.93118,0.92215,1204,1134,0.9419,0.051,0.0277,5.004,0.0772,0.9846,1
"1","elderly_disabled_i > 0.500 & homeless <= 0.500 & married <= 0.500 & rawben_rel_max > 0.993","ranger",5587,0.92805,0.92215,2928,2715,0.9273,0.1221,0.1488,12.168,0.0772,0.9846,1
"1","cat_elig > 0.5 & elderly_disabled_i <= 0.5 & expedited_i <= 0.5","ranger",8869,0.92682,0.92214,4690,4371,0.932,0.1966,0.2176,19.491,0.0772,0.9846,1
"1","months_since_cert_n <   30 & total_deductions_by_hh_size < 1080 & utilities <  676","xgboost",37871,0.9244,0.92214,19355,17936,0.9267,0.8069,0.7581,80.435,0.0772,0.9846,1
"1","cat_elig <   2.000 & elderly_disabled_i >=   1.000 & unc_rawben_rel_max <   0.852 & utilities < 789.000","xgboost",16195,0.92559,0.92213,10067,9299,0.9237,0.4183,0.3221,41.836,0.0772,0.9846,1
"1","cat_elig <=  0.5 & elderly_disabled_i <=  0.5 & months_since_cert_n <=  5.5 & utilities > 12.5","ranger",410,0.9439,0.92213,225,213,0.9467,0.0096,0.0058,0.935,0.0772,0.9846,1
"1","months_since_cert_n < 17.000 & rawben_rel_max >=  0.557","xgboost",25767,0.92487,0.92212,13563,12569,0.9267,0.5655,0.5949,56.365,0.0772,0.9846,1
"1","percent_abawd <=   1.5 & shelter_expenses_by_hh_size >  47.5 & shelter_expenses_by_hh_size <= 618.0","ranger",11707,0.9262,0.92212,5687,5255,0.924,0.2364,0.2225,23.634,0.0772,0.9846,1
"1","total_deductions_by_hh_size < 1320 & utilities <  992","xgboost",45469,0.92419,0.92212,22690,20982,0.9247,0.9439,0.9173,94.294,0.0772,0.9846,1
"1","cat_elig >=   1 & utilities >= 688","xgboost",6690,0.9275,0.92211,3507,3235,0.9224,0.1455,0.1534,14.574,0.0772,0.9846,1
"1","months_since_cert_n <   2.000 & rawben_rel_max >=   0.336 & unc_rawben_rel_max <   1.930 & utilities >= 503.000","xgboost",1267,0.93449,0.92211,767,709,0.9244,0.0319,0.0296,3.187,0.0772,0.9846,1
"1","unc_rawben_rel_max >=  -0.392 & utilities >= 680.000","xgboost",7261,0.92728,0.92211,3751,3467,0.9243,0.156,0.1561,15.588,0.0772,0.9846,1
"1","married <=   0.5 & total_deductions_by_hh_size >   2.8 & total_deductions_by_hh_size <= 246.0","ranger",8096,0.927,0.9221,4187,3887,0.9283,0.1749,0.1433,17.4,0.0772,0.9846,1
"1","elderly_disabled_i <   1.000 & rawben_rel_max >=   0.376 & total_deductions_by_hh_size < 803.000 & utilities >= 534.000","xgboost",1586,0.93317,0.92209,871,822,0.9437,0.037,0.0346,3.62,0.0772,0.9846,1
"1","children_i < 1 & married < 1","xgboost",46252,0.92413,0.92208,23681,21893,0.9245,0.9849,0.9659,98.413,0.0772,0.9846,1
"1","count_divisible_by_100 <    2 & shelter_expenses_by_hh_size < 1860","xgboost",46486,0.92413,0.92208,23653,21893,0.9256,0.9849,0.9502,98.296,0.0772,0.9846,1
"1","expedited_i <=  0.500 & rawben_rel_max >  0.266 & shelter_expenses_by_hh_size > 16.500 & unc_rawben_rel_max >  0.993","ranger",7205,0.92727,0.92208,3692,3436,0.9307,0.1546,0.1879,15.343,0.0772,0.9846,1
"1","months_since_cert_n <   22 & shelter_expenses_by_hh_size < 2300 & total_deductions_by_hh_size >=  415 & utilities >=  643","xgboost",6421,0.92758,0.92208,3502,3234,0.9235,0.1455,0.1492,14.553,0.0772,0.9846,1
"1","count_divisible_by_100 <    2 & total_deductions_by_hh_size < 1560 & utilities <  585","xgboost",36966,0.92436,0.92207,18516,17158,0.9267,0.7719,0.7375,76.948,0.0772,0.9846,1
"1","count_divisible_by_100 <  1.00 & homeless <  1.00 & medical_deductions < 10.00 & unc_rawben_rel_max >= -1.17","xgboost",37460,0.92435,0.92207,19353,17942,0.9271,0.8072,0.7703,80.426,0.0772,0.9846,1
"1","count_divisible_by_100 >=   1 & medical_deductions < 185 & utilities >= 503 & utilities < 680","xgboost",242,0.95041,0.92207,153,132,0.8627,0.0059,0.0121,0.636,0.0772,0.9846,1
"1","medical_deductions < 429.00 & percent_abawd <   0.50 & unc_rawben_rel_max <   1.27","xgboost",37209,0.92435,0.92206,18810,17385,0.9242,0.7821,0.6976,78.17,0.0772,0.9846,1
"1","months_since_cert_n <  16.000 & unc_rawben_rel_max >=  -0.004 & utilities < 426.000","xgboost",22035,0.92503,0.92206,11536,10721,0.9294,0.4823,0.4632,47.941,0.0772,0.9846,1
"1","months_since_cert_n < 8.000 & rawben_rel_max < 0.504","xgboost",8224,0.92692,0.92206,4002,3711,0.9273,0.167,0.1379,16.631,0.0772,0.9846,1
"1","count_divisible_by_100 <= 1.500 & elderly_disabled_i > 0.500 & percent_abawd <= 0.500 & rawben_rel_max > 0.991","ranger",5806,0.92783,0.92205,3049,2824,0.9262,0.127,0.1574,12.671,0.0772,0.9846,1
"1","expedited_i <    1 & shelter_expenses_by_hh_size < 1640 & utilities >=  493","xgboost",12671,0.92597,0.92205,6566,6052,0.9217,0.2723,0.2628,27.287,0.0772,0.9846,1
"1","months_since_cert_n >=    1.00 & total_deductions_by_hh_size < 1120.00 & unc_rawben_rel_max <    2.52","xgboost",42493,0.92418,0.92204,21687,20079,0.9259,0.9033,0.8594,90.126,0.0772,0.9846,1
"1","shelter_expenses_by_hh_size >= 1150.00 & shelter_expenses_by_hh_size < 1190.00 & total_deductions_by_hh_size <  821.00 & unc_rawben_rel_max <    1.81","xgboost",687,0.93886,0.92204,323,293,0.9071,0.0132,0.0146,1.342,0.0772,0.9846,1
"1","cat_elig > 1.5 & children_i > 0.5 & count_divisible_by_100 > 0.5 & months_since_cert_n > 0.5","ranger",32,1,0.92203,0,0,NA,0,0,0,0.0772,0.9846,1
"1","children_i <   1 & medical_deductions < 599","xgboost",46313,0.92408,0.92203,23692,21912,0.9249,0.9858,0.961,98.458,0.0772,0.9846,1
"1","count_divisible_by_100 <   1 & percent_abawd <   1 & total_deductions_by_hh_size >=   9 & total_deductions_by_hh_size < 159","xgboost",4349,0.92872,0.92203,2217,2045,0.9224,0.092,0.0824,9.213,0.0772,0.9846,1
"1","count_divisible_by_100 >  0.5 & elderly_disabled_i <=  0.5 & utilities >  5.0 & utilities <= 53.0","ranger",32,1,0.92203,27,26,0.963,0.0012,0.001,0.112,0.0772,0.9846,1
"1","months_since_cert_n >=  21.000 & shelter_expenses_by_hh_size >= 205.000 & shelter_expenses_by_hh_size < 730.000 & unc_rawben_rel_max >=  -0.744","xgboost",1557,0.9332,0.92203,737,665,0.9023,0.0299,0.0323,3.063,0.0772,0.9846,1
"1","total_deductions_by_hh_size > 4.5 & total_deductions_by_hh_size <= 7.6 & utilities > 5.0","ranger",32,1,0.92203,18,17,0.9444,8e-04,3e-04,0.075,0.0772,0.9846,1
"1","children_i < 1 & count_divisible_by_100 < 1","xgboost",44666,0.9241,0.92202,22800,21095,0.9252,0.949,0.919,94.751,0.0772,0.9846,1
"1","rawben_rel_max <   0.45 & total_deductions_by_hh_size >=  55.00 & total_deductions_by_hh_size < 600.00 & utilities < 417.00","xgboost",4549,0.92856,0.92202,2260,2113,0.935,0.0951,0.0733,9.392,0.0772,0.9846,1
"1","count_divisible_by_100 >=    1.000 & rawben_rel_max <    0.405 & shelter_expenses_by_hh_size >=  400.000 & shelter_expenses_by_hh_size < 1860.000","xgboost",319,0.94671,0.92201,150,137,0.9133,0.0062,0.0078,0.623,0.0772,0.9846,1
"1","rawben_rel_max <   0.5 & shelter_expenses_by_hh_size >= 400.0 & total_deductions_by_hh_size >=   9.0 & utilities < 452.0","xgboost",5803,0.9278,0.92201,2996,2787,0.9302,0.1254,0.0944,12.451,0.0772,0.9846,1
"1","children_i <    1.000 & months_since_cert_n >=    5.000 & shelter_expenses_by_hh_size < 1210.000 & unc_rawben_rel_max >=    0.876","xgboost",8244,0.92686,0.922,4247,3897,0.9176,0.1753,0.2345,17.65,0.0772,0.9846,1
"1","children_i <   1.00 & total_deductions_by_hh_size < 297.00 & unc_rawben_rel_max <   1.23 & utilities >= 488.00","xgboost",1432,0.93366,0.922,717,667,0.9303,0.03,0.0266,2.98,0.0772,0.9846,1
"1","months_since_cert_n >  35.5 & total_deductions_by_hh_size <= 532.0 & utilities >   8.0","ranger",93,0.96774,0.922,42,40,0.9524,0.0018,9e-04,0.175,0.0772,0.9846,1
"1","shelter_expenses_by_hh_size < 440 & total_deductions_by_hh_size <  92 & utilities >=  30","xgboost",2596,0.93066,0.922,1331,1228,0.9226,0.0552,0.0485,5.531,0.0772,0.9846,1
"1","shelter_expenses_by_hh_size >= 476 & shelter_expenses_by_hh_size < 531 & utilities < 585","xgboost",1804,0.93237,0.92199,702,645,0.9188,0.029,0.031,2.917,0.0772,0.9846,1
"1","medical_deductions <  117.00 & months_since_cert_n >=    6.00 & shelter_expenses_by_hh_size < 1640.00 & unc_rawben_rel_max <    1.86","xgboost",20851,0.92504,0.92198,10759,9946,0.9244,0.4475,0.4309,44.712,0.0772,0.9846,1
"1","medical_deductions > 145.000 & medical_deductions <= 804.000 & rawben_rel_max >   0.991 & utilities >  14.500","ranger",226,0.95133,0.92198,110,97,0.8818,0.0044,0.0119,0.457,0.0772,0.9846,1
"1","months_since_cert_n >=    6.00 & rawben_rel_max <    0.64 & total_deductions_by_hh_size < 1450.00","xgboost",11765,0.92605,0.92198,5945,5494,0.9241,0.2472,0.1994,24.706,0.0772,0.9846,1
"1","shelter_expenses_by_hh_size >= 314 & total_deductions_by_hh_size >=  47 & total_deductions_by_hh_size < 390 & utilities < 688","xgboost",9907,0.92642,0.92198,4973,4619,0.9288,0.2078,0.1587,20.667,0.0772,0.9846,1
"1","cat_elig > 0.50 & homeless <= 0.50 & months_since_cert_n <= 5.50 & unc_rawben_rel_max <= 1.93","ranger",17525,0.92531,0.92197,8849,8237,0.9308,0.3706,0.3292,36.774,0.0772,0.9846,1
"1","cat_elig >=   1 & utilities < 361","xgboost",19461,0.92513,0.92197,9647,8956,0.9284,0.4029,0.4072,40.091,0.0772,0.9846,1
"1","children_i <    1.000 & rawben_rel_max <    0.384 & shelter_expenses_by_hh_size < 1970.000 & unc_rawben_rel_max >=   -0.016","xgboost",8545,0.92674,0.92197,4255,3945,0.9271,0.1775,0.1373,17.683,0.0772,0.9846,1
"1","elderly_disabled_i >   0.500 & homeless <=   0.500 & rawben_rel_max <=   0.991 & total_deductions_by_hh_size <= 650.000","ranger",20977,0.92501,0.92197,10448,9684,0.9269,0.4357,0.3252,43.419,0.0772,0.9846,1
"1","homeless <=  0.5000 & rawben_rel_max <=  0.2180 & unc_rawben_rel_max > -0.0443 & utilities >  5.0000","ranger",3190,0.92978,0.92197,1504,1400,0.9309,0.063,0.0531,6.25,0.0772,0.9846,1
"1","months_since_cert_n >= 5 & months_since_cert_n < 6","xgboost",3379,0.92956,0.92197,1728,1601,0.9265,0.072,0.0699,7.181,0.0772,0.9846,1
"1","percent_abawd <   0.5 & total_deductions_by_hh_size < 910.0 & utilities >= 577.0","xgboost",8003,0.9269,0.92197,3673,3382,0.9208,0.1522,0.1431,15.264,0.0772,0.9846,1
"1","cat_elig <   1.000 & rawben_rel_max >=   0.959 & total_deductions_by_hh_size >= 595.000 & utilities >= 284.000","xgboost",334,0.94611,0.92196,168,163,0.9702,0.0073,0.0036,0.698,0.0772,0.9846,1
"1","cat_elig <= 0.500 & married <= 0.500 & months_since_cert_n > 4.500 & rawben_rel_max > 0.164","ranger",1666,0.93277,0.92196,917,862,0.94,0.0388,0.0268,3.811,0.0772,0.9846,1
"1","months_since_cert_n <   22 & total_deductions_by_hh_size < 1450","xgboost",42673,0.9241,0.92196,21959,20329,0.9258,0.9146,0.8873,91.256,0.0772,0.9846,1
"1","months_since_cert_n >=  20 & total_deductions_by_hh_size < 616","xgboost",3459,0.92946,0.92196,1504,1380,0.9176,0.0621,0.057,6.25,0.0772,0.9846,1
"1","shelter_expenses_by_hh_size >=  54 & total_deductions_by_hh_size < 527 & utilities < 844","xgboost",19233,0.92513,0.92195,9603,8898,0.9266,0.4003,0.3226,39.908,0.0772,0.9846,1
"1","cat_elig <=   0.500 & elderly_disabled_i <=   0.500 & unc_rawben_rel_max >   0.994 & utilities > 446.000","ranger",128,0.96094,0.92193,30,29,0.9667,0.0013,3e-04,0.125,0.0772,0.9846,1
"1","expedited_i <=   0.500 & shelter_expenses_by_hh_size <= 852.000 & total_deductions_by_hh_size <= 532.000 & unc_rawben_rel_max <=   0.991","ranger",17017,0.92531,0.92193,8452,7853,0.9291,0.3533,0.2626,35.124,0.0772,0.9846,1
"1","medical_deductions < 78.000 & months_since_cert_n >= 32.000 & months_since_cert_n < 35.000 & rawben_rel_max <  0.336","xgboost",128,0.96094,0.92193,46,45,0.9783,0.002,3e-04,0.191,0.0772,0.9846,1
"1","percent_abawd <   0.500 & unc_rawben_rel_max >=  -0.392 & utilities < 370.000","xgboost",19477,0.92509,0.92193,9318,8651,0.9284,0.3892,0.3702,38.723,0.0772,0.9846,1
"1","cat_elig <= 0.500 & expedited_i <= 0.500 & medical_deductions > 3.500 & unc_rawben_rel_max <= 0.266","ranger",194,0.95361,0.92192,88,86,0.9773,0.0039,6e-04,0.366,0.0772,0.9846,1
"1","cat_elig >   0.5 & children_i <=   0.5 & married <=   0.5 & medical_deductions <= 120.0","ranger",38882,0.92416,0.92192,19982,18497,0.9257,0.8321,0.8216,83.04,0.0772,0.9846,1
"1","homeless < 1.00 & unc_rawben_rel_max < 1.77","xgboost",40714,0.9241,0.92192,20902,19350,0.9257,0.8705,0.7957,86.864,0.0772,0.9846,1
"1","medical_deductions <=    4.5 & shelter_expenses_by_hh_size >   14.5 & utilities >  428.0 & utilities <= 1020.0","ranger",16790,0.92531,0.92191,7977,7337,0.9198,0.3301,0.3453,33.15,0.0772,0.9846,1
"1","months_since_cert_n >=    4 & months_since_cert_n <    5 & shelter_expenses_by_hh_size < 1340 & utilities >=  714","xgboost",288,0.94792,0.92191,141,130,0.922,0.0058,0.006,0.586,0.0772,0.9846,1
"1","cat_elig < 2 & homeless < 1","xgboost",30567,0.92443,0.9219,21176,19495,0.9206,0.877,0.908,88.002,0.0772,0.9846,1
"1","cat_elig <= 1.500 & elderly_disabled_i > 0.500 & rawben_rel_max > 0.991 & shelter_expenses_by_hh_size <= 5.500","ranger",657,0.93912,0.9219,508,483,0.9508,0.0217,0.018,2.111,0.0772,0.9846,1
"1","cat_elig >= 1.0 & months_since_cert_n < 5.0 & rawben_rel_max >= 0.1","xgboost",15217,0.92548,0.9219,7741,7206,0.9309,0.3242,0.2919,32.17,0.0772,0.9846,1
"1","homeless <  1.000 & months_since_cert_n >=  6.000 & months_since_cert_n < 10.000 & rawben_rel_max <  0.608","xgboost",4047,0.92884,0.9219,2093,1938,0.9259,0.0872,0.0733,8.698,0.0772,0.9846,1
"1","months_since_cert_n < 23.00 & unc_rawben_rel_max <  2.52","xgboost",43446,0.92402,0.9219,22381,20714,0.9255,0.9319,0.9059,93.01,0.0772,0.9846,1
"1","months_since_cert_n <=   5.5 & shelter_expenses_by_hh_size >  16.5 & utilities > 430.0","ranger",7453,0.92701,0.9219,3849,3552,0.9228,0.1598,0.1561,15.996,0.0772,0.9846,1
"1","total_deductions_by_hh_size <= 513 & utilities >   5","ranger",16410,0.92535,0.9219,8120,7532,0.9276,0.3389,0.2705,33.745,0.0772,0.9846,1
"1","total_deductions_by_hh_size >=   9.00 & total_deductions_by_hh_size < 650.00 & unc_rawben_rel_max <   1.02 & utilities >= 452.00","xgboost",7797,0.92689,0.9219,3635,3338,0.9183,0.1502,0.1351,15.106,0.0772,0.9846,1
"1","months_since_cert_n < 11.000 & rawben_rel_max >=  0.433 & unc_rawben_rel_max <  1.270","xgboost",20304,0.92499,0.92189,10647,9861,0.9262,0.4436,0.4129,44.246,0.0772,0.9846,1
"1","months_since_cert_n <=    5.5 & utilities >  428.0 & utilities <= 1020.0","ranger",7557,0.92696,0.92188,3522,3245,0.9214,0.146,0.1452,14.637,0.0772,0.9846,1
"1","months_since_cert_n >= 2.000 & rawben_rel_max < 0.608","xgboost",16403,0.92532,0.92187,8257,7632,0.9243,0.3434,0.2807,34.314,0.0772,0.9846,1
"1","children_i <=   0.500 & elderly_disabled_i >   0.500 & medical_deductions <= 130.000 & rawben_rel_max >   0.991","ranger",5460,0.92784,0.92186,2919,2707,0.9274,0.1218,0.1443,12.131,0.0772,0.9846,1
"1","months_since_cert_n >=   29.000 & rawben_rel_max >=    0.344 & total_deductions_by_hh_size < 1010.000 & utilities >=  703.000","xgboost",453,0.9426,0.92186,138,130,0.942,0.0058,0.0057,0.573,0.0772,0.9846,1
"1","unc_rawben_rel_max < 2.52","xgboost",46909,0.9239,0.92186,23943,22141,0.9247,0.9961,0.9748,99.501,0.0772,0.9846,1
"1","cat_elig >=    1 & shelter_expenses_by_hh_size < 1320 & total_deductions_by_hh_size <  821 & utilities <  750","xgboost",33850,0.92425,0.92185,17003,15775,0.9278,0.7097,0.6458,70.66,0.0772,0.9846,1
"1","homeless <    1.000 & months_since_cert_n <    6.000 & total_deductions_by_hh_size < 1320.000 & unc_rawben_rel_max >=   -0.004","xgboost",18150,0.92512,0.92185,9344,8695,0.9305,0.3912,0.3448,38.831,0.0772,0.9846,1
"1","rawben_rel_max >=    0.916 & shelter_expenses_by_hh_size >= 1230.000 & total_deductions_by_hh_size < 1270.000 & utilities >=  424.000","xgboost",2156,0.93135,0.92185,1249,1168,0.9351,0.0525,0.0581,5.191,0.0772,0.9846,1
"1","medical_deductions <   6 & months_since_cert_n >=  11 & total_deductions_by_hh_size < 600","xgboost",7831,0.92683,0.92184,3917,3622,0.9247,0.1629,0.146,16.278,0.0772,0.9846,1
"1","months_since_cert_n <   2.000 & rawben_rel_max >=   0.471 & utilities >= 596.000","xgboost",842,0.93705,0.92184,451,420,0.9313,0.0189,0.0165,1.874,0.0772,0.9846,1
"1","rawben_rel_max <  0.0840 & unc_rawben_rel_max >= -0.0344 & utilities >= 48.0000","xgboost",941,0.93624,0.92184,465,432,0.929,0.0194,0.0221,1.932,0.0772,0.9846,1
"1","rawben_rel_max >=   0.692 & unc_rawben_rel_max >=   0.684 & utilities < 789.000","xgboost",22640,0.92478,0.92184,11047,10219,0.925,0.4597,0.5183,45.909,0.0772,0.9846,1
"1","cat_elig > 0.50 & homeless <= 0.50 & medical_deductions <= 0.50 & unc_rawben_rel_max <= 1.93","ranger",34899,0.92418,0.92182,18005,16678,0.9263,0.7503,0.7282,74.824,0.0772,0.9846,1
"1","shelter_expenses_by_hh_size >   5.5 & total_deductions_by_hh_size <= 509.0","ranger",19528,0.92498,0.92182,9733,9036,0.9284,0.4065,0.3238,40.448,0.0772,0.9846,1
"1","cat_elig <   3 & medical_deductions < 212","xgboost",46183,0.92387,0.92181,23773,21998,0.9253,0.9897,0.9674,98.795,0.0772,0.9846,1
"1","cat_elig >= 1.000 & rawben_rel_max >= 0.732","xgboost",22344,0.92477,0.92181,11655,10767,0.9238,0.4844,0.5668,48.435,0.0772,0.9846,1
"1","expedited_i >    0.500 & shelter_expenses_by_hh_size >   14.000 & total_deductions_by_hh_size <= 1300.000 & unc_rawben_rel_max >    0.792","ranger",2291,0.93103,0.92181,1175,1075,0.9149,0.0484,0.0732,4.883,0.0772,0.9846,1
"1","total_deductions_by_hh_size <= 515.0 & utilities >  30.5","ranger",16010,0.9253,0.92181,7928,7339,0.9257,0.3302,0.2685,32.947,0.0772,0.9846,1
"1","cat_elig <=   0.5 & elderly_disabled_i >   0.5 & total_deductions_by_hh_size <= 774.0 & utilities <=   5.0","ranger",482,0.94191,0.92179,270,253,0.937,0.0114,0.0089,1.122,0.0772,0.9846,1
"1","elderly_disabled_i >=   1.00 & shelter_expenses_by_hh_size < 400.00 & total_deductions_by_hh_size <   4.40 & unc_rawben_rel_max >=   1.21","xgboost",423,0.94326,0.92179,1,1,1,0,0,0.004,0.0772,0.9846,1
"1","percent_abawd <   0.500 & rawben_rel_max <   0.992 & total_deductions_by_hh_size < 303.000 & unc_rawben_rel_max >=  -0.056","xgboost",10145,0.92617,0.92179,5334,4955,0.9289,0.2229,0.1696,22.167,0.0772,0.9846,1
"1","cat_elig <=    1.5 & shelter_expenses_by_hh_size <= 1640.0 & total_deductions_by_hh_size >    2.8 & utilities >  426.0","ranger",13269,0.92562,0.92178,9016,8302,0.9208,0.3735,0.3637,37.468,0.0772,0.9846,1
"1","months_since_cert_n >=  12 & total_deductions_by_hh_size < 600 & utilities < 784","xgboost",6900,0.9271,0.92178,3373,3109,0.9217,0.1399,0.1238,14.017,0.0772,0.9846,1
"1","cat_elig <=   1.5 & shelter_expenses_by_hh_size <= 724.0 & utilities >  12.5","ranger",9722,0.92625,0.92177,5816,5353,0.9204,0.2408,0.2339,24.17,0.0772,0.9846,1
"1","cat_elig >   1.50 & total_deductions_by_hh_size >   7.80 & unc_rawben_rel_max >   1.01 & utilities > 428.00","ranger",1703,0.93247,0.92177,41,39,0.9512,0.0018,0.001,0.17,0.0772,0.9846,1
"1","cat_elig >=    1 & shelter_expenses_by_hh_size < 1100 & utilities <  645","xgboost",31073,0.92428,0.92177,15547,14418,0.9274,0.6486,0.6035,64.61,0.0772,0.9846,1
"1","elderly_disabled_i >   0.500 & rawben_rel_max >   0.324 & total_deductions_by_hh_size <= 398.000 & utilities > 368.000","ranger",3370,0.92938,0.92177,1814,1692,0.9327,0.0761,0.0464,7.539,0.0772,0.9846,1
"1","elderly_disabled_i > 0.500 & homeless <= 0.500 & rawben_rel_max > 0.996 & utilities > 9.500","ranger",4508,0.92835,0.92177,2377,2209,0.9293,0.0994,0.1172,9.878,0.0772,0.9846,1
"1","count_divisible_by_100 <   1 & utilities < 493","xgboost",31107,0.92426,0.92176,15665,14530,0.9275,0.6537,0.6216,65.1,0.0772,0.9846,1
"1","months_since_cert_n >=    5 & shelter_expenses_by_hh_size < 1750 & total_deductions_by_hh_size <  697","xgboost",22016,0.92474,0.92176,11122,10255,0.922,0.4614,0.4576,46.22,0.0772,0.9846,1
"1","percent_abawd <    1.000 & shelter_expenses_by_hh_size < 1640.000 & total_deductions_by_hh_size <  848.000 & unc_rawben_rel_max >=   -0.304","xgboost",35879,0.92408,0.92175,17918,16576,0.9251,0.7457,0.6758,74.463,0.0772,0.9846,1
"1","unc_rawben_rel_max <   1.93 & utilities >= 493.00 & utilities < 583.00","xgboost",4427,0.92839,0.92175,2263,2080,0.9191,0.0936,0.0945,9.404,0.0772,0.9846,1
"1","count_divisible_by_100 <=  1.5 & elderly_disabled_i >  0.5 & medical_deductions <=  1.5 & utilities <= 30.5","ranger",5212,0.92786,0.92174,2676,2497,0.9331,0.1123,0.1007,11.121,0.0772,0.9846,1
"1","medical_deductions < 144.00 & unc_rawben_rel_max <   1.86 & utilities >= 956.00","xgboost",1052,0.93536,0.92174,1035,980,0.9469,0.0441,0.0339,4.301,0.0772,0.9846,1
"1","months_since_cert_n <  20.000 & total_deductions_by_hh_size < 888.000 & unc_rawben_rel_max >=  -0.184 & utilities < 886.000","xgboost",35382,0.92409,0.92174,18070,16748,0.9268,0.7535,0.7,75.095,0.0772,0.9846,1
"1","elderly_disabled_i <=  0.5 & months_since_cert_n <=  5.5 & total_deductions_by_hh_size > 30.6 & total_deductions_by_hh_size <= 72.6","ranger",333,0.94595,0.92173,174,168,0.9655,0.0076,0.0045,0.723,0.0772,0.9846,1
"1","married <=   0.5 & medical_deductions <=   3.5 & total_deductions_by_hh_size >   2.8 & utilities > 451.0","ranger",15171,0.92532,0.92173,7651,7057,0.9224,0.3175,0.3255,31.796,0.0772,0.9846,1
"1","medical_deductions <   4.0000 & rawben_rel_max >=   0.0928 & rawben_rel_max <   0.4640 & utilities >= 370.0000","xgboost",3543,0.92916,0.92173,1885,1760,0.9337,0.0792,0.0508,7.834,0.0772,0.9846,1
"1","months_since_cert_n >=    5.000 & shelter_expenses_by_hh_size < 1210.000 & unc_rawben_rel_max >=    0.876","xgboost",8427,0.92655,0.92173,4333,3975,0.9174,0.1788,0.2405,18.007,0.0772,0.9846,1
"1","months_since_cert_n >=  13.000 & unc_rawben_rel_max <   0.271 & utilities >= 511.000","xgboost",540,0.94074,0.92173,272,260,0.9559,0.0117,0.0067,1.13,0.0772,0.9846,1
"1","total_deductions_by_hh_size < 997.00 & unc_rawben_rel_max <   1.67 & utilities >= 580.00","xgboost",8044,0.92665,0.92173,3918,3604,0.9199,0.1621,0.1534,16.282,0.0772,0.9846,1
"1","cat_elig <=   0.500 & rawben_rel_max <=   0.993 & unc_rawben_rel_max >   0.349 & utilities > 468.000","ranger",348,0.9454,0.92172,79,75,0.9494,0.0034,0.0019,0.328,0.0772,0.9846,1
"1","cat_elig >   1.500 & rawben_rel_max >   0.991 & shelter_expenses_by_hh_size >  14.500 & utilities > 426.000","ranger",1743,0.9323,0.92172,41,39,0.9512,0.0018,0.001,0.17,0.0772,0.9846,1
"1","cat_elig >=   2 & homeless <   1 & total_deductions_by_hh_size < 205 & utilities >=  44","xgboost",1330,0.93383,0.92172,130,123,0.9462,0.0055,0.0029,0.54,0.0772,0.9846,1
"1","months_since_cert_n <   28 & percent_abawd <    1 & shelter_expenses_by_hh_size < 1460","xgboost",38238,0.92398,0.92172,19355,17898,0.9247,0.8052,0.7574,80.435,0.0772,0.9846,1
"1","percent_abawd >=   0.50 & unc_rawben_rel_max >=   1.67 & utilities >= 559.00","xgboost",348,0.9454,0.92172,194,179,0.9227,0.0081,0.0127,0.806,0.0772,0.9846,1
"1","shelter_expenses_by_hh_size >   5.5000 & total_deductions_by_hh_size <= 229.0000 & unc_rawben_rel_max >  -0.0389","ranger",7476,0.92683,0.92172,3935,3649,0.9273,0.1642,0.1328,16.353,0.0772,0.9846,1
"1","medical_deductions < 164 & total_deductions_by_hh_size < 947 & utilities >= 550","xgboost",9609,0.92622,0.92171,5291,4890,0.9242,0.22,0.2056,21.988,0.0772,0.9846,1
"1","cat_elig <   2.0 & months_since_cert_n >=  20.0 & total_deductions_by_hh_size >=   4.4 & utilities >= 417.0","xgboost",2152,0.93123,0.9217,1346,1237,0.919,0.0557,0.0553,5.594,0.0772,0.9846,1
"1","cat_elig <=  1.500 & months_since_cert_n <=  5.500 & rawben_rel_max <=  0.905 & shelter_expenses_by_hh_size <= 32.500","ranger",684,0.9386,0.9217,475,438,0.9221,0.0197,0.0234,1.974,0.0772,0.9846,1
"1","children_i <  1 & months_since_cert_n < 35","xgboost",46015,0.92376,0.9217,23570,21784,0.9242,0.98,0.9666,97.951,0.0772,0.9846,1
"1","medical_deductions <    4 & shelter_expenses_by_hh_size < 2300 & total_deductions_by_hh_size >=  393 & utilities >=  475","xgboost",11235,0.92586,0.92169,5583,5166,0.9253,0.2324,0.2341,23.202,0.0772,0.9846,1
"1","medical_deductions <=   4.5 & shelter_expenses_by_hh_size >  14.5 & utilities > 428.0","ranger",16795,0.9251,0.92169,8692,8021,0.9228,0.3609,0.3637,36.122,0.0772,0.9846,1
"1","months_since_cert_n <   11.000 & rawben_rel_max >=    0.984 & unc_rawben_rel_max >=    1.240 & utilities >= 1010.000","xgboost",161,0.95652,0.92169,197,189,0.9594,0.0085,0.0043,0.819,0.0772,0.9846,1
"1","rawben_rel_max >=    0.873 & shelter_expenses_by_hh_size >= 1110.000 & total_deductions_by_hh_size < 1200.000","xgboost",3702,0.92896,0.92169,2074,1909,0.9204,0.0859,0.1175,8.619,0.0772,0.9846,1
"1","cat_elig <   1.0 & percent_abawd <   0.5 & utilities >= 424.0","xgboost",939,0.9361,0.92168,516,485,0.9399,0.0218,0.0139,2.144,0.0772,0.9846,1
"1","cat_elig <=   0.50 & unc_rawben_rel_max <=   1.96 & utilities >   7.50 & utilities <= 553.00","ranger",2097,0.93133,0.92168,1099,1036,0.9427,0.0466,0.0286,4.567,0.0772,0.9846,1
"1","married <   1.00 & medical_deductions < 196.00 & rawben_rel_max >=   0.62","xgboost",27390,0.92435,0.92168,14200,13158,0.9266,0.592,0.6301,59.012,0.0772,0.9846,1
"1","percent_abawd <    0.5 & shelter_expenses_by_hh_size < 1530.0","xgboost",40472,0.92387,0.92168,20334,18794,0.9243,0.8455,0.8039,84.503,0.0772,0.9846,1
"1","children_i < 1","xgboost",46395,0.92372,0.92167,23730,21935,0.9244,0.9868,0.9724,98.616,0.0772,0.9846,1
"1","months_since_cert_n >   0.5 & shelter_expenses_by_hh_size >  14.5 & total_deductions_by_hh_size <= 513.0","ranger",18513,0.92492,0.92167,9230,8567,0.9282,0.3854,0.3064,38.358,0.0772,0.9846,1
"1","months_since_cert_n >=  12 & months_since_cert_n <  25 & total_deductions_by_hh_size < 600","xgboost",5566,0.9276,0.92167,2841,2615,0.9205,0.1176,0.1066,11.807,0.0772,0.9846,1
"1","shelter_expenses_by_hh_size < 723 & total_deductions_by_hh_size < 535 & utilities >= 483 & utilities < 600","xgboost",1783,0.93214,0.92167,719,665,0.9249,0.0299,0.0256,2.988,0.0772,0.9846,1
"1","rawben_rel_max >=   0.801 & total_deductions_by_hh_size >= 749.000 & unc_rawben_rel_max <   1.900","xgboost",4315,0.92839,0.92166,2357,2170,0.9207,0.0976,0.1201,9.795,0.0772,0.9846,1
"1","cat_elig <=  0.5 & elderly_disabled_i <=  0.5 & months_since_cert_n <=  6.5 & total_deductions_by_hh_size > 54.5","ranger",554,0.94043,0.92165,287,274,0.9547,0.0123,0.0056,1.193,0.0772,0.9846,1
"1","children_i <= 0.50 & homeless <= 0.50 & unc_rawben_rel_max <= 1.93","ranger",41714,0.92381,0.92165,21417,19807,0.9248,0.8911,0.8476,89.004,0.0772,0.9846,1
"1","rawben_rel_max <    0.328 & shelter_expenses_by_hh_size < 1110.000 & total_deductions_by_hh_size >=  218.000 & total_deductions_by_hh_size < 1200.000","xgboost",2881,0.92989,0.92165,1350,1258,0.9319,0.0566,0.0525,5.61,0.0772,0.9846,1
"1","shelter_expenses_by_hh_size >= 730 & total_deductions_by_hh_size >= 426 & utilities >= 643","xgboost",7640,0.9267,0.92164,4156,3846,0.9254,0.173,0.174,17.271,0.0772,0.9846,1
"1","cat_elig >=    2 & shelter_expenses_by_hh_size < 1560 & total_deductions_by_hh_size <  764","xgboost",11542,0.92575,0.92163,927,878,0.9471,0.0395,0.0235,3.852,0.0772,0.9846,1
"1","elderly_disabled_i > 0.500 & percent_abawd <= 0.500 & rawben_rel_max > 0.991","ranger",5815,0.92743,0.92163,3051,2826,0.9263,0.1271,0.1574,12.679,0.0772,0.9846,1
"1","months_since_cert_n <   2.000 & rawben_rel_max >=   0.729 & shelter_expenses_by_hh_size >= 430.000 & utilities >= 405.000","xgboost",1439,0.93329,0.92163,726,674,0.9284,0.0303,0.0285,3.017,0.0772,0.9846,1
"1","unc_rawben_rel_max > -0.00915 & unc_rawben_rel_max <=  0.34400","ranger",7520,0.92673,0.92163,3761,3495,0.9293,0.1572,0.122,15.63,0.0772,0.9846,1
"1","months_since_cert_n >   5.5 & total_deductions_by_hh_size >   2.7 & total_deductions_by_hh_size <= 296.0","ranger",5469,0.92759,0.92161,2830,2614,0.9237,0.1176,0.0991,11.761,0.0772,0.9846,1
"1","rawben_rel_max >=    0.801 & total_deductions_by_hh_size >=  749.000 & total_deductions_by_hh_size < 1020.000 & unc_rawben_rel_max <    1.900","xgboost",2987,0.9297,0.92161,1589,1466,0.9226,0.066,0.0762,6.603,0.0772,0.9846,1
"1","total_deductions_by_hh_size >   2.80 & total_deductions_by_hh_size <= 246.00 & unc_rawben_rel_max <=   1.96","ranger",8123,0.9265,0.9216,4196,3896,0.9285,0.1753,0.1433,17.438,0.0772,0.9846,1
"1","elderly_disabled_i > 0.500 & married <= 0.500 & unc_rawben_rel_max > 0.991","ranger",5812,0.92739,0.92159,3054,2825,0.925,0.1271,0.16,12.692,0.0772,0.9846,1
"1","married <=   0.5 & months_since_cert_n <=   4.5 & shelter_expenses_by_hh_size >  14.5 & utilities > 428.0","ranger",6249,0.92719,0.92159,3158,2913,0.9224,0.1311,0.129,13.124,0.0772,0.9846,1
"1","rawben_rel_max >=   0.988 & total_deductions_by_hh_size < 675.000 & utilities >= 361.000","xgboost",3161,0.92945,0.92159,1575,1467,0.9314,0.066,0.0799,6.545,0.0772,0.9846,1
"1","elderly_disabled_i <   1 & homeless >=   1 & shelter_expenses_by_hh_size >= 507 & utilities >= 318","xgboost",256,0.94922,0.92158,118,114,0.9661,0.0051,0.004,0.49,0.0772,0.9846,1
"1","medical_deductions >   3.5 & total_deductions_by_hh_size > 146.0 & total_deductions_by_hh_size <= 302.0","ranger",539,0.94063,0.92158,241,222,0.9212,0.01,0.0069,1.002,0.0772,0.9846,1
"1","medical_deductions >   3.500 & rawben_rel_max >   0.325 & unc_rawben_rel_max >   0.991 & utilities > 600.000","ranger",256,0.94922,0.92158,123,116,0.9431,0.0052,0.006,0.511,0.0772,0.9846,1
"1","cat_elig <=   1.500 & rawben_rel_max <=   0.987 & total_deductions_by_hh_size >   2.500 & total_deductions_by_hh_size <= 187.000","ranger",3870,0.92868,0.92157,2477,2269,0.916,0.1021,0.0967,10.294,0.0772,0.9846,1
"1","months_since_cert_n >   6.500 & rawben_rel_max >   0.991 & total_deductions_by_hh_size > 676.000","ranger",2460,0.93049,0.92157,1369,1282,0.9364,0.0577,0.0577,5.689,0.0772,0.9846,1
"1","medical_deductions <  599 & shelter_expenses_by_hh_size < 2300","xgboost",46928,0.92361,0.92156,23932,22135,0.9249,0.9958,0.9694,99.456,0.0772,0.9846,1
"1","medical_deductions < 164.0 & percent_abawd <   0.5 & total_deductions_by_hh_size < 947.0 & utilities >= 550.0","xgboost",8960,0.92623,0.92156,4908,4539,0.9248,0.2042,0.1829,20.396,0.0772,0.9846,1
"1","months_since_cert_n >=   4.0000 & rawben_rel_max >=   0.0928 & utilities >= 886.0000","xgboost",1534,0.93286,0.92156,1305,1222,0.9364,0.055,0.0495,5.423,0.0772,0.9846,1
"1","months_since_cert_n >= 34.000 & rawben_rel_max <  0.616 & total_deductions_by_hh_size >= 59.000","xgboost",177,0.9548,0.92156,74,71,0.9595,0.0032,0.0011,0.308,0.0772,0.9846,1
"1","cat_elig > 0.5 & count_divisible_by_100 <= 0.5 & medical_deductions <= 0.5","ranger",37472,0.92384,0.92155,19223,17804,0.9262,0.801,0.7934,79.886,0.0772,0.9846,1
"1","cat_elig >=    1 & months_since_cert_n >=   11 & shelter_expenses_by_hh_size < 1000 & total_deductions_by_hh_size <  567","xgboost",6919,0.92687,0.92155,3496,3218,0.9205,0.1448,0.1364,14.529,0.0772,0.9846,1
"1","married <=  0.500 & percent_abawd >  0.750 & unc_rawben_rel_max >  0.991 & utilities > 30.500","ranger",1244,0.93408,0.92154,618,579,0.9369,0.026,0.0329,2.568,0.0772,0.9846,1
"1","cat_elig >= 1.000 & count_divisible_by_100 >= 1.000 & unc_rawben_rel_max >= 0.836","xgboost",881,0.93644,0.92153,488,446,0.9139,0.0201,0.0307,2.028,0.0772,0.9846,1
"1","elderly_disabled_i >  0.5000 & rawben_rel_max <=  0.0850 & unc_rawben_rel_max > -0.0149 & unc_rawben_rel_max <=  0.3120","ranger",1049,0.93518,0.92152,504,476,0.9444,0.0214,0.015,2.095,0.0772,0.9846,1
"1","homeless >   0.500 & rawben_rel_max >   0.991 & total_deductions_by_hh_size > 189.000","ranger",377,0.9443,0.92151,174,169,0.9713,0.0076,0.0035,0.723,0.0772,0.9846,1
"1","months_since_cert_n >=   5.000 & months_since_cert_n <   8.000 & unc_rawben_rel_max >=   0.868 & utilities < 585.000","xgboost",2916,0.9297,0.92151,1486,1377,0.9266,0.0619,0.0766,6.175,0.0772,0.9846,1
"1","months_since_cert_n <   5.000 & rawben_rel_max <   0.227 & shelter_expenses_by_hh_size >= 841.000 & total_deductions_by_hh_size < 474.000","xgboost",332,0.94578,0.9215,171,168,0.9825,0.0076,9e-04,0.711,0.0772,0.9846,1
"1","unc_rawben_rel_max <   1.99 & utilities >= 493.00","xgboost",14383,0.92519,0.9215,7530,6931,0.9205,0.3118,0.3134,31.293,0.0772,0.9846,1
"1","months_since_cert_n <   4.000 & rawben_rel_max >=   0.988 & shelter_expenses_by_hh_size >= 755.000","xgboost",2024,0.93132,0.92149,1069,993,0.9289,0.0447,0.0543,4.443,0.0772,0.9846,1
"1","cat_elig >  1.500 & months_since_cert_n <= 10.500 & rawben_rel_max >  0.998 & total_deductions_by_hh_size > 29.900","ranger",2295,0.93072,0.92148,146,139,0.9521,0.0063,0.0043,0.607,0.0772,0.9846,1
"1","count_divisible_by_100 <    2 & total_deductions_by_hh_size < 1560","xgboost",46736,0.92353,0.92148,23828,22037,0.9248,0.9914,0.968,99.023,0.0772,0.9846,1
"1","total_deductions_by_hh_size >=  22.40 & total_deductions_by_hh_size < 329.00 & unc_rawben_rel_max <   1.48 & utilities < 612.00","xgboost",9894,0.92591,0.92147,5009,4656,0.9295,0.2095,0.1687,20.816,0.0772,0.9846,1
"1","cat_elig <= 0.5 & elderly_disabled_i <= 0.5 & total_deductions_by_hh_size > 1.5","ranger",753,0.93758,0.92146,374,357,0.9545,0.0161,0.0076,1.554,0.0772,0.9846,1
"1","cat_elig >=   3.00 & rawben_rel_max >=   0.08 & utilities < 875.00","xgboost",271,0.94834,0.92146,0,0,NA,0,0,0,0.0772,0.9846,1
"1","children_i <= 0.500 & elderly_disabled_i > 0.500 & months_since_cert_n <= 0.500 & rawben_rel_max > 0.991","ranger",271,0.94834,0.92146,140,132,0.9429,0.0059,0.0046,0.582,0.0772,0.9846,1
"1","homeless <    1 & medical_deductions <  599 & shelter_expenses_by_hh_size < 1400","xgboost",40117,0.92367,0.92146,20405,18894,0.9259,0.85,0.7925,84.798,0.0772,0.9846,1
"1","cat_elig >   0.5 & children_i <=   0.5 & medical_deductions <= 120.0","ranger",38998,0.92369,0.92145,20026,18534,0.9255,0.8338,0.8281,83.223,0.0772,0.9846,1
"1","elderly_disabled_i <= 0.5 & expedited_i <= 0.5 & homeless <= 0.5 & medical_deductions <= 3.5","ranger",8489,0.92626,0.92145,4533,4218,0.9305,0.1898,0.2114,18.838,0.0772,0.9846,1
"1","months_since_cert_n >=   2.000 & months_since_cert_n <   3.000 & rawben_rel_max >=   0.712 & utilities >= 875.000","xgboost",144,0.95833,0.92145,75,71,0.9467,0.0032,0.0021,0.312,0.0772,0.9846,1
"1","rawben_rel_max >=    0.636 & total_deductions_by_hh_size < 1560.000 & unc_rawben_rel_max >=   -0.347","xgboost",27297,0.92413,0.92145,14132,13082,0.9257,0.5885,0.636,58.729,0.0772,0.9846,1
"1","shelter_expenses_by_hh_size >= 730 & utilities >= 643","xgboost",8055,0.92638,0.92145,4361,4037,0.9257,0.1816,0.1809,18.123,0.0772,0.9846,1
"1","cat_elig <=   0.5 & married <=   0.5 & medical_deductions >  96.2 & total_deductions_by_hh_size <= 290.0","ranger",110,0.96364,0.92144,55,51,0.9273,0.0023,0.0019,0.229,0.0772,0.9846,1
"1","children_i >=   1 & married >=   1 & utilities >= 350","xgboost",110,0.96364,0.92144,53,51,0.9623,0.0023,0.001,0.22,0.0772,0.9846,1
"1","homeless <    1 & medical_deductions <  599 & months_since_cert_n <   26 & shelter_expenses_by_hh_size < 1400","xgboost",38014,0.92371,0.92144,19533,18086,0.9259,0.8137,0.758,81.174,0.0772,0.9846,1
"1","expedited_i <= 0.5 & married <= 0.5 & medical_deductions <= 0.5","ranger",35787,0.92377,0.92143,18574,17203,0.9262,0.7739,0.7329,77.189,0.0772,0.9846,1
"1","medical_deductions < 196.00 & rawben_rel_max >=   0.62","xgboost",27612,0.92409,0.92143,14294,13245,0.9266,0.5959,0.636,59.402,0.0772,0.9846,1
"1","months_since_cert_n >=   2 & months_since_cert_n <  11 & utilities < 643","xgboost",23012,0.92434,0.92143,11688,10828,0.9264,0.4871,0.4767,48.572,0.0772,0.9846,1
"1","count_divisible_by_100 <   2 & medical_deductions < 403","xgboost",46829,0.92347,0.92142,23912,22111,0.9247,0.9947,0.9771,99.372,0.0772,0.9846,1
"1","homeless <    1.00 & shelter_expenses_by_hh_size < 1050.00 & total_deductions_by_hh_size <  743.00 & unc_rawben_rel_max >=    0.12","xgboost",27880,0.92407,0.92142,14167,13149,0.9281,0.5916,0.5165,58.875,0.0772,0.9846,1
"1","children_i <=  0.50000 & rawben_rel_max <=  0.37700 & unc_rawben_rel_max > -0.00915","ranger",8366,0.92625,0.92141,4146,3841,0.9264,0.1728,0.1364,17.23,0.0772,0.9846,1
"1","expedited_i <= 0.5 & months_since_cert_n <= 5.5","ranger",18050,0.92471,0.92141,9220,8561,0.9285,0.3851,0.3468,38.316,0.0772,0.9846,1
"1","homeless >  0.500 & shelter_expenses_by_hh_size > 41.500 & unc_rawben_rel_max >  0.991","ranger",465,0.94194,0.92141,214,208,0.972,0.0094,0.0052,0.889,0.0772,0.9846,1
"1","elderly_disabled_i >  0.5 & medical_deductions <=  1.5 & utilities <= 30.5","ranger",5216,0.92753,0.9214,2678,2499,0.9332,0.1124,0.1007,11.129,0.0772,0.9846,1
"1","married <  1.00 & unc_rawben_rel_max >= -1.17","xgboost",46608,0.92345,0.9214,23844,22030,0.9239,0.9911,0.9819,99.09,0.0772,0.9846,1
"1","rawben_rel_max >=   0.0893 & total_deductions_by_hh_size < 769.0000","xgboost",35760,0.92374,0.9214,18264,16925,0.9267,0.7614,0.6987,75.901,0.0772,0.9846,1
"1","cat_elig <   3 & months_since_cert_n >=   2 & months_since_cert_n <  11 & utilities < 643","xgboost",22832,0.92432,0.92139,11688,10828,0.9264,0.4871,0.4767,48.572,0.0772,0.9846,1
"1","children_i <   1 & count_divisible_by_100 <   1 & utilities < 645","xgboost",36627,0.92369,0.92138,18495,17105,0.9248,0.7695,0.745,76.861,0.0772,0.9846,1
"1","count_divisible_by_100 <=   0.5 & total_deductions_by_hh_size >   2.8 & total_deductions_by_hh_size <= 154.0","ranger",4737,0.9278,0.92137,2412,2227,0.9233,0.1002,0.0897,10.024,0.0772,0.9846,1
"1","elderly_disabled_i > 0.50 & married <= 0.50 & medical_deductions <= 3.50 & unc_rawben_rel_max <= 1.69","ranger",26504,0.92409,0.92137,13627,12608,0.9252,0.5672,0.491,56.631,0.0772,0.9846,1
"1","cat_elig > 0.50 & percent_abawd > 0.75","ranger",4471,0.92798,0.92136,2418,2260,0.9347,0.1017,0.1134,10.049,0.0772,0.9846,1
"1","elderly_disabled_i <=   0.5 & expedited_i <=   0.5 & homeless <=   0.5 & medical_deductions <= 170.0","ranger",8490,0.92615,0.92134,4534,4219,0.9305,0.1898,0.2114,18.842,0.0772,0.9846,1
"1","elderly_disabled_i >   0.500 & medical_deductions <=   0.500 & total_deductions_by_hh_size <= 734.000 & unc_rawben_rel_max <=   0.991","ranger",20420,0.92444,0.92134,10398,9622,0.9254,0.4329,0.3439,43.212,0.0772,0.9846,1
"1","months_since_cert_n <  2.000 & rawben_rel_max <  0.608 & utilities < 32.000","xgboost",638,0.93887,0.92134,289,264,0.9135,0.0119,0.0135,1.201,0.0772,0.9846,1
"1","months_since_cert_n <=   4.5 & total_deductions_by_hh_size >   2.8 & utilities > 428.0","ranger",6242,0.92695,0.92134,3158,2913,0.9224,0.1311,0.1295,13.124,0.0772,0.9846,1
"1","months_since_cert_n >   5.5 & total_deductions_by_hh_size >   2.8 & total_deductions_by_hh_size <= 298.0","ranger",5502,0.9273,0.92133,2849,2631,0.9235,0.1184,0.1002,11.84,0.0772,0.9846,1
"1","utilities < 596","xgboost",37469,0.92362,0.92133,18900,17487,0.9252,0.7867,0.77,78.544,0.0772,0.9846,1
"1","married <    1.000 & rawben_rel_max <    0.652 & shelter_expenses_by_hh_size < 1360.000","xgboost",18886,0.92455,0.92132,9426,8716,0.9247,0.3921,0.3156,39.172,0.0772,0.9846,1
"1","cat_elig < 2.000 & elderly_disabled_i >= 1.000 & unc_rawben_rel_max < 0.852","xgboost",16923,0.92472,0.92131,10982,10110,0.9206,0.4548,0.3724,45.639,0.0772,0.9846,1
"1","cat_elig <= 1.5 & children_i <= 0.5 & expedited_i <= 0.5","ranger",28165,0.92395,0.92131,19448,17899,0.9204,0.8052,0.8089,80.821,0.0772,0.9846,1
"1","cat_elig >=  1.000 & count_divisible_by_100 >=  1.000 & shelter_expenses_by_hh_size >= 29.000 & unc_rawben_rel_max >=  0.836","xgboost",709,0.93794,0.92131,419,383,0.9141,0.0172,0.026,1.741,0.0772,0.9846,1
"1","count_divisible_by_100 < 2.000 & rawben_rel_max >= 0.644 & unc_rawben_rel_max >= 0.577","xgboost",27260,0.92399,0.92131,14147,13093,0.9255,0.589,0.6461,58.792,0.0772,0.9846,1
"1","count_divisible_by_100 >    0.500 & rawben_rel_max <=    0.344 & shelter_expenses_by_hh_size <= 2600.000","ranger",376,0.94415,0.92131,170,157,0.9235,0.0071,0.0088,0.706,0.0772,0.9846,1
"1","total_deductions_by_hh_size < 449 & utilities >=  80 & utilities < 329","xgboost",2290,0.93057,0.92131,749,697,0.9306,0.0314,0.0227,3.113,0.0772,0.9846,1
"1","cat_elig <=   1.50 & homeless >   0.50 & total_deductions_by_hh_size > 187.00 & unc_rawben_rel_max >   1.01","ranger",224,0.95089,0.9213,173,168,0.9711,0.0076,0.0035,0.719,0.0772,0.9846,1
"1","cat_elig >= 2.000 & rawben_rel_max >= 0.712","xgboost",8145,0.92621,0.9213,614,588,0.9577,0.0265,0.0147,2.552,0.0772,0.9846,1
"1","children_i <   1 & shelter_expenses_by_hh_size < 305 & total_deductions_by_hh_size <   9 & utilities >=  63","xgboost",224,0.95089,0.9213,75,70,0.9333,0.0031,0.0016,0.312,0.0772,0.9846,1
"1","cat_elig > 0.5 & medical_deductions <= 0.5","ranger",38894,0.92354,0.92129,20005,18512,0.9254,0.8328,0.8388,83.136,0.0772,0.9846,1
"1","children_i <   1 & medical_deductions < 599 & utilities < 789","xgboost",41767,0.92346,0.92129,20520,18979,0.9249,0.8538,0.8236,85.276,0.0772,0.9846,1
"1","medical_deductions < 360 & utilities < 912","xgboost",45037,0.92337,0.92129,22169,20468,0.9233,0.9208,0.9184,92.129,0.0772,0.9846,1
"1","months_since_cert_n <   5.0 & percent_abawd >=   0.5 & shelter_expenses_by_hh_size >= 646.0 & utilities >= 577.0","xgboost",316,0.9462,0.92128,180,168,0.9333,0.0076,0.0073,0.748,0.0772,0.9846,1
"1","rawben_rel_max >=    0.526 & shelter_expenses_by_hh_size < 1640.000 & total_deductions_by_hh_size <  888.000 & unc_rawben_rel_max >=   -0.016","xgboost",26977,0.92397,0.92128,13822,12822,0.9277,0.5768,0.5614,57.441,0.0772,0.9846,1
"1","shelter_expenses_by_hh_size >   5.5 & shelter_expenses_by_hh_size <= 554.0","ranger",10015,0.92571,0.92128,4802,4444,0.9254,0.1999,0.1884,19.956,0.0772,0.9846,1
"1","medical_deductions <= 100.0 & shelter_expenses_by_hh_size >   5.5 & utilities > 451.0","ranger",15756,0.92479,0.92126,7918,7303,0.9223,0.3285,0.3356,32.905,0.0772,0.9846,1
"1","rawben_rel_max >=   0.080 & rawben_rel_max <   0.533 & total_deductions_by_hh_size < 918.000 & utilities >= 281.000","xgboost",8874,0.92596,0.92126,5145,4785,0.93,0.2153,0.1623,21.381,0.0772,0.9846,1
"1","total_deductions_by_hh_size >=  14 & total_deductions_by_hh_size < 104 & utilities < 424","xgboost",2383,0.93034,0.92126,1313,1225,0.933,0.0551,0.0468,5.457,0.0772,0.9846,1
"1","expedited_i <=   0.500 & rawben_rel_max <=   0.991 & shelter_expenses_by_hh_size <= 708.000","ranger",13687,0.92504,0.92125,6851,6350,0.9269,0.2857,0.2265,28.471,0.0772,0.9846,1
"1","elderly_disabled_i <   1.0 & percent_abawd <   0.5 & shelter_expenses_by_hh_size < 549.0 & total_deductions_by_hh_size >= 418.0","xgboost",464,0.94181,0.92124,209,199,0.9522,0.009,0.0077,0.869,0.0772,0.9846,1
"1","elderly_disabled_i > 0.500 & married <= 0.500 & rawben_rel_max > 0.993","ranger",5786,0.92707,0.92124,3018,2793,0.9254,0.1257,0.1579,12.542,0.0772,0.9846,1
"1","shelter_expenses_by_hh_size >= 906.00 & unc_rawben_rel_max <   2.52 & utilities >= 612.00 & utilities < 912.00","xgboost",5179,0.9274,0.92124,2376,2168,0.9125,0.0975,0.1107,9.874,0.0772,0.9846,1
"1","children_i <=  0.5000 & rawben_rel_max <=  0.2610 & unc_rawben_rel_max > -0.0406 & utilities > 14.5000","ranger",4092,0.92815,0.92123,1941,1804,0.9294,0.0812,0.065,8.066,0.0772,0.9846,1
"1","elderly_disabled_i > 0.500 & homeless <= 0.500 & rawben_rel_max > 0.991","ranger",5640,0.92713,0.92123,2975,2757,0.9267,0.124,0.1513,12.363,0.0772,0.9846,1
"1","months_since_cert_n >=   9.00 & total_deductions_by_hh_size < 603.00 & unc_rawben_rel_max >=  -1.17 & utilities >= 281.00","xgboost",7258,0.92643,0.92122,3544,3263,0.9207,0.1468,0.1261,14.728,0.0772,0.9846,1
"1","rawben_rel_max <=   0.44900 & shelter_expenses_by_hh_size <= 998.00000 & unc_rawben_rel_max >  -0.00915 & unc_rawben_rel_max <=   0.99100","ranger",8778,0.92595,0.92122,4416,4094,0.9271,0.1842,0.1448,18.352,0.0772,0.9846,1
"1","utilities >= 580 & utilities < 596","xgboost",1225,0.93388,0.92122,279,252,0.9032,0.0113,0.0113,1.159,0.0772,0.9846,1
"1","elderly_disabled_i <=    0.5 & shelter_expenses_by_hh_size >    5.5 & total_deductions_by_hh_size <= 1300.0 & utilities >  808.0","ranger",594,0.93939,0.92121,414,377,0.9106,0.017,0.0246,1.72,0.0772,0.9846,1
"1","married <  1.000 & months_since_cert_n <  9.000 & unc_rawben_rel_max >= -0.004","xgboost",27393,0.92389,0.92121,14156,13115,0.9265,0.59,0.5721,58.829,0.0772,0.9846,1
"1","medical_deductions <  203.00 & rawben_rel_max <    0.66 & shelter_expenses_by_hh_size < 1360.00","xgboost",18829,0.92443,0.9212,9366,8665,0.9252,0.3898,0.3142,38.923,0.0772,0.9846,1
"1","shelter_expenses_by_hh_size < 2300","xgboost",47009,0.92325,0.9212,23969,22158,0.9244,0.9969,0.9803,99.609,0.0772,0.9846,1
"1","married <   1.000 & medical_deductions < 265.000 & unc_rawben_rel_max >=   0.972 & utilities >= 284.000","xgboost",8316,0.92605,0.92119,4302,3965,0.9217,0.1784,0.2357,17.878,0.0772,0.9846,1
"1","medical_deductions <  203.00 & rawben_rel_max <    0.66 & shelter_expenses_by_hh_size < 1360.00 & utilities <  724.00","xgboost",17842,0.9245,0.92119,8949,8299,0.9274,0.3734,0.2904,37.19,0.0772,0.9846,1
"1","count_divisible_by_100 <    2.000 & medical_deductions <   19.000 & rawben_rel_max >=    0.504 & utilities < 1010.000","xgboost",28907,0.92379,0.92118,14692,13608,0.9262,0.6122,0.6349,61.056,0.0772,0.9846,1
"1","count_divisible_by_100 <   1.00 & shelter_expenses_by_hh_size < 405.00 & unc_rawben_rel_max <   1.01 & utilities < 320.00","xgboost",5096,0.92739,0.92118,2573,2416,0.939,0.1087,0.0822,10.693,0.0772,0.9846,1
"1","elderly_disabled_i >   0.500 & medical_deductions <= 130.000 & rawben_rel_max >   0.991","ranger",5465,0.92717,0.92118,2922,2709,0.9271,0.1219,0.1452,12.143,0.0772,0.9846,1
"1","rawben_rel_max >=   0.344 & utilities < 369.000","xgboost",17115,0.92457,0.92118,8528,7935,0.9305,0.357,0.3571,35.44,0.0772,0.9846,1
"1","total_deductions_by_hh_size < 1780","xgboost",46958,0.92323,0.92118,23957,22141,0.9242,0.9961,0.9858,99.559,0.0772,0.9846,1
"1","cat_elig <  1.0 & shelter_expenses_by_hh_size >= 44.0 & total_deductions_by_hh_size >= 18.4 & utilities >= 27.0","xgboost",2205,0.93061,0.92117,1122,1057,0.9421,0.0476,0.03,4.663,0.0772,0.9846,1
"1","expedited_i <=   0.5 & medical_deductions <= 146.0 & months_since_cert_n <=  13.5","ranger",30154,0.92372,0.92117,15650,14468,0.9245,0.6509,0.6306,65.038,0.0772,0.9846,1
"1","homeless < 1.00 & months_since_cert_n >= 1.00 & unc_rawben_rel_max < 1.81","xgboost",38190,0.92344,0.92117,19649,18174,0.9249,0.8176,0.7548,81.656,0.0772,0.9846,1
"1","married < 1","xgboost",46846,0.92322,0.92117,23947,22122,0.9238,0.9952,0.9922,99.518,0.0772,0.9846,1
"1","months_since_cert_n < 21.000 & unc_rawben_rel_max >= -0.744","xgboost",41949,0.92334,0.92117,21675,20045,0.9248,0.9018,0.8903,90.076,0.0772,0.9846,1
"1","rawben_rel_max >=   0.988 & total_deductions_by_hh_size >= 675.000 & utilities >= 361.000","xgboost",4540,0.92775,0.92117,2449,2280,0.931,0.1026,0.1133,10.177,0.0772,0.9846,1
"1","shelter_expenses_by_hh_size >= 719 & utilities >= 676","xgboost",7712,0.92622,0.92117,3960,3656,0.9232,0.1645,0.1703,16.457,0.0772,0.9846,1
"1","cat_elig >= 1.00 & unc_rawben_rel_max < 1.77","xgboost",39982,0.92337,0.92115,20425,18875,0.9241,0.8492,0.8114,84.881,0.0772,0.9846,1
"1","married <= 0.500 & months_since_cert_n > 1.500 & rawben_rel_max > 0.991 & rawben_rel_max <= 0.995","ranger",54,0.98148,0.92115,30,27,0.9,0.0012,0.0016,0.125,0.0772,0.9846,1
"1","medical_deductions >  132.000 & months_since_cert_n <=    2.500 & rawben_rel_max >    0.998 & total_deductions_by_hh_size <= 1360.000","ranger",54,0.98148,0.92115,14,14,1,6e-04,0,0.058,0.0772,0.9846,1
"1","rawben_rel_max >    0.085 & rawben_rel_max <=    0.381 & shelter_expenses_by_hh_size <= 2120.000 & unc_rawben_rel_max <=    1.000","ranger",7343,0.92632,0.92115,3717,3443,0.9263,0.1549,0.1138,15.447,0.0772,0.9846,1
"1","cat_elig <   2 & months_since_cert_n >=  23 & utilities >= 318","xgboost",1893,0.93133,0.92114,1162,1053,0.9062,0.0474,0.0549,4.829,0.0772,0.9846,1
"1","medical_deductions <   5.00 & months_since_cert_n <  14.00 & unc_rawben_rel_max <   1.93 & utilities >= 360.00","xgboost",15860,0.92465,0.92113,8461,7812,0.9233,0.3514,0.345,35.162,0.0772,0.9846,1
"1","medical_deductions < 192 & months_since_cert_n >=   1","xgboost",43163,0.92327,0.92113,22145,20474,0.9245,0.9211,0.9073,92.029,0.0772,0.9846,1
"1","married <   1.000 & months_since_cert_n >=  34.000 & rawben_rel_max >=   0.672 & utilities >= 703.000","xgboost",176,0.95455,0.92112,69,66,0.9565,0.003,0.0025,0.287,0.0772,0.9846,1
"1","rawben_rel_max >=   0.084 & total_deductions_by_hh_size < 842.000 & unc_rawben_rel_max >=   0.120","xgboost",36764,0.92343,0.92112,18777,17381,0.9257,0.7819,0.7287,78.033,0.0772,0.9846,1
"1","children_i <=   0.500 & rawben_rel_max <=   0.971 & shelter_expenses_by_hh_size <= 636.000 & utilities <=  12.500","ranger",4179,0.92797,0.92111,2117,1979,0.9348,0.089,0.0761,8.798,0.0772,0.9846,1
"1","elderly_disabled_i < 1.000 & rawben_rel_max >= 0.992 & unc_rawben_rel_max >= 1.460 & unc_rawben_rel_max < 1.930","xgboost",2928,0.9293,0.92111,1426,1328,0.9313,0.0597,0.0847,5.926,0.0772,0.9846,1
"1","homeless <=   0.500 & medical_deductions <= 146.000 & shelter_expenses_by_hh_size <= 498.000 & unc_rawben_rel_max <=   0.966","ranger",7483,0.92623,0.92111,3658,3400,0.9295,0.153,0.1238,15.202,0.0772,0.9846,1
"1","cat_elig >   0.50 & homeless <=   0.50 & medical_deductions <= 108.00 & unc_rawben_rel_max <=   1.95","ranger",35457,0.92346,0.9211,18270,16916,0.9259,0.761,0.7393,75.926,0.0772,0.9846,1
"1","count_divisible_by_100 <=  1.500 & elderly_disabled_i >  0.500 & months_since_cert_n <= 42.500 & rawben_rel_max >  0.991","ranger",5815,0.92691,0.9211,3056,2826,0.9247,0.1271,0.1605,12.7,0.0772,0.9846,1
"1","elderly_disabled_i >  0.500 & expedited_i >  0.500 & rawben_rel_max >  0.291 & shelter_expenses_by_hh_size <= 13.000","ranger",375,0.944,0.9211,179,174,0.9721,0.0078,0.0034,0.744,0.0772,0.9846,1
"1","months_since_cert_n >=  21 & months_since_cert_n <  32 & total_deductions_by_hh_size < 546","xgboost",2176,0.93061,0.9211,1033,946,0.9158,0.0426,0.0395,4.293,0.0772,0.9846,1
"1","expedited_i <=   0.5 & medical_deductions >   3.5 & months_since_cert_n >   6.5 & total_deductions_by_hh_size <= 366.0","ranger",636,0.93868,0.92109,293,272,0.9283,0.0122,0.0096,1.218,0.0772,0.9846,1
"1","months_since_cert_n < 15.000 & rawben_rel_max <  0.552 & unc_rawben_rel_max <  1.930","xgboost",13411,0.92491,0.92108,6660,6144,0.9225,0.2764,0.242,27.677,0.0772,0.9846,1
"1","cat_elig <=   1.50 & total_deductions_by_hh_size >   8.90 & unc_rawben_rel_max <=   1.97 & utilities > 360.00","ranger",16534,0.92452,0.92107,11877,10890,0.9169,0.4899,0.4993,49.358,0.0772,0.9846,1
"1","children_i <   1 & shelter_expenses_by_hh_size < 996 & utilities >= 643","xgboost",2404,0.93012,0.92107,1071,994,0.9281,0.0447,0.0367,4.451,0.0772,0.9846,1
"1","shelter_expenses_by_hh_size < 627 & total_deductions_by_hh_size >= 449 & utilities >= 424","xgboost",721,0.93759,0.92107,277,256,0.9242,0.0115,0.0158,1.151,0.0772,0.9846,1
"1","cat_elig <    2 & months_since_cert_n >=    1 & shelter_expenses_by_hh_size < 1800 & utilities <  784","xgboost",27896,0.92372,0.92106,18344,16942,0.9236,0.7622,0.7507,76.233,0.0772,0.9846,1
"1","expedited_i <   1.00 & unc_rawben_rel_max <   1.21 & utilities < 341.00","xgboost",13951,0.92481,0.92105,7566,7095,0.9377,0.3192,0.2551,31.442,0.0772,0.9846,1
"1","children_i <   1 & count_divisible_by_100 <   1 & utilities >= 645","xgboost",8039,0.92599,0.92104,4305,3990,0.9268,0.1795,0.174,17.891,0.0772,0.9846,1
"1","expedited_i <= 0.5 & medical_deductions <= 0.5","ranger",36042,0.92337,0.92103,18669,17289,0.9261,0.7778,0.7398,77.584,0.0772,0.9846,1
"1","shelter_expenses_by_hh_size < 1130 & utilities >=  369 & utilities <  385","xgboost",973,0.93525,0.92103,696,637,0.9152,0.0287,0.0253,2.892,0.0772,0.9846,1
"1","count_divisible_by_100 < 1.00 & percent_abawd < 0.50 & unc_rawben_rel_max < 2.52","xgboost",40315,0.92323,0.92102,20370,18807,0.9233,0.8461,0.8162,84.653,0.0772,0.9846,1
"1","medical_deductions < 108 & utilities >= 459 & utilities < 559","xgboost",5243,0.92714,0.92101,2079,1920,0.9235,0.0864,0.0817,8.64,0.0772,0.9846,1
"1","medical_deductions < 693","xgboost",47099,0.92306,0.92101,24037,22211,0.924,0.9992,0.9932,99.892,0.0772,0.9846,1
"1","unc_rawben_rel_max >= -1.17","xgboost",46905,0.92306,0.92101,23959,22136,0.9239,0.9959,0.9894,99.568,0.0772,0.9846,1
"1","cat_elig <=  1.5 & months_since_cert_n > 10.5 & shelter_expenses_by_hh_size <=  5.0","ranger",861,0.93612,0.921,614,579,0.943,0.026,0.0251,2.552,0.0772,0.9846,1
"1","children_i <= 0.500 & elderly_disabled_i > 0.500 & rawben_rel_max > 0.991","ranger",5834,0.92681,0.921,3062,2833,0.9252,0.1275,0.1596,12.725,0.0772,0.9846,1
"1","homeless > 0.500 & rawben_rel_max > 0.991 & unc_rawben_rel_max <= 1.980 & utilities > 9.500","ranger",448,0.94196,0.921,207,199,0.9614,0.009,0.0067,0.86,0.0772,0.9846,1
"1","months_since_cert_n >=  11.00 & total_deductions_by_hh_size >= 692.00 & unc_rawben_rel_max >=   1.05 & utilities >= 703.00","xgboost",861,0.93612,0.921,525,503,0.9581,0.0226,0.0164,2.182,0.0772,0.9846,1
"1","medical_deductions < 6.000 & months_since_cert_n >= 9.000 & rawben_rel_max < 0.828 & unc_rawben_rel_max < 0.653","xgboost",7459,0.92613,0.92099,3795,3514,0.926,0.1581,0.1238,15.771,0.0772,0.9846,1
"1","months_since_cert_n <  17 & total_deductions_by_hh_size >=  96 & total_deductions_by_hh_size < 150","xgboost",1550,0.93226,0.92099,729,669,0.9177,0.0301,0.0311,3.03,0.0772,0.9846,1
"1","cat_elig >  0.500 & elderly_disabled_i >  0.500 & rawben_rel_max >  0.991 & utilities > 14.500","ranger",4423,0.92765,0.92098,2346,2176,0.9275,0.0979,0.1172,9.749,0.0772,0.9846,1
"1","cat_elig <    2.000 & months_since_cert_n <   23.000 & rawben_rel_max >=    0.192 & shelter_expenses_by_hh_size < 1330.000","xgboost",24448,0.9238,0.92096,16881,15598,0.924,0.7017,0.6778,70.153,0.0772,0.9846,1
"1","married <=  0.500 & percent_abawd >  0.750 & rawben_rel_max >  0.991 & utilities > 14.500","ranger",1276,0.93339,0.92096,627,588,0.9378,0.0265,0.0329,2.606,0.0772,0.9846,1
"1","medical_deductions <  125 & months_since_cert_n >=   22 & shelter_expenses_by_hh_size < 1110 & utilities >=   74","xgboost",2172,0.93048,0.92096,947,866,0.9145,0.039,0.0369,3.936,0.0772,0.9846,1
"1","medical_deductions < 108 & utilities >= 459","xgboost",15554,0.92452,0.92096,7573,6991,0.9231,0.3145,0.3172,31.472,0.0772,0.9846,1
"1","married <=   0.5 & medical_deductions <=   0.5 & total_deductions_by_hh_size >   8.8 & utilities > 428.0","ranger",16380,0.92442,0.92095,8504,7846,0.9226,0.353,0.3562,35.341,0.0772,0.9846,1
"1","months_since_cert_n >=   3 & utilities >= 750","xgboost",4857,0.92732,0.92095,2719,2500,0.9195,0.1125,0.1271,11.3,0.0772,0.9846,1
"1","cat_elig >   1.500 & unc_rawben_rel_max <=   0.445 & utilities <= 428.000","ranger",2561,0.92971,0.92094,258,247,0.9574,0.0111,0.0055,1.072,0.0772,0.9846,1
"1","children_i <   1 & shelter_expenses_by_hh_size < 930 & utilities >= 417","xgboost",9112,0.92559,0.92094,4061,3747,0.9227,0.1686,0.1481,16.877,0.0772,0.9846,1
"1","elderly_disabled_i > 0.50 & medical_deductions <= 3.50 & unc_rawben_rel_max <= 1.69","ranger",26566,0.92366,0.92094,13653,12629,0.925,0.5682,0.4952,56.739,0.0772,0.9846,1
"1","rawben_rel_max <   0.481 & total_deductions_by_hh_size >=  63.000 & total_deductions_by_hh_size < 603.000 & utilities < 426.000","xgboost",5001,0.92721,0.92094,2421,2253,0.9306,0.1014,0.0819,10.061,0.0772,0.9846,1
"1","cat_elig < 2.000 & medical_deductions < 4.000 & rawben_rel_max < 0.801","xgboost",15314,0.92451,0.92093,10018,9200,0.9183,0.4139,0.3777,41.632,0.0772,0.9846,1
"1","cat_elig > 0.50 & children_i <= 0.50 & percent_abawd <= 1.50 & unc_rawben_rel_max <= 1.93","ranger",41120,0.9231,0.92091,20998,19386,0.9232,0.8721,0.8659,87.263,0.0772,0.9846,1
"1","elderly_disabled_i >  0.500 & unc_rawben_rel_max >  0.991 & utilities > 14.500","ranger",4630,0.92743,0.92091,2435,2258,0.9273,0.1016,0.1235,10.119,0.0772,0.9846,1
"1","medical_deductions <  220 & shelter_expenses_by_hh_size < 2090 & utilities <  723","xgboost",40116,0.92312,0.92091,20289,18786,0.9259,0.8452,0.8068,84.316,0.0772,0.9846,1
"1","cat_elig <   2.000 & unc_rawben_rel_max >=  -0.056 & unc_rawben_rel_max <   1.810 & utilities < 688.000","xgboost",25252,0.92369,0.9209,17235,15903,0.9227,0.7154,0.6873,71.624,0.0772,0.9846,1
"1","homeless <=  0.5 & months_since_cert_n > 10.5 & shelter_expenses_by_hh_size <=  5.0","ranger",1013,0.93485,0.9209,525,494,0.941,0.0222,0.0237,2.182,0.0772,0.9846,1
"1","months_since_cert_n <   12.000 & rawben_rel_max >=    0.388 & total_deductions_by_hh_size < 1320.000","xgboost",26823,0.92361,0.9209,13916,12897,0.9268,0.5802,0.5775,57.832,0.0772,0.9846,1
"1","months_since_cert_n <   3 & utilities >= 430","xgboost",3691,0.9282,0.9209,1835,1693,0.9226,0.0762,0.0718,7.626,0.0772,0.9846,1
"1","rawben_rel_max >= 0.64","xgboost",27441,0.92358,0.9209,14227,13162,0.9251,0.5921,0.6516,59.124,0.0772,0.9846,1
"1","elderly_disabled_i >=   1 & months_since_cert_n <  15 & total_deductions_by_hh_size < 650","xgboost",17607,0.92423,0.92089,8830,8171,0.9254,0.3676,0.3037,36.695,0.0772,0.9846,1
"1","expedited_i >=  1.000 & rawben_rel_max >=  0.711 & utilities >= 80.000","xgboost",1941,0.93096,0.92089,993,910,0.9164,0.0409,0.0594,4.127,0.0772,0.9846,1
"1","medical_deductions <=  362.000 & shelter_expenses_by_hh_size <= 1990.000 & total_deductions_by_hh_size <=  511.000 & unc_rawben_rel_max <=    0.991","ranger",19490,0.92406,0.92088,9749,9051,0.9284,0.4072,0.3111,40.514,0.0772,0.9846,1
"1","homeless <= 0.500 & percent_abawd <= 0.500 & rawben_rel_max <= 0.947 & shelter_expenses_by_hh_size <= 5.500","ranger",1425,0.93263,0.92087,708,666,0.9407,0.03,0.0257,2.942,0.0772,0.9846,1
"1","cat_elig <= 0.5 & married <= 0.5 & total_deductions_by_hh_size > 7.8","ranger",2625,0.92952,0.92086,1334,1254,0.94,0.0564,0.0357,5.544,0.0772,0.9846,1
"1","months_since_cert_n <   25.000 & shelter_expenses_by_hh_size < 1110.000 & unc_rawben_rel_max >=   -0.004","xgboost",33810,0.92328,0.92086,17307,16045,0.9271,0.7218,0.6614,71.924,0.0772,0.9846,1
"1","count_divisible_by_100 < 2","xgboost",47056,0.9229,0.92085,24012,22188,0.924,0.9982,0.9927,99.788,0.0772,0.9846,1
"1","percent_abawd <= 1.5","ranger",47104,0.92289,0.92085,24021,22189,0.9237,0.9982,0.9981,99.825,0.0772,0.9846,1
"1","medical_deductions <  150.000 & rawben_rel_max <    0.711 & shelter_expenses_by_hh_size < 1040.000","xgboost",17376,0.92421,0.92084,8643,8024,0.9284,0.361,0.2769,35.918,0.0772,0.9846,1
"1","months_since_cert_n <   6 & shelter_expenses_by_hh_size >= 322 & shelter_expenses_by_hh_size < 405","xgboost",915,0.93552,0.92084,525,485,0.9238,0.0218,0.0197,2.182,0.0772,0.9846,1
"1","shelter_expenses_by_hh_size < 616.000 & total_deductions_by_hh_size >=  10.000 & unc_rawben_rel_max >=   0.996 & unc_rawben_rel_max <   1.990","xgboost",2878,0.92912,0.92084,1319,1230,0.9325,0.0553,0.0704,5.481,0.0772,0.9846,1
"1","months_since_cert_n < 16.00 & unc_rawben_rel_max >=  0.00 & unc_rawben_rel_max <  2.22","xgboost",35491,0.92319,0.92083,18453,17059,0.9245,0.7675,0.7498,76.686,0.0772,0.9846,1
"1","expedited_i >=  1.000 & months_since_cert_n >=  9.000 & months_since_cert_n < 21.000 & unc_rawben_rel_max >=  0.972","xgboost",775,0.93677,0.92082,436,398,0.9128,0.0179,0.0278,1.812,0.0772,0.9846,1
"1","cat_elig > 0.50 & children_i <= 0.50 & unc_rawben_rel_max <= 1.93","ranger",41143,0.923,0.92081,21010,19397,0.9232,0.8726,0.8668,87.312,0.0772,0.9846,1
"1","elderly_disabled_i <   1.000 & unc_rawben_rel_max >=   0.908 & unc_rawben_rel_max <   1.180 & utilities >= 417.000","xgboost",329,0.94529,0.9208,166,161,0.9699,0.0072,0.0034,0.69,0.0772,0.9846,1
"1","months_since_cert_n < 30 & percent_abawd <  2","xgboost",45671,0.92288,0.9208,23442,21651,0.9236,0.974,0.9751,97.419,0.0772,0.9846,1
"1","months_since_cert_n < 35","xgboost",46768,0.92285,0.9208,23902,22077,0.9236,0.9932,0.9936,99.331,0.0772,0.9846,1
"1","homeless <   1.000 & rawben_rel_max >=   0.254 & utilities >= 680.000","xgboost",6382,0.92636,0.92079,3328,3072,0.9231,0.1382,0.1417,13.83,0.0772,0.9846,1
"1","medical_deductions < 232.000 & months_since_cert_n <  20.000 & rawben_rel_max <   0.692 & total_deductions_by_hh_size < 666.000","xgboost",16127,0.92429,0.92079,8165,7573,0.9275,0.3407,0.2672,33.932,0.0772,0.9846,1
"1","rawben_rel_max >=    0.568 & total_deductions_by_hh_size >= 1020.000 & utilities >=  875.000 & utilities <  992.000","xgboost",314,0.94586,0.92079,152,140,0.9211,0.0063,0.0067,0.632,0.0772,0.9846,1
"1","homeless <    1 & medical_deductions <  110 & shelter_expenses_by_hh_size < 1440 & unc_rawben_rel_max >=    0","xgboost",34312,0.92318,0.92078,17809,16517,0.9275,0.7431,0.6849,74.01,0.0772,0.9846,1
"1","rawben_rel_max >=    0.811 & shelter_expenses_by_hh_size >= 1200.000 & unc_rawben_rel_max >=    0.120 & unc_rawben_rel_max <    1.810","xgboost",2836,0.92913,0.92078,1691,1560,0.9225,0.0702,0.0865,7.027,0.0772,0.9846,1
"1","cat_elig >=   2 & shelter_expenses_by_hh_size >= 400 & total_deductions_by_hh_size >=  10 & total_deductions_by_hh_size < 213","xgboost",942,0.93524,0.92077,79,75,0.9494,0.0034,0.0016,0.328,0.0772,0.9846,1
"1","count_divisible_by_100 <= 1.500 & elderly_disabled_i > 0.500 & rawben_rel_max > 0.991","ranger",5830,0.92659,0.92077,3063,2833,0.9249,0.1275,0.1605,12.729,0.0772,0.9846,1
"1","elderly_disabled_i > 0.5 & expedited_i <= 0.5 & homeless <= 0.5 & unc_rawben_rel_max > 1.0","ranger",4688,0.92726,0.92077,2473,2300,0.93,0.1035,0.1204,10.277,0.0772,0.9846,1
"1","homeless <= 0.50 & percent_abawd <= 1.50 & unc_rawben_rel_max <= 1.93","ranger",42401,0.92293,0.92077,21702,20056,0.9242,0.9023,0.8723,90.188,0.0772,0.9846,1
"1","cat_elig > 0.500 & elderly_disabled_i > 0.500 & homeless <= 0.500 & rawben_rel_max > 0.991","ranger",5305,0.92686,0.92076,2807,2601,0.9266,0.117,0.1419,11.665,0.0772,0.9846,1
"1","count_divisible_by_100 <=   0.500 & elderly_disabled_i <=   0.500 & rawben_rel_max >   0.823 & total_deductions_by_hh_size > 597.000","ranger",1776,0.93131,0.92076,1361,1269,0.9324,0.0571,0.0737,5.656,0.0772,0.9846,1
"1","expedited_i >   0.500 & rawben_rel_max >   0.991 & total_deductions_by_hh_size >  40.500 & utilities <= 754.000","ranger",1681,0.93159,0.92075,812,742,0.9138,0.0334,0.0563,3.374,0.0772,0.9846,1
"1","rawben_rel_max >=    0.0928 & shelter_expenses_by_hh_size < 1250.0000 & total_deductions_by_hh_size < 1040.0000 & unc_rawben_rel_max >=    0.1680","xgboost",35750,0.9231,0.92075,18191,16842,0.9258,0.7577,0.7006,75.597,0.0772,0.9846,1
"1","cat_elig <=   0.5 & homeless <=   0.5 & medical_deductions >  96.2 & total_deductions_by_hh_size <= 290.0","ranger",109,0.9633,0.92074,52,48,0.9231,0.0022,0.0019,0.216,0.0772,0.9846,1
"1","months_since_cert_n >= 1.00 & unc_rawben_rel_max < 2.52","xgboost",43710,0.92286,0.92073,22367,20666,0.924,0.9297,0.9164,92.952,0.0772,0.9846,1
"1","cat_elig <=   1.500 & shelter_expenses_by_hh_size <= 854.000 & unc_rawben_rel_max <=   0.991","ranger",14203,0.92445,0.92072,8738,8047,0.9209,0.362,0.3177,36.313,0.0772,0.9846,1
"1","cat_elig > 0.50 & expedited_i <= 0.50 & medical_deductions <= 0.50 & unc_rawben_rel_max <= 1.94","ranger",32507,0.92319,0.92072,16815,15558,0.9252,0.6999,0.6714,69.879,0.0772,0.9846,1
"1","count_divisible_by_100 >   0.500 & medical_deductions <= 218.000 & rawben_rel_max >   0.832","ranger",983,0.93489,0.92072,559,515,0.9213,0.0232,0.0319,2.323,0.0772,0.9846,1
"1","medical_deductions <    3.000 & months_since_cert_n >=    2.000 & total_deductions_by_hh_size < 1120.000 & unc_rawben_rel_max >=   -0.056","xgboost",32687,0.92318,0.92072,16899,15629,0.9248,0.7031,0.6908,70.228,0.0772,0.9846,1
"1","rawben_rel_max >=   0.357 & total_deductions_by_hh_size < 828.000 & unc_rawben_rel_max <   1.330","xgboost",26711,0.92344,0.92072,13689,12702,0.9279,0.5714,0.4895,56.888,0.0772,0.9846,1
"1","months_since_cert_n <   30.000 & rawben_rel_max >=    0.188 & shelter_expenses_by_hh_size < 1100.000","xgboost",31886,0.9232,0.92071,16420,15221,0.927,0.6848,0.6248,68.238,0.0772,0.9846,1
"1","cat_elig >=   1 & shelter_expenses_by_hh_size >= 339 & total_deductions_by_hh_size < 710 & utilities >= 361","xgboost",16044,0.92421,0.9207,8193,7567,0.9236,0.3404,0.3097,34.048,0.0772,0.9846,1
"1","homeless <= 0.50 & unc_rawben_rel_max <= 1.93","ranger",42446,0.92284,0.92069,21744,20095,0.9242,0.904,0.8742,90.363,0.0772,0.9846,1
"1","total_deductions_by_hh_size < 705.0 & unc_rawben_rel_max <   1.2 & utilities >= 361.0","xgboost",14222,0.92441,0.92069,7333,6767,0.9228,0.3044,0.2471,30.474,0.0772,0.9846,1
"1","cat_elig < 2 & expedited_i < 1 & months_since_cert_n < 3","xgboost",6177,0.92634,0.92068,4416,4097,0.9278,0.1843,0.1693,18.352,0.0772,0.9846,1
"1","cat_elig <   2.000 & months_since_cert_n >=  26.000 & rawben_rel_max <   0.911 & utilities >= 680.000","xgboost",253,0.94862,0.92067,139,132,0.9496,0.0059,0.0032,0.578,0.0772,0.9846,1
"1","homeless < 1.000 & rawben_rel_max < 0.361 & unc_rawben_rel_max >= 0.056","xgboost",6907,0.92602,0.92067,3519,3270,0.9292,0.1471,0.1027,14.624,0.0772,0.9846,1
"1","months_since_cert_n >=  25.00 & unc_rawben_rel_max <   1.23 & utilities >= 367.00","xgboost",1571,0.93189,0.92067,671,618,0.921,0.0278,0.0254,2.789,0.0772,0.9846,1
"1","months_since_cert_n >=  3.00 & months_since_cert_n < 22.00 & unc_rawben_rel_max <  1.61","xgboost",29155,0.92327,0.92067,15158,14025,0.9253,0.631,0.5851,62.993,0.0772,0.9846,1
"1","medical_deductions < 200 & shelter_expenses_by_hh_size < 874 & utilities >= 385 & utilities < 789","xgboost",8898,0.92538,0.92066,4395,4091,0.9308,0.184,0.1434,18.265,0.0772,0.9846,1
"1","children_i < 1.0 & expedited_i < 1.0 & unc_rawben_rel_max < 1.9","xgboost",38336,0.92292,0.92065,19931,18412,0.9238,0.8283,0.7794,82.828,0.0772,0.9846,1
"1","married <=   0.500 & rawben_rel_max <=   0.998 & shelter_expenses_by_hh_size <= 640.000","ranger",12174,0.92468,0.92065,6061,5604,0.9246,0.2521,0.2165,25.188,0.0772,0.9846,1
"1","medical_deductions < 140.000 & rawben_rel_max >=   0.533","xgboost",29300,0.92324,0.92064,15336,14202,0.9261,0.6389,0.6636,63.733,0.0772,0.9846,1
"1","cat_elig <= 1.50 & elderly_disabled_i <= 0.50 & months_since_cert_n > 5.50 & percent_abawd <= 0.25","ranger",1692,0.93144,0.92063,1337,1226,0.917,0.0552,0.0825,5.556,0.0772,0.9846,1
"1","cat_elig >   0.5 & medical_deductions <= 108.0","ranger",39439,0.92287,0.92063,20261,18744,0.9251,0.8433,0.8478,84.2,0.0772,0.9846,1
"1","count_divisible_by_100 <   1.00 & months_since_cert_n <   6.00 & unc_rawben_rel_max >=   1.29 & utilities < 735.00","xgboost",2337,0.92982,0.92063,1076,997,0.9266,0.0449,0.0631,4.472,0.0772,0.9846,1
"1","rawben_rel_max >=   0.533 & total_deductions_by_hh_size < 918.000","xgboost",27488,0.92331,0.92063,14140,13097,0.9262,0.5892,0.5939,58.762,0.0772,0.9846,1
"1","cat_elig <  2.00 & months_since_cert_n >= 32.00 & unc_rawben_rel_max <  1.16","xgboost",561,0.93939,0.92062,292,269,0.9212,0.0121,0.0128,1.213,0.0772,0.9846,1
"1","cat_elig >=   1 & count_divisible_by_100 <   1 & months_since_cert_n <  10 & utilities < 886","xgboost",26344,0.92336,0.92062,13059,12086,0.9255,0.5437,0.543,54.27,0.0772,0.9846,1
"1","elderly_disabled_i <=   0.5 & shelter_expenses_by_hh_size >  13.0 & utilities > 732.0","ranger",968,0.93492,0.92062,562,516,0.9181,0.0232,0.0298,2.336,0.0772,0.9846,1
"1","cat_elig >=  1 & children_i <  1 & months_since_cert_n < 14","xgboost",33320,0.92305,0.92061,17160,15827,0.9223,0.712,0.7422,71.313,0.0772,0.9846,1
"1","cat_elig <=   0.5 & medical_deductions <= 138.0 & total_deductions_by_hh_size >  65.5 & total_deductions_by_hh_size <= 272.0","ranger",632,0.93829,0.9206,325,311,0.9569,0.014,0.0049,1.351,0.0772,0.9846,1
"1","elderly_disabled_i >=   1 & months_since_cert_n >=   2 & shelter_expenses_by_hh_size < 824","xgboost",15522,0.92417,0.9206,7731,7153,0.9252,0.3218,0.2732,32.128,0.0772,0.9846,1
"1","months_since_cert_n >=   32 & shelter_expenses_by_hh_size < 1440 & utilities >=  559","xgboost",402,0.94279,0.9206,157,149,0.949,0.0067,0.0055,0.652,0.0772,0.9846,1
"1","cat_elig >   0.5 & married <=   0.5 & total_deductions_by_hh_size >   3.7 & total_deductions_by_hh_size <= 180.0","ranger",5228,0.92674,0.92059,2672,2455,0.9188,0.1104,0.1086,11.104,0.0772,0.9846,1
"1","expedited_i > 0.500 & homeless > 0.500 & rawben_rel_max > 0.991 & unc_rawben_rel_max > 1.230","ranger",268,0.94776,0.92059,99,94,0.9495,0.0042,0.0044,0.411,0.0772,0.9846,1
"1","elderly_disabled_i >= 1.000 & rawben_rel_max < 0.777 & unc_rawben_rel_max < 1.210","xgboost",21169,0.92361,0.92056,10572,9768,0.924,0.4394,0.3375,43.935,0.0772,0.9846,1
"1","rawben_rel_max <    0.64 & total_deductions_by_hh_size < 1060.00","xgboost",19386,0.92376,0.92056,9693,8954,0.9238,0.4028,0.3323,40.282,0.0772,0.9846,1
"1","homeless >  0.500 & medical_deductions <= 78.000 & total_deductions_by_hh_size > 18.800 & unc_rawben_rel_max >  0.993","ranger",589,0.93888,0.92055,263,253,0.962,0.0114,0.008,1.093,0.0772,0.9846,1
"1","medical_deductions <  170 & total_deductions_by_hh_size < 1270 & utilities >=  462 & utilities <  511","xgboost",3767,0.92779,0.92055,1024,923,0.9014,0.0415,0.0486,4.255,0.0772,0.9846,1
"1","shelter_expenses_by_hh_size < 1640 & total_deductions_by_hh_size >=  307 & utilities >=  493","xgboost",12275,0.92456,0.92055,6339,5845,0.9221,0.263,0.2567,26.343,0.0772,0.9846,1
"1","cat_elig <=   0.5 & count_divisible_by_100 <=   0.5 & months_since_cert_n <=  10.5 & total_deductions_by_hh_size > 130.0","ranger",1622,0.93157,0.92052,791,746,0.9431,0.0336,0.0205,3.287,0.0772,0.9846,1
"1","expedited_i <=  0.5 & medical_deductions <= 92.5","ranger",36515,0.92283,0.9205,18891,17486,0.9256,0.7867,0.7487,78.506,0.0772,0.9846,1
"1","medical_deductions <  110.000 & rawben_rel_max >=    0.361 & shelter_expenses_by_hh_size < 1860.000","xgboost",32827,0.92296,0.9205,17034,15785,0.9267,0.7101,0.7014,70.789,0.0772,0.9846,1
"1","shelter_expenses_by_hh_size >= 1150.00 & shelter_expenses_by_hh_size < 1190.00 & unc_rawben_rel_max <    1.81","xgboost",911,0.93524,0.92049,421,382,0.9074,0.0172,0.0185,1.75,0.0772,0.9846,1
"1","cat_elig >   0.5 & count_divisible_by_100 <=   1.5 & total_deductions_by_hh_size >   7.8 & total_deductions_by_hh_size <= 170.0","ranger",4815,0.9269,0.92048,2472,2268,0.9175,0.102,0.1019,10.273,0.0772,0.9846,1
"1","married <=   0.5 & shelter_expenses_by_hh_size >  14.0 & shelter_expenses_by_hh_size <= 638.0","ranger",12651,0.92443,0.92048,6238,5753,0.9223,0.2588,0.2496,25.924,0.0772,0.9846,1
"1","homeless >  0.500 & months_since_cert_n >  4.500 & months_since_cert_n <= 36.500 & rawben_rel_max >  0.268","ranger",1445,0.93218,0.92047,725,680,0.9379,0.0306,0.0293,3.013,0.0772,0.9846,1
"1","months_since_cert_n <  15.00 & unc_rawben_rel_max <   2.22 & utilities >= 550.00","xgboost",8630,0.92526,0.92047,4886,4474,0.9157,0.2013,0.2168,20.305,0.0772,0.9846,1
"1","months_since_cert_n > 10.50 & months_since_cert_n <= 19.50 & shelter_expenses_by_hh_size <= 14.50 & unc_rawben_rel_max <=  1.62","ranger",883,0.93545,0.92047,502,477,0.9502,0.0215,0.0185,2.086,0.0772,0.9846,1
"1","count_divisible_by_100 <=  1.5 & total_deductions_by_hh_size >  2.8 & total_deductions_by_hh_size <= 56.6","ranger",1823,0.93088,0.92046,992,911,0.9183,0.041,0.037,4.123,0.0772,0.9846,1
"1","elderly_disabled_i >=   1.000 & medical_deductions < 360.000 & rawben_rel_max <   0.811 & utilities < 852.000","xgboost",20772,0.92355,0.92046,10299,9510,0.9234,0.4278,0.3295,42.8,0.0772,0.9846,1
"1","medical_deductions <   4 & total_deductions_by_hh_size >= 393 & utilities >= 475","xgboost",11332,0.92464,0.92046,5649,5218,0.9237,0.2347,0.246,23.476,0.0772,0.9846,1
"1","medical_deductions <  140.00 & rawben_rel_max <    0.64 & total_deductions_by_hh_size < 1060.00","xgboost",17870,0.92378,0.92045,9148,8463,0.9251,0.3807,0.3108,38.017,0.0772,0.9846,1
"1","months_since_cert_n <   7 & shelter_expenses_by_hh_size < 493 & total_deductions_by_hh_size >= 300 & utilities >= 424","xgboost",237,0.94937,0.92045,111,106,0.955,0.0048,0.0033,0.461,0.0772,0.9846,1
"1","months_since_cert_n >=    1.000 & months_since_cert_n <   17.000 & rawben_rel_max <    0.152 & shelter_expenses_by_hh_size >= 1020.000","xgboost",855,0.93567,0.92045,460,429,0.9326,0.0193,0.021,1.912,0.0772,0.9846,1
"1","shelter_expenses_by_hh_size < 1070.000 & unc_rawben_rel_max >=   -0.004 & utilities <  852.000","xgboost",33776,0.92287,0.92045,17102,15856,0.9271,0.7133,0.6503,71.072,0.0772,0.9846,1
"1","cat_elig <= 0.5 & total_deductions_by_hh_size > 7.8","ranger",2651,0.92908,0.92044,1344,1264,0.9405,0.0569,0.0357,5.585,0.0772,0.9846,1
"1","months_since_cert_n <= 27.500 & percent_abawd >  0.250 & shelter_expenses_by_hh_size >  5.500 & unc_rawben_rel_max >  0.952","ranger",1512,0.93188,0.92043,739,693,0.9378,0.0312,0.0365,3.071,0.0772,0.9846,1
"1","months_since_cert_n >  28.5 & total_deductions_by_hh_size >  61.2 & utilities > 360.0","ranger",1062,0.93409,0.92043,440,410,0.9318,0.0184,0.0162,1.829,0.0772,0.9846,1
"1","shelter_expenses_by_hh_size >  14.00 & total_deductions_by_hh_size >   2.50 & total_deductions_by_hh_size <= 284.00 & unc_rawben_rel_max <=   1.95","ranger",8431,0.92528,0.92043,4368,4055,0.9283,0.1824,0.1441,18.152,0.0772,0.9846,1
"1","total_deductions_by_hh_size >  32.800 & total_deductions_by_hh_size <= 691.000 & unc_rawben_rel_max >   0.991 & unc_rawben_rel_max <=   1.930","ranger",4982,0.92674,0.92043,2451,2268,0.9253,0.102,0.1448,10.186,0.0772,0.9846,1
"1","homeless <=   0.5 & medical_deductions <=  96.2 & total_deductions_by_hh_size >   8.9 & utilities > 428.0","ranger",16321,0.9239,0.92042,8471,7817,0.9228,0.3517,0.35,35.203,0.0772,0.9846,1
"1","total_deductions_by_hh_size >= 803 & utilities >= 875 & utilities < 992","xgboost",729,0.9369,0.92041,382,353,0.9241,0.0159,0.0166,1.587,0.0772,0.9846,1
"1","children_i <= 0.500 & elderly_disabled_i > 0.500 & unc_rawben_rel_max > 0.996","ranger",5764,0.92627,0.9204,3026,2801,0.9256,0.126,0.1575,12.575,0.0772,0.9846,1
"1","homeless < 1.000 & rawben_rel_max >= 0.712","xgboost",22152,0.92339,0.9204,11638,10736,0.9225,0.483,0.564,48.365,0.0772,0.9846,1
"1","married <   1 & months_since_cert_n >=   2 & utilities >= 912","xgboost",1606,0.93151,0.9204,1580,1479,0.9361,0.0665,0.0603,6.566,0.0772,0.9846,1
"1","shelter_expenses_by_hh_size < 723 & total_deductions_by_hh_size >= 535 & total_deductions_by_hh_size < 657 & utilities >= 483","xgboost",459,0.94118,0.92039,192,177,0.9219,0.008,0.0099,0.798,0.0772,0.9846,1
"1","count_divisible_by_100 <  1 & married <  1 & months_since_cert_n >=  4 & months_since_cert_n < 11","xgboost",18058,0.92369,0.92038,9308,8572,0.9209,0.3856,0.4112,38.682,0.0772,0.9846,1
"1","elderly_disabled_i >   0.500 & rawben_rel_max >   0.991 & shelter_expenses_by_hh_size >   5.500 & total_deductions_by_hh_size > 509.000","ranger",4337,0.92714,0.92038,2317,2146,0.9262,0.0965,0.1166,9.629,0.0772,0.9846,1
"1","total_deductions_by_hh_size >= 611.00 & total_deductions_by_hh_size < 701.00 & unc_rawben_rel_max <   1.46 & utilities >= 912.00","xgboost",142,0.95775,0.92038,168,157,0.9345,0.0071,0.0066,0.698,0.0772,0.9846,1
"1","elderly_disabled_i > 0.500 & rawben_rel_max > 0.991","ranger",5839,0.92619,0.92036,3065,2835,0.925,0.1275,0.1605,12.737,0.0772,0.9846,1
"1","expedited_i >  0.500 & months_since_cert_n > 10.500 & rawben_rel_max >  0.991 & utilities <= 14.500","ranger",252,0.94841,0.92036,128,122,0.9531,0.0055,0.0046,0.532,0.0772,0.9846,1
"1","cat_elig <  1 & children_i <  1 & months_since_cert_n >= 21 & total_deductions_by_hh_size <  9","xgboost",91,0.96703,0.92034,48,47,0.9792,0.0021,7e-04,0.199,0.0772,0.9846,1
"1","shelter_expenses_by_hh_size >= 528.0 & shelter_expenses_by_hh_size < 685.0 & unc_rawben_rel_max <   1.9 & utilities < 577.0","xgboost",4335,0.9271,0.92034,2404,2213,0.9205,0.0996,0.0894,9.99,0.0772,0.9846,1
"1","elderly_disabled_i <= 0.500 & rawben_rel_max > 0.991 & unc_rawben_rel_max > 1.480 & unc_rawben_rel_max <= 1.960","ranger",2886,0.92862,0.92033,1406,1307,0.9296,0.0588,0.0857,5.843,0.0772,0.9846,1
"1","medical_deductions < 170 & months_since_cert_n >=   5 & utilities >= 361 & utilities < 385","xgboost",992,0.93448,0.92033,616,552,0.8961,0.0248,0.0327,2.56,0.0772,0.9846,1
"1","elderly_disabled_i >  0.5 & months_since_cert_n <= 42.5 & unc_rawben_rel_max >  1.0","ranger",5693,0.92623,0.92032,2980,2757,0.9252,0.124,0.157,12.384,0.0772,0.9846,1
"1","homeless >  0.500 & months_since_cert_n <= 15.500 & rawben_rel_max <=  0.991 & total_deductions_by_hh_size <= 56.000","ranger",327,0.94495,0.92032,153,146,0.9542,0.0066,0.0045,0.636,0.0772,0.9846,1
"1","homeless <  1.000 & months_since_cert_n <  6.000 & unc_rawben_rel_max >= -0.004","xgboost",18401,0.92359,0.92031,9480,8801,0.9284,0.3959,0.3659,39.397,0.0772,0.9846,1
"1","months_since_cert_n > 23.500 & rawben_rel_max <=  0.991 & unc_rawben_rel_max <=  0.325","ranger",756,0.93651,0.92031,343,324,0.9446,0.0146,0.0091,1.425,0.0772,0.9846,1
"1","cat_elig > 1.500 & expedited_i > 0.500 & rawben_rel_max > 0.993 & shelter_expenses_by_hh_size > 5.500","ranger",700,0.93714,0.9203,51,44,0.8627,0.002,0.0038,0.212,0.0772,0.9846,1
"1","expedited_i <  1.000 & rawben_rel_max <  0.492 & total_deductions_by_hh_size >= 87.000","xgboost",9930,0.92477,0.9203,4786,4425,0.9246,0.1991,0.1647,19.889,0.0772,0.9846,1
"1","homeless >  0.500 & months_since_cert_n <= 10.500 & unc_rawben_rel_max >  0.991 & utilities >  9.500","ranger",415,0.94217,0.9203,195,188,0.9641,0.0085,0.0057,0.81,0.0772,0.9846,1
"1","cat_elig <= 0.5 & count_divisible_by_100 <= 0.5 & months_since_cert_n > 8.5","ranger",1156,0.93339,0.92029,650,616,0.9477,0.0277,0.0153,2.701,0.0772,0.9846,1
"1","medical_deductions <   6.00 & rawben_rel_max <   0.54 & total_deductions_by_hh_size >= 101.00 & utilities >= 424.00","xgboost",4371,0.92702,0.92028,2093,1916,0.9154,0.0862,0.0828,8.698,0.0772,0.9846,1
"1","shelter_expenses_by_hh_size >=  603 & shelter_expenses_by_hh_size < 1230 & utilities >=  450","xgboost",11744,0.92439,0.92028,5546,5122,0.9235,0.2304,0.2109,23.048,0.0772,0.9846,1
"1","cat_elig <=  0.5 & expedited_i >  0.5 & married <=  0.5 & total_deductions_by_hh_size > 58.5","ranger",282,0.94681,0.92027,141,130,0.922,0.0058,0.0083,0.586,0.0772,0.9846,1
"1","elderly_disabled_i >=   1.000 & months_since_cert_n >=  13.000 & total_deductions_by_hh_size < 190.000 & unc_rawben_rel_max >=   0.996","xgboost",282,0.94681,0.92027,138,130,0.942,0.0058,0.006,0.573,0.0772,0.9846,1
"1","months_since_cert_n >=  23.000 & rawben_rel_max <   0.192 & unc_rawben_rel_max <   1.700 & utilities < 415.000","xgboost",297,0.94613,0.92027,139,133,0.9568,0.006,0.0038,0.578,0.0772,0.9846,1
"1","children_i <=   0.5 & medical_deductions <=   3.5 & shelter_expenses_by_hh_size > 554.0 & utilities > 428.0","ranger",15082,0.92388,0.92025,7972,7354,0.9225,0.3308,0.3354,33.13,0.0772,0.9846,1
"1","children_i <= 0.5 & count_divisible_by_100 > 0.5 & elderly_disabled_i <= 0.5 & expedited_i > 0.5","ranger",221,0.95023,0.92025,101,93,0.9208,0.0042,0.0064,0.42,0.0772,0.9846,1
"1","rawben_rel_max <    0.66 & shelter_expenses_by_hh_size < 1360.00","xgboost",19194,0.92347,0.92025,9519,8798,0.9243,0.3958,0.3218,39.559,0.0772,0.9846,1
"1","married <    1.000 & rawben_rel_max <    0.672 & shelter_expenses_by_hh_size < 1360.000","xgboost",19371,0.92344,0.92024,9631,8898,0.9239,0.4003,0.3248,40.024,0.0772,0.9846,1
"1","months_since_cert_n >=    6.000 & rawben_rel_max >=    0.992 & shelter_expenses_by_hh_size < 1440.000 & unc_rawben_rel_max >=    1.160","xgboost",4944,0.92658,0.92024,2631,2431,0.924,0.1094,0.1572,10.934,0.0772,0.9846,1
"1","cat_elig <=   0.50 & shelter_expenses_by_hh_size > 872.00 & total_deductions_by_hh_size >  65.50 & unc_rawben_rel_max <=   2.56","ranger",908,0.93502,0.92023,455,435,0.956,0.0196,0.0091,1.891,0.0772,0.9846,1
"1","homeless <=    0.5 & shelter_expenses_by_hh_size >   14.5 & shelter_expenses_by_hh_size <= 1650.0 & utilities >  428.0","ranger",17769,0.92357,0.92023,9017,8314,0.922,0.374,0.3549,37.472,0.0772,0.9846,1
"1","months_since_cert_n <   4.00 & shelter_expenses_by_hh_size >= 906.00 & unc_rawben_rel_max >=   1.25 & utilities < 714.00","xgboost",629,0.938,0.92023,311,286,0.9196,0.0129,0.0208,1.292,0.0772,0.9846,1
"1","months_since_cert_n <  20.000 & unc_rawben_rel_max >=  -0.184 & utilities >= 886.000","xgboost",1791,0.93076,0.92023,1410,1318,0.9348,0.0593,0.054,5.86,0.0772,0.9846,1
"1","months_since_cert_n >=  10 & months_since_cert_n <  16 & rawben_rel_max >=   1 & utilities >= 462","xgboost",894,0.93512,0.92022,457,430,0.9409,0.0193,0.0195,1.899,0.0772,0.9846,1
"1","cat_elig > 0.5 & cat_elig <= 1.5 & children_i <= 0.5 & married <= 0.5","ranger",27967,0.92287,0.92021,20345,18705,0.9194,0.8415,0.896,84.549,0.0772,0.9846,1
"1","homeless <=   0.5 & months_since_cert_n <=   4.5 & total_deductions_by_hh_size >   2.8 & utilities > 428.0","ranger",6023,0.92595,0.92021,3056,2818,0.9221,0.1268,0.1249,12.7,0.0772,0.9846,1
"1","medical_deductions <   4.0 & percent_abawd <   0.5 & shelter_expenses_by_hh_size >= 678.0 & utilities >= 417.0","xgboost",13264,0.92408,0.92021,6719,6190,0.9213,0.2785,0.2797,27.923,0.0772,0.9846,1
"1","shelter_expenses_by_hh_size <= 1650.000 & total_deductions_by_hh_size <=  521.000 & unc_rawben_rel_max <=    0.991","ranger",19812,0.92338,0.92021,9896,9178,0.9274,0.4129,0.3193,41.125,0.0772,0.9846,1
"1","married < 1.00 & rawben_rel_max >= 0.62","xgboost",27721,0.92287,0.9202,14363,13277,0.9244,0.5973,0.6574,59.689,0.0772,0.9846,1
"1","total_deductions_by_hh_size >   2.800 & total_deductions_by_hh_size <= 494.000 & unc_rawben_rel_max <=   0.475 & utilities <= 428.000","ranger",5684,0.92611,0.9202,2842,2624,0.9233,0.118,0.102,11.811,0.0772,0.9846,1
"1","count_divisible_by_100 >=   1.00 & elderly_disabled_i <   1.00 & unc_rawben_rel_max >=   1.19 & utilities < 992.00","xgboost",356,0.94382,0.92019,205,189,0.922,0.0085,0.0134,0.852,0.0772,0.9846,1
"1","percent_abawd <=   0.25 & shelter_expenses_by_hh_size >   5.50 & unc_rawben_rel_max <=   1.97 & utilities > 424.00","ranger",17951,0.92351,0.92019,9062,8343,0.9207,0.3753,0.3575,37.659,0.0772,0.9846,1
"1","cat_elig >= 1.000 & count_divisible_by_100 < 1.000 & rawben_rel_max < 0.608 & unc_rawben_rel_max < 2.520","xgboost",16464,0.92365,0.92018,8242,7602,0.9223,0.342,0.2906,34.252,0.0772,0.9846,1
"1","elderly_disabled_i >=   1 & months_since_cert_n >=   2 & utilities >= 912","xgboost",1372,0.93222,0.92018,1368,1287,0.9408,0.0579,0.0482,5.685,0.0772,0.9846,1
"1","medical_deductions <   6 & utilities >= 424","xgboost",17246,0.92358,0.92018,8702,8027,0.9224,0.3611,0.3647,36.163,0.0772,0.9846,1
"1","shelter_expenses_by_hh_size >= 1170.000 & total_deductions_by_hh_size >=  340.000 & unc_rawben_rel_max >=    0.808 & utilities >=  580.000","xgboost",2841,0.92855,0.92018,1648,1545,0.9375,0.0695,0.069,6.849,0.0772,0.9846,1
"1","elderly_disabled_i > 0.500 & rawben_rel_max > 0.996 & utilities > 9.500","ranger",4561,0.92677,0.92017,2400,2227,0.9279,0.1002,0.1214,9.974,0.0772,0.9846,1
"1","elderly_disabled_i >   0.5 & homeless >   0.5 & utilities <= 188.0","ranger",515,0.93981,0.92016,243,220,0.9053,0.0099,0.0145,1.01,0.0772,0.9846,1
"1","months_since_cert_n >=  3.000 & months_since_cert_n < 17.000 & unc_rawben_rel_max >=  0.691","xgboost",15255,0.92376,0.92015,8137,7500,0.9217,0.3374,0.4039,33.815,0.0772,0.9846,1
"1","cat_elig <=   0.5 & expedited_i <=   0.5 & utilities >  30.5 & utilities <= 684.0","ranger",1896,0.93038,0.92014,1003,946,0.9432,0.0426,0.0233,4.168,0.0772,0.9846,1
"1","shelter_expenses_by_hh_size >=  723 & shelter_expenses_by_hh_size < 1750 & utilities >=  483","xgboost",12430,0.92414,0.92014,6201,5716,0.9218,0.2572,0.253,25.77,0.0772,0.9846,1
"1","cat_elig <   2.0 & shelter_expenses_by_hh_size >= 507.0 & shelter_expenses_by_hh_size < 528.0 & unc_rawben_rel_max <   1.9","xgboost",341,0.94428,0.92013,215,199,0.9256,0.009,0.0087,0.893,0.0772,0.9846,1
"1","shelter_expenses_by_hh_size < 616 & total_deductions_by_hh_size >=  14 & total_deductions_by_hh_size < 194","xgboost",5145,0.92634,0.92012,2597,2396,0.9226,0.1078,0.1002,10.793,0.0772,0.9846,1
"1","cat_elig >=   1 & months_since_cert_n >=  19 & total_deductions_by_hh_size < 549","xgboost",3142,0.92807,0.92011,1429,1316,0.9209,0.0592,0.0522,5.939,0.0772,0.9846,1
"1","cat_elig <=    0.5 & elderly_disabled_i >    0.5 & shelter_expenses_by_hh_size <= 1220.0 & utilities <=    7.5","ranger",486,0.94033,0.9201,270,253,0.937,0.0114,0.0089,1.122,0.0772,0.9846,1
"1","shelter_expenses_by_hh_size >  14 & shelter_expenses_by_hh_size <= 638","ranger",12746,0.92405,0.9201,6269,5783,0.9225,0.2602,0.2505,26.052,0.0772,0.9846,1
"1","rawben_rel_max <=   0.998 & shelter_expenses_by_hh_size <= 640.000","ranger",12230,0.92412,0.92009,6074,5616,0.9246,0.2527,0.2174,25.242,0.0772,0.9846,1
"1","shelter_expenses_by_hh_size < 1070 & total_deductions_by_hh_size <  650 & utilities >=  580","xgboost",3588,0.92754,0.92009,1645,1510,0.9179,0.0679,0.0656,6.836,0.0772,0.9846,1
"1","total_deductions_by_hh_size >=  22.4 & total_deductions_by_hh_size < 329.0 & utilities < 612.0","xgboost",10032,0.92454,0.92009,5048,4691,0.9293,0.211,0.1724,20.978,0.0772,0.9846,1
"1","months_since_cert_n >=  14.000 & rawben_rel_max <   0.612 & shelter_expenses_by_hh_size >= 387.000 & total_deductions_by_hh_size <  47.000","xgboost",326,0.94479,0.92008,184,176,0.9565,0.0079,0.0034,0.765,0.0772,0.9846,1
"1","count_divisible_by_100 >  0.500 & elderly_disabled_i >  0.500 & months_since_cert_n <= 12.500 & rawben_rel_max <=  0.268","ranger",205,0.95122,0.92006,80,78,0.975,0.0035,9e-04,0.332,0.0772,0.9846,1
"1","elderly_disabled_i > 0.500 & months_since_cert_n <= 4.500 & rawben_rel_max > 0.991 & unc_rawben_rel_max > 0.268","ranger",1787,0.93061,0.92006,906,853,0.9415,0.0384,0.0378,3.765,0.0772,0.9846,1
"1","medical_deductions <  177.0 & percent_abawd <    0.5 & utilities >=  789.0 & utilities < 1020.0","xgboost",3731,0.92737,0.92006,2094,1928,0.9207,0.0867,0.0954,8.702,0.0772,0.9846,1
"1","elderly_disabled_i >=   1.00 & total_deductions_by_hh_size >=   9.00 & unc_rawben_rel_max <   1.64 & utilities >= 475.00","xgboost",12505,0.92403,0.92004,6061,5567,0.9185,0.2504,0.2401,25.188,0.0772,0.9846,1
"1","cat_elig <   1.00 & shelter_expenses_by_hh_size < 531.00 & total_deductions_by_hh_size >= 369.00 & unc_rawben_rel_max >=   1.29","xgboost",108,0.96296,0.92003,59,52,0.8814,0.0023,0.0048,0.245,0.0772,0.9846,1
"1","elderly_disabled_i >  0.5 & months_since_cert_n > 38.5","ranger",108,0.96296,0.92003,60,56,0.9333,0.0025,0.0028,0.249,0.0772,0.9846,1
"1","homeless >=   1 & months_since_cert_n <   5 & total_deductions_by_hh_size >= 603","xgboost",108,0.96296,0.92003,76,73,0.9605,0.0033,0.0019,0.316,0.0772,0.9846,1
"1","medical_deductions >= 159.000 & months_since_cert_n <   5.000 & rawben_rel_max <   0.887 & utilities >= 580.000","xgboost",108,0.96296,0.92003,44,34,0.7727,0.0015,0.0055,0.183,0.0772,0.9846,1
"1","cat_elig > 0.5 & homeless <= 0.5 & months_since_cert_n <= 5.5","ranger",17774,0.92337,0.92002,8988,8339,0.9278,0.3752,0.3551,37.352,0.0772,0.9846,1
"1","shelter_expenses_by_hh_size >   5.5 & unc_rawben_rel_max <=   2.4 & utilities > 490.0","ranger",14577,0.92372,0.92002,7643,7026,0.9193,0.3161,0.3251,31.762,0.0772,0.9846,1
"1","homeless >=   1.000 & months_since_cert_n <   7.000 & rawben_rel_max >=   0.838 & shelter_expenses_by_hh_size >= 108.000","xgboost",281,0.94662,0.92,147,139,0.9456,0.0063,0.0047,0.611,0.0772,0.9846,1
"1","shelter_expenses_by_hh_size >  13 & shelter_expenses_by_hh_size <= 618","ranger",12204,0.92404,0.92,5938,5491,0.9247,0.247,0.2317,24.677,0.0772,0.9846,1
"1","cat_elig <   2 & months_since_cert_n <  17 & utilities >= 789 & utilities < 875","xgboost",753,0.93625,0.91999,1042,942,0.904,0.0424,0.0558,4.33,0.0772,0.9846,1
"1","children_i <=  0.5 & count_divisible_by_100 <=  0.5 & elderly_disabled_i >  0.5 & months_since_cert_n > 30.5","ranger",1097,0.93345,0.91998,430,402,0.9349,0.0181,0.0158,1.787,0.0772,0.9846,1
"1","elderly_disabled_i > 0.5 & unc_rawben_rel_max > 1.0","ranger",5707,0.92588,0.91997,2987,2764,0.9253,0.1243,0.157,12.413,0.0772,0.9846,1
"1","medical_deductions <    5 & shelter_expenses_by_hh_size < 1390 & total_deductions_by_hh_size >=  213 & utilities >=  414","xgboost",14399,0.92368,0.91996,6816,6324,0.9278,0.2845,0.2525,28.326,0.0772,0.9846,1
"1","shelter_expenses_by_hh_size >   18.50 & unc_rawben_rel_max <=    1.97 & utilities >  428.00 & utilities <= 1020.00","ranger",18844,0.92321,0.91996,8865,8131,0.9172,0.3658,0.3738,36.841,0.0772,0.9846,1
"1","months_since_cert_n >= 4.000 & percent_abawd < 0.500 & unc_rawben_rel_max >= 0.876","xgboost",10593,0.92429,0.91995,5524,5079,0.9194,0.2285,0.2944,22.956,0.0772,0.9846,1
"1","rawben_rel_max < 0.62","xgboost",19148,0.92318,0.91995,9578,8840,0.9229,0.3977,0.3347,39.804,0.0772,0.9846,1
"1","cat_elig >=    1 & months_since_cert_n >=    3 & shelter_expenses_by_hh_size < 1060 & utilities <  405","xgboost",15138,0.92357,0.91994,7955,7350,0.9239,0.3307,0.3378,33.059,0.0772,0.9846,1
"1","unc_rawben_rel_max <=   1.96 & utilities > 428.00","ranger",18840,0.9232,0.91994,9640,8872,0.9203,0.3991,0.3926,40.062,0.0772,0.9846,1
"1","months_since_cert_n >=  31 & total_deductions_by_hh_size < 918 & utilities >= 600","xgboost",413,0.94189,0.91992,127,121,0.9528,0.0054,0.0047,0.528,0.0772,0.9846,1
"1","rawben_rel_max <   0.524 & unc_rawben_rel_max >=   0.120 & utilities < 559.000","xgboost",8918,0.92465,0.91992,4580,4220,0.9214,0.1899,0.1497,19.033,0.0772,0.9846,1
"1","children_i <= 0.50 & medical_deductions <= 3.50 & months_since_cert_n > 5.50 & unc_rawben_rel_max <= 1.93","ranger",21086,0.92298,0.91991,10976,10109,0.921,0.4548,0.4739,45.614,0.0772,0.9846,1
"1","months_since_cert_n >=   3.000 & rawben_rel_max <   0.748 & shelter_expenses_by_hh_size < 896.000 & unc_rawben_rel_max >=  -0.440","xgboost",13048,0.92382,0.91991,6544,6063,0.9265,0.2728,0.2088,27.195,0.0772,0.9846,1
"1","months_since_cert_n >=  20.000 & rawben_rel_max >=   0.236 & shelter_expenses_by_hh_size < 730.000 & total_deductions_by_hh_size < 616.000","xgboost",1556,0.93123,0.91991,688,621,0.9026,0.0279,0.0311,2.859,0.0772,0.9846,1
"1","elderly_disabled_i <   1 & homeless >=   1 & utilities >= 318","xgboost",340,0.94412,0.9199,159,153,0.9623,0.0069,0.0055,0.661,0.0772,0.9846,1
"1","shelter_expenses_by_hh_size >= 281 & shelter_expenses_by_hh_size < 346 & utilities >=  54","xgboost",766,0.93603,0.9199,372,327,0.879,0.0147,0.029,1.546,0.0772,0.9846,1
"1","expedited_i >= 1.0 & homeless >= 1.0 & months_since_cert_n >= 4.0 & percent_abawd >= 0.5","xgboost",220,0.95,0.91989,134,128,0.9552,0.0058,0.0059,0.557,0.0772,0.9846,1
"1","total_deductions_by_hh_size <=  2.5 & utilities > 30.5 & utilities <= 76.5","ranger",752,0.93617,0.91989,398,373,0.9372,0.0168,0.0102,1.654,0.0772,0.9846,1
"1","children_i <= 0.500 & elderly_disabled_i > 0.500 & months_since_cert_n > 0.500 & rawben_rel_max > 0.991","ranger",5558,0.92587,0.91988,2921,2700,0.9243,0.1215,0.155,12.139,0.0772,0.9846,1
"1","elderly_disabled_i >= 1.000 & rawben_rel_max < 0.787","xgboost",21372,0.92294,0.91988,10670,9847,0.9229,0.443,0.3467,44.342,0.0772,0.9846,1
"1","married <    1 & months_since_cert_n >=    4 & months_since_cert_n <   10 & shelter_expenses_by_hh_size < 2300","xgboost",16517,0.92335,0.91988,8537,7869,0.9218,0.354,0.3763,35.478,0.0772,0.9846,1
"1","cat_elig >=   2.000 & rawben_rel_max <   0.515 & shelter_expenses_by_hh_size < 631.000","xgboost",2076,0.92967,0.91987,183,174,0.9508,0.0078,0.0037,0.761,0.0772,0.9846,1
"1","cat_elig >= 1.0 & percent_abawd >= 0.5","xgboost",4479,0.92655,0.91987,2418,2260,0.9347,0.1017,0.1134,10.049,0.0772,0.9846,1
"1","cat_elig <=  0.5 & elderly_disabled_i <=  0.5 & shelter_expenses_by_hh_size > 35.5 & total_deductions_by_hh_size > 55.5","ranger",598,0.93813,0.91986,306,292,0.9542,0.0131,0.0063,1.272,0.0772,0.9846,1
"1","cat_elig >=    2.00 & rawben_rel_max <    0.46 & shelter_expenses_by_hh_size < 1800.00","xgboost",4270,0.9267,0.91986,295,281,0.9525,0.0126,0.0068,1.226,0.0772,0.9846,1
"1","elderly_disabled_i >=   1.000 & rawben_rel_max <   0.992 & total_deductions_by_hh_size < 683.000 & unc_rawben_rel_max <   1.810","xgboost",22156,0.92287,0.91986,11060,10227,0.9247,0.4601,0.3584,45.963,0.0772,0.9846,1
"1","homeless <=   0.5 & shelter_expenses_by_hh_size >  14.5 & shelter_expenses_by_hh_size <= 378.0","ranger",4270,0.9267,0.91986,2123,1976,0.9308,0.0889,0.0785,8.823,0.0772,0.9846,1
"1","cat_elig <=   1.5 & expedited_i <=   0.5 & shelter_expenses_by_hh_size >   5.5 & utilities > 428.0","ranger",12934,0.92377,0.91984,8969,8212,0.9156,0.3694,0.3873,37.273,0.0772,0.9846,1
"1","homeless <   1.000 & rawben_rel_max >=   0.712 & utilities < 992.000","xgboost",21387,0.9229,0.91984,10841,9975,0.9201,0.4488,0.5399,45.053,0.0772,0.9846,1
"1","medical_deductions <= 362.00 & total_deductions_by_hh_size >   8.90 & unc_rawben_rel_max <=   1.97 & utilities > 428.00","ranger",18433,0.92313,0.91984,9476,8719,0.9201,0.3923,0.3865,39.38,0.0772,0.9846,1
"1","cat_elig <=   0.5 & medical_deductions <= 114.0 & shelter_expenses_by_hh_size >   5.5 & total_deductions_by_hh_size >   2.5","ranger",2075,0.92964,0.91983,1068,1008,0.9438,0.0453,0.0283,4.438,0.0772,0.9846,1
"1","count_divisible_by_100 >= 1.00 & months_since_cert_n < 4.00 & unc_rawben_rel_max >= 1.29 & unc_rawben_rel_max < 1.86","xgboost",141,0.95745,0.91983,93,91,0.9785,0.0041,0.0011,0.386,0.0772,0.9846,1
"1","married <=   0.50 & total_deductions_by_hh_size >   7.80 & total_deductions_by_hh_size <= 297.00 & unc_rawben_rel_max <=   1.95","ranger",9589,0.92439,0.91983,4980,4621,0.9279,0.2079,0.1703,20.696,0.0772,0.9846,1
"1","medical_deductions <  103 & shelter_expenses_by_hh_size >= 1050 & shelter_expenses_by_hh_size < 1080 & utilities >=  560","xgboost",427,0.94145,0.91983,273,254,0.9304,0.0114,0.0096,1.135,0.0772,0.9846,1
"1","medical_deductions <= 22.5 & total_deductions_by_hh_size >  2.8 & total_deductions_by_hh_size <= 63.1","ranger",2035,0.92973,0.91983,1079,992,0.9194,0.0446,0.0407,4.484,0.0772,0.9846,1
"1","medical_deductions >=  42.0000 & months_since_cert_n >=   8.0000 & rawben_rel_max <   0.0928 & utilities >= 643.0000","xgboost",141,0.95745,0.91983,69,66,0.9565,0.003,0.0017,0.287,0.0772,0.9846,1
"1","medical_deductions <= 182.0 & shelter_expenses_by_hh_size <= 638.0 & utilities >  14.5","ranger",9754,0.92434,0.91982,4723,4352,0.9214,0.1958,0.1906,19.628,0.0772,0.9846,1
"1","months_since_cert_n <  29.00 & unc_rawben_rel_max >=  -0.14 & utilities >= 789.00","xgboost",4033,0.92685,0.91982,2894,2669,0.9223,0.1201,0.127,12.027,0.0772,0.9846,1
"1","medical_deductions < 314 & months_since_cert_n <  13 & utilities >= 493","xgboost",10394,0.92419,0.9198,5468,5015,0.9172,0.2256,0.2464,22.724,0.0772,0.9846,1
"1","percent_abawd >   0.750 & total_deductions_by_hh_size <= 886.000 & unc_rawben_rel_max >   0.998 & utilities >   9.500","ranger",1271,0.93234,0.9198,628,591,0.9411,0.0266,0.0318,2.61,0.0772,0.9846,1
"1","months_since_cert_n >  5.50 & unc_rawben_rel_max <=  1.46 & utilities > 22.00 & utilities <= 30.50","ranger",173,0.95376,0.91979,89,86,0.9663,0.0039,0.0026,0.37,0.0772,0.9846,1
"1","months_since_cert_n <    7 & shelter_expenses_by_hh_size < 1610 & total_deductions_by_hh_size <  959 & utilities >=  992","xgboost",310,0.94516,0.91978,295,274,0.9288,0.0123,0.0116,1.226,0.0772,0.9846,1
"1","months_since_cert_n >=   1.0000 & rawben_rel_max >=   0.0928 & utilities < 415.0000","xgboost",21168,0.92286,0.91978,11565,10691,0.9244,0.481,0.4829,48.061,0.0772,0.9846,1
"1","rawben_rel_max <  0.084 & unc_rawben_rel_max >= -0.056","xgboost",1540,0.93117,0.91978,757,701,0.926,0.0315,0.0367,3.146,0.0772,0.9846,1
"1","medical_deductions <= 425.0 & months_since_cert_n >  14.5 & percent_abawd <=   1.5 & shelter_expenses_by_hh_size <=  14.0","ranger",737,0.93623,0.91977,308,292,0.9481,0.0131,0.0111,1.28,0.0772,0.9846,1
"1","months_since_cert_n >= 22.00 & percent_abawd <  0.50 & unc_rawben_rel_max <  1.67","xgboost",3835,0.92699,0.91977,1772,1627,0.9182,0.0732,0.0701,7.364,0.0772,0.9846,1
"1","rawben_rel_max >=    0.988 & shelter_expenses_by_hh_size >= 1120.000 & total_deductions_by_hh_size < 1080.000 & utilities >=  912.000","xgboost",484,0.94008,0.91977,524,501,0.9561,0.0225,0.017,2.178,0.0772,0.9846,1
"1","shelter_expenses_by_hh_size < 805 & utilities >= 298","xgboost",11220,0.92398,0.91976,5810,5371,0.9244,0.2416,0.2163,24.145,0.0772,0.9846,1
"1","utilities >= 643","xgboost",8399,0.92463,0.91976,4527,4191,0.9258,0.1885,0.1863,18.813,0.0772,0.9846,1
"1","elderly_disabled_i <=  0.5 & expedited_i >  0.5 & months_since_cert_n >  5.5 & months_since_cert_n <= 21.5","ranger",1216,0.93257,0.91975,671,618,0.921,0.0278,0.0453,2.789,0.0772,0.9846,1
"1","elderly_disabled_i > 0.500 & unc_rawben_rel_max > 0.996","ranger",5769,0.92564,0.91975,3028,2802,0.9254,0.1261,0.1584,12.584,0.0772,0.9846,1
"1","months_since_cert_n <=   4.5 & total_deductions_by_hh_size <= 152.0 & utilities >   9.5","ranger",1740,0.93046,0.91975,789,743,0.9417,0.0334,0.0237,3.279,0.0772,0.9846,1
"1","months_since_cert_n >=  28.000 & rawben_rel_max <   0.192 & total_deductions_by_hh_size < 307.000 & utilities < 735.000","xgboost",157,0.95541,0.91975,73,71,0.9726,0.0032,0.0014,0.303,0.0772,0.9846,1
"1","rawben_rel_max <   0.804 & shelter_expenses_by_hh_size < 430.000 & unc_rawben_rel_max >=  -0.904","xgboost",5976,0.92554,0.91975,3059,2842,0.9291,0.1279,0.1043,12.712,0.0772,0.9846,1
"1","homeless >= 1.00 & months_since_cert_n >= 7.00 & percent_abawd >= 0.50 & unc_rawben_rel_max >= 1.27","xgboost",53,0.98113,0.91974,24,23,0.9583,0.001,0.001,0.1,0.0772,0.9846,1
"1","shelter_expenses_by_hh_size < 1860.00 & total_deductions_by_hh_size >=   63.00 & unc_rawben_rel_max <    1.99 & utilities >=  426.00","xgboost",18256,0.92304,0.91973,9203,8490,0.9225,0.382,0.3574,38.245,0.0772,0.9846,1
"1","count_divisible_by_100 >   0.500 & medical_deductions > 100.000 & months_since_cert_n <=   5.500 & rawben_rel_max <=   0.248","ranger",31,1,0.91972,8,8,1,4e-04,0,0.033,0.0772,0.9846,1
"1","homeless >  0.50 & medical_deductions > 22.50 & unc_rawben_rel_max <=  0.32","ranger",31,1,0.91972,10,10,1,4e-04,0,0.042,0.0772,0.9846,1
"1","homeless > 0.500 & medical_deductions > 0.500 & rawben_rel_max <= 0.266","ranger",31,1,0.91972,9,9,1,4e-04,0,0.037,0.0772,0.9846,1
"1","shelter_expenses_by_hh_size < 652 & utilities >=  56","xgboost",8331,0.92462,0.91972,4007,3675,0.9171,0.1653,0.169,16.652,0.0772,0.9846,1
"1","shelter_expenses_by_hh_size >  18.50 & unc_rawben_rel_max <=   1.97 & utilities > 428.00","ranger",18850,0.92297,0.91972,9649,8879,0.9202,0.3995,0.3938,40.099,0.0772,0.9846,1
"1","married <  1 & months_since_cert_n >=  4 & months_since_cert_n < 11","xgboost",18734,0.92297,0.91971,9710,8930,0.9197,0.4017,0.4383,40.352,0.0772,0.9846,1
"1","cat_elig <=  0.500 & count_divisible_by_100 <=  0.500 & rawben_rel_max >  0.085 & utilities > 34.500","ranger",1952,0.92982,0.9197,1024,961,0.9385,0.0432,0.0294,4.255,0.0772,0.9846,1
"1","cat_elig > 0.500 & elderly_disabled_i > 0.500 & rawben_rel_max > 0.991","ranger",5480,0.92573,0.91969,2886,2670,0.9252,0.1201,0.15,11.994,0.0772,0.9846,1
"1","cat_elig >=   1 & medical_deductions <  14 & months_since_cert_n >=  10 & shelter_expenses_by_hh_size < 925","xgboost",7993,0.92468,0.91968,4069,3734,0.9177,0.168,0.1716,16.91,0.0772,0.9846,1
"1","count_divisible_by_100 <   1.000 & rawben_rel_max >=   0.896 & total_deductions_by_hh_size < 178.000 & unc_rawben_rel_max >=   1.330","xgboost",204,0.95098,0.91968,66,61,0.9242,0.0027,0.0037,0.274,0.0772,0.9846,1
"1","married <=   0.500 & rawben_rel_max <=   0.993 & shelter_expenses_by_hh_size <= 562.000 & utilities <= 494.000","ranger",9596,0.92424,0.91968,4737,4398,0.9284,0.1979,0.1625,19.686,0.0772,0.9846,1
"1","medical_deductions <  4.000 & months_since_cert_n >= 13.000 & rawben_rel_max <  0.748","xgboost",5052,0.92597,0.91968,2558,2365,0.9246,0.1064,0.0809,10.63,0.0772,0.9846,1
"1","medical_deductions <= 308.000 & rawben_rel_max <=   0.991 & shelter_expenses_by_hh_size <= 708.000","ranger",14102,0.92342,0.91965,7071,6538,0.9246,0.2941,0.2462,29.385,0.0772,0.9846,1
"1","months_since_cert_n <  35 & utilities >= 956","xgboost",1282,0.93214,0.91965,1249,1179,0.944,0.053,0.0429,5.191,0.0772,0.9846,1
"1","elderly_disabled_i >   0.500 & rawben_rel_max >   0.325 & total_deductions_by_hh_size <= 297.000 & unc_rawben_rel_max <=   1.270","ranger",5386,0.92573,0.91964,2884,2695,0.9345,0.1212,0.0844,11.985,0.0772,0.9846,1
"1","children_i <=   0.5 & medical_deductions <=  22.5 & total_deductions_by_hh_size >   8.8 & total_deductions_by_hh_size <= 165.0","ranger",4582,0.92623,0.91963,2389,2203,0.9221,0.0991,0.0909,9.928,0.0772,0.9846,1
"1","rawben_rel_max <    0.988 & shelter_expenses_by_hh_size < 1060.000 & total_deductions_by_hh_size <  675.000 & utilities >=  405.000","xgboost",9603,0.92419,0.91963,4388,4054,0.9239,0.1824,0.1458,18.235,0.0772,0.9846,1
"1","cat_elig >=   1 & elderly_disabled_i >=   1 & utilities >= 494 & utilities < 596","xgboost",3867,0.92682,0.91962,2144,1960,0.9142,0.0882,0.0893,8.91,0.0772,0.9846,1
"1","months_since_cert_n <    6 & shelter_expenses_by_hh_size < 1070 & utilities >=  496 & utilities <  757","xgboost",2334,0.92888,0.91962,1270,1184,0.9323,0.0533,0.0428,5.278,0.0772,0.9846,1
"1","elderly_disabled_i >=  1 & months_since_cert_n < 19 & rawben_rel_max >=  1","xgboost",4620,0.92619,0.91961,2458,2282,0.9284,0.1027,0.124,10.215,0.0772,0.9846,1
"1","months_since_cert_n >=    7.00 & shelter_expenses_by_hh_size < 1400.00 & unc_rawben_rel_max <    1.52","xgboost",18940,0.92286,0.91961,9749,9000,0.9232,0.4049,0.3727,40.514,0.0772,0.9846,1
"1","cat_elig >=    1 & shelter_expenses_by_hh_size < 1610 & total_deductions_by_hh_size < 1380 & utilities >=  430","xgboost",16994,0.92303,0.9196,8551,7881,0.9216,0.3546,0.3406,35.536,0.0772,0.9846,1
"1","shelter_expenses_by_hh_size >= 697.00 & total_deductions_by_hh_size >= 393.00 & unc_rawben_rel_max >=   1.14","xgboost",4697,0.92612,0.9196,2567,2382,0.9279,0.1072,0.1403,10.668,0.0772,0.9846,1
"1","total_deductions_by_hh_size >=   9 & utilities >= 645","xgboost",8344,0.9245,0.9196,4509,4174,0.9257,0.1878,0.1853,18.738,0.0772,0.9846,1
"1","cat_elig >=   2 & months_since_cert_n <   4 & utilities < 475","xgboost",3695,0.92693,0.91957,328,315,0.9604,0.0142,0.0065,1.363,0.0772,0.9846,1
"1","shelter_expenses_by_hh_size >=  44 & total_deductions_by_hh_size >=   9 & total_deductions_by_hh_size < 318 & utilities < 789","xgboost",9238,0.92423,0.91957,4739,4399,0.9283,0.1979,0.1566,19.694,0.0772,0.9846,1
"1","children_i <=   0.5 & shelter_expenses_by_hh_size >   5.5 & shelter_expenses_by_hh_size <= 694.0","ranger",14480,0.92327,0.91956,7121,6567,0.9222,0.2954,0.2799,29.593,0.0772,0.9846,1
"1","months_since_cert_n >= 1.000 & months_since_cert_n < 5.000 & rawben_rel_max < 0.454","xgboost",4137,0.92652,0.91956,1945,1810,0.9306,0.0814,0.0637,8.083,0.0772,0.9846,1
"1","cat_elig <=  1.5 & elderly_disabled_i <=  0.5 & expedited_i >  0.5 & shelter_expenses_by_hh_size > 14.5","ranger",1064,0.93327,0.91955,790,726,0.919,0.0327,0.0506,3.283,0.0772,0.9846,1
"1","cat_elig < 2.000 & rawben_rel_max < 0.718","xgboost",15634,0.92312,0.91954,10375,9535,0.919,0.429,0.3792,43.116,0.0772,0.9846,1
"1","cat_elig <=   0.5 & count_divisible_by_100 <=   0.5 & homeless <=   0.5 & shelter_expenses_by_hh_size > 420.0","ranger",2041,0.92945,0.91954,1043,982,0.9415,0.0442,0.0265,4.334,0.0772,0.9846,1
"1","rawben_rel_max <   0.471 & shelter_expenses_by_hh_size < 650.000 & utilities >= 475.000","xgboost",859,0.93481,0.91954,318,288,0.9057,0.013,0.0166,1.322,0.0772,0.9846,1
"1","elderly_disabled_i > 0.500 & expedited_i <= 0.500 & rawben_rel_max > 0.991","ranger",4939,0.9259,0.91953,2599,2410,0.9273,0.1084,0.1308,10.801,0.0772,0.9846,1
"1","cat_elig <   2.0 & total_deductions_by_hh_size >=   4.4 & utilities >= 417.0","xgboost",14270,0.92327,0.91952,9674,8857,0.9155,0.3985,0.428,40.203,0.0772,0.9846,1
"1","elderly_disabled_i >   0.5 & expedited_i >   0.5 & shelter_expenses_by_hh_size <= 776.0 & utilities <=  26.0","ranger",525,0.93905,0.91952,252,232,0.9206,0.0104,0.0126,1.047,0.0772,0.9846,1
"1","medical_deductions <   3.000 & rawben_rel_max <   0.572 & shelter_expenses_by_hh_size >= 460.000","xgboost",9562,0.92407,0.9195,4736,4376,0.924,0.1969,0.1678,19.682,0.0772,0.9846,1
"1","months_since_cert_n >=   1 & shelter_expenses_by_hh_size >= 277 & utilities >= 676","xgboost",7551,0.92465,0.9195,3862,3565,0.9231,0.1604,0.165,16.05,0.0772,0.9846,1
"1","total_deductions_by_hh_size >=  22.4 & total_deductions_by_hh_size < 329.0","xgboost",10303,0.92391,0.9195,5240,4871,0.9296,0.2191,0.1794,21.776,0.0772,0.9846,1
"1","count_divisible_by_100 <   1.00 & shelter_expenses_by_hh_size < 953.00 & unc_rawben_rel_max <   1.81 & utilities >= 284.00","xgboost",14417,0.92322,0.91949,7127,6573,0.9223,0.2957,0.2541,29.618,0.0772,0.9846,1
"1","count_divisible_by_100 >   0.5 & percent_abawd <=   0.5 & total_deductions_by_hh_size >  15.0 & total_deductions_by_hh_size <= 154.0","ranger",188,0.95213,0.91948,108,104,0.963,0.0047,0.0025,0.449,0.0772,0.9846,1
"1","expedited_i <   1.000 & unc_rawben_rel_max <  -0.904 & utilities >= 366.000","xgboost",188,0.95213,0.91948,91,87,0.956,0.0039,0.0038,0.378,0.0772,0.9846,1
"1","medical_deductions > 105.000 & rawben_rel_max <=   0.268 & total_deductions_by_hh_size >  58.500 & utilities > 730.000","ranger",188,0.95213,0.91948,79,72,0.9114,0.0032,0.0032,0.328,0.0772,0.9846,1
"1","cat_elig <=   0.5 & expedited_i <=   0.5 & medical_deductions > 112.0 & total_deductions_by_hh_size <= 246.0","ranger",72,0.97222,0.91947,39,36,0.9231,0.0016,0.001,0.162,0.0772,0.9846,1
"1","cat_elig > 1.5 & children_i > 0.5 & married > 0.5 & utilities > 8.0","ranger",72,0.97222,0.91947,4,4,1,2e-04,0,0.017,0.0772,0.9846,1
"1","count_divisible_by_100 >  0.500 & elderly_disabled_i >  0.500 & months_since_cert_n > 12.500 & rawben_rel_max <=  0.268","ranger",72,0.97222,0.91947,38,36,0.9474,0.0016,0.0018,0.158,0.0772,0.9846,1
"1","expedited_i > 0.500 & homeless > 0.500 & total_deductions_by_hh_size > 7.800 & unc_rawben_rel_max > 0.991","ranger",294,0.94558,0.91947,120,116,0.9667,0.0052,0.0035,0.499,0.0772,0.9846,1
"1","elderly_disabled_i > 0.500 & expedited_i <= 0.500 & months_since_cert_n <= 5.500 & unc_rawben_rel_max > 0.991","ranger",1747,0.93017,0.91946,900,841,0.9344,0.0378,0.0411,3.74,0.0772,0.9846,1
"1","percent_abawd >  0.25 & shelter_expenses_by_hh_size > 12.50 & unc_rawben_rel_max >  0.97","ranger",1507,0.93099,0.91946,731,685,0.9371,0.0308,0.0365,3.038,0.0772,0.9846,1
"1","percent_abawd <=   1.5 & total_deductions_by_hh_size >   8.9 & total_deductions_by_hh_size <= 296.0","ranger",9543,0.92403,0.91945,4936,4582,0.9283,0.2061,0.1686,20.513,0.0772,0.9846,1
"1","total_deductions_by_hh_size >= 478.00 & unc_rawben_rel_max <   1.23 & utilities >= 757.00","xgboost",3468,0.92705,0.91945,2042,1866,0.9138,0.0839,0.094,8.486,0.0772,0.9846,1
"1","cat_elig <=  1.50 & elderly_disabled_i >  0.50 & months_since_cert_n > 21.50 & unc_rawben_rel_max <=  1.96","ranger",2775,0.92793,0.91943,1734,1586,0.9146,0.0714,0.0718,7.206,0.0772,0.9846,1
"1","rawben_rel_max <   1 & shelter_expenses_by_hh_size < 469 & total_deductions_by_hh_size < 437","xgboost",7494,0.92461,0.91943,3794,3528,0.9299,0.1587,0.1276,15.767,0.0772,0.9846,1
"1","expedited_i >    0.5 & months_since_cert_n <=    4.5 & shelter_expenses_by_hh_size >   72.0 & utilities <= 1170.0","ranger",1466,0.93111,0.91941,650,607,0.9338,0.0273,0.0309,2.701,0.0772,0.9846,1
"1","rawben_rel_max >=   0.08 & shelter_expenses_by_hh_size < 596.00 & utilities >= 201.00","xgboost",5564,0.92541,0.91941,2925,2685,0.9179,0.1208,0.1247,12.156,0.0772,0.9846,1
"1","months_since_cert_n >=   2 & utilities >= 361 & utilities < 385","xgboost",1546,0.93079,0.9194,986,880,0.8925,0.0396,0.0546,4.098,0.0772,0.9846,1
"1","married <   1 & months_since_cert_n >=   4 & shelter_expenses_by_hh_size < 528 & utilities >= 414","xgboost",1170,0.93248,0.91939,393,352,0.8957,0.0158,0.0213,1.633,0.0772,0.9846,1
"1","months_since_cert_n <   6.000 & shelter_expenses_by_hh_size >= 788.000 & unc_rawben_rel_max >=  -0.639 & utilities >= 585.000","xgboost",2996,0.92757,0.91939,1661,1534,0.9235,0.069,0.0684,6.903,0.0772,0.9846,1
"1","children_i <= 0.5 & expedited_i <= 0.5 & homeless <= 0.5 & months_since_cert_n <= 5.5","ranger",16123,0.92291,0.91938,8283,7679,0.9271,0.3455,0.3102,34.422,0.0772,0.9846,1
"1","rawben_rel_max >=  0.992 & shelter_expenses_by_hh_size < 44.000 & total_deductions_by_hh_size >= 10.000 & unc_rawben_rel_max <  1.810","xgboost",524,0.93893,0.91937,261,253,0.9693,0.0114,0.0062,1.085,0.0772,0.9846,1
"1","shelter_expenses_by_hh_size < 1510 & utilities >=  680 & utilities <  789","xgboost",2563,0.92821,0.91936,541,502,0.9279,0.0226,0.0176,2.248,0.0772,0.9846,1
"1","months_since_cert_n >= 9.000 & rawben_rel_max < 0.828 & unc_rawben_rel_max < 0.653","xgboost",8689,0.92416,0.91935,4336,4000,0.9225,0.18,0.1451,18.019,0.0772,0.9846,1
"1","elderly_disabled_i >=   1.000 & rawben_rel_max <   0.324 & total_deductions_by_hh_size >= 527.000 & utilities < 688.000","xgboost",636,0.93711,0.91934,308,288,0.9351,0.013,0.0077,1.28,0.0772,0.9846,1
"1","months_since_cert_n >   5.5 & shelter_expenses_by_hh_size >  12.5 & shelter_expenses_by_hh_size <= 400.0 & total_deductions_by_hh_size <= 294.0","ranger",2431,0.92842,0.91934,1262,1166,0.9239,0.0525,0.0454,5.245,0.0772,0.9846,1
"1","total_deductions_by_hh_size < 1320 & utilities >=  580 & utilities <  992","xgboost",9441,0.92395,0.91934,4177,3824,0.9155,0.172,0.1825,17.359,0.0772,0.9846,1
"1","count_divisible_by_100 <  1.00 & months_since_cert_n >= 35.00 & percent_abawd <  1.00 & rawben_rel_max <  0.64","xgboost",172,0.95349,0.91933,71,67,0.9437,0.003,0.0018,0.295,0.0772,0.9846,1
"1","months_since_cert_n <=   3.50 & percent_abawd >   0.25 & total_deductions_by_hh_size >  53.60 & utilities > 278.00","ranger",774,0.9354,0.9193,382,357,0.9346,0.0161,0.0144,1.587,0.0772,0.9846,1
"1","rawben_rel_max <    0.711 & shelter_expenses_by_hh_size >= 1210.000 & unc_rawben_rel_max <   -0.016","xgboost",381,0.94226,0.9193,188,175,0.9309,0.0079,0.0114,0.781,0.0772,0.9846,1
"1","elderly_disabled_i >  0.500 & rawben_rel_max <=  0.991 & utilities <= 29.500","ranger",4343,0.92609,0.91929,2243,2089,0.9313,0.094,0.0782,9.321,0.0772,0.9846,1
"1","expedited_i < 1.0000 & months_since_cert_n < 3.0000 & rawben_rel_max >= 0.0928 & unc_rawben_rel_max < 0.1680","xgboost",203,0.95074,0.91929,119,112,0.9412,0.005,0.0028,0.495,0.0772,0.9846,1
"1","percent_abawd <   1 & shelter_expenses_by_hh_size >=  50 & utilities >= 912","xgboost",1730,0.93006,0.91928,1700,1597,0.9394,0.0718,0.0604,7.065,0.0772,0.9846,1
"1","cat_elig <    1 & months_since_cert_n <    3 & shelter_expenses_by_hh_size >= 1060","xgboost",140,0.95714,0.91927,69,69,1,0.0031,0,0.287,0.0772,0.9846,1
"1","cat_elig <    2 & shelter_expenses_by_hh_size >= 1070 & total_deductions_by_hh_size <  511 & utilities <  789","xgboost",140,0.95714,0.91927,139,133,0.9568,0.006,0.0026,0.578,0.0772,0.9846,1
"1","cat_elig <= 0.500 & medical_deductions <= 0.500 & months_since_cert_n <= 5.500 & unc_rawben_rel_max <= 0.993","ranger",815,0.93497,0.91927,389,362,0.9306,0.0163,0.0109,1.617,0.0772,0.9846,1
"1","cat_elig <= 1.5 & count_divisible_by_100 > 0.5 & elderly_disabled_i <= 0.5 & expedited_i > 0.5","ranger",140,0.95714,0.91927,102,93,0.9118,0.0042,0.0074,0.424,0.0772,0.9846,1
"1","medical_deductions < 170 & utilities >= 580","xgboost",10388,0.92366,0.91926,5182,4775,0.9215,0.2148,0.2201,21.535,0.0772,0.9846,1
"1","cat_elig <=   0.500 & married <=   0.500 & rawben_rel_max <=   0.991 & utilities <= 770.000","ranger",2205,0.9288,0.91925,1107,1039,0.9386,0.0467,0.0266,4.6,0.0772,0.9846,1
"1","months_since_cert_n >=  14 & total_deductions_by_hh_size < 600","xgboost",6054,0.92501,0.91925,2890,2663,0.9215,0.1198,0.1035,12.01,0.0772,0.9846,1
"1","cat_elig >=   1 & homeless <   1 & months_since_cert_n <  11 & utilities >= 643","xgboost",4418,0.92598,0.91924,2375,2182,0.9187,0.0982,0.1082,9.87,0.0772,0.9846,1
"1","rawben_rel_max >=  0.080 & rawben_rel_max <  0.412 & unc_rawben_rel_max < -0.495 & utilities < 30.000","xgboost",156,0.95513,0.91924,117,108,0.9231,0.0049,0.0072,0.486,0.0772,0.9846,1
"1","elderly_disabled_i <=  0.5 & homeless >  0.5 & shelter_expenses_by_hh_size > 78.0 & total_deductions_by_hh_size > 53.1","ranger",395,0.94177,0.91922,188,182,0.9681,0.0082,0.0053,0.781,0.0772,0.9846,1
"1","rawben_rel_max <   0.364 & shelter_expenses_by_hh_size < 351.000 & unc_rawben_rel_max >=  -0.056 & utilities >=  44.000","xgboost",787,0.9352,0.91922,391,366,0.9361,0.0165,0.012,1.625,0.0772,0.9846,1
"1","cat_elig >=  2 & medical_deductions <  4 & months_since_cert_n < 14","xgboost",10623,0.92356,0.91921,803,757,0.9427,0.0341,0.0232,3.337,0.0772,0.9846,1
"1","total_deductions_by_hh_size >= 232 & utilities >= 580 & utilities < 596","xgboost",1073,0.9329,0.91921,260,235,0.9038,0.0106,0.0101,1.08,0.0772,0.9846,1
"1","elderly_disabled_i >   0.5 & medical_deductions <= 152.0 & utilities > 436.0","ranger",13895,0.92299,0.91919,7426,6836,0.9205,0.3075,0.2894,30.861,0.0772,0.9846,1
"1","percent_abawd > 0.250 & shelter_expenses_by_hh_size > 5.500 & unc_rawben_rel_max > 0.952","ranger",1515,0.93069,0.91917,739,693,0.9378,0.0312,0.0365,3.071,0.0772,0.9846,1
"1","shelter_expenses_by_hh_size < 305.000 & total_deductions_by_hh_size >=   9.000 & unc_rawben_rel_max >=  -0.904 & unc_rawben_rel_max <  -0.004","xgboost",218,0.94954,0.91917,92,84,0.913,0.0038,0.0073,0.382,0.0772,0.9846,1
"1","shelter_expenses_by_hh_size <= 616 & utilities >   5","ranger",9331,0.9238,0.91916,4459,4110,0.9217,0.1849,0.179,18.531,0.0772,0.9846,1
"1","cat_elig >   1.500 & rawben_rel_max >   0.816 & utilities > 850.000","ranger",800,0.935,0.91914,21,20,0.9524,9e-04,5e-04,0.087,0.0772,0.9846,1
"1","children_i < 1.00 & married < 1.00 & unc_rawben_rel_max >= 1.23 & unc_rawben_rel_max < 1.29","xgboost",676,0.93639,0.91914,320,308,0.9625,0.0139,0.0091,1.33,0.0772,0.9846,1
"1","shelter_expenses_by_hh_size <= 616.0 & utilities >  12.5 & utilities <= 850.0","ranger",9329,0.92379,0.91914,4459,4110,0.9217,0.1849,0.179,18.531,0.0772,0.9846,1
"1","shelter_expenses_by_hh_size >= 464 & total_deductions_by_hh_size >=   9 & total_deductions_by_hh_size < 515 & utilities < 645","xgboost",11324,0.92335,0.91913,5494,5088,0.9261,0.2289,0.1741,22.832,0.0772,0.9846,1
"1","rawben_rel_max <   0.948 & total_deductions_by_hh_size < 202.000 & unc_rawben_rel_max >=  -0.004","xgboost",7222,0.9244,0.91912,3800,3518,0.9258,0.1583,0.1293,15.792,0.0772,0.9846,1
"1","total_deductions_by_hh_size >= 202 & utilities >= 643","xgboost",8282,0.92405,0.91912,4464,4129,0.925,0.1858,0.1853,18.551,0.0772,0.9846,1
"1","married <   1 & months_since_cert_n >=  11 & utilities >= 724","xgboost",2555,0.92798,0.91911,1367,1272,0.9305,0.0572,0.0522,5.681,0.0772,0.9846,1
"1","total_deductions_by_hh_size >=  202 & total_deductions_by_hh_size < 1080 & utilities >=  475","xgboost",13818,0.92293,0.91911,6526,6008,0.9206,0.2703,0.2655,27.12,0.0772,0.9846,1
"1","months_since_cert_n >=   31.00 & months_since_cert_n <   38.00 & shelter_expenses_by_hh_size >= 1030.00 & unc_rawben_rel_max <    2.22","xgboost",380,0.94211,0.91909,172,158,0.9186,0.0071,0.0085,0.715,0.0772,0.9846,1
"1","shelter_expenses_by_hh_size >= 906.00 & unc_rawben_rel_max <   2.52 & utilities >= 577.00","xgboost",8100,0.92407,0.91909,4269,3942,0.9234,0.1773,0.1792,17.741,0.0772,0.9846,1
"1","count_divisible_by_100 <    1.00 & shelter_expenses_by_hh_size >= 1250.00 & unc_rawben_rel_max >=    1.18","xgboost",1818,0.92959,0.91907,1066,994,0.9325,0.0447,0.0585,4.43,0.0772,0.9846,1
"1","total_deductions_by_hh_size >   7.80 & total_deductions_by_hh_size <= 297.00 & unc_rawben_rel_max <=   1.95","ranger",9626,0.92364,0.91907,4990,4631,0.9281,0.2083,0.1703,20.737,0.0772,0.9846,1
"1","count_divisible_by_100 > 0.5 & percent_abawd > 0.5 & shelter_expenses_by_hh_size > 5.5","ranger",187,0.95187,0.91906,115,99,0.8609,0.0045,0.0115,0.478,0.0772,0.9846,1
"1","medical_deductions < 170 & utilities >= 462 & utilities < 511","xgboost",3827,0.92631,0.91906,1042,935,0.8973,0.0421,0.0533,4.33,0.0772,0.9846,1
"1","months_since_cert_n >=   1.00 & months_since_cert_n <  13.00 & unc_rawben_rel_max >=   1.81 & utilities >= 735.00","xgboost",564,0.93794,0.91905,328,302,0.9207,0.0136,0.0184,1.363,0.0772,0.9846,1
"1","expedited_i <   1.000 & rawben_rel_max >=   0.471 & unc_rawben_rel_max >=   0.845 & utilities < 596.000","xgboost",11248,0.92328,0.91904,5823,5397,0.9268,0.2428,0.286,24.199,0.0772,0.9846,1
"1","shelter_expenses_by_hh_size >= 848.0000 & unc_rawben_rel_max >=   0.0172 & utilities >= 912.0000","xgboost",1738,0.9298,0.91904,1719,1617,0.9407,0.0727,0.0599,7.144,0.0772,0.9846,1
"1","count_divisible_by_100 < 1 & expedited_i < 1 & months_since_cert_n < 2","xgboost",5473,0.92509,0.91902,2865,2667,0.9309,0.12,0.1053,11.906,0.0772,0.9846,1
"1","cat_elig >    1.5 & total_deductions_by_hh_size >  187.0 & total_deductions_by_hh_size <= 1210.0 & unc_rawben_rel_max >    1.0","ranger",2290,0.92838,0.91901,146,139,0.9521,0.0063,0.0042,0.607,0.0772,0.9846,1
"1","medical_deductions <    3 & total_deductions_by_hh_size < 1320 & utilities >=  992","xgboost",867,0.93426,0.91901,863,811,0.9397,0.0365,0.0337,3.586,0.0772,0.9846,1
"1","months_since_cert_n <   15 & utilities >=  496 & utilities < 1020","xgboost",10304,0.92343,0.91901,5207,4750,0.9122,0.2137,0.2444,21.639,0.0772,0.9846,1
"1","months_since_cert_n >=  24 & shelter_expenses_by_hh_size >= 793 & utilities >= 494","xgboost",1312,0.9314,0.91901,629,585,0.93,0.0263,0.0232,2.614,0.0772,0.9846,1
"1","rawben_rel_max <   0.44 & total_deductions_by_hh_size < 959.00 & utilities >= 875.00","xgboost",307,0.94463,0.91901,186,173,0.9301,0.0078,0.007,0.773,0.0772,0.9846,1
"1","rawben_rel_max >=   0.524 & total_deductions_by_hh_size >=  55.000 & total_deductions_by_hh_size < 600.000 & utilities >= 417.000","xgboost",5190,0.92524,0.91901,2105,1942,0.9226,0.0874,0.0731,8.748,0.0772,0.9846,1
"1","shelter_expenses_by_hh_size <= 853.000 & unc_rawben_rel_max >   0.991 & utilities >  50.500","ranger",2891,0.92736,0.91901,1292,1205,0.9327,0.0542,0.0666,5.369,0.0772,0.9846,1
"1","elderly_disabled_i >   0.500 & total_deductions_by_hh_size <= 596.000 & unc_rawben_rel_max >   0.991 & utilities <=  14.500","ranger",1151,0.93223,0.919,600,560,0.9333,0.0252,0.0283,2.493,0.0772,0.9846,1
"1","cat_elig >   0.5 & months_since_cert_n >   5.5 & shelter_expenses_by_hh_size >  29.5 & shelter_expenses_by_hh_size <= 568.0","ranger",4970,0.92535,0.91899,2537,2314,0.9121,0.1041,0.1174,10.543,0.0772,0.9846,1
"1","homeless <=   0.5 & months_since_cert_n >  17.5 & shelter_expenses_by_hh_size <= 672.0","ranger",2407,0.92813,0.91898,1187,1091,0.9191,0.0491,0.0489,4.933,0.0772,0.9846,1
"1","medical_deductions <  565.000 & rawben_rel_max >=    0.188 & utilities >= 1010.000","xgboost",716,0.93575,0.91898,770,727,0.9442,0.0327,0.0248,3.2,0.0772,0.9846,1
"1","medical_deductions > 17.500 & rawben_rel_max >  0.087 & rawben_rel_max <=  0.314 & unc_rawben_rel_max <=  0.998","ranger",647,0.93663,0.91898,294,272,0.9252,0.0122,0.0086,1.222,0.0772,0.9846,1
"1","cat_elig <=  0.5000 & unc_rawben_rel_max >  0.0592 & unc_rawben_rel_max <=  2.1500 & utilities > 14.5000","ranger",2079,0.92881,0.91897,1099,1034,0.9409,0.0465,0.0299,4.567,0.0772,0.9846,1
"1","cat_elig >  0.500 & elderly_disabled_i >  0.500 & months_since_cert_n <= 10.500 & rawben_rel_max >  0.991","ranger",3357,0.92672,0.91897,1747,1610,0.9216,0.0724,0.0947,7.26,0.0772,0.9846,1
"1","cat_elig <=   1.5 & months_since_cert_n >   0.5 & total_deductions_by_hh_size >   8.9 & utilities > 426.0","ranger",13109,0.92288,0.91896,9194,8416,0.9154,0.3786,0.4063,38.208,0.0772,0.9846,1
"1","months_since_cert_n >=  22 & total_deductions_by_hh_size < 786 & utilities >= 318","xgboost",2341,0.92824,0.91896,990,903,0.9121,0.0406,0.0412,4.114,0.0772,0.9846,1
"1","shelter_expenses_by_hh_size < 987 & utilities >= 370","xgboost",12908,0.92292,0.91896,6566,6069,0.9243,0.273,0.233,27.287,0.0772,0.9846,1
"1","months_since_cert_n >=    4.000 & rawben_rel_max <    0.344 & total_deductions_by_hh_size < 1010.000 & utilities >=  703.000","xgboost",619,0.937,0.91895,267,246,0.9213,0.0111,0.011,1.11,0.0772,0.9846,1
"1","children_i <= 0.5 & elderly_disabled_i > 0.5 & married <= 0.5 & utilities <= 8.0","ranger",5275,0.92512,0.91894,2715,2514,0.926,0.1131,0.1111,11.283,0.0772,0.9846,1
"1","count_divisible_by_100 >=   1.000 & rawben_rel_max <   0.384 & total_deductions_by_hh_size >= 112.000","xgboost",292,0.94521,0.91893,118,106,0.8983,0.0048,0.0083,0.49,0.0772,0.9846,1
"1","medical_deductions >= 125.000 & rawben_rel_max <   0.556 & utilities >= 277.000 & utilities < 912.000","xgboost",1537,0.93038,0.91893,684,619,0.905,0.0278,0.0239,2.843,0.0772,0.9846,1
"1","shelter_expenses_by_hh_size >= 1310 & shelter_expenses_by_hh_size < 1710 & total_deductions_by_hh_size <  687","xgboost",493,0.93915,0.91893,270,240,0.8889,0.0108,0.0211,1.122,0.0772,0.9846,1
"1","shelter_expenses_by_hh_size >  14.5 & shelter_expenses_by_hh_size <= 466.0 & total_deductions_by_hh_size <= 332.0","ranger",6272,0.92459,0.91892,3177,2955,0.9301,0.1329,0.1055,13.203,0.0772,0.9846,1
"1","expedited_i >=    1 & shelter_expenses_by_hh_size < 1030 & total_deductions_by_hh_size <  809 & utilities >=  417","xgboost",825,0.93455,0.91891,361,338,0.9363,0.0152,0.0143,1.5,0.0772,0.9846,1
"1","months_since_cert_n <   2.000 & rawben_rel_max >=   0.964 & shelter_expenses_by_hh_size >= 900.000","xgboost",825,0.93455,0.91891,462,427,0.9242,0.0192,0.0248,1.92,0.0772,0.9846,1
"1","homeless <   1 & shelter_expenses_by_hh_size < 944 & utilities >= 281 & utilities < 339","xgboost",2444,0.92799,0.9189,667,624,0.9355,0.0281,0.0229,2.772,0.0772,0.9846,1
"1","medical_deductions >=   23.000 & rawben_rel_max <    0.557 & shelter_expenses_by_hh_size < 1150.000","xgboost",1880,0.92926,0.9189,803,742,0.924,0.0334,0.0221,3.337,0.0772,0.9846,1
"1","months_since_cert_n >=   3.000 & rawben_rel_max <   0.568 & shelter_expenses_by_hh_size >= 476.000 & utilities < 852.000","xgboost",8577,0.92375,0.9189,4166,3839,0.9215,0.1727,0.1438,17.313,0.0772,0.9846,1
"1","shelter_expenses_by_hh_size >= 930.000 & total_deductions_by_hh_size < 679.000 & unc_rawben_rel_max <  -0.347 & utilities < 577.000","xgboost",202,0.9505,0.9189,102,101,0.9902,0.0045,8e-04,0.424,0.0772,0.9846,1
"1","cat_elig <  1 & elderly_disabled_i >=  1 & months_since_cert_n >=  6 & months_since_cert_n < 22","xgboost",1243,0.93162,0.91888,672,632,0.9405,0.0284,0.0195,2.793,0.0772,0.9846,1
"1","cat_elig >=  2 & months_since_cert_n < 10 & percent_abawd >=  1","xgboost",1787,0.92949,0.91887,136,132,0.9706,0.0059,0.0016,0.565,0.0772,0.9846,1
"1","children_i <=  0.5 & expedited_i <=  0.5 & months_since_cert_n > 10.5 & shelter_expenses_by_hh_size <=  5.5","ranger",1001,0.93307,0.91887,529,500,0.9452,0.0225,0.0199,2.198,0.0772,0.9846,1
"1","medical_deductions <   6.00 & rawben_rel_max >=   0.54 & utilities >= 450.00","xgboost",11476,0.92306,0.91886,5842,5402,0.9247,0.243,0.2526,24.278,0.0772,0.9846,1
"1","months_since_cert_n >=  12 & utilities >= 703","xgboost",2547,0.92776,0.91886,1224,1134,0.9265,0.051,0.0494,5.087,0.0772,0.9846,1
"1","medical_deductions > 170.000 & months_since_cert_n >   3.500 & unc_rawben_rel_max <=   0.328 & utilities >   8.000","ranger",321,0.94393,0.91885,127,118,0.9291,0.0053,0.0031,0.528,0.0772,0.9846,1
"1","medical_deductions < 170 & utilities >= 361 & utilities < 385","xgboost",1826,0.92935,0.91884,1216,1099,0.9038,0.0494,0.0586,5.053,0.0772,0.9846,1
"1","months_since_cert_n >=    3 & shelter_expenses_by_hh_size < 1400 & utilities >=  430 & utilities <  529","xgboost",4794,0.92532,0.91884,2128,1948,0.9154,0.0876,0.0864,8.843,0.0772,0.9846,1
"1","months_since_cert_n <  31 & utilities >= 676","xgboost",7362,0.92407,0.91883,3857,3556,0.922,0.16,0.1672,16.029,0.0772,0.9846,1
"1","shelter_expenses_by_hh_size >= 430.00 & total_deductions_by_hh_size < 650.00 & unc_rawben_rel_max <   1.86 & utilities >= 559.00","xgboost",4460,0.92556,0.91883,2250,2052,0.912,0.0923,0.0947,9.35,0.0772,0.9846,1
"1","children_i <   1.00 & medical_deductions < 599.00 & unc_rawben_rel_max <   1.48 & utilities >= 789.00","xgboost",3609,0.9263,0.91882,2509,2313,0.9219,0.1041,0.1052,10.427,0.0772,0.9846,1
"1","expedited_i <   1 & months_since_cert_n <   2 & utilities < 886","xgboost",5498,0.92488,0.91882,2817,2614,0.9279,0.1176,0.1075,11.707,0.0772,0.9846,1
"1","count_divisible_by_100 >=    1.0 & rawben_rel_max <    0.4 & shelter_expenses_by_hh_size < 1440.0 & total_deductions_by_hh_size <  888.0","xgboost",393,0.94148,0.91881,185,168,0.9081,0.0076,0.01,0.769,0.0772,0.9846,1
"1","elderly_disabled_i <=   0.5 & total_deductions_by_hh_size >   7.8 & utilities > 606.0 & utilities <= 974.0","ranger",1242,0.93156,0.91881,661,607,0.9183,0.0273,0.0362,2.747,0.0772,0.9846,1
"1","homeless <    1 & months_since_cert_n <    6 & utilities >=  550 & utilities < 1010","xgboost",3995,0.92591,0.9188,2076,1919,0.9244,0.0863,0.0823,8.627,0.0772,0.9846,1
"1","elderly_disabled_i <   1.000 & rawben_rel_max >=   0.992 & unc_rawben_rel_max >=   1.860 & utilities >= 475.000","xgboost",973,0.9332,0.91879,452,416,0.9204,0.0187,0.0282,1.878,0.0772,0.9846,1
"1","elderly_disabled_i <=   0.5 & expedited_i >   0.5 & total_deductions_by_hh_size > 384.0","ranger",1335,0.93109,0.91879,649,597,0.9199,0.0269,0.0436,2.697,0.0772,0.9846,1
"1","months_since_cert_n <    9.00 & shelter_expenses_by_hh_size >= 1080.00 & unc_rawben_rel_max >=    1.01 & utilities <  601.00","xgboost",973,0.9332,0.91879,481,430,0.894,0.0193,0.0394,1.999,0.0772,0.9846,1
"1","elderly_disabled_i >= 1.000 & rawben_rel_max >= 0.988 & unc_rawben_rel_max >= 1.020","xgboost",5482,0.92484,0.91878,2880,2661,0.924,0.1197,0.1545,11.969,0.0772,0.9846,1
"1","months_since_cert_n >=  15.000 & rawben_rel_max >=   0.247 & total_deductions_by_hh_size < 361.000 & unc_rawben_rel_max >=   0.000","xgboost",2349,0.92805,0.91878,1145,1058,0.924,0.0476,0.0404,4.758,0.0772,0.9846,1
"1","rawben_rel_max <   1 & shelter_expenses_by_hh_size >= 469 & shelter_expenses_by_hh_size < 652","xgboost",4932,0.92518,0.91878,2399,2205,0.9191,0.0992,0.0863,9.97,0.0772,0.9846,1
"1","cat_elig <=  0.5 & expedited_i >  0.5 & shelter_expenses_by_hh_size > 39.5 & utilities >  8.0","ranger",247,0.94737,0.91877,120,111,0.925,0.005,0.0071,0.499,0.0772,0.9846,1
"1","elderly_disabled_i <=   0.5 & homeless >   0.5 & shelter_expenses_by_hh_size > 554.0","ranger",247,0.94737,0.91877,121,117,0.9669,0.0053,0.004,0.503,0.0772,0.9846,1
"1","months_since_cert_n >=  29 & shelter_expenses_by_hh_size >= 425 & total_deductions_by_hh_size >=  10 & total_deductions_by_hh_size < 293","xgboost",247,0.94737,0.91877,110,105,0.9545,0.0047,0.0023,0.457,0.0772,0.9846,1
"1","months_since_cert_n <  24 & utilities >= 670","xgboost",6680,0.92425,0.91875,3565,3282,0.9206,0.1477,0.1588,14.815,0.0772,0.9846,1
"1","months_since_cert_n >=  24.000 & rawben_rel_max >=   0.864 & shelter_expenses_by_hh_size >= 793.000 & utilities >= 494.000","xgboost",714,0.93557,0.91875,345,326,0.9449,0.0147,0.0115,1.434,0.0772,0.9846,1
"1","medical_deductions >= 159 & months_since_cert_n <   5 & utilities >= 580","xgboost",155,0.95484,0.91874,72,55,0.7639,0.0025,0.0089,0.299,0.0772,0.9846,1
"1","months_since_cert_n <   12 & shelter_expenses_by_hh_size >= 1210 & total_deductions_by_hh_size <  894 & utilities >= 1010","xgboost",155,0.95484,0.91874,147,134,0.9116,0.006,0.0061,0.611,0.0772,0.9846,1
"1","cat_elig >=   2 & months_since_cert_n >=   8 & total_deductions_by_hh_size < 519 & utilities < 585","xgboost",2712,0.92736,0.91873,283,271,0.9576,0.0122,0.0051,1.176,0.0772,0.9846,0.9
"1","expedited_i >  0.5 & months_since_cert_n <=  4.5 & shelter_expenses_by_hh_size > 72.0","ranger",1467,0.93047,0.91873,650,607,0.9338,0.0273,0.0309,2.701,0.0772,0.9846,0.9
"1","medical_deductions < 260 & months_since_cert_n <   3 & utilities >= 417","xgboost",3863,0.92596,0.91873,1807,1667,0.9225,0.075,0.07,7.509,0.0772,0.9846,0.9
"1","medical_deductions <=  12.5 & total_deductions_by_hh_size >   2.8 & total_deductions_by_hh_size <= 162.0","ranger",4761,0.92523,0.91871,2454,2261,0.9214,0.1017,0.0942,10.198,0.0772,0.9846,0.9
"1","months_since_cert_n >=   6.000 & rawben_rel_max >=   0.529 & utilities >= 670.000","xgboost",4158,0.92569,0.91871,2160,1988,0.9204,0.0894,0.0998,8.976,0.0772,0.9846,0.9
"1","cat_elig <   1 & months_since_cert_n <  10 & shelter_expenses_by_hh_size >= 543","xgboost",1267,0.93133,0.9187,607,570,0.939,0.0256,0.0161,2.523,0.0772,0.9846,0.9
"1","cat_elig <   1.000 & percent_abawd >=   0.500 & rawben_rel_max >=   0.116 & total_deductions_by_hh_size >= 167.000","xgboost",139,0.95683,0.9187,75,74,0.9867,0.0033,7e-04,0.312,0.0772,0.9846,0.9
"1","months_since_cert_n >=   24 & total_deductions_by_hh_size <  358 & utilities >=  284 & utilities < 1020","xgboost",686,0.93586,0.91869,331,306,0.9245,0.0138,0.0108,1.376,0.0772,0.9846,0.9
"1","count_divisible_by_100 <   1 & shelter_expenses_by_hh_size >=  50 & shelter_expenses_by_hh_size < 205","xgboost",904,0.93363,0.91867,421,395,0.9382,0.0178,0.0149,1.75,0.0772,0.9846,0.9
"1","homeless >   0.500 & rawben_rel_max >   0.991 & total_deductions_by_hh_size <= 758.000 & utilities >   9.500","ranger",435,0.94023,0.91867,201,193,0.9602,0.0087,0.0067,0.835,0.0772,0.9846,0.9
"1","months_since_cert_n <    2 & shelter_expenses_by_hh_size < 1860 & utilities >=  424","xgboost",2319,0.92799,0.91865,1164,1074,0.9227,0.0483,0.0445,4.837,0.0772,0.9846,0.9
"1","count_divisible_by_100 > 0.5 & percent_abawd > 0.5 & shelter_expenses_by_hh_size > 5.5 & total_deductions_by_hh_size > 2.5","ranger",186,0.95161,0.91864,113,97,0.8584,0.0044,0.0115,0.47,0.0772,0.9846,0.9
"1","medical_deductions < 177 & utilities >= 680 & utilities < 789","xgboost",2696,0.9273,0.91864,577,533,0.9237,0.024,0.0203,2.398,0.0772,0.9846,0.9
"1","months_since_cert_n <    9 & total_deductions_by_hh_size < 1450 & utilities >=  819 & utilities <  875","xgboost",575,0.93739,0.91864,345,318,0.9217,0.0143,0.0169,1.434,0.0772,0.9846,0.9
"1","months_since_cert_n >=   7 & shelter_expenses_by_hh_size >=  29 & total_deductions_by_hh_size < 430 & utilities <  63","xgboost",2449,0.92773,0.91864,1245,1158,0.9301,0.0521,0.0425,5.174,0.0772,0.9846,0.9
"1","elderly_disabled_i >  0.500 & rawben_rel_max >  0.085 & unc_rawben_rel_max <=  0.312 & utilities > 30.500","ranger",3652,0.92607,0.91863,1814,1677,0.9245,0.0754,0.0566,7.539,0.0772,0.9846,0.9
"1","homeless <=   0.500 & rawben_rel_max <=   0.971 & shelter_expenses_by_hh_size <=   5.500 & total_deductions_by_hh_size <= 184.000","ranger",1412,0.93059,0.91863,692,656,0.948,0.0295,0.0202,2.876,0.0772,0.9846,0.9
"1","months_since_cert_n >=   9 & total_deductions_by_hh_size >= 261 & unc_rawben_rel_max <   0","xgboost",561,0.93761,0.91862,261,241,0.9234,0.0108,0.0172,1.085,0.0772,0.9846,0.9
"1","elderly_disabled_i > 0.5 & married <= 0.5 & utilities <= 8.0","ranger",5279,0.9248,0.91861,2718,2516,0.9257,0.1132,0.1117,11.295,0.0772,0.9846,0.9
"1","rawben_rel_max >= 0.188 & rawben_rel_max < 0.380 & unc_rawben_rel_max >= 0.120","xgboost",5407,0.92473,0.91861,2806,2594,0.9244,0.1167,0.0853,11.661,0.0772,0.9846,0.9
"1","months_since_cert_n <   6.00 & shelter_expenses_by_hh_size >= 322.00 & shelter_expenses_by_hh_size < 405.00 & unc_rawben_rel_max <   1.48","xgboost",740,0.93514,0.9186,425,390,0.9176,0.0175,0.016,1.766,0.0772,0.9846,0.9
"1","percent_abawd >=   0.500 & rawben_rel_max >=   0.084 & utilities >= 735.000","xgboost",320,0.94375,0.9186,200,187,0.935,0.0084,0.0084,0.831,0.0772,0.9846,0.9
"1","months_since_cert_n <   6.000 & unc_rawben_rel_max >=  -0.639 & utilities >= 585.000","xgboost",3483,0.92621,0.91859,1848,1705,0.9226,0.0767,0.0756,7.68,0.0772,0.9846,0.9
"1","months_since_cert_n <   7.000 & rawben_rel_max <   0.838 & total_deductions_by_hh_size < 400.000","xgboost",7124,0.92392,0.91859,3513,3268,0.9303,0.147,0.1123,14.599,0.0772,0.9846,0.9
"1","homeless <   1.000 & months_since_cert_n <   2.000 & unc_rawben_rel_max <   0.478 & utilities < 875.000","xgboost",1820,0.92912,0.91858,851,789,0.9271,0.0355,0.0306,3.537,0.0772,0.9846,0.9
"1","rawben_rel_max <   0.804 & shelter_expenses_by_hh_size < 430.000 & unc_rawben_rel_max <   1.480 & utilities < 370.000","xgboost",5556,0.92459,0.91855,2771,2570,0.9275,0.1156,0.0987,11.516,0.0772,0.9846,0.9
"1","elderly_disabled_i >  0.5000 & total_deductions_by_hh_size >  7.6000 & unc_rawben_rel_max > -0.0463 & unc_rawben_rel_max <=  0.2680","ranger",3339,0.92633,0.91854,1585,1472,0.9287,0.0662,0.0514,6.587,0.0772,0.9846,0.9
"1","cat_elig > 0.5 & children_i <= 0.5 & elderly_disabled_i <= 0.5 & months_since_cert_n > 3.5","ranger",6279,0.92419,0.91851,3292,3047,0.9256,0.1371,0.1856,13.681,0.0772,0.9846,0.9
"1","months_since_cert_n >=   2 & shelter_expenses_by_hh_size >= 376 & utilities >= 361 & utilities < 385","xgboost",1410,0.9305,0.91851,930,826,0.8882,0.0372,0.0533,3.865,0.0772,0.9846,0.9
"1","elderly_disabled_i >   0.5 & months_since_cert_n <=   5.5 & total_deductions_by_hh_size <= 668.0 & unc_rawben_rel_max <=   1.0","ranger",8029,0.92353,0.9185,4000,3703,0.9258,0.1666,0.1263,16.623,0.0772,0.9846,0.9
"1","total_deductions_by_hh_size < 607 & utilities >= 350 & utilities < 505","xgboost",8535,0.92337,0.9185,3815,3555,0.9318,0.1599,0.1164,15.854,0.0772,0.9846,0.9
"1","cat_elig >  0.500 & rawben_rel_max >  0.976 & total_deductions_by_hh_size > 18.800 & total_deductions_by_hh_size <= 53.600","ranger",434,0.94009,0.91849,217,208,0.9585,0.0094,0.007,0.902,0.0772,0.9846,0.9
"1","elderly_disabled_i >  0.5 & utilities <= 28.5","ranger",5410,0.92458,0.91846,2761,2555,0.9254,0.1149,0.1147,11.474,0.0772,0.9846,0.9
"1","elderly_disabled_i >=  1.000 & months_since_cert_n >= 25.000 & rawben_rel_max >=  0.988 & unc_rawben_rel_max >=  1.020","xgboost",532,0.93797,0.91845,257,239,0.93,0.0108,0.0114,1.068,0.0772,0.9846,0.9
"1","medical_deductions <= 114.0 & months_since_cert_n >   5.5 & total_deductions_by_hh_size >  47.8 & total_deductions_by_hh_size <= 302.0","ranger",4439,0.92521,0.91845,2272,2118,0.9322,0.0953,0.0718,9.442,0.0772,0.9846,0.9
"1","cat_elig >    1.5 & expedited_i <=    0.5 & shelter_expenses_by_hh_size >    5.5 & utilities > 1000.0","ranger",490,0.93878,0.91844,10,10,1,4e-04,0,0.042,0.0772,0.9846,0.9
"1","elderly_disabled_i > 0.50 & homeless <= 0.50 & unc_rawben_rel_max <= 1.93 & utilities <= 8.00","ranger",4821,0.92491,0.91843,2501,2322,0.9284,0.1045,0.0972,10.394,0.0772,0.9846,0.9
"1","rawben_rel_max >=    0.712 & shelter_expenses_by_hh_size >= 1000.000 & unc_rawben_rel_max >=    0.684 & utilities >=  530.000","xgboost",5228,0.92464,0.91841,3163,2926,0.9251,0.1316,0.1497,13.145,0.0772,0.9846,0.9
"1","medical_deductions >=  16.00 & months_since_cert_n <  12.00 & unc_rawben_rel_max >=   1.02 & utilities >= 560.00","xgboost",170,0.95294,0.9184,67,64,0.9552,0.0029,0.0027,0.278,0.0772,0.9846,0.9
"1","rawben_rel_max <   0.299 & shelter_expenses_by_hh_size < 376.000 & utilities >= 334.000 & utilities < 366.000","xgboost",170,0.95294,0.9184,152,139,0.9145,0.0063,0.0057,0.632,0.0772,0.9846,0.9
"1","elderly_disabled_i > 0.5 & homeless > 0.5 & shelter_expenses_by_hh_size > 7.5 & total_deductions_by_hh_size <= 7.8","ranger",71,0.97183,0.91838,31,31,1,0.0014,0,0.129,0.0772,0.9846,0.9
"1","rawben_rel_max >=    0.251 & unc_rawben_rel_max <    1.990 & utilities >= 1010.000","xgboost",697,0.93544,0.91838,729,688,0.9438,0.031,0.0236,3.03,0.0772,0.9846,0.9
"1","count_divisible_by_100 <    2 & shelter_expenses_by_hh_size >=  689 & total_deductions_by_hh_size < 1560 & utilities >=  585","xgboost",9076,0.92309,0.91837,5073,4667,0.92,0.21,0.2165,21.082,0.0772,0.9846,0.9
"1","elderly_disabled_i >  0.5 & percent_abawd <=  1.5 & utilities <= 26.5","ranger",5352,0.92451,0.91836,2729,2524,0.9249,0.1136,0.1137,11.341,0.0772,0.9846,0.9
"1","months_since_cert_n <   15.000 & rawben_rel_max >=    0.433 & utilities >=  496.000 & utilities < 1020.000","xgboost",7952,0.92342,0.91836,4077,3710,0.91,0.1669,0.1993,16.943,0.0772,0.9846,0.9
"1","cat_elig >  0.5 & medical_deductions >  9.5 & medical_deductions <= 91.5","ranger",319,0.94357,0.91835,155,147,0.9484,0.0066,0.0036,0.644,0.0772,0.9846,0.9
"1","elderly_disabled_i >= 1.000 & rawben_rel_max >= 0.188 & rawben_rel_max < 0.481","xgboost",7672,0.92349,0.91835,3988,3683,0.9235,0.1657,0.119,16.573,0.0772,0.9846,0.9
"1","cat_elig <= 0.5 & married <= 0.5 & percent_abawd <= 0.5 & total_deductions_by_hh_size > 7.8","ranger",2440,0.92746,0.91834,1235,1158,0.9377,0.0521,0.0345,5.132,0.0772,0.9846,0.9
"1","medical_deductions < 177 & months_since_cert_n >=   3 & utilities >= 680 & utilities < 789","xgboost",2219,0.9279,0.91833,464,429,0.9246,0.0193,0.017,1.928,0.0772,0.9846,0.9
"1","children_i <= 0.5 & expedited_i > 0.5 & months_since_cert_n <= 5.5 & total_deductions_by_hh_size > 2.8","ranger",1919,0.92861,0.91832,881,822,0.933,0.037,0.0438,3.661,0.0772,0.9846,0.9
"1","rawben_rel_max <   0.988 & shelter_expenses_by_hh_size < 521.000 & unc_rawben_rel_max <   1.640","xgboost",8881,0.92309,0.91831,4354,4033,0.9263,0.1814,0.1577,18.094,0.0772,0.9846,0.9
"1","count_divisible_by_100 <    1 & months_since_cert_n <   12 & shelter_expenses_by_hh_size < 1000 & utilities >=  819","xgboost",433,0.93995,0.9183,166,152,0.9157,0.0068,0.0088,0.69,0.0772,0.9846,0.9
"1","months_since_cert_n >=    3 & utilities >=  783 & utilities < 1010","xgboost",3804,0.9256,0.9183,2043,1866,0.9134,0.0839,0.1023,8.49,0.0772,0.9846,0.9
"1","rawben_rel_max <   0.32 & total_deductions_by_hh_size >= 130.00 & unc_rawben_rel_max >=   0.12","xgboost",2075,0.92819,0.9183,1098,1022,0.9308,0.046,0.0337,4.563,0.0772,0.9846,0.9
"1","rawben_rel_max <   0.704 & shelter_expenses_by_hh_size < 360.000 & total_deductions_by_hh_size < 303.000 & utilities >=  32.000","xgboost",1446,0.93015,0.9183,730,667,0.9137,0.03,0.0288,3.034,0.0772,0.9846,0.9
"1","elderly_disabled_i <= 0.5 & married <= 0.5 & months_since_cert_n > 4.5","ranger",5512,0.92435,0.91828,2897,2671,0.922,0.1202,0.1695,12.039,0.0772,0.9846,0.9
"1","rawben_rel_max >=   0.838 & utilities >= 405.000","xgboost",9365,0.9229,0.91825,4787,4438,0.9271,0.1997,0.2219,19.894,0.0772,0.9846,0.9
"1","elderly_disabled_i > 0.500 & percent_abawd <= 0.750 & unc_rawben_rel_max <= 0.991 & utilities <= 8.000","ranger",4057,0.92531,0.91824,2078,1928,0.9278,0.0867,0.0756,8.636,0.0772,0.9846,0.9
"1","cat_elig <=  0.500 & expedited_i <=  0.500 & rawben_rel_max <=  0.943 & shelter_expenses_by_hh_size <= 18.500","ranger",154,0.95455,0.91822,88,86,0.9773,0.0039,0.0013,0.366,0.0772,0.9846,0.9
"1","months_since_cert_n >=  33.00 & total_deductions_by_hh_size >= 759.00 & unc_rawben_rel_max <   1.81","xgboost",154,0.95455,0.91822,76,74,0.9737,0.0033,0.0019,0.316,0.0772,0.9846,0.9
"1","elderly_disabled_i <=   0.500 & married >   0.500 & rawben_rel_max >   0.481 & utilities > 340.000","ranger",122,0.95902,0.9182,62,61,0.9839,0.0027,2e-04,0.258,0.0772,0.9846,0.9
"1","elderly_disabled_i >   0.500 & rawben_rel_max >   0.991 & total_deductions_by_hh_size > 328.000","ranger",4629,0.92482,0.9182,2452,2255,0.9197,0.1014,0.1348,10.19,0.0772,0.9846,0.9
"1","months_since_cert_n >=  25.000 & shelter_expenses_by_hh_size < 884.000 & unc_rawben_rel_max <   0.553 & utilities >= 350.000","xgboost",390,0.94103,0.9182,148,140,0.9459,0.0063,0.0029,0.615,0.0772,0.9846,0.9
"1","months_since_cert_n >=   28.00 & shelter_expenses_by_hh_size >=   29.00 & shelter_expenses_by_hh_size < 1200.00 & unc_rawben_rel_max <    1.81","xgboost",1325,0.93057,0.91818,511,472,0.9237,0.0212,0.0206,2.124,0.0772,0.9846,0.9
"1","homeless <   1 & shelter_expenses_by_hh_size < 339 & utilities >=  47","xgboost",1338,0.93049,0.91817,541,508,0.939,0.0229,0.0197,2.248,0.0772,0.9846,0.9
"1","medical_deductions <= 690.0 & months_since_cert_n >   5.5 & shelter_expenses_by_hh_size <= 638.0 & utilities >  30.5","ranger",5340,0.92434,0.91817,2618,2385,0.911,0.1073,0.1195,10.88,0.0772,0.9846,0.9
"1","months_since_cert_n <  25.000 & rawben_rel_max <   0.432 & utilities >= 488.000","xgboost",3130,0.9262,0.91814,1466,1355,0.9243,0.061,0.055,6.092,0.0772,0.9846,0.9
"1","count_divisible_by_100 <    1 & months_since_cert_n >=   12 & shelter_expenses_by_hh_size < 1000 & utilities >=  819","xgboost",138,0.95652,0.91813,49,49,1,0.0022,0,0.204,0.0772,0.9846,0.9
"1","elderly_disabled_i >   0.5 & homeless >   0.5 & shelter_expenses_by_hh_size <= 706.0","ranger",599,0.93656,0.91813,282,258,0.9149,0.0116,0.0146,1.172,0.0772,0.9846,0.9
"1","elderly_disabled_i >=   1 & months_since_cert_n >=   4 & shelter_expenses_by_hh_size < 884 & utilities < 281","xgboost",5540,0.92419,0.91813,2753,2554,0.9277,0.1149,0.1018,11.441,0.0772,0.9846,0.9
"1","months_since_cert_n <   7 & total_deductions_by_hh_size < 701 & utilities >= 339","xgboost",8320,0.92308,0.91813,4415,4082,0.9246,0.1836,0.1639,18.348,0.0772,0.9846,0.9
"1","cat_elig <=  0.5 & count_divisible_by_100 <=  1.5 & months_since_cert_n <= 31.5 & total_deductions_by_hh_size > 42.5","ranger",2498,0.92714,0.91812,1266,1191,0.9408,0.0536,0.0335,5.261,0.0772,0.9846,0.9
"1","cat_elig <=  0.500 & months_since_cert_n > 11.500 & rawben_rel_max <=  0.359 & total_deductions_by_hh_size >  8.800","ranger",245,0.94694,0.91812,134,130,0.9701,0.0058,0.0012,0.557,0.0772,0.9846,0.9
"1","medical_deductions < 174 & total_deductions_by_hh_size >= 337 & utilities >= 596","xgboost",8695,0.92294,0.91811,4690,4327,0.9226,0.1947,0.1995,19.491,0.0772,0.9846,0.9
"1","medical_deductions >=  139 & medical_deductions <  144 & months_since_cert_n >=    7 & total_deductions_by_hh_size < 1120","xgboost",289,0.94464,0.9181,45,42,0.9333,0.0019,0.0011,0.187,0.0772,0.9846,0.9
"1","months_since_cert_n <   12 & shelter_expenses_by_hh_size < 1210 & total_deductions_by_hh_size <  894 & utilities >= 1010","xgboost",200,0.95,0.9181,179,167,0.933,0.0075,0.0071,0.744,0.0772,0.9846,0.9
"1","months_since_cert_n >=  31.00 & rawben_rel_max <   0.32 & total_deductions_by_hh_size < 918.00 & utilities < 600.00","xgboost",230,0.94783,0.91808,87,83,0.954,0.0037,0.0016,0.362,0.0772,0.9846,0.9
"1","months_since_cert_n >= 30.000 & months_since_cert_n < 35.000 & unc_rawben_rel_max <  0.302","xgboost",230,0.94783,0.91808,102,100,0.9804,0.0045,5e-04,0.424,0.0772,0.9846,0.9
"1","months_since_cert_n >=  23.000 & rawben_rel_max <   0.192 & unc_rawben_rel_max <   1.700 & utilities >= 415.000","xgboost",215,0.94884,0.91807,90,87,0.9667,0.0039,0.0015,0.374,0.0772,0.9846,0.9
"1","cat_elig >=   1.00 & medical_deductions < 247.00 & months_since_cert_n >=  20.00 & unc_rawben_rel_max <   1.86","xgboost",4723,0.92462,0.91806,2152,1971,0.9159,0.0887,0.0885,8.943,0.0772,0.9846,0.9
"1","cat_elig <=   1.50000 & shelter_expenses_by_hh_size >  14.50000 & shelter_expenses_by_hh_size <= 556.00000 & unc_rawben_rel_max >  -0.00915","ranger",6773,0.92352,0.91804,4009,3675,0.9167,0.1653,0.1749,16.66,0.0772,0.9846,0.9
"1","percent_abawd >  0.75 & total_deductions_by_hh_size > 56.50 & unc_rawben_rel_max >  1.08","ranger",1349,0.93032,0.91803,673,627,0.9316,0.0282,0.0369,2.797,0.0772,0.9846,0.9
"1","cat_elig <=  0.5 & months_since_cert_n <= 31.5 & total_deductions_by_hh_size > 42.5","ranger",2508,0.92703,0.91802,1274,1198,0.9403,0.0539,0.034,5.294,0.0772,0.9846,0.9
"1","rawben_rel_max >=   0.092 & shelter_expenses_by_hh_size >= 979.000 & total_deductions_by_hh_size < 938.000 & utilities >= 502.000","xgboost",5279,0.92423,0.91802,3024,2764,0.914,0.1243,0.1382,12.567,0.0772,0.9846,0.9
"1","shelter_expenses_by_hh_size >   32.5 & shelter_expenses_by_hh_size <= 2460.0 & total_deductions_by_hh_size >  790.0 & utilities >  868.0","ranger",1441,0.92991,0.91802,1108,1044,0.9422,0.047,0.0388,4.605,0.0772,0.9846,0.9
"1","months_since_cert_n <  14.0 & total_deductions_by_hh_size >=  22.4 & utilities >= 577.0","xgboost",7627,0.92317,0.918,3757,3424,0.9114,0.154,0.1806,15.613,0.0772,0.9846,0.9
"1","homeless >   0.5 & medical_deductions <= 590.0 & months_since_cert_n >  10.5 & utilities <=  14.5","ranger",274,0.94526,0.91799,150,143,0.9533,0.0064,0.0033,0.623,0.0772,0.9846,0.9
"1","cat_elig >=  2 & homeless <  1 & months_since_cert_n < 10 & percent_abawd >=  1","xgboost",1545,0.92945,0.91797,105,101,0.9619,0.0045,0.0016,0.436,0.0772,0.9846,0.9
"1","elderly_disabled_i > 0.500 & unc_rawben_rel_max <= 0.991 & utilities <= 5.000","ranger",4082,0.92504,0.91797,2089,1939,0.9282,0.0872,0.0756,8.681,0.0772,0.9846,0.9
"1","months_since_cert_n >=   1 & shelter_expenses_by_hh_size >= 277 & unc_rawben_rel_max >=   0 & utilities >= 676","xgboost",7095,0.92333,0.91797,3660,3376,0.9224,0.1519,0.155,15.21,0.0772,0.9846,0.9
"1","elderly_disabled_i <= 0.5 & expedited_i > 0.5 & months_since_cert_n > 5.5","ranger",1242,0.93076,0.91795,674,621,0.9214,0.0279,0.0453,2.801,0.0772,0.9846,0.9
"1","elderly_disabled_i >=   1 & shelter_expenses_by_hh_size < 884 & utilities < 281","xgboost",7647,0.92311,0.91794,3773,3503,0.9284,0.1576,0.1371,15.68,0.0772,0.9846,0.9
"1","cat_elig <    2.000 & rawben_rel_max <    0.711 & shelter_expenses_by_hh_size >= 1210.000 & unc_rawben_rel_max <   -0.016","xgboost",169,0.95266,0.91793,187,174,0.9305,0.0078,0.0114,0.777,0.0772,0.9846,0.9
"1","expedited_i <   1 & shelter_expenses_by_hh_size < 440 & utilities >=  59","xgboost",2621,0.92675,0.91793,1293,1182,0.9142,0.0532,0.0557,5.373,0.0772,0.9846,0.9
"1","months_since_cert_n <   4.000 & rawben_rel_max <   0.199 & shelter_expenses_by_hh_size < 664.000 & total_deductions_by_hh_size >=  78.000","xgboost",473,0.93869,0.91793,186,174,0.9355,0.0078,0.0089,0.773,0.0772,0.9846,0.9
"1","count_divisible_by_100 >= 1.000 & rawben_rel_max < 0.384 & total_deductions_by_hh_size >= 4.400","xgboost",346,0.9422,0.91792,155,140,0.9032,0.0063,0.0093,0.644,0.0772,0.9846,0.9
"1","months_since_cert_n >=   2 & total_deductions_by_hh_size >= 650 & utilities >= 688","xgboost",4512,0.92465,0.91792,2344,2171,0.9262,0.0977,0.0976,9.741,0.0772,0.9846,0.9
"1","elderly_disabled_i <   1.000 & months_since_cert_n <   3.000 & rawben_rel_max >=   0.199 & total_deductions_by_hh_size >= 459.000","xgboost",1570,0.9293,0.9179,766,715,0.9334,0.0322,0.0313,3.183,0.0772,0.9846,0.9
"1","expedited_i <=   0.500 & total_deductions_by_hh_size >   8.900 & unc_rawben_rel_max <=   0.475 & utilities <= 428.000","ranger",6003,0.9237,0.91788,3006,2772,0.9222,0.1247,0.1084,12.492,0.0772,0.9846,0.9
"1","children_i <= 0.5 & elderly_disabled_i <= 0.5 & months_since_cert_n <= 4.5 & utilities > 7.5","ranger",3260,0.92577,0.91786,1599,1490,0.9318,0.067,0.0669,6.645,0.0772,0.9846,0.9
"1","months_since_cert_n >=  14.000 & rawben_rel_max <   0.612 & shelter_expenses_by_hh_size >= 387.000","xgboost",3554,0.92544,0.91786,1740,1620,0.931,0.0729,0.0507,7.231,0.0772,0.9846,0.9
"1","utilities >= 493 & utilities < 583","xgboost",4495,0.92458,0.91785,2305,2112,0.9163,0.095,0.1019,9.579,0.0772,0.9846,0.9
"1","cat_elig <   1 & months_since_cert_n <   9 & total_deductions_by_hh_size >= 256","xgboost",1280,0.93047,0.91784,623,585,0.939,0.0263,0.0182,2.589,0.0772,0.9846,0.9
"1","expedited_i >  0.500 & shelter_expenses_by_hh_size > 14.000 & unc_rawben_rel_max >  0.792","ranger",2386,0.92707,0.91783,1218,1112,0.913,0.05,0.0775,5.062,0.0772,0.9846,0.9
"1","elderly_disabled_i > 0.5 & expedited_i <= 0.5 & utilities <= 8.0","ranger",4747,0.92437,0.91782,2455,2278,0.9279,0.1025,0.0969,10.202,0.0772,0.9846,0.9
"1","months_since_cert_n <   3.000 & total_deductions_by_hh_size < 318.000 & unc_rawben_rel_max >=  -0.212 & unc_rawben_rel_max <   0.000","xgboost",288,0.94444,0.91782,121,113,0.9339,0.0051,0.008,0.503,0.0772,0.9846,0.9
"1","months_since_cert_n >= 14.00 & months_since_cert_n < 19.00 & rawben_rel_max <  0.56","xgboost",1516,0.92942,0.91782,840,780,0.9286,0.0351,0.0263,3.491,0.0772,0.9846,0.9
"1","cat_elig >=   1 & children_i >=   1 & married >=   1 & utilities >= 350","xgboost",105,0.9619,0.91781,47,45,0.9574,0.002,0.001,0.195,0.0772,0.9846,0.9
"1","elderly_disabled_i >  0.5 & expedited_i <=  0.5 & months_since_cert_n > 38.5","ranger",105,0.9619,0.91781,60,56,0.9333,0.0025,0.0028,0.249,0.0772,0.9846,0.9
"1","rawben_rel_max >=    0.354 & shelter_expenses_by_hh_size >= 1410.000 & unc_rawben_rel_max >=    1.380 & utilities >=  819.000","xgboost",374,0.94118,0.91781,267,252,0.9438,0.0113,0.0116,1.11,0.0772,0.9846,0.9
"1","months_since_cert_n >=   28.000 & rawben_rel_max <    0.722 & shelter_expenses_by_hh_size < 1220.000 & total_deductions_by_hh_size <  654.000","xgboost",894,0.93289,0.91777,352,332,0.9432,0.0149,0.0082,1.463,0.0772,0.9846,0.9
"1","months_since_cert_n >=  34.000 & rawben_rel_max >=   0.620 & unc_rawben_rel_max >=  -0.016 & utilities >= 703.000","xgboost",184,0.95109,0.91777,69,66,0.9565,0.003,0.0025,0.287,0.0772,0.9846,0.9
"1","medical_deductions < 144 & shelter_expenses_by_hh_size >= 601 & shelter_expenses_by_hh_size < 650 & utilities < 585","xgboost",1173,0.93095,0.91775,588,542,0.9218,0.0244,0.0185,2.444,0.0772,0.9846,0.9
"1","medical_deductions < 78 & months_since_cert_n >= 32 & months_since_cert_n < 35","xgboost",555,0.93694,0.91775,197,185,0.9391,0.0083,0.0062,0.819,0.0772,0.9846,0.9
"1","cat_elig <=   1.5 & medical_deductions >   3.5 & medical_deductions <= 136.0 & total_deductions_by_hh_size <= 302.0","ranger",416,0.9399,0.91774,288,269,0.934,0.0121,0.0091,1.197,0.0772,0.9846,0.9
"1","count_divisible_by_100 >=   1 & total_deductions_by_hh_size >=   9 & total_deductions_by_hh_size < 418","xgboost",705,0.93475,0.91773,389,366,0.9409,0.0165,0.0124,1.617,0.0772,0.9846,0.9
"1","months_since_cert_n <   9.00 & unc_rawben_rel_max >=  -0.56 & utilities >= 852.00","xgboost",1684,0.92874,0.91773,1118,1033,0.924,0.0465,0.0524,4.646,0.0772,0.9846,0.9
"1","months_since_cert_n >= 28.00 & shelter_expenses_by_hh_size >= 29.00 & unc_rawben_rel_max <  1.81","xgboost",1697,0.9287,0.91772,691,641,0.9276,0.0288,0.0262,2.872,0.0772,0.9846,0.9
"1","medical_deductions > 144.000 & rawben_rel_max >   0.085 & total_deductions_by_hh_size > 532.000 & unc_rawben_rel_max <=   0.268","ranger",153,0.95425,0.9177,60,55,0.9167,0.0025,0.0019,0.249,0.0772,0.9846,0.9
"1","utilities >= 680 & utilities < 789","xgboost",2819,0.92621,0.9177,601,556,0.9251,0.025,0.0206,2.498,0.0772,0.9846,0.9
"1","cat_elig >=   3 & utilities < 852","xgboost",302,0.94371,0.91769,0,0,NA,0,0,0,0.0772,0.9846,0.9
"1","children_i <=  0.500 & months_since_cert_n > 10.500 & months_since_cert_n <= 48.500 & rawben_rel_max >  0.993","ranger",2933,0.92601,0.91767,1550,1440,0.929,0.0648,0.0831,6.441,0.0772,0.9846,0.9
"1","expedited_i >=   1 & total_deductions_by_hh_size >= 337 & utilities >= 670","xgboost",718,0.93454,0.91767,339,320,0.944,0.0144,0.0111,1.409,0.0772,0.9846,0.9
"1","cat_elig <=    0.5 & children_i <=    0.5 & total_deductions_by_hh_size >   65.5 & total_deductions_by_hh_size <= 2090.0","ranger",2381,0.92692,0.91765,1196,1122,0.9381,0.0505,0.0328,4.97,0.0772,0.9846,0.9
"1","elderly_disabled_i >= 1.000 & months_since_cert_n < 5.000 & unc_rawben_rel_max < 0.763","xgboost",6401,0.92329,0.91764,3107,2872,0.9244,0.1292,0.1016,12.912,0.0772,0.9846,0.9
"1","homeless >  0.500 & months_since_cert_n <= 16.500 & rawben_rel_max <=  0.449","ranger",359,0.9415,0.91764,186,165,0.8871,0.0074,0.0141,0.773,0.0772,0.9846,0.9
"1","elderly_disabled_i <    1.00 & shelter_expenses_by_hh_size <  418.00 & total_deductions_by_hh_size < 1270.00 & unc_rawben_rel_max >=    1.23","xgboost",919,0.93254,0.91762,419,400,0.9547,0.018,0.0166,1.741,0.0772,0.9846,0.9
"1","months_since_cert_n >=  12.000 & rawben_rel_max <   0.711 & total_deductions_by_hh_size >=  14.000 & total_deductions_by_hh_size < 645.000","xgboost",4241,0.92455,0.9176,2131,1960,0.9198,0.0882,0.0704,8.856,0.0772,0.9846,0.9
"1","total_deductions_by_hh_size >= 597.00 & unc_rawben_rel_max <   1.93 & utilities >= 585.00","xgboost",6962,0.92301,0.91759,3958,3652,0.9227,0.1643,0.168,16.448,0.0772,0.9846,0.9
"1","cat_elig <=  0.50 & medical_deductions <=  3.50 & total_deductions_by_hh_size > 65.50 & unc_rawben_rel_max > -0.38","ranger",1888,0.92797,0.91755,956,900,0.9414,0.0405,0.0267,3.973,0.0772,0.9846,0.9
"1","elderly_disabled_i <    1 & months_since_cert_n <   15 & shelter_expenses_by_hh_size < 1390 & utilities >=  992","xgboost",137,0.9562,0.91755,122,114,0.9344,0.0051,0.0046,0.507,0.0772,0.9846,0.9
"1","elderly_disabled_i <= 0.5 & expedited_i > 0.5 & married <= 0.5 & months_since_cert_n > 5.5","ranger",1236,0.93042,0.91755,664,611,0.9202,0.0275,0.0453,2.759,0.0772,0.9846,0.9
"1","total_deductions_by_hh_size < 500.000 & unc_rawben_rel_max >=   0.271 & utilities >= 361.000 & utilities < 875.000","xgboost",6406,0.9232,0.91754,3438,3182,0.9255,0.1432,0.1051,14.287,0.0772,0.9846,0.9
"1","elderly_disabled_i < 1 & months_since_cert_n >= 5","xgboost",5588,0.92359,0.91753,2943,2715,0.9225,0.1221,0.1712,12.23,0.0772,0.9846,0.9
"1","elderly_disabled_i <=   0.500 & total_deductions_by_hh_size >  56.700 & total_deductions_by_hh_size <= 182.000 & unc_rawben_rel_max >   0.906","ranger",330,0.94242,0.91751,164,157,0.9573,0.0071,0.0054,0.682,0.0772,0.9846,0.9
"1","expedited_i <=   0.500 & medical_deductions <= 348.000 & shelter_expenses_by_hh_size <=   5.500 & unc_rawben_rel_max <=   0.978","ranger",1783,0.92821,0.91749,873,823,0.9427,0.037,0.0285,3.628,0.0772,0.9846,0.9
"1","count_divisible_by_100 >=   1 & elderly_disabled_i <   1 & total_deductions_by_hh_size < 486 & utilities < 714","xgboost",498,0.93775,0.91747,258,240,0.9302,0.0108,0.0122,1.072,0.0772,0.9846,0.9
"1","months_since_cert_n >=   22 & shelter_expenses_by_hh_size < 2300 & total_deductions_by_hh_size >=  415 & utilities >=  643","xgboost",1379,0.92966,0.91747,693,651,0.9394,0.0293,0.0228,2.88,0.0772,0.9846,0.9
"1","cat_elig <  2 & months_since_cert_n >= 23","xgboost",2465,0.92657,0.91745,1533,1396,0.9106,0.0628,0.0699,6.371,0.0772,0.9846,0.9
"1","elderly_disabled_i >  0.5 & months_since_cert_n <=  5.5 & utilities <= 26.0","ranger",2208,0.92708,0.91745,1121,1040,0.9277,0.0468,0.0415,4.659,0.0772,0.9846,0.9
"1","children_i <= 0.500 & expedited_i <= 0.500 & shelter_expenses_by_hh_size <= 5.500 & unc_rawben_rel_max <= 0.943","ranger",1717,0.92836,0.91744,844,794,0.9408,0.0357,0.029,3.507,0.0772,0.9846,0.9
"1","elderly_disabled_i >= 1.000 & rawben_rel_max >= 0.268 & rawben_rel_max < 0.924 & total_deductions_by_hh_size < 9.000","xgboost",689,0.93469,0.91744,491,470,0.9572,0.0211,0.0091,2.04,0.0772,0.9846,0.9
"1","cat_elig <=  1.500 & homeless >  0.500 & unc_rawben_rel_max >  0.993 & utilities > 32.000","ranger",272,0.94485,0.9174,202,196,0.9703,0.0088,0.0052,0.839,0.0772,0.9846,0.9
"1","percent_abawd >  0.750 & unc_rawben_rel_max >  0.991 & utilities > 30.500","ranger",1260,0.93016,0.9174,629,589,0.9364,0.0265,0.0334,2.614,0.0772,0.9846,0.9
"1","elderly_disabled_i >    0.500 & expedited_i >    0.500 & rawben_rel_max >    0.991 & total_deductions_by_hh_size <= 1350.000","ranger",823,0.93317,0.91739,431,394,0.9142,0.0177,0.0263,1.791,0.0772,0.9846,0.9
"1","homeless <=  0.50 & months_since_cert_n > 22.50 & unc_rawben_rel_max <=  1.96 & utilities >  7.50","ranger",2846,0.92586,0.91737,1293,1187,0.918,0.0534,0.0516,5.373,0.0772,0.9846,0.9
"1","expedited_i <=  0.5 & married <=  0.5 & months_since_cert_n >  8.5 & months_since_cert_n <= 10.5","ranger",3887,0.92462,0.91736,2014,1846,0.9166,0.083,0.0886,8.37,0.0772,0.9846,0.9
"1","months_since_cert_n >=  33.000 & rawben_rel_max >=   0.247 & utilities >= 600.000","xgboost",315,0.94286,0.91733,114,110,0.9649,0.0049,0.0032,0.474,0.0772,0.9846,0.9
"1","cat_elig <   1 & total_deductions_by_hh_size >= 595 & utilities >= 284","xgboost",715,0.93427,0.91732,381,365,0.958,0.0164,0.0083,1.583,0.0772,0.9846,0.9
"1","cat_elig <   1.000 & rawben_rel_max <   0.454 & total_deductions_by_hh_size >= 178.000","xgboost",715,0.93427,0.91732,315,302,0.9587,0.0136,0.0043,1.309,0.0772,0.9846,0.9
"1","months_since_cert_n >=  26 & total_deductions_by_hh_size >= 159 & utilities >= 819 & utilities < 912","xgboost",213,0.94836,0.91731,96,90,0.9375,0.004,0.0041,0.399,0.0772,0.9846,0.9
"1","cat_elig <  1.000 & months_since_cert_n >=  8.000 & unc_rawben_rel_max >= -0.016","xgboost",1232,0.93019,0.91729,698,658,0.9427,0.0296,0.0188,2.901,0.0772,0.9846,0.9
"1","months_since_cert_n <  28.00 & unc_rawben_rel_max >=   1.70 & unc_rawben_rel_max <   2.52 & utilities >= 585.00","xgboost",1127,0.93079,0.91729,608,562,0.9243,0.0253,0.0343,2.527,0.0772,0.9846,0.9
"1","married <=  0.500 & percent_abawd >  0.250 & rawben_rel_max >  0.836 & shelter_expenses_by_hh_size > 16.500","ranger",1584,0.92866,0.91728,766,717,0.936,0.0323,0.039,3.183,0.0772,0.9846,0.9
"1","cat_elig <   1.0 & percent_abawd <   0.5 & shelter_expenses_by_hh_size >= 963.0 & utilities >= 424.0","xgboost",483,0.93789,0.91727,228,223,0.9781,0.01,0.0021,0.948,0.0772,0.9846,0.9
"1","cat_elig <   2.000 & rawben_rel_max >=   0.988 & shelter_expenses_by_hh_size >= 974.000 & total_deductions_by_hh_size >=  92.000","xgboost",3693,0.92472,0.91727,2805,2579,0.9194,0.116,0.1608,11.657,0.0772,0.9846,0.9
"1","cat_elig >=   2.000 & expedited_i <   1.000 & rawben_rel_max <   0.536 & utilities >= 361.000","xgboost",2919,0.92566,0.91727,189,180,0.9524,0.0081,0.0039,0.785,0.0772,0.9846,0.9
"1","elderly_disabled_i >   0.5 & expedited_i >   0.5 & months_since_cert_n >   4.5 & utilities > 868.0","ranger",70,0.97143,0.91726,64,61,0.9531,0.0027,0.0017,0.266,0.0772,0.9846,0.9
"1","elderly_disabled_i > 0.500 & rawben_rel_max <= 0.996 & unc_rawben_rel_max > 0.991","ranger",70,0.97143,0.91726,37,33,0.8919,0.0015,0.0021,0.154,0.0772,0.9846,0.9
"1","total_deductions_by_hh_size >= 198.000 & total_deductions_by_hh_size < 459.000 & unc_rawben_rel_max >=  -0.004 & utilities >= 450.000","xgboost",3274,0.92517,0.91725,1490,1380,0.9262,0.0621,0.0453,6.192,0.0772,0.9846,0.9
"1","cat_elig <=   0.5 & shelter_expenses_by_hh_size >   5.5 & utilities <= 490.0","ranger",2343,0.92659,0.91723,1283,1207,0.9408,0.0543,0.0342,5.332,0.0772,0.9846,0.9
"1","cat_elig >   0.5 & medical_deductions <= 425.0 & months_since_cert_n >  13.5 & shelter_expenses_by_hh_size <=  14.5","ranger",741,0.93387,0.91722,315,299,0.9492,0.0135,0.0112,1.309,0.0772,0.9846,0.9
"1","expedited_i <= 0.500 & rawben_rel_max <= 0.969 & shelter_expenses_by_hh_size <= 5.500 & unc_rawben_rel_max <= 0.971","ranger",1777,0.92797,0.91722,872,821,0.9415,0.0369,0.0294,3.624,0.0772,0.9846,0.9
"1","total_deductions_by_hh_size >=  43.00 & unc_rawben_rel_max >=   1.81 & unc_rawben_rel_max <   2.52 & utilities >= 651.00","xgboost",888,0.93243,0.91722,456,424,0.9298,0.0191,0.0243,1.895,0.0772,0.9846,0.9
"1","cat_elig >=    2 & medical_deductions <   19 & utilities >= 1010","xgboost",455,0.93846,0.91721,2,2,1,1e-04,0,0.008,0.0772,0.9846,0.9
"1","months_since_cert_n >=   6.000 & rawben_rel_max <   0.668 & total_deductions_by_hh_size < 928.000 & utilities >= 844.000","xgboost",455,0.93846,0.91721,255,237,0.9294,0.0107,0.0101,1.06,0.0772,0.9846,0.9
"1","cat_elig <  1.0 & shelter_expenses_by_hh_size >= 44.0 & total_deductions_by_hh_size >= 18.4","xgboost",2470,0.92632,0.91719,1249,1173,0.9392,0.0528,0.0337,5.191,0.0772,0.9846,0.9
"1","medical_deductions < 157.000 & months_since_cert_n <  25.000 & rawben_rel_max <   0.432 & utilities >= 488.000","xgboost",2776,0.92579,0.91719,1325,1226,0.9253,0.0552,0.0505,5.506,0.0772,0.9846,0.9
"1","months_since_cert_n >=   22 & shelter_expenses_by_hh_size < 1110","xgboost",3005,0.92546,0.91719,1313,1197,0.9117,0.0539,0.056,5.457,0.0772,0.9846,0.9
"1","elderly_disabled_i <=   0.5 & shelter_expenses_by_hh_size >  13.0 & utilities > 696.0","ranger",1086,0.93094,0.91718,625,578,0.9248,0.026,0.0301,2.597,0.0772,0.9846,0.9
"1","percent_abawd >=   0.50 & unc_rawben_rel_max >=   0.12 & utilities >= 875.00","xgboost",152,0.95395,0.91717,86,81,0.9419,0.0036,0.0039,0.357,0.0772,0.9846,0.9
"1","months_since_cert_n <  11.0 & percent_abawd >=   0.5 & utilities >= 580.0","xgboost",551,0.93648,0.91716,324,299,0.9228,0.0135,0.0168,1.346,0.0772,0.9846,0.9
"1","cat_elig <=   0.5 & elderly_disabled_i <=   0.5 & total_deductions_by_hh_size >  55.5 & total_deductions_by_hh_size <= 949.0","ranger",646,0.93498,0.91714,329,314,0.9544,0.0141,0.0066,1.367,0.0772,0.9846,0.9
"1","months_since_cert_n <  16 & total_deductions_by_hh_size >=  40 & total_deductions_by_hh_size < 256","xgboost",5799,0.92309,0.91714,2975,2772,0.9318,0.1247,0.101,12.363,0.0772,0.9846,0.9
"1","months_since_cert_n <  2.000 & rawben_rel_max <  0.907 & total_deductions_by_hh_size < 96.000","xgboost",767,0.93351,0.91713,373,346,0.9276,0.0156,0.0144,1.55,0.0772,0.9846,0.9
"1","medical_deductions >= 125.000 & rawben_rel_max <   0.556 & utilities >= 277.000","xgboost",1607,0.92844,0.91712,739,670,0.9066,0.0301,0.0257,3.071,0.0772,0.9846,0.9
"1","elderly_disabled_i >=  1.000 & months_since_cert_n < 25.000 & rawben_rel_max >=  0.988 & unc_rawben_rel_max >=  1.020","xgboost",4945,0.92356,0.91711,2622,2421,0.9233,0.1089,0.1432,10.896,0.0772,0.9846,0.9
"1","unc_rawben_rel_max >=  -1.17 & unc_rawben_rel_max <   1.31 & utilities >= 735.00","xgboost",4392,0.92395,0.91711,2280,2079,0.9118,0.0935,0.1071,9.475,0.0772,0.9846,0.9
"1","cat_elig <=  0.5 & children_i <=  0.5 & count_divisible_by_100 <=  0.5 & total_deductions_by_hh_size > 65.4","ranger",2250,0.92667,0.9171,1125,1053,0.936,0.0474,0.0322,4.675,0.0772,0.9846,0.9
"1","months_since_cert_n >=  12 & months_since_cert_n <  25 & shelter_expenses_by_hh_size >= 405 & total_deductions_by_hh_size < 600","xgboost",3912,0.92434,0.91708,1980,1822,0.9202,0.082,0.0678,8.228,0.0772,0.9846,0.9
"1","count_divisible_by_100 >=   1 & elderly_disabled_i <   1 & shelter_expenses_by_hh_size < 394 & total_deductions_by_hh_size < 286","xgboost",314,0.94268,0.91707,151,142,0.9404,0.0064,0.0061,0.628,0.0772,0.9846,0.9
"1","expedited_i <=   0.500 & medical_deductions > 130.000 & rawben_rel_max >   0.991 & unc_rawben_rel_max <=   2.570","ranger",314,0.94268,0.91707,118,109,0.9237,0.0049,0.0086,0.49,0.0772,0.9846,0.9
"1","count_divisible_by_100 <    1.00 & months_since_cert_n >=    1.00 & shelter_expenses_by_hh_size >= 1250.00 & unc_rawben_rel_max >=    1.18","xgboost",1709,0.92803,0.91705,1001,933,0.9321,0.042,0.0551,4.16,0.0772,0.9846,0.9
"1","elderly_disabled_i <=   0.500 & shelter_expenses_by_hh_size >  14.500 & unc_rawben_rel_max >   0.967 & utilities <= 460.000","ranger",2363,0.92636,0.91703,1214,1133,0.9333,0.051,0.0689,5.045,0.0772,0.9846,0.9
"1","months_since_cert_n >=   22 & shelter_expenses_by_hh_size < 1110 & utilities >=   74","xgboost",2312,0.92647,0.91703,990,904,0.9131,0.0407,0.0393,4.114,0.0772,0.9846,0.9
"1","expedited_i <   1.000 & rawben_rel_max <   0.464 & total_deductions_by_hh_size >=   9.000 & utilities < 430.000","xgboost",5853,0.92295,0.91701,2941,2714,0.9228,0.1221,0.1062,12.222,0.0772,0.9846,0.9
"1","expedited_i >    0.5 & months_since_cert_n <=    4.5 & total_deductions_by_hh_size >   57.2 & utilities <= 1170.0","ranger",1514,0.92867,0.917,672,625,0.9301,0.0281,0.0349,2.793,0.0772,0.9846,0.9
"1","months_since_cert_n > 14.5 & percent_abawd <=  1.5 & shelter_expenses_by_hh_size <= 14.0","ranger",739,0.93369,0.917,308,292,0.9481,0.0131,0.0111,1.28,0.0772,0.9846,0.9
"1","months_since_cert_n >=  20.000 & rawben_rel_max >=   0.711 & unc_rawben_rel_max >=   0.691 & utilities >= 577.000","xgboost",1462,0.92886,0.917,664,625,0.9413,0.0281,0.023,2.759,0.0772,0.9846,0.9
"1","rawben_rel_max <   0.351 & total_deductions_by_hh_size >=  22.400 & utilities < 361.000","xgboost",2846,0.92551,0.917,1317,1213,0.921,0.0546,0.0603,5.473,0.0772,0.9846,0.9
"1","months_since_cert_n >= 2.00 & percent_abawd >= 0.50 & unc_rawben_rel_max < 2.52","xgboost",3731,0.92442,0.91699,2061,1932,0.9374,0.0869,0.0946,8.565,0.0772,0.9846,0.9
"1","shelter_expenses_by_hh_size >= 1000 & total_deductions_by_hh_size >=  411 & total_deductions_by_hh_size <  597","xgboost",1044,0.93103,0.91699,514,468,0.9105,0.0211,0.0204,2.136,0.0772,0.9846,0.9
"1","cat_elig > 0.500 & elderly_disabled_i > 0.500 & unc_rawben_rel_max <= 0.991 & utilities <= 5.000","ranger",3743,0.92439,0.91697,1908,1768,0.9266,0.0795,0.071,7.929,0.0772,0.9846,0.9
"1","count_divisible_by_100 <=   1.5 & medical_deductions <= 116.0 & months_since_cert_n >  31.5","ranger",872,0.93234,0.91697,343,323,0.9417,0.0145,0.0111,1.425,0.0772,0.9846,0.9
"1","children_i > 0.500 & expedited_i <= 0.500 & married > 0.500 & unc_rawben_rel_max > 0.485","ranger",136,0.95588,0.91696,45,44,0.9778,0.002,2e-04,0.187,0.0772,0.9846,0.9
"1","total_deductions_by_hh_size >   2.8 & total_deductions_by_hh_size <= 395.0 & utilities > 243.0 & utilities <= 428.0","ranger",4585,0.92366,0.91696,2302,2124,0.9227,0.0956,0.0825,9.567,0.0772,0.9846,0.9
"1","months_since_cert_n >=   8.00 & total_deductions_by_hh_size < 997.00 & unc_rawben_rel_max <   1.67 & utilities >= 580.00","xgboost",4534,0.92369,0.91695,2242,2064,0.9206,0.0929,0.0881,9.317,0.0772,0.9846,0.9
"1","months_since_cert_n >= 23.000 & months_since_cert_n < 34.000 & rawben_rel_max <  0.278","xgboost",658,0.93465,0.91695,309,294,0.9515,0.0132,0.0075,1.284,0.0772,0.9846,0.9
"1","elderly_disabled_i <=   0.5 & total_deductions_by_hh_size >   7.8 & utilities > 606.0","ranger",1435,0.92892,0.91694,836,768,0.9187,0.0346,0.0449,3.474,0.0772,0.9846,0.9
"1","utilities >= 361 & utilities < 385","xgboost",1874,0.92743,0.91694,1251,1126,0.9001,0.0507,0.0631,5.199,0.0772,0.9846,0.9
"1","homeless <=  0.500 & medical_deductions <=  0.500 & months_since_cert_n > 21.500 & rawben_rel_max <=  0.998","ranger",2691,0.92568,0.91693,1246,1141,0.9157,0.0513,0.0472,5.178,0.0772,0.9846,0.9
"1","months_since_cert_n >=   7.0 & unc_rawben_rel_max >=   1.2 & utilities >= 956.0","xgboost",212,0.94811,0.91693,257,247,0.9611,0.0111,0.007,1.068,0.0772,0.9846,0.9
"1","elderly_disabled_i >   0.5 & shelter_expenses_by_hh_size > 419.0 & total_deductions_by_hh_size <= 314.0 & utilities <=   8.0","ranger",898,0.93207,0.91692,426,402,0.9437,0.0181,0.0096,1.77,0.0772,0.9846,0.9
"1","cat_elig >=    1.00 & shelter_expenses_by_hh_size < 2300.00 & unc_rawben_rel_max <    1.31 & utilities >=  688.00","xgboost",4933,0.92337,0.91691,2459,2241,0.9113,0.1008,0.1131,10.219,0.0772,0.9846,0.9
"1","homeless <   1 & months_since_cert_n >=   7 & total_deductions_by_hh_size >= 459 & utilities >= 612","xgboost",4582,0.92361,0.91691,2700,2477,0.9174,0.1114,0.1242,11.221,0.0772,0.9846,0.9
"1","cat_elig <=   0.5 & expedited_i <=   0.5 & medical_deductions <= 114.0 & months_since_cert_n >  10.5","ranger",671,0.93443,0.9169,372,355,0.9543,0.016,0.0068,1.546,0.0772,0.9846,0.9
"1","cat_elig <=   0.5 & medical_deductions <= 146.0 & total_deductions_by_hh_size >  42.5","ranger",2308,0.92634,0.91689,1174,1103,0.9395,0.0496,0.0324,4.879,0.0772,0.9846,0.9
"1","cat_elig >  0.5 & married <=  0.5 & months_since_cert_n > 35.5 & shelter_expenses_by_hh_size > 12.5","ranger",182,0.95055,0.91689,94,89,0.9468,0.004,0.0037,0.391,0.0772,0.9846,0.9
"1","children_i <   1.000 & total_deductions_by_hh_size < 170.000 & unc_rawben_rel_max >=  -0.004 & utilities >=  29.000","xgboost",3940,0.92411,0.91688,2024,1855,0.9165,0.0835,0.0786,8.411,0.0772,0.9846,0.9
"1","months_since_cert_n > 21.50 & total_deductions_by_hh_size >  8.80 & unc_rawben_rel_max <=  1.79 & utilities > 73.00","ranger",3057,0.92509,0.91688,1405,1287,0.916,0.0579,0.0563,5.839,0.0772,0.9846,0.9
"1","months_since_cert_n >=  14 & shelter_expenses_by_hh_size >= 884 & total_deductions_by_hh_size < 600","xgboost",1016,0.9311,0.91685,436,405,0.9289,0.0182,0.0136,1.812,0.0772,0.9846,0.9
"1","rawben_rel_max <    0.471 & shelter_expenses_by_hh_size >= 1210.000 & shelter_expenses_by_hh_size < 1710.000 & total_deductions_by_hh_size <  947.000","xgboost",884,0.93213,0.91685,488,441,0.9037,0.0198,0.0224,2.028,0.0772,0.9846,0.9
"1","months_since_cert_n >   5.5 & months_since_cert_n <=  17.5 & shelter_expenses_by_hh_size >  12.5 & shelter_expenses_by_hh_size <= 672.0","ranger",5604,0.92291,0.91684,2823,2587,0.9164,0.1164,0.1249,11.732,0.0772,0.9846,0.9
"1","cat_elig <=  0.500 & homeless <=  0.500 & rawben_rel_max >  0.721 & total_deductions_by_hh_size > 65.400","ranger",963,0.93146,0.91683,505,473,0.9366,0.0213,0.0189,2.099,0.0772,0.9846,0.9
"1","count_divisible_by_100 <= 0.50 & percent_abawd <= 0.75 & total_deductions_by_hh_size > 5.80 & total_deductions_by_hh_size <= 8.90","ranger",87,0.96552,0.91681,49,44,0.898,0.002,0.0018,0.204,0.0772,0.9846,0.9
"1","medical_deductions >= 252.00 & unc_rawben_rel_max >=   1.03","xgboost",87,0.96552,0.91681,36,34,0.9444,0.0015,0.0014,0.15,0.0772,0.9846,0.9
"1","percent_abawd > 0.750 & unc_rawben_rel_max > 0.998 & utilities > 9.500","ranger",1290,0.92946,0.91681,636,596,0.9371,0.0268,0.0334,2.643,0.0772,0.9846,0.9
"1","months_since_cert_n >=   9 & total_deductions_by_hh_size < 815 & utilities >= 503","xgboost",4288,0.92374,0.9168,2306,2129,0.9232,0.0958,0.0857,9.583,0.0772,0.9846,0.9
"1","rawben_rel_max >=   0.092 & rawben_rel_max <   0.364 & shelter_expenses_by_hh_size >= 351.000 & total_deductions_by_hh_size >=  18.400","xgboost",4237,0.92377,0.91679,2162,1990,0.9204,0.0895,0.0693,8.985,0.0772,0.9846,0.9
"1","count_divisible_by_100 >=    1 & months_since_cert_n >=    9 & months_since_cert_n <   22 & total_deductions_by_hh_size < 1450","xgboost",425,0.93882,0.91678,223,195,0.8744,0.0088,0.0169,0.927,0.0772,0.9846,0.9
"1","cat_elig <= 0.50 & count_divisible_by_100 <= 0.50 & elderly_disabled_i > 0.50 & unc_rawben_rel_max > 1.02","ranger",327,0.9419,0.91677,163,149,0.9141,0.0067,0.0105,0.677,0.0772,0.9846,0.9
"1","cat_elig >  0.5 & elderly_disabled_i >  0.5 & utilities <= 28.5","ranger",4912,0.92325,0.91677,2490,2301,0.9241,0.1035,0.1058,10.348,0.0772,0.9846,0.9
"1","expedited_i <=   0.5 & months_since_cert_n >  10.5 & shelter_expenses_by_hh_size <= 922.0 & utilities <=  26.0","ranger",1883,0.92724,0.91677,985,918,0.932,0.0413,0.0392,4.093,0.0772,0.9846,0.9
"1","cat_elig <=  0.500 & elderly_disabled_i >  0.500 & medical_deductions > 59.000 & rawben_rel_max >  0.993","ranger",51,0.98039,0.91676,26,25,0.9615,0.0011,9e-04,0.108,0.0772,0.9846,0.9
"1","cat_elig <= 1.500 & rawben_rel_max > 0.991 & rawben_rel_max <= 0.995 & total_deductions_by_hh_size > 2.800","ranger",51,0.98039,0.91676,39,35,0.8974,0.0016,0.0021,0.162,0.0772,0.9846,0.9
"1","cat_elig >=    1.0 & shelter_expenses_by_hh_size >= 1610.0 & total_deductions_by_hh_size >=  692.0 & unc_rawben_rel_max >=    1.1","xgboost",480,0.9375,0.91676,301,284,0.9435,0.0128,0.0134,1.251,0.0772,0.9846,0.9
"1","count_divisible_by_100 <= 0.5 & homeless > 0.5 & medical_deductions > 5.5","ranger",51,0.98039,0.91676,21,18,0.8571,8e-04,0.0022,0.087,0.0772,0.9846,0.9
"1","count_divisible_by_100 >   0.500 & medical_deductions > 100.000 & rawben_rel_max <=   0.268 & utilities > 338.000","ranger",51,0.98039,0.91676,20,20,1,9e-04,0,0.083,0.0772,0.9846,0.9
"1","homeless > 0.50 & months_since_cert_n > 5.50 & unc_rawben_rel_max <= 1.93","ranger",1250,0.9296,0.91675,613,567,0.925,0.0255,0.0299,2.547,0.0772,0.9846,0.9
"1","cat_elig >   0.5 & elderly_disabled_i >   0.5 & medical_deductions > 140.0 & total_deductions_by_hh_size <= 422.0","ranger",397,0.93955,0.91674,173,167,0.9653,0.0075,0.0024,0.719,0.0772,0.9846,0.9
"1","total_deductions_by_hh_size >=  59 & total_deductions_by_hh_size < 209 & utilities >= 415 & utilities < 494","xgboost",750,0.93333,0.91674,258,246,0.9535,0.0111,0.0043,1.072,0.0772,0.9846,0.9
"1","medical_deductions <    5 & total_deductions_by_hh_size >=  780 & total_deductions_by_hh_size < 1200 & utilities >=  601","xgboost",2418,0.92597,0.91673,1518,1421,0.9361,0.0639,0.0583,6.308,0.0772,0.9846,0.9
"1","months_since_cert_n >=    8 & shelter_expenses_by_hh_size < 1560 & utilities >=  612","xgboost",4234,0.92371,0.91673,2499,2303,0.9216,0.1036,0.1053,10.385,0.0772,0.9846,0.9
"1","months_since_cert_n >= 2.0 & percent_abawd >= 0.5","xgboost",3732,0.92417,0.91673,2061,1932,0.9374,0.0869,0.0946,8.565,0.0772,0.9846,0.9
"1","cat_elig >  0.50 & months_since_cert_n > 23.50 & unc_rawben_rel_max <=  1.93","ranger",2735,0.92541,0.91672,1200,1099,0.9158,0.0494,0.0508,4.987,0.0772,0.9846,0.9
"1","shelter_expenses_by_hh_size >= 676.00 & unc_rawben_rel_max >=   1.18 & utilities >=  41.00 & utilities < 992.00","xgboost",3920,0.92398,0.91672,1866,1714,0.9185,0.0771,0.1153,7.755,0.0772,0.9846,0.9
"1","shelter_expenses_by_hh_size < 1030 & utilities >=  600","xgboost",3579,0.92428,0.91668,1629,1478,0.9073,0.0665,0.0744,6.77,0.0772,0.9846,0.9
"1","medical_deductions >  0.50000 & unc_rawben_rel_max > -0.00544 & unc_rawben_rel_max <=  0.26800","ranger",736,0.93342,0.91666,334,313,0.9371,0.0141,0.0089,1.388,0.0772,0.9846,0.9
"1","months_since_cert_n <  3.000 & rawben_rel_max <  0.568 & utilities < 45.000","xgboost",1053,0.93067,0.91666,509,465,0.9136,0.0209,0.0227,2.115,0.0772,0.9846,0.9
"1","months_since_cert_n >=  33.000 & rawben_rel_max >=   0.247 & total_deductions_by_hh_size >= 645.000 & utilities >= 600.000","xgboost",226,0.9469,0.91666,100,96,0.96,0.0043,0.0032,0.416,0.0772,0.9846,0.9
"1","elderly_disabled_i <   1.000 & rawben_rel_max >=   0.629 & total_deductions_by_hh_size >= 104.000 & utilities >= 385.000","xgboost",3238,0.92464,0.91665,1667,1557,0.934,0.07,0.0792,6.928,0.0772,0.9846,0.9
"1","months_since_cert_n <  11 & shelter_expenses_by_hh_size < 874 & utilities >= 505","xgboost",2517,0.92571,0.91664,1508,1401,0.929,0.063,0.0531,6.267,0.0772,0.9846,0.9
"1","cat_elig <   1.00 & count_divisible_by_100 <   1.00 & total_deductions_by_hh_size >= 692.00 & unc_rawben_rel_max <   1.86","xgboost",438,0.93836,0.91663,224,213,0.9509,0.0096,0.0059,0.931,0.0772,0.9846,0.9
"1","expedited_i <   1.00 & months_since_cert_n >=   4.00 & unc_rawben_rel_max <   1.48 & utilities >= 886.00","xgboost",1287,0.92929,0.91662,1065,994,0.9333,0.0447,0.0416,4.426,0.0772,0.9846,0.9
"1","months_since_cert_n <  32.00 & rawben_rel_max <   0.08 & total_deductions_by_hh_size >= 390.00","xgboost",615,0.93496,0.91662,0,0,NA,0,0,0,0.0772,0.9846,0.9
"1","cat_elig >=   2.000 & months_since_cert_n <   7.000 & rawben_rel_max >=   0.848 & utilities >= 281.000","xgboost",1687,0.92768,0.91661,107,105,0.9813,0.0047,0.0011,0.445,0.0772,0.9846,0.9
"1","cat_elig <  1.000 & total_deductions_by_hh_size >=  9.000 & unc_rawben_rel_max >= -0.056","xgboost",2503,0.92569,0.9166,1287,1207,0.9378,0.0543,0.0357,5.348,0.0772,0.9846,0.9
"1","elderly_disabled_i > 0.5 & expedited_i <= 0.5 & homeless <= 0.5 & utilities <= 8.0","ranger",4390,0.92346,0.9166,2290,2126,0.9284,0.0956,0.0884,9.517,0.0772,0.9846,0.9
"1","medical_deductions <= 170.0 & months_since_cert_n >  21.5 & percent_abawd <=   0.5 & utilities >   8.0","ranger",3324,0.92449,0.9166,1548,1414,0.9134,0.0636,0.0644,6.433,0.0772,0.9846,0.9
"1","months_since_cert_n >   5.500 & rawben_rel_max >   0.991 & shelter_expenses_by_hh_size > 694.000","ranger",3361,0.92443,0.91658,1865,1727,0.926,0.0777,0.0976,7.75,0.0772,0.9846,0.9
"1","months_since_cert_n >=   23.00 & shelter_expenses_by_hh_size >= 1000.00 & shelter_expenses_by_hh_size < 1560.00 & unc_rawben_rel_max <    1.86","xgboost",1091,0.93034,0.91657,521,485,0.9309,0.0218,0.0217,2.165,0.0772,0.9846,0.9
"1","homeless >=   1 & shelter_expenses_by_hh_size >= 585 & total_deductions_by_hh_size >= 597 & total_deductions_by_hh_size < 675","xgboost",211,0.94787,0.91655,112,103,0.9196,0.0046,0.0059,0.465,0.0772,0.9846,0.9
"1","cat_elig <=  0.5 & children_i <=  0.5 & total_deductions_by_hh_size > 65.5","ranger",2387,0.92585,0.91654,1199,1124,0.9374,0.0506,0.0333,4.983,0.0772,0.9846,0.9
"1","cat_elig >=    1 & elderly_disabled_i <    1 & months_since_cert_n >=    5 & shelter_expenses_by_hh_size < 1670","xgboost",4911,0.92303,0.91654,2554,2351,0.9205,0.1058,0.1546,10.614,0.0772,0.9846,0.9
"1","months_since_cert_n >=  30.000 & rawben_rel_max <   0.928 & utilities >= 334.000","xgboost",668,0.93413,0.91653,248,231,0.9315,0.0104,0.0076,1.031,0.0772,0.9846,0.9
"1","months_since_cert_n >=   10.00 & shelter_expenses_by_hh_size < 1530.00 & unc_rawben_rel_max >=    1.09","xgboost",2816,0.92507,0.9165,1509,1394,0.9238,0.0627,0.0872,6.271,0.0772,0.9846,0.9
"1","homeless >   0.50 & medical_deductions <= 107.00 & unc_rawben_rel_max >   1.28 & utilities >   9.50","ranger",354,0.94068,0.91649,144,141,0.9792,0.0063,0.003,0.598,0.0772,0.9846,0.9
"1","medical_deductions >=  148.00 & rawben_rel_max >=    0.99 & shelter_expenses_by_hh_size < 1510.00","xgboost",196,0.94898,0.91647,90,81,0.9,0.0036,0.0078,0.374,0.0772,0.9846,0.9
"1","medical_deductions < 220.000 & rawben_rel_max <   0.288 & utilities >= 723.000","xgboost",654,0.93425,0.91645,296,271,0.9155,0.0122,0.0154,1.23,0.0772,0.9846,0.9
"1","months_since_cert_n >=  11 & months_since_cert_n <  13 & shelter_expenses_by_hh_size < 824 & total_deductions_by_hh_size < 959","xgboost",1645,0.92766,0.91644,864,794,0.919,0.0357,0.0428,3.591,0.0772,0.9846,0.9
"1","count_divisible_by_100 <= 0.5 & elderly_disabled_i <= 0.5 & expedited_i > 0.5 & months_since_cert_n > 5.5","ranger",1193,0.92959,0.91641,651,602,0.9247,0.0271,0.0419,2.705,0.0772,0.9846,0.9
"1","elderly_disabled_i <=   0.5 & shelter_expenses_by_hh_size >   5.5 & utilities > 808.0","ranger",600,0.935,0.91641,418,381,0.9115,0.0171,0.0246,1.737,0.0772,0.9846,0.9
"1","expedited_i <=   0.5 & medical_deductions <= 276.0 & months_since_cert_n >  15.5 & shelter_expenses_by_hh_size <=   5.5","ranger",546,0.9359,0.91641,232,219,0.944,0.0099,0.0088,0.964,0.0772,0.9846,0.9
"1","elderly_disabled_i >  0.5 & homeless <=  0.5 & utilities <= 28.5","ranger",4963,0.92283,0.91636,2551,2362,0.9259,0.1063,0.1039,10.601,0.0772,0.9846,0.9
"1","homeless >  0.5 & months_since_cert_n >  6.5 & months_since_cert_n <= 24.5","ranger",1010,0.93069,0.91636,518,477,0.9208,0.0215,0.0267,2.153,0.0772,0.9846,0.9
"1","medical_deductions < 139.00 & rawben_rel_max >=   0.23 & total_deductions_by_hh_size < 170.00 & utilities >=  41.00","xgboost",2306,0.92585,0.91636,1153,1051,0.9115,0.0473,0.051,4.792,0.0772,0.9846,0.9
"1","expedited_i >  0.5 & months_since_cert_n <=  4.5 & total_deductions_by_hh_size > 57.2","ranger",1515,0.92805,0.91635,672,625,0.9301,0.0281,0.0349,2.793,0.0772,0.9846,0.9
"1","cat_elig <   1 & months_since_cert_n >=  19 & total_deductions_by_hh_size < 422","xgboost",297,0.94276,0.91633,145,140,0.9655,0.0063,0.0028,0.603,0.0772,0.9846,0.9
"1","expedited_i <=  0.500 & months_since_cert_n <= 13.500 & rawben_rel_max <=  0.982 & shelter_expenses_by_hh_size <=  5.500","ranger",1463,0.92823,0.91632,743,697,0.9381,0.0314,0.0266,3.088,0.0772,0.9846,0.9
"1","cat_elig <= 0.5 & elderly_disabled_i > 0.5 & utilities <= 7.5","ranger",491,0.93686,0.9163,271,254,0.9373,0.0114,0.0089,1.126,0.0772,0.9846,0.9
"1","rawben_rel_max >=   0.268 & total_deductions_by_hh_size < 459.000 & utilities >= 580.000 & utilities < 585.000","xgboost",225,0.94667,0.9163,0,0,NA,0,0,0,0.0772,0.9846,0.9
"1","cat_elig <   1 & months_since_cert_n <   6 & shelter_expenses_by_hh_size >= 906 & utilities < 875","xgboost",381,0.93963,0.91629,181,178,0.9834,0.008,0.0013,0.752,0.0772,0.9846,0.9
"1","medical_deductions > 130.000 & rawben_rel_max >   0.991 & unc_rawben_rel_max <=   2.570","ranger",353,0.94051,0.91626,132,123,0.9318,0.0055,0.0086,0.549,0.0772,0.9846,0.9
"1","cat_elig >=   1.000 & unc_rawben_rel_max <   0.852 & utilities >= 281.000 & utilities < 339.000","xgboost",1833,0.9269,0.91625,415,392,0.9446,0.0176,0.0096,1.725,0.0772,0.9846,0.9
"1","medical_deductions < 164 & months_since_cert_n >=  11 & months_since_cert_n <  20 & shelter_expenses_by_hh_size <  44","xgboost",917,0.9313,0.91625,514,487,0.9475,0.0219,0.0194,2.136,0.0772,0.9846,0.9
"1","children_i <=  0.5 & expedited_i <=  0.5 & months_since_cert_n > 22.5","ranger",3272,0.92421,0.91624,1483,1356,0.9144,0.061,0.0639,6.163,0.0772,0.9846,0.9
"1","cat_elig >= 2.000 & percent_abawd < 0.500 & rawben_rel_max < 0.540 & unc_rawben_rel_max < 0.996","xgboost",4657,0.92291,0.91623,317,299,0.9432,0.0135,0.0079,1.317,0.0772,0.9846,0.9
"1","shelter_expenses_by_hh_size < 600 & total_deductions_by_hh_size >=  14 & total_deductions_by_hh_size < 786 & utilities >= 412","xgboost",2555,0.92524,0.91623,993,916,0.9225,0.0412,0.0399,4.127,0.0772,0.9846,0.9
"1","homeless <=  0.500 & months_since_cert_n > 10.500 & months_since_cert_n <= 48.500 & rawben_rel_max >  0.991","ranger",2731,0.92494,0.91621,1444,1336,0.9252,0.0601,0.0818,6.001,0.0772,0.9846,0.9
"1","cat_elig <=   2.5 & months_since_cert_n >  13.5 & shelter_expenses_by_hh_size <= 942.0 & utilities <=   8.0","ranger",1447,0.92813,0.91614,680,632,0.9294,0.0284,0.0283,2.826,0.0772,0.9846,0.9
"1","cat_elig >  1.500 & percent_abawd >  0.500 & unc_rawben_rel_max >  0.991 & utilities > 14.500","ranger",490,0.93673,0.91614,40,40,1,0.0018,0,0.166,0.0772,0.9846,0.9
"1","rawben_rel_max >=   0.304 & shelter_expenses_by_hh_size < 911.000 & total_deductions_by_hh_size >= 108.000 & unc_rawben_rel_max <   0.352","xgboost",598,0.93478,0.91614,292,259,0.887,0.0117,0.0127,1.213,0.0772,0.9846,0.9
"1","cat_elig <   2 & shelter_expenses_by_hh_size >= 593 & total_deductions_by_hh_size >= 228 & total_deductions_by_hh_size < 232","xgboost",69,0.97101,0.91612,41,39,0.9512,0.0018,0.0014,0.17,0.0772,0.9846,0.9
"1","medical_deductions > 184 & medical_deductions <= 629 & total_deductions_by_hh_size <= 308","ranger",69,0.97101,0.91612,37,35,0.9459,0.0016,8e-04,0.154,0.0772,0.9846,0.9
"1","medical_deductions >=  19 & medical_deductions <  85 & utilities >= 601","xgboost",69,0.97101,0.91612,40,40,1,0.0018,0,0.166,0.0772,0.9846,0.9
"1","cat_elig <= 1.500 & homeless > 0.500 & rawben_rel_max > 0.995 & utilities > 9.500","ranger",282,0.94326,0.91611,211,203,0.9621,0.0091,0.0067,0.877,0.0772,0.9846,0.9
"1","months_since_cert_n <   2.000 & rawben_rel_max >=   0.964 & shelter_expenses_by_hh_size >= 900.000 & total_deductions_by_hh_size < 749.000","xgboost",394,0.93909,0.91611,218,201,0.922,0.009,0.0112,0.906,0.0772,0.9846,0.9
"1","months_since_cert_n >=   3.00 & months_since_cert_n <  29.00 & unc_rawben_rel_max >=  -0.14 & utilities >= 789.00","xgboost",3329,0.924,0.9161,2408,2213,0.919,0.0996,0.111,10.007,0.0772,0.9846,0.9
"1","shelter_expenses_by_hh_size <  460.000 & total_deductions_by_hh_size < 1010.000 & unc_rawben_rel_max <    0.684 & utilities >=  388.000","xgboost",731,0.93297,0.9161,418,392,0.9378,0.0176,0.0099,1.737,0.0772,0.9846,0.9
"1","expedited_i > 0.5 & months_since_cert_n <= 4.5 & utilities > 9.5","ranger",1330,0.92857,0.91606,601,563,0.9368,0.0253,0.027,2.498,0.0772,0.9846,0.9
"1","expedited_i <   1 & months_since_cert_n <   2 & utilities >= 462 & utilities < 886","xgboost",1535,0.92769,0.91604,767,689,0.8983,0.031,0.0391,3.187,0.0772,0.9846,0.9
"1","months_since_cert_n <   4.000 & rawben_rel_max <   0.533 & unc_rawben_rel_max <   0.520 & utilities < 469.000","xgboost",3189,0.92411,0.91604,1560,1443,0.925,0.0649,0.0548,6.483,0.0772,0.9846,0.9
"1","shelter_expenses_by_hh_size >= 1120 & shelter_expenses_by_hh_size < 1510 & total_deductions_by_hh_size <  687","xgboost",1381,0.92831,0.91604,779,709,0.9101,0.0319,0.042,3.237,0.0772,0.9846,0.9
"1","months_since_cert_n >=  24 & utilities >= 494","xgboost",1509,0.92777,0.91602,727,673,0.9257,0.0303,0.0269,3.021,0.0772,0.9846,0.9
"1","elderly_disabled_i >=  1.000 & rawben_rel_max <  0.288 & total_deductions_by_hh_size >=  9.000 & unc_rawben_rel_max >= -0.056","xgboost",3700,0.92351,0.91601,1839,1711,0.9304,0.077,0.0575,7.642,0.0772,0.9846,0.9
"1","homeless <   1 & shelter_expenses_by_hh_size < 600 & total_deductions_by_hh_size >=  47 & utilities >= 318","xgboost",3986,0.92323,0.916,2017,1849,0.9167,0.0832,0.0913,8.382,0.0772,0.9846,0.9
"1","medical_deductions < 129.000 & months_since_cert_n <  14.000 & rawben_rel_max >=   0.188 & rawben_rel_max <   0.364","xgboost",3375,0.92385,0.916,1843,1708,0.9267,0.0768,0.0565,7.659,0.0772,0.9846,0.9
"1","medical_deductions >= 125.000 & rawben_rel_max <   0.556","xgboost",1992,0.9262,0.91598,948,860,0.9072,0.0387,0.0338,3.94,0.0772,0.9846,0.9
"1","expedited_i >=   1 & medical_deductions < 137 & total_deductions_by_hh_size >= 286 & utilities >= 560","xgboost",927,0.93096,0.91597,490,455,0.9286,0.0205,0.0231,2.036,0.0772,0.9846,0.9
"1","months_since_cert_n < 9.000 & rawben_rel_max >= 0.116 & rawben_rel_max < 0.402","xgboost",4046,0.92313,0.91596,2013,1858,0.923,0.0836,0.066,8.366,0.0772,0.9846,0.9
"1","cat_elig >=    1 & shelter_expenses_by_hh_size >= 1030 & total_deductions_by_hh_size >=  587 & utilities >=  886","xgboost",1648,0.92718,0.91594,1567,1473,0.94,0.0663,0.0557,6.512,0.0772,0.9846,0.9
"1","cat_elig <=  0.50 & total_deductions_by_hh_size > 65.50 & unc_rawben_rel_max <=  2.56","ranger",2445,0.92515,0.91592,1228,1151,0.9373,0.0518,0.0343,5.103,0.0772,0.9846,0.9
"1","cat_elig <    1 & months_since_cert_n >=   11 & shelter_expenses_by_hh_size < 1000 & total_deductions_by_hh_size <  567","xgboost",716,0.93296,0.9159,381,357,0.937,0.0161,0.0109,1.583,0.0772,0.9846,0.9
"1","children_i <=  0.5 & elderly_disabled_i >  0.5 & months_since_cert_n > 30.5","ranger",1134,0.92945,0.9159,441,413,0.9365,0.0186,0.0158,1.833,0.0772,0.9846,0.9
"1","elderly_disabled_i <=  0.500 & total_deductions_by_hh_size > 61.000 & unc_rawben_rel_max >  0.989 & utilities <= 12.500","ranger",556,0.93525,0.91589,274,262,0.9562,0.0118,0.0096,1.139,0.0772,0.9846,0.9
"1","months_since_cert_n >=  10 & shelter_expenses_by_hh_size < 567 & utilities >= 551","xgboost",86,0.96512,0.91588,80,77,0.9625,0.0035,0.0017,0.332,0.0772,0.9846,0.9
"1","shelter_expenses_by_hh_size >= 469.00 & shelter_expenses_by_hh_size < 538.00 & total_deductions_by_hh_size >= 108.00 & unc_rawben_rel_max >=  -0.56","xgboost",1621,0.92721,0.91586,669,609,0.9103,0.0274,0.0327,2.78,0.0772,0.9846,0.9
"1","months_since_cert_n <  23.0 & total_deductions_by_hh_size < 734.0 & unc_rawben_rel_max <   0.8 & utilities >= 757.0","xgboost",821,0.93179,0.91585,394,351,0.8909,0.0158,0.0227,1.637,0.0772,0.9846,0.9
"1","count_divisible_by_100 >=    1 & months_since_cert_n <   18 & shelter_expenses_by_hh_size >=   29 & shelter_expenses_by_hh_size < 1320","xgboost",1159,0.92925,0.91583,656,598,0.9116,0.0269,0.0315,2.726,0.0772,0.9846,0.9
"1","elderly_disabled_i >   0.5 & total_deductions_by_hh_size <= 290.0 & utilities >  30.5 & utilities <= 360.0","ranger",3716,0.9233,0.91581,1724,1584,0.9188,0.0713,0.0591,7.165,0.0772,0.9846,0.9
"1","cat_elig <=   0.5 & children_i <=   0.5 & medical_deductions <=   4.5 & total_deductions_by_hh_size > 154.0","ranger",1594,0.92723,0.91578,826,777,0.9407,0.035,0.0243,3.433,0.0772,0.9846,0.9
"1","cat_elig >= 3","xgboost",309,0.94175,0.91576,0,0,NA,0,0,0,0.0772,0.9846,0.9
"1","months_since_cert_n >=   5.000 & rawben_rel_max <   0.296 & utilities >= 819.000","xgboost",309,0.94175,0.91576,165,153,0.9273,0.0069,0.0079,0.686,0.0772,0.9846,0.9
"1","months_since_cert_n >=  29.000 & rawben_rel_max >=   0.632 & unc_rawben_rel_max >=  -0.140 & utilities >= 789.000","xgboost",337,0.94065,0.91576,181,173,0.9558,0.0078,0.0052,0.752,0.0772,0.9846,0.9
"1","expedited_i < 1.0 & homeless >= 1.0 & percent_abawd >= 0.5","xgboost",406,0.93842,0.91575,290,282,0.9724,0.0127,0.0053,1.205,0.0772,0.9846,0.9
"1","months_since_cert_n >=   2.0 & percent_abawd >=   0.5 & utilities < 757.0","xgboost",3502,0.92347,0.91575,1901,1783,0.9379,0.0802,0.0872,7.9,0.0772,0.9846,0.9
"1","months_since_cert_n <   4.000 & rawben_rel_max <   0.436 & shelter_expenses_by_hh_size >= 572.000 & unc_rawben_rel_max <   0.478","xgboost",1733,0.92672,0.91574,815,762,0.935,0.0343,0.0264,3.387,0.0772,0.9846,0.9
"1","elderly_disabled_i <=  0.500 & months_since_cert_n <=  4.500 & rawben_rel_max >  0.268 & shelter_expenses_by_hh_size > 14.500","ranger",3712,0.92322,0.91572,1804,1687,0.9351,0.0759,0.0699,7.497,0.0772,0.9846,0.9
"1","shelter_expenses_by_hh_size < 627 & total_deductions_by_hh_size < 449 & utilities >= 424","xgboost",2049,0.92582,0.91572,949,875,0.922,0.0394,0.0349,3.944,0.0772,0.9846,0.9
"1","months_since_cert_n <  32 & shelter_expenses_by_hh_size < 920 & utilities >= 277 & utilities < 341","xgboost",2952,0.92412,0.91571,633,591,0.9336,0.0266,0.0215,2.631,0.0772,0.9846,0.9
"1","expedited_i <=  0.5 & months_since_cert_n > 22.5","ranger",3276,0.92369,0.9157,1483,1356,0.9144,0.061,0.0639,6.163,0.0772,0.9846,0.9
"1","children_i <  1.000 & percent_abawd >=  0.500 & shelter_expenses_by_hh_size >= 80.000 & unc_rawben_rel_max >=  0.883","xgboost",1413,0.92781,0.91565,675,628,0.9304,0.0283,0.0373,2.805,0.0772,0.9846,0.9
"1","total_deductions_by_hh_size >=  30.000 & unc_rawben_rel_max <   0.352 & utilities < 361.000","xgboost",2775,0.92432,0.91565,1287,1183,0.9192,0.0532,0.0603,5.348,0.0772,0.9846,0.9
"1","medical_deductions >  7.500 & unc_rawben_rel_max > -0.010 & unc_rawben_rel_max <=  0.316","ranger",858,0.93124,0.91563,392,369,0.9413,0.0166,0.0092,1.629,0.0772,0.9846,0.9
"1","months_since_cert_n <   7 & shelter_expenses_by_hh_size >= 608 & total_deductions_by_hh_size < 404 & utilities < 844","xgboost",2311,0.92514,0.91563,1196,1117,0.9339,0.0503,0.0335,4.97,0.0772,0.9846,0.9
"1","count_divisible_by_100 <= 0.5 & elderly_disabled_i <= 0.5 & months_since_cert_n <= 4.5 & utilities > 9.5","ranger",3297,0.92357,0.9156,1568,1466,0.9349,0.066,0.0629,6.516,0.0772,0.9846,0.9
"1","expedited_i >= 1 & months_since_cert_n >= 4","xgboost",3533,0.92329,0.9156,1884,1737,0.922,0.0781,0.1047,7.829,0.0772,0.9846,0.9
"1","months_since_cert_n < 2.000 & rawben_rel_max < 0.536 & unc_rawben_rel_max < 2.520","xgboost",2109,0.92556,0.9156,1012,933,0.9219,0.042,0.0393,4.206,0.0772,0.9846,0.9
"1","rawben_rel_max >=    0.848 & shelter_expenses_by_hh_size >= 1070.000 & shelter_expenses_by_hh_size < 1360.000 & unc_rawben_rel_max <    1.200","xgboost",2109,0.92556,0.9156,1142,1051,0.9203,0.0473,0.0493,4.746,0.0772,0.9846,0.9
"1","cat_elig <  1.000 & months_since_cert_n >= 10.000 & rawben_rel_max <  0.811","xgboost",766,0.93211,0.91559,430,409,0.9512,0.0184,0.0073,1.787,0.0772,0.9846,0.9
"1","expedited_i >=  1.000 & rawben_rel_max >=  0.766 & unc_rawben_rel_max >= -1.170 & unc_rawben_rel_max <  1.200","xgboost",1117,0.92927,0.91559,591,545,0.9222,0.0245,0.0271,2.456,0.0772,0.9846,0.9
"1","children_i <   1 & total_deductions_by_hh_size < 692 & utilities >= 992","xgboost",266,0.94361,0.91557,225,208,0.9244,0.0094,0.0103,0.935,0.0772,0.9846,0.9
"1","months_since_cert_n <    1.00 & rawben_rel_max <    0.64 & total_deductions_by_hh_size < 1450.00","xgboost",1052,0.92966,0.91556,519,480,0.9249,0.0216,0.0207,2.157,0.0772,0.9846,0.9
"1","homeless <=   0.500 & unc_rawben_rel_max <=   0.377 & utilities > 556.000","ranger",1969,0.92585,0.91554,1042,967,0.928,0.0435,0.0357,4.33,0.0772,0.9846,0.9
"1","medical_deductions > 3.500 & unc_rawben_rel_max > 0.998 & unc_rawben_rel_max <= 2.750","ranger",405,0.93827,0.91554,183,168,0.918,0.0076,0.013,0.761,0.0772,0.9846,0.9
"1","shelter_expenses_by_hh_size >= 1210.000 & shelter_expenses_by_hh_size < 1320.000 & unc_rawben_rel_max >=   -0.392 & utilities >=  680.000","xgboost",857,0.93116,0.91553,527,494,0.9374,0.0222,0.0184,2.19,0.0772,0.9846,0.9
"1","count_divisible_by_100 >=   1 & months_since_cert_n >=   9 & shelter_expenses_by_hh_size < 906","xgboost",336,0.94048,0.91552,173,156,0.9017,0.007,0.0108,0.719,0.0772,0.9846,0.9
"1","months_since_cert_n >= 11.000 & months_since_cert_n < 14.000 & rawben_rel_max <  0.612 & utilities < 34.000","xgboost",336,0.94048,0.91552,188,170,0.9043,0.0076,0.0091,0.781,0.0772,0.9846,0.9
"1","shelter_expenses_by_hh_size >= 669 & total_deductions_by_hh_size >= 256 & total_deductions_by_hh_size < 397","xgboost",2883,0.92404,0.91552,1414,1317,0.9314,0.0592,0.0361,5.876,0.0772,0.9846,0.9
"1","medical_deductions >= 117.000 & rawben_rel_max <   0.247 & total_deductions_by_hh_size >= 300.000 & total_deductions_by_hh_size < 369.000","xgboost",118,0.95763,0.91551,56,55,0.9821,0.0025,3e-04,0.233,0.0772,0.9846,0.9
"1","elderly_disabled_i <=  0.50 & months_since_cert_n <=  4.50 & unc_rawben_rel_max <=  1.95 & utilities > 14.50","ranger",3541,0.92319,0.9155,1708,1594,0.9333,0.0717,0.0701,7.098,0.0772,0.9846,0.9
"1","shelter_expenses_by_hh_size >= 935 & total_deductions_by_hh_size < 603","xgboost",2795,0.92415,0.9155,1183,1103,0.9324,0.0496,0.0354,4.916,0.0772,0.9846,0.9
"1","cat_elig >=   2 & count_divisible_by_100 >=   1 & total_deductions_by_hh_size < 178","xgboost",164,0.95122,0.91549,17,17,1,8e-04,0,0.071,0.0772,0.9846,0.9
"1","count_divisible_by_100 > 0.500 & rawben_rel_max <= 0.087 & total_deductions_by_hh_size > 7.800","ranger",164,0.95122,0.91549,81,74,0.9136,0.0033,0.0061,0.337,0.0772,0.9846,0.9
"1","cat_elig <   1 & medical_deductions >= 129 & shelter_expenses_by_hh_size < 600 & total_deductions_by_hh_size < 474","xgboost",102,0.96078,0.91548,58,53,0.9138,0.0024,0.0022,0.241,0.0772,0.9846,0.9
"1","children_i >   0.500 & married >   0.500 & unc_rawben_rel_max >   0.906 & utilities <= 727.000","ranger",102,0.96078,0.91548,42,41,0.9762,0.0018,2e-04,0.175,0.0772,0.9846,0.9
"1","medical_deductions <   4 & months_since_cert_n >=  11 & months_since_cert_n <  13 & shelter_expenses_by_hh_size < 950","xgboost",1753,0.92641,0.91548,950,880,0.9263,0.0396,0.0436,3.948,0.0772,0.9846,0.9
"1","months_since_cert_n >=  15.000 & rawben_rel_max <   0.247 & shelter_expenses_by_hh_size >= 538.000 & unc_rawben_rel_max >=   0.000","xgboost",391,0.93862,0.91548,199,189,0.9497,0.0085,0.0054,0.827,0.0772,0.9846,0.9
"1","cat_elig <=  0.5 & homeless <=  0.5 & total_deductions_by_hh_size > 65.4","ranger",2419,0.92476,0.91546,1208,1132,0.9371,0.0509,0.0341,5.02,0.0772,0.9846,0.9
"1","homeless >  0.500 & months_since_cert_n <= 31.000 & rawben_rel_max >  0.991 & shelter_expenses_by_hh_size > 14.500","ranger",486,0.93621,0.91545,227,219,0.9648,0.0099,0.0067,0.943,0.0772,0.9846,0.9
"1","cat_elig <=    0.5 & shelter_expenses_by_hh_size <=  420.0 & total_deductions_by_hh_size >    2.0 & total_deductions_by_hh_size <= 2460.0","ranger",553,0.9349,0.91544,285,269,0.9439,0.0121,0.0077,1.184,0.0772,0.9846,0.9
"1","months_since_cert_n >=  14.000 & rawben_rel_max <   0.612 & shelter_expenses_by_hh_size >= 387.000 & total_deductions_by_hh_size >=  47.000","xgboost",3228,0.92348,0.91543,1556,1444,0.928,0.065,0.0473,6.466,0.0772,0.9846,0.9
"1","elderly_disabled_i >=   1 & utilities >= 361 & utilities < 385","xgboost",1587,0.92691,0.91542,1069,961,0.899,0.0432,0.0542,4.443,0.0772,0.9846,0.9
"1","count_divisible_by_100 >   0.500 & rawben_rel_max >   0.991 & shelter_expenses_by_hh_size <= 217.000 & utilities <=  30.500","ranger",237,0.94515,0.91541,114,109,0.9561,0.0049,0.0038,0.474,0.0772,0.9846,0.9
"1","shelter_expenses_by_hh_size < 1970 & total_deductions_by_hh_size >=   59 & total_deductions_by_hh_size <  141","xgboost",2655,0.92429,0.91541,1308,1216,0.9297,0.0547,0.0477,5.436,0.0772,0.9846,0.9
"1","elderly_disabled_i <   1 & utilities >= 601","xgboost",1485,0.92727,0.91539,837,768,0.9176,0.0346,0.0459,3.478,0.0772,0.9846,0.9
"1","cat_elig <  1.000 & months_since_cert_n >= 10.000 & rawben_rel_max >=  0.811 & unc_rawben_rel_max <  1.240","xgboost",208,0.94712,0.91537,114,112,0.9825,0.005,0.0012,0.474,0.0772,0.9846,0.9
"1","count_divisible_by_100 >  0.50 & months_since_cert_n <= 24.50 & total_deductions_by_hh_size >  8.90 & unc_rawben_rel_max <=  1.86","ranger",1459,0.92735,0.91536,796,722,0.907,0.0325,0.0403,3.308,0.0772,0.9846,0.9
"1","count_divisible_by_100 >=   1.0 & total_deductions_by_hh_size >=  18.4 & total_deductions_by_hh_size < 286.0 & unc_rawben_rel_max <   1.9","xgboost",404,0.93812,0.91534,238,227,0.9538,0.0102,0.007,0.989,0.0772,0.9846,0.9
"1","medical_deductions < 183 & months_since_cert_n >=  22 & utilities >=  29","xgboost",3348,0.92324,0.91532,1555,1421,0.9138,0.0639,0.0648,6.462,0.0772,0.9846,0.9
"1","months_since_cert_n <  19.00 & total_deductions_by_hh_size >= 786.00 & unc_rawben_rel_max >=   1.12","xgboost",2014,0.92552,0.91532,1180,1101,0.9331,0.0495,0.0577,4.904,0.0772,0.9846,0.9
"1","married <   1 & shelter_expenses_by_hh_size < 528 & utilities >= 414","xgboost",1661,0.92655,0.91531,544,498,0.9154,0.0224,0.0239,2.261,0.0772,0.9846,0.9
"1","cat_elig <=  0.500 & count_divisible_by_100 <=  1.500 & total_deductions_by_hh_size > 65.400 & unc_rawben_rel_max > -0.402","ranger",2439,0.92456,0.91528,1222,1146,0.9378,0.0516,0.0339,5.078,0.0772,0.9846,0.9
"1","total_deductions_by_hh_size < 261.000 & unc_rawben_rel_max >=  -0.016 & utilities >= 450.000 & utilities < 502.000","xgboost",485,0.93608,0.91528,85,79,0.9294,0.0036,0.002,0.353,0.0772,0.9846,0.9
"1","elderly_disabled_i >=    1 & months_since_cert_n >=   18 & shelter_expenses_by_hh_size <  805 & total_deductions_by_hh_size < 1010","xgboost",3061,0.92355,0.91527,1465,1347,0.9195,0.0606,0.0547,6.088,0.0772,0.9846,0.9
"1","expedited_i <= 0.500 & homeless > 0.500 & total_deductions_by_hh_size > 7.800 & unc_rawben_rel_max > 0.991","ranger",335,0.9403,0.91527,163,156,0.9571,0.007,0.0055,0.677,0.0772,0.9846,0.9
"1","medical_deductions >= 135 & total_deductions_by_hh_size < 567 & utilities >=  32","xgboost",1061,0.92931,0.91525,344,311,0.9041,0.014,0.0114,1.43,0.0772,0.9846,0.9
"1","months_since_cert_n <   4.00 & shelter_expenses_by_hh_size >= 432.00 & total_deductions_by_hh_size <  87.00 & unc_rawben_rel_max <   1.25","xgboost",265,0.9434,0.91525,131,127,0.9695,0.0057,0.0031,0.544,0.0772,0.9846,0.9
"1","months_since_cert_n >=   30 & months_since_cert_n <   35 & shelter_expenses_by_hh_size < 1140 & total_deductions_by_hh_size <  174","xgboost",265,0.9434,0.91525,108,101,0.9352,0.0045,0.0037,0.449,0.0772,0.9846,0.9
"1","homeless <=  0.5 & months_since_cert_n > 21.5 & utilities >  5.0","ranger",3406,0.92308,0.91523,1578,1441,0.9132,0.0648,0.0662,6.558,0.0772,0.9846,0.9
"1","rawben_rel_max >=   0.481 & shelter_expenses_by_hh_size < 906.000 & unc_rawben_rel_max <   2.520 & utilities >= 559.000","xgboost",2300,0.92478,0.91523,1083,992,0.916,0.0446,0.0427,4.501,0.0772,0.9846,0.9
"1","cat_elig >=   2 & shelter_expenses_by_hh_size >= 968 & total_deductions_by_hh_size < 595","xgboost",697,0.93257,0.91521,35,30,0.8571,0.0013,0.0025,0.145,0.0772,0.9846,0.9
"1","cat_elig <=  0.500 & total_deductions_by_hh_size > 65.400 & unc_rawben_rel_max > -0.402","ranger",2449,0.92446,0.9152,1230,1153,0.9374,0.0519,0.0343,5.112,0.0772,0.9846,0.9
"1","cat_elig <= 0.500 & homeless > 0.500 & percent_abawd > 0.500 & unc_rawben_rel_max > 0.991","ranger",50,0.98,0.91519,47,47,1,0.0021,0,0.195,0.0772,0.9846,0.9
"1","elderly_disabled_i >=   1.000 & rawben_rel_max <   0.172 & shelter_expenses_by_hh_size >= 963.000 & utilities >= 850.000","xgboost",222,0.94595,0.91519,131,125,0.9542,0.0056,0.0045,0.544,0.0772,0.9846,0.9
"1","months_since_cert_n >=  12.00 & rawben_rel_max >=   0.21 & utilities >= 784.00","xgboost",1570,0.92675,0.91518,1041,962,0.9241,0.0433,0.0425,4.326,0.0772,0.9846,0.9
"1","cat_elig <  2.000 & months_since_cert_n >= 24.000 & rawben_rel_max <  0.784 & unc_rawben_rel_max <  1.010","xgboost",1137,0.92876,0.91517,745,683,0.9168,0.0307,0.0259,3.096,0.0772,0.9846,0.9
"1","months_since_cert_n <   7.00 & shelter_expenses_by_hh_size >= 245.00 & unc_rawben_rel_max >=   1.48","xgboost",2784,0.92385,0.91516,1385,1278,0.9227,0.0575,0.0849,5.756,0.0772,0.9846,0.9
"1","cat_elig <  2 & months_since_cert_n >= 19 & months_since_cert_n < 34 & rawben_rel_max >=  1","xgboost",853,0.93083,0.91514,523,472,0.9025,0.0212,0.0364,2.173,0.0772,0.9846,0.9
"1","months_since_cert_n <  14.000 & rawben_rel_max >=   0.227 & shelter_expenses_by_hh_size >= 297.000 & total_deductions_by_hh_size < 224.000","xgboost",2385,0.92453,0.91514,1369,1260,0.9204,0.0567,0.0486,5.689,0.0772,0.9846,0.9
"1","percent_abawd <   0.50 & unc_rawben_rel_max >=   1.12 & utilities >= 469.00 & utilities < 580.00","xgboost",917,0.93021,0.91506,409,384,0.9389,0.0173,0.0201,1.7,0.0772,0.9846,0.9
"1","cat_elig <   1 & months_since_cert_n <  10 & shelter_expenses_by_hh_size >= 543 & total_deductions_by_hh_size >= 426","xgboost",878,0.93052,0.91505,425,399,0.9388,0.018,0.0122,1.766,0.0772,0.9846,0.9
"1","count_divisible_by_100 <   1 & shelter_expenses_by_hh_size >= 205 & shelter_expenses_by_hh_size < 322 & utilities <  54","xgboost",1097,0.9289,0.91505,599,570,0.9516,0.0256,0.0147,2.489,0.0772,0.9846,0.9
"1","elderly_disabled_i >=   1.000 & rawben_rel_max >=   0.992 & total_deductions_by_hh_size < 535.000 & unc_rawben_rel_max <   1.700","xgboost",1479,0.92698,0.91505,740,688,0.9297,0.031,0.0397,3.075,0.0772,0.9846,0.9
"1","cat_elig > 1.500 & homeless <= 0.500 & months_since_cert_n > 5.500 & rawben_rel_max > 0.991","ranger",1882,0.92561,0.91504,165,158,0.9576,0.0071,0.0048,0.686,0.0772,0.9846,0.9
"1","elderly_disabled_i >=   1.000 & rawben_rel_max <   0.752 & total_deductions_by_hh_size < 715.000 & utilities >= 651.000","xgboost",1706,0.92614,0.91504,709,650,0.9168,0.0292,0.0269,2.946,0.0772,0.9846,0.9
"1","medical_deductions < 214.00 & unc_rawben_rel_max <   1.02 & utilities >= 361.00 & utilities < 385.00","xgboost",1504,0.92686,0.91503,1030,934,0.9068,0.042,0.0433,4.28,0.0772,0.9846,0.9
"1","cat_elig <=  0.5 & expedited_i >  0.5 & months_since_cert_n <= 31.5 & total_deductions_by_hh_size >  1.5","ranger",334,0.94012,0.91502,157,146,0.9299,0.0066,0.0083,0.652,0.0772,0.9846,0.9
"1","children_i <= 0.50 & elderly_disabled_i <= 0.50 & months_since_cert_n > 5.50 & percent_abawd <= 0.25","ranger",2618,0.92399,0.91502,1380,1273,0.9225,0.0573,0.0809,5.735,0.0772,0.9846,0.9
"1","children_i <=  0.500 & count_divisible_by_100 <=  0.500 & rawben_rel_max <=  0.875 & shelter_expenses_by_hh_size <= 16.500","ranger",1743,0.92599,0.915,856,800,0.9346,0.036,0.0337,3.557,0.0772,0.9846,0.9
"1","count_divisible_by_100 <    2.00 & unc_rawben_rel_max >=    1.04 & utilities >=  956.00 & utilities < 1020.00","xgboost",443,0.93679,0.915,283,270,0.9541,0.0121,0.0101,1.176,0.0772,0.9846,0.9
"1","elderly_disabled_i <   1.000 & medical_deductions < 360.000 & rawben_rel_max >=   0.818 & utilities >= 992.000","xgboost",163,0.95092,0.91498,151,143,0.947,0.0064,0.0056,0.628,0.0772,0.9846,0.9
"1","cat_elig <= 0.5 & elderly_disabled_i > 0.5 & expedited_i > 0.5 & months_since_cert_n <= 4.5","ranger",68,0.97059,0.91494,35,35,1,0.0016,0,0.145,0.0772,0.9846,0.9
"1","cat_elig >=  3.00 & months_since_cert_n >= 10.00 & rawben_rel_max >=  0.08","xgboost",68,0.97059,0.91494,0,0,NA,0,0,0,0.0772,0.9846,0.9
"1","medical_deductions >=  137 & months_since_cert_n <    2 & shelter_expenses_by_hh_size >= 1050 & total_deductions_by_hh_size <  982","xgboost",68,0.97059,0.91494,17,14,0.8235,6e-04,0.0018,0.071,0.0772,0.9846,0.9
"1","months_since_cert_n <    2.000 & shelter_expenses_by_hh_size < 1860.000 & unc_rawben_rel_max >=    0.271 & utilities >=  875.000","xgboost",264,0.94318,0.91494,172,166,0.9651,0.0075,0.0035,0.715,0.0772,0.9846,0.9
"1","months_since_cert_n >=   13.000 & rawben_rel_max >=    0.992 & shelter_expenses_by_hh_size < 1860.000","xgboost",2105,0.92494,0.91494,1073,990,0.9226,0.0445,0.0605,4.459,0.0772,0.9846,0.9
"1","medical_deductions < 120 & shelter_expenses_by_hh_size < 627 & total_deductions_by_hh_size < 449 & utilities >= 424","xgboost",1892,0.92548,0.91492,882,815,0.924,0.0367,0.0324,3.665,0.0772,0.9846,0.9
"1","expedited_i >=   1 & utilities >= 580","xgboost",941,0.92986,0.9149,471,440,0.9342,0.0198,0.0188,1.957,0.0772,0.9846,0.9
"1","cat_elig <=  1.5 & elderly_disabled_i <=  0.5 & expedited_i >  0.5 & total_deductions_by_hh_size > 55.9","ranger",1018,0.92927,0.91489,766,698,0.9112,0.0314,0.0553,3.183,0.0772,0.9846,0.9
"1","cat_elig >=  2.000 & expedited_i <  1.000 & months_since_cert_n >= 11.000 & rawben_rel_max <  0.568","xgboost",1615,0.92632,0.91489,113,108,0.9558,0.0049,0.0019,0.47,0.0772,0.9846,0.9
"1","months_since_cert_n <   4.000 & shelter_expenses_by_hh_size >= 269.000 & shelter_expenses_by_hh_size < 572.000 & unc_rawben_rel_max <   0.478","xgboost",1413,0.92711,0.91489,641,599,0.9345,0.0269,0.0189,2.664,0.0772,0.9846,0.9
"1","cat_elig <   1 & homeless <   1 & shelter_expenses_by_hh_size >= 869","xgboost",915,0.93005,0.91488,457,437,0.9562,0.0197,0.0091,1.899,0.0772,0.9846,0.9
"1","cat_elig <=  0.500 & months_since_cert_n >  6.500 & rawben_rel_max <=  0.168 & total_deductions_by_hh_size > 66.700","ranger",192,0.94792,0.91477,92,90,0.9783,0.004,7e-04,0.382,0.0772,0.9846,0.9
"1","expedited_i <  1.000 & months_since_cert_n >= 23.000 & rawben_rel_max >=  0.192 & unc_rawben_rel_max <  1.700","xgboost",2672,0.92365,0.91477,1208,1104,0.9139,0.0497,0.0502,5.02,0.0772,0.9846,0.9
"1","months_since_cert_n >=  22.000 & months_since_cert_n <  28.000 & rawben_rel_max >=   0.992 & utilities >= 735.000","xgboost",192,0.94792,0.91477,127,122,0.9606,0.0055,0.0032,0.528,0.0772,0.9846,0.9
"1","shelter_expenses_by_hh_size >= 704.00 & total_deductions_by_hh_size < 692.00 & unc_rawben_rel_max >=   1.05 & unc_rawben_rel_max <   1.23","xgboost",192,0.94792,0.91477,80,75,0.9375,0.0034,0.0022,0.332,0.0772,0.9846,0.9
"1","cat_elig >  0.50 & months_since_cert_n > 21.50 & unc_rawben_rel_max <=  1.95 & utilities >  8.00","ranger",3215,0.92286,0.91476,1470,1344,0.9143,0.0605,0.0595,6.109,0.0772,0.9846,0.9
"1","rawben_rel_max >=   0.436 & shelter_expenses_by_hh_size >=  50.000 & shelter_expenses_by_hh_size < 730.000 & utilities >= 424.000","xgboost",2845,0.92337,0.91476,1319,1220,0.9249,0.0549,0.0494,5.481,0.0772,0.9846,0.9
"1","cat_elig >=   2 & months_since_cert_n <   5 & shelter_expenses_by_hh_size < 415 & utilities >=  47","xgboost",305,0.94098,0.91467,53,52,0.9811,0.0023,3e-04,0.22,0.0772,0.9846,0.9
"1","cat_elig >= 2.00 & months_since_cert_n < 2.00 & percent_abawd >= 0.50 & unc_rawben_rel_max >= 1.46","xgboost",101,0.9604,0.91467,7,7,1,3e-04,0,0.029,0.0772,0.9846,0.9
"1","medical_deductions >=   16 & medical_deductions <  103 & shelter_expenses_by_hh_size < 1050","xgboost",305,0.94098,0.91467,128,125,0.9766,0.0056,7e-04,0.532,0.0772,0.9846,0.9
"1","homeless <   1.00 & total_deductions_by_hh_size >= 725.00 & unc_rawben_rel_max >=   1.31 & unc_rawben_rel_max <   2.52","xgboost",1510,0.92649,0.91466,853,788,0.9238,0.0355,0.044,3.545,0.0772,0.9846,0.9
"1","shelter_expenses_by_hh_size < 1560.00 & unc_rawben_rel_max <    1.12 & utilities >=  956.00","xgboost",627,0.93301,0.91466,544,510,0.9375,0.0229,0.0202,2.261,0.0772,0.9846,0.9
"1","cat_elig <= 0.500 & elderly_disabled_i <= 0.500 & total_deductions_by_hh_size <= 1.500 & unc_rawben_rel_max <= 0.994","ranger",29,1,0.91465,14,12,0.8571,5e-04,9e-04,0.058,0.0772,0.9846,0.9
"1","cat_elig <= 0.500 & married <= 0.500 & months_since_cert_n <= 5.500 & unc_rawben_rel_max <= 0.991","ranger",1028,0.92899,0.91465,489,455,0.9305,0.0205,0.0129,2.032,0.0772,0.9846,0.9
"1","cat_elig <   1 & months_since_cert_n <   3 & shelter_expenses_by_hh_size >= 269","xgboost",640,0.93281,0.91464,319,302,0.9467,0.0136,0.0073,1.326,0.0772,0.9846,0.9
"1","months_since_cert_n >=   25 & shelter_expenses_by_hh_size >=  360 & shelter_expenses_by_hh_size < 1140 & utilities >=  288","xgboost",1358,0.9271,0.91462,566,520,0.9187,0.0234,0.0221,2.352,0.0772,0.9846,0.9
"1","months_since_cert_n >=   28 & shelter_expenses_by_hh_size < 1220","xgboost",1509,0.92644,0.91461,586,541,0.9232,0.0243,0.0247,2.435,0.0772,0.9846,0.9
"1","medical_deductions >= 159 & months_since_cert_n <  23 & total_deductions_by_hh_size < 441","xgboost",346,0.93931,0.91459,161,155,0.9627,0.007,0.0025,0.669,0.0772,0.9846,0.9
"1","cat_elig <=   0.5 & count_divisible_by_100 <=   1.5 & months_since_cert_n <=  12.5 & shelter_expenses_by_hh_size > 630.0","ranger",1281,0.9274,0.91455,650,617,0.9492,0.0278,0.0145,2.701,0.0772,0.9846,0.9
"1","elderly_disabled_i >=   1.000 & medical_deductions >=  16.000 & unc_rawben_rel_max <   0.271 & utilities >= 819.000","xgboost",132,0.95455,0.91451,57,54,0.9474,0.0024,0.0015,0.237,0.0772,0.9846,0.9
"1","months_since_cert_n >=  10 & total_deductions_by_hh_size < 701 & utilities >= 488 & utilities < 494","xgboost",132,0.95455,0.91451,0,0,NA,0,0,0,0.0772,0.9846,0.9
"1","shelter_expenses_by_hh_size >= 601 & shelter_expenses_by_hh_size < 650 & utilities < 585","xgboost",1217,0.92769,0.91451,620,568,0.9161,0.0256,0.0214,2.577,0.0772,0.9846,0.9
"1","children_i <= 0.5 & count_divisible_by_100 > 0.5 & elderly_disabled_i <= 0.5 & homeless <= 0.5","ranger",678,0.93215,0.91449,366,330,0.9016,0.0148,0.0243,1.521,0.0772,0.9846,0.9
"1","cat_elig <   2.000 & months_since_cert_n >=   5.000 & rawben_rel_max <   0.485 & shelter_expenses_by_hh_size >= 603.000","xgboost",2626,0.92346,0.91448,2074,1928,0.9296,0.0867,0.0691,8.619,0.0772,0.9846,0.9
"1","homeless >=   1.0 & shelter_expenses_by_hh_size < 585.0 & unc_rawben_rel_max <   1.2","xgboost",872,0.93005,0.91447,449,416,0.9265,0.0187,0.019,1.866,0.0772,0.9846,0.9
"1","medical_deductions <    3 & shelter_expenses_by_hh_size < 1190 & utilities >=  992 & utilities < 1020","xgboost",162,0.95062,0.91447,52,44,0.8462,0.002,0.0049,0.216,0.0772,0.9846,0.9
"1","elderly_disabled_i >=   1 & months_since_cert_n <  22 & utilities >= 361 & utilities < 385","xgboost",1519,0.92627,0.91446,1049,941,0.897,0.0423,0.0542,4.359,0.0772,0.9846,0.9
"1","months_since_cert_n >=   10.00 & shelter_expenses_by_hh_size >= 1330.00 & shelter_expenses_by_hh_size < 1530.00 & unc_rawben_rel_max >=    1.09","xgboost",318,0.94025,0.91445,181,171,0.9448,0.0077,0.0068,0.752,0.0772,0.9846,0.9
"1","months_since_cert_n >= 23.000 & rawben_rel_max >=  0.192 & unc_rawben_rel_max <  1.700","xgboost",2810,0.92313,0.91445,1274,1161,0.9113,0.0522,0.0553,5.294,0.0772,0.9846,0.9
"1","cat_elig <=   0.5 & medical_deductions <= 146.0 & months_since_cert_n >   0.5 & total_deductions_by_hh_size >  42.5","ranger",2105,0.92447,0.91444,1078,1015,0.9416,0.0457,0.0297,4.48,0.0772,0.9846,0.9
"1","months_since_cert_n <   4.0000 & rawben_rel_max >=   0.0928 & total_deductions_by_hh_size < 749.0000 & utilities >= 886.0000","xgboost",220,0.94545,0.91443,152,144,0.9474,0.0065,0.004,0.632,0.0772,0.9846,0.9
"1","cat_elig >  1.500 & expedited_i >  0.500 & unc_rawben_rel_max >  0.991 & utilities > 32.000","ranger",599,0.93322,0.91442,40,36,0.9,0.0016,0.0022,0.166,0.0772,0.9846,0.9
"1","elderly_disabled_i >=   1.00 & total_deductions_by_hh_size < 803.00 & unc_rawben_rel_max >=   1.05 & unc_rawben_rel_max <   1.93","xgboost",2278,0.92406,0.91441,1072,978,0.9123,0.044,0.0651,4.455,0.0772,0.9846,0.9
"1","months_since_cert_n >=  29.00 & unc_rawben_rel_max >=  -0.14 & utilities >= 789.00","xgboost",413,0.93705,0.9144,216,205,0.9491,0.0092,0.0066,0.898,0.0772,0.9846,0.9
"1","cat_elig >=   3 & medical_deductions < 212","xgboost",304,0.94079,0.91439,0,0,NA,0,0,0,0.0772,0.9846,0.9
"1","count_divisible_by_100 >  0.5 & elderly_disabled_i <=  0.5 & homeless <=  0.5 & unc_rawben_rel_max > -2.2","ranger",755,0.93113,0.91437,399,358,0.8972,0.0161,0.0276,1.658,0.0772,0.9846,0.9
"1","homeless <=  0.5 & married <=  0.5 & months_since_cert_n > 27.5 & shelter_expenses_by_hh_size >  5.0","ranger",1730,0.92543,0.91437,712,657,0.9228,0.0296,0.0287,2.959,0.0772,0.9846,0.9
"1","months_since_cert_n >=   23 & shelter_expenses_by_hh_size >=  387 & shelter_expenses_by_hh_size < 1140","xgboost",2029,0.92459,0.91437,898,813,0.9053,0.0366,0.0421,3.732,0.0772,0.9846,0.9
"1","cat_elig <=    0.500 & elderly_disabled_i >    0.500 & rawben_rel_max >    0.993 & total_deductions_by_hh_size <= 1420.000","ranger",345,0.93913,0.91435,173,159,0.9191,0.0072,0.0105,0.719,0.0772,0.9846,0.9
"1","rawben_rel_max <   0.24 & shelter_expenses_by_hh_size < 572.00 & total_deductions_by_hh_size >=   4.40 & total_deductions_by_hh_size < 344.00","xgboost",1517,0.92617,0.91435,688,622,0.9041,0.028,0.0321,2.859,0.0772,0.9846,0.9
"1","shelter_expenses_by_hh_size >= 577 & shelter_expenses_by_hh_size < 777 & total_deductions_by_hh_size < 344 & utilities < 415","xgboost",1717,0.92545,0.91434,1009,939,0.9306,0.0422,0.028,4.193,0.0772,0.9846,0.9
"1","count_divisible_by_100 > 0.5 & percent_abawd > 0.5","ranger",248,0.94355,0.91431,138,122,0.8841,0.0055,0.0115,0.573,0.0772,0.9846,0.9
"1","medical_deductions >=  14 & medical_deductions < 110","xgboost",506,0.93478,0.91431,245,233,0.951,0.0105,0.0056,1.018,0.0772,0.9846,0.9
"1","medical_deductions >= 157 & months_since_cert_n >=   5 & months_since_cert_n <  31 & total_deductions_by_hh_size < 422","xgboost",248,0.94355,0.91431,100,95,0.95,0.0043,0.0021,0.416,0.0772,0.9846,0.9
"1","months_since_cert_n >=   4.0000 & months_since_cert_n <  28.0000 & rawben_rel_max >=   0.0928 & utilities >= 886.0000","xgboost",1353,0.92683,0.91431,1146,1069,0.9328,0.0481,0.0462,4.762,0.0772,0.9846,0.9
"1","cat_elig >=   2.00 & unc_rawben_rel_max >=   1.29 & utilities >= 819.00","xgboost",399,0.93734,0.91429,11,11,1,5e-04,0,0.046,0.0772,0.9846,0.9
"1","cat_elig <=  0.500 & unc_rawben_rel_max >  0.309 & unc_rawben_rel_max <=  2.610 & utilities > 65.000","ranger",1515,0.92607,0.91424,781,726,0.9296,0.0327,0.0259,3.246,0.0772,0.9846,0.9
"1","rawben_rel_max >=    0.592 & shelter_expenses_by_hh_size >= 1070.000 & unc_rawben_rel_max <    1.270 & utilities >=  886.000","xgboost",959,0.92909,0.91422,788,744,0.9442,0.0335,0.0262,3.275,0.0772,0.9846,0.9
"1","months_since_cert_n >=  10.00 & unc_rawben_rel_max >=   1.03 & utilities >= 322.00","xgboost",2149,0.92415,0.91421,1149,1057,0.9199,0.0476,0.0676,4.775,0.0772,0.9846,0.9
"1","rawben_rel_max <   0.312 & shelter_expenses_by_hh_size >= 678.000 & unc_rawben_rel_max <   0.399 & utilities < 417.000","xgboost",1162,0.92771,0.9142,635,603,0.9496,0.0271,0.0201,2.639,0.0772,0.9846,0.9
"1","married <=  0.5 & medical_deductions <=  4.5 & months_since_cert_n > 10.5 & utilities <= 12.5","ranger",2111,0.92421,0.91418,1113,1031,0.9263,0.0464,0.051,4.625,0.0772,0.9846,0.9
"1","count_divisible_by_100 <    1.00 & expedited_i >=    1.00 & shelter_expenses_by_hh_size < 1130.00 & unc_rawben_rel_max >=    1.46","xgboost",869,0.9298,0.91417,421,382,0.9074,0.0172,0.0324,1.75,0.0772,0.9846,0.9
"1","months_since_cert_n <   10 & shelter_expenses_by_hh_size < 1130 & total_deductions_by_hh_size < 1320 & utilities >=  956","xgboost",205,0.94634,0.91416,190,176,0.9263,0.0079,0.0093,0.79,0.0772,0.9846,0.9
"1","months_since_cert_n >= 25.000 & rawben_rel_max <  0.644","xgboost",1275,0.92706,0.91415,549,515,0.9381,0.0232,0.0136,2.282,0.0772,0.9846,0.9
"1","percent_abawd >  0.250 & rawben_rel_max >  0.836 & shelter_expenses_by_hh_size > 16.500","ranger",1601,0.92567,0.91415,783,732,0.9349,0.0329,0.0401,3.254,0.0772,0.9846,0.9
"1","elderly_disabled_i <= 0.500 & married > 0.500 & unc_rawben_rel_max > 0.485 & unc_rawben_rel_max <= 1.810","ranger",176,0.94886,0.91412,68,66,0.9706,0.003,0.0023,0.283,0.0772,0.9846,0.9
"1","cat_elig >   0.500 & shelter_expenses_by_hh_size > 716.000 & unc_rawben_rel_max <=   0.233 & utilities <=   5.000","ranger",116,0.9569,0.9141,59,53,0.8983,0.0024,0.0032,0.245,0.0772,0.9846,0.9
"1","children_i > 0.500 & married > 0.500 & unc_rawben_rel_max > 0.906","ranger",116,0.9569,0.9141,49,48,0.9796,0.0022,2e-04,0.204,0.0772,0.9846,0.9
"1","medical_deductions >= 99.0000 & rawben_rel_max <  0.3360 & total_deductions_by_hh_size >=  9.0000 & unc_rawben_rel_max >= -0.0344","xgboost",804,0.93035,0.91409,386,357,0.9249,0.0161,0.0105,1.604,0.0772,0.9846,0.9
"1","months_since_cert_n <  34.000 & rawben_rel_max >=   0.288 & rawben_rel_max <   0.304 & utilities < 784.000","xgboost",371,0.93801,0.91407,218,201,0.922,0.009,0.0069,0.906,0.0772,0.9846,0.9
"1","elderly_disabled_i >   0.5 & homeless >   0.5 & medical_deductions <=   3.0 & shelter_expenses_by_hh_size <= 706.0","ranger",557,0.93357,0.91403,266,244,0.9173,0.011,0.0131,1.105,0.0772,0.9846,0.9
"1","medical_deductions < 170 & total_deductions_by_hh_size < 683 & utilities >= 511 & utilities < 580","xgboost",1661,0.92535,0.91403,1466,1381,0.942,0.0621,0.0424,6.092,0.0772,0.9846,0.9
"1","months_since_cert_n <  18 & shelter_expenses_by_hh_size >= 730 & total_deductions_by_hh_size < 426 & utilities >= 643","xgboost",275,0.94182,0.91401,133,121,0.9098,0.0054,0.0061,0.553,0.0772,0.9846,0.9
"1","count_divisible_by_100 >=    1 & months_since_cert_n <   18 & shelter_expenses_by_hh_size < 1320","xgboost",1423,0.92621,0.91399,756,690,0.9127,0.031,0.0375,3.142,0.0772,0.9846,0.9
"1","homeless >  0.5 & shelter_expenses_by_hh_size > 24.0 & unc_rawben_rel_max >  1.0 & utilities >  9.5","ranger",451,0.9357,0.91398,211,203,0.9621,0.0091,0.0067,0.877,0.0772,0.9846,0.9
"1","expedited_i > 0.500 & rawben_rel_max > 0.991 & shelter_expenses_by_hh_size <= 5.500 & unc_rawben_rel_max > 1.290","ranger",84,0.96429,0.91395,23,21,0.913,9e-04,0.0019,0.096,0.0772,0.9846,0.9
"1","cat_elig <   2 & shelter_expenses_by_hh_size >= 363 & total_deductions_by_hh_size <  92 & utilities <  57","xgboost",464,0.93534,0.91393,360,341,0.9472,0.0153,0.0084,1.496,0.0772,0.9846,0.9
"1","medical_deductions >  0.50000 & rawben_rel_max <=  0.26600 & unc_rawben_rel_max > -0.00915","ranger",738,0.93089,0.91391,335,317,0.9463,0.0143,0.0081,1.392,0.0772,0.9846,0.9
"1","elderly_disabled_i <= 0.5 & expedited_i > 0.5 & married <= 0.5 & total_deductions_by_hh_size > 2.8","ranger",1931,0.92439,0.91389,918,846,0.9216,0.0381,0.0579,3.815,0.0772,0.9846,0.9
"1","married <   1.00 & total_deductions_by_hh_size >= 314.00 & total_deductions_by_hh_size < 372.00 & unc_rawben_rel_max >=   1.23","xgboost",190,0.94737,0.91389,103,89,0.8641,0.004,0.012,0.428,0.0772,0.9846,0.9
"1","homeless >    0.5 & utilities >  868.0 & utilities <= 1020.0","ranger",131,0.9542,0.91388,17,15,0.8824,7e-04,0.0013,0.071,0.0772,0.9846,0.9
"1","children_i <=   0.5 & homeless >   0.5 & utilities > 802.0","ranger",146,0.95205,0.91386,74,71,0.9595,0.0032,0.0021,0.308,0.0772,0.9846,0.9
"1","months_since_cert_n <   15.000 & rawben_rel_max <    0.433 & utilities >=  496.000 & utilities < 1020.000","xgboost",2337,0.92341,0.91386,1123,1033,0.9199,0.0465,0.0451,4.667,0.0772,0.9846,0.9
"1","cat_elig <= 1.50 & months_since_cert_n <= 5.50 & percent_abawd > 0.25 & total_deductions_by_hh_size > 7.80","ranger",993,0.9285,0.91385,778,719,0.9242,0.0323,0.0367,3.233,0.0772,0.9846,0.9
"1","homeless <=  0.5 & months_since_cert_n > 27.5 & shelter_expenses_by_hh_size >  5.0","ranger",1732,0.92494,0.91385,713,658,0.9229,0.0296,0.0287,2.963,0.0772,0.9846,0.9
"1","months_since_cert_n <   1.000 & rawben_rel_max <   0.572 & total_deductions_by_hh_size >= 130.000 & total_deductions_by_hh_size < 383.000","xgboost",370,0.93784,0.91384,196,178,0.9082,0.008,0.0086,0.815,0.0772,0.9846,0.9
"1","months_since_cert_n >=  25 & total_deductions_by_hh_size < 743","xgboost",1954,0.92426,0.91381,797,734,0.921,0.033,0.0309,3.312,0.0772,0.9846,0.9
"1","married <=   0.500 & percent_abawd >   0.750 & total_deductions_by_hh_size > 389.000 & unc_rawben_rel_max >   0.971","ranger",1207,0.92709,0.9138,573,532,0.9284,0.0239,0.0338,2.381,0.0772,0.9846,0.9
"1","rawben_rel_max <   0.546 & shelter_expenses_by_hh_size >= 642.000 & shelter_expenses_by_hh_size < 798.000 & utilities >=  47.000","xgboost",2040,0.92402,0.9138,1028,955,0.929,0.043,0.0332,4.272,0.0772,0.9846,0.9
"1","cat_elig <=  0.5 & elderly_disabled_i >  0.5 & homeless <=  0.5 & utilities <= 12.5","ranger",450,0.93556,0.91379,251,236,0.9402,0.0106,0.0078,1.043,0.0772,0.9846,0.9
"1","children_i <= 0.5 & count_divisible_by_100 > 0.5 & elderly_disabled_i <= 0.5","ranger",737,0.9308,0.91379,398,359,0.902,0.0162,0.0266,1.654,0.0772,0.9846,0.9
"1","count_divisible_by_100 <   1.000 & months_since_cert_n >=  24.000 & unc_rawben_rel_max <   0.883 & utilities >= 369.000","xgboost",1169,0.92729,0.91378,523,475,0.9082,0.0214,0.021,2.173,0.0772,0.9846,0.9
"1","months_since_cert_n <   1 & total_deductions_by_hh_size >= 130 & total_deductions_by_hh_size < 383","xgboost",516,0.93411,0.91378,271,250,0.9225,0.0112,0.0102,1.126,0.0772,0.9846,0.9
"1","medical_deductions <   9 & utilities >= 361 & utilities < 388","xgboost",2039,0.92398,0.91376,1131,1026,0.9072,0.0462,0.0527,4.7,0.0772,0.9846,0.9
"1","cat_elig <=   0.500 & expedited_i >   0.500 & rawben_rel_max >   0.991 & shelter_expenses_by_hh_size > 197.000","ranger",204,0.94608,0.91374,98,90,0.9184,0.004,0.0068,0.407,0.0772,0.9846,0.9
"1","cat_elig >=   2 & shelter_expenses_by_hh_size >= 777 & total_deductions_by_hh_size < 418 & utilities < 415","xgboost",204,0.94608,0.91374,35,34,0.9714,0.0015,5e-04,0.145,0.0772,0.9846,0.9
"1","expedited_i > 0.5 & months_since_cert_n <= 4.5 & percent_abawd <= 0.5 & utilities > 9.5","ranger",941,0.9288,0.91374,440,408,0.9273,0.0184,0.0231,1.829,0.0772,0.9846,0.9
"1","married <   1.000 & rawben_rel_max <   0.916 & utilities >= 284.000 & utilities < 334.000","xgboost",2088,0.92385,0.91374,637,599,0.9403,0.0269,0.0164,2.647,0.0772,0.9846,0.9
"1","medical_deductions < 220.000 & months_since_cert_n >=  18.000 & rawben_rel_max >=   0.288 & utilities >= 723.000","xgboost",1506,0.92563,0.91373,672,626,0.9315,0.0282,0.0254,2.793,0.0772,0.9846,0.9
"1","elderly_disabled_i <  1 & months_since_cert_n >= 21 & total_deductions_by_hh_size < 40","xgboost",67,0.97015,0.91372,23,22,0.9565,0.001,0.001,0.096,0.0772,0.9846,0.9
"1","married <= 0.500 & rawben_rel_max > 0.991 & rawben_rel_max <= 0.995","ranger",67,0.97015,0.91372,39,35,0.8974,0.0016,0.0021,0.162,0.0772,0.9846,0.9
"1","months_since_cert_n >=  29 & total_deductions_by_hh_size < 803 & utilities >= 560 & utilities < 819","xgboost",356,0.9382,0.91372,116,110,0.9483,0.0049,0.0029,0.482,0.0772,0.9846,0.9
"1","months_since_cert_n >=   3.000 & rawben_rel_max >=   0.756 & rawben_rel_max <   0.992 & utilities >= 757.000","xgboost",1067,0.92784,0.91369,633,575,0.9084,0.0259,0.0316,2.631,0.0772,0.9846,0.9
"1","months_since_cert_n >=  22.0 & months_since_cert_n <  35.0 & shelter_expenses_by_hh_size < 735.0 & total_deductions_by_hh_size >=  18.4","xgboost",1029,0.92809,0.91368,439,388,0.8838,0.0175,0.0242,1.824,0.0772,0.9846,0.9
"1","homeless > 0.500 & rawben_rel_max > 0.991 & shelter_expenses_by_hh_size > 9.500","ranger",489,0.93456,0.91367,227,219,0.9648,0.0099,0.0067,0.943,0.0772,0.9846,0.9
"1","elderly_disabled_i <    1.00 & shelter_expenses_by_hh_size < 1460.00 & total_deductions_by_hh_size < 1560.00 & unc_rawben_rel_max >=    1.64","xgboost",2012,0.92396,0.91366,936,867,0.9263,0.039,0.0581,3.89,0.0772,0.9846,0.9
"1","elderly_disabled_i >   0.5 & homeless >   0.5 & months_since_cert_n >   7.5 & shelter_expenses_by_hh_size <= 595.0","ranger",218,0.94495,0.91366,118,109,0.9237,0.0049,0.0039,0.49,0.0772,0.9846,0.9
"1","medical_deductions >= 135 & shelter_expenses_by_hh_size >= 585 & total_deductions_by_hh_size < 567 & utilities >=  32","xgboost",697,0.93113,0.91363,217,198,0.9124,0.0089,0.0063,0.902,0.0772,0.9846,0.9
"1","cat_elig >=   1 & elderly_disabled_i <   1 & utilities >= 612","xgboost",1367,0.92612,0.91362,812,744,0.9163,0.0335,0.0455,3.374,0.0772,0.9846,0.9
"1","cat_elig <  2.00 & months_since_cert_n >= 32.00 & months_since_cert_n < 35.00 & unc_rawben_rel_max <  1.16","xgboost",342,0.9386,0.91361,175,161,0.92,0.0072,0.0069,0.727,0.0772,0.9846,0.9
"1","cat_elig <   1 & months_since_cert_n <   4 & utilities >= 281","xgboost",658,0.93161,0.91359,330,314,0.9515,0.0141,0.0071,1.371,0.0772,0.9846,0.9
"1","months_since_cert_n >= 31.000 & rawben_rel_max <  0.887 & utilities >= 74.000","xgboost",619,0.93215,0.91357,229,218,0.952,0.0098,0.0049,0.952,0.0772,0.9846,0.9
"1","rawben_rel_max >=   0.598 & shelter_expenses_by_hh_size < 627.000 & total_deductions_by_hh_size >=   4.400 & utilities >= 452.000","xgboost",901,0.92897,0.91357,378,348,0.9206,0.0157,0.0183,1.571,0.0772,0.9846,0.9
"1","total_deductions_by_hh_size < 422.000 & unc_rawben_rel_max >=  -0.004 & utilities >= 426.000 & utilities < 450.000","xgboost",619,0.93215,0.91357,464,433,0.9332,0.0195,0.0104,1.928,0.0772,0.9846,0.9
"1","cat_elig <=  0.500 & medical_deductions > 72.500 & rawben_rel_max >  0.993 & unc_rawben_rel_max <=  2.450","ranger",49,0.97959,0.91355,26,25,0.9615,0.0011,9e-04,0.108,0.0772,0.9846,0.9
"1","cat_elig >   2.500 & homeless <=   0.500 & rawben_rel_max >   0.991 & total_deductions_by_hh_size > 172.000","ranger",49,0.97959,0.91355,0,0,NA,0,0,0,0.0772,0.9846,0.9
"1","count_divisible_by_100 > 0.500 & homeless > 0.500 & rawben_rel_max > 0.991","ranger",49,0.97959,0.91355,27,24,0.8889,0.0011,0.0019,0.112,0.0772,0.9846,0.9
"1","elderly_disabled_i > 0.500 & married <= 0.500 & rawben_rel_max <= 0.995 & unc_rawben_rel_max > 0.991","ranger",49,0.97959,0.91355,36,32,0.8889,0.0014,0.0021,0.15,0.0772,0.9846,0.9
"1","cat_elig <=   0.500 & rawben_rel_max >   0.993 & total_deductions_by_hh_size >  65.500 & utilities <= 476.000","ranger",422,0.93602,0.91351,257,241,0.9377,0.0108,0.012,1.068,0.0772,0.9846,0.9
"1","rawben_rel_max <    0.304 & shelter_expenses_by_hh_size >=   50.000 & shelter_expenses_by_hh_size < 1480.000 & total_deductions_by_hh_size >=  671.000","xgboost",422,0.93602,0.91351,199,186,0.9347,0.0084,0.009,0.827,0.0772,0.9846,0.9
"1","months_since_cert_n >=   30 & months_since_cert_n <   35 & shelter_expenses_by_hh_size < 1140","xgboost",760,0.93026,0.91349,290,267,0.9207,0.012,0.0126,1.205,0.0772,0.9846,0.9
"1","cat_elig <=  0.5 & expedited_i >  0.5 & total_deductions_by_hh_size > 58.5","ranger",287,0.94077,0.91347,141,130,0.922,0.0058,0.0083,0.586,0.0772,0.9846,0.9
"1","rawben_rel_max >=   0.364 & shelter_expenses_by_hh_size >=  50.000 & shelter_expenses_by_hh_size < 205.000 & unc_rawben_rel_max <   1.270","xgboost",501,0.93413,0.91347,268,253,0.944,0.0114,0.0087,1.114,0.0772,0.9846,0.9
"1","elderly_disabled_i >   0.5 & expedited_i >   0.5 & medical_deductions <= 132.0 & unc_rawben_rel_max >   1.0","ranger",849,0.92933,0.91345,445,405,0.9101,0.0182,0.0293,1.849,0.0772,0.9846,0.9
"1","cat_elig <   1 & medical_deductions < 179 & months_since_cert_n >=  17 & months_since_cert_n <  30","xgboost",395,0.93671,0.91343,184,173,0.9402,0.0078,0.006,0.765,0.0772,0.9846,0.9
"1","elderly_disabled_i <= 0.5 & expedited_i > 0.5 & total_deductions_by_hh_size > 2.8","ranger",1945,0.92391,0.91342,930,858,0.9226,0.0386,0.0579,3.865,0.0772,0.9846,0.9
"1","expedited_i >    0.5 & months_since_cert_n <=    5.5 & utilities >   26.0 & utilities <= 1020.0","ranger",1513,0.92531,0.91342,674,629,0.9332,0.0283,0.0328,2.801,0.0772,0.9846,0.9
"1","months_since_cert_n >=   23.00 & shelter_expenses_by_hh_size >= 1000.00 & unc_rawben_rel_max <    1.86","xgboost",1251,0.92646,0.91338,606,556,0.9175,0.025,0.028,2.518,0.0772,0.9846,0.9
"1","months_since_cert_n >=  22 & months_since_cert_n <  29 & total_deductions_by_hh_size < 786 & utilities >= 318","xgboost",1425,0.92561,0.91336,668,604,0.9042,0.0272,0.029,2.776,0.0772,0.9846,0.9
"1","homeless >  0.500 & medical_deductions <=  0.500 & rawben_rel_max >  0.991 & shelter_expenses_by_hh_size > 14.500","ranger",487,0.93429,0.91332,227,219,0.9648,0.0099,0.0067,0.943,0.0772,0.9846,0.9
"1","cat_elig <   1 & medical_deductions < 137 & shelter_expenses_by_hh_size >= 531 & total_deductions_by_hh_size < 879","xgboost",1461,0.92539,0.91328,761,718,0.9435,0.0323,0.0166,3.163,0.0772,0.9846,0.9
"1","children_i > 0.500 & married > 0.500 & rawben_rel_max > 0.503","ranger",145,0.95172,0.91328,57,56,0.9825,0.0025,2e-04,0.237,0.0772,0.9846,0.9
"1","count_divisible_by_100 <= 1.500 & elderly_disabled_i > 0.500 & expedited_i > 0.500 & rawben_rel_max > 0.991","ranger",898,0.92873,0.91328,465,424,0.9118,0.0191,0.0297,1.932,0.0772,0.9846,0.9
"1","elderly_disabled_i >  0.500 & expedited_i >  0.500 & months_since_cert_n <= 36.000 & rawben_rel_max >  0.991","ranger",898,0.92873,0.91328,466,425,0.912,0.0191,0.0297,1.937,0.0772,0.9846,0.9
"1","shelter_expenses_by_hh_size >= 697.000 & total_deductions_by_hh_size >= 393.000 & unc_rawben_rel_max <  -0.304 & utilities >= 417.000","xgboost",245,0.94286,0.91328,102,94,0.9216,0.0042,0.0066,0.424,0.0772,0.9846,0.9
"1","cat_elig <= 0.500 & elderly_disabled_i > 0.500 & months_since_cert_n <= 3.500 & rawben_rel_max <= 0.998","ranger",526,0.93346,0.91327,241,225,0.9336,0.0101,0.0065,1.002,0.0772,0.9846,0.9
"1","medical_deductions > 140.0 & total_deductions_by_hh_size >   7.8 & total_deductions_by_hh_size <= 504.0","ranger",578,0.93253,0.91327,263,246,0.9354,0.0111,0.0059,1.093,0.0772,0.9846,0.9
"1","count_divisible_by_100 <=  1.5 & expedited_i >  0.5 & months_since_cert_n <=  5.5 & total_deductions_by_hh_size > 47.8","ranger",1757,0.9243,0.91326,813,756,0.9299,0.034,0.0433,3.379,0.0772,0.9846,0.9
"1","count_divisible_by_100 >   0.5 & homeless <=   0.5 & total_deductions_by_hh_size >   2.8 & total_deductions_by_hh_size <= 925.0","ranger",1386,0.92569,0.91325,752,682,0.9069,0.0307,0.0403,3.125,0.0772,0.9846,0.9
"1","months_since_cert_n <   4.000 & shelter_expenses_by_hh_size >= 572.000 & unc_rawben_rel_max <   0.478","xgboost",1941,0.92375,0.91324,933,862,0.9239,0.0388,0.0329,3.877,0.0772,0.9846,0.9
"1","shelter_expenses_by_hh_size >= 1000 & total_deductions_by_hh_size >=  918 & total_deductions_by_hh_size < 1270 & utilities >=  875","xgboost",681,0.93098,0.91324,515,481,0.934,0.0216,0.022,2.14,0.0772,0.9846,0.9
"1","cat_elig > 0.500 & children_i > 0.500 & married > 0.500 & rawben_rel_max > 0.582","ranger",130,0.95385,0.91323,48,47,0.9792,0.0021,2e-04,0.199,0.0772,0.9846,0.9
"1","medical_deductions >= 135 & total_deductions_by_hh_size >= 159 & total_deductions_by_hh_size < 430","xgboost",668,0.93114,0.91322,249,234,0.9398,0.0105,0.0053,1.035,0.0772,0.9846,0.9
"1","medical_deductions <= 631.00 & shelter_expenses_by_hh_size <=   5.50 & unc_rawben_rel_max <=   1.02","ranger",2087,0.92333,0.9132,1022,959,0.9384,0.0431,0.0388,4.247,0.0772,0.9846,0.9
"1","elderly_disabled_i <=  0.5 & expedited_i >  0.5 & married <=  0.5 & shelter_expenses_by_hh_size > 12.5","ranger",1694,0.92444,0.91319,822,755,0.9185,0.034,0.0526,3.416,0.0772,0.9846,0.9
"1","months_since_cert_n >= 28 & months_since_cert_n < 35","xgboost",1546,0.92497,0.91319,619,571,0.9225,0.0257,0.0248,2.572,0.0772,0.9846,0.9
"1","medical_deductions < 78.000 & months_since_cert_n >= 35.000 & rawben_rel_max <  0.766","xgboost",174,0.94828,0.91316,77,71,0.9221,0.0032,0.0034,0.32,0.0772,0.9846,0.9
"1","shelter_expenses_by_hh_size < 1440.000 & total_deductions_by_hh_size >=  372.000 & unc_rawben_rel_max <   -0.304","xgboost",407,0.93612,0.91316,175,160,0.9143,0.0072,0.0155,0.727,0.0772,0.9846,0.9
"1","cat_elig < 1.000 & rawben_rel_max < 0.711 & unc_rawben_rel_max >= 0.000","xgboost",1570,0.92484,0.91315,820,771,0.9402,0.0347,0.0184,3.408,0.0772,0.9846,0.9
"1","months_since_cert_n <    1 & shelter_expenses_by_hh_size >=  277 & shelter_expenses_by_hh_size < 1860","xgboost",1828,0.92396,0.91312,887,811,0.9143,0.0365,0.0397,3.686,0.0772,0.9846,0.9
"1","cat_elig <= 1.500 & months_since_cert_n <= 0.500 & rawben_rel_max <= 0.555 & total_deductions_by_hh_size > 8.900","ranger",525,0.93333,0.91311,352,322,0.9148,0.0145,0.0157,1.463,0.0772,0.9846,0.9
"1","cat_elig <=  2.50000 & medical_deductions >  0.50000 & rawben_rel_max <=  0.26600 & unc_rawben_rel_max > -0.00915","ranger",731,0.93023,0.91309,335,317,0.9463,0.0143,0.0081,1.392,0.0772,0.9846,0.9
"1","months_since_cert_n >=    2 & shelter_expenses_by_hh_size >= 1170 & total_deductions_by_hh_size >=  657 & utilities >=  850","xgboost",1815,0.92397,0.91309,1243,1157,0.9308,0.0521,0.0477,5.166,0.0772,0.9846,0.9
"1","months_since_cert_n >=   4 & months_since_cert_n <  10 & shelter_expenses_by_hh_size < 681 & utilities >= 551","xgboost",380,0.93684,0.91307,210,196,0.9333,0.0088,0.0075,0.873,0.0772,0.9846,0.9
"1","cat_elig <  2 & months_since_cert_n >=  9 & months_since_cert_n < 10","xgboost",1630,0.92454,0.91306,1134,1044,0.9206,0.047,0.0536,4.713,0.0772,0.9846,0.9
"1","elderly_disabled_i >=   1 & shelter_expenses_by_hh_size >=  29 & shelter_expenses_by_hh_size < 300","xgboost",1642,0.92448,0.91304,760,717,0.9434,0.0323,0.0213,3.158,0.0772,0.9846,0.9
"1","months_since_cert_n >=  25 & shelter_expenses_by_hh_size >= 360 & utilities >= 288","xgboost",2046,0.92326,0.91302,895,828,0.9251,0.0373,0.0323,3.719,0.0772,0.9846,0.9
"1","rawben_rel_max >   0.993 & total_deductions_by_hh_size >  55.500 & total_deductions_by_hh_size <= 491.000 & utilities <= 452.000","ranger",1370,0.92555,0.91302,664,611,0.9202,0.0275,0.0438,2.759,0.0772,0.9846,0.9
"1","cat_elig <=  0.500 & count_divisible_by_100 <=  0.500 & rawben_rel_max <=  0.541 & shelter_expenses_by_hh_size <= 13.000","ranger",99,0.9596,0.913,70,68,0.9714,0.0031,0.0013,0.291,0.0772,0.9846,0.9
"1","count_divisible_by_100 >   0.5000 & elderly_disabled_i >   0.5000 & rawben_rel_max <=   0.0887 & total_deductions_by_hh_size <= 300.0000","ranger",99,0.9596,0.913,62,61,0.9839,0.0027,0.001,0.258,0.0772,0.9846,0.9
"1","count_divisible_by_100 >=    1.00 & months_since_cert_n >=    5.00 & shelter_expenses_by_hh_size < 1130.00 & unc_rawben_rel_max >=    1.46","xgboost",99,0.9596,0.913,60,54,0.9,0.0024,0.0054,0.249,0.0772,0.9846,0.9
"1","medical_deductions < 177.0 & percent_abawd >=   0.5 & utilities >= 789.0","xgboost",258,0.94186,0.913,204,189,0.9265,0.0085,0.0104,0.848,0.0772,0.9846,0.9
"1","children_i <=  0.50 & elderly_disabled_i >  0.50 & months_since_cert_n > 35.50 & percent_abawd <=  0.25","ranger",188,0.94681,0.91299,99,93,0.9394,0.0042,0.004,0.411,0.0772,0.9846,0.9
"1","months_since_cert_n >=    9.00 & rawben_rel_max <    0.99 & shelter_expenses_by_hh_size >= 1060.00 & utilities >=  819.00","xgboost",781,0.92958,0.91299,519,479,0.9229,0.0215,0.0192,2.157,0.0772,0.9846,0.9
"1","medical_deductions <   23 & months_since_cert_n <    1 & shelter_expenses_by_hh_size < 1860 & total_deductions_by_hh_size >=  490","xgboost",819,0.92918,0.91298,411,376,0.9148,0.0169,0.0195,1.708,0.0772,0.9846,0.9
"1","months_since_cert_n >=  31 & total_deductions_by_hh_size < 918","xgboost",983,0.92777,0.91298,365,343,0.9397,0.0154,0.0129,1.517,0.0772,0.9846,0.9
"1","medical_deductions >=  139 & medical_deductions <  366 & shelter_expenses_by_hh_size < 1750 & total_deductions_by_hh_size <  519","xgboost",882,0.92857,0.91296,291,269,0.9244,0.0121,0.0077,1.209,0.0772,0.9846,0.9
"1","rawben_rel_max >=   0.268 & rawben_rel_max <   0.304 & total_deductions_by_hh_size < 221.000 & unc_rawben_rel_max <   0.352","xgboost",511,0.93346,0.91295,370,352,0.9514,0.0158,0.0085,1.538,0.0772,0.9846,0.9
"1","cat_elig <    1.000 & rawben_rel_max >=    0.485 & shelter_expenses_by_hh_size < 1040.000 & total_deductions_by_hh_size >=  404.000","xgboost",653,0.93109,0.91294,326,294,0.9018,0.0132,0.0156,1.355,0.0772,0.9846,0.9
"1","elderly_disabled_i <   1 & total_deductions_by_hh_size < 803 & utilities >= 534","xgboost",1701,0.92416,0.91292,931,869,0.9334,0.0391,0.0435,3.869,0.0772,0.9846,0.9
"1","cat_elig <   1 & expedited_i >=   1 & total_deductions_by_hh_size >= 422","xgboost",202,0.94554,0.91291,103,95,0.9223,0.0043,0.0061,0.428,0.0772,0.9846,0.9
"1","cat_elig <=   0.5 & medical_deductions <= 146.0 & months_since_cert_n <=   0.5 & total_deductions_by_hh_size >  42.5","ranger",202,0.94554,0.91291,95,87,0.9158,0.0039,0.0026,0.395,0.0772,0.9846,0.9
"1","months_since_cert_n <   3 & shelter_expenses_by_hh_size >= 672 & utilities >= 844 & utilities < 875","xgboost",159,0.94969,0.9129,91,83,0.9121,0.0037,0.005,0.378,0.0772,0.9846,0.9
"1","count_divisible_by_100 > 0.5 & elderly_disabled_i <= 0.5 & expedited_i > 0.5","ranger",230,0.94348,0.91289,106,97,0.9151,0.0044,0.0074,0.441,0.0772,0.9846,0.9
"1","rawben_rel_max >=   0.916 & shelter_expenses_by_hh_size >= 483.000 & utilities >= 452.000 & utilities < 505.000","xgboost",1107,0.92683,0.91289,289,256,0.8858,0.0115,0.0229,1.201,0.0772,0.9846,0.9
"1","months_since_cert_n <    1 & shelter_expenses_by_hh_size >=  277 & shelter_expenses_by_hh_size < 1860 & total_deductions_by_hh_size <  675","xgboost",1404,0.92521,0.91283,664,612,0.9217,0.0275,0.0261,2.759,0.0772,0.9846,0.9
"1","months_since_cert_n >= 28","xgboost",1883,0.92353,0.91283,766,709,0.9256,0.0319,0.0306,3.183,0.0772,0.9846,0.9
"1","homeless >  0.5 & months_since_cert_n >  5.5 & months_since_cert_n <= 32.5","ranger",1243,0.92599,0.91282,609,563,0.9245,0.0253,0.0299,2.531,0.0772,0.9846,0.9
"1","medical_deductions <    5 & shelter_expenses_by_hh_size >= 1150 & shelter_expenses_by_hh_size < 1280","xgboost",2078,0.923,0.91282,1129,1028,0.9105,0.0462,0.0537,4.692,0.0772,0.9846,0.9
"1","cat_elig <=    0.5 & elderly_disabled_i <=    0.5 & total_deductions_by_hh_size <= 2090.0 & utilities >    7.5","ranger",523,0.93308,0.91278,272,258,0.9485,0.0116,0.0068,1.13,0.0772,0.9846,0.9
"1","cat_elig <=   0.5 & elderly_disabled_i <=   0.5 & medical_deductions <= 105.0 & utilities > 279.0","ranger",392,0.93622,0.91278,220,209,0.95,0.0094,0.0053,0.914,0.0772,0.9846,0.9
"1","children_i <= 0.5 & elderly_disabled_i <= 0.5 & expedited_i > 0.5 & months_since_cert_n > 7.5","ranger",817,0.92901,0.91277,421,381,0.905,0.0171,0.034,1.75,0.0772,0.9846,0.9
"1","married <  1.000 & months_since_cert_n >= 28.000 & total_deductions_by_hh_size < 22.400 & unc_rawben_rel_max >= -0.904","xgboost",271,0.94096,0.91276,121,117,0.9669,0.0053,0.0025,0.503,0.0772,0.9846,0.9
"1","medical_deductions < 260.000 & months_since_cert_n <   3.000 & unc_rawben_rel_max <   0.512 & utilities < 376.000","xgboost",1759,0.92382,0.91275,833,765,0.9184,0.0344,0.0339,3.462,0.0772,0.9846,0.9
"1","percent_abawd >= 0.50 & unc_rawben_rel_max >= 1.29","xgboost",1192,0.92617,0.91273,581,539,0.9277,0.0242,0.0339,2.414,0.0772,0.9846,0.9
"1","rawben_rel_max >=   0.4 & shelter_expenses_by_hh_size < 798.0 & total_deductions_by_hh_size < 340.0 & utilities >= 424.0","xgboost",1353,0.92535,0.91273,732,688,0.9399,0.031,0.0171,3.042,0.0772,0.9846,0.9
"1","homeless <    1 & medical_deductions <  599 & months_since_cert_n >=   26 & shelter_expenses_by_hh_size < 1400","xgboost",2063,0.92293,0.9127,859,796,0.9267,0.0358,0.034,3.57,0.0772,0.9846,0.9
"1","cat_elig <  1 & elderly_disabled_i >=  1 & utilities < 52","xgboost",587,0.93186,0.91269,305,286,0.9377,0.0129,0.0095,1.268,0.0772,0.9846,0.9
"1","months_since_cert_n <  24.000 & rawben_rel_max >=   0.924 & utilities >= 494.000 & utilities < 559.000","xgboost",753,0.92961,0.91269,434,405,0.9332,0.0182,0.0205,1.804,0.0772,0.9846,0.9
"1","count_divisible_by_100 >=   1 & married <   1 & shelter_expenses_by_hh_size < 925","xgboost",1241,0.92587,0.91268,654,606,0.9266,0.0273,0.0278,2.718,0.0772,0.9846,0.9
"1","children_i > 0.5 & months_since_cert_n > 3.5 & months_since_cert_n <= 5.5","ranger",173,0.94798,0.91267,67,61,0.9104,0.0027,0.0048,0.278,0.0772,0.9846,0.9
"1","married <=   0.5 & medical_deductions > 140.0 & total_deductions_by_hh_size >   7.8 & total_deductions_by_hh_size <= 504.0","ranger",574,0.93206,0.91267,263,246,0.9354,0.0111,0.0059,1.093,0.0772,0.9846,0.9
"1","children_i <   1 & months_since_cert_n >=  25 & shelter_expenses_by_hh_size >= 300 & total_deductions_by_hh_size <   9","xgboost",114,0.95614,0.91264,62,61,0.9839,0.0027,3e-04,0.258,0.0772,0.9846,0.9
"1","rawben_rel_max >=   0.568 & unc_rawben_rel_max >=   1.250 & utilities >= 559.000 & utilities < 875.000","xgboost",2025,0.92296,0.91264,929,869,0.9354,0.0391,0.0457,3.861,0.0772,0.9846,0.9
"1","expedited_i >  0.5 & months_since_cert_n <=  5.5 & utilities > 32.0","ranger",1487,0.92468,0.91263,685,642,0.9372,0.0289,0.0313,2.847,0.0772,0.9846,0.9
"1","medical_deductions < 104 & months_since_cert_n >=  27 & shelter_expenses_by_hh_size >= 841","xgboost",979,0.92748,0.91263,416,382,0.9183,0.0172,0.0176,1.729,0.0772,0.9846,0.9
"1","months_since_cert_n >=  25 & shelter_expenses_by_hh_size >= 884","xgboost",1302,0.9255,0.91263,569,529,0.9297,0.0238,0.0215,2.365,0.0772,0.9846,0.9
"1","cat_elig >=    1 & months_since_cert_n >=   27 & shelter_expenses_by_hh_size < 1800","xgboost",1988,0.92304,0.91262,803,740,0.9215,0.0333,0.0334,3.337,0.0772,0.9846,0.9
"1","homeless <=   0.5 & months_since_cert_n >  21.5 & shelter_expenses_by_hh_size > 930.0 & utilities >   5.0","ranger",1634,0.92411,0.91262,805,741,0.9205,0.0333,0.0349,3.345,0.0772,0.9846,0.9
"1","children_i <= 0.5 & count_divisible_by_100 > 0.5 & count_divisible_by_100 <= 1.5 & elderly_disabled_i <= 0.5","ranger",676,0.93047,0.91261,365,334,0.9151,0.015,0.0206,1.517,0.0772,0.9846,0.9
"1","elderly_disabled_i <=  0.5 & expedited_i >  0.5 & shelter_expenses_by_hh_size > 14.5","ranger",1707,0.92384,0.9126,833,766,0.9196,0.0345,0.0526,3.462,0.0772,0.9846,0.9
"1","shelter_expenses_by_hh_size >= 672 & utilities >= 844 & utilities < 875","xgboost",1153,0.92628,0.9126,649,604,0.9307,0.0272,0.0285,2.697,0.0772,0.9846,0.9
"1","children_i >= 1.000 & married >= 1.000 & rawben_rel_max >= 0.752 & unc_rawben_rel_max < 1.990","xgboost",129,0.95349,0.91258,53,52,0.9811,0.0023,2e-04,0.22,0.0772,0.9846,0.9
"1","months_since_cert_n >=   22 & months_since_cert_n <   30 & total_deductions_by_hh_size < 1080 & utilities <  676","xgboost",1780,0.9236,0.91258,866,778,0.8984,0.035,0.0412,3.599,0.0772,0.9846,0.9
"1","cat_elig <   1.00 & months_since_cert_n <   9.00 & shelter_expenses_by_hh_size >= 805.00 & unc_rawben_rel_max <   1.86","xgboost",663,0.93062,0.91257,288,276,0.9583,0.0124,0.0052,1.197,0.0772,0.9846,0.9
"1","cat_elig >=   2 & months_since_cert_n <   4 & utilities >= 475","xgboost",1338,0.92526,0.91256,34,34,1,0.0015,0,0.141,0.0772,0.9846,0.9
"1","rawben_rel_max >=   0.620 & unc_rawben_rel_max >=  -0.004 & unc_rawben_rel_max <   1.480 & utilities >= 912.000","xgboost",1053,0.92688,0.91256,1072,1018,0.9496,0.0458,0.0342,4.455,0.0772,0.9846,0.9
"1","count_divisible_by_100 >   0.5 & months_since_cert_n <=  10.5 & shelter_expenses_by_hh_size > 125.0 & utilities <=  14.5","ranger",187,0.94652,0.91254,113,103,0.9115,0.0046,0.0056,0.47,0.0772,0.9846,0.9
"1","expedited_i >  0.5 & months_since_cert_n <=  5.5 & total_deductions_by_hh_size > 47.8","ranger",1767,0.9236,0.91254,819,760,0.928,0.0342,0.0445,3.404,0.0772,0.9846,0.9
"1","children_i <   1 & months_since_cert_n >=  35 & utilities >= 361","xgboost",229,0.94323,0.91252,112,108,0.9643,0.0049,0.003,0.465,0.0772,0.9846,0.9
"1","months_since_cert_n <    1.000 & rawben_rel_max <    0.476 & shelter_expenses_by_hh_size < 1510.000 & total_deductions_by_hh_size >=   50.000","xgboost",573,0.93194,0.91252,281,259,0.9217,0.0117,0.0123,1.168,0.0772,0.9846,0.9
"1","cat_elig <   1.000 & rawben_rel_max <   0.859 & shelter_expenses_by_hh_size >= 874.000","xgboost",560,0.93214,0.9125,288,273,0.9479,0.0123,0.0053,1.197,0.0772,0.9846,0.9
"1","elderly_disabled_i <=   0.500 & months_since_cert_n >  11.500 & rawben_rel_max >   0.823 & shelter_expenses_by_hh_size <= 843.000","ranger",417,0.93525,0.91249,183,169,0.9235,0.0076,0.0129,0.761,0.0772,0.9846,0.9
"1","expedited_i >   0.500 & rawben_rel_max >   0.087 & total_deductions_by_hh_size >   2.800 & utilities > 420.000","ranger",1607,0.92408,0.91249,801,740,0.9238,0.0333,0.0391,3.329,0.0772,0.9846,0.9
"1","cat_elig <=  0.5 & expedited_i <=  0.5 & months_since_cert_n <=  5.5 & total_deductions_by_hh_size > 47.8","ranger",1077,0.92665,0.91248,523,493,0.9426,0.0222,0.0107,2.173,0.0772,0.9846,0.9
"1","count_divisible_by_100 <=  1.5 & months_since_cert_n > 32.5 & shelter_expenses_by_hh_size > 14.5","ranger",675,0.93037,0.91248,261,248,0.9502,0.0112,0.0081,1.085,0.0772,0.9846,0.9
"1","children_i >=   1 & married >=   1 & shelter_expenses_by_hh_size < 935 & utilities >= 369","xgboost",66,0.9697,0.91247,37,36,0.973,0.0016,7e-04,0.154,0.0772,0.9846,0.9
"1","cat_elig <   1.0 & percent_abawd <   0.5 & shelter_expenses_by_hh_size < 963.0 & utilities >= 424.0","xgboost",456,0.93421,0.91244,288,262,0.9097,0.0118,0.0117,1.197,0.0772,0.9846,0.9
"1","months_since_cert_n >=  29 & utilities >= 369 & utilities < 723","xgboost",456,0.93421,0.91244,241,220,0.9129,0.0099,0.0109,1.002,0.0772,0.9846,0.9
"1","cat_elig <  2 & months_since_cert_n <  1 & shelter_expenses_by_hh_size >= 29","xgboost",1459,0.92461,0.91243,946,863,0.9123,0.0388,0.0452,3.931,0.0772,0.9846,0.9
"1","months_since_cert_n >=  22.000 & months_since_cert_n <  30.000 & shelter_expenses_by_hh_size >= 600.000 & unc_rawben_rel_max <   0.302","xgboost",297,0.93939,0.91241,130,123,0.9462,0.0055,0.0038,0.54,0.0772,0.9846,0.9
"1","medical_deductions <= 146.000 & months_since_cert_n >  31.500 & rawben_rel_max <=   0.991 & total_deductions_by_hh_size <= 714.000","ranger",585,0.93162,0.9124,210,195,0.9286,0.0088,0.0077,0.873,0.0772,0.9846,0.9
"1","elderly_disabled_i >    0.5 & months_since_cert_n <=    0.5 & shelter_expenses_by_hh_size <= 1840.0","ranger",1495,0.92441,0.91239,732,669,0.9139,0.0301,0.0324,3.042,0.0772,0.9846,0.9
"1","cat_elig >=   2 & months_since_cert_n <   4 & total_deductions_by_hh_size >= 645 & utilities >= 475","xgboost",876,0.92808,0.91237,19,19,1,9e-04,0,0.079,0.0772,0.9846,0.9
"1","months_since_cert_n <  11.00 & shelter_expenses_by_hh_size >= 983.00 & unc_rawben_rel_max >=   1.27","xgboost",1836,0.9232,0.91235,1095,1000,0.9132,0.045,0.0772,4.551,0.0772,0.9846,0.9
"1","children_i <=   0.500 & medical_deductions <= 366.000 & rawben_rel_max <=   0.941 & shelter_expenses_by_hh_size <=  14.000","ranger",1884,0.92304,0.91232,916,854,0.9323,0.0384,0.0384,3.807,0.0772,0.9846,0.9
"1","months_since_cert_n >=   2 & shelter_expenses_by_hh_size >= 764 & shelter_expenses_by_hh_size < 793 & total_deductions_by_hh_size < 775","xgboost",963,0.92731,0.91232,347,319,0.9193,0.0144,0.0124,1.442,0.0772,0.9846,0.9
"1","elderly_disabled_i >  0.500 & months_since_cert_n > 25.500 & rawben_rel_max <=  0.273 & utilities > 30.500","ranger",403,0.93548,0.91231,167,160,0.9581,0.0072,0.003,0.694,0.0772,0.9846,0.9
"1","rawben_rel_max >=   0.959 & utilities >= 596.000 & utilities < 714.000","xgboost",1050,0.92667,0.91231,543,496,0.9134,0.0223,0.0304,2.257,0.0772,0.9846,0.9
"1","medical_deductions > 146.0 & percent_abawd <=   0.5 & total_deductions_by_hh_size <= 505.0","ranger",520,0.93269,0.91229,232,216,0.931,0.0097,0.0056,0.964,0.0772,0.9846,0.9
"1","cat_elig <  1 & children_i <  1 & months_since_cert_n >= 20","xgboost",310,0.93871,0.91228,155,144,0.929,0.0065,0.0058,0.644,0.0772,0.9846,0.9
"1","medical_deductions < 139 & total_deductions_by_hh_size >= 170 & total_deductions_by_hh_size < 205 & utilities >=  41","xgboost",850,0.92824,0.91227,462,438,0.9481,0.0197,0.0102,1.92,0.0772,0.9846,0.9
"1","months_since_cert_n >= 19 & months_since_cert_n < 35 & utilities < 48","xgboost",950,0.92737,0.91227,440,401,0.9114,0.018,0.0215,1.829,0.0772,0.9846,0.9
"1","elderly_disabled_i > 0.500 & expedited_i > 0.500 & rawben_rel_max > 0.991","ranger",900,0.92778,0.91226,466,425,0.912,0.0191,0.0297,1.937,0.0772,0.9846,0.9
"1","homeless >= 1 & months_since_cert_n >= 6","xgboost",1259,0.92534,0.91222,615,569,0.9252,0.0256,0.0299,2.556,0.0772,0.9846,0.9
"1","months_since_cert_n <  12.000 & rawben_rel_max <   0.388 & shelter_expenses_by_hh_size >= 863.000 & unc_rawben_rel_max <  -0.347","xgboost",363,0.93664,0.91221,178,170,0.9551,0.0076,0.0063,0.74,0.0772,0.9846,0.9
"1","shelter_expenses_by_hh_size >= 1040.000 & unc_rawben_rel_max <   -0.004 & utilities <  600.000","xgboost",363,0.93664,0.91221,172,164,0.9535,0.0074,0.0073,0.715,0.0772,0.9846,0.9
"1","elderly_disabled_i <=    0.5 & married >    0.5 & total_deductions_by_hh_size >  273.0 & total_deductions_by_hh_size <= 1120.0","ranger",172,0.94767,0.91217,69,67,0.971,0.003,0.001,0.287,0.0772,0.9846,0.9
"1","months_since_cert_n >=   39 & shelter_expenses_by_hh_size < 1860 & utilities <  875","xgboost",98,0.95918,0.91214,45,41,0.9111,0.0018,0.0028,0.187,0.0772,0.9846,0.9
"1","count_divisible_by_100 <   1 & shelter_expenses_by_hh_size >= 205 & shelter_expenses_by_hh_size < 322","xgboost",1588,0.9238,0.91212,795,751,0.9447,0.0338,0.0232,3.304,0.0772,0.9846,0.9
"1","cat_elig <   1 & months_since_cert_n >=  22 & utilities < 322","xgboost",143,0.95105,0.9121,97,92,0.9485,0.0041,0.0023,0.403,0.0772,0.9846,0.9
"1","children_i >    0.5 & married >    0.5 & utilities >   44.5 & utilities <= 1010.0","ranger",143,0.95105,0.9121,56,54,0.9643,0.0024,0.001,0.233,0.0772,0.9846,0.9
"1","medical_deductions >=  16 & medical_deductions < 117 & total_deductions_by_hh_size < 310 & utilities < 334","xgboost",143,0.95105,0.9121,39,39,1,0.0018,0,0.162,0.0772,0.9846,0.9
"1","cat_elig >  0.500 & expedited_i <=  0.500 & rawben_rel_max <=  0.978 & shelter_expenses_by_hh_size <= 16.500","ranger",1636,0.92359,0.91208,787,738,0.9377,0.0332,0.0281,3.271,0.0772,0.9846,0.9
"1","homeless >  0.500 & unc_rawben_rel_max >  0.993 & utilities > 32.000","ranger",441,0.93424,0.91206,203,197,0.9704,0.0089,0.0052,0.844,0.0772,0.9846,0.9
"1","children_i <=  0.5 & homeless >  0.5 & medical_deductions <= 23.5 & months_since_cert_n >  5.5","ranger",1232,0.92532,0.91205,603,559,0.927,0.0251,0.0284,2.506,0.0772,0.9846,0.9
"1","months_since_cert_n >=  22 & months_since_cert_n <  36 & utilities >= 600","xgboost",1550,0.92387,0.91204,733,689,0.94,0.031,0.023,3.046,0.0772,0.9846,0.9
"1","cat_elig <  2.000 & months_since_cert_n >= 26.000 & rawben_rel_max <  0.911","xgboost",1133,0.92586,0.91202,667,619,0.928,0.0278,0.0212,2.772,0.0772,0.9846,0.9
"1","count_divisible_by_100 > 0.50 & total_deductions_by_hh_size > 2.80 & unc_rawben_rel_max <= 1.81","ranger",1513,0.92399,0.91201,822,748,0.91,0.0337,0.0407,3.416,0.0772,0.9846,0.9
"1","cat_elig <=  0.5 & months_since_cert_n > 19.5 & percent_abawd <=  0.5","ranger",309,0.93851,0.912,155,144,0.929,0.0065,0.0058,0.644,0.0772,0.9846,0.9
"1","months_since_cert_n >= 27.000 & rawben_rel_max <  0.896","xgboost",1415,0.92438,0.91199,583,543,0.9314,0.0244,0.0178,2.423,0.0772,0.9846,0.9
"1","cat_elig >=   2 & months_since_cert_n <  34 & utilities >= 430 & utilities < 585","xgboost",1731,0.92317,0.91196,49,44,0.898,0.002,0.0022,0.204,0.0772,0.9846,0.9
"1","medical_deductions <= 155.000 & percent_abawd >   0.250 & rawben_rel_max >   0.843 & utilities >  14.500","ranger",1390,0.92446,0.91196,686,643,0.9373,0.0289,0.0354,2.851,0.0772,0.9846,0.9
"1","months_since_cert_n >   27.5 & shelter_expenses_by_hh_size >  400.0 & shelter_expenses_by_hh_size <= 2420.0 & total_deductions_by_hh_size >    7.8","ranger",1512,0.92394,0.91195,626,578,0.9233,0.026,0.0252,2.602,0.0772,0.9846,0.9
"1","months_since_cert_n > 27.5 & shelter_expenses_by_hh_size >  5.0","ranger",1755,0.92308,0.91195,716,661,0.9232,0.0297,0.0287,2.976,0.0772,0.9846,0.9
"1","shelter_expenses_by_hh_size >=  906.00 & unc_rawben_rel_max <    2.52 & utilities >=  912.00 & utilities < 1010.00","xgboost",1021,0.92654,0.91195,949,888,0.9357,0.0399,0.0375,3.944,0.0772,0.9846,0.9
"1","total_deductions_by_hh_size < 1780.00 & unc_rawben_rel_max <    1.24 & utilities >=  886.00","xgboost",1536,0.92383,0.91193,1160,1076,0.9276,0.0484,0.048,4.821,0.0772,0.9846,0.9
"1","months_since_cert_n <    2.00 & rawben_rel_max <    0.68 & shelter_expenses_by_hh_size <  723.00 & total_deductions_by_hh_size < 1560.00","xgboost",1621,0.9235,0.91192,772,712,0.9223,0.032,0.0302,3.208,0.0772,0.9846,0.9
"1","months_since_cert_n >=   3.000 & rawben_rel_max <   0.376 & total_deductions_by_hh_size >= 104.000 & utilities < 277.000","xgboost",1033,0.92643,0.91192,504,459,0.9107,0.0206,0.0264,2.095,0.0772,0.9846,0.9
"1","rawben_rel_max <   0.24 & shelter_expenses_by_hh_size >= 382.00 & shelter_expenses_by_hh_size < 400.00 & total_deductions_by_hh_size < 117.00","xgboost",128,0.95312,0.91192,78,70,0.8974,0.0031,0.0033,0.324,0.0772,0.9846,0.9
"1","children_i <  1.00 & months_since_cert_n >= 14.00 & rawben_rel_max >=  0.24 & total_deductions_by_hh_size < 47.00","xgboost",834,0.92806,0.91191,405,382,0.9432,0.0172,0.0134,1.683,0.0772,0.9846,0.9
"1","medical_deductions <  110.0000 & rawben_rel_max >=    0.0928 & rawben_rel_max <    0.1320 & shelter_expenses_by_hh_size < 1430.0000","xgboost",388,0.93557,0.9119,220,208,0.9455,0.0094,0.0064,0.914,0.0772,0.9846,0.9
"1","months_since_cert_n >=  16.00 & total_deductions_by_hh_size >= 386.00 & unc_rawben_rel_max >=   1.46 & utilities >= 852.00","xgboost",113,0.95575,0.91189,90,86,0.9556,0.0039,0.0037,0.374,0.0772,0.9846,0.9
"1","months_since_cert_n <   11.00 & shelter_expenses_by_hh_size < 2300.00 & total_deductions_by_hh_size >=  679.00 & unc_rawben_rel_max >=    1.23","xgboost",1535,0.92378,0.91188,813,742,0.9127,0.0334,0.0505,3.379,0.0772,0.9846,0.9
"1","cat_elig >=   1 & months_since_cert_n >=  24 & shelter_expenses_by_hh_size >= 916 & utilities >= 322","xgboost",1303,0.92479,0.91187,610,565,0.9262,0.0254,0.0242,2.535,0.0772,0.9846,0.9
"1","elderly_disabled_i <= 0.500 & expedited_i > 0.500 & rawben_rel_max <= 0.991 & unc_rawben_rel_max > 0.958","ranger",28,1,0.91187,12,11,0.9167,5e-04,0.001,0.05,0.0772,0.9846,0.9
"1","homeless >  0.5 & married <=  0.5 & months_since_cert_n > 26.5 & total_deductions_by_hh_size <=  2.8","ranger",28,1,0.91187,9,9,1,4e-04,0,0.037,0.0772,0.9846,0.9
"1","cat_elig <=   0.5 & medical_deductions > 254.0 & shelter_expenses_by_hh_size > 443.0 & utilities > 409.0","ranger",48,0.97917,0.91185,27,26,0.963,0.0012,5e-04,0.112,0.0772,0.9846,0.9
"1","cat_elig <=   1.500 & medical_deductions > 210.000 & rawben_rel_max >   0.991 & utilities >   9.500","ranger",48,0.97917,0.91185,36,33,0.9167,0.0015,0.0024,0.15,0.0772,0.9846,0.9
"1","medical_deductions >  96.200 & medical_deductions <= 112.000 & rawben_rel_max <=   0.268 & shelter_expenses_by_hh_size > 162.000","ranger",48,0.97917,0.91185,23,23,1,0.001,0,0.096,0.0772,0.9846,0.9
"1","total_deductions_by_hh_size >= 836 & utilities >= 850 & utilities < 992","xgboost",1069,0.9261,0.91183,580,530,0.9138,0.0238,0.0277,2.41,0.0772,0.9846,0.9
"1","cat_elig >=   2 & medical_deductions >=  42 & total_deductions_by_hh_size < 511","xgboost",530,0.93208,0.91181,33,30,0.9091,0.0013,0.001,0.137,0.0772,0.9846,0.9
"1","cat_elig <   1 & medical_deductions < 137 & shelter_expenses_by_hh_size >= 531","xgboost",1582,0.92351,0.91179,803,756,0.9415,0.034,0.0196,3.337,0.0772,0.9846,0.9
"1","cat_elig <= 2.500 & elderly_disabled_i > 0.500 & expedited_i > 0.500 & rawben_rel_max > 0.991","ranger",895,0.92737,0.91178,466,425,0.912,0.0191,0.0297,1.937,0.0772,0.9846,0.9
"1","elderly_disabled_i > 0.500 & expedited_i > 0.500 & married <= 0.500 & unc_rawben_rel_max > 0.991","ranger",895,0.92737,0.91178,464,423,0.9116,0.019,0.0297,1.928,0.0772,0.9846,0.9
"1","months_since_cert_n <   1.000 & rawben_rel_max <   0.354 & shelter_expenses_by_hh_size >= 483.000 & unc_rawben_rel_max <   1.200","xgboost",361,0.93629,0.91173,169,159,0.9408,0.0072,0.006,0.702,0.0772,0.9846,0.9
"1","months_since_cert_n >=  25.000 & rawben_rel_max >=   0.572 & shelter_expenses_by_hh_size >= 884.000","xgboost",1006,0.92644,0.91173,460,428,0.9304,0.0193,0.0181,1.912,0.0772,0.9846,0.9
"1","cat_elig >  0.500 & expedited_i <=  0.500 & rawben_rel_max <=  0.943 & shelter_expenses_by_hh_size <= 18.500","ranger",1593,0.92341,0.91172,767,718,0.9361,0.0323,0.0281,3.187,0.0772,0.9846,0.9
"1","months_since_cert_n <   1 & utilities >= 350","xgboost",1313,0.9246,0.91172,669,613,0.9163,0.0276,0.0303,2.78,0.0772,0.9846,0.9
"1","cat_elig <    1.000 & months_since_cert_n >=   13.000 & rawben_rel_max <    0.608 & shelter_expenses_by_hh_size < 1860.000","xgboost",478,0.93305,0.91171,252,241,0.9563,0.0108,0.0039,1.047,0.0772,0.9846,0.9
"1","count_divisible_by_100 > 0.5 & elderly_disabled_i <= 0.5 & homeless <= 0.5","ranger",757,0.92867,0.9117,400,359,0.8975,0.0162,0.0276,1.662,0.0772,0.9846,0.9
"1","cat_elig <=  0.500 & rawben_rel_max <=  0.993 & utilities <= 14.000","ranger",452,0.93363,0.91167,227,213,0.9383,0.0096,0.006,0.943,0.0772,0.9846,0.9
"1","elderly_disabled_i >=   1.000 & rawben_rel_max >=   0.992 & total_deductions_by_hh_size < 523.000 & unc_rawben_rel_max <   1.810","xgboost",1507,0.92369,0.91166,755,695,0.9205,0.0313,0.0454,3.138,0.0772,0.9846,0.9
"1","cat_elig <= 1.500 & medical_deductions > 0.500 & rawben_rel_max > 0.991","ranger",254,0.94094,0.91165,191,170,0.8901,0.0076,0.018,0.794,0.0772,0.9846,0.9
"1","months_since_cert_n >=  23.000 & months_since_cert_n <  34.000 & rawben_rel_max <   0.278 & shelter_expenses_by_hh_size >= 400.000","xgboost",426,0.93427,0.91165,195,188,0.9641,0.0085,0.004,0.81,0.0772,0.9846,0.9
"1","medical_deductions > 100 & total_deductions_by_hh_size <= 510","ranger",1433,0.92394,0.9116,663,609,0.9186,0.0274,0.0201,2.755,0.0772,0.9846,0.9
"1","months_since_cert_n <=    0.5 & shelter_expenses_by_hh_size >  616.0 & shelter_expenses_by_hh_size <= 1850.0 & utilities >    5.0","ranger",1189,0.92515,0.9116,591,543,0.9188,0.0244,0.0259,2.456,0.0772,0.9846,0.9
"1","expedited_i <=  0.500 & months_since_cert_n > 10.500 & rawben_rel_max >  0.991 & utilities <= 14.500","ranger",630,0.93016,0.91155,358,336,0.9385,0.0151,0.0177,1.488,0.0772,0.9846,0.9
"1","percent_abawd >   0.5 & total_deductions_by_hh_size > 458.0 & unc_rawben_rel_max >   1.0 & utilities >  30.5","ranger",1004,0.92629,0.91155,495,458,0.9253,0.0206,0.0302,2.057,0.0772,0.9846,0.9
"1","homeless > 0.5 & medical_deductions <= 0.5 & months_since_cert_n > 5.5","ranger",1237,0.92482,0.91154,606,562,0.9274,0.0253,0.0284,2.518,0.0772,0.9846,0.9
"1","months_since_cert_n >=  28.000 & rawben_rel_max >=   0.192 & total_deductions_by_hh_size < 307.000 & utilities < 735.000","xgboost",541,0.93161,0.91152,221,209,0.9457,0.0094,0.0057,0.918,0.0772,0.9846,0.9
"1","cat_elig <   2.000 & percent_abawd <   0.500 & rawben_rel_max <   0.084 & utilities >= 651.000","xgboost",240,0.94167,0.91151,235,223,0.9489,0.01,0.0088,0.977,0.0772,0.9846,0.9
"1","rawben_rel_max <   0.464 & shelter_expenses_by_hh_size >= 793.000 & shelter_expenses_by_hh_size < 935.000","xgboost",1261,0.92466,0.91151,613,566,0.9233,0.0255,0.0203,2.547,0.0772,0.9846,0.9
"1","medical_deductions >=  140.00 & rawben_rel_max <    0.64 & total_deductions_by_hh_size < 1060.00","xgboost",1516,0.92348,0.91148,545,491,0.9009,0.0221,0.0215,2.265,0.0772,0.9846,0.9
"1","count_divisible_by_100 <=  0.500 & homeless >  0.500 & rawben_rel_max >  0.993 & utilities > 26.000","ranger",438,0.93379,0.91146,204,198,0.9706,0.0089,0.0051,0.848,0.0772,0.9846,0.9
"1","count_divisible_by_100 >=    1 & shelter_expenses_by_hh_size < 1440 & total_deductions_by_hh_size <  888","xgboost",1564,0.92327,0.91146,826,754,0.9128,0.0339,0.0418,3.433,0.0772,0.9846,0.9
"1","count_divisible_by_100 >  0.5 & elderly_disabled_i <=  0.5 & medical_deductions <=  3.5 & utilities <= 12.5","ranger",386,0.93523,0.91145,185,172,0.9297,0.0077,0.0088,0.769,0.0772,0.9846,0.9
"1","months_since_cert_n >=  20.000 & rawben_rel_max >=   0.236 & unc_rawben_rel_max <   0.430 & utilities >= 405.000","xgboost",386,0.93523,0.91145,156,145,0.9295,0.0065,0.0038,0.648,0.0772,0.9846,0.9
"1","rawben_rel_max >=  0.21 & shelter_expenses_by_hh_size >= 80.00 & total_deductions_by_hh_size < 40.00","xgboost",978,0.92638,0.91144,653,595,0.9112,0.0268,0.0228,2.714,0.0772,0.9846,0.9
"1","count_divisible_by_100 >   0.50 & medical_deductions <= 344.00 & total_deductions_by_hh_size >   8.80 & unc_rawben_rel_max <=   1.95","ranger",1539,0.92333,0.91141,837,755,0.902,0.034,0.0482,3.478,0.0772,0.9846,0.9
"1","rawben_rel_max >=  0.084 & rawben_rel_max <  0.496 & shelter_expenses_by_hh_size < 50.000","xgboost",916,0.92686,0.91141,473,451,0.9535,0.0203,0.012,1.966,0.0772,0.9846,0.9
"1","cat_elig >  0.500 & months_since_cert_n > 30.500 & percent_abawd <=  0.500 & rawben_rel_max <=  0.991","ranger",829,0.92762,0.91139,288,267,0.9271,0.012,0.0114,1.197,0.0772,0.9846,0.9
"1","elderly_disabled_i >  0.500 & medical_deductions <= 70.000 & rawben_rel_max >  0.991 & utilities <=  9.500","ranger",1186,0.92496,0.91138,618,567,0.9175,0.0255,0.0351,2.568,0.0772,0.9846,0.9
"1","months_since_cert_n >= 34.000 & rawben_rel_max <  0.620 & unc_rawben_rel_max >= -0.016","xgboost",226,0.94248,0.91138,100,95,0.95,0.0043,0.0021,0.416,0.0772,0.9846,0.9
"1","medical_deductions >= 125.000 & rawben_rel_max <   0.556 & shelter_expenses_by_hh_size < 723.000 & utilities < 277.000","xgboost",320,0.9375,0.91136,174,160,0.9195,0.0072,0.0064,0.723,0.0772,0.9846,0.9
"1","count_divisible_by_100 > 0.5 & elderly_disabled_i <= 0.5","ranger",816,0.9277,0.91133,432,388,0.8981,0.0175,0.0298,1.795,0.0772,0.9846,0.9
"1","medical_deductions <   46.00 & months_since_cert_n <    1.00 & rawben_rel_max <    0.64 & total_deductions_by_hh_size < 1450.00","xgboost",915,0.92678,0.91132,464,428,0.9224,0.0193,0.0196,1.928,0.0772,0.9846,0.9
"1","married <   1.000 & medical_deductions >= 140.000 & rawben_rel_max >=   0.992 & unc_rawben_rel_max <   1.580","xgboost",253,0.94071,0.91131,100,97,0.97,0.0044,0.0026,0.416,0.0772,0.9846,0.9
"1","cat_elig >=  1 & months_since_cert_n >= 33","xgboost",691,0.92909,0.9113,260,247,0.95,0.0111,0.0087,1.08,0.0772,0.9846,0.9
"1","medical_deductions >= 167.000 & medical_deductions < 307.000 & rawben_rel_max <   0.515","xgboost",514,0.93191,0.91128,221,196,0.8869,0.0088,0.01,0.918,0.0772,0.9846,0.9
"1","children_i > 0.500 & married > 0.500 & percent_abawd <= 0.500 & rawben_rel_max > 0.991","ranger",97,0.95876,0.91127,38,37,0.9737,0.0017,2e-04,0.158,0.0772,0.9846,0.9
"1","medical_deductions >=    3 & total_deductions_by_hh_size < 1320 & utilities >=  992","xgboost",97,0.95876,0.91127,104,98,0.9423,0.0044,0.0026,0.432,0.0772,0.9846,0.9
"1","months_since_cert_n >  14.500 & rawben_rel_max <=   0.309 & unc_rawben_rel_max <=   0.991 & utilities > 851.000","ranger",97,0.95876,0.91127,72,71,0.9861,0.0032,9e-04,0.299,0.0772,0.9846,0.9
"1","months_since_cert_n >=  14 & shelter_expenses_by_hh_size >= 884 & total_deductions_by_hh_size >= 390 & total_deductions_by_hh_size < 600","xgboost",865,0.92717,0.91126,367,338,0.921,0.0152,0.0129,1.525,0.0772,0.9846,0.9
"1","homeless >=   1 & months_since_cert_n <   5 & shelter_expenses_by_hh_size >= 697","xgboost",127,0.95276,0.91124,84,75,0.8929,0.0034,0.0058,0.349,0.0772,0.9846,0.9
"1","medical_deductions >= 139.0 & medical_deductions < 167.0 & months_since_cert_n >=  12.0 & unc_rawben_rel_max <   1.7","xgboost",359,0.93593,0.91124,136,122,0.8971,0.0055,0.0061,0.565,0.0772,0.9846,0.9
"1","elderly_disabled_i > 0.5 & homeless > 0.5 & months_since_cert_n <= 4.5","ranger",293,0.93857,0.91123,123,108,0.878,0.0049,0.0099,0.511,0.0772,0.9846,0.9
"1","months_since_cert_n >=  24.000 & rawben_rel_max >=   0.188 & shelter_expenses_by_hh_size < 652.000","xgboost",815,0.92761,0.91122,377,340,0.9019,0.0153,0.0171,1.567,0.0772,0.9846,0.9
"1","elderly_disabled_i <   1 & shelter_expenses_by_hh_size < 531 & total_deductions_by_hh_size >= 289","xgboost",1366,0.92387,0.91121,624,585,0.9375,0.0263,0.031,2.593,0.0772,0.9846,0.9
"1","medical_deductions >=  93 & medical_deductions < 135 & total_deductions_by_hh_size < 130 & utilities < 284","xgboost",65,0.96923,0.91119,22,21,0.9545,9e-04,9e-04,0.091,0.0772,0.9846,0.9
"1","count_divisible_by_100 >=  1.000 & expedited_i <  1.000 & months_since_cert_n < 14.000 & rawben_rel_max >=  0.712","xgboost",715,0.92867,0.91117,435,394,0.9057,0.0177,0.0259,1.808,0.0772,0.9846,0.9
"1","elderly_disabled_i > 0.5 & homeless > 0.5 & medical_deductions <= 2.5 & months_since_cert_n <= 4.5","ranger",266,0.93985,0.91115,110,96,0.8727,0.0043,0.0092,0.457,0.0772,0.9846,0.9
"1","homeless >=   1.00 & months_since_cert_n <  10.00 & total_deductions_by_hh_size < 281.00 & unc_rawben_rel_max >=   1.23","xgboost",239,0.94142,0.91115,75,70,0.9333,0.0031,0.0044,0.312,0.0772,0.9846,0.9
"1","cat_elig >   0.50 & homeless >   0.50 & percent_abawd >   0.25 & shelter_expenses_by_hh_size > 370.00","ranger",112,0.95536,0.91113,90,88,0.9778,0.004,0.002,0.374,0.0772,0.9846,0.9
"1","medical_deductions >   0.5 & shelter_expenses_by_hh_size <= 444.0 & total_deductions_by_hh_size <= 258.0","ranger",462,0.9329,0.91112,210,194,0.9238,0.0087,0.007,0.873,0.0772,0.9846,0.9
"1","children_i <    1 & months_since_cert_n >=   19 & shelter_expenses_by_hh_size >= 1020 & utilities >=  596","xgboost",1533,0.92303,0.91107,786,739,0.9402,0.0332,0.0267,3.266,0.0772,0.9846,0.9
"1","count_divisible_by_100 >=  1.0 & total_deductions_by_hh_size >= 18.4 & unc_rawben_rel_max <  1.9","xgboost",1533,0.92303,0.91107,836,756,0.9043,0.034,0.0469,3.474,0.0772,0.9846,0.9
"1","months_since_cert_n >=   27.000 & rawben_rel_max <    0.896 & shelter_expenses_by_hh_size >=  735.000 & shelter_expenses_by_hh_size < 1200.000","xgboost",500,0.932,0.91106,181,167,0.9227,0.0075,0.0068,0.752,0.0772,0.9846,0.9
"1","months_since_cert_n >= 19 & months_since_cert_n < 34 & rawben_rel_max >=  1","xgboost",1169,0.92472,0.91102,535,484,0.9047,0.0218,0.0364,2.223,0.0772,0.9846,0.9
"1","cat_elig <=  0.500 & rawben_rel_max >  0.349 & shelter_expenses_by_hh_size > 38.500 & utilities > 14.000","ranger",1544,0.92293,0.91101,799,744,0.9312,0.0335,0.0268,3.32,0.0772,0.9846,0.9
"1","months_since_cert_n <  11.00 & total_deductions_by_hh_size >= 679.00 & unc_rawben_rel_max >=   1.23","xgboost",1568,0.92283,0.911,833,760,0.9124,0.0342,0.0524,3.462,0.0772,0.9846,0.9
"1","months_since_cert_n <   23 & shelter_expenses_by_hh_size >= 1160 & total_deductions_by_hh_size <  692 & utilities >=  340","xgboost",1205,0.92448,0.91099,726,651,0.8967,0.0293,0.0519,3.017,0.0772,0.9846,0.9
"1","months_since_cert_n <   10 & total_deductions_by_hh_size < 1320 & utilities >=  956","xgboost",788,0.92766,0.91098,752,705,0.9375,0.0317,0.0292,3.125,0.0772,0.9846,0.9
"1","months_since_cert_n <   1.000 & rawben_rel_max >=   0.512 & total_deductions_by_hh_size >= 418.000 & utilities >= 350.000","xgboost",763,0.92792,0.91095,371,335,0.903,0.0151,0.0209,1.542,0.0772,0.9846,0.9
"1","medical_deductions >   0.500 & rawben_rel_max >   0.266 & unc_rawben_rel_max >   0.971 & utilities > 606.000","ranger",292,0.93836,0.91094,151,140,0.9272,0.0063,0.0075,0.628,0.0772,0.9846,0.9
"1","months_since_cert_n >=  27.000 & rawben_rel_max <   0.896 & shelter_expenses_by_hh_size < 735.000","xgboost",738,0.92818,0.91094,314,297,0.9459,0.0134,0.0068,1.305,0.0772,0.9846,0.9
"1","children_i <= 0.50 & elderly_disabled_i > 0.50 & months_since_cert_n <= 0.50 & percent_abawd <= 0.25","ranger",1505,0.92292,0.91084,741,678,0.915,0.0305,0.0327,3.079,0.0772,0.9846,0.9
"1","months_since_cert_n >= 30 & utilities >= 38","xgboost",1203,0.92436,0.91084,488,455,0.9324,0.0205,0.0173,2.028,0.0772,0.9846,0.9
"1","cat_elig <= 0.500 & percent_abawd <= 0.750 & rawben_rel_max <= 0.993 & utilities <= 7.500","ranger",422,0.93365,0.91083,213,199,0.9343,0.009,0.006,0.885,0.0772,0.9846,0.9
"1","months_since_cert_n >= 33 & months_since_cert_n < 35 & utilities >= 76","xgboost",318,0.93711,0.91082,104,101,0.9712,0.0045,0.002,0.432,0.0772,0.9846,0.9
"1","months_since_cert_n <  18 & utilities >= 452 & utilities < 469","xgboost",1081,0.92507,0.91081,740,671,0.9068,0.0302,0.0366,3.075,0.0772,0.9846,0.9
"1","cat_elig <    2 & medical_deductions <   19 & utilities >= 1010","xgboost",238,0.94118,0.91078,724,683,0.9434,0.0307,0.0239,3.009,0.0772,0.9846,0.9
"1","months_since_cert_n <   21.00 & rawben_rel_max <    0.08 & shelter_expenses_by_hh_size < 1000.00 & total_deductions_by_hh_size >=  269.00","xgboost",344,0.93605,0.91076,0,0,NA,0,0,0,0.0772,0.9846,0.9
"1","rawben_rel_max <   0.164 & total_deductions_by_hh_size >=  73.000 & total_deductions_by_hh_size < 140.000 & unc_rawben_rel_max >=   0.000","xgboost",197,0.94416,0.91075,84,76,0.9048,0.0034,0.0039,0.349,0.0772,0.9846,0.9
"1","medical_deductions >    3.500 & rawben_rel_max >    0.085 & shelter_expenses_by_hh_size <= 2560.000 & unc_rawben_rel_max <=    0.268","ranger",574,0.93031,0.91074,253,234,0.9249,0.0105,0.008,1.051,0.0772,0.9846,0.9
"1","rawben_rel_max <   0.704 & shelter_expenses_by_hh_size < 322.000 & utilities >=  38.000","xgboost",909,0.92629,0.91074,437,407,0.9314,0.0183,0.0144,1.816,0.0772,0.9846,0.9
"1","cat_elig > 0.5 & children_i <= 0.5 & homeless > 0.5 & months_since_cert_n > 6.5","ranger",1019,0.92542,0.91072,487,446,0.9158,0.0201,0.0267,2.024,0.0772,0.9846,0.9
"1","shelter_expenses_by_hh_size < 327.00 & unc_rawben_rel_max <   1.27 & utilities >=  41.00","xgboost",1298,0.92373,0.91071,567,527,0.9295,0.0237,0.0221,2.356,0.0772,0.9846,0.9
"1","rawben_rel_max <    0.471 & shelter_expenses_by_hh_size >= 1210.000 & total_deductions_by_hh_size <  947.000","xgboost",933,0.92605,0.91069,508,459,0.9035,0.0206,0.0244,2.111,0.0772,0.9846,0.9
"1","cat_elig <   1.000 & months_since_cert_n <  12.000 & rawben_rel_max >=   0.652 & shelter_expenses_by_hh_size >= 911.000","xgboost",421,0.93349,0.91062,235,226,0.9617,0.0102,0.0049,0.977,0.0772,0.9846,0.9
"1","cat_elig <= 0.5 & expedited_i > 0.5 & utilities > 8.0","ranger",251,0.94024,0.91062,121,112,0.9256,0.005,0.0071,0.503,0.0772,0.9846,0.9
"1","shelter_expenses_by_hh_size >= 418 & shelter_expenses_by_hh_size < 500 & total_deductions_by_hh_size < 314 & utilities >= 329","xgboost",969,0.9257,0.91062,388,358,0.9227,0.0161,0.0115,1.612,0.0772,0.9846,0.9
"1","cat_elig <   1.00 & rawben_rel_max >=   0.54 & total_deductions_by_hh_size >= 178.00","xgboost",1212,0.92409,0.91061,648,604,0.9321,0.0272,0.0227,2.693,0.0772,0.9846,0.9
"1","months_since_cert_n <   5.00 & shelter_expenses_by_hh_size < 896.00 & unc_rawben_rel_max >=   1.90 & unc_rawben_rel_max <   1.93","xgboost",224,0.94196,0.91061,1,1,1,0,0,0.004,0.0772,0.9846,0.9
"1","months_since_cert_n >=   27.0000 & rawben_rel_max <    0.6400 & shelter_expenses_by_hh_size < 1200.0000 & unc_rawben_rel_max >=   -0.0344","xgboost",797,0.92723,0.9106,322,306,0.9503,0.0138,0.0056,1.338,0.0772,0.9846,0.9
"1","months_since_cert_n <   1.000 & rawben_rel_max >=   0.672 & utilities >= 388.000","xgboost",673,0.92868,0.91058,323,292,0.904,0.0131,0.0178,1.342,0.0772,0.9846,0.9
"1","medical_deductions >=  93 & medical_deductions < 135 & utilities < 284","xgboost",126,0.95238,0.91056,112,97,0.8661,0.0044,0.0078,0.465,0.0772,0.9846,0.9
"1","medical_deductions >=  16.000 & medical_deductions < 116.000 & rawben_rel_max <   0.472","xgboost",369,0.93496,0.91052,139,137,0.9856,0.0062,0.0012,0.578,0.0772,0.9846,0.9
"1","rawben_rel_max >    0.991 & shelter_expenses_by_hh_size > 1710.000 & total_deductions_by_hh_size >  701.000 & utilities >   28.500","ranger",369,0.93496,0.91052,237,224,0.9451,0.0101,0.0103,0.985,0.0772,0.9846,0.9
"1","elderly_disabled_i > 0.5 & expedited_i <= 0.5 & homeless > 0.5 & utilities <= 8.0","ranger",356,0.93539,0.91051,165,152,0.9212,0.0068,0.0085,0.686,0.0772,0.9846,0.9
"1","medical_deductions >=  135.000 & rawben_rel_max <    0.471 & shelter_expenses_by_hh_size >= 1170.000 & total_deductions_by_hh_size < 1450.000","xgboost",356,0.93539,0.91051,158,140,0.8861,0.0063,0.0075,0.657,0.0772,0.9846,0.9
"1","months_since_cert_n <   4.0000 & rawben_rel_max >=   0.0928 & total_deductions_by_hh_size >= 749.0000 & utilities >= 886.0000","xgboost",343,0.93586,0.91051,246,235,0.9553,0.0106,0.0063,1.022,0.0772,0.9846,0.9
"1","months_since_cert_n >=   2.00 & total_deductions_by_hh_size < 478.00 & unc_rawben_rel_max >=   1.24 & utilities >=  48.00","xgboost",610,0.92951,0.91049,283,256,0.9046,0.0115,0.0249,1.176,0.0772,0.9846,0.9
"1","rawben_rel_max <   0.376 & total_deductions_by_hh_size >= 104.000 & utilities < 277.000","xgboost",1415,0.92297,0.91048,659,595,0.9029,0.0268,0.0379,2.739,0.0772,0.9846,0.9
"1","cat_elig <   1.000 & medical_deductions < 167.000 & rawben_rel_max <   0.859 & shelter_expenses_by_hh_size >= 874.000","xgboost",484,0.93182,0.91047,254,240,0.9449,0.0108,0.0048,1.056,0.0772,0.9846,0.9
"1","months_since_cert_n >=  21 & shelter_expenses_by_hh_size >= 944 & total_deductions_by_hh_size >= 269 & total_deductions_by_hh_size < 650","xgboost",484,0.93182,0.91047,205,191,0.9317,0.0086,0.0068,0.852,0.0772,0.9846,0.9
"1","elderly_disabled_i >    0.500 & expedited_i >    0.500 & shelter_expenses_by_hh_size <= 1350.000 & unc_rawben_rel_max >    0.991","ranger",734,0.92779,0.91046,387,351,0.907,0.0158,0.0258,1.608,0.0772,0.9846,0.9
"1","medical_deductions <  23 & months_since_cert_n <   1 & total_deductions_by_hh_size >= 490","xgboost",857,0.92649,0.91044,435,395,0.908,0.0178,0.0232,1.808,0.0772,0.9846,0.9
"1","cat_elig <   2 & months_since_cert_n >=  25 & total_deductions_by_hh_size < 743","xgboost",1426,0.92286,0.91042,776,713,0.9188,0.0321,0.0309,3.225,0.0772,0.9846,0.9
"1","months_since_cert_n <   5.000 & rawben_rel_max >=   0.864 & total_deductions_by_hh_size >= 600.000 & total_deductions_by_hh_size < 679.000","xgboost",991,0.92533,0.9104,795,747,0.9396,0.0336,0.0339,3.304,0.0772,0.9846,0.9
"1","rawben_rel_max >=   0.873 & total_deductions_by_hh_size >= 478.000 & utilities >= 750.000 & utilities < 850.000","xgboost",1221,0.92383,0.91039,495,449,0.9071,0.0202,0.0266,2.057,0.0772,0.9846,0.9
"1","cat_elig <=  0.500 & rawben_rel_max <=  0.421 & shelter_expenses_by_hh_size <= 13.000 & unc_rawben_rel_max <=  2.660","ranger",96,0.95833,0.91038,62,61,0.9839,0.0027,0.001,0.258,0.0772,0.9846,0.9
"1","children_i > 0.50 & married > 0.50 & percent_abawd <= 0.75 & unc_rawben_rel_max > 1.00","ranger",96,0.95833,0.91038,37,36,0.973,0.0016,2e-04,0.154,0.0772,0.9846,0.9
"1","medical_deductions >= 185.000 & rawben_rel_max >=   0.992 & utilities < 852.000","xgboost",96,0.95833,0.91038,34,31,0.9118,0.0014,0.0024,0.141,0.0772,0.9846,0.9
"1","elderly_disabled_i >    0.5 & homeless >    0.5 & months_since_cert_n <=    7.5 & shelter_expenses_by_hh_size <= 1090.0","ranger",407,0.93366,0.91037,187,164,0.877,0.0074,0.0147,0.777,0.0772,0.9846,0.9
"1","cat_elig <    2 & medical_deductions <   19 & total_deductions_by_hh_size <  894 & utilities >= 1010","xgboost",111,0.95495,0.91035,394,369,0.9365,0.0166,0.0131,1.637,0.0772,0.9846,0.9
"1","rawben_rel_max >=   0.756 & rawben_rel_max <   0.992 & utilities >= 757.000","xgboost",1232,0.9237,0.91031,717,647,0.9024,0.0291,0.037,2.98,0.0772,0.9846,0.9
"1","months_since_cert_n <    1 & shelter_expenses_by_hh_size >= 1150 & total_deductions_by_hh_size >=  163","xgboost",381,0.93438,0.9103,194,175,0.9021,0.0079,0.0129,0.806,0.0772,0.9846,0.9
"1","months_since_cert_n <   6.00 & rawben_rel_max >=   1.00 & shelter_expenses_by_hh_size >= 245.00 & unc_rawben_rel_max <   1.05","xgboost",303,0.93729,0.91029,160,152,0.95,0.0068,0.0058,0.665,0.0772,0.9846,0.9
"1","rawben_rel_max >=   0.814 & total_deductions_by_hh_size >= 792.000 & total_deductions_by_hh_size < 918.000 & utilities >= 912.000","xgboost",303,0.93729,0.91029,286,276,0.965,0.0124,0.0066,1.189,0.0772,0.9846,0.9
"1","medical_deductions >= 148.00 & rawben_rel_max >=   0.99","xgboost",250,0.94,0.91027,125,111,0.888,0.005,0.0123,0.519,0.0772,0.9846,0.9
"1","medical_deductions < 135.0000 & rawben_rel_max <   0.0928 & utilities >=  42.0000 & utilities <  74.0000","xgboost",316,0.93671,0.91026,143,137,0.958,0.0062,0.0034,0.594,0.0772,0.9846,0.9
"1","months_since_cert_n >=   17.000 & rawben_rel_max <    0.948 & total_deductions_by_hh_size < 1020.000 & utilities >=  875.000","xgboost",223,0.9417,0.91021,146,139,0.9521,0.0063,0.0037,0.607,0.0772,0.9846,0.9
"1","children_i >   0.5 & elderly_disabled_i <=   0.5 & utilities > 420.0 & utilities <= 678.0","ranger",182,0.94505,0.91019,73,68,0.9315,0.0031,0.002,0.303,0.0772,0.9846,0.9
"1","count_divisible_by_100 >=   1 & months_since_cert_n >=   1 & months_since_cert_n <   2 & total_deductions_by_hh_size < 862","xgboost",182,0.94505,0.91019,98,87,0.8878,0.0039,0.0064,0.407,0.0772,0.9846,0.9
"1","months_since_cert_n >= 29.000 & rawben_rel_max <  0.945","xgboost",1146,0.92408,0.91019,453,424,0.936,0.0191,0.0145,1.883,0.0772,0.9846,0.9
"1","count_divisible_by_100 >= 1.000 & expedited_i < 1.000 & rawben_rel_max < 0.544 & unc_rawben_rel_max < 0.495","xgboost",495,0.93131,0.91017,241,218,0.9046,0.0098,0.0117,1.002,0.0772,0.9846,0.9
"1","rawben_rel_max <   0.464 & shelter_expenses_by_hh_size >= 793.000 & shelter_expenses_by_hh_size < 935.000 & utilities < 459.000","xgboost",570,0.92982,0.91012,299,277,0.9264,0.0125,0.009,1.243,0.0772,0.9846,0.9
"1","cat_elig <   1 & total_deductions_by_hh_size >= 422","xgboost",1265,0.92332,0.91009,653,610,0.9342,0.0274,0.0208,2.714,0.0772,0.9846,0.9
"1","homeless >  0.5 & shelter_expenses_by_hh_size > 31.5 & total_deductions_by_hh_size <=  2.8 & utilities > 43.0","ranger",47,0.97872,0.91008,21,19,0.9048,9e-04,0.0016,0.087,0.0772,0.9846,0.9
"1","medical_deductions < 192 & months_since_cert_n >=   1 & total_deductions_by_hh_size < 637 & utilities >= 789","xgboost",804,0.92662,0.91002,690,634,0.9188,0.0285,0.0331,2.867,0.0772,0.9846,0.9
"1","total_deductions_by_hh_size >=  888 & total_deductions_by_hh_size <  947 & utilities >=  819 & utilities < 1010","xgboost",209,0.94258,0.91002,123,113,0.9187,0.0051,0.0054,0.511,0.0772,0.9846,0.9
"1","months_since_cert_n >=  14.00 & total_deductions_by_hh_size >= 971.00 & unc_rawben_rel_max >=   1.09 & unc_rawben_rel_max <   2.52","xgboost",456,0.93202,0.90997,282,269,0.9539,0.0121,0.0101,1.172,0.0772,0.9846,0.9
"1","months_since_cert_n >=   20.000 & rawben_rel_max >=    0.811 & shelter_expenses_by_hh_size >= 1030.000 & total_deductions_by_hh_size >=  616.000","xgboost",1058,0.92439,0.90991,550,510,0.9273,0.0229,0.0253,2.286,0.0772,0.9846,0.9
"1","count_divisible_by_100 >=  1 & months_since_cert_n < 10 & utilities < 54","xgboost",506,0.93083,0.90989,256,238,0.9297,0.0107,0.011,1.064,0.0772,0.9846,0.9
"1","months_since_cert_n <   1 & shelter_expenses_by_hh_size >= 798","xgboost",949,0.92518,0.90989,484,440,0.9091,0.0198,0.0245,2.011,0.0772,0.9846,0.9
"1","medical_deductions >  17.5 & medical_deductions <= 116.0 & months_since_cert_n >   5.5 & months_since_cert_n <=  31.5","ranger",392,0.93367,0.90988,162,155,0.9568,0.007,0.0031,0.673,0.0772,0.9846,0.9
"1","months_since_cert_n >=   15.000 & rawben_rel_max <    0.424 & utilities >=  496.000 & utilities < 1020.000","xgboost",717,0.92748,0.90988,351,329,0.9373,0.0148,0.0098,1.459,0.0772,0.9846,0.9
"1","medical_deductions <= 3.500 & rawben_rel_max > 0.991 & rawben_rel_max <= 0.995","ranger",64,0.96875,0.90986,37,33,0.8919,0.0015,0.0021,0.154,0.0772,0.9846,0.9
"1","cat_elig > 0.5 & homeless > 0.5 & months_since_cert_n > 6.5","ranger",1021,0.92458,0.90984,491,450,0.9165,0.0202,0.0267,2.04,0.0772,0.9846,0.9
"1","cat_elig <  1 & children_i <  1 & months_since_cert_n >= 11","xgboost",851,0.92597,0.90982,463,435,0.9395,0.0196,0.0127,1.924,0.0772,0.9846,0.9
"1","months_since_cert_n <   18 & shelter_expenses_by_hh_size < 1670 & utilities >= 1010","xgboost",568,0.92958,0.90981,554,517,0.9332,0.0233,0.0217,2.302,0.0772,0.9846,0.9
"1","months_since_cert_n >=  19.00 & rawben_rel_max >=   0.22 & shelter_expenses_by_hh_size < 484.00","xgboost",936,0.92521,0.90981,444,395,0.8896,0.0178,0.0259,1.845,0.0772,0.9846,0.9
"1","cat_elig <    2 & shelter_expenses_by_hh_size >= 1230 & total_deductions_by_hh_size >=  947 & utilities >=  670","xgboost",996,0.9247,0.90976,973,888,0.9126,0.0399,0.0511,4.044,0.0772,0.9846,0.9
"1","elderly_disabled_i <   1.000 & expedited_i <   1.000 & shelter_expenses_by_hh_size >= 363.000 & unc_rawben_rel_max <  -0.056","xgboost",275,0.93818,0.90976,109,99,0.9083,0.0045,0.0092,0.453,0.0772,0.9846,0.9
"1","cat_elig <    2 & months_since_cert_n >=   25 & shelter_expenses_by_hh_size < 1000 & total_deductions_by_hh_size <  538","xgboost",1020,0.92451,0.90975,566,521,0.9205,0.0234,0.0213,2.352,0.0772,0.9846,0.9
"1","percent_abawd >   0.750 & total_deductions_by_hh_size > 389.000 & unc_rawben_rel_max >   0.971","ranger",1224,0.9232,0.90973,586,543,0.9266,0.0244,0.0349,2.435,0.0772,0.9846,0.9
"1","cat_elig >=  2.000 & months_since_cert_n >= 15.000 & rawben_rel_max >=  0.232 & total_deductions_by_hh_size < 10.000","xgboost",181,0.94475,0.90971,21,21,1,9e-04,0,0.087,0.0772,0.9846,0.9
"1","medical_deductions < 170.000 & months_since_cert_n >=  34.000 & unc_rawben_rel_max >=   0.648 & utilities >= 612.000","xgboost",181,0.94475,0.90971,75,72,0.96,0.0032,0.0025,0.312,0.0772,0.9846,0.9
"1","months_since_cert_n <   2.000 & rawben_rel_max <   0.336 & unc_rawben_rel_max <   1.930 & utilities >= 503.000","xgboost",235,0.94043,0.90966,148,136,0.9189,0.0061,0.0068,0.615,0.0772,0.9846,0.9
"1","months_since_cert_n >=   29.000 & rawben_rel_max <    0.945 & shelter_expenses_by_hh_size >=  853.000 & shelter_expenses_by_hh_size < 1430.000","xgboost",391,0.9335,0.90965,151,141,0.9338,0.0063,0.0058,0.628,0.0772,0.9846,0.9
"1","cat_elig <=   0.5 & count_divisible_by_100 <=   0.5 & medical_deductions <= 896.0 & months_since_cert_n >  10.5","ranger",825,0.92606,0.90964,453,425,0.9382,0.0191,0.0127,1.883,0.0772,0.9846,0.9
"1","count_divisible_by_100 >=    1.000 & rawben_rel_max >=    0.797 & shelter_expenses_by_hh_size < 1800.000 & utilities >=  714.000","xgboost",139,0.94964,0.90964,85,79,0.9294,0.0036,0.0037,0.353,0.0772,0.9846,0.9
"1","months_since_cert_n <   21 & shelter_expenses_by_hh_size >= 1290 & shelter_expenses_by_hh_size < 1430 & total_deductions_by_hh_size <  815","xgboost",517,0.93037,0.90962,298,268,0.8993,0.0121,0.0174,1.238,0.0772,0.9846,0.9
"1","months_since_cert_n >=  28 & shelter_expenses_by_hh_size >= 869 & total_deductions_by_hh_size >= 135","xgboost",934,0.92505,0.90962,392,364,0.9286,0.0164,0.0157,1.629,0.0772,0.9846,0.9
"1","elderly_disabled_i <  1.00 & months_since_cert_n >= 17.00 & unc_rawben_rel_max >=  1.01 & unc_rawben_rel_max <  1.58","xgboost",167,0.94611,0.90961,56,54,0.9643,0.0024,0.002,0.233,0.0772,0.9846,0.9
"1","months_since_cert_n >=   4 & months_since_cert_n <   5 & utilities >= 714","xgboost",403,0.933,0.90949,215,198,0.9209,0.0089,0.0099,0.893,0.0772,0.9846,0.9
"1","cat_elig <= 0.500 & count_divisible_by_100 > 0.500 & elderly_disabled_i <= 0.500 & rawben_rel_max > 0.776","ranger",95,0.95789,0.90947,62,60,0.9677,0.0027,0.0013,0.258,0.0772,0.9846,0.9
"1","cat_elig <  2.000 & months_since_cert_n >= 15.000 & rawben_rel_max >=  0.232 & total_deductions_by_hh_size < 10.000","xgboost",491,0.93075,0.90945,284,265,0.9331,0.0119,0.0108,1.18,0.0772,0.9846,0.9
"1","count_divisible_by_100 >=  1 & months_since_cert_n >= 10 & total_deductions_by_hh_size >=  9","xgboost",428,0.93224,0.90942,226,200,0.885,0.009,0.0152,0.939,0.0772,0.9846,0.9
"1","homeless >   0.500 & total_deductions_by_hh_size >   7.800 & unc_rawben_rel_max >   0.991 & utilities <= 428.000","ranger",287,0.93728,0.90941,135,128,0.9481,0.0058,0.0057,0.561,0.0772,0.9846,0.9
"1","rawben_rel_max >=   0.99 & shelter_expenses_by_hh_size >= 963.00 & unc_rawben_rel_max <   1.01","xgboost",194,0.9433,0.9094,111,102,0.9189,0.0046,0.0048,0.461,0.0772,0.9846,0.9
"1","count_divisible_by_100 > 0.500 & elderly_disabled_i <= 0.500 & rawben_rel_max > 0.266 & shelter_expenses_by_hh_size > 5.500","ranger",565,0.9292,0.90933,334,302,0.9042,0.0136,0.0206,1.388,0.0772,0.9846,0.9
"1","months_since_cert_n <    1.00 & shelter_expenses_by_hh_size >= 1190.00 & unc_rawben_rel_max <    1.81 & utilities < 1010.00","xgboost",234,0.94017,0.90929,101,90,0.8911,0.004,0.007,0.42,0.0772,0.9846,0.9
"1","cat_elig <   1 & months_since_cert_n <  10 & shelter_expenses_by_hh_size >= 543 & total_deductions_by_hh_size < 426","xgboost",389,0.93316,0.9092,182,171,0.9396,0.0077,0.0039,0.756,0.0772,0.9846,0.9
"1","count_divisible_by_100 >=  1 & months_since_cert_n < 28 & utilities < 47","xgboost",564,0.92908,0.90917,274,253,0.9234,0.0114,0.013,1.139,0.0772,0.9846,0.8
"1","cat_elig >   1.500 & unc_rawben_rel_max <=   0.991 & utilities > 428.000 & utilities <= 466.000","ranger",124,0.95161,0.90916,9,8,0.8889,4e-04,3e-04,0.037,0.0772,0.9846,0.8
"1","medical_deductions >=  164 & shelter_expenses_by_hh_size >= 1020 & total_deductions_by_hh_size <  982","xgboost",325,0.93538,0.90916,157,134,0.8535,0.006,0.0107,0.652,0.0772,0.9846,0.8
"1","months_since_cert_n >=  25.000 & rawben_rel_max <   0.188 & shelter_expenses_by_hh_size >= 880.000 & unc_rawben_rel_max <   1.290","xgboost",124,0.95161,0.90916,49,48,0.9796,0.0022,5e-04,0.204,0.0772,0.9846,0.8
"1","rawben_rel_max >= 0.99 & rawben_rel_max < 1.00 & unc_rawben_rel_max < 1.81","xgboost",124,0.95161,0.90916,64,56,0.875,0.0025,0.0045,0.266,0.0772,0.9846,0.8
"1","medical_deductions >=  9.000 & medical_deductions < 93.000 & rawben_rel_max >=  0.092","xgboost",273,0.93773,0.90911,148,138,0.9324,0.0062,0.0036,0.615,0.0772,0.9846,0.8
"1","months_since_cert_n >=  15 & months_since_cert_n <  19 & shelter_expenses_by_hh_size >= 415 & shelter_expenses_by_hh_size < 567","xgboost",286,0.93706,0.9091,173,162,0.9364,0.0073,0.0046,0.719,0.0772,0.9846,0.8
"1","cat_elig <=   0.5 & expedited_i <=   0.5 & months_since_cert_n >   5.5 & utilities > 416.0","ranger",464,0.93103,0.90908,288,272,0.9444,0.0122,0.0063,1.197,0.0772,0.9846,0.8
"1","count_divisible_by_100 >= 1 & unc_rawben_rel_max < 0","xgboost",166,0.94578,0.90908,93,86,0.9247,0.0039,0.0061,0.386,0.0772,0.9846,0.8
"1","months_since_cert_n <    4.000 & rawben_rel_max <    0.344 & total_deductions_by_hh_size < 1010.000 & utilities >=  703.000","xgboost",166,0.94578,0.90908,67,62,0.9254,0.0028,0.0032,0.278,0.0772,0.9846,0.8
"1","months_since_cert_n >=  17.000 & rawben_rel_max >=   0.992 & unc_rawben_rel_max <   1.770 & utilities < 469.000","xgboost",489,0.93047,0.90908,207,187,0.9034,0.0084,0.0161,0.86,0.0772,0.9846,0.8
"1","rawben_rel_max <   0.515 & total_deductions_by_hh_size >= 310.000 & total_deductions_by_hh_size < 365.000","xgboost",844,0.92536,0.90908,387,354,0.9147,0.0159,0.0131,1.608,0.0772,0.9846,0.8
"1","shelter_expenses_by_hh_size < 54.0000 & total_deductions_by_hh_size >=  9.0000 & unc_rawben_rel_max >= -1.1700 & unc_rawben_rel_max < -0.0344","xgboost",166,0.94578,0.90908,67,62,0.9254,0.0028,0.0043,0.278,0.0772,0.9846,0.8
"1","cat_elig <   1 & medical_deductions < 135 & shelter_expenses_by_hh_size >= 672 & utilities >=  52","xgboost",1096,0.92336,0.90907,574,543,0.946,0.0244,0.0135,2.385,0.0772,0.9846,0.8
"1","elderly_disabled_i >=   1 & months_since_cert_n >=   2 & months_since_cert_n <  15 & utilities >= 992","xgboost",526,0.92966,0.90903,531,490,0.9228,0.022,0.0249,2.207,0.0772,0.9846,0.8
"1","married >=   1.00 & months_since_cert_n <   8.00 & rawben_rel_max >=   0.42 & utilities >= 287.00","xgboost",138,0.94928,0.909,61,58,0.9508,0.0026,0.0025,0.254,0.0772,0.9846,0.8
"1","count_divisible_by_100 >= 1.000 & rawben_rel_max >= 0.652 & total_deductions_by_hh_size >= 4.400","xgboost",1023,0.92375,0.90896,599,547,0.9132,0.0246,0.033,2.489,0.0772,0.9846,0.8
"1","percent_abawd >=   1 & shelter_expenses_by_hh_size >=  50 & utilities >= 583","xgboost",575,0.9287,0.90896,334,306,0.9162,0.0138,0.0193,1.388,0.0772,0.9846,0.8
"1","cat_elig <    1 & shelter_expenses_by_hh_size < 1510 & total_deductions_by_hh_size >=  697 & total_deductions_by_hh_size <  971","xgboost",337,0.93472,0.90894,179,171,0.9553,0.0077,0.0045,0.744,0.0772,0.9846,0.8
"1","months_since_cert_n <   1 & total_deductions_by_hh_size >= 418 & utilities >= 350","xgboost",927,0.92449,0.90894,453,413,0.9117,0.0186,0.0226,1.883,0.0772,0.9846,0.8
"1","shelter_expenses_by_hh_size < 528.00 & unc_rawben_rel_max >=   1.46 & utilities >= 385.00 & utilities < 488.00","xgboost",337,0.93472,0.90894,159,146,0.9182,0.0066,0.0117,0.661,0.0772,0.9846,0.8
"1","shelter_expenses_by_hh_size >= 596 & shelter_expenses_by_hh_size < 608 & utilities >= 366","xgboost",337,0.93472,0.90894,81,79,0.9753,0.0036,9e-04,0.337,0.0772,0.9846,0.8
"1","months_since_cert_n >=   4.000 & rawben_rel_max >=   0.959 & utilities >= 596.000 & utilities < 714.000","xgboost",758,0.92612,0.90893,397,360,0.9068,0.0162,0.0237,1.65,0.0772,0.9846,0.8
"1","count_divisible_by_100 >   0.500 & medical_deductions <= 218.000 & percent_abawd <=   0.500 & rawben_rel_max >   0.832","ranger",782,0.92583,0.9089,450,415,0.9222,0.0187,0.0242,1.87,0.0772,0.9846,0.8
"1","percent_abawd <   0.5 & utilities >= 370.0 & utilities < 388.0","xgboost",1082,0.92329,0.9089,832,740,0.8894,0.0333,0.0451,3.458,0.0772,0.9846,0.8
"1","rawben_rel_max >=   0.964 & total_deductions_by_hh_size >= 888.000 & total_deductions_by_hh_size < 997.000","xgboost",782,0.92583,0.9089,484,446,0.9215,0.0201,0.0274,2.011,0.0772,0.9846,0.8
"1","cat_elig >=   2 & months_since_cert_n >=  11 & percent_abawd <   1 & utilities >= 875","xgboost",375,0.93333,0.90889,6,5,0.8333,2e-04,5e-04,0.025,0.0772,0.9846,0.8
"1","count_divisible_by_100 >=   1 & medical_deductions < 167 & months_since_cert_n >=  10 & total_deductions_by_hh_size >=   9","xgboost",375,0.93333,0.90889,203,182,0.8966,0.0082,0.0131,0.844,0.0772,0.9846,0.8
"1","count_divisible_by_100 >   0.5 & shelter_expenses_by_hh_size <= 944.0 & total_deductions_by_hh_size >   8.9 & utilities <= 428.0","ranger",745,0.92617,0.90883,411,384,0.9343,0.0173,0.0164,1.708,0.0772,0.9846,0.8
"1","count_divisible_by_100 <=   1.5 & months_since_cert_n >  32.5 & shelter_expenses_by_hh_size >  14.5 & total_deductions_by_hh_size > 584.0","ranger",298,0.93624,0.90881,127,122,0.9606,0.0055,0.0042,0.528,0.0772,0.9846,0.8
"1","cat_elig <   1 & count_divisible_by_100 <   1 & total_deductions_by_hh_size >= 692","xgboost",475,0.93053,0.9088,233,221,0.9485,0.0099,0.0069,0.968,0.0772,0.9846,0.8
"1","rawben_rel_max < 0.320 & unc_rawben_rel_max >= 0.292 & unc_rawben_rel_max < 1.330","xgboost",684,0.9269,0.90879,392,369,0.9413,0.0166,0.0082,1.629,0.0772,0.9846,0.8
"1","count_divisible_by_100 >=   1.0 & months_since_cert_n >=   8.0 & total_deductions_by_hh_size >=   4.4 & utilities < 651.0","xgboost",450,0.93111,0.90878,233,203,0.8712,0.0091,0.0169,0.968,0.0772,0.9846,0.8
"1","count_divisible_by_100 <    1.00 & months_since_cert_n <    1.00 & shelter_expenses_by_hh_size >= 1250.00 & unc_rawben_rel_max >=    1.18","xgboost",109,0.95413,0.90876,65,61,0.9385,0.0027,0.0034,0.27,0.0772,0.9846,0.8
"1","elderly_disabled_i > 0.500 & expedited_i > 0.500 & homeless <= 0.500 & rawben_rel_max > 0.991","ranger",829,0.92521,0.90876,429,391,0.9114,0.0176,0.0275,1.783,0.0772,0.9846,0.8
"1","homeless >   0.5 & months_since_cert_n >  10.5 & shelter_expenses_by_hh_size <= 700.0","ranger",349,0.9341,0.90874,181,172,0.9503,0.0077,0.004,0.752,0.0772,0.9846,0.8
"1","months_since_cert_n <  10.00 & rawben_rel_max <   0.24 & total_deductions_by_hh_size >= 597.00 & utilities >= 298.00","xgboost",487,0.93018,0.90872,254,236,0.9291,0.0106,0.0133,1.056,0.0772,0.9846,0.8
"1","rawben_rel_max <   0.22 & shelter_expenses_by_hh_size >= 833.00 & total_deductions_by_hh_size >= 657.00 & utilities < 850.00","xgboost",437,0.93135,0.90868,188,175,0.9309,0.0079,0.011,0.781,0.0772,0.9846,0.8
"1","medical_deductions < 129 & months_since_cert_n >=  29 & shelter_expenses_by_hh_size >= 593 & utilities >=  44","xgboost",984,0.92378,0.90867,385,359,0.9325,0.0162,0.014,1.6,0.0772,0.9846,0.8
"1","months_since_cert_n <    6.00 & shelter_expenses_by_hh_size >=  646.00 & total_deductions_by_hh_size < 1040.00 & unc_rawben_rel_max >=    1.81","xgboost",1103,0.92294,0.90867,568,513,0.9032,0.0231,0.0421,2.36,0.0772,0.9846,0.8
"1","cat_elig <=  0.5 & elderly_disabled_i >  0.5 & months_since_cert_n <=  6.5 & total_deductions_by_hh_size > 54.5","ranger",888,0.92455,0.90864,409,384,0.9389,0.0173,0.0108,1.7,0.0772,0.9846,0.8
"1","elderly_disabled_i >  0.50 & months_since_cert_n <= 10.50 & shelter_expenses_by_hh_size <= 14.50 & unc_rawben_rel_max >  1.21","ranger",310,0.93548,0.90855,4,2,0.5,1e-04,0.002,0.017,0.0772,0.9846,0.8
"1","months_since_cert_n <  11.000 & rawben_rel_max >=   0.718 & shelter_expenses_by_hh_size < 197.000 & total_deductions_by_hh_size >=  34.000","xgboost",791,0.92541,0.90855,413,391,0.9467,0.0176,0.0155,1.716,0.0772,0.9846,0.8
"1","cat_elig <=   1.5 & months_since_cert_n >  29.5 & total_deductions_by_hh_size > 291.0","ranger",609,0.92775,0.90853,347,319,0.9193,0.0144,0.0161,1.442,0.0772,0.9846,0.8
"1","medical_deductions > 3.500 & rawben_rel_max > 0.085 & rawben_rel_max <= 0.239","ranger",486,0.93004,0.90853,217,203,0.9355,0.0091,0.0061,0.902,0.0772,0.9846,0.8
"1","children_i >   0.500 & shelter_expenses_by_hh_size > 440.000 & unc_rawben_rel_max >   0.998 & unc_rawben_rel_max <=   1.210","ranger",63,0.96825,0.9085,31,27,0.871,0.0012,0.0029,0.129,0.0772,0.9846,0.8
"1","homeless <= 0.500 & rawben_rel_max > 0.991 & rawben_rel_max <= 0.995 & unc_rawben_rel_max <= 1.930","ranger",63,0.96825,0.9085,40,36,0.9,0.0016,0.0021,0.166,0.0772,0.9846,0.8
"1","cat_elig <   1.000 & rawben_rel_max >=   0.859 & shelter_expenses_by_hh_size >= 874.000","xgboost",348,0.93391,0.90848,169,164,0.9704,0.0074,0.0038,0.702,0.0772,0.9846,0.8
"1","count_divisible_by_100 <=   0.5 & percent_abawd >   0.5 & shelter_expenses_by_hh_size >  14.5 & utilities > 684.0","ranger",348,0.93391,0.90848,211,197,0.9336,0.0089,0.0102,0.877,0.0772,0.9846,0.8
"1","rawben_rel_max <    0.296 & shelter_expenses_by_hh_size >= 1230.000 & unc_rawben_rel_max <    1.480","xgboost",790,0.92532,0.90844,408,373,0.9142,0.0168,0.022,1.696,0.0772,0.9846,0.8
"1","cat_elig <=   0.5 & percent_abawd >   0.5 & total_deductions_by_hh_size > 145.0","ranger",151,0.94702,0.90841,79,77,0.9747,0.0035,0.001,0.328,0.0772,0.9846,0.8
"1","months_since_cert_n <    9 & shelter_expenses_by_hh_size < 1120 & total_deductions_by_hh_size >=  430 & total_deductions_by_hh_size <  462","xgboost",681,0.92658,0.90839,329,302,0.9179,0.0136,0.0123,1.367,0.0772,0.9846,0.8
"1","cat_elig <=   0.5 & married <=   0.5 & percent_abawd >   0.5 & shelter_expenses_by_hh_size > 201.0","ranger",137,0.94891,0.90836,66,65,0.9848,0.0029,7e-04,0.274,0.0772,0.9846,0.8
"1","medical_deductions >=   46.00 & months_since_cert_n <    1.00 & rawben_rel_max <    0.64 & total_deductions_by_hh_size < 1450.00","xgboost",137,0.94891,0.90836,55,52,0.9455,0.0023,0.001,0.229,0.0772,0.9846,0.8
"1","count_divisible_by_100 >=  1.0 & months_since_cert_n <  9.0 & total_deductions_by_hh_size >=  4.4 & utilities < 49.0","xgboost",322,0.93478,0.90833,179,168,0.9385,0.0076,0.0066,0.744,0.0772,0.9846,0.8
"1","shelter_expenses_by_hh_size >= 819 & shelter_expenses_by_hh_size < 848 & utilities >=  74","xgboost",777,0.92535,0.90832,403,371,0.9206,0.0167,0.0148,1.675,0.0772,0.9846,0.8
"1","cat_elig <=   1.500 & total_deductions_by_hh_size > 117.000 & unc_rawben_rel_max <=   0.377 & utilities <=   8.000","ranger",460,0.93043,0.9083,355,315,0.8873,0.0142,0.0263,1.475,0.0772,0.9846,0.8
"1","homeless > 0.500 & rawben_rel_max > 0.991 & utilities > 9.500","ranger",460,0.93043,0.9083,212,204,0.9623,0.0092,0.0067,0.881,0.0772,0.9846,0.8
"1","count_divisible_by_100 >  0.5 & married <=  0.5 & months_since_cert_n <= 30.5 & utilities <= 30.5","ranger",534,0.92884,0.90829,259,237,0.9151,0.0107,0.014,1.076,0.0772,0.9846,0.8
"1","months_since_cert_n <   6.00 & total_deductions_by_hh_size < 379.00 & unc_rawben_rel_max >=  -0.14 & unc_rawben_rel_max <   0.00","xgboost",497,0.92958,0.90828,216,202,0.9352,0.0091,0.0112,0.898,0.0772,0.9846,0.8
"1","homeless >  0.500 & medical_deductions > 29.000 & unc_rawben_rel_max <=  0.991","ranger",46,0.97826,0.90824,20,18,0.9,8e-04,0.0012,0.083,0.0772,0.9846,0.8
"1","medical_deductions >  0.50000 & months_since_cert_n > 26.50000 & rawben_rel_max <=  0.26600 & unc_rawben_rel_max <= -0.00915","ranger",46,0.97826,0.90824,22,21,0.9545,9e-04,0.001,0.091,0.0772,0.9846,0.8
"1","months_since_cert_n > 17.5000 & rawben_rel_max <=  0.0887 & total_deductions_by_hh_size >  2.8000 & total_deductions_by_hh_size <= 52.9000","ranger",46,0.97826,0.90824,23,21,0.913,9e-04,9e-04,0.096,0.0772,0.9846,0.8
"1","cat_elig <=   0.5 & expedited_i >   0.5 & medical_deductions <= 233.0 & shelter_expenses_by_hh_size >  25.0","ranger",296,0.93581,0.9082,143,133,0.9301,0.006,0.0074,0.594,0.0772,0.9846,0.8
"1","cat_elig <= 0.5 & expedited_i > 0.5 & months_since_cert_n > 5.5","ranger",218,0.94037,0.9082,116,108,0.931,0.0049,0.0057,0.482,0.0772,0.9846,0.8
"1","expedited_i >  0.500 & homeless >  0.500 & rawben_rel_max >  0.991 & shelter_expenses_by_hh_size > 14.000","ranger",218,0.94037,0.9082,96,93,0.9688,0.0042,0.0025,0.399,0.0772,0.9846,0.8
"1","medical_deductions >=  16 & medical_deductions < 117","xgboost",655,0.92672,0.90815,265,253,0.9547,0.0114,0.0056,1.101,0.0772,0.9846,0.8
"1","months_since_cert_n >= 28.000 & months_since_cert_n < 35.000 & rawben_rel_max <  0.336","xgboost",397,0.93199,0.90814,175,170,0.9714,0.0076,0.0023,0.727,0.0772,0.9846,0.8
"1","months_since_cert_n >= 31.00 & months_since_cert_n < 38.00 & unc_rawben_rel_max <  2.22","xgboost",1002,0.92315,0.90814,371,349,0.9407,0.0157,0.0125,1.542,0.0772,0.9846,0.8
"1","married <=   0.500 & medical_deductions > 144.000 & rawben_rel_max >   0.087 & rawben_rel_max <=   0.266","ranger",231,0.93939,0.90813,103,96,0.932,0.0043,0.003,0.428,0.0772,0.9846,0.8
"1","homeless > 0.5 & unc_rawben_rel_max > 1.0 & utilities > 9.5","ranger",459,0.93028,0.9081,212,204,0.9623,0.0092,0.0067,0.881,0.0772,0.9846,0.8
"1","homeless > 0.500 & medical_deductions <= 4.500 & rawben_rel_max > 0.991 & utilities > 9.500","ranger",459,0.93028,0.9081,212,204,0.9623,0.0092,0.0067,0.881,0.0772,0.9846,0.8
"1","cat_elig <= 0.500 & elderly_disabled_i > 0.500 & rawben_rel_max > 0.991","ranger",359,0.93315,0.90806,179,165,0.9218,0.0074,0.0105,0.744,0.0772,0.9846,0.8
"1","married >   0.5 & months_since_cert_n <=   6.5 & shelter_expenses_by_hh_size > 332.0 & utilities <= 851.0","ranger",164,0.94512,0.90799,53,48,0.9057,0.0022,0.0035,0.22,0.0772,0.9846,0.8
"1","months_since_cert_n >   30.5 & shelter_expenses_by_hh_size >  698.0 & utilities <= 1020.0","ranger",702,0.92593,0.90798,235,214,0.9106,0.0096,0.0127,0.977,0.0772,0.9846,0.8
"1","months_since_cert_n >=  28 & shelter_expenses_by_hh_size < 697 & total_deductions_by_hh_size >=  63 & utilities >=  27","xgboost",346,0.93353,0.90796,141,129,0.9149,0.0058,0.0052,0.586,0.0772,0.9846,0.8
"1","cat_elig <=    2.5 & medical_deductions >    1.5 & shelter_expenses_by_hh_size <= 1790.0 & utilities >  754.0","ranger",605,0.92727,0.90794,338,288,0.8521,0.013,0.023,1.405,0.0772,0.9846,0.8
"1","cat_elig > 0.500 & children_i > 0.500 & married > 0.500 & unc_rawben_rel_max > 0.892","ranger",108,0.9537,0.90794,43,42,0.9767,0.0019,2e-04,0.179,0.0772,0.9846,0.8
"1","children_i >=   1.000 & married >=   1.000 & medical_deductions < 265.000 & unc_rawben_rel_max >=   0.972","xgboost",108,0.9537,0.90794,45,44,0.9778,0.002,2e-04,0.187,0.0772,0.9846,0.8
"1","homeless >=    1 & months_since_cert_n <   17 & total_deductions_by_hh_size < 1020 & utilities >=  875","xgboost",108,0.9537,0.90794,58,56,0.9655,0.0025,0.0013,0.241,0.0772,0.9846,0.8
"1","elderly_disabled_i >=   1 & months_since_cert_n >=  14 & shelter_expenses_by_hh_size >= 360 & total_deductions_by_hh_size <  40","xgboost",396,0.93182,0.90792,202,187,0.9257,0.0084,0.0048,0.839,0.0772,0.9846,0.8
"1","rawben_rel_max <   0.804 & shelter_expenses_by_hh_size < 430.000 & unc_rawben_rel_max <   1.480 & utilities >= 370.000","xgboost",507,0.92899,0.90786,319,301,0.9436,0.0135,0.0075,1.326,0.0772,0.9846,0.8
"1","medical_deductions <  203.00 & rawben_rel_max <    0.66 & shelter_expenses_by_hh_size < 1360.00 & utilities >=  724.00","xgboost",987,0.923,0.90785,417,366,0.8777,0.0165,0.0238,1.733,0.0772,0.9846,0.8
"1","months_since_cert_n >=   3.0 & shelter_expenses_by_hh_size < 436.0 & total_deductions_by_hh_size >=   4.4 & utilities >= 385.0","xgboost",519,0.92871,0.90782,325,304,0.9354,0.0137,0.0113,1.351,0.0772,0.9846,0.8
"1","children_i >  0.5 & elderly_disabled_i <=  0.5 & married >  0.5 & total_deductions_by_hh_size > 70.1","ranger",150,0.94667,0.90781,60,57,0.95,0.0026,0.0013,0.249,0.0772,0.9846,0.8
"1","months_since_cert_n >=  28 & months_since_cert_n <  33 & shelter_expenses_by_hh_size >= 697 & utilities >= 612","xgboost",482,0.92946,0.90778,198,186,0.9394,0.0084,0.0065,0.823,0.0772,0.9846,0.8
"1","children_i >=  1.000 & rawben_rel_max >=  0.992 & unc_rawben_rel_max >= -0.904 & unc_rawben_rel_max <  1.210","xgboost",230,0.93913,0.90774,122,107,0.877,0.0048,0.0124,0.507,0.0772,0.9846,0.8
"1","months_since_cert_n >=  28.000 & months_since_cert_n <  35.000 & rawben_rel_max >=   0.336 & total_deductions_by_hh_size < 938.000","xgboost",962,0.92308,0.90773,353,322,0.9122,0.0145,0.0156,1.467,0.0772,0.9846,0.8
"1","months_since_cert_n >= 34.000 & rawben_rel_max <  0.620 & total_deductions_by_hh_size >= 30.000 & unc_rawben_rel_max >= -0.016","xgboost",177,0.9435,0.90772,83,78,0.9398,0.0035,0.0021,0.345,0.0772,0.9846,0.8
"1","count_divisible_by_100 <  1.000 & months_since_cert_n >= 23.000 & unc_rawben_rel_max >=  0.972","xgboost",867,0.92388,0.90771,400,363,0.9075,0.0163,0.0237,1.662,0.0772,0.9846,0.8
"1","expedited_i >=  1.00 & months_since_cert_n >= 10.00 & percent_abawd >=  0.50 & unc_rawben_rel_max <  1.29","xgboost",122,0.95082,0.90771,72,68,0.9444,0.0031,0.0033,0.299,0.0772,0.9846,0.8
"1","children_i > 0.500 & count_divisible_by_100 <= 0.500 & married > 0.500 & rawben_rel_max > 0.503","ranger",136,0.94853,0.9077,51,50,0.9804,0.0022,2e-04,0.212,0.0772,0.9846,0.8
"1","months_since_cert_n <   1 & total_deductions_by_hh_size >= 490","xgboost",973,0.92292,0.90765,478,431,0.9017,0.0194,0.0265,1.986,0.0772,0.9846,0.8
"1","percent_abawd >   0.5 & shelter_expenses_by_hh_size >   5.0 & shelter_expenses_by_hh_size <= 554.0 & total_deductions_by_hh_size > 184.0","ranger",518,0.92857,0.90765,237,220,0.9283,0.0099,0.0117,0.985,0.0772,0.9846,0.8
"1","rawben_rel_max <   0.188 & shelter_expenses_by_hh_size >= 714.000 & total_deductions_by_hh_size >= 340.000 & utilities < 462.000","xgboost",518,0.92857,0.90765,236,216,0.9153,0.0097,0.0149,0.981,0.0772,0.9846,0.8
"1","cat_elig <   1.0 & expedited_i <   1.0 & rawben_rel_max >=   0.5 & total_deductions_by_hh_size >= 422.0","xgboost",795,0.92453,0.90764,430,400,0.9302,0.018,0.0128,1.787,0.0772,0.9846,0.8
"1","medical_deductions < 503.00 & months_since_cert_n >=  18.00 & total_deductions_by_hh_size >= 803.00 & unc_rawben_rel_max >=   1.08","xgboost",627,0.92663,0.90761,330,313,0.9485,0.0141,0.0118,1.371,0.0772,0.9846,0.8
"1","homeless <=   0.500 & months_since_cert_n >  21.500 & rawben_rel_max <=   0.996 & utilities > 952.000","ranger",78,0.96154,0.9076,73,71,0.9726,0.0032,7e-04,0.303,0.0772,0.9846,0.8
"1","count_divisible_by_100 >= 1.00 & months_since_cert_n >= 4.00 & rawben_rel_max >= 1.00 & unc_rawben_rel_max >= 1.17","xgboost",294,0.93537,0.90759,183,166,0.9071,0.0075,0.0146,0.761,0.0772,0.9846,0.8
"1","expedited_i >=    1.00 & shelter_expenses_by_hh_size < 1120.00 & total_deductions_by_hh_size >=  616.00 & unc_rawben_rel_max >=    0.72","xgboost",590,0.92712,0.9075,437,396,0.9062,0.0178,0.0288,1.816,0.0772,0.9846,0.8
"1","months_since_cert_n <    1.000 & rawben_rel_max <    0.533 & shelter_expenses_by_hh_size < 1150.000 & total_deductions_by_hh_size >=  163.000","xgboost",431,0.93039,0.90743,220,202,0.9182,0.0091,0.0092,0.914,0.0772,0.9846,0.8
"1","months_since_cert_n <   2.000 & rawben_rel_max >=   0.964 & shelter_expenses_by_hh_size >= 900.000 & total_deductions_by_hh_size >= 749.000","xgboost",431,0.93039,0.90743,244,226,0.9262,0.0102,0.0136,1.014,0.0772,0.9846,0.8
"1","percent_abawd >=   0.5 & utilities >= 724.0","xgboost",344,0.93314,0.90743,212,197,0.9292,0.0089,0.0104,0.881,0.0772,0.9846,0.8
"1","children_i >=  1.000 & months_since_cert_n < 18.000 & rawben_rel_max >=  0.992 & unc_rawben_rel_max <  1.210","xgboost",229,0.93886,0.90735,122,107,0.877,0.0048,0.0124,0.507,0.0772,0.9846,0.8
"1","percent_abawd >=   0.5 & utilities >= 580.0","xgboost",601,0.92679,0.90733,334,306,0.9162,0.0138,0.0193,1.388,0.0772,0.9846,0.8
"1","count_divisible_by_100 >=   1 & married <   1 & shelter_expenses_by_hh_size < 925 & utilities < 284","xgboost",661,0.92587,0.90732,325,300,0.9231,0.0135,0.0169,1.351,0.0772,0.9846,0.8
"1","cat_elig <   1 & shelter_expenses_by_hh_size >=  29 & shelter_expenses_by_hh_size < 297","xgboost",331,0.93353,0.90731,107,102,0.9533,0.0046,0.0022,0.445,0.0772,0.9846,0.8
"1","count_divisible_by_100 > 0.5 & count_divisible_by_100 <= 1.5 & medical_deductions <= 0.5 & months_since_cert_n > 5.5","ranger",649,0.92604,0.90731,383,343,0.8956,0.0154,0.0239,1.592,0.0772,0.9846,0.8
"1","medical_deductions < 164.0 & percent_abawd >=   0.5 & total_deductions_by_hh_size < 947.0 & utilities >= 550.0","xgboost",649,0.92604,0.90731,383,351,0.9164,0.0158,0.0227,1.592,0.0772,0.9846,0.8
"1","shelter_expenses_by_hh_size >= 1040 & shelter_expenses_by_hh_size < 1210 & total_deductions_by_hh_size <  504 & utilities <  819","xgboost",293,0.93515,0.90728,158,152,0.962,0.0068,0.0039,0.657,0.0772,0.9846,0.8
"1","cat_elig >=   2 & months_since_cert_n >=  25 & total_deductions_by_hh_size < 743","xgboost",528,0.92803,0.90727,21,21,1,9e-04,0,0.087,0.0772,0.9846,0.8
"1","count_divisible_by_100 >=   1 & months_since_cert_n <  10 & total_deductions_by_hh_size >=   9 & utilities < 313","xgboost",430,0.93023,0.90722,239,220,0.9205,0.0099,0.0116,0.993,0.0772,0.9846,0.8
"1","count_divisible_by_100 >=   1 & total_deductions_by_hh_size < 101","xgboost",393,0.9313,0.90722,206,194,0.9417,0.0087,0.0073,0.856,0.0772,0.9846,0.8
"1","count_divisible_by_100 >= 1 & months_since_cert_n >= 9","xgboost",552,0.92754,0.90722,294,259,0.881,0.0117,0.0213,1.222,0.0772,0.9846,0.8
"1","cat_elig >=   1 & months_since_cert_n >=  29 & shelter_expenses_by_hh_size >= 987","xgboost",672,0.9256,0.90718,294,273,0.9286,0.0123,0.0125,1.222,0.0772,0.9846,0.8
"1","rawben_rel_max <  0.23 & total_deductions_by_hh_size >=  4.40 & total_deductions_by_hh_size < 96.00 & utilities >= 48.00","xgboost",672,0.9256,0.90718,315,290,0.9206,0.013,0.0093,1.309,0.0772,0.9846,0.8
"1","shelter_expenses_by_hh_size >= 549 & total_deductions_by_hh_size < 600 & utilities >= 789","xgboost",636,0.9261,0.90717,265,235,0.8868,0.0106,0.0161,1.101,0.0772,0.9846,0.8
"1","months_since_cert_n >=  28.000 & rawben_rel_max <   0.859 & utilities < 680.000","xgboost",897,0.92308,0.90714,395,367,0.9291,0.0165,0.0129,1.642,0.0772,0.9846,0.8
"1","medical_deductions > 116.000 & rawben_rel_max >   0.085 & total_deductions_by_hh_size <= 642.000 & unc_rawben_rel_max <=   0.266","ranger",267,0.93633,0.90711,129,120,0.9302,0.0054,0.0034,0.536,0.0772,0.9846,0.8
"1","medical_deductions >= 167.000 & medical_deductions < 307.000 & months_since_cert_n <  15.000 & rawben_rel_max <   0.515","xgboost",380,0.93158,0.90708,171,152,0.8889,0.0068,0.0082,0.711,0.0772,0.9846,0.8
"1","count_divisible_by_100 <    1.000 & months_since_cert_n >=   23.000 & total_deductions_by_hh_size < 1080.000 & unc_rawben_rel_max >=    0.972","xgboost",695,0.92518,0.90706,315,285,0.9048,0.0128,0.0194,1.309,0.0772,0.9846,0.8
"1","medical_deductions >= 157 & months_since_cert_n <   5 & utilities >= 534","xgboost",189,0.9418,0.90706,84,67,0.7976,0.003,0.0089,0.349,0.0772,0.9846,0.8
"1","months_since_cert_n >=  28.000 & months_since_cert_n <  35.000 & rawben_rel_max <   0.336 & utilities >= 361.000","xgboost",189,0.9418,0.90706,72,70,0.9722,0.0031,8e-04,0.299,0.0772,0.9846,0.8
"1","cat_elig <= 0.500 & elderly_disabled_i > 0.500 & married <= 0.500 & rawben_rel_max > 0.991","ranger",355,0.93239,0.90704,179,165,0.9218,0.0074,0.0105,0.744,0.0772,0.9846,0.8
"1","cat_elig >=    2.00 & shelter_expenses_by_hh_size >= 1190.00 & unc_rawben_rel_max <    1.81 & utilities >= 1010.00","xgboost",355,0.93239,0.90704,1,1,1,0,0,0.004,0.0772,0.9846,0.8
"1","children_i >  0.5 & married >  0.5 & months_since_cert_n <=  8.5 & total_deductions_by_hh_size > 70.1","ranger",135,0.94815,0.90704,55,52,0.9455,0.0023,0.0013,0.229,0.0772,0.9846,0.8
"1","elderly_disabled_i >  0.500 & rawben_rel_max <=  0.596 & shelter_expenses_by_hh_size <=  5.500 & total_deductions_by_hh_size > 80.200","ranger",135,0.94815,0.90704,79,73,0.9241,0.0033,0.0039,0.328,0.0772,0.9846,0.8
"1","cat_elig <   1.00 & shelter_expenses_by_hh_size >= 987.00 & total_deductions_by_hh_size >= 572.00 & unc_rawben_rel_max <   1.48","xgboost",478,0.92887,0.90702,252,243,0.9643,0.0109,0.0044,1.047,0.0772,0.9846,0.8
"1","cat_elig >  0.500 & homeless >  0.500 & months_since_cert_n > 10.500 & rawben_rel_max >  0.991","ranger",228,0.9386,0.90695,114,113,0.9912,0.0051,0.001,0.474,0.0772,0.9846,0.8
"1","cat_elig >=   2.000 & rawben_rel_max >=   0.787 & total_deductions_by_hh_size >= 729.000 & utilities >= 886.000","xgboost",514,0.92802,0.90694,18,17,0.9444,8e-04,5e-04,0.075,0.0772,0.9846,0.8
"1","homeless > 0.500 & rawben_rel_max <= 0.521","ranger",453,0.92936,0.9069,235,205,0.8723,0.0092,0.018,0.977,0.0772,0.9846,0.8
"1","homeless >=  1.000 & rawben_rel_max >=  0.973 & total_deductions_by_hh_size >= 63.000","xgboost",465,0.92903,0.90686,211,195,0.9242,0.0088,0.0108,0.877,0.0772,0.9846,0.8
"1","elderly_disabled_i > 0.5 & homeless > 0.5 & months_since_cert_n <= 7.5","ranger",416,0.93029,0.90685,191,167,0.8743,0.0075,0.0156,0.794,0.0772,0.9846,0.8
"1","months_since_cert_n <   1.00 & shelter_expenses_by_hh_size >= 798.00 & unc_rawben_rel_max <   1.73","xgboost",800,0.92375,0.90685,416,378,0.9087,0.017,0.0197,1.729,0.0772,0.9846,0.8
"1","months_since_cert_n <   2.0 & percent_abawd >=   0.5 & total_deductions_by_hh_size >= 546.0","xgboost",329,0.93313,0.90676,158,140,0.8861,0.0063,0.0099,0.657,0.0772,0.9846,0.8
"1","months_since_cert_n >=  25 & total_deductions_by_hh_size >= 715 & utilities >= 651","xgboost",609,0.92611,0.90672,291,276,0.9485,0.0124,0.0077,1.209,0.0772,0.9846,0.8
"1","cat_elig <   1.00 & medical_deductions >= 114.00 & rawben_rel_max <   0.32","xgboost",175,0.94286,0.90669,73,72,0.9863,0.0032,3e-04,0.303,0.0772,0.9846,0.8
"1","count_divisible_by_100 >   0.500 & elderly_disabled_i <=   0.500 & unc_rawben_rel_max >   0.991 & utilities > 402.000","ranger",175,0.94286,0.90669,86,77,0.8953,0.0035,0.007,0.357,0.0772,0.9846,0.8
"1","elderly_disabled_i <=   0.5 & married >   0.5 & total_deductions_by_hh_size > 273.0","ranger",175,0.94286,0.90669,70,67,0.9571,0.003,0.0013,0.291,0.0772,0.9846,0.8
"1","medical_deductions >=  16.000 & medical_deductions < 167.000 & rawben_rel_max <   0.722 & utilities < 298.000","xgboost",464,0.92888,0.90666,198,183,0.9242,0.0082,0.0066,0.823,0.0772,0.9846,0.8
"1","rawben_rel_max >=   0.0928 & shelter_expenses_by_hh_size >= 616.0000 & unc_rawben_rel_max >=  -0.0040 & unc_rawben_rel_max <   0.1200","xgboost",148,0.94595,0.9066,72,69,0.9583,0.0031,0.0012,0.299,0.0772,0.9846,0.8
"1","cat_elig >=  1.0000 & medical_deductions >= 93.0000 & rawben_rel_max <  0.3540 & unc_rawben_rel_max >= -0.0344","xgboost",715,0.92448,0.90657,340,308,0.9059,0.0139,0.0116,1.413,0.0772,0.9846,0.8
"1","medical_deductions >    1.5 & shelter_expenses_by_hh_size <= 1790.0 & utilities >  754.0","ranger",608,0.92599,0.90657,338,288,0.8521,0.013,0.023,1.405,0.0772,0.9846,0.8
"1","children_i > 0.500 & unc_rawben_rel_max > 0.998 & unc_rawben_rel_max <= 1.210","ranger",227,0.93833,0.90655,120,106,0.8833,0.0048,0.0117,0.499,0.0772,0.9846,0.8
"1","medical_deductions <  148 & months_since_cert_n >=    8 & shelter_expenses_by_hh_size < 1290 & utilities >=  992","xgboost",214,0.93925,0.90652,211,200,0.9479,0.009,0.0069,0.877,0.0772,0.9846,0.8
"1","medical_deductions >  132.000 & rawben_rel_max >    0.991 & total_deductions_by_hh_size <= 1680.000","ranger",328,0.93293,0.90648,119,107,0.8992,0.0048,0.0111,0.495,0.0772,0.9846,0.8
"1","cat_elig <   2.00 & months_since_cert_n >=  32.00 & unc_rawben_rel_max >=   1.16 & utilities >= 436.00","xgboost",77,0.96104,0.90645,55,55,1,0.0025,0,0.229,0.0772,0.9846,0.8
"1","count_divisible_by_100 >   0.5 & elderly_disabled_i <=   0.5 & homeless <=   0.5 & total_deductions_by_hh_size > 184.0","ranger",523,0.92734,0.90639,297,264,0.8889,0.0119,0.0222,1.234,0.0772,0.9846,0.8
"1","homeless <   1.000 & months_since_cert_n <  16.000 & rawben_rel_max >=   0.712 & utilities >= 992.000","xgboost",571,0.92644,0.90639,596,563,0.9446,0.0253,0.0226,2.477,0.0772,0.9846,0.8
"1","children_i > 0.50 & homeless <= 0.50 & married > 0.50 & rawben_rel_max > 0.71","ranger",134,0.94776,0.90636,54,53,0.9815,0.0024,2e-04,0.224,0.0772,0.9846,0.8
"1","count_divisible_by_100 >   0.500 & medical_deductions > 155.000 & rawben_rel_max <=   0.325 & utilities >  14.500","ranger",45,0.97778,0.90633,18,18,1,8e-04,0,0.075,0.0772,0.9846,0.8
"1","count_divisible_by_100 > 0.5 & months_since_cert_n > 6.5 & percent_abawd > 0.5 & shelter_expenses_by_hh_size > 5.5","ranger",45,0.97778,0.90633,30,27,0.9,0.0012,0.003,0.125,0.0772,0.9846,0.8
"1","elderly_disabled_i <   1 & shelter_expenses_by_hh_size >= 925 & total_deductions_by_hh_size < 803 & utilities >= 819","xgboost",315,0.93333,0.90633,261,243,0.931,0.0109,0.0129,1.085,0.0772,0.9846,0.8
"1","elderly_disabled_i <= 0.5 & expedited_i <= 0.5 & married > 0.5 & months_since_cert_n <= 7.5","ranger",161,0.9441,0.90632,58,54,0.931,0.0024,0.0027,0.241,0.0772,0.9846,0.8
"1","cat_elig <   1.000 & rawben_rel_max <   0.240 & total_deductions_by_hh_size >= 228.000 & unc_rawben_rel_max >=  -0.495","xgboost",252,0.93651,0.90631,122,120,0.9836,0.0054,6e-04,0.507,0.0772,0.9846,0.8
"1","married <=   0.500 & medical_deductions > 144.000 & rawben_rel_max >   0.266 & unc_rawben_rel_max >   0.991","ranger",252,0.93651,0.90631,125,111,0.888,0.005,0.0123,0.519,0.0772,0.9846,0.8
"1","elderly_disabled_i > 0.5 & expedited_i > 0.5 & homeless > 0.5","ranger",106,0.95283,0.90626,60,52,0.8667,0.0023,0.0055,0.249,0.0772,0.9846,0.8
"1","medical_deductions < 170 & months_since_cert_n <   5 & utilities >= 361 & utilities < 385","xgboost",830,0.92289,0.90625,598,545,0.9114,0.0245,0.0259,2.485,0.0772,0.9846,0.8
"1","months_since_cert_n >= 16 & months_since_cert_n < 23 & shelter_expenses_by_hh_size < 80","xgboost",474,0.92827,0.90625,196,187,0.9541,0.0084,0.0058,0.815,0.0772,0.9846,0.8
"1","months_since_cert_n >=  32 & total_deductions_by_hh_size >= 459","xgboost",486,0.92798,0.90623,197,181,0.9188,0.0081,0.0101,0.819,0.0772,0.9846,0.8
"1","elderly_disabled_i < 1.00 & married >= 1.00 & rawben_rel_max >= 0.79 & unc_rawben_rel_max < 1.46","xgboost",120,0.95,0.90622,53,51,0.9623,0.0023,0.0023,0.22,0.0772,0.9846,0.8
"1","homeless >  0.500 & months_since_cert_n > 10.500 & rawben_rel_max >  0.991","ranger",239,0.93724,0.90622,127,125,0.9843,0.0056,0.0013,0.528,0.0772,0.9846,0.8
"1","medical_deductions >=  87.000 & rawben_rel_max <   0.376 & utilities >= 388.000 & utilities < 426.000","xgboost",120,0.95,0.90622,52,47,0.9038,0.0021,0.0013,0.216,0.0772,0.9846,0.8
"1","shelter_expenses_by_hh_size >=  29 & shelter_expenses_by_hh_size < 557 & total_deductions_by_hh_size >= 182 & utilities >= 459","xgboost",665,0.92481,0.90622,207,191,0.9227,0.0086,0.0084,0.86,0.0772,0.9846,0.8
"1","cat_elig <= 1.5 & elderly_disabled_i <= 0.5 & homeless > 0.5 & shelter_expenses_by_hh_size > 5.5","ranger",302,0.93377,0.90617,249,235,0.9438,0.0106,0.0102,1.035,0.0772,0.9846,0.8
"1","months_since_cert_n <   8.000 & rawben_rel_max >=   0.296 & shelter_expenses_by_hh_size >= 460.000 & shelter_expenses_by_hh_size < 476.000","xgboost",174,0.94253,0.90616,97,94,0.9691,0.0042,0.0012,0.403,0.0772,0.9846,0.8
"1","cat_elig <= 0.500 & elderly_disabled_i > 0.500 & unc_rawben_rel_max <= 0.991 & utilities <= 5.000","ranger",339,0.93215,0.90609,181,171,0.9448,0.0077,0.0046,0.752,0.0772,0.9846,0.8
"1","months_since_cert_n <   2 & total_deductions_by_hh_size < 542 & utilities >= 361 & utilities < 385","xgboost",213,0.93897,0.90609,161,153,0.9503,0.0069,0.0032,0.669,0.0772,0.9846,0.8
"1","months_since_cert_n >=  25 & months_since_cert_n <  34 & shelter_expenses_by_hh_size < 884 & utilities < 350","xgboost",545,0.92661,0.90605,263,244,0.9278,0.011,0.0098,1.093,0.0772,0.9846,0.8
"1","medical_deductions >   3.5 & shelter_expenses_by_hh_size >   5.5 & total_deductions_by_hh_size <= 330.0 & utilities <= 360.0","ranger",497,0.92757,0.90604,207,190,0.9179,0.0085,0.0067,0.86,0.0772,0.9846,0.8
"1","cat_elig >   2.5 & elderly_disabled_i >   0.5 & medical_deductions <= 116.0","ranger",147,0.94558,0.90598,0,0,NA,0,0,0,0.0772,0.9846,0.8
"1","children_i >  0.5 & married >  0.5 & utilities > 21.5","ranger",147,0.94558,0.90598,58,56,0.9655,0.0025,0.001,0.241,0.0772,0.9846,0.8
"1","count_divisible_by_100 >=   1 & married <   1 & shelter_expenses_by_hh_size < 925 & utilities >= 284","xgboost",580,0.92586,0.90592,329,306,0.9301,0.0138,0.0109,1.367,0.0772,0.9846,0.8
"1","children_i <  1.000 & months_since_cert_n >= 18.000 & months_since_cert_n < 19.000 & rawben_rel_max <  0.568","xgboost",301,0.93355,0.90587,171,158,0.924,0.0071,0.0076,0.711,0.0772,0.9846,0.8
"1","married <  1.000 & months_since_cert_n >= 28.000 & months_since_cert_n < 34.000 & rawben_rel_max >=  0.672","xgboost",674,0.92433,0.90583,272,242,0.8897,0.0109,0.0166,1.13,0.0772,0.9846,0.8
"1","months_since_cert_n >= 25.000 & months_since_cert_n < 27.000 & rawben_rel_max <  0.625","xgboost",238,0.93697,0.90583,113,102,0.9027,0.0046,0.0044,0.47,0.0772,0.9846,0.8
"1","rawben_rel_max <   0.988 & unc_rawben_rel_max >=   0.972 & utilities >= 367.000","xgboost",238,0.93697,0.90583,110,94,0.8545,0.0042,0.0098,0.457,0.0772,0.9846,0.8
"1","cat_elig >  0.5 & count_divisible_by_100 >  0.5 & elderly_disabled_i <=  0.5 & total_deductions_by_hh_size <= 55.5","ranger",160,0.94375,0.90575,69,62,0.8986,0.0028,0.0045,0.287,0.0772,0.9846,0.8
"1","children_i <= 0.500 & elderly_disabled_i > 0.500 & rawben_rel_max > 0.991 & rawben_rel_max <= 0.993","ranger",26,1,0.90573,36,32,0.8889,0.0014,0.0021,0.15,0.0772,0.9846,0.8
"1","homeless >  0.5 & medical_deductions > 46.0 & total_deductions_by_hh_size > 64.4 & utilities <= 12.5","ranger",26,1,0.90573,12,10,0.8333,4e-04,0.0015,0.05,0.0772,0.9846,0.8
"1","medical_deductions >  168.000 & rawben_rel_max >    0.991 & shelter_expenses_by_hh_size > 1640.000 & total_deductions_by_hh_size >    7.800","ranger",26,1,0.90573,15,14,0.9333,6e-04,0.001,0.062,0.0772,0.9846,0.8
"1","shelter_expenses_by_hh_size >= 1800.00 & total_deductions_by_hh_size >=  769.00 & unc_rawben_rel_max >=    1.86 & utilities <  503.00","xgboost",26,1,0.90573,9,7,0.7778,3e-04,0.002,0.037,0.0772,0.9846,0.8
"1","medical_deductions < 78.000 & months_since_cert_n >= 32.000 & months_since_cert_n < 35.000 & rawben_rel_max >=  0.336","xgboost",423,0.92908,0.9057,151,140,0.9272,0.0063,0.0059,0.628,0.0772,0.9846,0.8
"1","cat_elig <=  2.50 & count_divisible_by_100 >  0.50 & unc_rawben_rel_max > -2.12 & utilities <=  8.00","ranger",519,0.92678,0.90568,258,235,0.9109,0.0106,0.015,1.072,0.0772,0.9846,0.8
"1","elderly_disabled_i <=   0.5 & married >   0.5 & shelter_expenses_by_hh_size > 873.0","ranger",61,0.96721,0.90564,27,25,0.9259,0.0011,5e-04,0.112,0.0772,0.9846,0.8
"1","homeless >=   1.000 & rawben_rel_max <   0.364 & shelter_expenses_by_hh_size >= 205.000 & unc_rawben_rel_max <   0.972","xgboost",91,0.95604,0.90563,51,43,0.8431,0.0019,0.0061,0.212,0.0772,0.9846,0.8
"1","medical_deductions >= 157.000 & rawben_rel_max <   0.568 & shelter_expenses_by_hh_size < 577.000 & utilities >= 287.000","xgboost",91,0.95604,0.90563,37,34,0.9189,0.0015,9e-04,0.154,0.0772,0.9846,0.8
"1","rawben_rel_max <    0.0893 & shelter_expenses_by_hh_size < 1800.0000 & total_deductions_by_hh_size >=   47.0000 & utilities <   44.0000","xgboost",578,0.92561,0.9056,255,230,0.902,0.0103,0.0191,1.06,0.0772,0.9846,0.8
"1","shelter_expenses_by_hh_size < 723 & total_deductions_by_hh_size >= 535 & utilities >= 483","xgboost",554,0.92599,0.90555,219,200,0.9132,0.009,0.0129,0.91,0.0772,0.9846,0.8
"1","homeless <=  0.5 & months_since_cert_n > 14.5 & shelter_expenses_by_hh_size <=  5.5","ranger",601,0.92512,0.9055,261,246,0.9425,0.0111,0.0108,1.085,0.0772,0.9846,0.8
"1","medical_deductions > 100.000 & total_deductions_by_hh_size > 510.000 & unc_rawben_rel_max >   0.991","ranger",410,0.92927,0.9055,178,160,0.8989,0.0072,0.0153,0.74,0.0772,0.9846,0.8
"1","months_since_cert_n >=  30 & total_deductions_by_hh_size >= 459 & utilities >= 334","xgboost",695,0.92374,0.90549,282,261,0.9255,0.0117,0.0123,1.172,0.0772,0.9846,0.8
"1","months_since_cert_n >=  15 & shelter_expenses_by_hh_size >= 228 & shelter_expenses_by_hh_size < 652 & utilities <  56","xgboost",589,0.9253,0.90547,335,306,0.9134,0.0138,0.0136,1.392,0.0772,0.9846,0.8
"1","homeless >  0.5 & percent_abawd >  0.5 & total_deductions_by_hh_size > 55.5 & utilities > 75.5","ranger",119,0.94958,0.90546,92,90,0.9783,0.004,0.0019,0.382,0.0772,0.9846,0.8
"1","shelter_expenses_by_hh_size >= 1290 & shelter_expenses_by_hh_size < 1430 & total_deductions_by_hh_size <  815","xgboost",577,0.92548,0.90544,329,296,0.8997,0.0133,0.0185,1.367,0.0772,0.9846,0.8
"1","months_since_cert_n >=  24.000 & rawben_rel_max <   0.864 & shelter_expenses_by_hh_size >= 793.000 & utilities >= 494.000","xgboost",588,0.92517,0.90531,281,256,0.911,0.0115,0.0117,1.168,0.0772,0.9846,0.8
"1","months_since_cert_n <   1.000 & rawben_rel_max <   0.672 & utilities >= 430.000","xgboost",397,0.92947,0.9053,200,187,0.935,0.0084,0.0069,0.831,0.0772,0.9846,0.8
"1","cat_elig <= 0.500 & months_since_cert_n > 4.500 & rawben_rel_max <= 0.941 & shelter_expenses_by_hh_size <= 5.500","ranger",76,0.96053,0.90527,55,53,0.9636,0.0024,0.0016,0.229,0.0772,0.9846,0.8
"1","count_divisible_by_100 >  0.5 & utilities >  5.0 & utilities <= 53.0","ranger",76,0.96053,0.90527,41,40,0.9756,0.0018,0.001,0.17,0.0772,0.9846,0.8
"1","count_divisible_by_100 > 0.5 & expedited_i > 0.5 & shelter_expenses_by_hh_size <= 5.5","ranger",76,0.96053,0.90527,27,24,0.8889,0.0011,0.0024,0.112,0.0772,0.9846,0.8
"1","medical_deductions >   0.5 & months_since_cert_n <=   5.5 & total_deductions_by_hh_size <= 460.0","ranger",623,0.92456,0.90526,283,266,0.9399,0.012,0.0053,1.176,0.0772,0.9846,0.8
"1","months_since_cert_n >= 22.000 & months_since_cert_n < 28.000 & rawben_rel_max >=  0.992","xgboost",469,0.92751,0.90526,243,223,0.9177,0.01,0.0141,1.01,0.0772,0.9846,0.8
"1","months_since_cert_n >=  11.0 & months_since_cert_n <  21.0 & shelter_expenses_by_hh_size < 460.0 & unc_rawben_rel_max >=   1.2","xgboost",658,0.92401,0.90523,393,366,0.9313,0.0165,0.0227,1.633,0.0772,0.9846,0.8
"1","cat_elig <=  0.5 & homeless <=  0.5 & married <=  0.5 & months_since_cert_n > 11.5","ranger",693,0.92352,0.90522,362,337,0.9309,0.0152,0.0119,1.504,0.0772,0.9846,0.8
"1","count_divisible_by_100 >  0.5 & married <=  0.5 & utilities <= 30.5","ranger",540,0.92593,0.90519,262,239,0.9122,0.0108,0.015,1.089,0.0772,0.9846,0.8
"1","months_since_cert_n >=  25 & months_since_cert_n <  29 & total_deductions_by_hh_size >= 256 & utilities >= 735","xgboost",311,0.93248,0.90514,142,136,0.9577,0.0061,0.0031,0.59,0.0772,0.9846,0.8
"1","rawben_rel_max <   0.199 & shelter_expenses_by_hh_size >= 664.000 & total_deductions_by_hh_size >= 523.000 & total_deductions_by_hh_size < 576.000","xgboost",185,0.94054,0.90509,86,81,0.9419,0.0036,0.0022,0.357,0.0772,0.9846,0.8
"1","months_since_cert_n >=  25.000 & months_since_cert_n <  34.000 & rawben_rel_max >=   0.644 & total_deductions_by_hh_size >= 650.000","xgboost",610,0.92459,0.90507,302,277,0.9172,0.0125,0.0136,1.255,0.0772,0.9846,0.8
"1","cat_elig <    1 & children_i <    1 & months_since_cert_n >=   15 & total_deductions_by_hh_size < 1780","xgboost",551,0.92559,0.90505,281,259,0.9217,0.0117,0.0099,1.168,0.0772,0.9846,0.8
"1","cat_elig <= 0.500 & elderly_disabled_i > 0.500 & homeless <= 0.500 & rawben_rel_max > 0.991","ranger",335,0.93134,0.90499,168,156,0.9286,0.007,0.0094,0.698,0.0772,0.9846,0.8
"1","medical_deductions >= 152 & medical_deductions < 200 & total_deductions_by_hh_size < 511","xgboost",335,0.93134,0.90499,135,124,0.9185,0.0056,0.0041,0.561,0.0772,0.9846,0.8
"1","expedited_i <    1.0 & total_deductions_by_hh_size >=  855.0 & unc_rawben_rel_max >=    1.2 & utilities >= 1010.0","xgboost",132,0.94697,0.90498,185,183,0.9892,0.0082,8e-04,0.769,0.0772,0.9846,0.8
"1","cat_elig <=   0.500 & elderly_disabled_i >   0.500 & medical_deductions <= 184.000 & rawben_rel_max >   0.991","ranger",347,0.93084,0.90493,173,159,0.9191,0.0072,0.0105,0.719,0.0772,0.9846,0.8
"1","months_since_cert_n >=  29.000 & rawben_rel_max <   0.945 & shelter_expenses_by_hh_size >= 853.000","xgboost",455,0.92747,0.90484,183,169,0.9235,0.0076,0.0075,0.761,0.0772,0.9846,0.8
"1","months_since_cert_n >=    7.0000 & rawben_rel_max <    0.0928 & shelter_expenses_by_hh_size >= 1090.0000 & utilities <  875.0000","xgboost",395,0.92911,0.90482,183,171,0.9344,0.0077,0.0097,0.761,0.0772,0.9846,0.8
"1","cat_elig <   1.0000 & rawben_rel_max >=   0.0893 & shelter_expenses_by_hh_size >= 974.0000 & unc_rawben_rel_max >=   0.1070","xgboost",620,0.92419,0.9048,326,316,0.9693,0.0142,0.005,1.355,0.0772,0.9846,0.8
"1","children_i >=    1.000 & rawben_rel_max >=    0.992 & unc_rawben_rel_max <    1.200 & utilities < 1010.000","xgboost",118,0.94915,0.90468,51,45,0.8824,0.002,0.0045,0.212,0.0772,0.9846,0.8
"1","months_since_cert_n <   9.000 & rawben_rel_max >=   0.371 & total_deductions_by_hh_size < 209.000 & utilities >= 376.000","xgboost",235,0.93617,0.90465,150,138,0.92,0.0062,0.0059,0.623,0.0772,0.9846,0.8
"1","medical_deductions >   7.5 & medical_deductions <= 105.0","ranger",525,0.92571,0.90463,259,244,0.9421,0.011,0.0065,1.076,0.0772,0.9846,0.8
"1","months_since_cert_n <   17 & shelter_expenses_by_hh_size >= 1060 & total_deductions_by_hh_size <  563 & utilities <  819","xgboost",370,0.92973,0.90461,215,206,0.9581,0.0093,0.0043,0.893,0.0772,0.9846,0.8
"1","cat_elig <= 0.500 & expedited_i > 0.500 & rawben_rel_max > 0.991 & unc_rawben_rel_max > 1.410","ranger",158,0.94304,0.90459,70,63,0.9,0.0028,0.0065,0.291,0.0772,0.9846,0.8
"1","children_i >   0.5 & married >   0.5 & total_deductions_by_hh_size <= 704.0 & utilities >  44.5","ranger",104,0.95192,0.90452,42,40,0.9524,0.0018,0.001,0.175,0.0772,0.9846,0.8
"1","children_i <  1.000 & count_divisible_by_100 >=  1.000 & rawben_rel_max >=  0.158 & utilities < 74.000","xgboost",536,0.92537,0.90449,271,252,0.9299,0.0113,0.012,1.126,0.0772,0.9846,0.8
"1","months_since_cert_n >=   10 & utilities >=  956 & utilities < 1020","xgboost",222,0.93694,0.90449,167,156,0.9341,0.007,0.0072,0.694,0.0772,0.9846,0.8
"1","total_deductions_by_hh_size <  4.4 & utilities >= 48.0 & utilities < 63.0","xgboost",321,0.93146,0.90448,179,170,0.9497,0.0076,0.0044,0.744,0.0772,0.9846,0.8
"1","medical_deductions >= 135.000 & months_since_cert_n >=  13.000 & rawben_rel_max <   0.529","xgboost",465,0.92688,0.90446,177,164,0.9266,0.0074,0.0043,0.736,0.0772,0.9846,0.8
"1","rawben_rel_max >=   0.504 & rawben_rel_max <   0.552 & utilities >= 430.000","xgboost",641,0.92356,0.90446,345,308,0.8928,0.0139,0.0148,1.434,0.0772,0.9846,0.8
"1","months_since_cert_n >=   25 & shelter_expenses_by_hh_size >= 1230 & total_deductions_by_hh_size >=  815","xgboost",429,0.92774,0.90438,205,191,0.9317,0.0086,0.0065,0.852,0.0772,0.9846,0.8
"1","cat_elig <    1 & months_since_cert_n <    3 & shelter_expenses_by_hh_size >=  269 & shelter_expenses_by_hh_size < 1060","xgboost",500,0.926,0.90436,250,233,0.932,0.0105,0.0073,1.039,0.0772,0.9846,0.8
"1","shelter_expenses_by_hh_size < 681.00 & unc_rawben_rel_max >=   1.52 & utilities >= 426.00 & utilities < 551.00","xgboost",393,0.92875,0.90435,158,145,0.9177,0.0065,0.0104,0.657,0.0772,0.9846,0.8
"1","cat_elig <= 0.500 & children_i <= 0.500 & count_divisible_by_100 > 0.500 & rawben_rel_max <= 0.373","ranger",44,0.97727,0.90433,12,12,1,5e-04,0,0.05,0.0772,0.9846,0.8
"1","medical_deductions > 346.000 & rawben_rel_max <=   0.991 & unc_rawben_rel_max <=   0.254 & utilities > 260.000","ranger",44,0.97727,0.90433,24,24,1,0.0011,0,0.1,0.0772,0.9846,0.8
"1","months_since_cert_n >  38.5 & total_deductions_by_hh_size > 532.0 & utilities >   8.0","ranger",44,0.97727,0.90433,26,25,0.9615,0.0011,8e-04,0.108,0.0772,0.9846,0.8
"1","percent_abawd >=   0.5 & shelter_expenses_by_hh_size >= 793.0 & utilities >= 724.0","xgboost",271,0.93358,0.90416,207,192,0.9275,0.0086,0.0104,0.86,0.0772,0.9846,0.8
"1","medical_deductions >  168.000 & rawben_rel_max >    0.991 & total_deductions_by_hh_size > 1350.000","ranger",60,0.96667,0.90415,40,33,0.825,0.0015,0.0057,0.166,0.0772,0.9846,0.8
"1","count_divisible_by_100 >  0.5 & elderly_disabled_i <=  0.5 & expedited_i <=  0.5 & utilities > 12.5","ranger",332,0.93072,0.90414,203,177,0.8719,0.008,0.0171,0.844,0.0772,0.9846,0.8
"1","shelter_expenses_by_hh_size >= 704 & total_deductions_by_hh_size < 504 & utilities >= 201 & utilities < 322","xgboost",416,0.92788,0.90414,105,97,0.9238,0.0044,0.0029,0.436,0.0772,0.9846,0.8
"1","cat_elig <   2.000 & shelter_expenses_by_hh_size < 616.000 & unc_rawben_rel_max >=  -0.004 & unc_rawben_rel_max <   0.120","xgboost",592,0.92399,0.90408,394,359,0.9112,0.0162,0.0206,1.637,0.0772,0.9846,0.8
"1","months_since_cert_n >=  16 & shelter_expenses_by_hh_size < 500 & total_deductions_by_hh_size >=  40 & total_deductions_by_hh_size < 256","xgboost",592,0.92399,0.90408,285,257,0.9018,0.0116,0.0119,1.184,0.0772,0.9846,0.8
"1","children_i <  1.00 & months_since_cert_n < 14.00 & total_deductions_by_hh_size < 47.00 & unc_rawben_rel_max >=  1.24","xgboost",221,0.93665,0.90406,57,54,0.9474,0.0024,0.0023,0.237,0.0772,0.9846,0.8
"1","elderly_disabled_i <= 0.5 & medical_deductions <= 1.5 & total_deductions_by_hh_size > 2.8 & total_deductions_by_hh_size <= 8.8","ranger",75,0.96,0.90406,35,35,1,0.0016,0,0.145,0.0772,0.9846,0.8
"1","medical_deductions > 210.000 & months_since_cert_n <=   7.500 & rawben_rel_max <=   0.265 & utilities > 260.000","ranger",75,0.96,0.90406,38,37,0.9737,0.0017,5e-04,0.158,0.0772,0.9846,0.8
"1","shelter_expenses_by_hh_size >= 1490 & total_deductions_by_hh_size >= 1020 & utilities >=  875 & utilities <  912","xgboost",75,0.96,0.90406,0,0,NA,0,0,0,0.0772,0.9846,0.8
"1","cat_elig <=  0.5 & count_divisible_by_100 <=  1.5 & months_since_cert_n > 12.5","ranger",638,0.9232,0.90401,337,312,0.9258,0.014,0.0118,1.4,0.0772,0.9846,0.8
"1","rawben_rel_max < 0.988 & unc_rawben_rel_max >= 0.972","xgboost",295,0.9322,0.90399,127,109,0.8583,0.0049,0.0108,0.528,0.0772,0.9846,0.8
"1","cat_elig <   1.000 & rawben_rel_max >=   0.124 & rawben_rel_max <   0.261 & total_deductions_by_hh_size >= 236.000","xgboost",117,0.94872,0.90389,61,59,0.9672,0.0027,6e-04,0.254,0.0772,0.9846,0.8
"1","count_divisible_by_100 >=    1.00 & shelter_expenses_by_hh_size < 1130.00 & unc_rawben_rel_max >=    1.46","xgboost",208,0.9375,0.90388,130,122,0.9385,0.0055,0.0067,0.54,0.0772,0.9846,0.8
"1","count_divisible_by_100 >=   1 & total_deductions_by_hh_size < 104 & utilities < 493","xgboost",391,0.92839,0.90387,202,190,0.9406,0.0085,0.0073,0.839,0.0772,0.9846,0.8
"1","count_divisible_by_100 <= 1.5 & elderly_disabled_i > 0.5 & homeless > 0.5 & months_since_cert_n <= 5.5","ranger",343,0.93003,0.90384,158,137,0.8671,0.0062,0.0136,0.657,0.0772,0.9846,0.8
"1","rawben_rel_max <   0.504 & utilities >= 415.000 & utilities < 430.000","xgboost",625,0.9232,0.9038,6,5,0.8333,2e-04,3e-04,0.025,0.0772,0.9846,0.8
"1","rawben_rel_max <    0.718 & shelter_expenses_by_hh_size < 1350.000 & total_deductions_by_hh_size >=  494.000 & utilities >=  784.000","xgboost",555,0.92432,0.90373,313,277,0.885,0.0125,0.0161,1.301,0.0772,0.9846,0.8
"1","cat_elig <= 2.5 & count_divisible_by_100 > 0.5 & utilities <= 8.0","ranger",520,0.925,0.90372,259,236,0.9112,0.0106,0.015,1.076,0.0772,0.9846,0.8
"1","cat_elig >= 2.000 & months_since_cert_n < 1.000 & rawben_rel_max < 0.336","xgboost",195,0.93846,0.90371,13,13,1,6e-04,0,0.054,0.0772,0.9846,0.8
"1","months_since_cert_n >=  15 & months_since_cert_n <  19 & total_deductions_by_hh_size >=  69 & total_deductions_by_hh_size < 167","xgboost",195,0.93846,0.90371,127,121,0.9528,0.0054,0.0031,0.528,0.0772,0.9846,0.8
"1","count_divisible_by_100 >= 1 & expedited_i < 1 & months_since_cert_n >= 8","xgboost",578,0.92388,0.90369,313,273,0.8722,0.0123,0.0233,1.301,0.0772,0.9846,0.8
"1","cat_elig <   1 & months_since_cert_n >=  11 & shelter_expenses_by_hh_size < 811 & utilities >=  47","xgboost",414,0.92754,0.90368,218,205,0.9404,0.0092,0.0056,0.906,0.0772,0.9846,0.8
"1","count_divisible_by_100 >  0.5 & months_since_cert_n <= 10.5 & utilities <= 14.5","ranger",461,0.92625,0.90364,230,212,0.9217,0.0095,0.011,0.956,0.0772,0.9846,0.8
"1","homeless >=  1.0 & months_since_cert_n >=  5.0 & percent_abawd >=  0.5 & utilities < 48.0","xgboost",306,0.93137,0.90362,173,167,0.9653,0.0075,0.006,0.719,0.0772,0.9846,0.8
"1","medical_deductions > 168.000 & months_since_cert_n >   5.500 & total_deductions_by_hh_size > 191.000 & unc_rawben_rel_max >   0.991","ranger",103,0.95146,0.90362,50,45,0.9,0.002,0.0043,0.208,0.0772,0.9846,0.8
"1","months_since_cert_n <    7 & shelter_expenses_by_hh_size < 1610 & utilities >=  992","xgboost",390,0.92821,0.90362,383,357,0.9321,0.0161,0.0155,1.592,0.0772,0.9846,0.8
"1","medical_deductions >= 157.000 & months_since_cert_n <  25.000 & rawben_rel_max <   0.432 & utilities >= 488.000","xgboost",354,0.92938,0.90357,141,129,0.9149,0.0058,0.0045,0.586,0.0772,0.9846,0.8
"1","cat_elig >  0.5 & count_divisible_by_100 >  0.5 & elderly_disabled_i <=  0.5 & total_deductions_by_hh_size > 55.5","ranger",542,0.92435,0.90349,298,264,0.8859,0.0119,0.0237,1.238,0.0772,0.9846,0.8
"1","cat_elig <  2.00 & months_since_cert_n >=  6.00 & unc_rawben_rel_max >= -0.14 & unc_rawben_rel_max <  0.00","xgboost",507,0.92505,0.90347,396,365,0.9217,0.0164,0.0175,1.646,0.0772,0.9846,0.8
"1","homeless >  0.50 & percent_abawd <=  0.25 & total_deductions_by_hh_size >  2.80 & total_deductions_by_hh_size <= 55.50","ranger",169,0.94083,0.90346,88,83,0.9432,0.0037,0.0034,0.366,0.0772,0.9846,0.8
"1","cat_elig >   0.5 & children_i >   0.5 & elderly_disabled_i <=   0.5 & utilities > 420.0","ranger",232,0.93534,0.90345,104,95,0.9135,0.0043,0.0048,0.432,0.0772,0.9846,0.8
"1","months_since_cert_n >=  23.000 & months_since_cert_n <  34.000 & rawben_rel_max <   0.278 & shelter_expenses_by_hh_size < 400.000","xgboost",232,0.93534,0.90345,114,106,0.9298,0.0048,0.0035,0.474,0.0772,0.9846,0.8
"1","cat_elig >= 3.000 & rawben_rel_max >= 0.584","xgboost",207,0.9372,0.90343,0,0,NA,0,0,0,0.0772,0.9846,0.8
"1","medical_deductions < 14 & months_since_cert_n >= 23 & utilities < 29","xgboost",460,0.92609,0.90343,208,193,0.9279,0.0087,0.0091,0.864,0.0772,0.9846,0.8
"1","months_since_cert_n >=  32 & shelter_expenses_by_hh_size >=  29 & shelter_expenses_by_hh_size < 514","xgboost",207,0.9372,0.90343,73,68,0.9315,0.0031,0.0021,0.303,0.0772,0.9846,0.8
"1","expedited_i > 0.5 & months_since_cert_n <= 4.5 & percent_abawd > 0.5 & utilities > 9.5","ranger",389,0.92802,0.90338,161,155,0.9627,0.007,0.0039,0.669,0.0772,0.9846,0.8
"1","medical_deductions >=  16 & medical_deductions < 117 & total_deductions_by_hh_size >= 310 & utilities >= 313","xgboost",377,0.92838,0.90335,168,158,0.9405,0.0071,0.0045,0.698,0.0772,0.9846,0.8
"1","rawben_rel_max >=   0.144 & rawben_rel_max <   0.199 & shelter_expenses_by_hh_size >= 664.000 & total_deductions_by_hh_size < 523.000","xgboost",244,0.93443,0.9033,111,107,0.964,0.0048,0.0021,0.461,0.0772,0.9846,0.8
"1","months_since_cert_n <   1.000 & rawben_rel_max <   0.814 & total_deductions_by_hh_size < 675.000 & utilities < 350.000","xgboost",587,0.92334,0.90327,252,226,0.8968,0.0102,0.0137,1.047,0.0772,0.9846,0.8
"1","months_since_cert_n >=   20 & shelter_expenses_by_hh_size >= 1320 & total_deductions_by_hh_size >=  803 & utilities >=  680","xgboost",459,0.92593,0.90323,217,201,0.9263,0.009,0.0071,0.902,0.0772,0.9846,0.8
"1","elderly_disabled_i <   1.0 & percent_abawd >=   0.5 & shelter_expenses_by_hh_size < 549.0 & total_deductions_by_hh_size >= 418.0","xgboost",219,0.93607,0.90321,77,69,0.8961,0.0031,0.0068,0.32,0.0772,0.9846,0.8
"1","count_divisible_by_100 >=  1.00 & homeless <  1.00 & unc_rawben_rel_max >= -1.17 & utilities < 63.00","xgboost",575,0.92348,0.90319,284,263,0.9261,0.0118,0.0141,1.18,0.0772,0.9846,0.8
"1","percent_abawd <=   0.5 & total_deductions_by_hh_size >  58.9 & total_deductions_by_hh_size <= 127.0 & utilities <=   5.0","ranger",482,0.92531,0.90315,274,254,0.927,0.0114,0.0104,1.139,0.0772,0.9846,0.8
"1","months_since_cert_n >=   29.000 & rawben_rel_max <    0.916 & shelter_expenses_by_hh_size < 1360.000 & total_deductions_by_hh_size >=  293.000","xgboost",505,0.92475,0.9031,177,164,0.9266,0.0074,0.0071,0.736,0.0772,0.9846,0.8
"1","count_divisible_by_100 > 0.5 & utilities <= 8.0","ranger",528,0.92424,0.90306,259,236,0.9112,0.0106,0.015,1.076,0.0772,0.9846,0.8
"1","months_since_cert_n > 34.5 & utilities > 37.0","ranger",292,0.93151,0.90302,124,118,0.9516,0.0053,0.0039,0.515,0.0772,0.9846,0.8
"1","months_since_cert_n >= 23.00 & rawben_rel_max <  0.24 & total_deductions_by_hh_size >=  9.00","xgboost",399,0.92732,0.90294,177,164,0.9266,0.0074,0.0067,0.736,0.0772,0.9846,0.8
"1","cat_elig <   2.000 & months_since_cert_n >=  17.000 & total_deductions_by_hh_size < 228.000 & unc_rawben_rel_max >=   0.883","xgboost",243,0.93416,0.90291,120,114,0.95,0.0051,0.0052,0.499,0.0772,0.9846,0.8
"1","married <= 0.50 & months_since_cert_n > 4.50 & months_since_cert_n <= 5.50 & percent_abawd > 0.75","ranger",387,0.92765,0.90289,222,206,0.9279,0.0093,0.0111,0.923,0.0772,0.9846,0.8
"1","count_divisible_by_100 >=   1 & medical_deductions < 185 & utilities >= 503","xgboost",469,0.92537,0.90288,299,264,0.8829,0.0119,0.0204,1.243,0.0772,0.9846,0.8
"1","cat_elig >=    2.00 & count_divisible_by_100 >=    1.00 & rawben_rel_max >=    0.11 & shelter_expenses_by_hh_size < 1000.00","xgboost",375,0.928,0.90284,36,36,1,0.0016,0,0.15,0.0772,0.9846,0.8
"1","elderly_disabled_i <   1.000 & months_since_cert_n >=  13.000 & total_deductions_by_hh_size < 190.000 & unc_rawben_rel_max >=   0.996","xgboost",255,0.93333,0.90282,113,107,0.9469,0.0048,0.0053,0.47,0.0772,0.9846,0.8
"1","shelter_expenses_by_hh_size >= 596 & shelter_expenses_by_hh_size < 608 & utilities >= 366 & utilities < 424","xgboost",74,0.95946,0.90282,34,33,0.9706,0.0015,2e-04,0.141,0.0772,0.9846,0.8
"1","cat_elig >=   2.0 & elderly_disabled_i >=   1.0 & total_deductions_by_hh_size < 705.0 & unc_rawben_rel_max >=   1.2","xgboost",515,0.92427,0.9028,34,32,0.9412,0.0014,8e-04,0.141,0.0772,0.9846,0.8
"1","cat_elig <=   0.5 & expedited_i <=   0.5 & medical_deductions > 146.0 & total_deductions_by_hh_size <= 979.0","ranger",155,0.94194,0.90279,82,76,0.9268,0.0034,0.002,0.341,0.0772,0.9846,0.8
"1","medical_deductions >   0.5 & medical_deductions <= 574.0 & utilities > 494.0 & utilities <= 520.0","ranger",155,0.94194,0.90279,53,43,0.8113,0.0019,0.0038,0.22,0.0772,0.9846,0.8
"1","count_divisible_by_100 > 0.5 & months_since_cert_n <= 6.5 & percent_abawd > 0.5 & shelter_expenses_by_hh_size > 5.5","ranger",142,0.94366,0.90276,85,72,0.8471,0.0032,0.0085,0.353,0.0772,0.9846,0.8
"1","elderly_disabled_i <=   0.500 & homeless >   0.500 & rawben_rel_max >   0.854 & total_deductions_by_hh_size > 625.000","ranger",142,0.94366,0.90276,14,14,1,6e-04,0,0.058,0.0772,0.9846,0.8
"1","homeless >   0.500 & percent_abawd <=   0.500 & shelter_expenses_by_hh_size <= 474.000 & unc_rawben_rel_max <=   0.991","ranger",503,0.92445,0.90272,251,231,0.9203,0.0104,0.0114,1.043,0.0772,0.9846,0.8
"1","homeless <=   0.50 & months_since_cert_n >  32.50 & total_deductions_by_hh_size > 150.00 & unc_rawben_rel_max <=   1.96","ranger",491,0.92464,0.90264,197,188,0.9543,0.0085,0.0067,0.819,0.0772,0.9846,0.8
"1","months_since_cert_n >=   2.0 & percent_abawd >=   0.5 & utilities >= 757.0","xgboost",230,0.93478,0.90263,160,149,0.9312,0.0067,0.0073,0.665,0.0772,0.9846,0.8
"1","count_divisible_by_100 <=  1.500 & months_since_cert_n > 13.500 & unc_rawben_rel_max >  0.991 & utilities <= 14.500","ranger",514,0.92412,0.90261,224,205,0.9152,0.0092,0.0141,0.931,0.0772,0.9846,0.8
"1","rawben_rel_max >=  0.23 & total_deductions_by_hh_size < 50.00 & utilities >= 63.00","xgboost",374,0.92781,0.90259,227,194,0.8546,0.0087,0.0149,0.943,0.0772,0.9846,0.8
"1","elderly_disabled_i <=  0.5 & homeless >  0.5 & months_since_cert_n <= 10.5 & shelter_expenses_by_hh_size > 17.0","ranger",479,0.92484,0.90255,238,226,0.9496,0.0102,0.0083,0.989,0.0772,0.9846,0.8
"1","cat_elig <=   0.500 & medical_deductions > 114.000 & shelter_expenses_by_hh_size >   5.500 & unc_rawben_rel_max >   0.864","ranger",88,0.95455,0.90254,46,45,0.9783,0.002,5e-04,0.191,0.0772,0.9846,0.8
"1","count_divisible_by_100 >  0.50 & married <=  0.50 & unc_rawben_rel_max >  1.41 & utilities <= 14.50","ranger",88,0.95455,0.90254,65,65,1,0.0029,0,0.27,0.0772,0.9846,0.8
"1","percent_abawd <= 0.75 & total_deductions_by_hh_size > 5.80 & total_deductions_by_hh_size <= 8.90","ranger",88,0.95455,0.90254,49,44,0.898,0.002,0.0018,0.204,0.0772,0.9846,0.8
"1","elderly_disabled_i <=   0.5 & homeless >   0.5 & total_deductions_by_hh_size > 144.0","ranger",444,0.92568,0.90252,227,212,0.9339,0.0095,0.0099,0.943,0.0772,0.9846,0.8
"1","medical_deductions > 144.000 & rawben_rel_max >   0.085 & unc_rawben_rel_max <=   0.268","ranger",242,0.93388,0.90252,110,102,0.9273,0.0046,0.0032,0.457,0.0772,0.9846,0.8
"1","count_divisible_by_100 >=   1 & months_since_cert_n >=   8 & utilities < 750","xgboost",548,0.92336,0.90251,291,254,0.8729,0.0114,0.0222,1.209,0.0772,0.9846,0.8
"1","cat_elig <=  1.5 & children_i <=  0.5 & count_divisible_by_100 >  0.5 & utilities <= 14.5","ranger",314,0.92994,0.90238,238,216,0.9076,0.0097,0.014,0.989,0.0772,0.9846,0.8
"1","rawben_rel_max >=   0.304 & shelter_expenses_by_hh_size < 450.000 & total_deductions_by_hh_size < 108.000 & unc_rawben_rel_max <   0.352","xgboost",302,0.93046,0.90237,260,241,0.9269,0.0108,0.0076,1.08,0.0772,0.9846,0.8
"1","count_divisible_by_100 <= 1.5 & elderly_disabled_i > 0.5 & expedited_i > 0.5 & utilities <= 8.0","ranger",547,0.92322,0.90234,266,240,0.9023,0.0108,0.0157,1.105,0.0772,0.9846,0.8
"1","cat_elig <=   0.5 & children_i >   0.5 & expedited_i >   0.5 & total_deductions_by_hh_size <= 320.0","ranger",25,1,0.90233,10,10,1,4e-04,0,0.042,0.0772,0.9846,0.8
"1","elderly_disabled_i <=   0.500 & rawben_rel_max >   0.991 & shelter_expenses_by_hh_size > 241.000 & utilities <=   9.500","ranger",373,0.92761,0.90233,179,170,0.9497,0.0076,0.0082,0.744,0.0772,0.9846,0.8
"1","expedited_i >   0.500 & medical_deductions > 132.000 & rawben_rel_max <=   0.354 & total_deductions_by_hh_size <= 542.000","ranger",25,1,0.90233,5,3,0.6,1e-04,8e-04,0.021,0.0772,0.9846,0.8
"1","married <=   0.5 & total_deductions_by_hh_size >   2.8 & total_deductions_by_hh_size <=   8.9 & utilities <= 337.0","ranger",167,0.94012,0.90233,70,67,0.9571,0.003,0.0011,0.291,0.0772,0.9846,0.8
"1","married >=   1 & months_since_cert_n <   8 & utilities >= 287","xgboost",167,0.94012,0.90233,69,65,0.942,0.0029,0.0032,0.287,0.0772,0.9846,0.8
"1","children_i >   0.5 & count_divisible_by_100 <=   0.5 & married >   0.5 & total_deductions_by_hh_size > 412.0","ranger",115,0.94783,0.90228,48,45,0.9375,0.002,0.0013,0.199,0.0772,0.9846,0.8
"1","months_since_cert_n >=  25.000 & rawben_rel_max >=   0.572 & rawben_rel_max <   0.900 & shelter_expenses_by_hh_size >= 884.000","xgboost",361,0.92798,0.90227,159,144,0.9057,0.0065,0.0076,0.661,0.0772,0.9846,0.8
"1","count_divisible_by_100 >  0.50 & married <=  0.50 & percent_abawd >  0.75 & total_deductions_by_hh_size > 61.20","ranger",192,0.9375,0.90224,110,94,0.8545,0.0042,0.0115,0.457,0.0772,0.9846,0.8
"1","children_i > 0.500 & elderly_disabled_i <= 0.500 & expedited_i <= 0.500 & unc_rawben_rel_max > 0.991","ranger",396,0.92677,0.90221,174,156,0.8966,0.007,0.0145,0.723,0.0772,0.9846,0.8
"1","months_since_cert_n >=    8.000 & shelter_expenses_by_hh_size >= 1040.000 & shelter_expenses_by_hh_size < 1100.000 & unc_rawben_rel_max <    0.412","xgboost",154,0.94156,0.90218,74,69,0.9324,0.0031,0.0026,0.308,0.0772,0.9846,0.8
"1","cat_elig <   2.000 & months_since_cert_n >=  29.000 & rawben_rel_max <   0.945 & shelter_expenses_by_hh_size < 853.000","xgboost",546,0.92308,0.90216,261,246,0.9425,0.0111,0.0069,1.085,0.0772,0.9846,0.8
"1","children_i <   1.00 & total_deductions_by_hh_size < 692.00 & unc_rawben_rel_max <   1.24 & utilities >= 992.00","xgboost",141,0.94326,0.90209,104,92,0.8846,0.0041,0.0072,0.432,0.0772,0.9846,0.8
"1","children_i >   0.5 & homeless <=   0.5 & shelter_expenses_by_hh_size > 715.0 & shelter_expenses_by_hh_size <= 958.0","ranger",141,0.94326,0.90209,59,54,0.9153,0.0024,0.0025,0.245,0.0772,0.9846,0.8
"1","months_since_cert_n >=  31 & total_deductions_by_hh_size >= 620","xgboost",465,0.92473,0.90206,204,188,0.9216,0.0085,0.01,0.848,0.0772,0.9846,0.8
"1","homeless >   0.500 & rawben_rel_max <=   0.991 & total_deductions_by_hh_size <= 170.000","ranger",488,0.92418,0.90205,231,215,0.9307,0.0097,0.0084,0.96,0.0772,0.9846,0.8
"1","count_divisible_by_100 >  0.5 & total_deductions_by_hh_size > 54.3 & utilities <= 26.5","ranger",289,0.9308,0.90203,161,149,0.9255,0.0067,0.008,0.669,0.0772,0.9846,0.8
"1","rawben_rel_max <   0.289 & total_deductions_by_hh_size >= 836.000 & unc_rawben_rel_max >=  -0.347","xgboost",289,0.9308,0.90203,129,121,0.938,0.0054,0.0041,0.536,0.0772,0.9846,0.8
"1","cat_elig >=  2.000 & months_since_cert_n <  2.000 & rawben_rel_max <  0.351 & unc_rawben_rel_max >= -0.904","xgboost",430,0.92558,0.902,24,24,1,0.0011,0,0.1,0.0772,0.9846,0.8
"1","medical_deductions < 177 & months_since_cert_n <   3 & utilities >= 680 & utilities < 789","xgboost",476,0.92437,0.90195,113,104,0.9204,0.0047,0.0033,0.47,0.0772,0.9846,0.8
"1","months_since_cert_n <   1 & shelter_expenses_by_hh_size < 678 & total_deductions_by_hh_size >= 163 & total_deductions_by_hh_size < 959","xgboost",499,0.92385,0.90195,234,218,0.9316,0.0098,0.0077,0.972,0.0772,0.9846,0.8
"1","expedited_i >=    1.00 & rawben_rel_max >=    0.79 & shelter_expenses_by_hh_size >= 1230.00 & shelter_expenses_by_hh_size < 1640.00","xgboost",348,0.92816,0.90194,183,167,0.9126,0.0075,0.0132,0.761,0.0772,0.9846,0.8
"1","cat_elig <   1.000 & rawben_rel_max >=   0.959 & total_deductions_by_hh_size >= 117.000 & utilities < 483.000","xgboost",441,0.92517,0.90187,265,247,0.9321,0.0111,0.0136,1.101,0.0772,0.9846,0.8
"1","elderly_disabled_i <=   0.5 & expedited_i <=   0.5 & married >   0.5 & total_deductions_by_hh_size > 246.0","ranger",166,0.93976,0.90176,60,57,0.95,0.0026,0.0013,0.249,0.0772,0.9846,0.8
"1","married >   0.500 & rawben_rel_max >   0.502 & unc_rawben_rel_max <=   1.960 & utilities > 286.000","ranger",166,0.93976,0.90176,79,74,0.9367,0.0033,0.0035,0.328,0.0772,0.9846,0.8
"1","months_since_cert_n >=   5.00 & total_deductions_by_hh_size >= 390.00 & unc_rawben_rel_max <  -0.44","xgboost",191,0.93717,0.90174,76,61,0.8026,0.0027,0.0153,0.316,0.0772,0.9846,0.8
"1","cat_elig <    2.000 & rawben_rel_max <    0.533 & shelter_expenses_by_hh_size < 1800.000 & utilities >=  784.000","xgboost",300,0.93,0.90173,448,398,0.8884,0.0179,0.025,1.862,0.0772,0.9846,0.8
"1","homeless >  0.5 & months_since_cert_n <=  5.5 & shelter_expenses_by_hh_size > 75.5 & total_deductions_by_hh_size >  2.8","ranger",359,0.92758,0.90173,192,176,0.9167,0.0079,0.0097,0.798,0.0772,0.9846,0.8
"1","months_since_cert_n >=   6.000 & rawben_rel_max >=   0.268 & rawben_rel_max <   0.288 & utilities < 580.000","xgboost",240,0.93333,0.90172,193,184,0.9534,0.0083,0.003,0.802,0.0772,0.9846,0.8
"1","count_divisible_by_100 <=  0.500 & months_since_cert_n > 19.500 & unc_rawben_rel_max <=  0.991 & utilities <= 12.500","ranger",532,0.92293,0.9017,252,232,0.9206,0.0104,0.0102,1.047,0.0772,0.9846,0.8
"1","count_divisible_by_100 >  0.500 & months_since_cert_n <=  5.500 & rawben_rel_max >  0.991 & utilities > 30.500","ranger",252,0.93254,0.90169,156,144,0.9231,0.0065,0.0093,0.648,0.0772,0.9846,0.8
"1","cat_elig >=  1.00 & months_since_cert_n >= 33.00 & months_since_cert_n < 36.00 & unc_rawben_rel_max <  1.16","xgboost",417,0.92566,0.90167,133,126,0.9474,0.0057,0.004,0.553,0.0772,0.9846,0.8
"1","elderly_disabled_i <   1.000 & total_deductions_by_hh_size < 576.000 & unc_rawben_rel_max <  -0.016","xgboost",347,0.92795,0.90166,135,123,0.9111,0.0055,0.0117,0.561,0.0772,0.9846,0.8
"1","children_i > 0.500 & elderly_disabled_i <= 0.500 & expedited_i <= 0.500 & rawben_rel_max > 0.967","ranger",405,0.92593,0.90158,177,159,0.8983,0.0072,0.0145,0.736,0.0772,0.9846,0.8
"1","months_since_cert_n <  11.0 & rawben_rel_max <   0.2 & shelter_expenses_by_hh_size >= 744.0 & shelter_expenses_by_hh_size < 784.0","xgboost",153,0.94118,0.90156,72,72,1,0.0032,0,0.299,0.0772,0.9846,0.8
"1","cat_elig >=    2 & months_since_cert_n >=   25 & shelter_expenses_by_hh_size < 1000","xgboost",370,0.92703,0.90155,18,18,1,8e-04,0,0.075,0.0772,0.9846,0.8
"1","count_divisible_by_100 >=   1.000 & total_deductions_by_hh_size < 202.000 & unc_rawben_rel_max <  -0.004","xgboost",73,0.9589,0.90154,50,49,0.98,0.0022,0.001,0.208,0.0772,0.9846,0.8
"1","elderly_disabled_i > 0.5 & homeless > 0.5 & medical_deductions <= 0.5 & months_since_cert_n <= 5.5","ranger",311,0.92926,0.90146,145,125,0.8621,0.0056,0.0129,0.603,0.0772,0.9846,0.8
"1","months_since_cert_n <  33 & shelter_expenses_by_hh_size < 159 & utilities >=  54 & utilities < 277","xgboost",358,0.92737,0.90146,170,164,0.9647,0.0074,0.0048,0.706,0.0772,0.9846,0.8
"1","months_since_cert_n >=  35.000 & rawben_rel_max >=   0.247 & shelter_expenses_by_hh_size < 601.000 & utilities < 688.000","xgboost",87,0.95402,0.90146,48,46,0.9583,0.0021,0.001,0.199,0.0772,0.9846,0.8
"1","medical_deductions > 152.000 & rawben_rel_max <=   0.266 & shelter_expenses_by_hh_size >   5.500 & unc_rawben_rel_max >   0.087","ranger",215,0.93488,0.90144,91,84,0.9231,0.0038,0.003,0.378,0.0772,0.9846,0.8
"1","count_divisible_by_100 >=   1 & months_since_cert_n <  17 & utilities >= 783","xgboost",127,0.94488,0.90136,94,84,0.8936,0.0038,0.0052,0.391,0.0772,0.9846,0.8
"1","elderly_disabled_i <   1 & utilities >= 361 & utilities < 385","xgboost",287,0.93031,0.90136,182,165,0.9066,0.0074,0.0089,0.756,0.0772,0.9846,0.8
"1","shelter_expenses_by_hh_size >= 400 & shelter_expenses_by_hh_size < 906 & total_deductions_by_hh_size >= 236 & utilities >= 819","xgboost",287,0.93031,0.90136,76,67,0.8816,0.003,0.0057,0.316,0.0772,0.9846,0.8
"1","months_since_cert_n >=   32.000 & rawben_rel_max <    0.945 & shelter_expenses_by_hh_size < 1000.000","xgboost",473,0.92389,0.90133,168,159,0.9464,0.0072,0.0042,0.698,0.0772,0.9846,0.8
"1","count_divisible_by_100 >=    1.000 & rawben_rel_max <    0.536 & shelter_expenses_by_hh_size < 2300.000 & utilities >=  313.000","xgboost",357,0.92717,0.90119,186,169,0.9086,0.0076,0.0086,0.773,0.0772,0.9846,0.8
"1","medical_deductions >=  14.0000 & medical_deductions < 110.0000 & rawben_rel_max >=   0.0928","xgboost",357,0.92717,0.90119,185,174,0.9405,0.0078,0.0046,0.769,0.0772,0.9846,0.8
"1","children_i >=   1 & elderly_disabled_i <   1 & utilities >= 483","xgboost",202,0.93564,0.90109,92,83,0.9022,0.0037,0.0049,0.382,0.0772,0.9846,0.8
"1","children_i >  0.5 & married >  0.5 & total_deductions_by_hh_size > 70.1","ranger",152,0.94079,0.90093,61,58,0.9508,0.0026,0.0013,0.254,0.0772,0.9846,0.8
"1","children_i >   0.500 & elderly_disabled_i <=   0.500 & unc_rawben_rel_max >   0.969 & utilities > 340.000","ranger",238,0.93277,0.90091,119,112,0.9412,0.005,0.0045,0.495,0.0772,0.9846,0.8
"1","medical_deductions >=  16 & medical_deductions < 117 & total_deductions_by_hh_size < 310","xgboost",238,0.93277,0.90091,79,79,1,0.0036,0,0.328,0.0772,0.9846,0.8
"1","medical_deductions >   3.000 & shelter_expenses_by_hh_size > 490.000 & unc_rawben_rel_max >   0.998","ranger",402,0.92537,0.90085,182,164,0.9011,0.0074,0.0153,0.756,0.0772,0.9846,0.8
"1","homeless >= 1.00 & months_since_cert_n < 7.00 & percent_abawd >= 0.50 & unc_rawben_rel_max >= 1.27","xgboost",100,0.95,0.90083,73,72,0.9863,0.0032,0.001,0.303,0.0772,0.9846,0.8
"1","rawben_rel_max <   0.320 & unc_rawben_rel_max >=   0.292 & unc_rawben_rel_max <   1.330 & utilities < 350.000","xgboost",309,0.9288,0.90083,219,210,0.9589,0.0094,0.0033,0.91,0.0772,0.9846,0.8
"1","months_since_cert_n <    5.0 & percent_abawd >=    0.5 & shelter_expenses_by_hh_size >= 1020.0","xgboost",424,0.92453,0.90063,200,179,0.895,0.0081,0.0139,0.831,0.0772,0.9846,0.8
"1","children_i >   0.5 & count_divisible_by_100 <=   0.5 & shelter_expenses_by_hh_size <= 838.0 & total_deductions_by_hh_size > 556.0","ranger",113,0.9469,0.9006,53,51,0.9623,0.0023,0.0011,0.22,0.0772,0.9846,0.8
"1","months_since_cert_n < 22.000 & rawben_rel_max >=  0.992 & rawben_rel_max <  1.000","xgboost",113,0.9469,0.9006,57,49,0.8596,0.0022,0.0045,0.237,0.0772,0.9846,0.8
"1","shelter_expenses_by_hh_size < 850.000 & total_deductions_by_hh_size >=   9.000 & unc_rawben_rel_max <  -0.904","xgboost",164,0.93902,0.90059,51,47,0.9216,0.0021,0.0036,0.212,0.0772,0.9846,0.8
"1","cat_elig >=    2.000 & months_since_cert_n >=    1.000 & rawben_rel_max <    0.911 & utilities >= 1010.000","xgboost",261,0.93103,0.90056,0,0,NA,0,0,0,0.0772,0.9846,0.8
"1","medical_deductions <= 632.00 & months_since_cert_n >  13.50 & rawben_rel_max <=   0.93 & shelter_expenses_by_hh_size <=   5.50","ranger",343,0.92711,0.90053,141,134,0.9504,0.006,0.0041,0.586,0.0772,0.9846,0.8
"1","elderly_disabled_i <   1 & homeless >=   1 & total_deductions_by_hh_size >= 244 & utilities < 850","xgboost",308,0.92857,0.90052,147,138,0.9388,0.0062,0.0075,0.611,0.0772,0.9846,0.8
"1","expedited_i > 0.500 & homeless > 0.500 & rawben_rel_max > 0.943 & shelter_expenses_by_hh_size > 5.500","ranger",225,0.93333,0.90051,102,96,0.9412,0.0043,0.0047,0.424,0.0772,0.9846,0.8
"1","shelter_expenses_by_hh_size < 1460 & total_deductions_by_hh_size >=  786 & total_deductions_by_hh_size <  848 & utilities >=  757","xgboost",423,0.92435,0.9004,265,253,0.9547,0.0114,0.0049,1.101,0.0772,0.9846,0.8
"1","rawben_rel_max >=   0.258 & rawben_rel_max <   0.364 & shelter_expenses_by_hh_size < 351.000 & utilities <  44.000","xgboost",354,0.92655,0.90037,258,243,0.9419,0.0109,0.0062,1.072,0.0772,0.9846,0.8
"1","medical_deductions > 192.00 & rawben_rel_max <=   0.33 & shelter_expenses_by_hh_size >   5.50 & utilities > 598.00","ranger",86,0.95349,0.90036,29,26,0.8966,0.0012,0.001,0.121,0.0772,0.9846,0.8
"1","count_divisible_by_100 >=   1 & total_deductions_by_hh_size < 178","xgboost",468,0.92308,0.90029,240,223,0.9292,0.01,0.0112,0.997,0.0772,0.9846,0.8
"1","children_i < 1 & count_divisible_by_100 >= 1 & expedited_i >= 1 & months_since_cert_n < 5","xgboost",188,0.93617,0.90021,82,79,0.9634,0.0036,0.002,0.341,0.0772,0.9846,0.8
"1","medical_deductions >= 113 & months_since_cert_n >=  16 & shelter_expenses_by_hh_size >= 996 & total_deductions_by_hh_size < 903","xgboost",188,0.93617,0.90021,82,73,0.8902,0.0033,0.0034,0.341,0.0772,0.9846,0.8
"1","cat_elig <   1 & medical_deductions >=   3 & medical_deductions < 200 & months_since_cert_n <  25","xgboost",433,0.92379,0.90008,220,203,0.9227,0.0091,0.006,0.914,0.0772,0.9846,0.8
"1","cat_elig >=    2.000 & rawben_rel_max <    0.711 & shelter_expenses_by_hh_size >= 1210.000 & unc_rawben_rel_max <   -0.016","xgboost",212,0.93396,0.90008,1,1,1,0,0,0.004,0.0772,0.9846,0.8
"1","cat_elig <=  0.5 & count_divisible_by_100 >  0.5 & total_deductions_by_hh_size >  7.5 & utilities <= 14.5","ranger",42,0.97619,0.90006,27,26,0.963,0.0012,3e-04,0.112,0.0772,0.9846,0.8
"1","count_divisible_by_100 >    1.500 & rawben_rel_max >    0.087 & shelter_expenses_by_hh_size <= 1210.000 & utilities >   14.500","ranger",42,0.97619,0.90006,25,22,0.88,0.001,0.0013,0.104,0.0772,0.9846,0.8
"1","elderly_disabled_i >   0.5 & homeless >   0.5 & medical_deductions >   3.0 & shelter_expenses_by_hh_size <= 706.0","ranger",42,0.97619,0.90006,16,14,0.875,6e-04,0.0015,0.066,0.0772,0.9846,0.8
"1","homeless > 0.500 & medical_deductions > 0.500 & rawben_rel_max <= 0.582","ranger",42,0.97619,0.90006,18,16,0.8889,7e-04,0.0012,0.075,0.0772,0.9846,0.8
"1","medical_deductions >   0.500 & medical_deductions <= 111.000 & rawben_rel_max <=   0.325 & total_deductions_by_hh_size <= 205.000","ranger",138,0.94203,0.90002,55,55,1,0.0025,0,0.229,0.0772,0.9846,0.8
"1","months_since_cert_n >=  28 & shelter_expenses_by_hh_size < 697 & total_deductions_by_hh_size >=  63","xgboost",410,0.92439,0.90002,155,140,0.9032,0.0063,0.007,0.644,0.0772,0.9846,0.8
"1","total_deductions_by_hh_size >= 1100.000 & total_deductions_by_hh_size < 1230.000 & unc_rawben_rel_max >=    0.852 & utilities >=  612.000","xgboost",387,0.92506,0.89998,229,213,0.9301,0.0096,0.0111,0.952,0.0772,0.9846,0.8
"1","medical_deductions >= 135 & shelter_expenses_by_hh_size < 585 & total_deductions_by_hh_size < 567 & utilities >=  32","xgboost",364,0.92582,0.89995,127,113,0.8898,0.0051,0.0051,0.528,0.0772,0.9846,0.8
"1","medical_deductions >= 146 & medical_deductions < 384 & utilities >= 784","xgboost",364,0.92582,0.89995,264,220,0.8333,0.0099,0.0214,1.097,0.0772,0.9846,0.8
"1","months_since_cert_n >=  34.000 & rawben_rel_max >=   0.608 & unc_rawben_rel_max <   1.050 & utilities >= 735.000","xgboost",99,0.94949,0.89987,28,26,0.9286,0.0012,0.0017,0.116,0.0772,0.9846,0.8
"1","cat_elig <   1.00 & shelter_expenses_by_hh_size < 531.00 & total_deductions_by_hh_size < 369.00 & unc_rawben_rel_max >=   1.29","xgboost",125,0.944,0.89983,38,34,0.8947,0.0015,0.0032,0.158,0.0772,0.9846,0.8
"1","children_i <   1.00 & total_deductions_by_hh_size < 692.00 & unc_rawben_rel_max >=   1.24 & utilities >= 992.00","xgboost",125,0.944,0.89983,121,116,0.9587,0.0052,0.0031,0.503,0.0772,0.9846,0.8
"1","elderly_disabled_i <   1.000 & months_since_cert_n >=   5.000 & rawben_rel_max >=   0.818 & utilities >= 912.000","xgboost",125,0.944,0.89983,110,102,0.9273,0.0046,0.006,0.457,0.0772,0.9846,0.8
"1","rawben_rel_max <   0.320 & unc_rawben_rel_max >=   0.292 & unc_rawben_rel_max <   1.330 & utilities >= 350.000","xgboost",375,0.92533,0.89983,173,159,0.9191,0.0072,0.0049,0.719,0.0772,0.9846,0.8
"1","elderly_disabled_i <  1.000 & months_since_cert_n <  3.000 & rawben_rel_max <  0.288 & utilities >= 54.000","xgboost",175,0.93714,0.89981,88,79,0.8977,0.0036,0.006,0.366,0.0772,0.9846,0.8
"1","months_since_cert_n <   6.00 & shelter_expenses_by_hh_size >= 322.00 & shelter_expenses_by_hh_size < 405.00 & unc_rawben_rel_max >=   1.48","xgboost",175,0.93714,0.89981,99,94,0.9495,0.0042,0.0037,0.411,0.0772,0.9846,0.8
"1","months_since_cert_n >=    3 & shelter_expenses_by_hh_size >= 1060 & total_deductions_by_hh_size <  572 & utilities <  585","xgboost",259,0.9305,0.89981,140,133,0.95,0.006,0.0037,0.582,0.0772,0.9846,0.8
"1","shelter_expenses_by_hh_size < 693 & total_deductions_by_hh_size >= 542 & utilities >= 494 & utilities < 559","xgboost",112,0.94643,0.89974,57,53,0.9298,0.0024,0.0035,0.237,0.0772,0.9846,0.8
"1","medical_deductions >=  113.00 & rawben_rel_max <    0.54 & shelter_expenses_by_hh_size < 1120.00 & utilities >=  559.00","xgboost",328,0.92683,0.89952,122,108,0.8852,0.0049,0.0051,0.507,0.0772,0.9846,0.8
"1","months_since_cert_n >=   8.000 & months_since_cert_n <  10.000 & unc_rawben_rel_max <  -0.004 & utilities < 426.000","xgboost",258,0.93023,0.89943,119,116,0.9748,0.0052,0.0014,0.495,0.0772,0.9846,0.8
"1","cat_elig <   2 & count_divisible_by_100 >=   1 & total_deductions_by_hh_size >=  14 & total_deductions_by_hh_size < 178","xgboost",162,0.93827,0.89939,131,125,0.9542,0.0056,0.0041,0.544,0.0772,0.9846,0.8
"1","elderly_disabled_i <=  0.5 & homeless >  0.5 & percent_abawd <=  0.5 & shelter_expenses_by_hh_size > 32.5","ranger",339,0.92625,0.89938,127,122,0.9606,0.0055,0.0044,0.528,0.0772,0.9846,0.8
"1","homeless <    1.0 & rawben_rel_max <    0.5 & shelter_expenses_by_hh_size < 1490.0 & utilities >=  875.0","xgboost",316,0.92722,0.89938,173,160,0.9249,0.0072,0.0068,0.719,0.0772,0.9846,0.8
"1","months_since_cert_n <    1.00 & shelter_expenses_by_hh_size < 1050.00 & total_deductions_by_hh_size >=  486.00 & unc_rawben_rel_max >=    0.43","xgboost",441,0.9229,0.89933,207,187,0.9034,0.0084,0.0099,0.86,0.0772,0.9846,0.8
"1","children_i >    0.50 & married >    0.50 & total_deductions_by_hh_size <= 1890.00 & unc_rawben_rel_max <=    1.55","ranger",137,0.94161,0.89932,56,54,0.9643,0.0024,0.001,0.233,0.0772,0.9846,0.8
"1","medical_deductions < 599.000 & unc_rawben_rel_max <  -0.904 & utilities < 789.000","xgboost",350,0.92571,0.89925,150,141,0.94,0.0063,0.0094,0.623,0.0772,0.9846,0.8
"1","percent_abawd >    0.500 & rawben_rel_max >    0.998 & shelter_expenses_by_hh_size > 1070.000 & total_deductions_by_hh_size >    8.900","ranger",384,0.92448,0.89921,183,156,0.8525,0.007,0.0229,0.761,0.0772,0.9846,0.8
"1","shelter_expenses_by_hh_size >= 1430 & total_deductions_by_hh_size >= 1040 & total_deductions_by_hh_size < 1560 & utilities >=  875","xgboost",429,0.92308,0.89916,311,288,0.926,0.013,0.0143,1.292,0.0772,0.9846,0.8
"1","medical_deductions <  157.00 & unc_rawben_rel_max >=    1.04 & utilities >=  992.00 & utilities < 1020.00","xgboost",338,0.92604,0.89908,188,176,0.9362,0.0079,0.0091,0.781,0.0772,0.9846,0.8
"1","months_since_cert_n >=   30 & months_since_cert_n <   32 & shelter_expenses_by_hh_size < 1170","xgboost",338,0.92604,0.89908,156,143,0.9167,0.0064,0.007,0.648,0.0772,0.9846,0.8
"1","cat_elig <   1.00 & shelter_expenses_by_hh_size < 646.00 & unc_rawben_rel_max >=   1.55","xgboost",124,0.94355,0.89904,59,50,0.8475,0.0022,0.0064,0.245,0.0772,0.9846,0.8
"1","expedited_i > 0.500 & rawben_rel_max <= 0.804 & total_deductions_by_hh_size <= 2.800 & unc_rawben_rel_max <= 0.699","ranger",124,0.94355,0.89904,64,63,0.9844,0.0028,3e-04,0.266,0.0772,0.9846,0.8
"1","homeless <   1 & married >=   1 & months_since_cert_n <   7 & utilities >= 339","xgboost",149,0.9396,0.89899,59,55,0.9322,0.0025,0.0032,0.245,0.0772,0.9846,0.8
"1","homeless > 0.500 & rawben_rel_max <= 0.406 & shelter_expenses_by_hh_size > 5.500 & unc_rawben_rel_max <= 0.991","ranger",149,0.9396,0.89899,79,68,0.8608,0.0031,0.007,0.328,0.0772,0.9846,0.8
"1","medical_deductions >=  16 & medical_deductions < 117 & total_deductions_by_hh_size >= 310","xgboost",417,0.92326,0.89899,186,174,0.9355,0.0078,0.0056,0.773,0.0772,0.9846,0.8
"1","medical_deductions < 140.000 & months_since_cert_n >=  24.000 & rawben_rel_max >=   0.533 & total_deductions_by_hh_size >= 903.000","xgboost",326,0.92638,0.89892,155,142,0.9161,0.0064,0.0069,0.644,0.0772,0.9846,0.8
"1","medical_deductions > 140.000 & months_since_cert_n <=   5.500 & unc_rawben_rel_max >   0.995","ranger",98,0.94898,0.89888,40,35,0.875,0.0016,0.0043,0.166,0.0772,0.9846,0.8
"1","percent_abawd >=   0.5 & shelter_expenses_by_hh_size < 848.0 & utilities >= 680.0","xgboost",98,0.94898,0.89888,83,81,0.9759,0.0036,0.002,0.345,0.0772,0.9846,0.8
"1","medical_deductions >= 167.0 & months_since_cert_n <   4.0 & total_deductions_by_hh_size < 654.0 & unc_rawben_rel_max <   1.7","xgboost",111,0.94595,0.89887,63,55,0.873,0.0025,0.0034,0.262,0.0772,0.9846,0.8
"1","homeless <    1 & months_since_cert_n <    6 & shelter_expenses_by_hh_size < 1580 & utilities >= 1010","xgboost",233,0.93133,0.89883,236,220,0.9322,0.0099,0.0081,0.981,0.0772,0.9846,0.8
"1","count_divisible_by_100 >=   1.000 & rawben_rel_max >=   0.992 & unc_rawben_rel_max >=   0.972 & utilities >= 585.000","xgboost",161,0.93789,0.89879,115,108,0.9391,0.0049,0.0052,0.478,0.0772,0.9846,0.8
"1","medical_deductions >=  19 & medical_deductions < 117 & utilities >= 601","xgboost",161,0.93789,0.89879,66,65,0.9848,0.0029,2e-04,0.274,0.0772,0.9846,0.8
"1","rawben_rel_max >=   0.092 & rawben_rel_max <   0.368 & utilities >= 875.000","xgboost",161,0.93789,0.89879,92,88,0.9565,0.004,0.0016,0.382,0.0772,0.9846,0.8
"1","cat_elig <    2.00 & months_since_cert_n >=   19.00 & shelter_expenses_by_hh_size >= 1070.00 & unc_rawben_rel_max >=    1.27","xgboost",209,0.93301,0.89868,164,156,0.9512,0.007,0.0058,0.682,0.0772,0.9846,0.8
"1","cat_elig <   1 & medical_deductions >= 164 & months_since_cert_n <  12","xgboost",173,0.93642,0.89868,89,86,0.9663,0.0039,0.0011,0.37,0.0772,0.9846,0.8
"1","homeless >=   1.000 & months_since_cert_n <   8.000 & rawben_rel_max <   0.428 & shelter_expenses_by_hh_size < 287.000","xgboost",197,0.93401,0.89864,95,89,0.9368,0.004,0.0046,0.395,0.0772,0.9846,0.8
"1","count_divisible_by_100 >   0.500 & unc_rawben_rel_max >   0.991 & utilities > 402.000","ranger",325,0.92615,0.89861,196,180,0.9184,0.0081,0.0119,0.815,0.0772,0.9846,0.8
"1","children_i >= 1.000 & unc_rawben_rel_max >= 0.883 & unc_rawben_rel_max < 1.210","xgboost",279,0.92832,0.89859,148,132,0.8919,0.0059,0.0127,0.615,0.0772,0.9846,0.8
"1","count_divisible_by_100 <=   1.5 & months_since_cert_n >  32.5 & shelter_expenses_by_hh_size >  14.5 & total_deductions_by_hh_size <= 584.0","ranger",370,0.92432,0.8985,133,125,0.9398,0.0056,0.0038,0.553,0.0772,0.9846,0.8
"1","cat_elig <   1.000 & rawben_rel_max <   0.959 & total_deductions_by_hh_size >= 595.000 & utilities >= 284.000","xgboost",381,0.92388,0.89843,213,202,0.9484,0.0091,0.0047,0.885,0.0772,0.9846,0.8
"1","count_divisible_by_100 <=   0.5 & married >   0.5 & months_since_cert_n <=   5.5 & shelter_expenses_by_hh_size > 316.0","ranger",148,0.93919,0.89832,49,46,0.9388,0.0021,0.002,0.204,0.0772,0.9846,0.8
"1","months_since_cert_n >=    6 & shelter_expenses_by_hh_size >= 1000 & total_deductions_by_hh_size >= 1270 & utilities >=  875","xgboost",148,0.93919,0.89832,140,128,0.9143,0.0058,0.0076,0.582,0.0772,0.9846,0.8
"1","elderly_disabled_i >=   1.00 & months_since_cert_n <   3.00 & shelter_expenses_by_hh_size < 281.00 & unc_rawben_rel_max >=   1.12","xgboost",220,0.93182,0.8983,116,111,0.9569,0.005,0.0033,0.482,0.0772,0.9846,0.8
"1","married >   0.500 & rawben_rel_max >   0.564 & unc_rawben_rel_max <=   2.020 & utilities > 386.000","ranger",123,0.94309,0.89825,68,63,0.9265,0.0028,0.0035,0.283,0.0772,0.9846,0.8
"1","medical_deductions >  180 & shelter_expenses_by_hh_size >   14 & shelter_expenses_by_hh_size <= 1780 & total_deductions_by_hh_size <=  416","ranger",123,0.94309,0.89825,64,62,0.9688,0.0028,8e-04,0.266,0.0772,0.9846,0.8
"1","children_i > 0.500 & months_since_cert_n <= 5.500 & rawben_rel_max > 0.991 & unc_rawben_rel_max <= 1.660","ranger",335,0.92537,0.8982,137,124,0.9051,0.0056,0.0113,0.569,0.0772,0.9846,0.8
"1","medical_deductions >   3.500 & months_since_cert_n <=  23.500 & rawben_rel_max <=   0.325 & total_deductions_by_hh_size > 803.000","ranger",160,0.9375,0.89817,73,65,0.8904,0.0029,0.0025,0.303,0.0772,0.9846,0.8
"1","months_since_cert_n > 4.50 & months_since_cert_n <= 5.50 & percent_abawd > 0.75","ranger",391,0.92327,0.89811,223,207,0.9283,0.0093,0.0111,0.927,0.0772,0.9846,0.8
"1","months_since_cert_n >=   30.000 & months_since_cert_n <   32.000 & rawben_rel_max <    0.608 & shelter_expenses_by_hh_size < 1170.000","xgboost",184,0.93478,0.8981,86,84,0.9767,0.0038,6e-04,0.357,0.0772,0.9846,0.8
"1","count_divisible_by_100 >=  1 & medical_deductions >= 14 & months_since_cert_n <  6","xgboost",84,0.95238,0.89808,27,24,0.8889,0.0011,0.002,0.112,0.0772,0.9846,0.8
"1","rawben_rel_max >  0.991 & rawben_rel_max <=  0.996 & total_deductions_by_hh_size > 17.800","ranger",84,0.95238,0.89808,40,36,0.9,0.0016,0.0021,0.166,0.0772,0.9846,0.8
"1","married >=   1 & months_since_cert_n <   7 & total_deductions_by_hh_size >= 552","xgboost",110,0.94545,0.89798,48,45,0.9375,0.002,0.0018,0.199,0.0772,0.9846,0.8
"1","children_i >   0.5 & elderly_disabled_i <=   0.5 & utilities > 420.0","ranger",254,0.92913,0.89788,120,110,0.9167,0.0049,0.0052,0.499,0.0772,0.9846,0.8
"1","children_i >   0.5 & homeless <=   0.5 & married >   0.5 & shelter_expenses_by_hh_size > 378.0","ranger",135,0.94074,0.89787,57,54,0.9474,0.0024,0.0013,0.237,0.0772,0.9846,0.8
"1","expedited_i >=    1 & months_since_cert_n <    4 & shelter_expenses_by_hh_size >= 1180 & utilities >=  350","xgboost",277,0.9278,0.89787,128,116,0.9062,0.0052,0.0077,0.532,0.0772,0.9846,0.8
"1","count_divisible_by_100 >=   1 & shelter_expenses_by_hh_size < 678 & total_deductions_by_hh_size >= 297 & total_deductions_by_hh_size < 459","xgboost",219,0.93151,0.89784,111,105,0.9459,0.0047,0.0035,0.461,0.0772,0.9846,0.8
"1","cat_elig <= 0.5 & elderly_disabled_i > 0.5 & months_since_cert_n > 3.5 & utilities <= 8.0","ranger",345,0.92464,0.89781,195,183,0.9385,0.0082,0.0068,0.81,0.0772,0.9846,0.8
"1","rawben_rel_max >=   0.23 & total_deductions_by_hh_size >= 186.00 & total_deductions_by_hh_size < 205.00 & utilities >=  34.00","xgboost",345,0.92464,0.89781,224,211,0.942,0.0095,0.005,0.931,0.0772,0.9846,0.8
"1","count_divisible_by_100 >=   1 & months_since_cert_n <  16 & shelter_expenses_by_hh_size < 432 & total_deductions_by_hh_size < 167","xgboost",356,0.92416,0.89774,169,155,0.9172,0.007,0.0087,0.702,0.0772,0.9846,0.8
"1","cat_elig >=  2 & homeless >=  1 & months_since_cert_n < 10 & percent_abawd >=  1","xgboost",242,0.92975,0.89771,31,31,1,0.0014,0,0.129,0.0772,0.9846,0.8
"1","months_since_cert_n <    2 & shelter_expenses_by_hh_size >= 1080 & utilities >=  601 & utilities <  819","xgboost",242,0.92975,0.89771,87,77,0.8851,0.0035,0.0049,0.362,0.0772,0.9846,0.8
"1","cat_elig <    2.000 & rawben_rel_max <    0.268 & shelter_expenses_by_hh_size >= 1140.000 & total_deductions_by_hh_size >=  549.000","xgboost",367,0.92371,0.89768,379,353,0.9314,0.0159,0.0181,1.575,0.0772,0.9846,0.8
"1","expedited_i <= 0.500 & homeless <= 0.500 & rawben_rel_max > 0.991 & rawben_rel_max <= 0.995","ranger",56,0.96429,0.89766,38,34,0.8947,0.0015,0.0021,0.158,0.0772,0.9846,0.8
"1","homeless >  0.500 & rawben_rel_max <=  0.397 & shelter_expenses_by_hh_size > 14.500","ranger",147,0.93878,0.89765,78,67,0.859,0.003,0.007,0.324,0.0772,0.9846,0.8
"1","married <   1.0000 & shelter_expenses_by_hh_size >= 925.0000 & unc_rawben_rel_max <   0.0172 & utilities >= 819.0000","xgboost",195,0.93333,0.89762,106,97,0.9151,0.0044,0.0068,0.441,0.0772,0.9846,0.8
"1","married >   0.5 & months_since_cert_n <=   5.5 & shelter_expenses_by_hh_size > 316.0","ranger",159,0.93711,0.89755,52,49,0.9423,0.0022,0.002,0.216,0.0772,0.9846,0.8
"1","months_since_cert_n <   2.00 & total_deductions_by_hh_size < 478.00 & unc_rawben_rel_max >=   1.24 & utilities >=  48.00","xgboost",183,0.93443,0.89755,97,95,0.9794,0.0043,0.0015,0.403,0.0772,0.9846,0.8
"1","rawben_rel_max <    0.612 & utilities >= 1010.000","xgboost",183,0.93443,0.89755,159,144,0.9057,0.0065,0.0064,0.661,0.0772,0.9846,0.8
"1","months_since_cert_n >=   6.000 & rawben_rel_max <   0.288 & unc_rawben_rel_max >=   0.271 & utilities < 459.000","xgboost",171,0.93567,0.89752,142,139,0.9789,0.0063,7e-04,0.59,0.0772,0.9846,0.8
"1","homeless >  0.500 & rawben_rel_max <=  0.375 & total_deductions_by_hh_size > 54.600 & utilities <=  8.000","ranger",70,0.95714,0.89751,45,37,0.8222,0.0017,0.0054,0.187,0.0772,0.9846,0.8
"1","shelter_expenses_by_hh_size >= 608 & shelter_expenses_by_hh_size < 616 & utilities < 784","xgboost",276,0.92754,0.8975,96,91,0.9479,0.0041,0.0021,0.399,0.0772,0.9846,0.8
"1","cat_elig >  1.50 & rawben_rel_max <=  0.27 & shelter_expenses_by_hh_size <= 14.50","ranger",310,0.92581,0.89746,15,15,1,7e-04,0,0.062,0.0772,0.9846,0.8
"1","homeless >   0.500 & rawben_rel_max <=   0.978 & shelter_expenses_by_hh_size <=  17.000 & total_deductions_by_hh_size <= 533.000","ranger",366,0.9235,0.89741,173,158,0.9133,0.0071,0.0084,0.719,0.0772,0.9846,0.8
"1","expedited_i >  0.5 & homeless >  0.5 & shelter_expenses_by_hh_size > 41.5 & utilities > 32.5","ranger",218,0.93119,0.89738,99,92,0.9293,0.0041,0.0056,0.411,0.0772,0.9846,0.8
"1","cat_elig >=   2.0 & homeless >=   1.0 & percent_abawd >=   0.5 & shelter_expenses_by_hh_size < 430.0","xgboost",241,0.92946,0.89729,37,37,1,0.0017,0,0.154,0.0772,0.9846,0.8
"1","months_since_cert_n >=  32 & shelter_expenses_by_hh_size >= 469 & total_deductions_by_hh_size >= 650","xgboost",332,0.9247,0.89729,158,145,0.9177,0.0065,0.0081,0.657,0.0772,0.9846,0.8
"1","children_i >=   1 & married >=   1 & shelter_expenses_by_hh_size >= 387","xgboost",134,0.9403,0.89713,57,54,0.9474,0.0024,0.0013,0.237,0.0772,0.9846,0.8
"1","count_divisible_by_100 >  0.5 & elderly_disabled_i <=  0.5 & months_since_cert_n >  5.5 & utilities > 10.5","ranger",134,0.9403,0.89713,80,66,0.825,0.003,0.0112,0.332,0.0772,0.9846,0.8
"1","shelter_expenses_by_hh_size >= 1270.00 & shelter_expenses_by_hh_size < 1560.00 & unc_rawben_rel_max >=    1.12 & utilities >=  956.00","xgboost",194,0.93299,0.89711,218,215,0.9862,0.0097,0.002,0.906,0.0772,0.9846,0.8
"1","rawben_rel_max <   0.504 & unc_rawben_rel_max <   0.120 & utilities >= 415.000 & utilities < 430.000","xgboost",229,0.93013,0.8971,1,1,1,0,0,0.004,0.0772,0.9846,0.8
"1","cat_elig > 0.5 & children_i > 0.5 & married > 0.5 & months_since_cert_n <= 5.5","ranger",109,0.94495,0.89708,36,34,0.9444,0.0015,0.001,0.15,0.0772,0.9846,0.8
"1","cat_elig > 0.5 & expedited_i <= 0.5 & total_deductions_by_hh_size > 2.8 & total_deductions_by_hh_size <= 7.8","ranger",109,0.94495,0.89708,45,43,0.9556,0.0019,6e-04,0.187,0.0772,0.9846,0.8
"1","count_divisible_by_100 >=   1.000 & expedited_i <   1.000 & total_deductions_by_hh_size >= 286.000 & unc_rawben_rel_max <   0.179","xgboost",109,0.94495,0.89708,37,34,0.9189,0.0015,0.0021,0.154,0.0772,0.9846,0.8
"1","medical_deductions >  127.0 & months_since_cert_n >    5.5 & shelter_expenses_by_hh_size <= 2450.0 & utilities >  864.0","ranger",170,0.93529,0.89693,97,93,0.9588,0.0042,0.0024,0.403,0.0772,0.9846,0.7
"1","count_divisible_by_100 >  0.5 & count_divisible_by_100 <=  1.5 & total_deductions_by_hh_size > 54.3 & utilities <= 26.5","ranger",263,0.92776,0.89691,150,140,0.9333,0.0063,0.006,0.623,0.0772,0.9846,0.7
"1","months_since_cert_n >=  28.00 & months_since_cert_n <  34.00 & total_deductions_by_hh_size >= 743.00 & unc_rawben_rel_max >=   0.72","xgboost",297,0.92593,0.8969,135,123,0.9111,0.0055,0.0071,0.561,0.0772,0.9846,0.7
"1","months_since_cert_n >= 12.000 & rawben_rel_max >=  0.256 & rawben_rel_max <  0.529 & utilities < 34.000","xgboost",319,0.92476,0.89674,192,174,0.9062,0.0078,0.0068,0.798,0.0772,0.9846,0.7
"1","count_divisible_by_100 >=   1.00 & total_deductions_by_hh_size >= 135.00 & unc_rawben_rel_max <   2.52 & utilities <  45.00","xgboost",251,0.92829,0.89668,123,112,0.9106,0.005,0.007,0.511,0.0772,0.9846,0.7
"1","months_since_cert_n >=   28 & shelter_expenses_by_hh_size < 1220 & total_deductions_by_hh_size >=  654","xgboost",285,0.92632,0.89665,128,116,0.9062,0.0052,0.0079,0.532,0.0772,0.9846,0.7
"1","months_since_cert_n >=  22.000 & months_since_cert_n <  36.000 & rawben_rel_max >=   0.928 & shelter_expenses_by_hh_size < 828.000","xgboost",285,0.92632,0.89665,112,93,0.8304,0.0042,0.0138,0.465,0.0772,0.9846,0.7
"1","rawben_rel_max <=   0.309 & unc_rawben_rel_max <=   0.991 & utilities > 851.000","ranger",341,0.92375,0.89663,201,187,0.9303,0.0084,0.0091,0.835,0.0772,0.9846,0.7
"1","cat_elig <   1.00 & shelter_expenses_by_hh_size >= 601.00 & shelter_expenses_by_hh_size < 646.00 & unc_rawben_rel_max <   1.55","xgboost",121,0.94215,0.89662,58,56,0.9655,0.0025,6e-04,0.241,0.0772,0.9846,0.7
"1","medical_deductions >= 164.000 & months_since_cert_n <   5.000 & rawben_rel_max <   0.544","xgboost",239,0.92887,0.89645,110,98,0.8909,0.0044,0.0049,0.457,0.0772,0.9846,0.7
"1","homeless >=   1.0 & months_since_cert_n >=   6.0 & percent_abawd >=   0.5 & shelter_expenses_by_hh_size < 678.0","xgboost",284,0.92606,0.8963,148,140,0.9459,0.0063,0.0072,0.615,0.0772,0.9846,0.7
"1","shelter_expenses_by_hh_size >= 1480 & total_deductions_by_hh_size >= 1040 & total_deductions_by_hh_size < 1100","xgboost",157,0.93631,0.89628,81,72,0.8889,0.0032,0.0058,0.337,0.0772,0.9846,0.7
"1","months_since_cert_n >=  32 & shelter_expenses_by_hh_size >= 469 & total_deductions_by_hh_size >= 650 & utilities >= 784","xgboost",204,0.93137,0.89625,122,116,0.9508,0.0052,0.0036,0.507,0.0772,0.9846,0.7
"1","children_i <  1 & expedited_i >=  1 & months_since_cert_n >= 17 & total_deductions_by_hh_size <  9","xgboost",108,0.94444,0.89616,44,44,1,0.002,0,0.183,0.0772,0.9846,0.7
"1","months_since_cert_n >=    5 & total_deductions_by_hh_size >= 1080 & utilities >=  875 & utilities < 1020","xgboost",306,0.92484,0.89615,165,149,0.903,0.0067,0.0105,0.686,0.0772,0.9846,0.7
"1","months_since_cert_n >=   33 & shelter_expenses_by_hh_size < 2090 & utilities >=  850 & utilities <  886","xgboost",69,0.95652,0.89609,20,19,0.95,9e-04,7e-04,0.083,0.0772,0.9846,0.7
"1","elderly_disabled_i <= 0.500 & married > 0.500 & rawben_rel_max > 0.481","ranger",192,0.93229,0.89606,80,77,0.9625,0.0035,0.0026,0.332,0.0772,0.9846,0.7
"1","homeless >  0.5 & total_deductions_by_hh_size <= 18.8 & utilities > 38.5","ranger",55,0.96364,0.8959,23,21,0.913,9e-04,0.0016,0.096,0.0772,0.9846,0.7
"1","medical_deductions >=  93.000 & medical_deductions < 135.000 & rawben_rel_max >=   0.973 & utilities >= 284.000","xgboost",55,0.96364,0.8959,45,44,0.9778,0.002,7e-04,0.187,0.0772,0.9846,0.7
"1","months_since_cert_n > 36.500 & rawben_rel_max >  0.843 & total_deductions_by_hh_size >  2.800 & unc_rawben_rel_max >  0.850","ranger",55,0.96364,0.8959,26,25,0.9615,0.0011,8e-04,0.108,0.0772,0.9846,0.7
"1","homeless >=   1.00 & unc_rawben_rel_max >=   1.29 & utilities >=  32.00 & utilities < 784.00","xgboost",180,0.93333,0.89589,44,41,0.9318,0.0018,0.003,0.183,0.0772,0.9846,0.7
"1","medical_deductions >=  125 & shelter_expenses_by_hh_size >=  730 & total_deductions_by_hh_size < 1560 & utilities >=  875","xgboost",249,0.92771,0.89587,119,111,0.9328,0.005,0.0044,0.495,0.0772,0.9846,0.7
"1","children_i >   0.5 & months_since_cert_n <=   5.5 & total_deductions_by_hh_size > 709.0","ranger",95,0.94737,0.89581,41,40,0.9756,0.0018,3e-04,0.17,0.0772,0.9846,0.7
"1","count_divisible_by_100 >=  1 & medical_deductions <  4 & total_deductions_by_hh_size < 50","xgboost",305,0.92459,0.89581,135,124,0.9185,0.0056,0.007,0.561,0.0772,0.9846,0.7
"1","cat_elig <   2 & months_since_cert_n >=   5 & total_deductions_by_hh_size < 848 & utilities >= 992","xgboost",120,0.94167,0.89578,290,268,0.9241,0.0121,0.014,1.205,0.0772,0.9846,0.7
"1","cat_elig >=   2.000 & medical_deductions < 140.000 & months_since_cert_n <   1.000 & rawben_rel_max <   0.533","xgboost",226,0.9292,0.89577,18,18,1,8e-04,0,0.075,0.0772,0.9846,0.7
"1","months_since_cert_n >=   8.000 & rawben_rel_max <   0.688 & utilities >= 912.000","xgboost",226,0.9292,0.89577,211,190,0.9005,0.0085,0.0119,0.877,0.0772,0.9846,0.7
"1","children_i >  0.500 & percent_abawd <=  0.250 & unc_rawben_rel_max >  0.991 & utilities <= 12.500","ranger",203,0.93103,0.89575,79,70,0.8861,0.0031,0.0088,0.328,0.0772,0.9846,0.7
"1","count_divisible_by_100 <= 1.50 & percent_abawd <= 0.75 & total_deductions_by_hh_size > 2.80 & total_deductions_by_hh_size <= 8.90","ranger",168,0.93452,0.89574,79,73,0.9241,0.0033,0.0021,0.328,0.0772,0.9846,0.7
"1","months_since_cert_n >=   2.0 & months_since_cert_n <   9.0 & percent_abawd >=   0.5 & utilities >= 757.0","xgboost",168,0.93452,0.89574,133,125,0.9398,0.0056,0.0054,0.553,0.0772,0.9846,0.7
"1","total_deductions_by_hh_size >   2.8 & total_deductions_by_hh_size <=   8.9 & utilities <= 337.0","ranger",168,0.93452,0.89574,70,67,0.9571,0.003,0.0011,0.291,0.0772,0.9846,0.7
"1","medical_deductions >= 170.000 & medical_deductions < 232.000 & months_since_cert_n >=   5.000 & rawben_rel_max <   0.476","xgboost",271,0.9262,0.89565,111,103,0.9279,0.0046,0.0034,0.461,0.0772,0.9846,0.7
"1","months_since_cert_n <    4.000 & rawben_rel_max <    0.948 & shelter_expenses_by_hh_size < 1290.000 & utilities >=  875.000","xgboost",144,0.9375,0.89558,56,50,0.8929,0.0022,0.0026,0.233,0.0772,0.9846,0.7
"1","rawben_rel_max >=    0.732 & shelter_expenses_by_hh_size >= 1000.000 & total_deductions_by_hh_size >= 1060.000 & utilities >= 1010.000","xgboost",144,0.9375,0.89558,160,152,0.95,0.0068,0.0043,0.665,0.0772,0.9846,0.7
"1","total_deductions_by_hh_size >= 650 & total_deductions_by_hh_size < 803 & utilities >= 852 & utilities < 875","xgboost",214,0.92991,0.89551,149,141,0.9463,0.0063,0.0055,0.619,0.0772,0.9846,0.7
"1","percent_abawd <   0.500 & shelter_expenses_by_hh_size >= 387.000 & total_deductions_by_hh_size >= 393.000 & unc_rawben_rel_max <  -0.392","xgboost",248,0.92742,0.89546,102,92,0.902,0.0041,0.0104,0.424,0.0772,0.9846,0.7
"1","married >  0.500 & rawben_rel_max >  0.502 & rawben_rel_max <=  0.863 & utilities > 22.500","ranger",40,0.975,0.8954,14,12,0.8571,5e-04,0.0022,0.058,0.0772,0.9846,0.7
"1","married > 0.500 & unc_rawben_rel_max > 0.543 & unc_rawben_rel_max <= 0.866","ranger",40,0.975,0.8954,14,12,0.8571,5e-04,0.0022,0.058,0.0772,0.9846,0.7
"1","cat_elig <=  1.5 & count_divisible_by_100 >  0.5 & utilities <= 14.5","ranger",325,0.92308,0.89512,246,223,0.9065,0.01,0.015,1.022,0.0772,0.9846,0.7
"1","children_i <  1 & count_divisible_by_100 >=  1 & total_deductions_by_hh_size < 63","xgboost",314,0.92357,0.89512,142,130,0.9155,0.0058,0.0073,0.59,0.0772,0.9846,0.7
"1","cat_elig <    1.000 & months_since_cert_n >=    3.000 & rawben_rel_max <    0.844 & shelter_expenses_by_hh_size >= 1110.000","xgboost",155,0.93548,0.89497,89,86,0.9663,0.0039,0.0014,0.37,0.0772,0.9846,0.7
"1","cat_elig <   1.000 & rawben_rel_max <   0.485 & total_deductions_by_hh_size >= 531.000","xgboost",155,0.93548,0.89497,67,66,0.9851,0.003,3e-04,0.278,0.0772,0.9846,0.7
"1","months_since_cert_n <   6.00 & total_deductions_by_hh_size >= 379.00 & unc_rawben_rel_max >=  -0.14 & unc_rawben_rel_max <   0.00","xgboost",155,0.93548,0.89497,64,59,0.9219,0.0027,0.0037,0.266,0.0772,0.9846,0.7
"1","elderly_disabled_i <=  0.500 & married >  0.500 & rawben_rel_max >  0.993 & utilities > 15.500","ranger",119,0.94118,0.89494,51,50,0.9804,0.0022,2e-04,0.212,0.0772,0.9846,0.7
"1","homeless >   0.500 & months_since_cert_n >  10.500 & rawben_rel_max >   0.372 & shelter_expenses_by_hh_size <= 700.000","ranger",269,0.92565,0.89489,145,140,0.9655,0.0063,0.0021,0.603,0.0772,0.9846,0.7
"1","children_i >=   1.000 & rawben_rel_max >=   0.492 & shelter_expenses_by_hh_size >= 580.000 & total_deductions_by_hh_size >= 675.000","xgboost",143,0.93706,0.89487,56,55,0.9821,0.0025,3e-04,0.233,0.0772,0.9846,0.7
"1","months_since_cert_n <   1 & shelter_expenses_by_hh_size >= 748 & utilities >= 493 & utilities < 559","xgboost",131,0.93893,0.89484,67,67,1,0.003,0,0.278,0.0772,0.9846,0.7
"1","rawben_rel_max <   0.240 & total_deductions_by_hh_size >= 228.000 & unc_rawben_rel_max <  -0.495 & utilities >= 385.000","xgboost",291,0.9244,0.89481,115,106,0.9217,0.0048,0.0081,0.478,0.0772,0.9846,0.7
"1","medical_deductions >= 167.000 & rawben_rel_max <   0.644 & total_deductions_by_hh_size < 650.000 & utilities < 493.000","xgboost",313,0.92332,0.89479,142,127,0.8944,0.0057,0.0054,0.59,0.0772,0.9846,0.7
"1","rawben_rel_max <    0.712 & total_deductions_by_hh_size < 1020.000 & unc_rawben_rel_max <    2.520 & utilities >=  992.000","xgboost",201,0.93035,0.89474,191,172,0.9005,0.0077,0.0091,0.794,0.0772,0.9846,0.7
"1","cat_elig <   1.00 & months_since_cert_n <  12.00 & rawben_rel_max <   0.34 & utilities >= 483.00","xgboost",68,0.95588,0.89464,13,13,1,6e-04,0,0.054,0.0772,0.9846,0.7
"1","children_i > 0.500 & married > 0.500 & months_since_cert_n <= 4.500 & unc_rawben_rel_max > 0.995","ranger",68,0.95588,0.89464,21,21,1,9e-04,0,0.087,0.0772,0.9846,0.7
"1","elderly_disabled_i >  0.500 & months_since_cert_n <=  0.500 & rawben_rel_max >  0.974 & shelter_expenses_by_hh_size > 14.500","ranger",246,0.92683,0.89463,127,115,0.9055,0.0052,0.0072,0.528,0.0772,0.9846,0.7
"1","elderly_disabled_i >   0.500 & homeless >   0.500 & shelter_expenses_by_hh_size <= 336.000 & unc_rawben_rel_max >   0.472","ranger",212,0.92925,0.89455,105,94,0.8952,0.0042,0.0079,0.436,0.0772,0.9846,0.7
"1","months_since_cert_n >=  23.00 & rawben_rel_max <   0.24 & total_deductions_by_hh_size >=   9.00 & utilities >= 329.00","xgboost",301,0.92359,0.89446,126,117,0.9286,0.0053,0.004,0.524,0.0772,0.9846,0.7
"1","cat_elig <=    0.50 & count_divisible_by_100 >    0.50 & total_deductions_by_hh_size <= 1090.00 & unc_rawben_rel_max <=    1.85","ranger",189,0.93122,0.89445,99,94,0.9495,0.0042,0.0024,0.411,0.0772,0.9846,0.7
"1","children_i > 0.5 & married > 0.5 & total_deductions_by_hh_size > 2.8","ranger",154,0.93506,0.89431,62,59,0.9516,0.0027,0.0013,0.258,0.0772,0.9846,0.7
"1","cat_elig <=   0.500 & total_deductions_by_hh_size > 728.000 & unc_rawben_rel_max <=   0.991 & utilities >  59.000","ranger",234,0.92735,0.89429,129,122,0.9457,0.0055,0.0036,0.536,0.0772,0.9846,0.7
"1","cat_elig <   1 & shelter_expenses_by_hh_size >= 979 & total_deductions_by_hh_size < 595","xgboost",106,0.9434,0.89427,46,46,1,0.0021,0,0.191,0.0772,0.9846,0.7
"1","elderly_disabled_i >  0.5 & shelter_expenses_by_hh_size > 13.0 & shelter_expenses_by_hh_size <= 47.5","ranger",200,0.93,0.89423,106,101,0.9528,0.0045,0.0032,0.441,0.0772,0.9846,0.7
"1","count_divisible_by_100 >  0.500 & rawben_rel_max >  0.947 & shelter_expenses_by_hh_size <= 14.000 & total_deductions_by_hh_size <= 53.700","ranger",177,0.9322,0.89417,71,67,0.9437,0.003,0.003,0.295,0.0772,0.9846,0.7
"1","cat_elig <   3.000 & rawben_rel_max >=   0.892 & shelter_expenses_by_hh_size >= 159.000 & shelter_expenses_by_hh_size < 254.000","xgboost",142,0.93662,0.89415,89,83,0.9326,0.0037,0.0042,0.37,0.0772,0.9846,0.7
"1","count_divisible_by_100 >  0.5 & elderly_disabled_i <=  0.5 & months_since_cert_n <=  4.5 & total_deductions_by_hh_size <= 53.0","ranger",142,0.93662,0.89415,53,51,0.9623,0.0023,0.001,0.22,0.0772,0.9846,0.7
"1","count_divisible_by_100 > 0.5 & expedited_i > 0.5 & percent_abawd <= 0.5 & shelter_expenses_by_hh_size <= 5.5","ranger",54,0.96296,0.89407,20,17,0.85,8e-04,0.0024,0.083,0.0772,0.9846,0.7
"1","homeless <=   0.500 & medical_deductions > 363.000 & rawben_rel_max <=   0.265 & shelter_expenses_by_hh_size >  32.500","ranger",54,0.96296,0.89407,28,28,1,0.0013,0,0.116,0.0772,0.9846,0.7
"1","homeless >  0.5 & total_deductions_by_hh_size <=  2.8 & unc_rawben_rel_max > -4.1 & utilities > 32.0","ranger",54,0.96296,0.89407,22,20,0.9091,9e-04,0.0016,0.091,0.0772,0.9846,0.7
"1","elderly_disabled_i >=  1.000 & rawben_rel_max <  0.536 & shelter_expenses_by_hh_size < 29.000 & total_deductions_by_hh_size >= 87.000","xgboost",130,0.93846,0.89406,76,70,0.9211,0.0031,0.0039,0.316,0.0772,0.9846,0.7
"1","children_i >= 1.000 & married < 1.000 & rawben_rel_max >= 0.892 & unc_rawben_rel_max < 1.210","xgboost",233,0.92704,0.89384,127,111,0.874,0.005,0.0127,0.528,0.0772,0.9846,0.7
"1","cat_elig <   1 & medical_deductions >= 137 & shelter_expenses_by_hh_size >= 531","xgboost",255,0.92549,0.89375,111,105,0.9459,0.0047,0.0024,0.461,0.0772,0.9846,0.7
"1","count_divisible_by_100 >= 1.000 & expedited_i < 1.000 & months_since_cert_n >= 8.000 & rawben_rel_max < 0.576","xgboost",255,0.92549,0.89375,133,121,0.9098,0.0054,0.0068,0.553,0.0772,0.9846,0.7
"1","months_since_cert_n < 15.000 & rawben_rel_max >=  0.304 & rawben_rel_max <  0.526 & total_deductions_by_hh_size < 18.400","xgboost",277,0.92419,0.89373,227,212,0.9339,0.0095,0.0068,0.943,0.0772,0.9846,0.7
"1","cat_elig >   1.5 & count_divisible_by_100 >   0.5 & shelter_expenses_by_hh_size <= 968.0 & utilities <=  14.5","ranger",199,0.92965,0.89371,13,13,1,6e-04,0,0.054,0.0772,0.9846,0.7
"1","children_i >   0.5 & months_since_cert_n <=   5.5 & shelter_expenses_by_hh_size >  32.5 & total_deductions_by_hh_size > 713.0","ranger",93,0.94624,0.89365,40,39,0.975,0.0018,3e-04,0.166,0.0772,0.9846,0.7
"1","count_divisible_by_100 <    1.0000 & shelter_expenses_by_hh_size >= 1380.0000 & unc_rawben_rel_max <   -0.0344 & utilities >=  688.0000","xgboost",93,0.94624,0.89365,57,51,0.8947,0.0023,0.0046,0.237,0.0772,0.9846,0.7
"1","medical_deductions > 140.000 & months_since_cert_n <=   5.500 & unc_rawben_rel_max >   0.995 & utilities >  17.000","ranger",93,0.94624,0.89365,35,30,0.8571,0.0013,0.0043,0.145,0.0772,0.9846,0.7
"1","months_since_cert_n <   1.00 & shelter_expenses_by_hh_size >= 560.00 & total_deductions_by_hh_size < 486.00 & unc_rawben_rel_max >=   0.43","xgboost",221,0.9276,0.89346,122,110,0.9016,0.0049,0.0036,0.507,0.0772,0.9846,0.7
"1","elderly_disabled_i <  1 & months_since_cert_n >= 14 & total_deductions_by_hh_size < 40","xgboost",232,0.92672,0.89339,95,89,0.9368,0.004,0.0052,0.395,0.0772,0.9846,0.7
"1","children_i > 0.5 & homeless <= 0.5 & married > 0.5 & months_since_cert_n <= 4.5","ranger",105,0.94286,0.89329,33,31,0.9394,0.0014,0.001,0.137,0.0772,0.9846,0.7
"1","shelter_expenses_by_hh_size >= 1400 & shelter_expenses_by_hh_size < 1710 & total_deductions_by_hh_size <  792 & utilities >=  850","xgboost",105,0.94286,0.89329,82,76,0.9268,0.0034,0.0038,0.341,0.0772,0.9846,0.7
"1","homeless >  0.500 & rawben_rel_max <=  0.377 & total_deductions_by_hh_size > 56.000","ranger",129,0.93798,0.89326,82,67,0.8171,0.003,0.0105,0.341,0.0772,0.9846,0.7
"1","children_i >=   1 & married >=   1 & months_since_cert_n >=   1 & utilities >= 388","xgboost",80,0.95,0.89319,44,42,0.9545,0.0019,0.001,0.183,0.0772,0.9846,0.7
"1","rawben_rel_max >=   0.320 & rawben_rel_max <   0.357 & shelter_expenses_by_hh_size < 450.000 & unc_rawben_rel_max <   1.330","xgboost",286,0.92308,0.89301,143,123,0.8601,0.0055,0.0083,0.594,0.0772,0.9846,0.7
"1","cat_elig >  0.500 & count_divisible_by_100 >  0.500 & rawben_rel_max >  0.978 & shelter_expenses_by_hh_size <= 16.500","ranger",152,0.93421,0.89296,62,58,0.9355,0.0026,0.003,0.258,0.0772,0.9846,0.7
"1","rawben_rel_max >=   0.984 & total_deductions_by_hh_size < 815.000 & utilities >= 494.000 & utilities < 503.000","xgboost",152,0.93421,0.89296,22,18,0.8182,8e-04,0.0031,0.091,0.0772,0.9846,0.7
"1","cat_elig <=   0.5 & elderly_disabled_i >   0.5 & homeless >   0.5 & total_deductions_by_hh_size <= 246.0","ranger",39,0.97436,0.8929,18,17,0.9444,8e-04,8e-04,0.075,0.0772,0.9846,0.7
"1","count_divisible_by_100 >   0.5 & married <=   0.5 & medical_deductions >   0.5 & total_deductions_by_hh_size <= 302.0","ranger",39,0.97436,0.8929,25,21,0.84,9e-04,0.0024,0.104,0.0772,0.9846,0.7
"1","elderly_disabled_i > 0.50 & months_since_cert_n <= 3.50 & unc_rawben_rel_max > 1.97 & unc_rawben_rel_max <= 2.16","ranger",39,0.97436,0.8929,19,14,0.7368,6e-04,0.0032,0.079,0.0772,0.9846,0.7
"1","shelter_expenses_by_hh_size >= 880 & shelter_expenses_by_hh_size < 925 & total_deductions_by_hh_size < 803 & utilities >= 819","xgboost",163,0.93252,0.89263,54,52,0.963,0.0023,0.0014,0.224,0.0772,0.9846,0.7
"1","children_i >    0.5 & elderly_disabled_i <=    0.5 & shelter_expenses_by_hh_size >  731.0 & shelter_expenses_by_hh_size <= 1330.0","ranger",208,0.92788,0.89256,96,90,0.9375,0.004,0.0037,0.399,0.0772,0.9846,0.7
"1","homeless >=  1.000 & unc_rawben_rel_max >= -1.170 & unc_rawben_rel_max < -0.016","xgboost",92,0.94565,0.89254,51,46,0.902,0.0021,0.0049,0.212,0.0772,0.9846,0.7
"1","medical_deductions >= 214.000 & rawben_rel_max >=   0.092 & rawben_rel_max <   0.312 & unc_rawben_rel_max <   1.020","xgboost",92,0.94565,0.89254,36,33,0.9167,0.0015,0.001,0.15,0.0772,0.9846,0.7
"1","months_since_cert_n >=   1 & months_since_cert_n <  12 & shelter_expenses_by_hh_size < 616 & utilities >= 585","xgboost",252,0.9246,0.89251,24,22,0.9167,0.001,9e-04,0.1,0.0772,0.9846,0.7
"1","children_i >  0.500 & rawben_rel_max >  0.993 & unc_rawben_rel_max <=  1.210 & utilities <= 30.500","ranger",151,0.93377,0.89227,88,77,0.875,0.0035,0.0098,0.366,0.0772,0.9846,0.7
"1","elderly_disabled_i <=  0.5 & married >  0.5 & shelter_expenses_by_hh_size > 69.0","ranger",185,0.92973,0.89223,73,70,0.9589,0.0031,0.0013,0.303,0.0772,0.9846,0.7
"1","medical_deductions > 43.5 & months_since_cert_n <=  5.5 & shelter_expenses_by_hh_size <= 12.5 & total_deductions_by_hh_size > 53.7","ranger",53,0.96226,0.89218,25,24,0.96,0.0011,3e-04,0.104,0.0772,0.9846,0.7
"1","children_i >   0.50 & total_deductions_by_hh_size > 281.00 & unc_rawben_rel_max <=   1.48 & utilities > 420.00","ranger",196,0.92857,0.89212,85,76,0.8941,0.0034,0.0045,0.353,0.0772,0.9846,0.7
"1","expedited_i <=   0.5 & medical_deductions > 141.0 & shelter_expenses_by_hh_size <= 588.0 & total_deductions_by_hh_size <= 398.0","ranger",251,0.9243,0.89209,108,103,0.9537,0.0046,0.0016,0.449,0.0772,0.9846,0.7
"1","months_since_cert_n >=  30 & months_since_cert_n <  37 & shelter_expenses_by_hh_size >= 430 & shelter_expenses_by_hh_size < 678","xgboost",207,0.92754,0.89206,83,81,0.9759,0.0036,5e-04,0.345,0.0772,0.9846,0.7
"1","rawben_rel_max >=    0.472 & rawben_rel_max <    0.481 & shelter_expenses_by_hh_size < 1210.000","xgboost",240,0.925,0.89205,105,88,0.8381,0.004,0.0066,0.436,0.0772,0.9846,0.7
"1","cat_elig <=   0.5 & medical_deductions > 141.0","ranger",229,0.92576,0.89203,118,111,0.9407,0.005,0.0025,0.49,0.0772,0.9846,0.7
"1","cat_elig >  0.5 & children_i >  0.5 & married >  0.5 & total_deductions_by_hh_size > 29.4","ranger",139,0.93525,0.89193,55,52,0.9455,0.0023,0.0013,0.229,0.0772,0.9846,0.7
"1","months_since_cert_n >= 11.000 & rawben_rel_max >=  0.801 & rawben_rel_max <  0.811","xgboost",79,0.94937,0.8919,33,27,0.8182,0.0012,0.0031,0.137,0.0772,0.9846,0.7
"1","months_since_cert_n >=  30.000 & rawben_rel_max >=   0.992 & unc_rawben_rel_max <   1.860 & utilities < 819.000","xgboost",173,0.93064,0.89178,41,36,0.878,0.0016,0.0041,0.17,0.0772,0.9846,0.7
"1","medical_deductions > 108.000 & months_since_cert_n >  26.500 & months_since_cert_n <=  42.500 & rawben_rel_max <=   0.266","ranger",66,0.95455,0.89159,26,25,0.9615,0.0011,0.001,0.108,0.0772,0.9846,0.7
"1","months_since_cert_n <    5.000 & rawben_rel_max >=    0.818 & shelter_expenses_by_hh_size >= 1280.000 & utilities >=  912.000","xgboost",195,0.92821,0.89158,194,188,0.9691,0.0085,0.0046,0.806,0.0772,0.9846,0.7
"1","rawben_rel_max <   0.278 & unc_rawben_rel_max >=  -0.016 & utilities >= 875.000","xgboost",150,0.93333,0.89157,77,73,0.9481,0.0033,0.002,0.32,0.0772,0.9846,0.7
"1","medical_deductions >=  137.000 & rawben_rel_max <    0.496 & shelter_expenses_by_hh_size <  277.000 & total_deductions_by_hh_size < 1010.000","xgboost",91,0.94505,0.8914,29,29,1,0.0013,0,0.121,0.0772,0.9846,0.7
"1","count_divisible_by_100 >=   1.0 & months_since_cert_n <   3.0 & percent_abawd <   0.5 & total_deductions_by_hh_size < 433.0","xgboost",260,0.92308,0.89133,112,107,0.9554,0.0048,0.0028,0.465,0.0772,0.9846,0.7
"1","elderly_disabled_i <    1 & shelter_expenses_by_hh_size >= 1110 & shelter_expenses_by_hh_size < 1530 & utilities >=  886","xgboost",103,0.94175,0.8913,77,70,0.9091,0.0031,0.0034,0.32,0.0772,0.9846,0.7
"1","elderly_disabled_i >  0.5 & homeless >  0.5 & months_since_cert_n >  4.5 & utilities <= 28.5","ranger",249,0.92369,0.89124,130,119,0.9154,0.0054,0.0067,0.54,0.0772,0.9846,0.7
"1","cat_elig >=  1.000 & count_divisible_by_100 >=  1.000 & shelter_expenses_by_hh_size < 29.000 & unc_rawben_rel_max >=  0.836","xgboost",172,0.93023,0.89117,69,63,0.913,0.0028,0.0046,0.287,0.0772,0.9846,0.7
"1","elderly_disabled_i <=  0.5 & months_since_cert_n > 15.5 & shelter_expenses_by_hh_size <= 14.5 & total_deductions_by_hh_size <= 55.9","ranger",172,0.93023,0.89117,58,55,0.9483,0.0025,0.003,0.241,0.0772,0.9846,0.7
"1","months_since_cert_n >=    5.000 & rawben_rel_max >=    0.814 & shelter_expenses_by_hh_size >= 1580.000 & utilities >=  956.000","xgboost",138,0.93478,0.89117,139,133,0.9568,0.006,0.0034,0.578,0.0772,0.9846,0.7
"1","elderly_disabled_i <=   0.5 & married >   0.5 & shelter_expenses_by_hh_size >  12.5 & total_deductions_by_hh_size > 151.0","ranger",183,0.92896,0.89108,72,69,0.9583,0.0031,0.0013,0.299,0.0772,0.9846,0.7
"1","elderly_disabled_i >   0.500 & total_deductions_by_hh_size <= 486.000 & unc_rawben_rel_max <=   0.638 & utilities > 808.000","ranger",160,0.93125,0.89067,55,53,0.9636,0.0024,0.0016,0.229,0.0772,0.9846,0.7
"1","rawben_rel_max <   0.684 & shelter_expenses_by_hh_size >= 853.000 & shelter_expenses_by_hh_size < 880.000 & total_deductions_by_hh_size < 393.000","xgboost",160,0.93125,0.89067,94,88,0.9362,0.004,0.0024,0.391,0.0772,0.9846,0.7
"1","homeless <   1 & total_deductions_by_hh_size >= 587 & total_deductions_by_hh_size < 597 & utilities >= 703","xgboost",78,0.94872,0.89057,37,37,1,0.0017,0,0.154,0.0772,0.9846,0.7
"1","months_since_cert_n <= 4.500 & rawben_rel_max <= 0.947 & shelter_expenses_by_hh_size <= 5.500 & unc_rawben_rel_max > 0.837","ranger",78,0.94872,0.89057,45,45,1,0.002,0,0.187,0.0772,0.9846,0.7
"1","shelter_expenses_by_hh_size < 400 & total_deductions_by_hh_size >=  82 & utilities >= 385","xgboost",78,0.94872,0.89057,54,48,0.8889,0.0022,0.0045,0.224,0.0772,0.9846,0.7
"1","elderly_disabled_i <   1.000 & total_deductions_by_hh_size < 386.000 & unc_rawben_rel_max <  -0.004 & utilities < 560.000","xgboost",215,0.92558,0.89056,73,68,0.9315,0.0031,0.0049,0.303,0.0772,0.9846,0.7
"1","cat_elig <   2 & total_deductions_by_hh_size >= 792 & total_deductions_by_hh_size < 828 & utilities >= 723","xgboost",204,0.92647,0.89051,171,164,0.9591,0.0074,0.0029,0.711,0.0772,0.9846,0.7
"1","homeless >=   1.00 & total_deductions_by_hh_size < 836.00 & unc_rawben_rel_max >=   1.81","xgboost",182,0.92857,0.89049,79,76,0.962,0.0034,0.0023,0.328,0.0772,0.9846,0.7
"1","cat_elig >  0.5 & homeless >  0.5 & shelter_expenses_by_hh_size > 32.0 & total_deductions_by_hh_size <= 55.5","ranger",114,0.9386,0.89048,65,59,0.9077,0.0027,0.0041,0.27,0.0772,0.9846,0.7
"1","shelter_expenses_by_hh_size < 327 & total_deductions_by_hh_size >=   9 & total_deductions_by_hh_size <  14","xgboost",114,0.9386,0.89048,45,41,0.9111,0.0018,0.0016,0.187,0.0772,0.9846,0.7
"1","expedited_i <=   0.5 & months_since_cert_n >  30.5 & total_deductions_by_hh_size <=   8.9 & utilities > 218.0","ranger",38,0.97368,0.89028,16,16,1,7e-04,0,0.066,0.0772,0.9846,0.7
"1","medical_deductions >   3.50000 & rawben_rel_max <=   0.31600 & unc_rawben_rel_max <=  -0.00915 & utilities > 851.00000","ranger",38,0.97368,0.89028,24,23,0.9583,0.001,9e-04,0.1,0.0772,0.9846,0.7
"1","elderly_disabled_i <=  0.5 & months_since_cert_n > 13.5 & shelter_expenses_by_hh_size <= 14.5 & total_deductions_by_hh_size <= 90.7","ranger",236,0.92373,0.89026,92,86,0.9348,0.0039,0.0052,0.382,0.0772,0.9846,0.7
"1","expedited_i >= 1.000 & rawben_rel_max < 0.316 & total_deductions_by_hh_size < 9.000","xgboost",90,0.94444,0.89024,49,48,0.9796,0.0022,3e-04,0.204,0.0772,0.9846,0.7
"1","count_divisible_by_100 <= 0.5 & homeless > 0.5 & medical_deductions > 4.5","ranger",52,0.96154,0.89023,21,18,0.8571,8e-04,0.0022,0.087,0.0772,0.9846,0.7
"1","shelter_expenses_by_hh_size >= 828.000 & shelter_expenses_by_hh_size < 863.000 & total_deductions_by_hh_size < 400.000 & unc_rawben_rel_max >=  -0.304","xgboost",225,0.92444,0.89015,124,116,0.9355,0.0052,0.0034,0.515,0.0772,0.9846,0.7
"1","cat_elig <    1.00 & shelter_expenses_by_hh_size >= 1200.00 & unc_rawben_rel_max >=    0.52 & unc_rawben_rel_max <    2.52","xgboost",214,0.92523,0.89006,107,103,0.9626,0.0046,0.0023,0.445,0.0772,0.9846,0.7
"1","children_i <   1 & months_since_cert_n >=   3 & total_deductions_by_hh_size < 587 & utilities >= 875","xgboost",214,0.92523,0.89006,64,58,0.9062,0.0026,0.0044,0.266,0.0772,0.9846,0.7
"1","months_since_cert_n >=  20.000 & rawben_rel_max <   0.572 & shelter_expenses_by_hh_size >= 400.000 & utilities >= 886.000","xgboost",65,0.95385,0.89001,67,63,0.9403,0.0028,0.0017,0.278,0.0772,0.9846,0.7
"1","children_i >    0.5 & married >    0.5 & total_deductions_by_hh_size <= 1890.0","ranger",159,0.93082,0.89,67,64,0.9552,0.0029,0.0013,0.278,0.0772,0.9846,0.7
"1","cat_elig >  1.5 & count_divisible_by_100 >  0.5 & utilities <= 14.5","ranger",203,0.92611,0.88998,13,13,1,6e-04,0,0.054,0.0772,0.9846,0.7
"1","cat_elig <= 0.50 & count_divisible_by_100 > 0.50 & unc_rawben_rel_max <= 1.85","ranger",192,0.92708,0.88993,101,96,0.9505,0.0043,0.0024,0.42,0.0772,0.9846,0.7
"1","count_divisible_by_100 <=    0.500 & elderly_disabled_i >    0.500 & rawben_rel_max >    0.995 & shelter_expenses_by_hh_size > 1850.000","ranger",192,0.92708,0.88993,118,112,0.9492,0.005,0.0044,0.49,0.0772,0.9846,0.7
"1","elderly_disabled_i <=   0.5 & married >   0.5 & shelter_expenses_by_hh_size >  32.5 & utilities <= 868.0","ranger",181,0.92818,0.8899,69,66,0.9565,0.003,0.0013,0.287,0.0772,0.9846,0.7
"1","elderly_disabled_i <= 0.5 & married > 0.5 & months_since_cert_n <= 7.5","ranger",181,0.92818,0.8899,72,67,0.9306,0.003,0.0036,0.299,0.0772,0.9846,0.7
"1","shelter_expenses_by_hh_size >= 1150.00 & shelter_expenses_by_hh_size < 1190.00 & total_deductions_by_hh_size >=  821.00 & unc_rawben_rel_max <    1.81","xgboost",224,0.92411,0.88967,98,89,0.9082,0.004,0.004,0.407,0.0772,0.9846,0.7
"1","months_since_cert_n >=   2 & shelter_expenses_by_hh_size < 376 & utilities >= 361 & utilities < 385","xgboost",136,0.93382,0.88962,56,54,0.9643,0.0024,0.0013,0.233,0.0772,0.9846,0.7
"1","cat_elig <= 0.500 & elderly_disabled_i <= 0.500 & rawben_rel_max <= 0.993 & utilities <= 8.000","ranger",113,0.93805,0.88955,46,42,0.913,0.0019,0.0014,0.191,0.0772,0.9846,0.7
"1","months_since_cert_n <    3.000 & rawben_rel_max >=    0.137 & rawben_rel_max <    0.188 & total_deductions_by_hh_size < 1100.000","xgboost",202,0.92574,0.88945,78,72,0.9231,0.0032,0.003,0.324,0.0772,0.9846,0.7
"1","medical_deductions > 130.000 & months_since_cert_n <=   5.500 & percent_abawd <=   0.750 & rawben_rel_max >   0.995","ranger",147,0.93197,0.88942,46,41,0.8913,0.0018,0.0043,0.191,0.0772,0.9846,0.7
"1","count_divisible_by_100 >=  1 & months_since_cert_n <  7 & total_deductions_by_hh_size < 34","xgboost",191,0.9267,0.88936,80,75,0.9375,0.0034,0.0026,0.332,0.0772,0.9846,0.7
"1","rawben_rel_max >=    0.992 & total_deductions_by_hh_size <  982.000 & utilities >=  992.000 & utilities < 1020.000","xgboost",191,0.9267,0.88936,95,87,0.9158,0.0039,0.0059,0.395,0.0772,0.9846,0.7
"1","children_i >    0.50 & married >    0.50 & shelter_expenses_by_hh_size <= 2500.00 & unc_rawben_rel_max <=    1.93","ranger",158,0.93038,0.88932,66,64,0.9697,0.0029,0.001,0.274,0.0772,0.9846,0.7
"1","children_i > 0.5 & elderly_disabled_i <= 0.5 & married > 0.5","ranger",158,0.93038,0.88932,66,63,0.9545,0.0028,0.0013,0.274,0.0772,0.9846,0.7
"1","cat_elig >=   3 & months_since_cert_n >=   2 & months_since_cert_n <  11 & utilities < 643","xgboost",180,0.92778,0.88931,0,0,NA,0,0,0,0.0772,0.9846,0.7
"1","count_divisible_by_100 >=  1.0 & total_deductions_by_hh_size < 10.0 & unc_rawben_rel_max <  1.1","xgboost",169,0.92899,0.88929,75,70,0.9333,0.0031,0.0032,0.312,0.0772,0.9846,0.7
"1","elderly_disabled_i >  0.500 & homeless >  0.500 & months_since_cert_n <= 10.500 & rawben_rel_max >  0.991","ranger",135,0.93333,0.88883,62,53,0.8548,0.0024,0.0069,0.258,0.0772,0.9846,0.7
"1","medical_deductions >=  144.000 & rawben_rel_max >=    0.964 & total_deductions_by_hh_size >=  445.000 & total_deductions_by_hh_size < 1120.000","xgboost",135,0.93333,0.88883,59,52,0.8814,0.0023,0.0059,0.245,0.0772,0.9846,0.7
"1","months_since_cert_n <   7.00 & shelter_expenses_by_hh_size >= 351.00 & shelter_expenses_by_hh_size < 430.00 & unc_rawben_rel_max >=   1.48","xgboost",190,0.92632,0.8888,67,62,0.9254,0.0028,0.0038,0.278,0.0772,0.9846,0.7
"1","months_since_cert_n >=  9.000 & months_since_cert_n < 29.000 & rawben_rel_max <  0.288 & unc_rawben_rel_max >=  0.271","xgboost",168,0.92857,0.88865,111,105,0.9459,0.0047,0.0018,0.461,0.0772,0.9846,0.7
"1","total_deductions_by_hh_size >=  982 & total_deductions_by_hh_size < 1320 & utilities >= 1010","xgboost",168,0.92857,0.88865,179,168,0.9385,0.0076,0.0076,0.744,0.0772,0.9846,0.7
"1","medical_deductions >= 120 & shelter_expenses_by_hh_size < 627 & total_deductions_by_hh_size < 449 & utilities >= 424","xgboost",157,0.92994,0.88864,67,60,0.8955,0.0027,0.0025,0.278,0.0772,0.9846,0.7
"1","elderly_disabled_i <   1 & married >=   1 & shelter_expenses_by_hh_size >= 853","xgboost",64,0.95312,0.88837,28,26,0.9286,0.0012,5e-04,0.116,0.0772,0.9846,0.7
"1","homeless >  0.5 & shelter_expenses_by_hh_size > 31.5 & total_deductions_by_hh_size <=  2.8","ranger",64,0.95312,0.88837,30,28,0.9333,0.0013,0.0016,0.125,0.0772,0.9846,0.7
"1","cat_elig <    1.000 & children_i <    1.000 & shelter_expenses_by_hh_size >= 1260.000 & unc_rawben_rel_max >=   -0.004","xgboost",221,0.92308,0.88821,100,97,0.97,0.0044,0.0017,0.416,0.0772,0.9846,0.7
"1","count_divisible_by_100 <= 0.5 & homeless > 0.5 & medical_deductions > 0.5 & total_deductions_by_hh_size > 8.9","ranger",51,0.96078,0.8882,21,18,0.8571,8e-04,0.0022,0.087,0.0772,0.9846,0.7
"1","count_divisible_by_100 >   0.500 & medical_deductions > 176.000 & months_since_cert_n >   4.500 & rawben_rel_max <=   0.734","ranger",51,0.96078,0.8882,24,20,0.8333,9e-04,0.0015,0.1,0.0772,0.9846,0.7
"1","cat_elig <   1 & expedited_i >=   1 & shelter_expenses_by_hh_size >= 979","xgboost",100,0.94,0.88815,46,46,1,0.0021,0,0.191,0.0772,0.9846,0.7
"1","medical_deductions >= 167.000 & medical_deductions < 307.000 & months_since_cert_n >=  15.000 & rawben_rel_max <   0.515","xgboost",134,0.93284,0.88802,50,44,0.88,0.002,0.0019,0.208,0.0772,0.9846,0.7
"1","children_i <= 0.50 & count_divisible_by_100 > 0.50 & shelter_expenses_by_hh_size <= 5.50 & unc_rawben_rel_max > 1.02","ranger",156,0.92949,0.88794,68,64,0.9412,0.0029,0.003,0.283,0.0772,0.9846,0.7
"1","elderly_disabled_i >=    1.00 & total_deductions_by_hh_size < 1560.00 & unc_rawben_rel_max >=    1.64 & utilities >=  852.00","xgboost",145,0.93103,0.88794,129,125,0.969,0.0056,0.0038,0.536,0.0772,0.9846,0.7
"1","married > 0.500 & months_since_cert_n <= 3.500 & unc_rawben_rel_max > 0.866","ranger",88,0.94318,0.88785,30,29,0.9667,0.0013,9e-04,0.125,0.0772,0.9846,0.7
"1","cat_elig <=   0.5 & elderly_disabled_i >   0.5 & medical_deductions > 240.0 & medical_deductions <= 612.0","ranger",76,0.94737,0.88782,38,36,0.9474,0.0016,8e-04,0.158,0.0772,0.9846,0.7
"1","months_since_cert_n >  35.5 & total_deductions_by_hh_size > 532.0 & utilities >   8.0","ranger",76,0.94737,0.88782,45,43,0.9556,0.0019,0.0017,0.187,0.0772,0.9846,0.7
"1","months_since_cert_n >=   28 & months_since_cert_n <   34 & shelter_expenses_by_hh_size < 1220 & total_deductions_by_hh_size >=  654","xgboost",199,0.92462,0.88782,93,84,0.9032,0.0038,0.0054,0.386,0.0772,0.9846,0.7
"1","cat_elig > 1.5 & children_i > 0.5 & count_divisible_by_100 > 0.5","ranger",37,0.97297,0.88753,2,2,1,1e-04,0,0.008,0.0772,0.9846,0.7
"1","expedited_i >   0.500 & medical_deductions >   3.500 & rawben_rel_max <=   0.266 & utilities <= 801.000","ranger",37,0.97297,0.88753,14,14,1,6e-04,0,0.058,0.0772,0.9846,0.7
"1","months_since_cert_n > 6.500 & rawben_rel_max > 0.991 & rawben_rel_max <= 0.995","ranger",37,0.97297,0.88753,19,17,0.8947,8e-04,8e-04,0.079,0.0772,0.9846,0.7
"1","cat_elig <=   0.5 & expedited_i <=   0.5 & medical_deductions > 146.0","ranger",209,0.92344,0.88749,113,106,0.9381,0.0048,0.0025,0.47,0.0772,0.9846,0.7
"1","count_divisible_by_100 >=  1.000 & rawben_rel_max >=  0.692 & total_deductions_by_hh_size < 59.000","xgboost",209,0.92344,0.88749,91,83,0.9121,0.0037,0.0055,0.378,0.0772,0.9846,0.7
"1","children_i > 0.500 & months_since_cert_n > 4.500 & percent_abawd <= 0.250 & rawben_rel_max > 0.897","ranger",177,0.92655,0.88748,86,75,0.8721,0.0034,0.0076,0.357,0.0772,0.9846,0.7
"1","cat_elig <=   0.500 & medical_deductions > 108.000 & rawben_rel_max >   0.266 & total_deductions_by_hh_size > 728.000","ranger",166,0.92771,0.88734,86,82,0.9535,0.0037,0.0017,0.357,0.0772,0.9846,0.7
"1","cat_elig <   1 & months_since_cert_n >=  11 & utilities >= 298 & utilities < 360","xgboost",133,0.93233,0.88721,111,105,0.9459,0.0047,0.0033,0.461,0.0772,0.9846,0.7
"1","medical_deductions >= 117.000 & rawben_rel_max <   0.395 & total_deductions_by_hh_size >= 478.000 & utilities >= 819.000","xgboost",133,0.93233,0.88721,65,61,0.9385,0.0027,0.0022,0.27,0.0772,0.9846,0.7
"1","months_since_cert_n <   3.000 & total_deductions_by_hh_size >= 318.000 & unc_rawben_rel_max >=  -0.212 & unc_rawben_rel_max <   0.000","xgboost",133,0.93233,0.88721,59,55,0.9322,0.0025,0.0033,0.245,0.0772,0.9846,0.7
"1","shelter_expenses_by_hh_size >=  681.000 & shelter_expenses_by_hh_size < 1230.000 & unc_rawben_rel_max <   -0.904 & utilities <  601.000","xgboost",133,0.93233,0.88721,62,60,0.9677,0.0027,0.0018,0.258,0.0772,0.9846,0.7
"1","children_i > 0.5 & married > 0.5 & percent_abawd <= 0.5","ranger",144,0.93056,0.88719,52,51,0.9808,0.0023,2e-04,0.216,0.0772,0.9846,0.7
"1","children_i <   1.000 & elderly_disabled_i <   1.000 & total_deductions_by_hh_size < 289.000 & unc_rawben_rel_max <  -0.016","xgboost",99,0.93939,0.88707,35,31,0.8857,0.0014,0.004,0.145,0.0772,0.9846,0.7
"1","elderly_disabled_i > 0.500 & homeless > 0.500 & rawben_rel_max > 0.991 & unc_rawben_rel_max <= 1.960","ranger",187,0.92513,0.88706,84,73,0.869,0.0033,0.0082,0.349,0.0772,0.9846,0.7
"1","months_since_cert_n >=  28.000 & months_since_cert_n <  35.000 & rawben_rel_max <   0.336 & utilities < 361.000","xgboost",208,0.92308,0.88696,103,100,0.9709,0.0045,0.0015,0.428,0.0772,0.9846,0.7
"1","married >  0.5 & months_since_cert_n <=  5.5 & total_deductions_by_hh_size >  2.8 & utilities > 12.5","ranger",165,0.92727,0.88668,52,50,0.9615,0.0022,0.0017,0.216,0.0772,0.9846,0.7
"1","cat_elig <= 0.50 & count_divisible_by_100 > 0.50 & months_since_cert_n > 3.50 & unc_rawben_rel_max <= 1.85","ranger",87,0.94253,0.88661,47,44,0.9362,0.002,0.0017,0.195,0.0772,0.9846,0.7
"1","months_since_cert_n >  31.50 & total_deductions_by_hh_size > 988.00 & unc_rawben_rel_max <=   1.89","ranger",87,0.94253,0.88661,43,40,0.9302,0.0018,0.0011,0.179,0.0772,0.9846,0.7
"1","cat_elig <   1 & total_deductions_by_hh_size >= 666 & total_deductions_by_hh_size < 725","xgboost",186,0.92473,0.88647,52,50,0.9615,0.0022,0.0014,0.216,0.0772,0.9846,0.7
"1","married >  0.50 & months_since_cert_n <=  7.50 & unc_rawben_rel_max <=  1.91 & utilities > 12.50","ranger",186,0.92473,0.88647,70,66,0.9429,0.003,0.0032,0.291,0.0772,0.9846,0.7
"1","months_since_cert_n <   1.0 & percent_abawd <   0.5 & total_deductions_by_hh_size < 163.0 & utilities >=  56.0","xgboost",186,0.92473,0.88647,89,81,0.9101,0.0036,0.0056,0.37,0.0772,0.9846,0.7
"1","cat_elig >    0.5 & children_i >    0.5 & married >    0.5 & shelter_expenses_by_hh_size <= 2470.0","ranger",143,0.93007,0.88642,58,56,0.9655,0.0025,0.001,0.241,0.0772,0.9846,0.7
"1","months_since_cert_n >=  28.000 & rawben_rel_max <   0.588 & utilities >= 680.000","xgboost",143,0.93007,0.88642,47,44,0.9362,0.002,0.0014,0.195,0.0772,0.9846,0.7
"1","count_divisible_by_100 >    1.5 & total_deductions_by_hh_size >  198.0 & total_deductions_by_hh_size <= 1620.0 & utilities <=  966.0","ranger",75,0.94667,0.88639,38,30,0.7895,0.0013,0.0055,0.158,0.0772,0.9846,0.7
"1","cat_elig <    1 & count_divisible_by_100 >=    1 & months_since_cert_n <   19 & total_deductions_by_hh_size < 1020","xgboost",175,0.92571,0.88623,96,91,0.9479,0.0041,0.0024,0.399,0.0772,0.9846,0.7
"1","children_i >   0.500 & shelter_expenses_by_hh_size <= 440.000 & unc_rawben_rel_max >   0.998 & unc_rawben_rel_max <=   1.210","ranger",164,0.92683,0.88601,89,79,0.8876,0.0036,0.0088,0.37,0.0772,0.9846,0.7
"1","medical_deductions >= 137.000 & months_since_cert_n >=   6.000 & rawben_rel_max >=   0.992 & unc_rawben_rel_max <   1.640","xgboost",164,0.92683,0.88601,74,71,0.9595,0.0032,0.0026,0.308,0.0772,0.9846,0.7
"1","cat_elig <    2.0 & months_since_cert_n <    2.0 & percent_abawd >=    0.5 & shelter_expenses_by_hh_size >= 1010.0","xgboost",98,0.93878,0.88596,79,66,0.8354,0.003,0.0079,0.328,0.0772,0.9846,0.7
"1","cat_elig <= 0.500 & children_i > 0.500 & unc_rawben_rel_max > 0.892","ranger",98,0.93878,0.88596,53,48,0.9057,0.0022,0.0034,0.22,0.0772,0.9846,0.7
"1","months_since_cert_n >=  23.00 & rawben_rel_max <   0.24 & total_deductions_by_hh_size >=   9.00 & utilities < 329.00","xgboost",98,0.93878,0.88596,51,47,0.9216,0.0021,0.0026,0.212,0.0772,0.9846,0.7
"1","cat_elig <=   0.5 & elderly_disabled_i <=   0.5 & homeless <=   0.5 & total_deductions_by_hh_size > 599.0","ranger",185,0.92432,0.88587,132,129,0.9773,0.0058,0.002,0.549,0.0772,0.9846,0.7
"1","children_i > 0.50 & married > 0.50 & shelter_expenses_by_hh_size > 5.50 & unc_rawben_rel_max <= 1.95","ranger",153,0.9281,0.88581,61,58,0.9508,0.0026,0.0013,0.254,0.0772,0.9846,0.7
"1","count_divisible_by_100 >=   1.000 & months_since_cert_n >=  10.000 & rawben_rel_max >=   0.945 & shelter_expenses_by_hh_size >= 627.000","xgboost",109,0.93578,0.88563,62,58,0.9355,0.0026,0.0037,0.258,0.0772,0.9846,0.7
"1","medical_deductions >= 144 & shelter_expenses_by_hh_size >= 853 & total_deductions_by_hh_size < 725 & utilities >= 551","xgboost",174,0.92529,0.88559,71,66,0.9296,0.003,0.0022,0.295,0.0772,0.9846,0.7
"1","cat_elig <= 0.500 & count_divisible_by_100 > 0.500 & rawben_rel_max > 0.776","ranger",120,0.93333,0.88552,73,71,0.9726,0.0032,0.0013,0.303,0.0772,0.9846,0.7
"1","count_divisible_by_100 >  0.500 & months_since_cert_n <= 10.500 & rawben_rel_max <=  0.087 & total_deductions_by_hh_size >  7.800","ranger",120,0.93333,0.88552,54,49,0.9074,0.0022,0.0041,0.224,0.0772,0.9846,0.7
"1","medical_deductions <  116 & shelter_expenses_by_hh_size >= 1000 & shelter_expenses_by_hh_size < 1080 & unc_rawben_rel_max <    0","xgboost",120,0.93333,0.88552,68,65,0.9559,0.0029,0.0024,0.283,0.0772,0.9846,0.7
"1","months_since_cert_n >=   17 & shelter_expenses_by_hh_size >= 1230 & total_deductions_by_hh_size <  786 & utilities >=  784","xgboost",86,0.94186,0.88534,59,55,0.9322,0.0025,0.0023,0.245,0.0772,0.9846,0.7
"1","elderly_disabled_i >   0.500 & homeless >   0.500 & shelter_expenses_by_hh_size <= 672.000 & unc_rawben_rel_max >   0.995","ranger",163,0.92638,0.88533,72,63,0.875,0.0028,0.0069,0.299,0.0772,0.9846,0.7
"1","cat_elig <  2.000 & total_deductions_by_hh_size >=  9.000 & unc_rawben_rel_max < -0.904","xgboost",184,0.92391,0.88526,118,107,0.9068,0.0048,0.0112,0.49,0.0772,0.9846,0.7
"1","cat_elig <=  0.5 & elderly_disabled_i <=  0.5 & total_deductions_by_hh_size > 60.9 & utilities <= 12.5","ranger",141,0.92908,0.88486,68,65,0.9559,0.0029,8e-04,0.283,0.0772,0.9846,0.7
"1","married <=  0.500 & rawben_rel_max >  0.991 & rawben_rel_max <=  0.998 & utilities > 14.500","ranger",97,0.93814,0.88482,59,51,0.8644,0.0023,0.0045,0.245,0.0772,0.9846,0.7
"1","shelter_expenses_by_hh_size >= 1210 & total_deductions_by_hh_size >=  611 & total_deductions_by_hh_size <  650","xgboost",97,0.93814,0.88482,409,354,0.8655,0.0159,0.0413,1.7,0.0772,0.9846,0.7
"1","cat_elig <   1 & children_i <   1 & shelter_expenses_by_hh_size >= 616 & total_deductions_by_hh_size < 236","xgboost",130,0.93077,0.88469,75,74,0.9867,0.0033,4e-04,0.312,0.0772,0.9846,0.7
"1","children_i >  0.5 & married <=  0.5 & months_since_cert_n >  3.5 & utilities <= 30.5","ranger",130,0.93077,0.88469,47,42,0.8936,0.0019,0.0037,0.195,0.0772,0.9846,0.7
"1","count_divisible_by_100 >  0.50 & shelter_expenses_by_hh_size <= 14.50 & unc_rawben_rel_max >  1.02","ranger",162,0.92593,0.88464,72,68,0.9444,0.0031,0.003,0.299,0.0772,0.9846,0.7
"1","homeless >   0.50 & medical_deductions >   0.50 & total_deductions_by_hh_size <= 290.00 & unc_rawben_rel_max <=   1.23","ranger",36,0.97222,0.88464,16,15,0.9375,7e-04,5e-04,0.066,0.0772,0.9846,0.7
"1","married <= 0.500 & rawben_rel_max > 0.976 & total_deductions_by_hh_size > 5.900 & total_deductions_by_hh_size <= 8.800","ranger",36,0.97222,0.88464,20,20,1,9e-04,0,0.083,0.0772,0.9846,0.7
"1","medical_deductions > 105 & medical_deductions <= 124 & shelter_expenses_by_hh_size > 550 & total_deductions_by_hh_size <= 360","ranger",36,0.97222,0.88464,4,3,0.75,1e-04,2e-04,0.017,0.0772,0.9846,0.7
"1","cat_elig <   1 & medical_deductions >= 137 & months_since_cert_n >=   8 & shelter_expenses_by_hh_size >= 531","xgboost",108,0.93519,0.88461,48,46,0.9583,0.0021,0.001,0.199,0.0772,0.9846,0.7
"1","count_divisible_by_100 >= 1.00 & expedited_i < 1.00 & months_since_cert_n >= 4.00 & unc_rawben_rel_max >= 1.48","xgboost",108,0.93519,0.88461,70,59,0.8429,0.0027,0.0091,0.291,0.0772,0.9846,0.7
"1","elderly_disabled_i >=  1.00 & months_since_cert_n < 32.00 & unc_rawben_rel_max < -1.17","xgboost",108,0.93519,0.88461,49,47,0.9592,0.0021,0.0019,0.204,0.0772,0.9846,0.7
"1","rawben_rel_max >=   0.092 & unc_rawben_rel_max <   0.120 & utilities >= 450.000","xgboost",151,0.92715,0.88434,93,78,0.8387,0.0035,0.0065,0.386,0.0772,0.9846,0.7
"1","cat_elig <    2.00 & shelter_expenses_by_hh_size >= 1190.00 & unc_rawben_rel_max <    1.81 & utilities >= 1010.00","xgboost",172,0.92442,0.8843,544,515,0.9467,0.0232,0.0165,2.261,0.0772,0.9846,0.7
"1","months_since_cert_n >=  12.000 & rawben_rel_max <   0.116 & unc_rawben_rel_max >=  -0.004 & utilities < 288.000","xgboost",140,0.92857,0.88406,58,57,0.9828,0.0026,5e-04,0.241,0.0772,0.9846,0.7
"1","months_since_cert_n >=  34.0 & rawben_rel_max >=   0.9 & shelter_expenses_by_hh_size >= 824.0","xgboost",140,0.92857,0.88406,63,60,0.9524,0.0027,0.0025,0.262,0.0772,0.9846,0.7
"1","homeless >=  1.000 & rawben_rel_max <  0.992 & unc_rawben_rel_max < -0.076","xgboost",85,0.94118,0.88405,48,43,0.8958,0.0019,0.0049,0.199,0.0772,0.9846,0.7
"1","cat_elig >  0.5 & count_divisible_by_100 >  0.5 & elderly_disabled_i <=  0.5 & shelter_expenses_by_hh_size <= 18.5","ranger",182,0.92308,0.88404,66,60,0.9091,0.0027,0.0046,0.274,0.0772,0.9846,0.7
"1","children_i >   0.500 & rawben_rel_max >   0.534 & total_deductions_by_hh_size > 822.000","ranger",49,0.95918,0.8839,17,17,1,8e-04,0,0.071,0.0772,0.9846,0.7
"1","cat_elig <=   0.5 & medical_deductions > 170.0 & total_deductions_by_hh_size <= 976.0 & utilities <= 840.0","ranger",129,0.93023,0.88382,46,42,0.913,0.0019,0.0015,0.191,0.0772,0.9846,0.7
"1","medical_deductions <  159 & shelter_expenses_by_hh_size < 1000 & utilities >=  912","xgboost",129,0.93023,0.88382,91,86,0.9451,0.0039,0.0031,0.378,0.0772,0.9846,0.7
"1","elderly_disabled_i <   1.00 & months_since_cert_n <   2.00 & rawben_rel_max <   0.24 & total_deductions_by_hh_size < 355.00","xgboost",96,0.9375,0.88367,37,33,0.8919,0.0015,0.004,0.154,0.0772,0.9846,0.7
"1","months_since_cert_n <    1.000 & rawben_rel_max >=    0.672 & shelter_expenses_by_hh_size >= 1190.000 & unc_rawben_rel_max <    1.290","xgboost",118,0.9322,0.88365,65,55,0.8462,0.0025,0.0067,0.27,0.0772,0.9846,0.7
"1","months_since_cert_n >= 36.000 & rawben_rel_max >=  0.361 & unc_rawben_rel_max >=  0.056","xgboost",118,0.9322,0.88365,76,73,0.9605,0.0033,0.0027,0.316,0.0772,0.9846,0.7
"1","cat_elig > 2.5 & elderly_disabled_i > 0.5","ranger",171,0.92398,0.88364,0,0,NA,0,0,0,0.0772,0.9846,0.7
"1","count_divisible_by_100 >=  1.00 & medical_deductions <  4.00 & total_deductions_by_hh_size < 50.00 & unc_rawben_rel_max >=  1.05","xgboost",150,0.92667,0.88359,62,58,0.9355,0.0026,0.003,0.258,0.0772,0.9846,0.7
"1","homeless >=    1.000 & rawben_rel_max <    0.405 & total_deductions_by_hh_size >=    9.000 & total_deductions_by_hh_size < 1100.000","xgboost",150,0.92667,0.88359,94,76,0.8085,0.0034,0.0114,0.391,0.0772,0.9846,0.7
"1","months_since_cert_n <    4 & shelter_expenses_by_hh_size >= 1750 & total_deductions_by_hh_size < 1020","xgboost",150,0.92667,0.88359,90,75,0.8333,0.0034,0.012,0.374,0.0772,0.9846,0.7
"1","medical_deductions >=  108 & shelter_expenses_by_hh_size < 2090 & utilities >=  992","xgboost",107,0.93458,0.88357,101,96,0.9505,0.0043,0.0027,0.42,0.0772,0.9846,0.7
"1","months_since_cert_n >=   24 & total_deductions_by_hh_size >= 1100 & total_deductions_by_hh_size < 1270 & utilities >=  585","xgboost",107,0.93458,0.88357,42,38,0.9048,0.0017,0.0015,0.175,0.0772,0.9846,0.7
"1","married >   0.5 & shelter_expenses_by_hh_size >  14.0 & shelter_expenses_by_hh_size <= 638.0 & utilities >  55.5","ranger",73,0.94521,0.88342,24,24,1,0.0011,0,0.1,0.0772,0.9846,0.7
"1","children_i >= 1 & married >= 1","xgboost",160,0.925,0.88324,67,64,0.9552,0.0029,0.0013,0.278,0.0772,0.9846,0.7
"1","medical_deductions >= 3.000 & months_since_cert_n < 1.000 & rawben_rel_max < 0.777 & unc_rawben_rel_max < 1.190","xgboost",160,0.925,0.88324,69,62,0.8986,0.0028,0.0024,0.287,0.0772,0.9846,0.7
"1","homeless >  0.5 & married <=  0.5 & total_deductions_by_hh_size <=  2.8 & utilities > 28.5","ranger",61,0.95082,0.88316,27,25,0.9259,0.0011,0.0016,0.112,0.0772,0.9846,0.7
"1","medical_deductions > 384.000 & shelter_expenses_by_hh_size >  14.000 & unc_rawben_rel_max >   0.991","ranger",61,0.95082,0.88316,23,21,0.913,9e-04,0.0014,0.096,0.0772,0.9846,0.7
"1","elderly_disabled_i >   0.50 & rawben_rel_max <=   0.41 & shelter_expenses_by_hh_size <= 646.00 & total_deductions_by_hh_size > 296.00","ranger",170,0.92353,0.88297,66,61,0.9242,0.0027,0.0021,0.274,0.0772,0.9846,0.7
"1","percent_abawd <   0.5000 & rawben_rel_max <   0.0893 & utilities >= 370.0000 & utilities < 388.0000","xgboost",128,0.92969,0.88294,156,154,0.9872,0.0069,0.0013,0.648,0.0772,0.9846,0.7
"1","cat_elig <=   0.50 & count_divisible_by_100 >   0.50 & shelter_expenses_by_hh_size <= 608.00 & unc_rawben_rel_max <=   1.19","ranger",84,0.94048,0.88273,38,35,0.9211,0.0016,0.0016,0.158,0.0772,0.9846,0.7
"1","count_divisible_by_100 >  0.5 & elderly_disabled_i <=  0.5 & months_since_cert_n >  5.5 & utilities <= 46.5","ranger",84,0.94048,0.88273,44,38,0.8636,0.0017,0.0037,0.183,0.0772,0.9846,0.7
"1","children_i >    0.5 & married >    0.5 & utilities <= 1010.0","ranger",159,0.92453,0.88252,66,63,0.9545,0.0028,0.0013,0.274,0.0772,0.9846,0.7
"1","medical_deductions >= 120.000 & rawben_rel_max >=   0.811 & utilities >= 886.000","xgboost",95,0.93684,0.88249,56,52,0.9286,0.0023,0.0023,0.233,0.0772,0.9846,0.7
"1","count_divisible_by_100 >   0.500 & total_deductions_by_hh_size > 150.000 & unc_rawben_rel_max >   0.577 & utilities <=  14.500","ranger",169,0.92308,0.8823,96,91,0.9479,0.0041,0.0031,0.399,0.0772,0.9846,0.7
"1","cat_elig <    2 & medical_deductions <   19 & total_deductions_by_hh_size >=  894 & utilities >= 1010","xgboost",127,0.92913,0.88205,330,314,0.9515,0.0141,0.0107,1.371,0.0772,0.9846,0.7
"1","cat_elig > 1.5 & homeless > 0.5 & months_since_cert_n <= 4.5 & utilities > 9.5","ranger",127,0.92913,0.88205,3,3,1,1e-04,0,0.012,0.0772,0.9846,0.7
"1","medical_deductions > 100.000 & months_since_cert_n >  25.500 & rawben_rel_max <=   0.261","ranger",72,0.94444,0.88187,29,28,0.9655,0.0013,0.001,0.121,0.0772,0.9846,0.7
"1","elderly_disabled_i <= 0.500 & homeless <= 0.500 & married > 0.500 & unc_rawben_rel_max > 0.823","ranger",158,0.92405,0.8818,73,70,0.9589,0.0031,0.0026,0.303,0.0772,0.9846,0.7
"1","months_since_cert_n >=   3.00 & shelter_expenses_by_hh_size < 676.00 & unc_rawben_rel_max >=   1.73 & utilities >= 502.00","xgboost",158,0.92405,0.8818,81,77,0.9506,0.0035,0.004,0.337,0.0772,0.9846,0.7
"1","months_since_cert_n >=   5.000 & rawben_rel_max <   0.992 & total_deductions_by_hh_size >= 675.000 & unc_rawben_rel_max <  -0.004","xgboost",158,0.92405,0.8818,69,60,0.8696,0.0027,0.0091,0.287,0.0772,0.9846,0.7
"1","cat_elig <= 0.5 & count_divisible_by_100 > 0.5 & elderly_disabled_i <= 0.5 & months_since_cert_n > 2.5","ranger",48,0.95833,0.88163,31,28,0.9032,0.0013,0.0016,0.129,0.0772,0.9846,0.7
"1","count_divisible_by_100 >=   1.000 & medical_deductions >= 185.000 & rawben_rel_max <   0.405","xgboost",48,0.95833,0.88163,20,20,1,9e-04,0,0.083,0.0772,0.9846,0.7
"1","percent_abawd > 0.250 & rawben_rel_max > 0.971 & unc_rawben_rel_max <= 1.000","ranger",48,0.95833,0.88163,26,25,0.9615,0.0011,6e-04,0.108,0.0772,0.9846,0.7
"1","shelter_expenses_by_hh_size >=  996 & shelter_expenses_by_hh_size < 1070 & total_deductions_by_hh_size <  523 & utilities <  360","xgboost",48,0.95833,0.88163,17,15,0.8824,7e-04,7e-04,0.071,0.0772,0.9846,0.7
"1","children_i >= 1.00 & married >= 1.00 & unc_rawben_rel_max >= 1.19 & unc_rawben_rel_max < 2.52","xgboost",83,0.93976,0.88137,33,32,0.9697,0.0014,2e-04,0.137,0.0772,0.9846,0.7
"1","married >= 1.00 & rawben_rel_max >= 0.62 & unc_rawben_rel_max < 1.18","xgboost",83,0.93976,0.88137,36,33,0.9167,0.0015,0.0028,0.15,0.0772,0.9846,0.7
"1","expedited_i >=    1.000 & months_since_cert_n >=   23.000 & rawben_rel_max >=    0.892 & shelter_expenses_by_hh_size < 1100.000","xgboost",60,0.95,0.88132,22,20,0.9091,9e-04,0.0019,0.091,0.0772,0.9846,0.7
"1","cat_elig <   1 & months_since_cert_n >=   3 & total_deductions_by_hh_size >= 563 & total_deductions_by_hh_size < 607","xgboost",94,0.93617,0.88129,36,33,0.9167,0.0015,0.0013,0.15,0.0772,0.9846,0.7
"1","months_since_cert_n <    2 & shelter_expenses_by_hh_size >= 1560 & total_deductions_by_hh_size <  809","xgboost",94,0.93617,0.88129,50,44,0.88,0.002,0.0054,0.208,0.0772,0.9846,0.7
"1","cat_elig <=   0.5 & count_divisible_by_100 >   0.5 & expedited_i <=   0.5 & total_deductions_by_hh_size <= 971.0","ranger",147,0.92517,0.88128,80,76,0.95,0.0034,0.0018,0.332,0.0772,0.9846,0.7
"1","children_i <=  0.50 & count_divisible_by_100 >  0.50 & shelter_expenses_by_hh_size <= 14.50 & unc_rawben_rel_max >  1.02","ranger",157,0.92357,0.88107,69,65,0.942,0.0029,0.003,0.287,0.0772,0.9846,0.6
"1","children_i >=  1.000 & married >=  1.000 & unc_rawben_rel_max >= -0.004","xgboost",157,0.92357,0.88107,63,61,0.9683,0.0027,0.001,0.262,0.0772,0.9846,0.6
"1","cat_elig <    1.000 & rawben_rel_max >=    0.485 & rawben_rel_max <    0.756 & shelter_expenses_by_hh_size >= 1040.000","xgboost",115,0.93043,0.88072,65,61,0.9385,0.0027,0.0016,0.27,0.0772,0.9846,0.6
"1","months_since_cert_n <   1.000 & rawben_rel_max >=   0.572 & total_deductions_by_hh_size >= 130.000 & total_deductions_by_hh_size < 383.000","xgboost",146,0.92466,0.8805,75,72,0.96,0.0032,0.0016,0.312,0.0772,0.9846,0.6
"1","elderly_disabled_i >  0.500 & expedited_i >  0.500 & rawben_rel_max <=  0.266 & total_deductions_by_hh_size <= 96.500","ranger",104,0.93269,0.88034,50,49,0.98,0.0022,3e-04,0.208,0.0772,0.9846,0.6
"1","months_since_cert_n >  23.5 & shelter_expenses_by_hh_size > 324.0 & total_deductions_by_hh_size <=   2.8 & utilities >  37.0","ranger",71,0.94366,0.88029,22,22,1,0.001,0,0.091,0.0772,0.9846,0.6
"1","count_divisible_by_100 >=   1 & months_since_cert_n <   1 & total_deductions_by_hh_size < 862","xgboost",125,0.928,0.88023,58,53,0.9138,0.0024,0.0036,0.241,0.0772,0.9846,0.6
"1","count_divisible_by_100 >=   1 & utilities >= 819","xgboost",125,0.928,0.88023,91,82,0.9011,0.0037,0.0052,0.378,0.0772,0.9846,0.6
"1","months_since_cert_n >= 27.000 & rawben_rel_max >=  0.254 & rawben_rel_max <  0.869 & total_deductions_by_hh_size < 63.000","xgboost",93,0.93548,0.88007,48,46,0.9583,0.0021,0.001,0.199,0.0772,0.9846,0.6
"1","count_divisible_by_100 >   1.50 & total_deductions_by_hh_size >  41.70 & unc_rawben_rel_max <=   2.43 & utilities <= 885.00","ranger",82,0.93902,0.87999,45,38,0.8444,0.0017,0.0052,0.187,0.0772,0.9846,0.6
"1","cat_elig >= 1 & children_i >= 1 & married >= 1","xgboost",145,0.92414,0.8797,59,56,0.9492,0.0025,0.0013,0.245,0.0772,0.9846,0.6
"1","shelter_expenses_by_hh_size >= 1100 & shelter_expenses_by_hh_size < 1110 & total_deductions_by_hh_size <  729","xgboost",145,0.92414,0.8797,49,43,0.8776,0.0019,0.0035,0.204,0.0772,0.9846,0.6
"1","cat_elig >   1.500 & medical_deductions > 210.000 & rawben_rel_max >   0.991 & utilities >   9.500","ranger",47,0.95745,0.87927,1,1,1,0,0,0.004,0.0772,0.9846,0.6
"1","cat_elig > 0.500 & elderly_disabled_i <= 0.500 & rawben_rel_max > 0.971 & rawben_rel_max <= 0.987","ranger",47,0.95745,0.87927,22,22,1,0.001,0,0.091,0.0772,0.9846,0.6
"1","count_divisible_by_100 >    1.50 & elderly_disabled_i <=    0.50 & rawben_rel_max >    0.82 & shelter_expenses_by_hh_size <= 1230.00","ranger",47,0.95745,0.87927,26,23,0.8846,0.001,0.0018,0.108,0.0772,0.9846,0.6
"1","cat_elig <   2.0 & months_since_cert_n <   7.0 & unc_rawben_rel_max >=   1.2 & utilities >= 956.0","xgboost",103,0.93204,0.87922,247,242,0.9798,0.0109,0.0038,1.026,0.0772,0.9846,0.6
"1","count_divisible_by_100 > 0.5000 & medical_deductions <= 3.5000 & rawben_rel_max <= 0.0887 & utilities > 5.0000","ranger",103,0.93204,0.87922,54,51,0.9444,0.0023,0.0027,0.224,0.0772,0.9846,0.6
"1","expedited_i >  0.500 & unc_rawben_rel_max >  0.991 & utilities > 14.500 & utilities <= 50.500","ranger",103,0.93204,0.87922,56,53,0.9464,0.0024,0.0025,0.233,0.0772,0.9846,0.6
"1","children_i > 0.500 & expedited_i <= 0.500 & rawben_rel_max > 0.996 & utilities <= 9.500","ranger",144,0.92361,0.87889,66,57,0.8636,0.0026,0.0079,0.274,0.0772,0.9846,0.6
"1","cat_elig >=    1 & children_i >=    1 & shelter_expenses_by_hh_size < 1050 & total_deductions_by_hh_size >=  675","xgboost",92,0.93478,0.87881,36,35,0.9722,0.0016,6e-04,0.15,0.0772,0.9846,0.6
"1","children_i >=  1.00 & total_deductions_by_hh_size >= 34.00 & unc_rawben_rel_max >=  1.20 & unc_rawben_rel_max <  1.46","xgboost",113,0.9292,0.87868,48,45,0.9375,0.002,0.0022,0.199,0.0772,0.9846,0.6
"1","months_since_cert_n >=  31.0000 & rawben_rel_max >=   0.0928 & rawben_rel_max <   0.2820 & total_deductions_by_hh_size < 202.0000","xgboost",113,0.9292,0.87868,39,36,0.9231,0.0016,0.0012,0.162,0.0772,0.9846,0.6
"1","percent_abawd >=    0.500 & shelter_expenses_by_hh_size >=  305.000 & shelter_expenses_by_hh_size < 1970.000 & unc_rawben_rel_max <   -0.016","xgboost",113,0.9292,0.87868,49,44,0.898,0.002,0.0049,0.204,0.0772,0.9846,0.6
"1","months_since_cert_n >=  29.00 & total_deductions_by_hh_size >= 174.00 & unc_rawben_rel_max <   0.12","xgboost",81,0.93827,0.87857,27,26,0.963,0.0012,5e-04,0.112,0.0772,0.9846,0.6
"1","elderly_disabled_i <= 0.500 & expedited_i <= 0.500 & married > 0.500 & rawben_rel_max > 0.991","ranger",123,0.92683,0.87834,51,49,0.9608,0.0022,0.0017,0.212,0.0772,0.9846,0.6
"1","months_since_cert_n <    2 & total_deductions_by_hh_size >= 1080 & total_deductions_by_hh_size < 1320 & utilities >=  340","xgboost",123,0.92683,0.87834,70,60,0.8571,0.0027,0.0061,0.291,0.0772,0.9846,0.6
"1","cat_elig <   1 & months_since_cert_n >=  12 & shelter_expenses_by_hh_size >= 863","xgboost",133,0.92481,0.87815,72,68,0.9444,0.0031,0.0019,0.299,0.0772,0.9846,0.6
"1","expedited_i >=    1 & shelter_expenses_by_hh_size >= 1030 & total_deductions_by_hh_size <  809 & utilities >=  688","xgboost",133,0.92481,0.87815,88,85,0.9659,0.0038,0.0012,0.366,0.0772,0.9846,0.6
"1","months_since_cert_n >=   8 & shelter_expenses_by_hh_size < 841 & total_deductions_by_hh_size >= 519 & total_deductions_by_hh_size < 549","xgboost",102,0.93137,0.87808,40,33,0.825,0.0015,0.0042,0.166,0.0772,0.9846,0.6
"1","months_since_cert_n >=  33.000 & total_deductions_by_hh_size < 650.000 & unc_rawben_rel_max >=   0.412 & utilities >= 493.000","xgboost",102,0.93137,0.87808,34,34,1,0.0015,0,0.141,0.0772,0.9846,0.6
"1","months_since_cert_n >=  10 & total_deductions_by_hh_size >= 792 & total_deductions_by_hh_size < 836 & utilities >= 850","xgboost",112,0.92857,0.87763,64,63,0.9844,0.0028,9e-04,0.266,0.0772,0.9846,0.6
"1","count_divisible_by_100 >=   1.000 & rawben_rel_max >=   0.688 & unc_rawben_rel_max >=   1.480 & utilities < 361.000","xgboost",91,0.93407,0.87754,61,58,0.9508,0.0026,0.003,0.254,0.0772,0.9846,0.6
"1","expedited_i >=   1.000 & rawben_rel_max <   0.188 & total_deductions_by_hh_size < 182.000","xgboost",91,0.93407,0.87754,38,37,0.9737,0.0017,9e-04,0.158,0.0772,0.9846,0.6
"1","married > 0.50 & months_since_cert_n <= 5.50 & unc_rawben_rel_max > 1.01 & utilities > 9.50","ranger",91,0.93407,0.87754,33,33,1,0.0015,0,0.137,0.0772,0.9846,0.6
"1","cat_elig <=  0.5 & homeless >  0.5 & months_since_cert_n <= 11.5 & total_deductions_by_hh_size >  8.8","ranger",58,0.94828,0.87744,26,26,1,0.0012,0,0.108,0.0772,0.9846,0.6
"1","count_divisible_by_100 >    1.5 & shelter_expenses_by_hh_size <= 1610.0 & utilities >    8.0","ranger",58,0.94828,0.87744,33,29,0.8788,0.0013,0.0023,0.137,0.0772,0.9846,0.6
"1","months_since_cert_n >=   29 & shelter_expenses_by_hh_size >= 1110 & shelter_expenses_by_hh_size < 1210","xgboost",122,0.92623,0.87738,53,49,0.9245,0.0022,0.0036,0.22,0.0772,0.9846,0.6
"1","cat_elig <=   0.5 & count_divisible_by_100 >   0.5 & shelter_expenses_by_hh_size <= 608.0","ranger",132,0.92424,0.87726,78,75,0.9615,0.0034,0.0016,0.324,0.0772,0.9846,0.6
"1","cat_elig <= 0.500 & children_i > 0.500 & months_since_cert_n <= 9.500 & rawben_rel_max > 0.991","ranger",80,0.9375,0.87712,46,41,0.8913,0.0018,0.0034,0.191,0.0772,0.9846,0.6
"1","count_divisible_by_100 >    1.5 & count_divisible_by_100 <=    2.5 & shelter_expenses_by_hh_size >   13.0 & shelter_expenses_by_hh_size <= 1220.0","ranger",69,0.94203,0.87698,36,31,0.8611,0.0014,0.0033,0.15,0.0772,0.9846,0.6
"1","medical_deductions > 100 & medical_deductions <= 130 & shelter_expenses_by_hh_size > 734 & total_deductions_by_hh_size <= 510","ranger",69,0.94203,0.87698,72,72,1,0.0032,0,0.299,0.0772,0.9846,0.6
"1","months_since_cert_n >=  32 & total_deductions_by_hh_size < 307 & utilities >= 277 & utilities < 341","xgboost",69,0.94203,0.87698,24,23,0.9583,0.001,4e-04,0.1,0.0772,0.9846,0.6
"1","count_divisible_by_100 >   0.5 & elderly_disabled_i >   0.5 & medical_deductions > 156.0 & utilities <= 678.0","ranger",101,0.93069,0.87692,41,35,0.8537,0.0016,0.0029,0.17,0.0772,0.9846,0.6
"1","expedited_i >   0.500 & medical_deductions >   5.000 & rawben_rel_max <=   0.991 & total_deductions_by_hh_size <= 628.000","ranger",46,0.95652,0.87681,26,22,0.8462,0.001,0.0014,0.108,0.0772,0.9846,0.6
"1","married > 0.500 & rawben_rel_max > 0.502 & rawben_rel_max <= 0.863","ranger",46,0.95652,0.87681,14,12,0.8571,5e-04,0.0022,0.058,0.0772,0.9846,0.6
"1","cat_elig >=   3.000 & rawben_rel_max <   0.656 & utilities < 852.000","xgboost",111,0.92793,0.87657,0,0,NA,0,0,0,0.0772,0.9846,0.6
"1","percent_abawd >=    0.500 & shelter_expenses_by_hh_size >=  305.000 & shelter_expenses_by_hh_size < 1710.000 & unc_rawben_rel_max <   -0.004","xgboost",111,0.92793,0.87657,51,46,0.902,0.0021,0.0049,0.212,0.0772,0.9846,0.6
"1","medical_deductions >   7.5 & utilities > 974.0","ranger",121,0.92562,0.8764,126,118,0.9365,0.0053,0.0038,0.524,0.0772,0.9846,0.6
"1","cat_elig <   1.00 & rawben_rel_max >=   0.32 & total_deductions_by_hh_size >= 743.00 & unc_rawben_rel_max <   0.72","xgboost",90,0.93333,0.87623,37,37,1,0.0017,0,0.154,0.0772,0.9846,0.6
"1","homeless >=   1.000 & total_deductions_by_hh_size < 289.000 & unc_rawben_rel_max <   0.056","xgboost",90,0.93333,0.87623,51,43,0.8431,0.0019,0.0063,0.212,0.0772,0.9846,0.6
"1","months_since_cert_n <   8 & shelter_expenses_by_hh_size >= 996 & total_deductions_by_hh_size < 523 & utilities < 417","xgboost",90,0.93333,0.87623,64,59,0.9219,0.0027,0.0021,0.266,0.0772,0.9846,0.6
"1","medical_deductions >= 144.00 & months_since_cert_n <   5.00 & unc_rawben_rel_max <   1.86 & utilities >= 819.00","xgboost",79,0.93671,0.87563,43,34,0.7907,0.0015,0.0036,0.179,0.0772,0.9846,0.6
"1","cat_elig <= 0.5 & count_divisible_by_100 > 0.5 & elderly_disabled_i <= 0.5 & homeless <= 0.5","ranger",110,0.92727,0.87549,61,58,0.9508,0.0026,0.0016,0.254,0.0772,0.9846,0.6
"1","months_since_cert_n >=  15 & months_since_cert_n <  16 & utilities >=  44 & utilities < 405","xgboost",130,0.92308,0.87543,95,81,0.8526,0.0036,0.0055,0.395,0.0772,0.9846,0.6
"1","months_since_cert_n >=  34.0 & rawben_rel_max <   0.9 & shelter_expenses_by_hh_size >= 824.0","xgboost",130,0.92308,0.87543,45,42,0.9333,0.0019,0.002,0.187,0.0772,0.9846,0.6
"1","count_divisible_by_100 > 0.500 & percent_abawd > 0.500 & rawben_rel_max > 0.409 & shelter_expenses_by_hh_size <= 5.500","ranger",57,0.94737,0.87541,23,23,1,0.001,0,0.096,0.0772,0.9846,0.6
"1","count_divisible_by_100 >=   1.0 & rawben_rel_max <   0.4 & total_deductions_by_hh_size < 104.0","xgboost",120,0.925,0.87541,68,64,0.9412,0.0029,0.0018,0.283,0.0772,0.9846,0.6
"1","months_since_cert_n <  10 & total_deductions_by_hh_size >= 792 & total_deductions_by_hh_size < 836 & utilities >= 850","xgboost",120,0.925,0.87541,94,91,0.9681,0.0041,0.001,0.391,0.0772,0.9846,0.6
"1","cat_elig <=   0.5 & medical_deductions <=   4.5 & months_since_cert_n >  23.5 & utilities > 276.0","ranger",68,0.94118,0.87526,51,50,0.9804,0.0022,4e-04,0.212,0.0772,0.9846,0.6
"1","medical_deductions >= 108 & medical_deductions < 130 & utilities < 287","xgboost",68,0.94118,0.87526,35,28,0.8,0.0013,0.0034,0.145,0.0772,0.9846,0.6
"1","count_divisible_by_100 >  0.50 & homeless >  0.50 & percent_abawd <=  0.75 & total_deductions_by_hh_size <= 63.30","ranger",33,0.9697,0.87499,12,11,0.9167,5e-04,2e-04,0.05,0.0772,0.9846,0.6
"1","medical_deductions <= 3.500 & rawben_rel_max > 0.991 & rawben_rel_max <= 0.995 & unc_rawben_rel_max <= 0.993","ranger",33,0.9697,0.87499,37,33,0.8919,0.0015,0.0021,0.154,0.0772,0.9846,0.6
"1","medical_deductions >    0.500 & rawben_rel_max <=    0.272 & shelter_expenses_by_hh_size <= 1760.000 & utilities >  940.000","ranger",33,0.9697,0.87499,29,28,0.9655,0.0013,5e-04,0.121,0.0772,0.9846,0.6
"1","count_divisible_by_100 > 0.50 & expedited_i > 0.50 & months_since_cert_n > 5.50 & unc_rawben_rel_max <= 1.89","ranger",89,0.93258,0.8749,40,35,0.875,0.0016,0.0042,0.166,0.0772,0.9846,0.6
"1","months_since_cert_n >=  33.000 & rawben_rel_max >=   0.247 & total_deductions_by_hh_size < 645.000 & utilities >= 600.000","xgboost",89,0.93258,0.8749,14,14,1,6e-04,0,0.058,0.0772,0.9846,0.6
"1","cat_elig <= 0.500 & children_i > 0.500 & count_divisible_by_100 <= 1.500 & unc_rawben_rel_max > 0.876","ranger",99,0.92929,0.87453,52,47,0.9038,0.0021,0.0034,0.216,0.0772,0.9846,0.6
"1","children_i <   1.00 & total_deductions_by_hh_size < 515.00 & unc_rawben_rel_max <  -1.17 & utilities < 750.00","xgboost",99,0.92929,0.87453,41,41,1,0.0018,0,0.17,0.0772,0.9846,0.6
"1","rawben_rel_max >=   0.988 & rawben_rel_max <   1.000 & shelter_expenses_by_hh_size < 637.000 & unc_rawben_rel_max >=  -0.016","xgboost",99,0.92929,0.87453,63,59,0.9365,0.0027,0.0015,0.262,0.0772,0.9846,0.6
"1","count_divisible_by_100 >  1.500 & rawben_rel_max >  0.991 & shelter_expenses_by_hh_size > 29.500 & unc_rawben_rel_max <=  1.930","ranger",45,0.95556,0.87425,23,22,0.9565,0.001,0.001,0.096,0.0772,0.9846,0.6
"1","cat_elig <  2 & count_divisible_by_100 >=  1 & elderly_disabled_i <  1 & total_deductions_by_hh_size < 82","xgboost",118,0.92373,0.87337,82,74,0.9024,0.0033,0.005,0.341,0.0772,0.9846,0.6
"1","months_since_cert_n >=    5.000 & shelter_expenses_by_hh_size >= 1410.000 & unc_rawben_rel_max <   -0.004","xgboost",118,0.92373,0.87337,67,59,0.8806,0.0027,0.0062,0.278,0.0772,0.9846,0.6
"1","months_since_cert_n >= 18.000 & months_since_cert_n < 22.000 & rawben_rel_max >=  0.924 & total_deductions_by_hh_size <  9.000","xgboost",118,0.92373,0.87337,49,47,0.9592,0.0021,0.0017,0.204,0.0772,0.9846,0.6
"1","count_divisible_by_100 > 1.500 & elderly_disabled_i <= 0.500 & unc_rawben_rel_max > 0.662 & unc_rawben_rel_max <= 1.930","ranger",56,0.94643,0.87331,32,27,0.8438,0.0012,0.003,0.133,0.0772,0.9846,0.6
"1","homeless >  0.5 & total_deductions_by_hh_size <=  2.5 & utilities > 30.5","ranger",56,0.94643,0.87331,23,21,0.913,9e-04,0.0016,0.096,0.0772,0.9846,0.6
"1","medical_deductions >= 174.000 & months_since_cert_n <   6.000 & rawben_rel_max <   0.357 & total_deductions_by_hh_size >= 645.000","xgboost",56,0.94643,0.87331,14,12,0.8571,5e-04,7e-04,0.058,0.0772,0.9846,0.6
"1","months_since_cert_n > 36.500 & rawben_rel_max >  0.843 & total_deductions_by_hh_size >  2.800","ranger",56,0.94643,0.87331,26,25,0.9615,0.0011,8e-04,0.108,0.0772,0.9846,0.6
"1","total_deductions_by_hh_size > 1560.00 & unc_rawben_rel_max >    1.93 & unc_rawben_rel_max <=    2.70","ranger",56,0.94643,0.87331,28,27,0.9643,0.0012,7e-04,0.116,0.0772,0.9846,0.6
"1","shelter_expenses_by_hh_size >= 1050 & shelter_expenses_by_hh_size < 1060 & utilities >=  612 & utilities <  886","xgboost",98,0.92857,0.8733,73,73,1,0.0033,0,0.303,0.0772,0.9846,0.6
"1","count_divisible_by_100 >=   1 & count_divisible_by_100 <   2 & utilities >= 850","xgboost",108,0.92593,0.87327,84,77,0.9167,0.0035,0.0047,0.349,0.0772,0.9846,0.6
"1","medical_deductions <  135 & months_since_cert_n >=   34 & shelter_expenses_by_hh_size >= 1070 & total_deductions_by_hh_size >=  734","xgboost",108,0.92593,0.87327,62,60,0.9677,0.0027,0.0017,0.258,0.0772,0.9846,0.6
"1","expedited_i >=    1.000 & rawben_rel_max >=    0.608 & shelter_expenses_by_hh_size >= 1800.000 & unc_rawben_rel_max >=    1.050","xgboost",117,0.92308,0.87232,51,47,0.9216,0.0021,0.0027,0.212,0.0772,0.9846,0.6
"1","cat_elig <= 0.500 & children_i > 0.500 & rawben_rel_max > 0.991","ranger",87,0.93103,0.87214,48,43,0.8958,0.0019,0.0034,0.199,0.0772,0.9846,0.6
"1","count_divisible_by_100 > 1.5 & elderly_disabled_i <= 0.5 & medical_deductions <= 0.5","ranger",66,0.93939,0.87167,38,29,0.7632,0.0013,0.0066,0.158,0.0772,0.9846,0.6
"1","homeless >  0.500 & rawben_rel_max >  0.993 & total_deductions_by_hh_size > 65.600 & utilities <= 14.500","ranger",44,0.95455,0.87158,22,19,0.8636,9e-04,0.0023,0.091,0.0772,0.9846,0.6
"1","count_divisible_by_100 <=  0.500 & rawben_rel_max <=  0.993 & total_deductions_by_hh_size > 17.800 & unc_rawben_rel_max >  0.991","ranger",32,0.96875,0.87141,37,34,0.9189,0.0015,0.0017,0.154,0.0772,0.9846,0.6
"1","elderly_disabled_i <= 0.500 & expedited_i > 0.500 & rawben_rel_max <= 0.991 & unc_rawben_rel_max > 0.950","ranger",32,0.96875,0.87141,17,15,0.8824,7e-04,0.0019,0.071,0.0772,0.9846,0.6
"1","expedited_i <=  0.500 & rawben_rel_max <=  0.998 & shelter_expenses_by_hh_size <= 14.000 & unc_rawben_rel_max >  0.971","ranger",32,0.96875,0.87141,25,25,1,0.0011,0,0.104,0.0772,0.9846,0.6
"1","medical_deductions >  96.200 & months_since_cert_n >  29.500 & unc_rawben_rel_max <=   0.278 & utilities > 195.000","ranger",32,0.96875,0.87141,15,15,1,7e-04,0,0.062,0.0772,0.9846,0.6
"1","percent_abawd <= 0.750 & rawben_rel_max > 0.991 & rawben_rel_max <= 0.993 & unc_rawben_rel_max <= 1.930","ranger",32,0.96875,0.87141,39,35,0.8974,0.0016,0.0021,0.162,0.0772,0.9846,0.6
"1","count_divisible_by_100 > 1.500 & count_divisible_by_100 <= 2.500 & elderly_disabled_i <= 0.500 & rawben_rel_max > 0.662","ranger",55,0.94545,0.87114,32,27,0.8438,0.0012,0.003,0.133,0.0772,0.9846,0.6
"1","elderly_disabled_i >=    1 & shelter_expenses_by_hh_size >= 1530 & total_deductions_by_hh_size >=  982 & total_deductions_by_hh_size < 1020","xgboost",55,0.94545,0.87114,28,20,0.7143,9e-04,0.0034,0.116,0.0772,0.9846,0.6
"1","cat_elig <   1 & medical_deductions >= 260 & months_since_cert_n <  25","xgboost",76,0.93421,0.87095,42,40,0.9524,0.0018,8e-04,0.175,0.0772,0.9846,0.6
"1","cat_elig <   1.000 & medical_deductions >= 167.000 & rawben_rel_max <   0.859 & shelter_expenses_by_hh_size >= 874.000","xgboost",76,0.93421,0.87095,34,33,0.9706,0.0015,5e-04,0.141,0.0772,0.9846,0.6
"1","cat_elig <= 0.500 & children_i > 0.500 & elderly_disabled_i <= 0.500 & rawben_rel_max > 0.993","ranger",86,0.93023,0.87072,48,43,0.8958,0.0019,0.0034,0.199,0.0772,0.9846,0.6
"1","count_divisible_by_100 > 1.5 & count_divisible_by_100 <= 2.5 & elderly_disabled_i <= 0.5","ranger",65,0.93846,0.8698,38,29,0.7632,0.0013,0.0066,0.158,0.0772,0.9846,0.6
"1","cat_elig < 1.000 & children_i >= 1.000 & rawben_rel_max >= 0.787","xgboost",105,0.92381,0.86978,56,51,0.9107,0.0023,0.0034,0.233,0.0772,0.9846,0.6
"1","homeless <    1 & shelter_expenses_by_hh_size >= 1390 & shelter_expenses_by_hh_size < 1410 & utilities >=  688","xgboost",105,0.92381,0.86978,70,69,0.9857,0.0031,8e-04,0.291,0.0772,0.9846,0.6
"1","expedited_i >=    1 & months_since_cert_n <    3 & shelter_expenses_by_hh_size >= 1640 & total_deductions_by_hh_size < 1380","xgboost",75,0.93333,0.86931,32,28,0.875,0.0013,0.0025,0.133,0.0772,0.9846,0.6
"1","count_divisible_by_100 >=   1.0000 & rawben_rel_max <   0.0893 & total_deductions_by_hh_size < 769.0000 & utilities < 329.0000","xgboost",85,0.92941,0.86926,39,35,0.8974,0.0016,0.0034,0.162,0.0772,0.9846,0.6
"1","homeless > 0.5 & medical_deductions > 0.5","ranger",54,0.94444,0.86889,22,19,0.8636,9e-04,0.0022,0.091,0.0772,0.9846,0.6
"1","shelter_expenses_by_hh_size < 440.000 & unc_rawben_rel_max >=   0.337 & unc_rawben_rel_max <   0.430 & utilities >= 392.000","xgboost",54,0.94444,0.86889,49,45,0.9184,0.002,0.0016,0.204,0.0772,0.9846,0.6
"1","count_divisible_by_100 >  1.500 & elderly_disabled_i <=  0.500 & rawben_rel_max >  0.991 & total_deductions_by_hh_size > 50.000","ranger",43,0.95349,0.86879,22,21,0.9545,9e-04,0.001,0.091,0.0772,0.9846,0.6
"1","medical_deductions >= 126 & medical_deductions < 135 & utilities < 350","xgboost",43,0.95349,0.86879,103,92,0.8932,0.0041,0.0055,0.428,0.0772,0.9846,0.6
"1","children_i >=   1.00 & married >=   1.00 & total_deductions_by_hh_size < 692.00 & unc_rawben_rel_max <   1.58","xgboost",104,0.92308,0.86858,39,38,0.9744,0.0017,7e-04,0.162,0.0772,0.9846,0.6
"1","rawben_rel_max >=    0.711 & rawben_rel_max <    0.916 & utilities >= 1010.000","xgboost",104,0.92308,0.86858,94,85,0.9043,0.0038,0.0056,0.391,0.0772,0.9846,0.6
"1","cat_elig <   1 & count_divisible_by_100 >=   1 & shelter_expenses_by_hh_size >= 425","xgboost",94,0.92553,0.86812,41,37,0.9024,0.0017,0.0018,0.17,0.0772,0.9846,0.6
"1","count_divisible_by_100 > 1.5 & elderly_disabled_i <= 0.5 & homeless <= 0.5 & medical_deductions <= 0.5","ranger",64,0.9375,0.86787,33,26,0.7879,0.0012,0.0053,0.137,0.0772,0.9846,0.6
"1","elderly_disabled_i >=   1 & months_since_cert_n >=  22 & utilities >= 361 & utilities < 385","xgboost",64,0.9375,0.86787,18,18,1,8e-04,0,0.075,0.0772,0.9846,0.6
"1","elderly_disabled_i <   1 & homeless >=   1 & shelter_expenses_by_hh_size < 507 & utilities >= 318","xgboost",84,0.92857,0.86777,41,39,0.9512,0.0018,0.0015,0.17,0.0772,0.9846,0.6
"1","shelter_expenses_by_hh_size >=  29.000 & shelter_expenses_by_hh_size < 339.000 & unc_rawben_rel_max >=  -0.056 & unc_rawben_rel_max <   0.000","xgboost",84,0.92857,0.86777,50,50,1,0.0022,0,0.208,0.0772,0.9846,0.6
"1","children_i >  0.5 & expedited_i <=  0.5 & months_since_cert_n >  3.5 & total_deductions_by_hh_size <= 56.6","ranger",74,0.93243,0.86763,27,25,0.9259,0.0011,0.0019,0.112,0.0772,0.9846,0.6
"1","months_since_cert_n >=  35 & months_since_cert_n <  39 & total_deductions_by_hh_size >= 654","xgboost",74,0.93243,0.86763,39,37,0.9487,0.0017,0.0017,0.162,0.0772,0.9846,0.6
"1","children_i <=  0.500 & rawben_rel_max <=  0.993 & total_deductions_by_hh_size > 17.800 & unc_rawben_rel_max >  0.991","ranger",31,0.96774,0.86761,39,35,0.8974,0.0016,0.0021,0.162,0.0772,0.9846,0.6
"1","count_divisible_by_100 >  0.50 & expedited_i <=  0.50 & percent_abawd >  0.75 & total_deductions_by_hh_size <= 58.20","ranger",31,0.96774,0.86761,20,20,1,9e-04,0,0.083,0.0772,0.9846,0.6
"1","medical_deductions <= 3.500 & rawben_rel_max > 0.991 & rawben_rel_max <= 0.995 & unc_rawben_rel_max > 0.993","ranger",31,0.96774,0.86761,0,0,NA,0,0,0,0.0772,0.9846,0.6
"1","medical_deductions > 140.0 & medical_deductions <= 276.0 & shelter_expenses_by_hh_size <=  29.5","ranger",31,0.96774,0.86761,15,15,1,7e-04,0,0.062,0.0772,0.9846,0.6
"1","months_since_cert_n >=    5.000 & months_since_cert_n <    7.000 & rawben_rel_max <    0.188 & shelter_expenses_by_hh_size >= 1140.000","xgboost",93,0.92473,0.86676,58,55,0.9483,0.0025,0.0019,0.241,0.0772,0.9846,0.6
"1","count_divisible_by_100 <=   0.5 & medical_deductions > 176.0 & months_since_cert_n >   4.5 & total_deductions_by_hh_size <= 320.0","ranger",53,0.9434,0.86656,29,27,0.931,0.0012,9e-04,0.121,0.0772,0.9846,0.6
"1","homeless > 0.5 & medical_deductions > 0.5 & total_deductions_by_hh_size > 8.9","ranger",53,0.9434,0.86656,22,19,0.8636,9e-04,0.0022,0.091,0.0772,0.9846,0.6
"1","rawben_rel_max <    0.42 & shelter_expenses_by_hh_size >= 1480.00 & total_deductions_by_hh_size <  749.00 & unc_rawben_rel_max <    1.90","xgboost",83,0.92771,0.86625,41,37,0.9024,0.0017,0.0034,0.17,0.0772,0.9846,0.6
"1","rawben_rel_max <   0.471 & shelter_expenses_by_hh_size >= 869.000 & shelter_expenses_by_hh_size < 880.000 & utilities >= 426.000","xgboost",83,0.92771,0.86625,27,26,0.963,0.0012,3e-04,0.112,0.0772,0.9846,0.6
"1","cat_elig <    2.00 & shelter_expenses_by_hh_size < 1970.00 & total_deductions_by_hh_size >= 1450.00 & unc_rawben_rel_max <    2.52","xgboost",73,0.93151,0.8659,76,66,0.8684,0.003,0.0078,0.316,0.0772,0.9846,0.6
"1","cat_elig <=   0.5 & medical_deductions > 296.0 & months_since_cert_n >   5.5","ranger",42,0.95238,0.86588,23,20,0.8696,9e-04,0.0013,0.096,0.0772,0.9846,0.6
"1","shelter_expenses_by_hh_size >= 1020 & shelter_expenses_by_hh_size < 1060 & utilities >=  361 & utilities <  392","xgboost",63,0.93651,0.86588,62,57,0.9194,0.0026,0.0032,0.258,0.0772,0.9846,0.6
"1","cat_elig >=   2.0 & months_since_cert_n >=  11.0 & percent_abawd >=   0.5 & total_deductions_by_hh_size < 470.0","xgboost",92,0.92391,0.86538,30,30,1,0.0013,0,0.125,0.0772,0.9846,0.6
"1","count_divisible_by_100 >   1.50 & total_deductions_by_hh_size > 242.00 & unc_rawben_rel_max <=   1.93","ranger",72,0.93056,0.86413,36,28,0.7778,0.0013,0.0055,0.15,0.0772,0.9846,0.6
"1","months_since_cert_n >= 37.000 & rawben_rel_max >=  0.485","xgboost",72,0.93056,0.86413,45,43,0.9556,0.0019,0.0018,0.187,0.0772,0.9846,0.6
"1","months_since_cert_n <    4 & shelter_expenses_by_hh_size >= 1750 & total_deductions_by_hh_size < 1020 & utilities >=  494","xgboost",91,0.92308,0.86396,67,59,0.8806,0.0027,0.0067,0.278,0.0772,0.9846,0.6
"1","rawben_rel_max >=  0.084 & rawben_rel_max <  0.100 & utilities < 48.000","xgboost",91,0.92308,0.86396,38,34,0.8947,0.0015,0.0018,0.158,0.0772,0.9846,0.6
"1","count_divisible_by_100 >    1.500 & medical_deductions <=  100.000 & shelter_expenses_by_hh_size <= 1610.000 & unc_rawben_rel_max >    0.781","ranger",62,0.93548,0.86383,31,28,0.9032,0.0013,0.0018,0.129,0.0772,0.9846,0.6
"1","cat_elig <=   0.500 & medical_deductions > 132.000 & months_since_cert_n >   2.500 & rawben_rel_max >   0.998","ranger",30,0.96667,0.86358,20,20,1,9e-04,0,0.083,0.0772,0.9846,0.6
"1","married >=   1.000 & rawben_rel_max >=   0.236 & total_deductions_by_hh_size >= 511.000 & unc_rawben_rel_max <   1.250","xgboost",81,0.92593,0.8631,37,34,0.9189,0.0015,0.0028,0.154,0.0772,0.9846,0.6
"1","months_since_cert_n <   24.000 & rawben_rel_max <    0.354 & shelter_expenses_by_hh_size < 1280.000 & utilities >=  886.000","xgboost",81,0.92593,0.8631,52,50,0.9615,0.0022,9e-04,0.216,0.0772,0.9846,0.6
"1","cat_elig <=  0.50 & children_i >  0.50 & shelter_expenses_by_hh_size <= 14.50 & unc_rawben_rel_max <=  1.21","ranger",41,0.95122,0.86284,29,26,0.8966,0.0012,0.0023,0.121,0.0772,0.9846,0.6
"1","cat_elig <=   0.5 & count_divisible_by_100 >   0.5 & total_deductions_by_hh_size <= 180.0","ranger",71,0.92958,0.86231,26,25,0.9615,0.0011,6e-04,0.108,0.0772,0.9846,0.6
"1","medical_deductions >=  116.000 & rawben_rel_max <    0.729 & shelter_expenses_by_hh_size >= 1560.000 & shelter_expenses_by_hh_size < 1710.000","xgboost",61,0.93443,0.86172,34,31,0.9118,0.0014,0.0012,0.141,0.0772,0.9846,0.6
"1","medical_deductions >=  93 & medical_deductions < 135 & total_deductions_by_hh_size >= 130 & utilities < 284","xgboost",61,0.93443,0.86172,90,76,0.8444,0.0034,0.0069,0.374,0.0772,0.9846,0.6
"1","cat_elig <    1.000 & rawben_rel_max <    0.736 & shelter_expenses_by_hh_size >= 1310.000 & utilities <  850.000","xgboost",51,0.94118,0.86164,15,15,1,7e-04,0,0.062,0.0772,0.9846,0.6
"1","cat_elig >   1.5 & married >   0.5 & months_since_cert_n <=   3.5 & total_deductions_by_hh_size > 170.0","ranger",51,0.94118,0.86164,3,3,1,1e-04,0,0.012,0.0772,0.9846,0.6
"1","count_divisible_by_100 > 0.500 & elderly_disabled_i <= 0.500 & homeless > 0.500 & rawben_rel_max > 0.823","ranger",51,0.94118,0.86164,28,26,0.9286,0.0012,0.0012,0.116,0.0772,0.9846,0.6
"1","homeless >  0.50 & months_since_cert_n >  5.50 & percent_abawd >  0.25 & utilities > 12.50","ranger",51,0.94118,0.86164,34,31,0.9118,0.0014,0.0022,0.141,0.0772,0.9846,0.6
"1","medical_deductions >   7.500 & rawben_rel_max >   0.792 & utilities > 974.000","ranger",51,0.94118,0.86164,57,55,0.9649,0.0025,0.0012,0.237,0.0772,0.9846,0.6
"1","medical_deductions >=  30.000 & months_since_cert_n <   3.000 & rawben_rel_max <   0.698 & utilities >= 750.000","xgboost",51,0.94118,0.86164,18,15,0.8333,7e-04,0.0016,0.075,0.0772,0.9846,0.6
"1","months_since_cert_n <   1 & utilities >= 360 & utilities < 370","xgboost",80,0.925,0.86146,27,27,1,0.0012,0,0.112,0.0772,0.9846,0.6
"1","months_since_cert_n < 2.000 & rawben_rel_max >= 0.773 & rawben_rel_max < 0.797","xgboost",80,0.925,0.86146,32,28,0.875,0.0013,0.0015,0.133,0.0772,0.9846,0.6
"1","count_divisible_by_100 >= 1.000 & rawben_rel_max < 0.688 & total_deductions_by_hh_size < 4.400","xgboost",79,0.92405,0.85979,37,36,0.973,0.0016,8e-04,0.154,0.0772,0.9846,0.6
"1","medical_deductions <  170.000 & months_since_cert_n <    3.000 & rawben_rel_max <    0.476 & shelter_expenses_by_hh_size >= 1530.000","xgboost",79,0.92405,0.85979,36,29,0.8056,0.0013,0.0035,0.15,0.0772,0.9846,0.6
"1","children_i >   0.5 & married >   0.5 & total_deductions_by_hh_size > 704.0 & utilities >  44.5","ranger",40,0.95,0.85966,15,15,1,7e-04,0,0.062,0.0772,0.9846,0.6
"1","count_divisible_by_100 <=    0.50 & months_since_cert_n <=    3.50 & total_deductions_by_hh_size > 1560.00 & unc_rawben_rel_max >    1.95","ranger",40,0.95,0.85966,13,10,0.7692,4e-04,0.003,0.054,0.0772,0.9846,0.6
"1","elderly_disabled_i >   0.5 & homeless >   0.5 & total_deductions_by_hh_size >   8.9 & utilities > 804.0","ranger",60,0.93333,0.85954,28,25,0.8929,0.0011,0.0021,0.116,0.0772,0.9846,0.5
"1","children_i >   0.50 & percent_abawd >   0.25 & shelter_expenses_by_hh_size > 640.00","ranger",29,0.96552,0.8593,29,27,0.931,0.0012,0.001,0.121,0.0772,0.9846,0.5
"1","months_since_cert_n <    2 & shelter_expenses_by_hh_size >= 1180 & utilities >=  287 & utilities <  350","xgboost",29,0.96552,0.8593,11,8,0.7273,4e-04,0.0028,0.046,0.0772,0.9846,0.5
"1","rawben_rel_max > 0.113 & total_deductions_by_hh_size > 4.400 & total_deductions_by_hh_size <= 7.800 & unc_rawben_rel_max <= 1.020","ranger",29,0.96552,0.8593,14,14,1,6e-04,0,0.058,0.0772,0.9846,0.5
"1","cat_elig <=  0.500 & elderly_disabled_i <=  0.500 & total_deductions_by_hh_size <= 63.200 & unc_rawben_rel_max <=  0.993","ranger",50,0.94,0.85905,23,19,0.8261,9e-04,0.0019,0.096,0.0772,0.9846,0.5
"1","cat_elig > 0.5 & homeless > 0.5 & medical_deductions > 3.5","ranger",50,0.94,0.85905,18,15,0.8333,7e-04,0.0022,0.075,0.0772,0.9846,0.5
"1","children_i > 0.5 & count_divisible_by_100 > 0.5 & unc_rawben_rel_max > 1.0","ranger",50,0.94,0.85905,20,18,0.9,8e-04,0.0018,0.083,0.0772,0.9846,0.5
"1","medical_deductions >  1.000 & months_since_cert_n > 26.500 & rawben_rel_max <=  0.085 & utilities > 26.500","ranger",50,0.94,0.85905,22,22,1,0.001,0,0.091,0.0772,0.9846,0.5
"1","cat_elig <    2.00 & total_deductions_by_hh_size < 1200.00 & unc_rawben_rel_max >=    1.99 & utilities >=  680.00","xgboost",69,0.92754,0.85852,64,57,0.8906,0.0026,0.0049,0.266,0.0772,0.9846,0.5
"1","rawben_rel_max <    0.354 & shelter_expenses_by_hh_size >= 1410.000 & total_deductions_by_hh_size <  855.000 & utilities >=  819.000","xgboost",78,0.92308,0.85808,63,59,0.9365,0.0027,0.0026,0.262,0.0772,0.9846,0.5
"1","married >   0.500 & months_since_cert_n <=   5.500 & rawben_rel_max <=   0.991 & utilities > 235.000","ranger",59,0.9322,0.8573,17,15,0.8824,7e-04,0.0017,0.071,0.0772,0.9846,0.5
"1","months_since_cert_n <    4 & shelter_expenses_by_hh_size >= 1750 & total_deductions_by_hh_size < 1020 & utilities <  494","xgboost",59,0.9322,0.8573,23,16,0.6957,7e-04,0.0053,0.096,0.0772,0.9846,0.5
"1","months_since_cert_n >= 34.000 & rawben_rel_max <  0.620 & total_deductions_by_hh_size < 30.000 & unc_rawben_rel_max >= -0.016","xgboost",49,0.93878,0.85635,17,17,1,8e-04,0,0.071,0.0772,0.9846,0.5
"1","children_i >   0.5 & elderly_disabled_i <=   0.5 & total_deductions_by_hh_size > 728.0 & utilities <= 474.0","ranger",39,0.94872,0.85632,19,18,0.9474,8e-04,3e-04,0.079,0.0772,0.9846,0.5
"1","elderly_disabled_i <    1.00 & shelter_expenses_by_hh_size >= 1390.00 & unc_rawben_rel_max >=    1.64 & utilities >=  875.00","xgboost",39,0.94872,0.85632,27,23,0.8519,0.001,0.003,0.112,0.0772,0.9846,0.5
"1","cat_elig < 1 & children_i >= 1 & total_deductions_by_hh_size < 9","xgboost",58,0.93103,0.85498,30,26,0.8667,0.0012,0.0032,0.125,0.0772,0.9846,0.5
"1","count_divisible_by_100 > 0.500 & expedited_i > 0.500 & homeless > 0.500 & unc_rawben_rel_max > 0.991","ranger",28,0.96429,0.85475,10,10,1,4e-04,0,0.042,0.0772,0.9846,0.5
"1","cat_elig < 1.00 & count_divisible_by_100 >= 1.00 & rawben_rel_max < 0.68","xgboost",67,0.92537,0.85451,20,17,0.85,8e-04,0.0011,0.083,0.0772,0.9846,0.5
"1","children_i >   0.500 & rawben_rel_max <=   0.991 & total_deductions_by_hh_size > 439.000 & utilities > 420.000","ranger",67,0.92537,0.85451,37,33,0.8919,0.0015,0.0025,0.154,0.0772,0.9846,0.5
"1","children_i >  0.5 & elderly_disabled_i <=  0.5 & months_since_cert_n >  4.5 & total_deductions_by_hh_size <= 16.0","ranger",67,0.92537,0.85451,27,25,0.9259,0.0011,0.0019,0.112,0.0772,0.9846,0.5
"1","medical_deductions >= 164.000 & months_since_cert_n >=   1.000 & rawben_rel_max >=   0.152 & rawben_rel_max <   0.232","xgboost",67,0.92537,0.85451,35,33,0.9429,0.0015,0.001,0.145,0.0772,0.9846,0.5
"1","cat_elig <=   0.500 & rawben_rel_max >   0.991 & shelter_expenses_by_hh_size > 217.000 & utilities <=  30.500","ranger",48,0.9375,0.85355,28,27,0.9643,0.0012,4e-04,0.116,0.0772,0.9846,0.5
"1","children_i > 0.500 & married > 0.500 & months_since_cert_n > 4.500 & rawben_rel_max > 0.502","ranger",48,0.9375,0.85355,31,30,0.9677,0.0013,2e-04,0.129,0.0772,0.9846,0.5
"1","count_divisible_by_100 >  0.500 & homeless <=  0.500 & months_since_cert_n > 19.500 & rawben_rel_max >  0.991","ranger",48,0.9375,0.85355,25,23,0.92,0.001,0.0017,0.104,0.0772,0.9846,0.5
"1","count_divisible_by_100 > 0.500 & percent_abawd > 0.750 & shelter_expenses_by_hh_size <= 5.500 & unc_rawben_rel_max > 0.943","ranger",48,0.9375,0.85355,22,22,1,0.001,0,0.091,0.0772,0.9846,0.5
"1","children_i >  0.5 & count_divisible_by_100 >  0.5 & months_since_cert_n >  2.5 & utilities > 12.5","ranger",38,0.94737,0.85283,17,13,0.7647,6e-04,0.0023,0.071,0.0772,0.9846,0.5
"1","expedited_i > 0.500 & medical_deductions > 3.500 & rawben_rel_max <= 0.266","ranger",38,0.94737,0.85283,14,14,1,6e-04,0,0.058,0.0772,0.9846,0.5
"1","cat_elig <= 0.5 & children_i > 0.5 & total_deductions_by_hh_size <= 2.0","ranger",57,0.92982,0.85258,30,26,0.8667,0.0012,0.0032,0.125,0.0772,0.9846,0.5
"1","cat_elig <= 0.500 & children_i > 0.500 & shelter_expenses_by_hh_size <= 5.500 & unc_rawben_rel_max > 0.971","ranger",57,0.92982,0.85258,27,24,0.8889,0.0011,0.0023,0.112,0.0772,0.9846,0.5
"1","children_i > 0.500 & count_divisible_by_100 > 0.500 & rawben_rel_max > 0.916","ranger",57,0.92982,0.85258,24,21,0.875,9e-04,0.0024,0.1,0.0772,0.9846,0.5
"1","months_since_cert_n > 14.500 & percent_abawd >  0.750 & rawben_rel_max >  0.453 & total_deductions_by_hh_size <=  8.900","ranger",66,0.92424,0.85243,25,22,0.88,0.001,0.0027,0.104,0.0772,0.9846,0.5
"1","elderly_disabled_i <=  0.500 & total_deductions_by_hh_size <=  2.800 & unc_rawben_rel_max <= -0.008","ranger",47,0.93617,0.85064,21,19,0.9048,9e-04,0.002,0.087,0.0772,0.9846,0.5
"1","medical_deductions >= 159.000 & months_since_cert_n <   5.000 & rawben_rel_max >=   0.887 & utilities >= 580.000","xgboost",47,0.93617,0.85064,28,21,0.75,9e-04,0.0034,0.116,0.0772,0.9846,0.5
"1","cat_elig <   2 & months_since_cert_n <   1 & shelter_expenses_by_hh_size >= 805 & utilities <  63","xgboost",27,0.96296,0.84989,28,22,0.7857,0.001,0.0038,0.116,0.0772,0.9846,0.5
"1","cat_elig <=   0.5 & medical_deductions > 296.0 & months_since_cert_n >   5.5 & months_since_cert_n <=  12.0","ranger",27,0.96296,0.84989,13,12,0.9231,5e-04,5e-04,0.054,0.0772,0.9846,0.5
"1","cat_elig <=  0.500 & total_deductions_by_hh_size >  1.800 & total_deductions_by_hh_size <= 18.800 & unc_rawben_rel_max >  0.991","ranger",27,0.96296,0.84989,10,10,1,4e-04,0,0.042,0.0772,0.9846,0.5
"1","count_divisible_by_100 >  1.500 & elderly_disabled_i <=  0.500 & unc_rawben_rel_max >  0.991 & utilities > 14.500","ranger",27,0.96296,0.84989,16,15,0.9375,7e-04,0.001,0.066,0.0772,0.9846,0.5
"1","expedited_i >   0.500 & medical_deductions > 138.000 & rawben_rel_max >   0.991 & shelter_expenses_by_hh_size > 825.000","ranger",27,0.96296,0.84989,13,12,0.9231,5e-04,5e-04,0.054,0.0772,0.9846,0.5
"1","cat_elig <= 0.5 & children_i > 0.5 & expedited_i > 0.5","ranger",37,0.94595,0.84916,15,14,0.9333,6e-04,3e-04,0.062,0.0772,0.9846,0.5
"1","expedited_i >   0.50 & total_deductions_by_hh_size >   2.80 & unc_rawben_rel_max >   1.93 & utilities > 684.00","ranger",37,0.94595,0.84916,31,27,0.871,0.0012,0.003,0.129,0.0772,0.9846,0.5
"1","expedited_i >  0.50 & rawben_rel_max >  0.09 & shelter_expenses_by_hh_size > 16.00 & total_deductions_by_hh_size <=  2.80","ranger",37,0.94595,0.84916,28,26,0.9286,0.0012,5e-04,0.116,0.0772,0.9846,0.5
"1","expedited_i > 0.500 & homeless <= 0.500 & medical_deductions > 0.500 & rawben_rel_max <= 0.266","ranger",37,0.94595,0.84916,13,13,1,6e-04,0,0.054,0.0772,0.9846,0.5
"1","count_divisible_by_100 >  0.500 & elderly_disabled_i <=  0.500 & rawben_rel_max <=  0.998 & total_deductions_by_hh_size <= 80.200","ranger",46,0.93478,0.84761,23,18,0.7826,8e-04,0.003,0.096,0.0772,0.9846,0.5
"1","rawben_rel_max >   0.987 & rawben_rel_max <=   0.991 & shelter_expenses_by_hh_size <= 463.000 & unc_rawben_rel_max >   0.318","ranger",46,0.93478,0.84761,43,41,0.9535,0.0018,6e-04,0.179,0.0772,0.9846,0.5
"1","rawben_rel_max >=   0.99 & rawben_rel_max <   1.00 & total_deductions_by_hh_size >= 705.00 & utilities >= 430.00","xgboost",46,0.93478,0.84761,25,23,0.92,0.001,0.0015,0.104,0.0772,0.9846,0.5
"1","cat_elig > 0.5 & count_divisible_by_100 > 0.5 & elderly_disabled_i <= 0.5 & homeless > 0.5","ranger",55,0.92727,0.84754,28,25,0.8929,0.0011,0.0022,0.116,0.0772,0.9846,0.5
"1","months_since_cert_n <   1.000 & rawben_rel_max >=   0.557 & shelter_expenses_by_hh_size < 760.000 & utilities >= 534.000","xgboost",55,0.92727,0.84754,30,29,0.9667,0.0013,3e-04,0.125,0.0772,0.9846,0.5
"1","expedited_i > 0.500 & percent_abawd > 0.500 & unc_rawben_rel_max > 0.803 & unc_rawben_rel_max <= 0.991","ranger",36,0.94444,0.8453,14,13,0.9286,6e-04,8e-04,0.058,0.0772,0.9846,0.5
"1","cat_elig < 2.000 & months_since_cert_n < 2.000 & percent_abawd >= 0.500 & rawben_rel_max < 0.351","xgboost",54,0.92593,0.84489,28,20,0.7143,9e-04,0.0047,0.116,0.0772,0.9846,0.5
"1","cat_elig <=  0.5 & shelter_expenses_by_hh_size <= 14.5 & total_deductions_by_hh_size > 80.2","ranger",54,0.92593,0.84489,37,33,0.8919,0.0015,0.0021,0.154,0.0772,0.9846,0.5
"1","count_divisible_by_100 >   0.5 & expedited_i <=   0.5 & total_deductions_by_hh_size >   2.8 & utilities > 902.0","ranger",54,0.92593,0.84489,66,61,0.9242,0.0027,0.0025,0.274,0.0772,0.9846,0.5
"1","count_divisible_by_100 >=   1.000 & rawben_rel_max <   0.384 & total_deductions_by_hh_size >=   4.400 & total_deductions_by_hh_size < 112.000","xgboost",54,0.92593,0.84489,37,34,0.9189,0.0015,0.0011,0.154,0.0772,0.9846,0.5
"1","homeless >  0.5000 & rawben_rel_max >  0.0795 & rawben_rel_max <=  0.1240 & total_deductions_by_hh_size <= 55.5000","ranger",54,0.92593,0.84489,37,34,0.9189,0.0015,0.0022,0.154,0.0772,0.9846,0.5
"1","medical_deductions >  3.500 & months_since_cert_n > 26.500 & rawben_rel_max <=  0.085","ranger",54,0.92593,0.84489,25,24,0.96,0.0011,0.001,0.104,0.0772,0.9846,0.5
"1","cat_elig <=   0.500 & count_divisible_by_100 >   0.500 & rawben_rel_max <=   0.751 & total_deductions_by_hh_size <= 180.000","ranger",26,0.96154,0.84469,7,7,1,3e-04,0,0.029,0.0772,0.9846,0.5
"1","cat_elig > 1.500 & count_divisible_by_100 > 0.500 & homeless > 0.500 & unc_rawben_rel_max > 0.991","ranger",26,0.96154,0.84469,1,1,1,0,0,0.004,0.0772,0.9846,0.5
"1","expedited_i >  0.5 & medical_deductions > 42.5 & months_since_cert_n <=  5.5 & unc_rawben_rel_max >  1.0","ranger",26,0.96154,0.84469,7,7,1,3e-04,0,0.029,0.0772,0.9846,0.5
"1","total_deductions_by_hh_size >   2.8 & total_deductions_by_hh_size <=   8.9 & utilities > 337.0","ranger",26,0.96154,0.84469,22,19,0.8636,9e-04,0.001,0.091,0.0772,0.9846,0.5
"1","children_i >   0.50 & elderly_disabled_i <=   0.50 & rawben_rel_max <=   0.89 & utilities > 476.00","ranger",45,0.93333,0.84446,24,20,0.8333,9e-04,0.0023,0.1,0.0772,0.9846,0.5
"1","children_i > 0.500 & count_divisible_by_100 > 0.500 & shelter_expenses_by_hh_size > 5.500 & unc_rawben_rel_max > 0.991","ranger",45,0.93333,0.84446,18,15,0.8333,7e-04,0.0024,0.075,0.0772,0.9846,0.5
"1","months_since_cert_n <=    2.500 & total_deductions_by_hh_size > 1020.000 & unc_rawben_rel_max <=    0.379","ranger",45,0.93333,0.84446,17,15,0.8824,7e-04,0.0013,0.071,0.0772,0.9846,0.5
"1","cat_elig <=   0.5 & count_divisible_by_100 >   0.5 & total_deductions_by_hh_size <=  65.5 & utilities <= 424.0","ranger",53,0.92453,0.84214,22,21,0.9545,9e-04,6e-04,0.091,0.0772,0.9846,0.5
"1","count_divisible_by_100 >=   1 & medical_deductions >= 167 & months_since_cert_n >=  10 & total_deductions_by_hh_size >=   9","xgboost",53,0.92453,0.84214,23,18,0.7826,8e-04,0.0021,0.096,0.0772,0.9846,0.5
"1","count_divisible_by_100 >=   1.000 & months_since_cert_n >=   6.000 & rawben_rel_max >=   0.668 & utilities >= 844.000","xgboost",53,0.92453,0.84214,47,43,0.9149,0.0019,0.0024,0.195,0.0772,0.9846,0.5
"1","cat_elig <=  0.5 & homeless >  0.5 & months_since_cert_n >  8.5 & utilities <= 18.5","ranger",35,0.94286,0.84124,27,26,0.963,0.0012,3e-04,0.112,0.0772,0.9846,0.5
"1","children_i >   0.5 & count_divisible_by_100 >   0.5 & total_deductions_by_hh_size > 412.0","ranger",44,0.93182,0.84117,22,20,0.9091,9e-04,0.0013,0.091,0.0772,0.9846,0.5
"1","count_divisible_by_100 >  0.5 & elderly_disabled_i >  0.5 & utilities >  5.0 & utilities <= 53.0","ranger",44,0.93182,0.84117,14,14,1,6e-04,0,0.058,0.0772,0.9846,0.5
"1","expedited_i >  0.5 & homeless >  0.5 & months_since_cert_n >  8.5 & total_deductions_by_hh_size > 32.6","ranger",44,0.93182,0.84117,21,15,0.7143,7e-04,0.0046,0.087,0.0772,0.9846,0.5
"1","cat_elig <= 0.500 & children_i > 0.500 & expedited_i <= 0.500 & rawben_rel_max > 0.991","ranger",52,0.92308,0.8393,35,31,0.8857,0.0014,0.003,0.145,0.0772,0.9846,0.5
"1","cat_elig >=   2 & count_divisible_by_100 >=   1 & months_since_cert_n >=   6 & total_deductions_by_hh_size < 178","xgboost",52,0.92308,0.8393,9,9,1,4e-04,0,0.037,0.0772,0.9846,0.5
"1","shelter_expenses_by_hh_size <= 1670.00 & total_deductions_by_hh_size >    7.80 & unc_rawben_rel_max >    1.97 & utilities >  864.00","ranger",52,0.92308,0.8393,53,47,0.8868,0.0021,0.0042,0.22,0.0772,0.9846,0.5
"1","count_divisible_by_100 >   1.5 & medical_deductions <= 100.0 & total_deductions_by_hh_size >  42.3 & utilities <=  30.5","ranger",25,0.96,0.83912,11,9,0.8182,4e-04,0.002,0.046,0.0772,0.9846,0.5
"1","cat_elig <= 0.5 & count_divisible_by_100 > 0.5 & expedited_i > 0.5","ranger",43,0.93023,0.83774,18,17,0.9444,8e-04,6e-04,0.075,0.0772,0.9846,0.5
"1","cat_elig <= 0.5 & elderly_disabled_i > 0.5 & homeless > 0.5 & percent_abawd <= 0.5","ranger",43,0.93023,0.83774,22,20,0.9091,9e-04,0.0011,0.091,0.0772,0.9846,0.5
"1","expedited_i >   0.500 & medical_deductions > 132.000 & rawben_rel_max <=   0.354","ranger",34,0.94118,0.83696,7,5,0.7143,2e-04,8e-04,0.029,0.0772,0.9846,0.5
"1","medical_deductions >  16.000 & medical_deductions <= 116.000 & rawben_rel_max >   0.991","ranger",34,0.94118,0.83696,15,13,0.8667,6e-04,0.0011,0.062,0.0772,0.9846,0.5
"1","percent_abawd > 0.250 & rawben_rel_max > 0.971 & rawben_rel_max <= 0.991","ranger",34,0.94118,0.83696,18,17,0.9444,8e-04,6e-04,0.075,0.0772,0.9846,0.5
"1","cat_elig >   0.50 & medical_deductions > 296.00 & months_since_cert_n >   5.50 & unc_rawben_rel_max >   1.03","ranger",42,0.92857,0.83416,19,18,0.9474,8e-04,0.001,0.079,0.0772,0.9846,0.5
"1","children_i >    0.50 & percent_abawd >    0.25 & shelter_expenses_by_hh_size <= 1390.00 & utilities >   15.50","ranger",41,0.92683,0.83042,38,35,0.9211,0.0016,0.0017,0.158,0.0772,0.9846,0.5
"1","count_divisible_by_100 >   0.5 & shelter_expenses_by_hh_size > 216.0 & total_deductions_by_hh_size <=   8.9","ranger",41,0.92683,0.83042,21,21,1,9e-04,0,0.087,0.0772,0.9846,0.5
"1","months_since_cert_n <    3 & shelter_expenses_by_hh_size >= 2300","xgboost",41,0.92683,0.83042,27,17,0.6296,8e-04,0.0085,0.112,0.0772,0.9846,0.5
"1","cat_elig <=   0.5 & medical_deductions > 140.0 & total_deductions_by_hh_size > 134.0 & utilities <=   7.5","ranger",32,0.9375,0.82768,11,10,0.9091,4e-04,2e-04,0.046,0.0772,0.9846,0.4
"1","children_i <= 0.5 & homeless > 0.5 & medical_deductions > 2.5 & months_since_cert_n <= 5.5","ranger",32,0.9375,0.82768,13,12,0.9231,5e-04,7e-04,0.054,0.0772,0.9846,0.4
"1","count_divisible_by_100 > 1.500 & months_since_cert_n > 3.500 & unc_rawben_rel_max > 0.781","ranger",32,0.9375,0.82768,16,13,0.8125,6e-04,0.0026,0.066,0.0772,0.9846,0.4
"1","medical_deductions >   3.500 & rawben_rel_max <=   0.257 & total_deductions_by_hh_size > 290.000 & utilities > 918.000","ranger",32,0.9375,0.82768,32,31,0.9688,0.0014,5e-04,0.133,0.0772,0.9846,0.4
"1","count_divisible_by_100 >=   1.0 & percent_abawd >=   0.5 & shelter_expenses_by_hh_size < 793.0 & total_deductions_by_hh_size >= 490.0","xgboost",40,0.925,0.82651,23,19,0.8261,9e-04,0.0033,0.096,0.0772,0.9846,0.4
"1","elderly_disabled_i <= 0.5 & married > 0.5 & months_since_cert_n > 4.5 & months_since_cert_n <= 7.5","ranger",40,0.925,0.82651,29,27,0.931,0.0012,0.0017,0.121,0.0772,0.9846,0.4
"1","children_i > 0.50 & percent_abawd > 0.75 & unc_rawben_rel_max > 0.97","ranger",31,0.93548,0.82263,35,32,0.9143,0.0014,0.0018,0.145,0.0772,0.9846,0.4
"1","homeless >  0.500 & months_since_cert_n > 10.500 & rawben_rel_max <=  0.413 & total_deductions_by_hh_size > 53.100","ranger",31,0.93548,0.82263,14,8,0.5714,4e-04,0.0035,0.058,0.0772,0.9846,0.4
"1","cat_elig <= 1.5 & count_divisible_by_100 > 0.5 & homeless > 0.5","ranger",39,0.92308,0.82241,39,33,0.8462,0.0015,0.0043,0.162,0.0772,0.9846,0.4
"1","expedited_i >   0.500 & medical_deductions > 130.000 & rawben_rel_max >   0.991 & unc_rawben_rel_max <=   2.570","ranger",39,0.92308,0.82241,14,14,1,6e-04,0,0.058,0.0772,0.9846,0.4
"1","expedited_i > 0.50 & rawben_rel_max <= 0.09 & total_deductions_by_hh_size <= 2.80","ranger",39,0.92308,0.82241,18,18,1,8e-04,0,0.075,0.0772,0.9846,0.4
"1","cat_elig <=  0.500 & rawben_rel_max >  0.426 & shelter_expenses_by_hh_size <= 14.500 & total_deductions_by_hh_size > 80.200","ranger",30,0.93333,0.81727,17,13,0.7647,6e-04,0.0021,0.071,0.0772,0.9846,0.4
"1","cat_elig <= 1.50 & expedited_i > 0.50 & months_since_cert_n <= 3.50 & unc_rawben_rel_max > 1.93","ranger",30,0.93333,0.81727,22,17,0.7727,8e-04,0.004,0.091,0.0772,0.9846,0.4
"1","children_i >=   1 & total_deductions_by_hh_size >= 347 & utilities <  56","xgboost",30,0.93333,0.81727,13,9,0.6923,4e-04,0.0028,0.054,0.0772,0.9846,0.4
"1","expedited_i >   0.5 & shelter_expenses_by_hh_size > 306.0 & total_deductions_by_hh_size <=   7.8","ranger",30,0.93333,0.81727,17,17,1,8e-04,0,0.071,0.0772,0.9846,0.4
"1","cat_elig > 2.500 & children_i > 0.500 & rawben_rel_max > 0.821 & unc_rawben_rel_max > 0.492","ranger",29,0.93103,0.81158,0,0,NA,0,0,0,0.0772,0.9846,0.4
"1","count_divisible_by_100 <=   0.5 & expedited_i >   0.5 & medical_deductions > 122.0 & total_deductions_by_hh_size <= 532.0","ranger",29,0.93103,0.81158,14,9,0.6429,4e-04,0.0023,0.058,0.0772,0.9846,0.4
"1","count_divisible_by_100 >   0.5 & homeless >   0.5 & medical_deductions <= 116.0 & months_since_cert_n <=   2.5","ranger",29,0.93103,0.81158,12,12,1,5e-04,0,0.05,0.0772,0.9846,0.4
"1","expedited_i >    0.5 & medical_deductions >  132.0 & total_deductions_by_hh_size <= 1320.0 & unc_rawben_rel_max >    1.0","ranger",29,0.93103,0.81158,7,7,1,3e-04,0,0.029,0.0772,0.9846,0.4
"1","months_since_cert_n >   5.50 & total_deductions_by_hh_size > 148.00 & total_deductions_by_hh_size <= 246.00 & unc_rawben_rel_max >   1.22","ranger",29,0.93103,0.81158,18,15,0.8333,7e-04,0.0023,0.075,0.0772,0.9846,0.4
"1","rawben_rel_max > 0.996 & rawben_rel_max <= 0.998","ranger",29,0.93103,0.81158,24,20,0.8333,9e-04,0.0024,0.1,0.0772,0.9846,0.4
"1","cat_elig <=  0.500 & homeless >  0.500 & rawben_rel_max <=  0.991 & utilities <= 18.500","ranger",28,0.92857,0.80553,14,13,0.9286,6e-04,3e-04,0.058,0.0772,0.9846,0.4
"1","expedited_i >   0.500 & married >   0.500 & total_deductions_by_hh_size <= 919.000 & unc_rawben_rel_max >   0.527","ranger",28,0.92857,0.80553,20,19,0.95,9e-04,9e-04,0.083,0.0772,0.9846,0.4
"1","expedited_i > 0.500 & married > 0.500 & rawben_rel_max > 0.991","ranger",28,0.92857,0.80553,17,16,0.9412,7e-04,9e-04,0.071,0.0772,0.9846,0.4
"1","homeless > 0.50 & medical_deductions > 3.50 & percent_abawd <= 0.75 & shelter_expenses_by_hh_size > 5.50","ranger",28,0.92857,0.80553,9,8,0.8889,4e-04,7e-04,0.037,0.0772,0.9846,0.4
"1","married >   0.5 & months_since_cert_n <=   8.5 & shelter_expenses_by_hh_size <= 562.0 & total_deductions_by_hh_size > 382.0","ranger",28,0.92857,0.80553,9,9,1,4e-04,0,0.037,0.0772,0.9846,0.4
"1","months_since_cert_n <=    2.5 & shelter_expenses_by_hh_size > 2460.0 & total_deductions_by_hh_size >    8.8","ranger",28,0.92857,0.80553,20,13,0.65,6e-04,0.0063,0.083,0.0772,0.9846,0.4
"1","shelter_expenses_by_hh_size >= 1750.0 & total_deductions_by_hh_size >= 1780.0 & unc_rawben_rel_max >=    1.9 & utilities <  600.0","xgboost",28,0.92857,0.80553,11,7,0.6364,3e-04,0.0037,0.046,0.0772,0.9846,0.4
"1","cat_elig >    2.50 & children_i >    0.50 & rawben_rel_max >    0.89 & total_deductions_by_hh_size <= 1520.00","ranger",27,0.92593,0.79907,0,0,NA,0,0,0,0.0772,0.9846,0.4
"1","children_i >    0.5 & elderly_disabled_i <=    0.5 & shelter_expenses_by_hh_size > 1330.0","ranger",27,0.92593,0.79907,19,15,0.7895,7e-04,0.0017,0.079,0.0772,0.9846,0.4
"1","children_i >   0.50 & married <=   0.50 & percent_abawd >   0.25 & total_deductions_by_hh_size > 205.00","ranger",27,0.92593,0.79907,28,26,0.9286,0.0012,0.001,0.116,0.0772,0.9846,0.4
"1","elderly_disabled_i > 0.5 & homeless > 0.5 & medical_deductions > 2.5 & months_since_cert_n <= 4.5","ranger",27,0.92593,0.79907,13,12,0.9231,5e-04,7e-04,0.054,0.0772,0.9846,0.4
"1","cat_elig <=  0.50 & months_since_cert_n > 28.50 & total_deductions_by_hh_size <= 65.50 & unc_rawben_rel_max <=  2.56","ranger",26,0.92308,0.79218,25,25,1,0.0011,0,0.104,0.0772,0.9846,0.4
"1","cat_elig <= 0.500 & elderly_disabled_i <= 0.500 & expedited_i > 0.500 & rawben_rel_max <= 0.958","ranger",26,0.92308,0.79218,15,13,0.8667,6e-04,9e-04,0.062,0.0772,0.9846,0.4
"1","elderly_disabled_i >  0.50 & percent_abawd >  0.75 & total_deductions_by_hh_size <= 56.50","ranger",26,0.92308,0.79218,20,19,0.95,9e-04,8e-04,0.083,0.0772,0.9846,0.4
"2-3","medical_deductions > 296.000 & rawben_rel_max <=   0.157","ranger",93,1,0.97173,41,40,0.9756,0.0045,0.0013,0.391,0.1475,0.9705,5.2
"2-3","cat_elig >   0.500 & medical_deductions > 296.000 & rawben_rel_max <=   0.997 & unc_rawben_rel_max <=   0.154","ranger",89,1,0.97049,41,40,0.9756,0.0045,0.0013,0.391,0.1475,0.9705,5
"2-3","medical_deductions > 296.000 & rawben_rel_max <=   0.131 & unc_rawben_rel_max <=   0.997","ranger",88,1,0.97017,39,39,1,0.0044,0,0.372,0.1475,0.9705,4.9
"2-3","medical_deductions > 296.000 & rawben_rel_max <=   0.997 & unc_rawben_rel_max <=   0.129","ranger",87,1,0.96983,39,39,1,0.0044,0,0.372,0.1475,0.9705,4.9
"2-3","HH_size_n <  3.000 & rawben_rel_max >=  0.989 & total_deductions_by_hh_size < 42.300 & unc_rawben_rel_max <  1.110","xgboost",290,0.98621,0.96963,121,111,0.9174,0.0124,0.0058,1.153,0.1475,0.9705,4.9
"2-3","medical_deductions >= 304.000 & rawben_rel_max <   0.146 & utilities >= 445.000","xgboost",73,1,0.96426,37,36,0.973,0.004,0.0013,0.353,0.1475,0.9705,4.1
"2-3","rawben_rel_max >=   1.00 & unc_rawben_rel_max <   1.07 & utilities < 366.00","xgboost",521,0.97697,0.96344,249,232,0.9317,0.0259,0.0148,2.374,0.1475,0.9705,4
"2-3","rawben_rel_max >  0.989 & total_deductions_by_hh_size <= 23.100 & unc_rawben_rel_max >  1.020 & unc_rawben_rel_max <=  1.070","ranger",235,0.98298,0.96262,106,99,0.934,0.0111,0.0077,1.01,0.1475,0.9705,3.9
"2-3","medical_deductions > 196.000 & percent_abawd <=   0.167 & rawben_rel_max <=   0.164 & unc_rawben_rel_max <=  -0.180","ranger",66,1,0.96061,26,26,1,0.0029,0,0.248,0.1475,0.9705,3.7
"2-3","total_deductions_by_hh_size <= 40.000 & unc_rawben_rel_max >  0.993 & unc_rawben_rel_max <=  1.070 & utilities <= 30.500","ranger",342,0.97661,0.95896,159,151,0.9497,0.0169,0.0066,1.516,0.1475,0.9705,3.6
"2-3","count_divisible_by_100 <=   0.50 & medical_deductions > 196.00 & unc_rawben_rel_max <=  -0.18","ranger",63,1,0.95882,25,25,1,0.0028,0,0.238,0.1475,0.9705,3.6
"2-3","unc_rawben_rel_max >=   0.998 & unc_rawben_rel_max <   1.070 & utilities < 370.000","xgboost",564,0.97163,0.95769,252,235,0.9325,0.0263,0.0148,2.402,0.1475,0.9705,3.5
"2-3","cat_elig <= 0.500 & expedited_i > 0.500 & months_since_cert_n <= 1.500 & unc_rawben_rel_max > 0.975","ranger",103,0.99029,0.95765,54,53,0.9815,0.0059,2e-04,0.515,0.1475,0.9705,3.5
"2-3","rawben_rel_max >  0.989 & total_deductions_by_hh_size <= 23.100 & unc_rawben_rel_max <=  1.070","ranger",356,0.97472,0.95704,159,149,0.9371,0.0166,0.0095,1.516,0.1475,0.9705,3.4
"2-3","count_divisible_by_100 < 1.00 & HH_size_n < 3.00 & rawben_rel_max >= 1.00 & unc_rawben_rel_max < 1.11","xgboost",701,0.96719,0.9542,354,332,0.9379,0.0371,0.0128,3.375,0.1475,0.9705,3.2
"2-3","shelter_expenses_by_hh_size < 836.00000 & unc_rawben_rel_max >=  -0.49700 & unc_rawben_rel_max <  -0.00871","xgboost",520,0.96923,0.95414,277,262,0.9458,0.0293,0.013,2.641,0.1475,0.9705,3.2
"2-3","medical_deductions > 112.0000 & rawben_rel_max >   0.0503 & rawben_rel_max <=   0.1590","ranger",56,1,0.95391,25,22,0.88,0.0025,0.0021,0.238,0.1475,0.9705,3.2
"2-3","cat_elig <=  0.500 & months_since_cert_n >  5.500 & rawben_rel_max >  0.993 & total_deductions_by_hh_size <= 23.000","ranger",94,0.98936,0.95371,45,44,0.9778,0.0049,0.0013,0.429,0.1475,0.9705,3.2
"2-3","cat_elig <=  0.500 & months_since_cert_n >  5.500 & total_deductions_by_hh_size <= 48.600 & unc_rawben_rel_max >  0.996","ranger",94,0.98936,0.95371,45,44,0.9778,0.0049,0.0013,0.429,0.1475,0.9705,3.2
"2-3","HH_size_n <   3.00 & total_deductions_by_hh_size < 837.00 & unc_rawben_rel_max >=   1.00 & unc_rawben_rel_max <   1.11","xgboost",814,0.9656,0.95346,411,386,0.9392,0.0431,0.014,3.918,0.1475,0.9705,3.2
"2-3","elderly_disabled_i <=   0.500 & rawben_rel_max >   0.997 & total_deductions_by_hh_size <= 193.000 & unc_rawben_rel_max <=   1.060","ranger",486,0.96914,0.95341,236,219,0.928,0.0245,0.017,2.25,0.1475,0.9705,3.2
"2-3","HH_size_n < 3.00 & rawben_rel_max >= 1.00 & unc_rawben_rel_max < 1.11","xgboost",824,0.96481,0.95263,414,389,0.9396,0.0435,0.014,3.947,0.1475,0.9705,3.1
"2-3","shelter_expenses_by_hh_size < 256.000 & unc_rawben_rel_max >=   0.998 & unc_rawben_rel_max <   1.070","xgboost",573,0.96684,0.95218,277,254,0.917,0.0284,0.0219,2.641,0.1475,0.9705,3.1
"2-3","shelter_expenses_by_hh_size < 847.00000 & unc_rawben_rel_max >=  -0.49700 & unc_rawben_rel_max <  -0.00871","xgboost",523,0.9675,0.95214,278,263,0.946,0.0294,0.013,2.65,0.1475,0.9705,3.1
"2-3","cat_elig <= 0.500 & months_since_cert_n <= 1.500 & total_deductions_by_hh_size <= 2.500 & unc_rawben_rel_max > 0.688","ranger",182,0.97802,0.95194,90,89,0.9889,0.0099,8e-04,0.858,0.1475,0.9705,3.1
"2-3","total_deductions_by_hh_size < 363.0000 & unc_rawben_rel_max >=  -0.4970 & unc_rawben_rel_max <  -0.0566","xgboost",437,0.96796,0.95097,220,209,0.95,0.0233,0.0105,2.097,0.1475,0.9705,3
"2-3","cat_elig <= 0.50 & HH_size_n <= 2.50 & unc_rawben_rel_max > 1.00 & unc_rawben_rel_max <= 1.35","ranger",603,0.96517,0.95067,269,256,0.9517,0.0286,0.0101,2.564,0.1475,0.9705,3
"2-3","cat_elig <= 0.500 & children_i <= 0.500 & percent_abawd <= 1.750 & rawben_rel_max <= 0.286","ranger",52,1,0.95054,24,23,0.9583,0.0026,9e-04,0.229,0.1475,0.9705,3
"2-3","medical_deductions > 223.000 & months_since_cert_n <=   5.500 & rawben_rel_max <=   0.208 & unc_rawben_rel_max <=   0.998","ranger",52,1,0.95054,26,25,0.9615,0.0028,5e-04,0.248,0.1475,0.9705,3
"2-3","count_divisible_by_100 <=   0.5000 & medical_deductions > 104.0000 & rawben_rel_max >   0.0503 & rawben_rel_max <=   0.1510","ranger",51,1,0.94961,21,19,0.9048,0.0021,0.0019,0.2,0.1475,0.9705,2.9
"2-3","married >   0.500 & shelter_expenses_by_hh_size <= 329.000 & total_deductions_by_hh_size > 247.000 & unc_rawben_rel_max >   0.997","ranger",51,1,0.94961,17,15,0.8824,0.0017,0.0014,0.162,0.1475,0.9705,2.9
"2-3","total_deductions_by_hh_size > 224.000 & unc_rawben_rel_max >   0.996 & unc_rawben_rel_max <=   1.340 & utilities <= 124.000","ranger",85,0.98824,0.94897,45,43,0.9556,0.0048,0.0026,0.429,0.1475,0.9705,2.9
"2-3","cat_elig <= 0.500 & percent_abawd > 0.167 & rawben_rel_max > 0.999 & unc_rawben_rel_max <= 1.300","ranger",50,1,0.94866,37,36,0.973,0.004,8e-04,0.353,0.1475,0.9705,2.9
"2-3","medical_deductions > 300.000 & months_since_cert_n >   6.500 & unc_rawben_rel_max <=   0.154","ranger",50,1,0.94866,26,25,0.9615,0.0028,0.0013,0.248,0.1475,0.9705,2.9
"2-3","shelter_expenses_by_hh_size <= 340.00 & total_deductions_by_hh_size >  69.40 & unc_rawben_rel_max >   1.00 & unc_rawben_rel_max <=   1.19","ranger",776,0.96134,0.94826,401,377,0.9401,0.0421,0.0214,3.823,0.1475,0.9705,2.9
"2-3","months_since_cert_n < 10.0000 & unc_rawben_rel_max >= -0.4970 & unc_rawben_rel_max < -0.0566","xgboost",336,0.96726,0.94719,194,180,0.9278,0.0201,0.0124,1.849,0.1475,0.9705,2.8
"2-3","total_deductions_by_hh_size < 652.0000 & unc_rawben_rel_max >=  -0.4970 & unc_rawben_rel_max <  -0.0566","xgboost",471,0.96391,0.94691,244,230,0.9426,0.0257,0.0127,2.326,0.1475,0.9705,2.8
"2-3","expedited_i >= 1.000 & unc_rawben_rel_max >= 0.998 & unc_rawben_rel_max < 1.110","xgboost",513,0.96296,0.94664,265,250,0.9434,0.0279,0.0122,2.526,0.1475,0.9705,2.8
"2-3","HH_size_n >  2.500 & homeless <=  0.500 & months_since_cert_n > 15.500 & rawben_rel_max >  0.997","ranger",48,1,0.94663,18,16,0.8889,0.0018,0.0016,0.172,0.1475,0.9705,2.8
"2-3","count_divisible_by_100 <=  0.500 & shelter_expenses_by_hh_size > 27.200 & total_deductions_by_hh_size <= 63.000 & unc_rawben_rel_max >  0.931","ranger",81,0.98765,0.94654,40,33,0.825,0.0037,0.0066,0.381,0.1475,0.9705,2.8
"2-3","cat_elig <=  2.50 & rawben_rel_max >  0.99 & total_deductions_by_hh_size <= 35.80 & unc_rawben_rel_max <=  1.09","ranger",1255,0.95697,0.94653,623,580,0.931,0.0648,0.0364,5.939,0.1475,0.9705,2.8
"2-3","children_i <=   0.500 & medical_deductions > 264.000 & unc_rawben_rel_max <=   0.151","ranger",110,0.98182,0.94653,66,64,0.9697,0.0071,0.0019,0.629,0.1475,0.9705,2.8
"2-3","medical_deductions > 265.000 & percent_abawd <=   0.167 & rawben_rel_max <=   0.154 & unc_rawben_rel_max <=   0.996","ranger",110,0.98182,0.94653,65,63,0.9692,0.007,0.0019,0.62,0.1475,0.9705,2.8
"2-3","cat_elig <=   0.500 & shelter_expenses_by_hh_size > 319.000 & unc_rawben_rel_max >   0.997 & unc_rawben_rel_max <=   1.180","ranger",109,0.98165,0.94606,46,44,0.9565,0.0049,0.0017,0.439,0.1475,0.9705,2.7
"2-3","expedited_i > 0.500 & rawben_rel_max > 0.997 & unc_rawben_rel_max <= 1.100","ranger",485,0.96289,0.946,257,243,0.9455,0.0271,0.0115,2.45,0.1475,0.9705,2.7
"2-3","elderly_disabled_i <   1.00 & total_deductions_by_hh_size >= 304.00 & unc_rawben_rel_max >=   1.01 & unc_rawben_rel_max <   1.42","xgboost",654,0.96024,0.94566,410,394,0.961,0.044,0.0138,3.908,0.1475,0.9705,2.7
"2-3","cat_elig <=   2.500 & rawben_rel_max >   0.996 & total_deductions_by_hh_size <= 197.000 & unc_rawben_rel_max <=   1.040","ranger",348,0.96552,0.9455,154,142,0.9221,0.0159,0.0116,1.468,0.1475,0.9705,2.7
"2-3","count_divisible_by_100 <=   0.500 & shelter_expenses_by_hh_size <= 251.000 & unc_rawben_rel_max >   0.997 & unc_rawben_rel_max <=   1.100","ranger",1453,0.95526,0.94547,732,683,0.9331,0.0763,0.0396,6.978,0.1475,0.9705,2.7
"2-3","unc_rawben_rel_max >=   0.998 & unc_rawben_rel_max <   1.090 & utilities < 912.000","xgboost",2147,0.95342,0.94535,1063,997,0.9379,0.1114,0.055,10.133,0.1475,0.9705,2.7
"2-3","cat_elig <= 0.500 & percent_abawd > 0.167 & rawben_rel_max > 0.883 & unc_rawben_rel_max > 0.977","ranger",79,0.98734,0.94523,45,43,0.9556,0.0048,0.001,0.429,0.1475,0.9705,2.7
"2-3","rawben_rel_max >=  0.989 & total_deductions_by_hh_size >=  5.670 & total_deductions_by_hh_size < 42.300 & utilities < 31.000","xgboost",159,0.97484,0.94514,95,92,0.9684,0.0103,0.0012,0.906,0.1475,0.9705,2.7
"2-3","rawben_rel_max >= 1.00 & unc_rawben_rel_max < 1.07","xgboost",1058,0.95652,0.94499,552,523,0.9475,0.0584,0.0252,5.262,0.1475,0.9705,2.7
"2-3","months_since_cert_n >=   1.00000 & total_deductions_by_hh_size < 456.00000 & unc_rawben_rel_max >=  -0.49700 & unc_rawben_rel_max <  -0.00871","xgboost",495,0.96162,0.94472,252,240,0.9524,0.0268,0.0095,2.402,0.1475,0.9705,2.7
"2-3","percent_abawd <=  0.583 & rawben_rel_max >  0.989 & total_deductions_by_hh_size <= 59.600 & unc_rawben_rel_max <=  1.090","ranger",1289,0.955,0.94451,623,580,0.931,0.0648,0.0374,5.939,0.1475,0.9705,2.7
"2-3","rawben_rel_max >  0.99 & total_deductions_by_hh_size <= 35.80 & unc_rawben_rel_max <=  1.09","ranger",1288,0.95497,0.94447,623,580,0.931,0.0648,0.0364,5.939,0.1475,0.9705,2.7
"2-3","unc_rawben_rel_max >=   0.998 & unc_rawben_rel_max <   1.100 & utilities < 392.000","xgboost",1652,0.95339,0.94409,833,776,0.9316,0.0867,0.0459,7.941,0.1475,0.9705,2.6
"2-3","elderly_disabled_i >   0.500 & rawben_rel_max >   0.017 & total_deductions_by_hh_size <=   0.217 & utilities > 433.000","ranger",203,0.97044,0.94387,109,103,0.945,0.0115,0.0031,1.039,0.1475,0.9705,2.6
"2-3","cat_elig <=  0.50 & shelter_expenses_by_hh_size <= 73.50 & unc_rawben_rel_max >  1.08","ranger",445,0.9618,0.94385,161,156,0.9689,0.0174,0.0042,1.535,0.1475,0.9705,2.6
"2-3","total_deductions_by_hh_size < 517.00000 & unc_rawben_rel_max >=  -0.37300 & unc_rawben_rel_max <  -0.00871","xgboost",464,0.96121,0.94359,247,234,0.9474,0.0261,0.0115,2.355,0.1475,0.9705,2.6
"2-3","cat_elig <=   0.500 & months_since_cert_n >   6.500 & shelter_expenses_by_hh_size <= 199.000 & unc_rawben_rel_max >   0.972","ranger",104,0.98077,0.94354,50,48,0.96,0.0054,0.0016,0.477,0.1475,0.9705,2.6
"2-3","months_since_cert_n <  16.00000 & total_deductions_by_hh_size < 517.00000 & unc_rawben_rel_max >=  -0.37300 & unc_rawben_rel_max <  -0.00871","xgboost",400,0.9625,0.94351,227,215,0.9471,0.024,0.0106,2.164,0.1475,0.9705,2.6
"2-3","total_deductions_by_hh_size < 256.000 & unc_rawben_rel_max >=   0.998 & unc_rawben_rel_max <   1.080 & utilities < 852.000","xgboost",1204,0.95432,0.94336,815,760,0.9325,0.0849,0.0512,7.769,0.1475,0.9705,2.6
"2-3","cat_elig <=  0.50 & elderly_disabled_i <=  0.50 & shelter_expenses_by_hh_size <= 73.50 & unc_rawben_rel_max >  1.08","ranger",441,0.96145,0.94334,153,149,0.9739,0.0166,0.0029,1.459,0.1475,0.9705,2.6
"2-3","married <= 0.500 & unc_rawben_rel_max > 0.997 & unc_rawben_rel_max <= 1.100","ranger",2069,0.95167,0.9433,1049,986,0.9399,0.1101,0.0541,10,0.1475,0.9705,2.6
"2-3","rawben_rel_max > 0.997 & unc_rawben_rel_max > 1.000 & unc_rawben_rel_max <= 1.100","ranger",2259,0.95131,0.9433,1173,1101,0.9386,0.123,0.0592,11.182,0.1475,0.9705,2.6
"2-3","HH_size_n >   2.500 & months_since_cert_n >  12.500 & rawben_rel_max >   0.998 & shelter_expenses_by_hh_size <= 250.000","ranger",45,1,0.94328,19,19,1,0.0021,0,0.181,0.1475,0.9705,2.6
"2-3","count_divisible_by_100 <=   0.500 & total_deductions_by_hh_size <= 178.000 & unc_rawben_rel_max >   0.997 & utilities > 502.000","ranger",45,1,0.94328,25,23,0.92,0.0026,0.0023,0.238,0.1475,0.9705,2.6
"2-3","unc_rawben_rel_max >= 0.998 & unc_rawben_rel_max < 1.090","xgboost",2192,0.95119,0.94304,1122,1055,0.9403,0.1179,0.0567,10.696,0.1475,0.9705,2.6
"2-3","rawben_rel_max >   0.996 & unc_rawben_rel_max <=   1.100 & utilities <= 138.000","ranger",1460,0.95274,0.94274,714,664,0.93,0.0742,0.0398,6.806,0.1475,0.9705,2.6
"2-3","rawben_rel_max > 0.997 & unc_rawben_rel_max <= 1.100","ranger",2337,0.95036,0.94244,1203,1130,0.9393,0.1262,0.0609,11.468,0.1475,0.9705,2.6
"2-3","cat_elig <= 0.500 & count_divisible_by_100 <= 0.500 & percent_abawd > 0.167 & rawben_rel_max > 0.974","ranger",75,0.98667,0.94242,43,41,0.9535,0.0046,0.001,0.41,0.1475,0.9705,2.6
"2-3","cat_elig <= 0.500 & percent_abawd > 0.167 & unc_rawben_rel_max > 0.995","ranger",75,0.98667,0.94242,42,40,0.9524,0.0045,0.001,0.4,0.1475,0.9705,2.6
"2-3","medical_deductions >= 312.000 & rawben_rel_max <   0.176 & total_deductions_by_hh_size >= 103.000","xgboost",75,0.98667,0.94242,30,29,0.9667,0.0032,0.0013,0.286,0.1475,0.9705,2.6
"2-3","total_deductions_by_hh_size < 837.000 & unc_rawben_rel_max >=   0.998 & unc_rawben_rel_max <   1.100","xgboost",2317,0.95037,0.94241,1188,1116,0.9394,0.1247,0.06,11.325,0.1475,0.9705,2.6
"2-3","unc_rawben_rel_max >= -0.4970 & unc_rawben_rel_max < -0.0566","xgboost",474,0.95992,0.9423,249,233,0.9357,0.026,0.016,2.374,0.1475,0.9705,2.6
"2-3","months_since_cert_n < 29.000 & rawben_rel_max >=  0.989 & total_deductions_by_hh_size < 59.000 & unc_rawben_rel_max <  1.110","xgboost",1390,0.95252,0.94222,671,625,0.9314,0.0698,0.0386,6.397,0.1475,0.9705,2.6
"2-3","months_since_cert_n < 9.000 & rawben_rel_max >= 0.996 & unc_rawben_rel_max < 1.090","xgboost",1898,0.951,0.94219,929,873,0.9397,0.0975,0.0439,8.856,0.1475,0.9705,2.6
"2-3","cat_elig <= 0.5 & months_since_cert_n <= 1.5 & total_deductions_by_hh_size <= 2.5","ranger",219,0.96804,0.94207,122,118,0.9672,0.0132,0.0027,1.163,0.1475,0.9705,2.5
"2-3","percent_abawd <=   0.833 & total_deductions_by_hh_size <= 193.000 & unc_rawben_rel_max >   0.998 & utilities > 568.000","ranger",44,1,0.94206,33,30,0.9091,0.0034,0.0026,0.315,0.1475,0.9705,2.5
"2-3","cat_elig <= 0.500 & count_divisible_by_100 <= 0.500 & unc_rawben_rel_max > 0.996 & unc_rawben_rel_max <= 1.280","ranger",923,0.9545,0.94182,411,394,0.9586,0.044,0.0129,3.918,0.1475,0.9705,2.5
"2-3","cat_elig <=   0.500 & months_since_cert_n >   4.500 & shelter_expenses_by_hh_size <= 233.000 & unc_rawben_rel_max >   0.996","ranger",240,0.96667,0.94181,99,94,0.9495,0.0105,0.0054,0.944,0.1475,0.9705,2.5
"2-3","cat_elig <= 0.500 & count_divisible_by_100 <= 0.500 & unc_rawben_rel_max > 0.997 & unc_rawben_rel_max <= 1.350","ranger",999,0.95395,0.94177,453,431,0.9514,0.0481,0.0161,4.318,0.1475,0.9705,2.5
"2-3","cat_elig <= 0.500 & percent_abawd > 0.167 & rawben_rel_max > 0.999","ranger",74,0.98649,0.94167,41,40,0.9756,0.0045,8e-04,0.391,0.1475,0.9705,2.5
"2-3","cat_elig <=  0.500 & HH_size_n <=  2.500 & rawben_rel_max >  0.428 & total_deductions_by_hh_size <= 52.200","ranger",548,0.95803,0.94154,252,239,0.9484,0.0267,0.009,2.402,0.1475,0.9705,2.5
"2-3","cat_elig <=  0.50 & count_divisible_by_100 <=  1.50 & total_deductions_by_hh_size <= 12.40 & unc_rawben_rel_max >  1.01","ranger",584,0.95719,0.94117,272,264,0.9706,0.0295,0.0075,2.593,0.1475,0.9705,2.5
"2-3","total_deductions_by_hh_size >= 331.000 & total_deductions_by_hh_size < 563.000 & unc_rawben_rel_max >=   0.998 & unc_rawben_rel_max <   1.290","xgboost",680,0.95588,0.94102,281,268,0.9537,0.0299,0.012,2.679,0.1475,0.9705,2.5
"2-3","percent_abawd <   0.333 & shelter_expenses_by_hh_size < 644.000 & unc_rawben_rel_max >=   1.000 & unc_rawben_rel_max <   1.110","xgboost",2131,0.94932,0.94092,1074,1005,0.9358,0.1123,0.0584,10.238,0.1475,0.9705,2.5
"2-3","cat_elig <= 0.500 & rawben_rel_max > 0.999 & unc_rawben_rel_max <= 1.300","ranger",1022,0.95303,0.9409,467,447,0.9572,0.0499,0.0162,4.452,0.1475,0.9705,2.5
"2-3","total_deductions_by_hh_size <= 224.000 & unc_rawben_rel_max >   0.996 & unc_rawben_rel_max <=   1.110 & utilities <= 124.000","ranger",1466,0.95089,0.94074,708,658,0.9294,0.0735,0.0398,6.749,0.1475,0.9705,2.5
"2-3","shelter_expenses_by_hh_size < 1120.000 & unc_rawben_rel_max >=    0.998 & unc_rawben_rel_max <    1.080","xgboost",1644,0.95012,0.94053,1052,989,0.9401,0.1105,0.0558,10.029,0.1475,0.9705,2.5
"2-3","cat_elig <  1.000 & months_since_cert_n <  2.000 & rawben_rel_max >=  0.954 & shelter_expenses_by_hh_size < 15.000","xgboost",169,0.97041,0.94047,81,80,0.9877,0.0089,8e-04,0.772,0.1475,0.9705,2.5
"2-3","cat_elig <=  0.500 & rawben_rel_max >  0.989 & total_deductions_by_hh_size <= 23.100 & unc_rawben_rel_max >  1.070","ranger",536,0.95709,0.94025,253,246,0.9723,0.0275,0.0067,2.412,0.1475,0.9705,2.5
"2-3","elderly_disabled_i <   1.00 & total_deductions_by_hh_size >= 225.00 & unc_rawben_rel_max >=   1.00 & unc_rawben_rel_max <   1.29","xgboost",1047,0.95224,0.94019,506,488,0.9644,0.0545,0.0105,4.824,0.1475,0.9705,2.5
"2-3","cat_elig <= 0.50 & unc_rawben_rel_max > 1.00 & unc_rawben_rel_max <= 1.35","ranger",1083,0.95199,0.94013,503,478,0.9503,0.0534,0.0193,4.795,0.1475,0.9705,2.5
"2-3","cat_elig <= 0.500 & rawben_rel_max > 0.128 & rawben_rel_max <= 0.997 & unc_rawben_rel_max <= 0.247","ranger",72,0.98611,0.94011,25,24,0.96,0.0027,7e-04,0.238,0.1475,0.9705,2.5
"2-3","expedited_i <=  0.5000 & rawben_rel_max >  0.0963 & utilities > 68.5000 & utilities <= 78.5000","ranger",72,0.98611,0.94011,36,33,0.9167,0.0037,0.0016,0.343,0.1475,0.9705,2.5
"2-3","medical_deductions <= 399.000 & rawben_rel_max >   0.997 & total_deductions_by_hh_size > 310.000 & unc_rawben_rel_max <=   1.300","ranger",838,0.95346,0.93996,495,470,0.9495,0.0525,0.0201,4.719,0.1475,0.9705,2.5
"2-3","rawben_rel_max >   0.989 & shelter_expenses_by_hh_size <= 252.000 & total_deductions_by_hh_size > 151.000 & unc_rawben_rel_max <=   1.190","ranger",274,0.9635,0.93988,150,135,0.9,0.0151,0.0123,1.43,0.1475,0.9705,2.5
"2-3","medical_deductions < 179.00 & percent_abawd <   0.50 & unc_rawben_rel_max >=   1.04 & unc_rawben_rel_max <   1.09","xgboost",1496,0.94987,0.93975,773,725,0.9379,0.081,0.0396,7.369,0.1475,0.9705,2.4
"2-3","expedited_i <   1.00 & shelter_expenses_by_hh_size < 340.00 & unc_rawben_rel_max >=   1.12 & unc_rawben_rel_max <   1.25","xgboost",530,0.9566,0.93958,250,225,0.9,0.0251,0.0267,2.383,0.1475,0.9705,2.4
"2-3","HH_size_n <=   2.500 & medical_deductions > 223.000 & rawben_rel_max <=   0.151","ranger",121,0.97521,0.93957,69,67,0.971,0.0075,0.0019,0.658,0.1475,0.9705,2.4
"2-3","children_i >   0.500 & total_deductions_by_hh_size <= 197.000 & unc_rawben_rel_max >   0.997 & utilities <=  40.000","ranger",2594,0.94719,0.93948,1282,1199,0.9353,0.1339,0.0688,12.221,0.1475,0.9705,2.4
"2-3","cat_elig <=  0.500 & rawben_rel_max >  0.972 & shelter_expenses_by_hh_size <= 64.000","ranger",641,0.95476,0.93924,300,290,0.9667,0.0324,0.0086,2.86,0.1475,0.9705,2.4
"2-3","percent_abawd <=   0.833 & shelter_expenses_by_hh_size <= 326.000 & unc_rawben_rel_max >   0.997 & unc_rawben_rel_max <=   1.190","ranger",3558,0.94576,0.93916,1780,1660,0.9326,0.1854,0.1023,16.969,0.1475,0.9705,2.4
"2-3","children_i >  0.500 & percent_abawd <=  0.167 & rawben_rel_max >  0.993 & total_deductions_by_hh_size <= 23.600","ranger",2403,0.94715,0.93913,1145,1071,0.9354,0.1196,0.0617,10.915,0.1475,0.9705,2.4
"2-3","cat_elig <  1.00 & married <  1.00 & total_deductions_by_hh_size < 40.00 & unc_rawben_rel_max >=  1.06","xgboost",526,0.95627,0.93912,241,234,0.971,0.0261,0.0067,2.297,0.1475,0.9705,2.4
"2-3","cat_elig <=   0.500 & shelter_expenses_by_hh_size <= 252.000 & unc_rawben_rel_max >   0.997 & utilities <=  38.500","ranger",638,0.95455,0.93895,297,288,0.9697,0.0322,0.0082,2.831,0.1475,0.9705,2.4
"2-3","cat_elig <=  0.500 & HH_size_n <=  2.500 & rawben_rel_max >  0.134 & total_deductions_by_hh_size <= 55.300","ranger",617,0.95462,0.93874,288,273,0.9479,0.0305,0.0102,2.745,0.1475,0.9705,2.4
"2-3","cat_elig <=   0.500 & HH_size_n <=   2.500 & shelter_expenses_by_hh_size <= 221.000 & unc_rawben_rel_max >   0.892","ranger",522,0.95594,0.93866,251,236,0.9402,0.0264,0.0121,2.393,0.1475,0.9705,2.4
"2-3","cat_elig <  1.0 & months_since_cert_n < 13.0 & shelter_expenses_by_hh_size < 12.3 & unc_rawben_rel_max >=  1.1","xgboost",328,0.96037,0.93855,142,138,0.9718,0.0154,0.0029,1.354,0.1475,0.9705,2.4
"2-3","children_i >   0.500 & shelter_expenses_by_hh_size <= 252.000 & unc_rawben_rel_max >   0.998 & utilities <=  47.500","ranger",2708,0.94609,0.93849,1335,1243,0.9311,0.1389,0.077,12.726,0.1475,0.9705,2.4
"2-3","cat_elig <= 0.500 & children_i <= 0.500 & married > 0.500 & unc_rawben_rel_max > 0.975","ranger",70,0.98571,0.93847,27,26,0.963,0.0029,2e-04,0.257,0.1475,0.9705,2.4
"2-3","medical_deductions <= 116.000 & rawben_rel_max >   0.894 & total_deductions_by_hh_size <=  31.200 & unc_rawben_rel_max <=   1.090","ranger",1535,0.94853,0.93844,727,676,0.9298,0.0755,0.0412,6.93,0.1475,0.9705,2.4
"2-3","cat_elig <=   0.500 & medical_deductions <= 112.000 & shelter_expenses_by_hh_size <=  62.500 & unc_rawben_rel_max >   0.996","ranger",632,0.95411,0.93838,292,282,0.9658,0.0315,0.0086,2.784,0.1475,0.9705,2.4
"2-3","shelter_expenses_by_hh_size < 262.000 & total_deductions_by_hh_size >=   2.500 & unc_rawben_rel_max >=   0.988 & unc_rawben_rel_max <   1.210","xgboost",1015,0.95074,0.93832,563,515,0.9147,0.0575,0.0387,5.367,0.1475,0.9705,2.4
"2-3","cat_elig < 2.000 & percent_abawd < 0.667 & unc_rawben_rel_max >= 0.998 & unc_rawben_rel_max < 1.130","xgboost",2423,0.94635,0.93831,1820,1709,0.939,0.1909,0.0911,17.35,0.1475,0.9705,2.4
"2-3","elderly_disabled_i <= 0.500 & months_since_cert_n <= 7.500 & unc_rawben_rel_max > 0.997 & unc_rawben_rel_max <= 1.290","ranger",4165,0.9443,0.93816,2040,1904,0.9333,0.2127,0.1094,19.447,0.1475,0.9705,2.4
"2-3","cat_elig <=  0.500 & rawben_rel_max >  0.993 & total_deductions_by_hh_size <= 23.000","ranger",611,0.95417,0.93814,282,273,0.9681,0.0305,0.0082,2.688,0.1475,0.9705,2.4
"2-3","cat_elig <= 0.500 & percent_abawd <= 1.420 & rawben_rel_max > 0.996 & unc_rawben_rel_max <= 1.340","ranger",1066,0.95028,0.93814,502,477,0.9502,0.0533,0.0193,4.786,0.1475,0.9705,2.4
"2-3","percent_abawd <=  0.167 & total_deductions_by_hh_size >  1.050 & total_deductions_by_hh_size <= 69.400 & unc_rawben_rel_max >  0.945","ranger",384,0.95833,0.93811,209,192,0.9187,0.0214,0.014,1.992,0.1475,0.9705,2.4
"2-3","months_since_cert_n >=  20.000 & rawben_rel_max >=   0.893 & shelter_expenses_by_hh_size < 395.000 & total_deductions_by_hh_size >=   5.670","xgboost",41,1,0.93809,9,8,0.8889,9e-04,5e-04,0.086,0.1475,0.9705,2.4
"2-3","children_i <=   0.5000 & medical_deductions > 225.0000 & rawben_rel_max >   0.0359 & rawben_rel_max <=   0.1490","ranger",118,0.97458,0.93808,70,68,0.9714,0.0076,0.0019,0.667,0.1475,0.9705,2.4
"2-3","months_since_cert_n <   8.00 & shelter_expenses_by_hh_size < 857.00 & unc_rawben_rel_max >=   1.00 & unc_rawben_rel_max <   1.18","xgboost",3646,0.9446,0.93803,1810,1686,0.9315,0.1883,0.0974,17.255,0.1475,0.9705,2.4
"2-3","cat_elig <=  0.500 & count_divisible_by_100 <=  0.500 & rawben_rel_max >  0.998 & utilities <= 48.500","ranger",628,0.95382,0.93799,288,279,0.9688,0.0312,0.0082,2.745,0.1475,0.9705,2.4
"2-3","children_i >= 1.000 & unc_rawben_rel_max >= 0.998 & unc_rawben_rel_max < 1.200","xgboost",4152,0.94412,0.93797,2080,1942,0.9337,0.2169,0.1183,19.828,0.1475,0.9705,2.4
"2-3","count_divisible_by_100 <   1.000 & total_deductions_by_hh_size < 563.000 & unc_rawben_rel_max >=   0.998 & unc_rawben_rel_max <   1.210","xgboost",4315,0.94392,0.93787,2195,2057,0.9371,0.2298,0.1119,20.925,0.1475,0.9705,2.4
"2-3","children_i >   0.500 & rawben_rel_max >   0.997 & shelter_expenses_by_hh_size <= 326.000 & utilities <=  33.500","ranger",2655,0.94539,0.93767,1309,1222,0.9335,0.1365,0.0705,12.479,0.1475,0.9705,2.4
"2-3","children_i > 0.500 & elderly_disabled_i <= 0.500 & unc_rawben_rel_max > 0.997 & unc_rawben_rel_max <= 1.290","ranger",4621,0.94352,0.93767,2299,2145,0.933,0.2396,0.1279,21.916,0.1475,0.9705,2.4
"2-3","children_i >   0.500 & percent_abawd <=   0.167 & total_deductions_by_hh_size <= 197.000 & unc_rawben_rel_max >   0.997","ranger",3299,0.94453,0.9376,1610,1488,0.9242,0.1662,0.1077,15.348,0.1475,0.9705,2.4
"2-3","cat_elig <=   0.500 & medical_deductions <= 128.000 & rawben_rel_max >   0.999 & shelter_expenses_by_hh_size <= 222.000","ranger",841,0.95125,0.93752,409,389,0.9511,0.0435,0.0158,3.899,0.1475,0.9705,2.4
"2-3","children_i >=   1.000 & rawben_rel_max >=   0.974 & shelter_expenses_by_hh_size < 332.000 & unc_rawben_rel_max <   1.210","xgboost",3514,0.94422,0.93751,1784,1662,0.9316,0.1857,0.0998,17.007,0.1475,0.9705,2.4
"2-3","children_i >  0.500 & percent_abawd <=  0.583 & total_deductions_by_hh_size <= 31.300 & unc_rawben_rel_max >  0.993","ranger",2511,0.94544,0.93749,1210,1131,0.9347,0.1263,0.0656,11.535,0.1475,0.9705,2.4
"2-3","count_divisible_by_100 < 1.000 & percent_abawd < 0.333 & unc_rawben_rel_max >= 1.000 & unc_rawben_rel_max < 1.300","xgboost",4656,0.9433,0.93746,2287,2140,0.9357,0.2391,0.1236,21.802,0.1475,0.9705,2.4
"2-3","rawben_rel_max >=   1.00 & total_deductions_by_hh_size >= 290.00 & unc_rawben_rel_max <   1.42 & utilities < 703.00","xgboost",840,0.95119,0.93745,426,405,0.9507,0.0452,0.0167,4.061,0.1475,0.9705,2.4
"2-3","cat_elig <=  0.500 & medical_deductions <= 17.000 & rawben_rel_max >  0.999 & utilities <= 46.000","ranger",659,0.95296,0.93744,306,297,0.9706,0.0332,0.0082,2.917,0.1475,0.9705,2.4
"2-3","cat_elig <=  0.5 & HH_size_n <=  2.5 & total_deductions_by_hh_size <= 55.3","ranger",622,0.95338,0.9374,291,276,0.9485,0.0308,0.0102,2.774,0.1475,0.9705,2.4
"2-3","cat_elig <=   0.500 & elderly_disabled_i <=   0.500 & rawben_rel_max >   0.999 & total_deductions_by_hh_size <= 198.000","ranger",802,0.95137,0.93729,367,350,0.9537,0.0391,0.0136,3.499,0.1475,0.9705,2.4
"2-3","children_i >   0.500 & shelter_expenses_by_hh_size <= 362.000 & unc_rawben_rel_max >   0.997 & unc_rawben_rel_max <=   1.340","ranger",4035,0.94349,0.93721,2127,1955,0.9191,0.2184,0.1476,20.276,0.1475,0.9705,2.3
"2-3","cat_elig >=  1.000 & HH_size_n <  3.000 & unc_rawben_rel_max >= -0.497 & unc_rawben_rel_max < -0.108","xgboost",397,0.95718,0.93714,200,186,0.93,0.0208,0.0134,1.907,0.1475,0.9705,2.3
"2-3","cat_elig >=  1.00000 & percent_abawd <  0.75000 & unc_rawben_rel_max >= -0.49700 & unc_rawben_rel_max < -0.00871","xgboost",546,0.95421,0.93712,292,273,0.9349,0.0305,0.0182,2.784,0.1475,0.9705,2.3
"2-3","children_i >   0.500 & rawben_rel_max >   0.997 & total_deductions_by_hh_size <= 210.000 & utilities <= 286.000","ranger",2852,0.9446,0.93712,1388,1287,0.9272,0.1438,0.0846,13.232,0.1475,0.9705,2.3
"2-3","cat_elig <=  0.500 & count_divisible_by_100 <=  0.500 & rawben_rel_max >  0.975 & utilities <= 46.000","ranger",637,0.9529,0.93708,298,288,0.9664,0.0322,0.0085,2.841,0.1475,0.9705,2.3
"2-3","medical_deductions <= 131.000 & rawben_rel_max >   0.996 & unc_rawben_rel_max <=   1.100","ranger",2358,0.94529,0.93707,1198,1126,0.9399,0.1258,0.0605,11.42,0.1475,0.9705,2.3
"2-3","children_i >  0.500 & married <=  0.500 & total_deductions_by_hh_size <= 54.800 & unc_rawben_rel_max >  0.898","ranger",2747,0.94467,0.93704,1315,1222,0.9293,0.1365,0.0775,12.536,0.1475,0.9705,2.3
"2-3","percent_abawd < 0.667 & unc_rawben_rel_max >= 0.998 & unc_rawben_rel_max < 1.130","xgboost",3988,0.94333,0.937,2016,1888,0.9365,0.2109,0.1057,19.218,0.1475,0.9705,2.3
"2-3","elderly_disabled_i <= 0.500 & percent_abawd <= 1.420 & unc_rawben_rel_max > 0.997 & unc_rawben_rel_max <= 1.180","ranger",4209,0.94298,0.93681,2111,1971,0.9337,0.2202,0.1134,20.124,0.1475,0.9705,2.3
"2-3","elderly_disabled_i <=  0.500 & homeless >  0.500 & rawben_rel_max >  0.617 & utilities > 14.500","ranger",68,0.98529,0.93673,42,41,0.9762,0.0046,3e-04,0.4,0.1475,0.9705,2.3
"2-3","medical_deductions > 276 & total_deductions_by_hh_size <= 210","ranger",68,0.98529,0.93673,30,29,0.9667,0.0032,5e-04,0.286,0.1475,0.9705,2.3
"2-3","months_since_cert_n <= 5.500 & percent_abawd <= 0.167 & rawben_rel_max > 0.997 & unc_rawben_rel_max <= 1.330","ranger",3904,0.94314,0.93673,1876,1751,0.9334,0.1956,0.1013,17.884,0.1475,0.9705,2.3
"2-3","shelter_expenses_by_hh_size <= 326.000 & unc_rawben_rel_max >   0.997 & unc_rawben_rel_max <=   1.190","ranger",3650,0.94329,0.93666,1830,1704,0.9311,0.1903,0.1059,17.445,0.1475,0.9705,2.3
"2-3","months_since_cert_n <=  32.000 & shelter_expenses_by_hh_size <= 329.000 & unc_rawben_rel_max >   0.998 & unc_rawben_rel_max <=   1.190","ranger",3649,0.94327,0.93664,1824,1698,0.9309,0.1897,0.1059,17.388,0.1475,0.9705,2.3
"2-3","cat_elig <   1.000 & rawben_rel_max >=   0.338 & shelter_expenses_by_hh_size < 140.000 & unc_rawben_rel_max >=   1.050","xgboost",650,0.95231,0.93658,290,280,0.9655,0.0313,0.0085,2.765,0.1475,0.9705,2.3
"2-3","percent_abawd <=   0.167 & rawben_rel_max >   0.996 & shelter_expenses_by_hh_size <= 355.000 & unc_rawben_rel_max <=   1.290","ranger",3961,0.94294,0.93657,1934,1796,0.9286,0.2006,0.1187,18.437,0.1475,0.9705,2.3
"2-3","shelter_expenses_by_hh_size >= 15.00 & unc_rawben_rel_max >=  1.01 & unc_rawben_rel_max <  1.10","xgboost",916,0.94978,0.93653,508,478,0.9409,0.0534,0.0253,4.843,0.1475,0.9705,2.3
"2-3","cat_elig <=   0.500 & shelter_expenses_by_hh_size <= 252.000 & unc_rawben_rel_max >   0.997 & utilities <= 431.000","ranger",826,0.95036,0.93639,376,357,0.9495,0.0399,0.0154,3.584,0.1475,0.9705,2.3
"2-3","rawben_rel_max >   0.997 & total_deductions_by_hh_size > 310.000 & unc_rawben_rel_max <=   1.300","ranger",843,0.95018,0.93635,498,471,0.9458,0.0526,0.0218,4.747,0.1475,0.9705,2.3
"2-3","children_i >   0.500 & shelter_expenses_by_hh_size <= 247.000 & unc_rawben_rel_max >   0.996 & utilities <= 286.000","ranger",2863,0.94377,0.93625,1379,1281,0.9289,0.1431,0.0819,13.146,0.1475,0.9705,2.3
"2-3","children_i >   0.500 & married <=   0.500 & rawben_rel_max >   0.998 & total_deductions_by_hh_size <= 198.000","ranger",3278,0.94326,0.93624,1609,1484,0.9223,0.1658,0.1117,15.338,0.1475,0.9705,2.3
"2-3","months_since_cert_n <=   7.500 & rawben_rel_max >   0.997 & total_deductions_by_hh_size <= 193.000 & unc_rawben_rel_max <=   1.200","ranger",2761,0.94386,0.93621,1381,1283,0.929,0.1433,0.0796,13.165,0.1475,0.9705,2.3
"2-3","children_i >   0.500 & months_since_cert_n <=   8.500 & rawben_rel_max >   0.997 & shelter_expenses_by_hh_size <= 248.000","ranger",3276,0.94322,0.9362,1577,1453,0.9214,0.1623,0.1091,15.033,0.1475,0.9705,2.3
"2-3","children_i >   0.500 & rawben_rel_max >   0.997 & shelter_expenses_by_hh_size <= 413.000 & unc_rawben_rel_max <=   1.330","ranger",4201,0.94239,0.93619,2081,1924,0.9246,0.2149,0.1345,19.838,0.1475,0.9705,2.3
"2-3","medical_deductions <= 104.000 & percent_abawd <=   0.167 & rawben_rel_max >   0.997 & unc_rawben_rel_max <=   1.290","ranger",5097,0.94173,0.93609,2527,2357,0.9327,0.2633,0.1447,24.09,0.1475,0.9705,2.3
"2-3","months_since_cert_n >= 3.000 & months_since_cert_n < 6.000 & unc_rawben_rel_max >= 0.998 & unc_rawben_rel_max < 1.290","xgboost",1935,0.94522,0.93607,936,871,0.9306,0.0973,0.0521,8.923,0.1475,0.9705,2.3
"2-3","rawben_rel_max >   0.999 & shelter_expenses_by_hh_size <= 310.000 & unc_rawben_rel_max >   0.998 & unc_rawben_rel_max <=   1.200","ranger",3608,0.94263,0.93592,1821,1693,0.9297,0.1891,0.1069,17.359,0.1475,0.9705,2.3
"2-3","cat_elig <  1.00 & unc_rawben_rel_max >=  1.04 & utilities < 70.00","xgboost",643,0.95179,0.9359,299,290,0.9699,0.0324,0.0078,2.85,0.1475,0.9705,2.3
"2-3","cat_elig <  1.000 & rawben_rel_max >=  0.954 & shelter_expenses_by_hh_size < 15.000","xgboost",625,0.952,0.93588,292,283,0.9692,0.0316,0.0082,2.784,0.1475,0.9705,2.3
"2-3","children_i > 0.500 & percent_abawd <= 0.167 & rawben_rel_max > 0.997 & unc_rawben_rel_max <= 1.340","ranger",4981,0.94158,0.93587,2638,2427,0.92,0.2711,0.1854,25.148,0.1475,0.9705,2.3
"2-3","rawben_rel_max <  0.10300 & unc_rawben_rel_max >= -0.49700 & unc_rawben_rel_max < -0.00871","xgboost",553,0.95298,0.93584,297,278,0.936,0.0311,0.0182,2.831,0.1475,0.9705,2.3
"2-3","children_i >   0.500 & elderly_disabled_i <=   0.500 & rawben_rel_max >   0.997 & total_deductions_by_hh_size <= 197.000","ranger",3385,0.94269,0.93576,1663,1535,0.923,0.1715,0.1124,15.853,0.1475,0.9705,2.3
"2-3","cat_elig <=  0.5 & children_i >  0.5 & HH_size_n <=  2.5 & shelter_expenses_by_hh_size <= 43.0","ranger",425,0.95529,0.93573,179,167,0.933,0.0187,0.0077,1.706,0.1475,0.9705,2.3
"2-3","expedited_i < 1.000 & HH_size_n < 3.000 & unc_rawben_rel_max >= 0.998 & unc_rawben_rel_max < 1.290","xgboost",2324,0.94406,0.93569,1207,1137,0.942,0.127,0.0531,11.506,0.1475,0.9705,2.3
"2-3","children_i >   0.500 & rawben_rel_max >   0.997 & total_deductions_by_hh_size <= 197.000","ranger",3414,0.94259,0.93568,1689,1556,0.9213,0.1738,0.1184,16.101,0.1475,0.9705,2.3
"2-3","percent_abawd <   0.750 & shelter_expenses_by_hh_size < 511.000 & unc_rawben_rel_max >=   0.998 & unc_rawben_rel_max <   1.290","xgboost",4704,0.94154,0.93565,2381,2212,0.929,0.2471,0.1404,22.698,0.1475,0.9705,2.3
"2-3","cat_elig <=   0.500 & months_since_cert_n <=  15.500 & shelter_expenses_by_hh_size <= 170.000 & unc_rawben_rel_max >   0.995","ranger",781,0.95006,0.93562,366,347,0.9481,0.0388,0.0141,3.489,0.1475,0.9705,2.3
"2-3","shelter_expenses_by_hh_size <=  331.000 & total_deductions_by_hh_size <= 1190.000 & unc_rawben_rel_max >    0.997 & unc_rawben_rel_max <=    1.250","ranger",3951,0.94204,0.93562,1979,1834,0.9267,0.2049,0.1242,18.866,0.1475,0.9705,2.3
"2-3","cat_elig <=   0.500 & rawben_rel_max >   0.999 & utilities <= 270.000","ranger",693,0.95094,0.9356,320,310,0.9688,0.0346,0.0086,3.051,0.1475,0.9705,2.3
"2-3","percent_abawd <   0.500 & total_deductions_by_hh_size < 533.000 & unc_rawben_rel_max >=   0.998 & unc_rawben_rel_max <   1.290","xgboost",5086,0.94121,0.93555,2531,2358,0.9316,0.2634,0.1448,24.128,0.1475,0.9705,2.3
"2-3","cat_elig <=   1.500 & children_i >   0.500 & rawben_rel_max >   0.997 & shelter_expenses_by_hh_size <= 315.000","ranger",2616,0.94343,0.93553,1877,1726,0.9196,0.1928,0.1303,17.893,0.1475,0.9705,2.3
"2-3","expedited_i <=  0.500 & percent_abawd <=  0.167 & total_deductions_by_hh_size <= 21.700 & unc_rawben_rel_max >  0.998","ranger",1834,0.94493,0.93549,855,796,0.931,0.0889,0.0493,8.151,0.1475,0.9705,2.3
"2-3","cat_elig <=   0.500 & rawben_rel_max >   0.927 & shelter_expenses_by_hh_size <= 331.000 & total_deductions_by_hh_size <= 114.000","ranger",709,0.95063,0.93545,339,326,0.9617,0.0364,0.0103,3.232,0.1475,0.9705,2.3
"2-3","count_divisible_by_100 < 1.000 & percent_abawd < 0.500 & rawben_rel_max >= 0.974 & total_deductions_by_hh_size < 2.500","xgboost",2346,0.94373,0.93538,1146,1074,0.9372,0.12,0.0622,10.925,0.1475,0.9705,2.3
"2-3","count_divisible_by_100 <= 0.500 & HH_size_n <= 2.500 & unc_rawben_rel_max > 0.997 & unc_rawben_rel_max <= 1.320","ranger",2938,0.94282,0.93536,1523,1432,0.9402,0.16,0.0722,14.519,0.1475,0.9705,2.3
"2-3","medical_deductions <= 144.000 & shelter_expenses_by_hh_size <= 326.000 & unc_rawben_rel_max >   0.997 & unc_rawben_rel_max <=   1.250","ranger",3933,0.94177,0.93532,1972,1828,0.927,0.2042,0.1234,18.799,0.1475,0.9705,2.3
"2-3","children_i >= 1.000 & total_deductions_by_hh_size < 2.500 & unc_rawben_rel_max >= 0.998 & unc_rawben_rel_max < 1.480","xgboost",2258,0.94376,0.93524,1089,1017,0.9339,0.1136,0.0601,10.381,0.1475,0.9705,2.3
"2-3","medical_deductions > 196.000 & percent_abawd <=   0.167 & rawben_rel_max <=   0.164","ranger",134,0.97015,0.93516,70,67,0.9571,0.0075,0.0021,0.667,0.1475,0.9705,2.3
"2-3","children_i >   0.500 & rawben_rel_max >   0.998 & total_deductions_by_hh_size <= 198.000","ranger",3417,0.94205,0.93512,1688,1554,0.9206,0.1736,0.1195,16.092,0.1475,0.9705,2.3
"2-3","medical_deductions > 146.000 & rawben_rel_max <=   0.158 & shelter_expenses_by_hh_size > 264.000 & utilities <= 600.000","ranger",90,0.97778,0.93504,38,38,1,0.0042,0,0.362,0.1475,0.9705,2.3
"2-3","total_deductions_by_hh_size >= 240.00 & unc_rawben_rel_max >=   1.01 & unc_rawben_rel_max <   1.21","xgboost",963,0.94808,0.93501,492,464,0.9431,0.0518,0.021,4.69,0.1475,0.9705,2.3
"2-3","cat_elig <   2.00 & total_deductions_by_hh_size < 533.00 & unc_rawben_rel_max >=   1.01 & unc_rawben_rel_max <   1.30","xgboost",3248,0.94212,0.935,2415,2253,0.9329,0.2517,0.1339,23.022,0.1475,0.9705,2.3
"2-3","cat_elig <=  0.5 & HH_size_n <=  2.5 & homeless <=  0.5 & total_deductions_by_hh_size <= 52.2","ranger",581,0.95181,0.93498,273,258,0.9451,0.0288,0.0102,2.602,0.1475,0.9705,2.3
"2-3","children_i >   0.500 & months_since_cert_n <=   2.500 & shelter_expenses_by_hh_size <= 334.000 & unc_rawben_rel_max >   0.997","ranger",1636,0.94499,0.93496,819,762,0.9304,0.0851,0.0519,7.807,0.1475,0.9705,2.3
"2-3","count_divisible_by_100 <= 0.500 & percent_abawd <= 1.750 & unc_rawben_rel_max > 0.997 & unc_rawben_rel_max <= 1.290","ranger",4959,0.94071,0.93495,2534,2367,0.9341,0.2644,0.1384,24.156,0.1475,0.9705,2.3
"2-3","unc_rawben_rel_max >= -0.37300 & unc_rawben_rel_max < -0.00871","xgboost",474,0.95359,0.93495,262,246,0.9389,0.0275,0.0149,2.498,0.1475,0.9705,2.3
"2-3","shelter_expenses_by_hh_size < 857.00 & unc_rawben_rel_max >=   1.00 & unc_rawben_rel_max <   1.18","xgboost",4489,0.94097,0.93491,2286,2131,0.9322,0.238,0.1259,21.792,0.1475,0.9705,2.3
"2-3","shelter_expenses_by_hh_size > 180.000 & unc_rawben_rel_max >   0.998 & unc_rawben_rel_max <=   1.330 & utilities <= 705.000","ranger",1651,0.94488,0.93489,875,817,0.9337,0.0913,0.0458,8.341,0.1475,0.9705,2.3
"2-3","cat_elig <=   0.5 & expedited_i >   0.5 & months_since_cert_n <=   1.5 & shelter_expenses_by_hh_size <= 714.0","ranger",112,0.97321,0.93486,62,61,0.9839,0.0068,6e-04,0.591,0.1475,0.9705,2.3
"2-3","elderly_disabled_i <=   0.500 & percent_abawd <=   0.167 & rawben_rel_max >   0.997 & total_deductions_by_hh_size <= 197.000","ranger",3452,0.94177,0.93486,1678,1550,0.9237,0.1731,0.1098,15.996,0.1475,0.9705,2.3
"2-3","rawben_rel_max >  0.997 & shelter_expenses_by_hh_size > 27.200 & shelter_expenses_by_hh_size <= 95.200","ranger",112,0.97321,0.93486,68,60,0.8824,0.0067,0.0068,0.648,0.1475,0.9705,2.3
"2-3","percent_abawd <=  0.167 & rawben_rel_max >  0.993 & total_deductions_by_hh_size <= 23.600","ranger",2603,0.94276,0.9348,1251,1167,0.9329,0.1304,0.0701,11.926,0.1475,0.9705,2.3
"2-3","children_i >   0.500 & HH_size_n <=   2.500 & rawben_rel_max >   0.997 & total_deductions_by_hh_size <= 194.000","ranger",1748,0.94451,0.93479,859,792,0.922,0.0885,0.0545,8.189,0.1475,0.9705,2.3
"2-3","count_divisible_by_100 <= 0.500 & unc_rawben_rel_max > 0.997 & unc_rawben_rel_max <= 1.290","ranger",4960,0.94052,0.93476,2535,2368,0.9341,0.2645,0.1384,24.166,0.1475,0.9705,2.3
"2-3","count_divisible_by_100 <=   0.500 & medical_deductions <= 159.000 & unc_rawben_rel_max >   0.998 & unc_rawben_rel_max <=   1.300","ranger",5006,0.94047,0.93473,2534,2367,0.9341,0.2644,0.1387,24.156,0.1475,0.9705,2.3
"2-3","percent_abawd <   0.333 & unc_rawben_rel_max >=   0.998 & unc_rawben_rel_max <   1.340 & utilities < 852.000","xgboost",5198,0.94036,0.93473,2706,2487,0.9191,0.2778,0.1865,25.796,0.1475,0.9705,2.3
"2-3","HH_size_n >   2.500 & shelter_expenses_by_hh_size <= 326.000 & unc_rawben_rel_max >   0.997 & unc_rawben_rel_max <=   1.250","ranger",1779,0.94435,0.93472,884,817,0.9242,0.0913,0.065,8.427,0.1475,0.9705,2.3
"2-3","cat_elig <=   0.500 & shelter_expenses_by_hh_size <= 233.000 & unc_rawben_rel_max >   0.996","ranger",873,0.94845,0.9347,413,392,0.9492,0.0438,0.0174,3.937,0.1475,0.9705,2.3
"2-3","cat_elig <=  0.50 & total_deductions_by_hh_size <=  9.67 & utilities <= 22.00","ranger",718,0.94986,0.93469,345,329,0.9536,0.0368,0.0122,3.289,0.1475,0.9705,2.3
"2-3","cat_elig <=   0.500 & rawben_rel_max >   0.996 & shelter_expenses_by_hh_size <= 252.000 & utilities <= 404.000","ranger",804,0.949,0.93467,370,352,0.9514,0.0393,0.0142,3.527,0.1475,0.9705,2.3
"2-3","expedited_i <=   0.500 & medical_deductions <= 138.000 & rawben_rel_max >   0.997 & unc_rawben_rel_max <=   1.250","ranger",3958,0.94113,0.93467,1998,1860,0.9309,0.2078,0.1183,19.047,0.1475,0.9705,2.3
"2-3","elderly_disabled_i <=   0.500 & shelter_expenses_by_hh_size <= 280.000 & unc_rawben_rel_max >   0.997 & unc_rawben_rel_max <=   1.270","ranger",3732,0.94132,0.93466,1881,1739,0.9245,0.1943,0.1186,17.931,0.1475,0.9705,2.3
"2-3","percent_abawd <  0.333 & unc_rawben_rel_max >=  1.100 & unc_rawben_rel_max <  1.190 & utilities >= 34.000","xgboost",769,0.94928,0.93462,355,328,0.9239,0.0366,0.0224,3.384,0.1475,0.9705,2.3
"2-3","children_i >=   1.000 & rawben_rel_max >=   0.667 & total_deductions_by_hh_size < 126.000 & unc_rawben_rel_max >=   1.020","xgboost",2659,0.94246,0.93457,1322,1226,0.9274,0.137,0.0832,12.602,0.1475,0.9705,2.3
"2-3","children_i >   0.500 & medical_deductions <= 329.000 & unc_rawben_rel_max >   0.997 & unc_rawben_rel_max <=   1.320","ranger",5038,0.94025,0.93452,2503,2324,0.9285,0.2596,0.1536,23.861,0.1475,0.9705,2.3
"2-3","cat_elig <=  0.500 & percent_abawd <=  1.750 & rawben_rel_max >  0.972 & utilities <= 30.500","ranger",664,0.9503,0.93451,314,304,0.9682,0.034,0.0085,2.993,0.1475,0.9705,2.3
"2-3","count_divisible_by_100 <=  0.500 & unc_rawben_rel_max >  0.997 & unc_rawben_rel_max <=  1.340 & utilities <= 30.500","ranger",2769,0.94222,0.93448,1417,1323,0.9337,0.1478,0.0785,13.508,0.1475,0.9705,2.3
"2-3","months_since_cert_n <=  5.500 & unc_rawben_rel_max >  0.997 & unc_rawben_rel_max <=  1.270 & utilities > 30.500","ranger",1690,0.94438,0.93448,834,777,0.9317,0.0868,0.0474,7.95,0.1475,0.9705,2.3
"2-3","children_i >   0.500 & unc_rawben_rel_max >   0.997 & unc_rawben_rel_max <=   1.460 & utilities <= 286.000","ranger",3026,0.94184,0.93444,1447,1342,0.9274,0.1499,0.0885,13.794,0.1475,0.9705,2.2
"2-3","months_since_cert_n <=   3.500 & total_deductions_by_hh_size <= 175.000 & unc_rawben_rel_max >   0.997 & utilities <=  33.500","ranger",1474,0.94505,0.93444,751,705,0.9387,0.0788,0.0352,7.159,0.1475,0.9705,2.2
"2-3","rawben_rel_max >=   0.996 & total_deductions_by_hh_size >= 349.000 & unc_rawben_rel_max <   1.340 & utilities < 577.000","xgboost",307,0.95765,0.93441,176,164,0.9318,0.0183,0.009,1.678,0.1475,0.9705,2.2
"2-3","children_i >   0.500 & percent_abawd <=   0.167 & rawben_rel_max >   0.996 & shelter_expenses_by_hh_size <= 262.000","ranger",3749,0.94105,0.9344,1817,1674,0.9213,0.187,0.1262,17.321,0.1475,0.9705,2.2
"2-3","count_divisible_by_100 <=  0.500 & rawben_rel_max >  0.943 & total_deductions_by_hh_size >  0.300 & total_deductions_by_hh_size <= 62.000","ranger",362,0.9558,0.93439,166,153,0.9217,0.0171,0.0097,1.582,0.1475,0.9705,2.2
"2-3","elderly_disabled_i <= 0.500 & expedited_i <= 0.500 & unc_rawben_rel_max > 0.997 & unc_rawben_rel_max <= 1.300","ranger",3877,0.94093,0.93439,1922,1790,0.9313,0.2,0.1079,18.322,0.1475,0.9705,2.2
"2-3","children_i >   0.500 & count_divisible_by_100 <=   0.500 & shelter_expenses_by_hh_size <= 262.000 & unc_rawben_rel_max >   0.996","ranger",3539,0.94123,0.93438,1720,1588,0.9233,0.1774,0.12,16.397,0.1475,0.9705,2.2
"2-3","count_divisible_by_100 <=  0.500 & rawben_rel_max >  0.997 & unc_rawben_rel_max <=  1.340 & utilities <= 37.500","ranger",2796,0.94206,0.93436,1426,1331,0.9334,0.1487,0.0801,13.594,0.1475,0.9705,2.2
"2-3","children_i <=   0.500 & rawben_rel_max >   0.997 & shelter_expenses_by_hh_size <= 251.000 & unc_rawben_rel_max <=   1.110","ranger",89,0.97753,0.93434,43,39,0.907,0.0044,0.0018,0.41,0.1475,0.9705,2.2
"2-3","shelter_expenses_by_hh_size >=  528 & shelter_expenses_by_hh_size <  721 & utilities >= 1010","xgboost",89,0.97753,0.93434,113,103,0.9115,0.0115,0.0061,1.077,0.1475,0.9705,2.2
"2-3","children_i > 0.500 & unc_rawben_rel_max > 0.997 & unc_rawben_rel_max <= 1.320","ranger",5039,0.94007,0.93433,2505,2324,0.9277,0.2596,0.1553,23.88,0.1475,0.9705,2.2
"2-3","percent_abawd <=  0.167 & total_deductions_by_hh_size <= 21.700 & unc_rawben_rel_max >  0.998","ranger",2568,0.94237,0.93433,1234,1151,0.9327,0.1286,0.0691,11.764,0.1475,0.9705,2.2
"2-3","shelter_expenses_by_hh_size >= 15.0 & unc_rawben_rel_max >=  1.0 & unc_rawben_rel_max <  1.1","xgboost",1037,0.94696,0.93431,579,548,0.9465,0.0612,0.0257,5.52,0.1475,0.9705,2.2
"2-3","children_i >   0.500 & HH_size_n <=   2.500 & shelter_expenses_by_hh_size <= 322.000 & unc_rawben_rel_max >   0.996","ranger",2192,0.94297,0.93427,1073,991,0.9236,0.1107,0.0699,10.229,0.1475,0.9705,2.2
"2-3","percent_abawd <=   0.167 & total_deductions_by_hh_size <= 199.000 & unc_rawben_rel_max >   0.997 & utilities <=  40.000","ranger",2744,0.94206,0.93427,1337,1248,0.9334,0.1394,0.0736,12.745,0.1475,0.9705,2.2
"2-3","cat_elig <=  0.500 & percent_abawd <=  0.583 & total_deductions_by_hh_size <=  9.670 & utilities <= 30.500","ranger",696,0.94971,0.93426,336,320,0.9524,0.0357,0.0122,3.203,0.1475,0.9705,2.2
"2-3","count_divisible_by_100 < 1.000 & rawben_rel_max >= 0.942 & unc_rawben_rel_max >= 0.998 & unc_rawben_rel_max < 1.300","xgboost",5016,0.93999,0.93423,2543,2374,0.9335,0.2652,0.1399,24.242,0.1475,0.9705,2.2
"2-3","medical_deductions >= 123.000 & rawben_rel_max <   0.146 & shelter_expenses_by_hh_size < 503.000","xgboost",132,0.9697,0.9342,55,51,0.9273,0.0057,0.003,0.524,0.1475,0.9705,2.2
"2-3","cat_elig <=  0.500 & months_since_cert_n <=  7.500 & total_deductions_by_hh_size <= 12.400 & unc_rawben_rel_max >  0.988","ranger",539,0.95176,0.93419,248,241,0.9718,0.0269,0.0062,2.364,0.1475,0.9705,2.2
"2-3","children_i >   0.500 & rawben_rel_max >   0.997 & shelter_expenses_by_hh_size <= 251.000 & unc_rawben_rel_max <=   1.450","ranger",3798,0.94076,0.93414,1874,1722,0.9189,0.1924,0.1355,17.865,0.1475,0.9705,2.2
"2-3","children_i >   0.500 & medical_deductions <= 148.000 & unc_rawben_rel_max >   0.997 & unc_rawben_rel_max <=   1.340","ranger",5149,0.93979,0.93411,2796,2566,0.9177,0.2866,0.2032,26.654,0.1475,0.9705,2.2
"2-3","expedited_i <  1.00 & months_since_cert_n <  4.00 & total_deductions_by_hh_size < 13.30 & unc_rawben_rel_max >=  1.02","xgboost",899,0.94772,0.93411,451,421,0.9335,0.047,0.0238,4.299,0.1475,0.9705,2.2
"2-3","months_since_cert_n <=   6.500 & unc_rawben_rel_max >   0.998 & unc_rawben_rel_max <=   1.340 & utilities <= 129.000","ranger",2527,0.94222,0.93411,1249,1162,0.9303,0.1298,0.0698,11.907,0.1475,0.9705,2.2
"2-3","count_divisible_by_100 <=  0.500 & percent_abawd <=  0.583 & total_deductions_by_hh_size <= 58.800 & unc_rawben_rel_max >  0.914","ranger",2882,0.94171,0.9341,1416,1324,0.935,0.1479,0.0789,13.499,0.1475,0.9705,2.2
"2-3","HH_size_n >  2.500 & unc_rawben_rel_max >  0.997 & unc_rawben_rel_max <=  1.340 & utilities <= 33.500","ranger",1167,0.94602,0.93407,587,548,0.9336,0.0612,0.0322,5.596,0.1475,0.9705,2.2
"2-3","cat_elig <  1 & HH_size_n <  3 & months_since_cert_n <  9 & total_deductions_by_hh_size < 23","xgboost",502,0.95219,0.93396,229,218,0.952,0.0244,0.0077,2.183,0.1475,0.9705,2.2
"2-3","cat_elig <= 0.500 & children_i <= 0.500 & percent_abawd > 0.167 & rawben_rel_max > 0.997","ranger",65,0.98462,0.93393,35,34,0.9714,0.0038,8e-04,0.334,0.1475,0.9705,2.2
"2-3","children_i <=   0.500 & shelter_expenses_by_hh_size <= 251.000 & unc_rawben_rel_max >   0.998 & unc_rawben_rel_max <=   1.080","ranger",65,0.98462,0.93393,35,32,0.9143,0.0036,0.0016,0.334,0.1475,0.9705,2.2
"2-3","rawben_rel_max >   0.989 & shelter_expenses_by_hh_size <= 252.000 & unc_rawben_rel_max <=   1.190","ranger",3499,0.94084,0.93393,1777,1647,0.9268,0.184,0.1061,16.94,0.1475,0.9705,2.2
"2-3","count_divisible_by_100 <=   0.500 & unc_rawben_rel_max >   0.997 & unc_rawben_rel_max <=   1.340 & utilities <= 114.000","ranger",2985,0.94137,0.93389,1503,1398,0.9301,0.1562,0.0879,14.328,0.1475,0.9705,2.2
"2-3","cat_elig <= 0.500 & months_since_cert_n <= 5.500 & unc_rawben_rel_max > 0.998 & unc_rawben_rel_max <= 1.340","ranger",879,0.94767,0.93388,418,396,0.9474,0.0442,0.0171,3.985,0.1475,0.9705,2.2
"2-3","homeless <= 0.500 & months_since_cert_n <= 6.500 & unc_rawben_rel_max > 0.997 & unc_rawben_rel_max <= 1.330","ranger",4292,0.94012,0.93388,2119,1969,0.9292,0.22,0.1213,20.2,0.1475,0.9705,2.2
"2-3","children_i >   0.500 & shelter_expenses_by_hh_size <= 251.000 & unc_rawben_rel_max >   0.998 & unc_rawben_rel_max <=   1.520","ranger",3797,0.94048,0.93384,1869,1717,0.9187,0.1918,0.1355,17.817,0.1475,0.9705,2.2
"2-3","children_i >= 1.000 & unc_rawben_rel_max >= 0.998 & unc_rawben_rel_max < 1.340","xgboost",5144,0.93954,0.93384,2788,2556,0.9168,0.2855,0.2049,26.578,0.1475,0.9705,2.2
"2-3","HH_size_n <=   2.500 & medical_deductions <= 464.000 & unc_rawben_rel_max >   0.996 & unc_rawben_rel_max <=   1.300","ranger",3158,0.9411,0.93383,1610,1513,0.9398,0.169,0.0721,15.348,0.1475,0.9705,2.2
"2-3","elderly_disabled_i < 1.000 & unc_rawben_rel_max >= 0.998 & unc_rawben_rel_max < 1.290","xgboost",5031,0.93957,0.93381,2520,2347,0.9313,0.2622,0.1408,24.023,0.1475,0.9705,2.2
"2-3","percent_abawd <= 0.167 & rawben_rel_max > 0.997 & unc_rawben_rel_max <= 1.340","ranger",5456,0.93933,0.9338,2914,2682,0.9204,0.2996,0.2002,27.779,0.1475,0.9705,2.2
"2-3","months_since_cert_n <=  5.500 & percent_abawd <=  0.167 & total_deductions_by_hh_size <= 60.400 & unc_rawben_rel_max >  0.993","ranger",1998,0.94294,0.93379,972,908,0.9342,0.1014,0.0528,9.266,0.1475,0.9705,2.2
"2-3","elderly_disabled_i <=   0.500 & percent_abawd <=   0.167 & rawben_rel_max >   0.997 & shelter_expenses_by_hh_size <= 235.000","ranger",3681,0.94051,0.93376,1816,1676,0.9229,0.1872,0.1203,17.312,0.1475,0.9705,2.2
"2-3","HH_size_n <= 2.500 & unc_rawben_rel_max > 0.997 & unc_rawben_rel_max <= 1.300","ranger",3154,0.94103,0.93374,1608,1511,0.9397,0.1688,0.0722,15.329,0.1475,0.9705,2.2
"2-3","children_i >   0.500 & rawben_rel_max >   0.997 & shelter_expenses_by_hh_size <= 251.000","ranger",3805,0.94034,0.93371,1878,1725,0.9185,0.1927,0.1371,17.903,0.1475,0.9705,2.2
"2-3","percent_abawd < 0.333 & unc_rawben_rel_max >= 0.998 & unc_rawben_rel_max < 1.340","xgboost",5448,0.93924,0.9337,2905,2672,0.9198,0.2985,0.2011,27.693,0.1475,0.9705,2.2
"2-3","children_i >   0.500 & months_since_cert_n <=  13.500 & rawben_rel_max >   0.997 & shelter_expenses_by_hh_size <= 248.000","ranger",3690,0.94038,0.93364,1830,1684,0.9202,0.1881,0.131,17.445,0.1475,0.9705,2.2
"2-3","cat_elig <=   0.5 & total_deductions_by_hh_size <=  54.7 & utilities <= 270.0","ranger",842,0.94774,0.93363,402,378,0.9403,0.0422,0.016,3.832,0.1475,0.9705,2.2
"2-3","cat_elig <=  0.500 & percent_abawd <=  0.167 & shelter_expenses_by_hh_size <= 43.000 & unc_rawben_rel_max >  0.908","ranger",638,0.94984,0.93363,289,277,0.9585,0.0309,0.0102,2.755,0.1475,0.9705,2.2
"2-3","children_i >   0.500 & shelter_expenses_by_hh_size <= 251.000 & unc_rawben_rel_max >   0.998","ranger",3799,0.94025,0.9336,1872,1719,0.9183,0.192,0.1371,17.846,0.1475,0.9705,2.2
"2-3","total_deductions_by_hh_size < 460.0000 & unc_rawben_rel_max >=  -0.7100 & unc_rawben_rel_max <  -0.0566","xgboost",534,0.95131,0.93359,262,247,0.9427,0.0276,0.0139,2.498,0.1475,0.9705,2.2
"2-3","months_since_cert_n <=   7.500 & shelter_expenses_by_hh_size <= 250.000 & unc_rawben_rel_max >   0.997 & utilities <= 124.000","ranger",2618,0.94156,0.93355,1277,1185,0.928,0.1324,0.0728,12.173,0.1475,0.9705,2.2
"2-3","HH_size_n <=   2.500 & rawben_rel_max >   0.997 & shelter_expenses_by_hh_size > 413.000 & unc_rawben_rel_max <=   1.330","ranger",824,0.94782,0.93354,434,419,0.9654,0.0468,0.0113,4.137,0.1475,0.9705,2.2
"2-3","children_i >  0.500 & medical_deductions <= 67.500 & rawben_rel_max >  0.996 & unc_rawben_rel_max <=  1.300","ranger",4915,0.93937,0.93352,2442,2272,0.9304,0.2538,0.1448,23.279,0.1475,0.9705,2.2
"2-3","cat_elig <=   0.500 & rawben_rel_max >   0.892 & shelter_expenses_by_hh_size <= 135.000","ranger",756,0.94841,0.93351,350,334,0.9543,0.0373,0.0122,3.337,0.1475,0.9705,2.2
"2-3","percent_abawd <=   0.167 & rawben_rel_max >   0.997 & total_deductions_by_hh_size <= 197.000 & unc_rawben_rel_max <=   1.600","ranger",3556,0.94038,0.93351,1742,1606,0.9219,0.1794,0.1187,16.606,0.1475,0.9705,2.2
"2-3","elderly_disabled_i <=   0.500 & total_deductions_by_hh_size <= 452.000 & unc_rawben_rel_max >   0.997 & unc_rawben_rel_max <=   1.290","ranger",4974,0.93928,0.93347,2502,2332,0.9321,0.2605,0.1387,23.851,0.1475,0.9705,2.2
"2-3","children_i >  0.500 & elderly_disabled_i <=  0.500 & unc_rawben_rel_max >  0.997 & utilities <= 33.500","ranger",2710,0.94133,0.93345,1343,1255,0.9345,0.1402,0.0707,12.803,0.1475,0.9705,2.2
"2-3","cat_elig <=  0.5 & HH_size_n <=  2.5 & shelter_expenses_by_hh_size <= 12.4","ranger",480,0.95208,0.93336,211,199,0.9431,0.0222,0.0077,2.011,0.1475,0.9705,2.2
"2-3","children_i >  0.500 & percent_abawd <=  0.417 & rawben_rel_max >  0.997 & utilities <= 33.500","ranger",2690,0.94126,0.93335,1315,1227,0.9331,0.1371,0.072,12.536,0.1475,0.9705,2.2
"2-3","count_divisible_by_100 <= 0.500 & expedited_i <= 0.500 & unc_rawben_rel_max > 0.997 & unc_rawben_rel_max <= 1.300","ranger",3848,0.93997,0.93335,1945,1813,0.9321,0.2025,0.1137,18.541,0.1475,0.9705,2.2
"2-3","children_i > 0.500 & rawben_rel_max > 0.996 & unc_rawben_rel_max <= 1.300","ranger",4931,0.93916,0.93332,2444,2272,0.9296,0.2538,0.1465,23.298,0.1475,0.9705,2.2
"2-3","medical_deductions < 140.000 & months_since_cert_n >=   1.000 & unc_rawben_rel_max >=   0.998 & unc_rawben_rel_max <   1.290","xgboost",4999,0.93899,0.93318,2489,2317,0.9309,0.2588,0.1406,23.727,0.1475,0.9705,2.2
"2-3","percent_abawd <=   0.583 & shelter_expenses_by_hh_size <= 299.000 & unc_rawben_rel_max >   0.997 & utilities <=  22.000","ranger",2842,0.94089,0.93318,1431,1335,0.9329,0.1491,0.0784,13.642,0.1475,0.9705,2.2
"2-3","elderly_disabled_i <=   0.500 & rawben_rel_max >   0.997 & total_deductions_by_hh_size > 193.000 & unc_rawben_rel_max <=   1.300","ranger",1543,0.94362,0.93316,773,731,0.9457,0.0817,0.0295,7.369,0.1475,0.9705,2.2
"2-3","percent_abawd <=   0.583 & rawben_rel_max >   0.998 & total_deductions_by_hh_size <= 223.000 & utilities <=  22.000","ranger",2809,0.9409,0.93315,1426,1329,0.932,0.1485,0.0794,13.594,0.1475,0.9705,2.2
"2-3","children_i >=   1.000 & count_divisible_by_100 <   1.000 & rawben_rel_max >=   0.985 & shelter_expenses_by_hh_size < 274.000","xgboost",3661,0.93991,0.93312,1819,1675,0.9208,0.1871,0.127,17.34,0.1475,0.9705,2.2
"2-3","cat_elig <  1.00 & total_deductions_by_hh_size < 56.30 & unc_rawben_rel_max >=  1.11","xgboost",337,0.95549,0.9331,144,139,0.9653,0.0155,0.0042,1.373,0.1475,0.9705,2.2
"2-3","children_i >  0.500 & elderly_disabled_i <=  0.500 & rawben_rel_max >  0.998 & utilities <= 30.500","ranger",2695,0.941,0.93308,1334,1247,0.9348,0.1393,0.069,12.717,0.1475,0.9705,2.2
"2-3","count_divisible_by_100 < 1.00 & percent_abawd < 0.50 & unc_rawben_rel_max >= 1.08 & unc_rawben_rel_max < 1.12","xgboost",2073,0.94211,0.93308,808,758,0.9381,0.0847,0.0388,7.703,0.1475,0.9705,2.2
"2-3","cat_elig >   0.500 & shelter_expenses_by_hh_size <= 334.000 & unc_rawben_rel_max >   0.997 & unc_rawben_rel_max <=   1.190","ranger",2900,0.94069,0.93306,1474,1362,0.924,0.1521,0.0939,14.051,0.1475,0.9705,2.2
"2-3","count_divisible_by_100 <=  0.500 & shelter_expenses_by_hh_size <= 63.800 & unc_rawben_rel_max >  0.996","ranger",2773,0.94086,0.93305,1372,1281,0.9337,0.1431,0.0769,13.079,0.1475,0.9705,2.2
"2-3","children_i >  0.500 & rawben_rel_max >  0.997 & utilities <= 33.500","ranger",2737,0.94081,0.93295,1353,1262,0.9327,0.141,0.075,12.898,0.1475,0.9705,2.2
"2-3","shelter_expenses_by_hh_size < 281.00 & unc_rawben_rel_max >=   1.22 & unc_rawben_rel_max <   1.34 & utilities <  31.00","xgboost",64,0.98438,0.93294,38,34,0.8947,0.0038,0.0026,0.362,0.1475,0.9705,2.2
"2-3","elderly_disabled_i <=  0.500 & percent_abawd <=  0.167 & rawben_rel_max >  0.898 & total_deductions_by_hh_size <= 60.000","ranger",2909,0.94053,0.9329,1395,1296,0.929,0.1448,0.0798,13.298,0.1475,0.9705,2.2
"2-3","months_since_cert_n > 0.500 & unc_rawben_rel_max > 0.997 & unc_rawben_rel_max <= 1.290","ranger",5025,0.93871,0.9329,2510,2336,0.9307,0.2609,0.1417,23.928,0.1475,0.9705,2.2
"2-3","children_i >   0.500 & medical_deductions <= 209.000 & unc_rawben_rel_max >   0.998 & utilities <=  33.500","ranger",2734,0.94075,0.93287,1350,1259,0.9326,0.1406,0.075,12.869,0.1475,0.9705,2.2
"2-3","children_i >   0.50 & rawben_rel_max >   0.94 & shelter_expenses_by_hh_size <= 252.00 & utilities <= 225.00","ranger",3049,0.94031,0.93285,1496,1382,0.9238,0.1544,0.0943,14.261,0.1475,0.9705,2.2
"2-3","total_deductions_by_hh_size <= 1000.000 & unc_rawben_rel_max >    0.997 & unc_rawben_rel_max <=    1.330 & utilities <=  286.000","ranger",3301,0.94002,0.93285,1602,1488,0.9288,0.1662,0.0934,15.272,0.1475,0.9705,2.2
"2-3","count_divisible_by_100 <=   1.500 & medical_deductions <= 138.000 & rawben_rel_max >   0.997 & unc_rawben_rel_max <=   1.290","ranger",5452,0.93837,0.93279,2781,2592,0.932,0.2895,0.1553,26.511,0.1475,0.9705,2.2
"2-3","percent_abawd <=   0.167 & total_deductions_by_hh_size <= 540.000 & unc_rawben_rel_max >   0.996 & unc_rawben_rel_max <=   1.340","ranger",5355,0.93838,0.93275,2855,2628,0.9205,0.2936,0.1962,27.216,0.1475,0.9705,2.2
"2-3","cat_elig <=   0.500 & rawben_rel_max >   0.892 & shelter_expenses_by_hh_size <= 135.000 & utilities <=  52.000","ranger",680,0.94853,0.93273,319,306,0.9592,0.0342,0.0104,3.041,0.1475,0.9705,2.2
"2-3","elderly_disabled_i <=   0.500 & months_since_cert_n <=   7.500 & total_deductions_by_hh_size <= 193.000 & unc_rawben_rel_max >   0.997","ranger",3075,0.94016,0.93273,1490,1374,0.9221,0.1535,0.0955,14.204,0.1475,0.9705,2.2
"2-3","percent_abawd <=  0.167 & rawben_rel_max >  0.901 & total_deductions_by_hh_size <= 62.000","ranger",2979,0.94025,0.9327,1436,1334,0.929,0.149,0.085,13.689,0.1475,0.9705,2.2
"2-3","cat_elig <=  0.500 & homeless <=  0.500 & unc_rawben_rel_max >  0.972 & utilities <= 38.500","ranger",629,0.94913,0.93269,295,285,0.9661,0.0318,0.0085,2.812,0.1475,0.9705,2.2
"2-3","shelter_expenses_by_hh_size <= 322.000 & unc_rawben_rel_max >   0.997 & unc_rawben_rel_max <=   1.280 & utilities >  78.500","ranger",979,0.94586,0.93269,506,463,0.915,0.0517,0.0406,4.824,0.1475,0.9705,2.2
"2-3","count_divisible_by_100 <=   0.500 & shelter_expenses_by_hh_size <= 252.000 & unc_rawben_rel_max >   0.997 & utilities <=  33.500","ranger",2757,0.94052,0.93266,1392,1300,0.9339,0.1452,0.0772,13.27,0.1475,0.9705,2.2
"2-3","count_divisible_by_100 <= 0.500 & unc_rawben_rel_max > 0.997 & unc_rawben_rel_max <= 1.320","ranger",5144,0.93837,0.93263,2626,2445,0.9311,0.2731,0.1508,25.033,0.1475,0.9705,2.2
"2-3","children_i >  0.500 & count_divisible_by_100 <=  0.500 & total_deductions_by_hh_size <= 34.200 & unc_rawben_rel_max >  0.789","ranger",2831,0.9403,0.93255,1364,1271,0.9318,0.142,0.0717,13.003,0.1475,0.9705,2.2
"2-3","elderly_disabled_i <= 0.500 & months_since_cert_n > 0.500 & rawben_rel_max > 0.997 & unc_rawben_rel_max <= 1.340","ranger",4874,0.93845,0.93254,2620,2407,0.9187,0.2689,0.1794,24.976,0.1475,0.9705,2.2
"2-3","married <=   0.500 & rawben_rel_max >   0.998 & shelter_expenses_by_hh_size <= 244.000 & utilities <=  48.500","ranger",2798,0.94031,0.93251,1397,1297,0.9284,0.1449,0.0852,13.317,0.1475,0.9705,2.2
"2-3","children_i >   0.500 & shelter_expenses_by_hh_size <= 252.000 & unc_rawben_rel_max >   0.931 & utilities <=  86.500","ranger",3048,0.93996,0.93248,1506,1392,0.9243,0.1555,0.0933,14.357,0.1475,0.9705,2.2
"2-3","cat_elig > 0.500 & months_since_cert_n <= 7.500 & rawben_rel_max > 0.997 & unc_rawben_rel_max <= 1.300","ranger",3610,0.93934,0.93246,1825,1687,0.9244,0.1884,0.1134,17.398,0.1475,0.9705,2.2
"2-3","medical_deductions <= 159.000 & unc_rawben_rel_max >   0.998 & unc_rawben_rel_max <=   1.300","ranger",5561,0.93796,0.93242,2812,2616,0.9303,0.2922,0.1629,26.806,0.1475,0.9705,2.2
"2-3","cat_elig <  1.000 & rawben_rel_max >=  0.882 & total_deductions_by_hh_size < 13.300 & unc_rawben_rel_max <  1.420","xgboost",643,0.94868,0.93239,297,286,0.963,0.0319,0.0093,2.831,0.1475,0.9705,2.2
"2-3","cat_elig <=  0.500 & homeless <=  0.500 & rawben_rel_max >  0.997 & utilities <= 33.500","ranger",609,0.9491,0.93236,281,272,0.968,0.0304,0.0082,2.679,0.1475,0.9705,2.2
"2-3","expedited_i <=   0.500 & medical_deductions <= 399.000 & unc_rawben_rel_max >   0.997 & unc_rawben_rel_max <=   1.300","ranger",4288,0.93867,0.93236,2155,2005,0.9304,0.224,0.1255,20.543,0.1475,0.9705,2.2
"2-3","children_i >   0.500 & count_divisible_by_100 <=   0.500 & unc_rawben_rel_max >   0.997 & utilities <= 286.000","ranger",2838,0.9401,0.93234,1357,1261,0.9293,0.1409,0.0866,12.936,0.1475,0.9705,2.2
"2-3","months_since_cert_n <=  32.500 & unc_rawben_rel_max >   0.997 & unc_rawben_rel_max <=   1.340 & utilities <= 673.000","ranger",5198,0.93805,0.93232,2817,2586,0.918,0.2889,0.1994,26.854,0.1475,0.9705,2.2
"2-3","percent_abawd <  0.333 & shelter_expenses_by_hh_size < 80.000 & total_deductions_by_hh_size < 34.500 & unc_rawben_rel_max >=  0.965","xgboost",2741,0.94017,0.93227,1314,1227,0.9338,0.1371,0.0717,12.526,0.1475,0.9705,2.2
"2-3","cat_elig <=   0.500 & elderly_disabled_i <=   0.500 & rawben_rel_max >   0.941 & utilities <= 114.000","ranger",725,0.94759,0.93223,329,318,0.9666,0.0355,0.0084,3.136,0.1475,0.9705,2.2
"2-3","count_divisible_by_100 <=   0.500 & shelter_expenses_by_hh_size <= 152.000 & unc_rawben_rel_max >   0.996 & utilities <=  80.500","ranger",2849,0.93998,0.93223,1410,1314,0.9319,0.1468,0.0796,13.441,0.1475,0.9705,2.2
"2-3","cat_elig < 1.000 & rawben_rel_max >= 0.342 & rawben_rel_max < 0.419 & unc_rawben_rel_max < 0.428","xgboost",128,0.96875,0.9322,65,60,0.9231,0.0067,0.0026,0.62,0.1475,0.9705,2.2
"2-3","count_divisible_by_100 <=   0.500 & medical_deductions > 196.000 & unc_rawben_rel_max <=   0.163","ranger",128,0.96875,0.9322,68,65,0.9559,0.0073,0.0021,0.648,0.1475,0.9705,2.2
"2-3","months_since_cert_n <=   1.500 & shelter_expenses_by_hh_size <= 330.000 & total_deductions_by_hh_size <= 472.000 & unc_rawben_rel_max >   0.997","ranger",1086,0.94475,0.9322,600,559,0.9317,0.0624,0.0375,5.72,0.1475,0.9705,2.2
"2-3","cat_elig <=   0.5 & expedited_i <=   0.5 & HH_size_n <=   2.5 & shelter_expenses_by_hh_size <= 138.0","ranger",385,0.95325,0.93216,180,166,0.9222,0.0185,0.0085,1.716,0.1475,0.9705,2.2
"2-3","HH_size_n >=  3.000 & rawben_rel_max >=  0.989 & total_deductions_by_hh_size < 42.300","xgboost",1101,0.9446,0.93213,541,505,0.9335,0.0564,0.0326,5.157,0.1475,0.9705,2.2
"2-3","shelter_expenses_by_hh_size < 421.000 & unc_rawben_rel_max >=   0.998 & unc_rawben_rel_max <   1.280","xgboost",4443,0.93833,0.93212,2234,2067,0.9252,0.2309,0.1389,21.296,0.1475,0.9705,2.2
"2-3","cat_elig >= 2.000 & total_deductions_by_hh_size < 2.500 & unc_rawben_rel_max >= 0.998 & unc_rawben_rel_max < 1.110","xgboost",471,0.95117,0.9321,66,63,0.9545,0.007,0.0026,0.629,0.1475,0.9705,2.2
"2-3","percent_abawd <=   0.167 & total_deductions_by_hh_size <= 224.000 & unc_rawben_rel_max >   0.997 & utilities <=  48.500","ranger",2843,0.93985,0.93209,1401,1301,0.9286,0.1453,0.0831,13.356,0.1475,0.9705,2.2
"2-3","children_i >   0.500 & rawben_rel_max >   0.897 & shelter_expenses_by_hh_size <= 259.000 & utilities <=  43.000","ranger",2983,0.93966,0.93208,1473,1364,0.926,0.1524,0.087,14.042,0.1475,0.9705,2.2
"2-3","count_divisible_by_100 <=   0.500 & shelter_expenses_by_hh_size <= 280.000 & total_deductions_by_hh_size <=  26.800 & unc_rawben_rel_max >   0.972","ranger",2733,0.93999,0.93208,1360,1275,0.9375,0.1424,0.0703,12.965,0.1475,0.9705,2.2
"2-3","expedited_i < 1.000 & unc_rawben_rel_max >= 0.998 & unc_rawben_rel_max < 1.290","xgboost",4224,0.93845,0.93208,2133,1983,0.9297,0.2215,0.1263,20.334,0.1475,0.9705,2.2
"2-3","percent_abawd <=  0.167 & total_deductions_by_hh_size >  1.270 & total_deductions_by_hh_size <= 31.200 & unc_rawben_rel_max >  0.917","ranger",314,0.95541,0.93205,157,148,0.9427,0.0165,0.007,1.497,0.1475,0.9705,2.2
"2-3","shelter_expenses_by_hh_size <= 531.000 & total_deductions_by_hh_size <= 996.000 & unc_rawben_rel_max >   0.997 & unc_rawben_rel_max <=   1.340","ranger",5175,0.93778,0.93202,2833,2601,0.9181,0.2905,0.197,27.007,0.1475,0.9705,2.2
"2-3","expedited_i <=  0.500 & total_deductions_by_hh_size <= 99.800 & unc_rawben_rel_max >  0.989","ranger",2166,0.9409,0.93201,1063,985,0.9266,0.11,0.0639,10.133,0.1475,0.9705,2.2
"2-3","cat_elig <=  0.5 & expedited_i <=  0.5 & married <=  0.5 & total_deductions_by_hh_size <= 52.2","ranger",689,0.94775,0.93197,349,323,0.9255,0.0361,0.017,3.327,0.1475,0.9705,2.2
"2-3","count_divisible_by_100 <=  0.500 & expedited_i <=  0.500 & rawben_rel_max >  0.874 & total_deductions_by_hh_size <= 62.000","ranger",2243,0.9407,0.93196,1097,1015,0.9253,0.1134,0.0694,10.458,0.1475,0.9705,2.2
"2-3","count_divisible_by_100 <=   0.500 & months_since_cert_n <=   1.500 & rawben_rel_max >   0.997 & utilities <= 256.000","ranger",722,0.94737,0.93195,414,388,0.9372,0.0433,0.0233,3.947,0.1475,0.9705,2.2
"2-3","medical_deductions < 123.000 & shelter_expenses_by_hh_size < 531.000 & unc_rawben_rel_max >=   0.998 & unc_rawben_rel_max <   1.340","xgboost",5154,0.93772,0.93195,2814,2586,0.919,0.2889,0.1942,26.826,0.1475,0.9705,2.2
"2-3","cat_elig <=  0.5 & medical_deductions <=  5.5 & total_deductions_by_hh_size <= 39.1 & utilities <= 30.5","ranger",755,0.94702,0.93194,365,348,0.9534,0.0389,0.013,3.48,0.1475,0.9705,2.2
"2-3","count_divisible_by_100 <=  0.500 & total_deductions_by_hh_size <= 63.000 & unc_rawben_rel_max >  0.931","ranger",2930,0.93959,0.93194,1458,1362,0.9342,0.1521,0.0814,13.899,0.1475,0.9705,2.2
"2-3","elderly_disabled_i <= 0.500 & percent_abawd <= 1.750 & unc_rawben_rel_max > 0.997 & unc_rawben_rel_max <= 1.340","ranger",5353,0.93761,0.93194,2934,2697,0.9192,0.3013,0.2021,27.969,0.1475,0.9705,2.2
"2-3","percent_abawd <=   0.167 & rawben_rel_max >   0.998 & shelter_expenses_by_hh_size <= 252.000 & total_deductions_by_hh_size <= 342.000","ranger",3937,0.93853,0.93193,1913,1759,0.9195,0.1965,0.1338,18.236,0.1475,0.9705,2.2
"2-3","HH_size_n >  2.500 & unc_rawben_rel_max >  0.997 & unc_rawben_rel_max <=  1.340 & utilities <= 56.500","ranger",1226,0.94372,0.93188,620,576,0.929,0.0643,0.0376,5.91,0.1475,0.9705,2.2
"2-3","rawben_rel_max >  0.999 & unc_rawben_rel_max >  0.998 & unc_rawben_rel_max <=  1.340 & utilities <= 22.000","ranger",2925,0.93949,0.93182,1498,1396,0.9319,0.1559,0.0822,14.28,0.1475,0.9705,2.2
"2-3","shelter_expenses_by_hh_size < 857.0000 & unc_rawben_rel_max >=  -0.4970 & unc_rawben_rel_max <   0.0106","xgboost",604,0.94868,0.9318,315,291,0.9238,0.0325,0.0202,3.003,0.1475,0.9705,2.2
"2-3","count_divisible_by_100 <=  1.500 & rawben_rel_max >  0.998 & unc_rawben_rel_max <=  1.340 & utilities <= 57.500","ranger",3125,0.9392,0.93178,1572,1462,0.93,0.1633,0.089,14.986,0.1475,0.9705,2.2
"2-3","months_since_cert_n < 9.00 & rawben_rel_max >= 1.00 & unc_rawben_rel_max < 1.34","xgboost",5003,0.93764,0.93177,2688,2470,0.9189,0.2759,0.1858,25.624,0.1475,0.9705,2.2
"2-3","expedited_i <=   0.500 & total_deductions_by_hh_size <= 100.000 & unc_rawben_rel_max >   0.989","ranger",2173,0.94064,0.93174,1065,986,0.9258,0.1101,0.0646,10.153,0.1475,0.9705,2.2
"2-3","count_divisible_by_100 <=   0.500 & elderly_disabled_i <=   0.500 & rawben_rel_max >   0.997 & total_deductions_by_hh_size <= 197.000","ranger",3416,0.93882,0.93172,1689,1561,0.9242,0.1744,0.1092,16.101,0.1475,0.9705,2.2
"2-3","expedited_i <= 0.500 & unc_rawben_rel_max > 0.997 & unc_rawben_rel_max <= 1.300","ranger",4293,0.93804,0.93171,2158,2006,0.9296,0.2241,0.1272,20.572,0.1475,0.9705,2.2
"2-3","cat_elig <=   0.500 & children_i >   0.500 & rawben_rel_max >   0.984 & shelter_expenses_by_hh_size <= 252.000","ranger",818,0.94621,0.9317,381,358,0.9396,0.04,0.0175,3.632,0.1475,0.9705,2.2
"2-3","percent_abawd <=  0.583 & total_deductions_by_hh_size <= 58.800 & unc_rawben_rel_max >  0.914","ranger",3057,0.93916,0.93165,1500,1396,0.9307,0.1559,0.087,14.299,0.1475,0.9705,2.2
"2-3","married <=   0.500 & percent_abawd <=   0.417 & shelter_expenses_by_hh_size <= 251.000 & unc_rawben_rel_max >   0.996","ranger",3720,0.93844,0.93163,1820,1674,0.9198,0.187,0.1271,17.35,0.1475,0.9705,2.2
"2-3","rawben_rel_max >   0.999 & total_deductions_by_hh_size <= 198.000 & unc_rawben_rel_max >   0.997 & utilities <=  33.500","ranger",2901,0.93933,0.93162,1451,1353,0.9325,0.1511,0.08,13.832,0.1475,0.9705,2.2
"2-3","rawben_rel_max >   0.989 & shelter_expenses_by_hh_size <= 252.000 & total_deductions_by_hh_size <= 151.000 & unc_rawben_rel_max <=   1.190","ranger",3225,0.93891,0.9316,1627,1512,0.9293,0.1689,0.0937,15.51,0.1475,0.9705,2.2
"2-3","married <=  0.500 & rawben_rel_max >  0.989 & shelter_expenses_by_hh_size <= 50.500 & total_deductions_by_hh_size <= 62.200","ranger",2682,0.9396,0.93158,1319,1223,0.9272,0.1366,0.0817,12.574,0.1475,0.9705,2.2
"2-3","rawben_rel_max >   0.997 & total_deductions_by_hh_size <= 197.000 & utilities <=  47.500","ranger",2992,0.93917,0.93158,1489,1386,0.9308,0.1548,0.0856,14.194,0.1475,0.9705,2.2
"2-3","total_deductions_by_hh_size >= 304.00 & unc_rawben_rel_max >=   1.01 & unc_rawben_rel_max <   1.42","xgboost",995,0.94472,0.93156,601,566,0.9418,0.0632,0.0281,5.729,0.1475,0.9705,2.2
"2-3","cat_elig <=   0.500 & rawben_rel_max >   0.941 & utilities <= 114.000","ranger",734,0.94687,0.93153,345,332,0.9623,0.0371,0.01,3.289,0.1475,0.9705,2.2
"2-3","elderly_disabled_i <=   0.500 & shelter_expenses_by_hh_size <= 108.000 & unc_rawben_rel_max >   0.997","ranger",2928,0.93921,0.93153,1445,1343,0.9294,0.15,0.081,13.775,0.1475,0.9705,2.2
"2-3","rawben_rel_max >=   1.00 & unc_rawben_rel_max <   1.34 & utilities < 612.00","xgboost",5074,0.93733,0.93149,2661,2441,0.9173,0.2727,0.19,25.367,0.1475,0.9705,2.2
"2-3","children_i >  0.500 & months_since_cert_n >  0.500 & unc_rawben_rel_max >  0.998 & utilities <= 38.500","ranger",2507,0.93977,0.93147,1207,1123,0.9304,0.1254,0.0667,11.506,0.1475,0.9705,2.2
"2-3","cat_elig <=  0.5 & count_divisible_by_100 <=  0.5 & married <=  0.5 & total_deductions_by_hh_size <= 55.0","ranger",864,0.9456,0.93146,420,390,0.9286,0.0436,0.0192,4.004,0.1475,0.9705,2.2
"2-3","rawben_rel_max >=   1.00 & shelter_expenses_by_hh_size >=  15.00 & total_deductions_by_hh_size < 709.00 & unc_rawben_rel_max <   1.25","xgboost",2398,0.93995,0.93146,1240,1151,0.9282,0.1286,0.0773,11.821,0.1475,0.9705,2.2
"2-3","HH_size_n >  2.500 & rawben_rel_max >  0.923 & shelter_expenses_by_hh_size <= 13.300","ranger",1122,0.94385,0.93144,542,507,0.9354,0.0566,0.0301,5.167,0.1475,0.9705,2.2
"2-3","cat_elig <=   0.500 & percent_abawd <=   0.167 & rawben_rel_max >   0.997 & shelter_expenses_by_hh_size <= 275.000","ranger",880,0.94545,0.93144,396,375,0.947,0.0419,0.0174,3.775,0.1475,0.9705,2.2
"2-3","percent_abawd <=   0.417 & rawben_rel_max >   0.997 & shelter_expenses_by_hh_size <= 244.000","ranger",3938,0.93804,0.93141,1945,1793,0.9219,0.2003,0.1317,18.541,0.1475,0.9705,2.2
"2-3","married >  0.500 & months_since_cert_n <= 28.500 & total_deductions_by_hh_size <=  1.050 & unc_rawben_rel_max <=  0.388","ranger",346,0.95376,0.9314,170,166,0.9765,0.0185,0.0016,1.621,0.1475,0.9705,2.2
"2-3","cat_elig >  0.500 & children_i >  0.500 & rawben_rel_max >  0.888 & total_deductions_by_hh_size <= 62.200","ranger",2271,0.94011,0.93139,1121,1035,0.9233,0.1156,0.0704,10.686,0.1475,0.9705,2.1
"2-3","cat_elig <= 0.500 & unc_rawben_rel_max <= 0.247","ranger",85,0.97647,0.93136,30,29,0.9667,0.0032,7e-04,0.286,0.1475,0.9705,2.1
"2-3","cat_elig < 1.0 & married < 1.0 & total_deductions_by_hh_size < 2.5","xgboost",732,0.94672,0.93135,354,336,0.9492,0.0375,0.0135,3.375,0.1475,0.9705,2.1
"2-3","cat_elig < 1.000 & HH_size_n < 3.000 & unc_rawben_rel_max >= 0.881 & unc_rawben_rel_max < 1.490","xgboost",846,0.94563,0.93132,393,371,0.944,0.0414,0.0152,3.746,0.1475,0.9705,2.1
"2-3","total_deductions_by_hh_size <= 40.000 & unc_rawben_rel_max >  0.993 & utilities <= 30.500","ranger",2748,0.93923,0.93129,1373,1282,0.9337,0.1432,0.073,13.089,0.1475,0.9705,2.1
"2-3","percent_abawd <=   0.167 & rawben_rel_max >   0.997 & shelter_expenses_by_hh_size <= 322.000 & total_deductions_by_hh_size <= 236.000","ranger",4083,0.93779,0.93128,2023,1862,0.9204,0.208,0.1371,19.285,0.1475,0.9705,2.1
"2-3","unc_rawben_rel_max >=   0.998 & unc_rawben_rel_max <   1.100 & utilities >= 392.000 & utilities < 875.000","xgboost",599,0.94825,0.93124,293,278,0.9488,0.0311,0.0133,2.793,0.1475,0.9705,2.1
"2-3","months_since_cert_n <=  4.500 & rawben_rel_max >  0.997 & unc_rawben_rel_max <=  1.280 & utilities > 80.500","ranger",1357,0.94252,0.93122,674,627,0.9303,0.07,0.0379,6.425,0.1475,0.9705,2.1
"2-3","elderly_disabled_i <=   0.500 & shelter_expenses_by_hh_size <= 326.000 & unc_rawben_rel_max >   0.997 & utilities <=  30.500","ranger",2899,0.93894,0.93121,1444,1345,0.9314,0.1502,0.0766,13.765,0.1475,0.9705,2.1
"2-3","HH_size_n >   2.500 & rawben_rel_max >   0.997 & total_deductions_by_hh_size <= 197.000 & utilities <=  49.000","ranger",1166,0.9434,0.9312,570,532,0.9333,0.0594,0.0345,5.434,0.1475,0.9705,2.1
"2-3","cat_elig > 0.500 & children_i > 0.500 & rawben_rel_max > 0.997 & unc_rawben_rel_max <= 1.330","ranger",4170,0.93765,0.9312,2115,1951,0.9225,0.2179,0.1415,20.162,0.1475,0.9705,2.1
"2-3","shelter_expenses_by_hh_size <= 252.000 & unc_rawben_rel_max >   0.998 & utilities <=  47.500","ranger",3052,0.93873,0.93119,1524,1416,0.9291,0.1582,0.0886,14.528,0.1475,0.9705,2.1
"2-3","children_i >   0.500 & rawben_rel_max >   0.972 & shelter_expenses_by_hh_size <= 262.000","ranger",4016,0.93775,0.93118,2005,1842,0.9187,0.2058,0.1417,19.113,0.1475,0.9705,2.1
"2-3","children_i >  0.500 & HH_size_n <=  2.500 & unc_rawben_rel_max >  0.996 & utilities <= 22.000","ranger",1545,0.94175,0.93115,769,718,0.9337,0.0802,0.0411,7.331,0.1475,0.9705,2.1
"2-3","months_since_cert_n <=  7.500 & percent_abawd <=  0.583 & unc_rawben_rel_max >  0.997 & utilities <= 30.500","ranger",2449,0.93957,0.93115,1207,1127,0.9337,0.1259,0.0624,11.506,0.1475,0.9705,2.1
"2-3","shelter_expenses_by_hh_size < 771.00 & total_deductions_by_hh_size < 517.00 & unc_rawben_rel_max >=   1.00 & unc_rawben_rel_max <   1.34","xgboost",5549,0.93675,0.93115,3062,2814,0.919,0.3143,0.2117,29.19,0.1475,0.9705,2.1
"2-3","total_deductions_by_hh_size >= 256.000 & unc_rawben_rel_max >=   0.998 & unc_rawben_rel_max <   1.080 & utilities < 852.000","xgboost",362,0.95304,0.93115,175,169,0.9657,0.0189,0.0027,1.668,0.1475,0.9705,2.1
"2-3","cat_elig < 1.000 & rawben_rel_max >= 0.923 & unc_rawben_rel_max < 1.260","xgboost",1149,0.94343,0.93114,542,514,0.9483,0.0574,0.0204,5.167,0.1475,0.9705,2.1
"2-3","count_divisible_by_100 <=   1.500 & rawben_rel_max >   0.997 & shelter_expenses_by_hh_size <= 244.000 & utilities <=  30.500","ranger",2926,0.93882,0.93112,1472,1372,0.9321,0.1533,0.0811,14.032,0.1475,0.9705,2.1
"2-3","months_since_cert_n <=   7.500 & rawben_rel_max >   0.997 & total_deductions_by_hh_size <= 193.000","ranger",3141,0.93855,0.93112,1539,1416,0.9201,0.1582,0.1031,14.671,0.1475,0.9705,2.1
"2-3","count_divisible_by_100 < 1.000 & rawben_rel_max >= 0.974 & total_deductions_by_hh_size < 2.500","xgboost",2494,0.93945,0.93111,1246,1166,0.9358,0.1303,0.0683,11.878,0.1475,0.9705,2.1
"2-3","cat_elig >   0.500 & children_i >   0.500 & shelter_expenses_by_hh_size <= 252.000 & unc_rawben_rel_max >   0.997","ranger",3002,0.93871,0.9311,1510,1377,0.9119,0.1538,0.1205,14.395,0.1475,0.9705,2.1
"2-3","homeless <=  0.500 & rawben_rel_max >  0.998 & total_deductions_by_hh_size <= 40.700 & utilities <= 22.000","ranger",2540,0.93937,0.9311,1251,1166,0.9321,0.1303,0.0698,11.926,0.1475,0.9705,2.1
"2-3","cat_elig <=   0.500 & expedited_i <=   0.500 & rawben_rel_max >   0.999 & utilities <= 270.000","ranger",464,0.95043,0.93109,216,208,0.963,0.0232,0.0074,2.059,0.1475,0.9705,2.1
"2-3","cat_elig >= 2.000 & unc_rawben_rel_max >= 0.998 & unc_rawben_rel_max < 1.110","xgboost",940,0.94468,0.93109,118,111,0.9407,0.0124,0.0057,1.125,0.1475,0.9705,2.1
"2-3","count_divisible_by_100 <=   0.500 & homeless <=   0.500 & rawben_rel_max >   0.997 & total_deductions_by_hh_size <= 169.000","ranger",3109,0.93857,0.93109,1517,1403,0.9249,0.1567,0.0997,14.461,0.1475,0.9705,2.1
"2-3","rawben_rel_max >=  1.00 & shelter_expenses_by_hh_size >= 15.00 & unc_rawben_rel_max <  1.25","xgboost",2431,0.93953,0.93108,1261,1169,0.927,0.1306,0.0801,12.021,0.1475,0.9705,2.1
"2-3","elderly_disabled_i <=   0.500 & rawben_rel_max >   0.996 & shelter_expenses_by_hh_size <= 228.000 & utilities <=  30.500","ranger",2847,0.93888,0.93107,1422,1325,0.9318,0.148,0.0759,13.556,0.1475,0.9705,2.1
"2-3","children_i >   0.500 & rawben_rel_max >   0.897 & shelter_expenses_by_hh_size <= 250.000 & utilities <=  78.500","ranger",3153,0.93847,0.93105,1541,1422,0.9228,0.1588,0.0962,14.69,0.1475,0.9705,2.1
"2-3","count_divisible_by_100 <=  0.500 & percent_abawd <=  1.500 & rawben_rel_max >  0.898 & total_deductions_by_hh_size <= 30.900","ranger",2923,0.93876,0.93105,1446,1353,0.9357,0.1511,0.0751,13.785,0.1475,0.9705,2.1
"2-3","children_i >   0.500 & shelter_expenses_by_hh_size <= 341.000 & total_deductions_by_hh_size <= 348.000 & unc_rawben_rel_max >   0.997","ranger",4403,0.93732,0.93103,2169,1995,0.9198,0.2229,0.1515,20.677,0.1475,0.9705,2.1
"2-3","married <=  0.500 & rawben_rel_max >  0.884 & total_deductions_by_hh_size <= 22.000 & utilities <= 32.500","ranger",2722,0.93902,0.93103,1334,1242,0.931,0.1387,0.0755,12.717,0.1475,0.9705,2.1
"2-3","children_i >   0.500 & homeless <=   0.500 & shelter_expenses_by_hh_size <= 310.000 & unc_rawben_rel_max >   0.997","ranger",4083,0.93755,0.93102,2003,1835,0.9161,0.205,0.1472,19.094,0.1475,0.9705,2.1
"2-3","children_i >   0.500 & medical_deductions <= 104.000 & shelter_expenses_by_hh_size <= 331.000 & unc_rawben_rel_max >   0.997","ranger",4354,0.9373,0.93098,2157,1984,0.9198,0.2216,0.152,20.562,0.1475,0.9705,2.1
"2-3","cat_elig <= 0.500 & children_i > 0.500 & total_deductions_by_hh_size <= 2.950 & unc_rawben_rel_max > 0.448","ranger",646,0.94737,0.93096,294,279,0.949,0.0312,0.0115,2.803,0.1475,0.9705,2.1
"2-3","percent_abawd <=   0.833 & total_deductions_by_hh_size <= 193.000 & unc_rawben_rel_max >   0.998","ranger",3697,0.93779,0.93093,1834,1689,0.9209,0.1887,0.1269,17.483,0.1475,0.9705,2.1
"2-3","rawben_rel_max >   0.996 & unc_rawben_rel_max <=   1.340 & utilities <= 138.000","ranger",3223,0.93826,0.93091,1619,1500,0.9265,0.1676,0.0971,15.434,0.1475,0.9705,2.1
"2-3","homeless <=   0.500 & shelter_expenses_by_hh_size <= 358.000 & unc_rawben_rel_max >   0.998 & utilities <=  30.500","ranger",2809,0.93877,0.9309,1398,1299,0.9292,0.1451,0.0803,13.327,0.1475,0.9705,2.1
"2-3","cat_elig <=  1.500 & months_since_cert_n <=  7.500 & unc_rawben_rel_max >  0.997 & utilities <= 30.500","ranger",1523,0.94156,0.93087,1135,1055,0.9295,0.1179,0.0619,10.82,0.1475,0.9705,2.1
"2-3","homeless <=   0.500 & rawben_rel_max >   0.997 & shelter_expenses_by_hh_size <= 366.000 & utilities <=  32.500","ranger",2823,0.93872,0.93086,1407,1308,0.9296,0.1461,0.0803,13.413,0.1475,0.9705,2.1
"2-3","percent_abawd <=   1.420 & total_deductions_by_hh_size <= 584.000 & unc_rawben_rel_max >   0.997 & unc_rawben_rel_max <=   1.340","ranger",5764,0.93633,0.93083,3167,2912,0.9195,0.3253,0.2201,30.191,0.1475,0.9705,2.1
"2-3","rawben_rel_max >   0.997 & total_deductions_by_hh_size <= 310.000 & unc_rawben_rel_max <=   1.300 & utilities <= 644.000","ranger",4420,0.9371,0.93083,2189,2023,0.9242,0.226,0.1381,20.867,0.1475,0.9705,2.1
"2-3","expedited_i <=   0.500 & rawben_rel_max >   0.931 & shelter_expenses_by_hh_size <=  92.000 & total_deductions_by_hh_size <= 433.000","ranger",2282,0.93953,0.93079,1131,1048,0.9266,0.1171,0.0686,10.782,0.1475,0.9705,2.1
"2-3","children_i >   0.500 & months_since_cert_n <=   5.500 & rawben_rel_max >   0.996 & shelter_expenses_by_hh_size <= 331.000","ranger",3199,0.93811,0.93072,1564,1449,0.9265,0.1619,0.1011,14.909,0.1475,0.9705,2.1
"2-3","HH_size_n <=   2.500 & shelter_expenses_by_hh_size <= 336.000 & unc_rawben_rel_max >   0.989 & unc_rawben_rel_max <=   1.290","ranger",2264,0.93949,0.93071,1155,1073,0.929,0.1199,0.061,11.01,0.1475,0.9705,2.1
"2-3","count_divisible_by_100 <   1.000 & shelter_expenses_by_hh_size < 262.000 & total_deductions_by_hh_size <   2.500 & unc_rawben_rel_max >=   0.988","xgboost",2464,0.93912,0.93071,1232,1153,0.9359,0.1288,0.0679,11.745,0.1475,0.9705,2.1
"2-3","children_i >   0.500 & married <=   0.500 & shelter_expenses_by_hh_size <= 330.000 & unc_rawben_rel_max >   0.996","ranger",4155,0.93718,0.9307,2052,1890,0.9211,0.2111,0.1422,19.561,0.1475,0.9705,2.1
"2-3","medical_deductions <= 259.000 & percent_abawd <=   1.750 & rawben_rel_max >   0.997 & unc_rawben_rel_max <=   1.340","ranger",5857,0.93614,0.93069,3218,2957,0.9189,0.3303,0.2245,30.677,0.1475,0.9705,2.1
"2-3","unc_rawben_rel_max >=   0.998 & unc_rawben_rel_max <   1.290 & utilities >= 370.000","xgboost",1908,0.94025,0.93069,1039,971,0.9346,0.1085,0.0575,9.905,0.1475,0.9705,2.1
"2-3","cat_elig <= 0.50 & total_deductions_by_hh_size <= 2.95","ranger",822,0.94526,0.93068,394,375,0.9518,0.0419,0.0137,3.756,0.1475,0.9705,2.1
"2-3","cat_elig <=   0.500 & months_since_cert_n >   5.500 & rawben_rel_max >   0.997 & total_deductions_by_hh_size <= 786.000","ranger",237,0.95781,0.93066,101,96,0.9505,0.0107,0.004,0.963,0.1475,0.9705,2.1
"2-3","rawben_rel_max >   0.997 & total_deductions_by_hh_size > 194.000 & total_deductions_by_hh_size <= 444.000 & unc_rawben_rel_max <=   1.300","ranger",1690,0.94083,0.93066,868,819,0.9435,0.0915,0.0368,8.275,0.1475,0.9705,2.1
"2-3","children_i >   0.500 & rawben_rel_max >   0.972 & shelter_expenses_by_hh_size <= 262.000 & utilities <= 502.000","ranger",3773,0.93745,0.93065,1872,1717,0.9172,0.1918,0.134,17.846,0.1475,0.9705,2.1
"2-3","months_since_cert_n >= 2.00 & months_since_cert_n < 9.00 & rawben_rel_max >= 1.00 & unc_rawben_rel_max < 1.34","xgboost",3697,0.93752,0.93064,1909,1747,0.9151,0.1952,0.1343,18.198,0.1475,0.9705,2.1
"2-3","rawben_rel_max >   0.999 & shelter_expenses_by_hh_size <= 264.000 & unc_rawben_rel_max >   0.998 & utilities <=  30.500","ranger",2936,0.93835,0.93064,1477,1375,0.9309,0.1536,0.0818,14.08,0.1475,0.9705,2.1
"2-3","shelter_expenses_by_hh_size <= 63.800 & unc_rawben_rel_max >  0.996","ranger",2921,0.93838,0.93064,1443,1340,0.9286,0.1497,0.0844,13.756,0.1475,0.9705,2.1
"2-3","count_divisible_by_100 <=   1.500 & months_since_cert_n <=   6.500 & total_deductions_by_hh_size <= 198.000 & unc_rawben_rel_max >   0.997","ranger",3012,0.93825,0.93063,1475,1367,0.9268,0.1527,0.088,14.061,0.1475,0.9705,2.1
"2-3","children_i >   0.500 & medical_deductions <= 158.000 & rawben_rel_max >   0.997 & utilities <= 124.000","ranger",2979,0.93823,0.93057,1464,1354,0.9249,0.1513,0.0942,13.956,0.1475,0.9705,2.1
"2-3","utilities > 68.5 & utilities <= 78.5","ranger",84,0.97619,0.93057,43,39,0.907,0.0044,0.0021,0.41,0.1475,0.9705,2.1
"2-3","rawben_rel_max >  0.997 & shelter_expenses_by_hh_size <= 95.200","ranger",2963,0.93824,0.93056,1473,1368,0.9287,0.1528,0.0858,14.042,0.1475,0.9705,2.1
"2-3","homeless <=   0.500 & rawben_rel_max >   0.996 & total_deductions_by_hh_size <= 468.000 & unc_rawben_rel_max <=   1.290","ranger",5140,0.93638,0.93055,2595,2412,0.9295,0.2694,0.1535,24.738,0.1475,0.9705,2.1
"2-3","total_deductions_by_hh_size <= 468.000 & unc_rawben_rel_max >   0.996 & unc_rawben_rel_max <=   1.290","ranger",5350,0.93626,0.93054,2714,2526,0.9307,0.2822,0.1563,25.872,0.1475,0.9705,2.1
"2-3","months_since_cert_n <=   6.500 & rawben_rel_max >   0.997 & total_deductions_by_hh_size <= 198.000","ranger",3023,0.93814,0.93053,1480,1368,0.9243,0.1528,0.0933,14.109,0.1475,0.9705,2.1
"2-3","months_since_cert_n <=  32.500 & total_deductions_by_hh_size <= 113.000 & unc_rawben_rel_max >   0.997","ranger",3067,0.93805,0.9305,1520,1412,0.9289,0.1577,0.0886,14.49,0.1475,0.9705,2.1
"2-3","percent_abawd <= 1.250 & unc_rawben_rel_max > 0.997 & unc_rawben_rel_max <= 1.330","ranger",5794,0.93597,0.93047,2941,2726,0.9269,0.3045,0.1792,28.036,0.1475,0.9705,2.1
"2-3","children_i >  0.500 & count_divisible_by_100 <=  0.500 & rawben_rel_max >  0.901 & utilities <= 30.500","ranger",2760,0.93841,0.93044,1382,1281,0.9269,0.1431,0.086,13.174,0.1475,0.9705,2.1
"2-3","expedited_i <=   0.500 & total_deductions_by_hh_size <= 468.000 & unc_rawben_rel_max >   0.996 & unc_rawben_rel_max <=   1.290","ranger",4094,0.93698,0.93044,2055,1911,0.9299,0.2135,0.1216,19.59,0.1475,0.9705,2.1
"2-3","cat_elig < 2.0 & count_divisible_by_100 < 1.0 & months_since_cert_n < 3.0 & total_deductions_by_hh_size < 2.5","xgboost",899,0.94438,0.93042,654,609,0.9312,0.068,0.0361,6.235,0.1475,0.9705,2.1
"2-3","count_divisible_by_100 <=   0.500 & total_deductions_by_hh_size <= 178.000 & unc_rawben_rel_max >   0.997","ranger",3367,0.93763,0.93042,1663,1539,0.9254,0.1719,0.1077,15.853,0.1475,0.9705,2.1
"2-3","months_since_cert_n <=   6.500 & rawben_rel_max >   0.997 & shelter_expenses_by_hh_size <= 250.000 & unc_rawben_rel_max <=   1.520","ranger",3352,0.93765,0.93042,1617,1496,0.9252,0.1671,0.1009,15.415,0.1475,0.9705,2.1
"2-3","cat_elig > 0.500 & count_divisible_by_100 <= 0.500 & unc_rawben_rel_max > 0.997 & unc_rawben_rel_max <= 1.290","ranger",4032,0.937,0.93041,2114,1964,0.929,0.2194,0.1255,20.153,0.1475,0.9705,2.1
"2-3","rawben_rel_max >=  0.989 & total_deductions_by_hh_size < 42.300","xgboost",2896,0.93819,0.93041,1427,1328,0.9306,0.1483,0.0804,13.603,0.1475,0.9705,2.1
"2-3","married <=   0.500 & medical_deductions <= 201.000 & rawben_rel_max >   0.997 & unc_rawben_rel_max <=   1.340","ranger",5219,0.93619,0.9304,2854,2625,0.9198,0.2932,0.1978,27.207,0.1475,0.9705,2.1
"2-3","count_divisible_by_100 <=  0.500 & shelter_expenses_by_hh_size <= 27.200 & total_deductions_by_hh_size <= 63.000 & unc_rawben_rel_max >  0.931","ranger",2849,0.93822,0.93038,1418,1329,0.9372,0.1485,0.0747,13.518,0.1475,0.9705,2.1
"2-3","medical_deductions <= 259.000 & rawben_rel_max >   0.997 & unc_rawben_rel_max <=   1.340","ranger",5859,0.93583,0.93035,3219,2958,0.9189,0.3304,0.2245,30.686,0.1475,0.9705,2.1
"2-3","medical_deductions <= 567.000 & percent_abawd <=   0.167 & shelter_expenses_by_hh_size <= 285.000 & unc_rawben_rel_max >   0.997","ranger",4194,0.93681,0.93035,2057,1890,0.9188,0.2111,0.1445,19.609,0.1475,0.9705,2.1
"2-3","rawben_rel_max >   0.999 & shelter_expenses_by_hh_size <= 342.000 & utilities <=  33.500","ranger",2984,0.938,0.93034,1500,1396,0.9307,0.1559,0.0831,14.299,0.1475,0.9705,2.1
"2-3","cat_elig <=  0.5 & HH_size_n <=  2.5 & homeless <=  0.5 & shelter_expenses_by_hh_size <= 12.4","ranger",442,0.95023,0.9303,195,183,0.9385,0.0204,0.0077,1.859,0.1475,0.9705,2.1
"2-3","elderly_disabled_i <=   0.500 & rawben_rel_max >   0.997 & total_deductions_by_hh_size <= 197.000","ranger",3724,0.93716,0.9303,1843,1696,0.9202,0.1895,0.1254,17.569,0.1475,0.9705,2.1
"2-3","unc_rawben_rel_max > 0.997 & unc_rawben_rel_max <= 1.320","ranger",5735,0.93583,0.9303,2911,2701,0.9279,0.3017,0.175,27.75,0.1475,0.9705,2.1
"2-3","medical_deductions <= 148.000 & unc_rawben_rel_max >   0.997 & unc_rawben_rel_max <=   1.340","ranger",5853,0.93576,0.93028,3218,2958,0.9192,0.3304,0.2242,30.677,0.1475,0.9705,2.1
"2-3","children_i >  0.500 & HH_size_n <=  2.500 & rawben_rel_max >  0.997 & utilities <= 49.500","ranger",1634,0.94064,0.93027,802,746,0.9302,0.0833,0.0481,7.645,0.1475,0.9705,2.1
"2-3","cat_elig <  1.00 & expedited_i <  1.00 & unc_rawben_rel_max >=  1.04 & utilities < 70.00","xgboost",425,0.95059,0.93026,201,193,0.9602,0.0216,0.0074,1.916,0.1475,0.9705,2.1
"2-3","months_since_cert_n <=   5.500 & shelter_expenses_by_hh_size <= 250.000 & unc_rawben_rel_max >   0.996 & utilities <=  40.500","ranger",2203,0.93917,0.93025,1110,1036,0.9333,0.1157,0.0564,10.582,0.1475,0.9705,2.1
"2-3","medical_deductions <= 464.000 & unc_rawben_rel_max >   0.996 & unc_rawben_rel_max <=   1.300","ranger",5610,0.93583,0.93023,2835,2637,0.9302,0.2946,0.1639,27.026,0.1475,0.9705,2.1
"2-3","children_i >   0.500 & rawben_rel_max >   0.997 & utilities <= 286.000","ranger",3085,0.93776,0.93022,1479,1368,0.9249,0.1528,0.096,14.099,0.1475,0.9705,2.1
"2-3","percent_abawd <=  0.167 & unc_rawben_rel_max >  0.996 & unc_rawben_rel_max <=  1.490 & utilities <= 33.500","ranger",2857,0.93805,0.93021,1406,1309,0.931,0.1462,0.0798,13.403,0.1475,0.9705,2.1
"2-3","shelter_expenses_by_hh_size < 592.00 & total_deductions_by_hh_size >= 225.00 & unc_rawben_rel_max >=   1.11 & unc_rawben_rel_max <   1.22","xgboost",340,0.95294,0.93021,179,168,0.9385,0.0188,0.0103,1.706,0.1475,0.9705,2.1
"2-3","count_divisible_by_100 <=   0.500 & rawben_rel_max >   0.997 & total_deductions_by_hh_size <= 194.000","ranger",3507,0.93727,0.93019,1751,1615,0.9223,0.1804,0.1181,16.692,0.1475,0.9705,2.1
"2-3","cat_elig <=   0.50 & elderly_disabled_i <=   0.50 & shelter_expenses_by_hh_size <= 138.00 & total_deductions_by_hh_size <=   9.67","ranger",671,0.94635,0.93016,303,291,0.9604,0.0325,0.0094,2.888,0.1475,0.9705,2.1
"2-3","percent_abawd <=   0.167 & shelter_expenses_by_hh_size <= 252.000 & unc_rawben_rel_max >   0.901 & utilities <=  32.500","ranger",3037,0.93777,0.93016,1495,1381,0.9237,0.1543,0.0927,14.252,0.1475,0.9705,2.1
"2-3","cat_elig <=   0.500 & shelter_expenses_by_hh_size <= 354.000 & unc_rawben_rel_max >   0.893 & utilities <=  30.500","ranger",703,0.94595,0.93013,333,320,0.961,0.0357,0.0104,3.174,0.1475,0.9705,2.1
"2-3","cat_elig <=   0.5 & shelter_expenses_by_hh_size <=  12.8 & total_deductions_by_hh_size <=  54.7 & utilities <= 270.0","ranger",719,0.94576,0.93012,348,329,0.9454,0.0368,0.0131,3.317,0.1475,0.9705,2.1
"2-3","children_i >  0.5 & count_divisible_by_100 <=  0.5 & shelter_expenses_by_hh_size <= 95.8 & total_deductions_by_hh_size <= 30.3","ranger",3065,0.93768,0.93011,1470,1358,0.9238,0.1517,0.0819,14.013,0.1475,0.9705,2.1
"2-3","expedited_i < 1.00 & HH_size_n >= 3.00 & rawben_rel_max >= 0.97 & total_deductions_by_hh_size < 2.50","xgboost",735,0.94558,0.93011,335,310,0.9254,0.0346,0.023,3.194,0.1475,0.9705,2.1
"2-3","percent_abawd <=   0.833 & total_deductions_by_hh_size <= 193.000 & unc_rawben_rel_max >   0.998 & utilities <= 568.000","ranger",3653,0.93704,0.9301,1801,1659,0.9212,0.1853,0.1243,17.169,0.1475,0.9705,2.1
"2-3","percent_abawd <=   0.833 & total_deductions_by_hh_size <= 193.000 & unc_rawben_rel_max >   0.996 & unc_rawben_rel_max <=   1.620","ranger",3713,0.93698,0.93009,1840,1695,0.9212,0.1893,0.1269,17.541,0.1475,0.9705,2.1
"2-3","shelter_expenses_by_hh_size > 226.000 & total_deductions_by_hh_size <= 198.000 & unc_rawben_rel_max >   0.997 & utilities <= 495.000","ranger",36,1,0.93009,15,14,0.9333,0.0016,0.0012,0.143,0.1475,0.9705,2.1
"2-3","months_since_cert_n <=   7.500 & rawben_rel_max >   0.997 & shelter_expenses_by_hh_size <= 251.000 & total_deductions_by_hh_size <= 799.000","ranger",3530,0.93711,0.93005,1717,1580,0.9202,0.1765,0.1172,16.368,0.1475,0.9705,2.1
"2-3","total_deductions_by_hh_size >=  23.00 & unc_rawben_rel_max >=   1.11 & unc_rawben_rel_max <   1.22 & utilities < 724.00","xgboost",814,0.94472,0.93001,405,371,0.916,0.0414,0.0325,3.861,0.1475,0.9705,2.1
"2-3","cat_elig <=   0.50 & count_divisible_by_100 <=   2.50 & shelter_expenses_by_hh_size <= 195.00 & total_deductions_by_hh_size <=   2.95","ranger",782,0.94501,0.93,370,353,0.9541,0.0394,0.0125,3.527,0.1475,0.9705,2.1
"2-3","total_deductions_by_hh_size <= 100.000 & unc_rawben_rel_max >   0.989","ranger",3030,0.93762,0.93,1514,1407,0.9293,0.1572,0.0867,14.433,0.1475,0.9705,2.1
"2-3","count_divisible_by_100 <= 0.500 & months_since_cert_n <= 5.500 & total_deductions_by_hh_size <= 1.770 & unc_rawben_rel_max > 0.322","ranger",2453,0.93844,0.92997,1224,1129,0.9224,0.1261,0.0704,11.668,0.1475,0.9705,2.1
"2-3","HH_size_n >= 3.00 & rawben_rel_max >= 0.97 & total_deductions_by_hh_size < 2.50","xgboost",988,0.94332,0.92996,475,444,0.9347,0.0496,0.0278,4.528,0.1475,0.9705,2.1
"2-3","children_i >   0.500 & percent_abawd <=   1.750 & rawben_rel_max >   0.996 & shelter_expenses_by_hh_size <= 329.000","ranger",4350,0.93632,0.92996,2153,1979,0.9192,0.2211,0.1529,20.524,0.1475,0.9705,2.1
"2-3","children_i >   0.500 & shelter_expenses_by_hh_size <= 322.000 & unc_rawben_rel_max >   0.996","ranger",4320,0.93634,0.92995,2122,1950,0.9189,0.2178,0.1511,20.229,0.1475,0.9705,2.1
"2-3","HH_size_n >   2.500 & total_deductions_by_hh_size <= 150.000 & unc_rawben_rel_max >   0.997","ranger",1456,0.94093,0.92993,734,678,0.9237,0.0757,0.0549,6.997,0.1475,0.9705,2.1
"2-3","percent_abawd <=   0.167 & shelter_expenses_by_hh_size <= 312.000 & total_deductions_by_hh_size <= 456.000 & unc_rawben_rel_max >   1.000","ranger",4348,0.93629,0.92992,2112,1943,0.92,0.217,0.1434,20.133,0.1475,0.9705,2.1
"2-3","months_since_cert_n <= 32.500 & unc_rawben_rel_max >  0.997 & unc_rawben_rel_max <=  1.340","ranger",5865,0.93538,0.9299,3224,2961,0.9184,0.3308,0.2262,30.734,0.1475,0.9705,2.1
"2-3","cat_elig >   0.500 & rawben_rel_max >   0.997 & shelter_expenses_by_hh_size <= 329.000 & unc_rawben_rel_max <=   1.290","ranger",3266,0.93723,0.92988,1662,1527,0.9188,0.1706,0.1148,15.844,0.1475,0.9705,2.1
"2-3","shelter_expenses_by_hh_size <= 322.000 & unc_rawben_rel_max >   0.997 & utilities <=  49.000","ranger",3100,0.93742,0.92987,1546,1437,0.9295,0.1605,0.0889,14.738,0.1475,0.9705,2.1
"2-3","HH_size_n <=   2.5000 & total_deductions_by_hh_size <= 378.0000 & unc_rawben_rel_max <=  -0.0383","ranger",587,0.94719,0.92985,288,272,0.9444,0.0304,0.0137,2.745,0.1475,0.9705,2.1
"2-3","months_since_cert_n < 3.000 & percent_abawd < 0.333 & unc_rawben_rel_max >= 0.998 & unc_rawben_rel_max < 1.290","xgboost",1885,0.93952,0.92985,940,879,0.9351,0.0982,0.0499,8.961,0.1475,0.9705,2.1
"2-3","children_i >=   1.000 & married <   1.000 & rawben_rel_max >=   0.913 & total_deductions_by_hh_size < 195.000","xgboost",3729,0.93671,0.92983,1833,1677,0.9149,0.1873,0.1338,17.474,0.1475,0.9705,2.1
"2-3","cat_elig <=   1.500 & HH_size_n >   2.500 & rawben_rel_max >   0.997 & utilities <= 124.000","ranger",764,0.94503,0.92982,562,519,0.9235,0.058,0.0362,5.357,0.1475,0.9705,2.1
"2-3","cat_elig <=  0.5 & count_divisible_by_100 <=  0.5 & total_deductions_by_hh_size <= 52.2","ranger",970,0.9433,0.92981,473,441,0.9323,0.0493,0.0199,4.509,0.1475,0.9705,2.1
"2-3","cat_elig >   1.500 & medical_deductions > 186.000 & rawben_rel_max <=   0.177","ranger",61,0.98361,0.92979,0,0,NA,0,0,0,0.1475,0.9705,2.1
"2-3","children_i >   0.500 & HH_size_n >   2.500 & rawben_rel_max >   0.997 & total_deductions_by_hh_size <= 194.000","ranger",1653,0.94011,0.92977,819,753,0.9194,0.0841,0.0638,7.807,0.1475,0.9705,2.1
"2-3","children_i <=   0.5000 & medical_deductions > 309.0000 & rawben_rel_max >   0.0359 & rawben_rel_max <=   0.2000","ranger",83,0.9759,0.92976,33,32,0.9697,0.0036,0.0013,0.315,0.1475,0.9705,2.1
"2-3","homeless >   0.50 & months_since_cert_n <=   3.50 & shelter_expenses_by_hh_size <= 160.00 & unc_rawben_rel_max <=   1.11","ranger",83,0.9759,0.92976,39,36,0.9231,0.004,0.0019,0.372,0.1475,0.9705,2.1
"2-3","married <=  0.500 & rawben_rel_max >  0.961 & total_deductions_by_hh_size <= 62.000 & unc_rawben_rel_max >  0.878","ranger",2776,0.93768,0.9297,1370,1270,0.927,0.1419,0.084,13.06,0.1475,0.9705,2.1
"2-3","cat_elig <=   0.500 & shelter_expenses_by_hh_size <= 319.000 & unc_rawben_rel_max >   0.997","ranger",984,0.94309,0.92968,449,426,0.9488,0.0476,0.0186,4.28,0.1475,0.9705,2.1
"2-3","total_deductions_by_hh_size <= 996.000 & unc_rawben_rel_max >   0.997 & unc_rawben_rel_max <=   1.340","ranger",5862,0.93518,0.92968,3226,2963,0.9185,0.331,0.2262,30.753,0.1475,0.9705,2.1
"2-3","shelter_expenses_by_hh_size <= 247.000 & unc_rawben_rel_max >   0.996 & utilities <= 286.000","ranger",3226,0.93707,0.92967,1573,1458,0.9269,0.1629,0.0944,14.995,0.1475,0.9705,2.1
"2-3","count_divisible_by_100 <  2.000 & rawben_rel_max >=  1.000 & total_deductions_by_hh_size < 85.000 & unc_rawben_rel_max >= -0.497","xgboost",2910,0.93746,0.92966,1450,1349,0.9303,0.1507,0.0816,13.823,0.1475,0.9705,2.1
"2-3","rawben_rel_max >   0.998 & shelter_expenses_by_hh_size <= 629.000 & total_deductions_by_hh_size <=  22.000","ranger",2773,0.93761,0.92962,1365,1272,0.9319,0.1421,0.0759,13.012,0.1475,0.9705,2.1
"2-3","cat_elig <   2.000 & percent_abawd <   0.333 & shelter_expenses_by_hh_size < 163.000 & unc_rawben_rel_max >=   1.080","xgboost",1511,0.94044,0.92961,829,771,0.93,0.0861,0.0478,7.903,0.1475,0.9705,2.1
"2-3","medical_deductions <= 159.000 & shelter_expenses_by_hh_size <= 279.000 & unc_rawben_rel_max >   0.996 & utilities <=  30.500","ranger",2968,0.93733,0.92961,1488,1385,0.9308,0.1547,0.0821,14.185,0.1475,0.9705,2.1
"2-3","cat_elig >  0.500 & HH_size_n >  2.500 & rawben_rel_max >  0.993 & total_deductions_by_hh_size <= 23.000","ranger",841,0.94411,0.9296,403,371,0.9206,0.0414,0.0282,3.842,0.1475,0.9705,2.1
"2-3","married <=  0.500 & months_since_cert_n >  4.500 & total_deductions_by_hh_size <= 55.000 & unc_rawben_rel_max >  0.875","ranger",1076,0.94238,0.92955,540,492,0.9111,0.055,0.041,5.148,0.1475,0.9705,2.1
"2-3","rawben_rel_max >   0.997 & shelter_expenses_by_hh_size <=  13.800 & total_deductions_by_hh_size <= 197.000 & utilities <=  47.500","ranger",2725,0.93761,0.92955,1356,1265,0.9329,0.1413,0.0732,12.927,0.1475,0.9705,2.1
"2-3","HH_size_n >=   3.000 & rawben_rel_max >=   0.933 & shelter_expenses_by_hh_size < 108.000 & unc_rawben_rel_max >=   0.290","xgboost",1293,0.94122,0.92951,628,584,0.9299,0.0652,0.039,5.987,0.1475,0.9705,2.1
"2-3","children_i >   0.500 & percent_abawd <=   0.167 & rawben_rel_max >   0.996 & utilities <= 286.000","ranger",2994,0.93721,0.92951,1409,1304,0.9255,0.1457,0.0897,13.432,0.1475,0.9705,2.1
"2-3","rawben_rel_max >   0.996 & shelter_expenses_by_hh_size <= 113.000 & unc_rawben_rel_max >   0.893","ranger",3038,0.93713,0.92949,1502,1394,0.9281,0.1557,0.0881,14.318,0.1475,0.9705,2.1
"2-3","count_divisible_by_100 <=   0.500 & total_deductions_by_hh_size <= 178.000 & unc_rawben_rel_max >   0.997 & utilities <= 502.000","ranger",3322,0.93679,0.92948,1638,1516,0.9255,0.1693,0.1054,15.615,0.1475,0.9705,2.1
"2-3","children_i >  0.500 & total_deductions_by_hh_size <= 34.200 & unc_rawben_rel_max >  0.789","ranger",3007,0.93715,0.92947,1446,1341,0.9274,0.1498,0.0799,13.785,0.1475,0.9705,2.1
"2-3","children_i > 0.50 & count_divisible_by_100 <= 0.50 & HH_size_n <= 2.50 & total_deductions_by_hh_size <= 1.77","ranger",1737,0.93955,0.92944,863,803,0.9305,0.0897,0.0428,8.227,0.1475,0.9705,2.1
"2-3","count_divisible_by_100 <=  0.500 & elderly_disabled_i <=  0.500 & unc_rawben_rel_max >  0.997 & utilities <= 22.000","ranger",2720,0.9375,0.92942,1382,1293,0.9356,0.1444,0.0737,13.174,0.1475,0.9705,2.1
"2-3","months_since_cert_n <=   1.500 & rawben_rel_max >   0.999 & shelter_expenses_by_hh_size <= 340.000","ranger",1105,0.94208,0.92941,615,572,0.9301,0.0639,0.0398,5.863,0.1475,0.9705,2.1
"2-3","children_i > 0.500 & elderly_disabled_i <= 0.500 & homeless > 0.500 & unc_rawben_rel_max > 0.883","ranger",179,0.96089,0.9294,100,98,0.98,0.0109,6e-04,0.953,0.1475,0.9705,2.1
"2-3","cat_elig <=  0.5 & married <=  0.5 & medical_deductions <=  2.0 & total_deductions_by_hh_size <= 52.9","ranger",901,0.9434,0.92935,442,413,0.9344,0.0461,0.0189,4.214,0.1475,0.9705,2.1
"2-3","cat_elig <=   2.500 & medical_deductions <= 144.000 & total_deductions_by_hh_size <= 197.000 & unc_rawben_rel_max >   0.997","ranger",3747,0.93622,0.92933,1918,1763,0.9192,0.1969,0.1343,18.284,0.1475,0.9705,2.1
"2-3","elderly_disabled_i <   1.00 & total_deductions_by_hh_size < 225.00 & unc_rawben_rel_max >=   1.00 & unc_rawben_rel_max <   1.29","xgboost",3955,0.93603,0.92933,2009,1855,0.9233,0.2072,0.1287,19.152,0.1475,0.9705,2.1
"2-3","rawben_rel_max >=   0.964 & shelter_expenses_by_hh_size < 958.000 & total_deductions_by_hh_size >=   2.500 & total_deductions_by_hh_size < 108.000","xgboost",534,0.94757,0.92932,300,276,0.92,0.0308,0.0176,2.86,0.1475,0.9705,2.1
"2-3","shelter_expenses_by_hh_size <= 366.000 & total_deductions_by_hh_size <= 444.000 & unc_rawben_rel_max >   0.997 & utilities <= 124.000","ranger",3240,0.93673,0.92932,1605,1486,0.9259,0.166,0.096,15.3,0.1475,0.9705,2.1
"2-3","count_divisible_by_100 <=  1.500 & months_since_cert_n <=  7.500 & rawben_rel_max >  0.997 & utilities <= 30.500","ranger",2520,0.9377,0.9293,1252,1168,0.9329,0.1305,0.0648,11.935,0.1475,0.9705,2.1
"2-3","expedited_i <=   0.500 & percent_abawd <=   0.167 & rawben_rel_max >   0.997 & shelter_expenses_by_hh_size <= 322.000","ranger",3387,0.93652,0.92928,1620,1483,0.9154,0.1657,0.1203,15.443,0.1475,0.9705,2.1
"2-3","months_since_cert_n > 10.500 & percent_abawd <=  1.250 & unc_rawben_rel_max >  0.997 & unc_rawben_rel_max <=  1.330","ranger",369,0.95122,0.92926,220,204,0.9273,0.0228,0.0142,2.097,0.1475,0.9705,2.1
"2-3","children_i >=  1.000 & months_since_cert_n < 27.000 & total_deductions_by_hh_size <  2.500 & unc_rawben_rel_max >=  0.726","xgboost",2698,0.93736,0.92924,1294,1198,0.9258,0.1338,0.0715,12.336,0.1475,0.9705,2.1
"2-3","rawben_rel_max >   0.997 & shelter_expenses_by_hh_size >  13.800 & total_deductions_by_hh_size <= 197.000 & utilities <=  47.500","ranger",267,0.95506,0.92924,133,121,0.9098,0.0135,0.0124,1.268,0.1475,0.9705,2.1
"2-3","cat_elig <= 0.500 & children_i > 0.500 & rawben_rel_max > 0.997 & unc_rawben_rel_max <= 1.420","ranger",1040,0.94231,0.92923,460,436,0.9478,0.0487,0.019,4.385,0.1475,0.9705,2.1
"2-3","cat_elig <=  0.500 & months_since_cert_n <=  5.500 & rawben_rel_max >  0.993 & total_deductions_by_hh_size <= 23.000","ranger",517,0.94778,0.92922,237,229,0.9662,0.0256,0.007,2.259,0.1475,0.9705,2.1
"2-3","children_i >   0.500 & expedited_i <=   0.500 & rawben_rel_max >   0.997 & shelter_expenses_by_hh_size <= 339.000","ranger",3339,0.93651,0.92921,1637,1496,0.9139,0.1671,0.1261,15.605,0.1475,0.9705,2.1
"2-3","months_since_cert_n <=   8.500 & rawben_rel_max >   0.996 & shelter_expenses_by_hh_size <= 252.000 & unc_rawben_rel_max <=   1.440","ranger",3696,0.93615,0.92921,1799,1653,0.9188,0.1847,0.1247,17.15,0.1475,0.9705,2.1
"2-3","cat_elig <=   0.500 & rawben_rel_max >   0.972 & shelter_expenses_by_hh_size <= 334.000","ranger",1024,0.94238,0.9292,483,457,0.9462,0.0511,0.0195,4.604,0.1475,0.9705,2.1
"2-3","months_since_cert_n <= 10.500 & percent_abawd <=  1.250 & unc_rawben_rel_max >  0.997 & unc_rawben_rel_max <=  1.330","ranger",5425,0.93493,0.9292,2717,2518,0.9268,0.2813,0.165,25.901,0.1475,0.9705,2.1
"2-3","percent_abawd <=  0.167 & rawben_rel_max >  0.998 & utilities <= 30.500","ranger",2861,0.93708,0.9292,1400,1303,0.9307,0.1456,0.0788,13.346,0.1475,0.9705,2.1
"2-3","rawben_rel_max >  0.884 & total_deductions_by_hh_size <= 22.000 & utilities <= 32.500","ranger",2951,0.93697,0.9292,1454,1357,0.9333,0.1516,0.0774,13.861,0.1475,0.9705,2.1
"2-3","shelter_expenses_by_hh_size <= 280.000 & total_deductions_by_hh_size <=  26.800 & unc_rawben_rel_max >   0.972","ranger",2876,0.93707,0.9292,1422,1327,0.9332,0.1482,0.0774,13.556,0.1475,0.9705,2.1
"2-3","elderly_disabled_i <=   0.500 & homeless <=   0.500 & rawben_rel_max >   0.997 & shelter_expenses_by_hh_size <= 252.000","ranger",3946,0.93588,0.92917,1947,1785,0.9168,0.1994,0.1409,18.561,0.1475,0.9705,2.1
"2-3","percent_abawd <=  0.583 & unc_rawben_rel_max >  0.997 & utilities <= 30.500","ranger",2977,0.93685,0.92911,1493,1391,0.9317,0.1554,0.0829,14.233,0.1475,0.9705,2.1
"2-3","percent_abawd <   0.500 & shelter_expenses_by_hh_size < 330.000 & unc_rawben_rel_max >=   0.998 & unc_rawben_rel_max <   1.740","xgboost",4578,0.93534,0.9291,2247,2065,0.919,0.2307,0.1542,21.42,0.1475,0.9705,2.1
"2-3","percent_abawd <=   0.833 & total_deductions_by_hh_size <= 439.000 & unc_rawben_rel_max >   0.997 & utilities <=  30.500","ranger",2976,0.93683,0.92909,1495,1393,0.9318,0.1556,0.0829,14.252,0.1475,0.9705,2.1
"2-3","months_since_cert_n <=  8.500 & total_deductions_by_hh_size <= 29.900 & unc_rawben_rel_max >  0.898 & utilities <= 40.000","ranger",2602,0.93736,0.92908,1267,1181,0.9321,0.1319,0.0653,12.078,0.1475,0.9705,2.1
"2-3","expedited_i <=   0.500 & married <=   0.500 & rawben_rel_max >   0.996 & total_deductions_by_hh_size <= 197.000","ranger",2601,0.93733,0.92905,1285,1178,0.9167,0.1316,0.095,12.25,0.1475,0.9705,2.1
"2-3","homeless <=   0.5 & rawben_rel_max >   0.9 & shelter_expenses_by_hh_size <= 599.0 & total_deductions_by_hh_size <=  23.6","ranger",2825,0.93699,0.92904,1371,1276,0.9307,0.1425,0.0784,13.07,0.1475,0.9705,2.1
"2-3","medical_deductions <= 144.000 & total_deductions_by_hh_size <= 197.000 & unc_rawben_rel_max >   0.997","ranger",3834,0.93584,0.92901,1918,1763,0.9192,0.1969,0.1343,18.284,0.1475,0.9705,2.1
"2-3","months_since_cert_n <=  32.500 & percent_abawd <=   1.750 & rawben_rel_max >   0.997 & total_deductions_by_hh_size <= 197.000","ranger",3834,0.93584,0.92901,1915,1760,0.9191,0.1966,0.1343,18.255,0.1475,0.9705,2.1
"2-3","rawben_rel_max >   0.996 & unc_rawben_rel_max <=   1.300 & utilities > 428.000","ranger",1604,0.93953,0.92898,810,764,0.9432,0.0853,0.0388,7.722,0.1475,0.9705,2.1
"2-3","rawben_rel_max <=  0.957 & shelter_expenses_by_hh_size <= 21.500 & total_deductions_by_hh_size <=  1.270 & unc_rawben_rel_max >  0.915","ranger",82,0.97561,0.92894,29,26,0.8966,0.0029,0.0024,0.276,0.1475,0.9705,2.1
"2-3","homeless <= 0.50 & married <= 0.50 & rawben_rel_max > 0.89 & total_deductions_by_hh_size <= 1.05","ranger",2402,0.93755,0.92893,1148,1064,0.9268,0.1189,0.0703,10.944,0.1475,0.9705,2.1
"2-3","count_divisible_by_100 <=  0.500 & homeless <=  0.500 & unc_rawben_rel_max >  0.997 & utilities <= 30.500","ranger",2671,0.9371,0.92892,1344,1253,0.9323,0.14,0.0779,12.812,0.1475,0.9705,2.1
"2-3","count_divisible_by_100 <   2.000 & unc_rawben_rel_max >=   0.965 & unc_rawben_rel_max <   1.100 & utilities < 361.000","xgboost",1769,0.93895,0.9289,874,809,0.9256,0.0904,0.0475,8.332,0.1475,0.9705,2.1
"2-3","cat_elig <= 0.5 & expedited_i <= 0.5 & total_deductions_by_hh_size <= 2.5","ranger",611,0.94599,0.92889,301,284,0.9435,0.0317,0.0125,2.869,0.1475,0.9705,2.1
"2-3","expedited_i <=  0.500 & unc_rawben_rel_max >  0.997 & unc_rawben_rel_max <=  1.450 & utilities <= 49.500","ranger",2266,0.93778,0.92889,1113,1032,0.9272,0.1153,0.0672,10.61,0.1475,0.9705,2.1
"2-3","medical_deductions <= 148.000 & shelter_expenses_by_hh_size <= 312.000 & total_deductions_by_hh_size <= 193.000 & unc_rawben_rel_max >   0.997","ranger",3797,0.93574,0.92888,1891,1740,0.9201,0.1944,0.1305,18.027,0.1475,0.9705,2.1
"2-3","cat_elig >   0.500 & children_i >   0.500 & rawben_rel_max >   0.985 & shelter_expenses_by_hh_size <= 251.000","ranger",3071,0.9365,0.92887,1559,1422,0.9121,0.1588,0.122,14.862,0.1475,0.9705,2.1
"2-3","percent_abawd <=  1.750 & rawben_rel_max >  0.898 & total_deductions_by_hh_size <= 29.800 & utilities <= 30.500","ranger",2951,0.93663,0.92885,1457,1360,0.9334,0.1519,0.0774,13.889,0.1475,0.9705,2.1
"2-3","children_i >   0.500 & HH_size_n <=   2.500 & rawben_rel_max >   0.879 & shelter_expenses_by_hh_size <= 280.000","ranger",2339,0.93758,0.92884,1202,1102,0.9168,0.1231,0.0841,11.459,0.1475,0.9705,2.1
"2-3","percent_abawd <=  0.583 & rawben_rel_max >  0.998 & utilities <= 22.000","ranger",2936,0.93665,0.92884,1480,1380,0.9324,0.1542,0.0819,14.109,0.1475,0.9705,2.1
"2-3","months_since_cert_n <=  16.500 & percent_abawd <=   0.833 & shelter_expenses_by_hh_size <= 251.000 & unc_rawben_rel_max >   0.997","ranger",4119,0.93542,0.92883,2043,1875,0.9178,0.2095,0.1487,19.476,0.1475,0.9705,2.1
"2-3","months_since_cert_n >  0.500 & percent_abawd <=  0.833 & unc_rawben_rel_max >  0.997 & utilities <= 30.500","ranger",2712,0.93695,0.92883,1336,1244,0.9311,0.139,0.0728,12.736,0.1475,0.9705,2.1
"2-3","count_divisible_by_100 <   1.000 & rawben_rel_max >=   0.877 & shelter_expenses_by_hh_size < 204.000 & total_deductions_by_hh_size <   2.500","xgboost",2667,0.93701,0.92882,1318,1234,0.9363,0.1378,0.071,12.564,0.1475,0.9705,2.1
"2-3","medical_deductions <= 258.000 & total_deductions_by_hh_size <= 192.000 & unc_rawben_rel_max >   0.997 & unc_rawben_rel_max <=   1.610","ranger",3779,0.9357,0.92882,1884,1734,0.9204,0.1937,0.1293,17.96,0.1475,0.9705,2.1
"2-3","shelter_expenses_by_hh_size <= 10.800 & total_deductions_by_hh_size <= 23.600 & unc_rawben_rel_max >  0.882","ranger",2905,0.93666,0.92881,1430,1334,0.9329,0.149,0.0766,13.632,0.1475,0.9705,2.1
"2-3","unc_rawben_rel_max >   0.997 & unc_rawben_rel_max <=   1.460 & utilities <= 286.000","ranger",3409,0.93605,0.92881,1650,1528,0.9261,0.1707,0.1009,15.729,0.1475,0.9705,2.1
"2-3","elderly_disabled_i <= 0.50 & homeless <= 0.50 & total_deductions_by_hh_size <= 1.05 & unc_rawben_rel_max > 1.02","ranger",2263,0.93769,0.9288,1101,1022,0.9282,0.1142,0.0643,10.496,0.1475,0.9705,2.1
"2-3","cat_elig >= 2.000 & count_divisible_by_100 < 1.000 & unc_rawben_rel_max >= 0.998 & unc_rawben_rel_max < 1.190","xgboost",1615,0.93932,0.92879,198,179,0.904,0.02,0.0159,1.888,0.1475,0.9705,2.1
"2-3","married <= 0.500 & total_deductions_by_hh_size <= 1.050 & unc_rawben_rel_max > 0.975","ranger",2397,0.93742,0.92878,1166,1083,0.9288,0.121,0.0699,11.115,0.1475,0.9705,2.1
"2-3","elderly_disabled_i <=   0.500 & rawben_rel_max >   0.996 & total_deductions_by_hh_size <= 184.000","ranger",3614,0.93581,0.92877,1765,1629,0.9229,0.182,0.1154,16.826,0.1475,0.9705,2.1
"2-3","homeless <=   0.500 & married <=   0.500 & rawben_rel_max >   0.997 & shelter_expenses_by_hh_size <= 252.000","ranger",3732,0.93569,0.92877,1859,1702,0.9155,0.1901,0.1391,17.722,0.1475,0.9705,2.1
"2-3","elderly_disabled_i <=  0.500 & rawben_rel_max >  0.894 & total_deductions_by_hh_size <= 27.000","ranger",2992,0.9365,0.92876,1455,1356,0.932,0.1515,0.0778,13.87,0.1475,0.9705,2.1
"2-3","months_since_cert_n >  0.5 & shelter_expenses_by_hh_size <= 50.5 & total_deductions_by_hh_size <= 30.3 & unc_rawben_rel_max >  1.0","ranger",2545,0.93713,0.92874,1226,1139,0.929,0.1272,0.0686,11.687,0.1475,0.9705,2.1
"2-3","cat_elig <=   0.5 & months_since_cert_n <=  19.5 & shelter_expenses_by_hh_size <= 251.0 & total_deductions_by_hh_size <=  22.4","ranger",877,0.94299,0.92869,426,401,0.9413,0.0448,0.0169,4.061,0.1475,0.9705,2.1
"2-3","elderly_disabled_i >   0.5 & homeless <=   0.5 & medical_deductions > 274.0 & total_deductions_by_hh_size <= 185.0","ranger",60,0.98333,0.92868,26,25,0.9615,0.0028,5e-04,0.248,0.1475,0.9705,2.1
"2-3","months_since_cert_n >  16.500 & rawben_rel_max >   0.997 & shelter_expenses_by_hh_size <= 329.000","ranger",60,0.98333,0.92868,25,22,0.88,0.0025,0.002,0.238,0.1475,0.9705,2.1
"2-3","cat_elig <  2.000 & percent_abawd <  0.667 & total_deductions_by_hh_size <  8.300 & utilities < 42.000","xgboost",2064,0.93798,0.92867,1488,1373,0.9227,0.1534,0.0842,14.185,0.1475,0.9705,2.1
"2-3","total_deductions_by_hh_size <= 198.000 & unc_rawben_rel_max >   0.997","ranger",3845,0.9355,0.92867,1924,1768,0.9189,0.1975,0.1354,18.341,0.1475,0.9705,2.1
"2-3","percent_abawd <=   0.167 & total_deductions_by_hh_size <= 456.000 & unc_rawben_rel_max >   0.998 & utilities <=  49.500","ranger",2973,0.93643,0.92866,1450,1344,0.9269,0.1501,0.0904,13.823,0.1475,0.9705,2.1
"2-3","cat_elig >   0.500 & medical_deductions <= 399.000 & unc_rawben_rel_max >   0.997 & unc_rawben_rel_max <=   1.300","ranger",4549,0.93493,0.92865,2361,2184,0.925,0.244,0.1469,22.507,0.1475,0.9705,2.1
"2-3","married <=  0.500 & total_deductions_by_hh_size <= 55.000 & unc_rawben_rel_max >  0.875","ranger",3017,0.93636,0.92865,1467,1355,0.9237,0.1514,0.0924,13.985,0.1475,0.9705,2.1
"2-3","elderly_disabled_i <=   0.500 & expedited_i <=   0.500 & shelter_expenses_by_hh_size <= 236.000 & unc_rawben_rel_max >   0.998","ranger",2942,0.93644,0.92863,1459,1338,0.9171,0.1495,0.1051,13.908,0.1475,0.9705,2.1
"2-3","cat_elig <=  2.500 & count_divisible_by_100 <=  0.500 & unc_rawben_rel_max >  0.998 & utilities <= 26.000","ranger",2734,0.93672,0.92862,1432,1338,0.9344,0.1495,0.0799,13.651,0.1475,0.9705,2.1
"2-3","months_since_cert_n <=   5.500 & percent_abawd <=   0.167 & rawben_rel_max >   0.997 & shelter_expenses_by_hh_size <= 339.000","ranger",3355,0.93592,0.9286,1623,1506,0.9279,0.1682,0.0996,15.472,0.1475,0.9705,2.1
"2-3","children_i <= 0.500 & rawben_rel_max > 0.996 & unc_rawben_rel_max <= 1.110","ranger",230,0.95652,0.92859,133,124,0.9323,0.0139,0.004,1.268,0.1475,0.9705,2.1
"2-3","married <=   0.500 & rawben_rel_max >   0.997 & shelter_expenses_by_hh_size <= 252.000","ranger",3912,0.93533,0.92855,1950,1789,0.9174,0.1998,0.1418,18.589,0.1475,0.9705,2.1
"2-3","count_divisible_by_100 <=   0.500 & rawben_rel_max >   0.997 & shelter_expenses_by_hh_size <= 774.000 & utilities <=  22.000","ranger",2805,0.93654,0.92854,1432,1338,0.9344,0.1495,0.0799,13.651,0.1475,0.9705,2.1
"2-3","cat_elig <=   1.500 & rawben_rel_max >   0.996 & utilities <= 124.000","ranger",1985,0.93804,0.92852,1485,1371,0.9232,0.1532,0.0953,14.156,0.1475,0.9705,2.1
"2-3","rawben_rel_max >=   1.00 & total_deductions_by_hh_size >= 290.00 & unc_rawben_rel_max <   1.42","xgboost",1275,0.94039,0.92852,652,615,0.9433,0.0687,0.0299,6.215,0.1475,0.9705,2.1
"2-3","HH_size_n >   2.500 & shelter_expenses_by_hh_size <= 336.000 & unc_rawben_rel_max >   0.989 & utilities <=  33.500","ranger",1183,0.94083,0.92851,595,552,0.9277,0.0617,0.0339,5.672,0.1475,0.9705,2.1
"2-3","cat_elig <   1.000 & rawben_rel_max >=   0.419 & total_deductions_by_hh_size <  34.500 & utilities < 288.000","xgboost",828,0.94324,0.92851,369,352,0.9539,0.0393,0.0124,3.518,0.1475,0.9705,2.1
"2-3","medical_deductions <= 65.000 & shelter_expenses_by_hh_size <= 45.800 & unc_rawben_rel_max >  0.924","ranger",3114,0.9361,0.9285,1535,1427,0.9296,0.1594,0.0877,14.633,0.1475,0.9705,2.1
"2-3","HH_size_n >   2.500 & rawben_rel_max >   0.928 & shelter_expenses_by_hh_size <= 252.000 & total_deductions_by_hh_size <= 112.000","ranger",1381,0.9399,0.92849,681,630,0.9251,0.0704,0.0437,6.492,0.1475,0.9705,2.1
"2-3","cat_elig <  1 & married <  1 & total_deductions_by_hh_size < 40","xgboost",859,0.94296,0.92849,419,395,0.9427,0.0441,0.0165,3.994,0.1475,0.9705,2.1
"2-3","total_deductions_by_hh_size <= 451.000 & unc_rawben_rel_max >   0.997 & unc_rawben_rel_max <=   1.290 & utilities >  25.500","ranger",2387,0.93716,0.92848,1230,1141,0.9276,0.1275,0.0766,11.725,0.1475,0.9705,2.1
"2-3","shelter_expenses_by_hh_size <= 94.600 & unc_rawben_rel_max >  0.971 & utilities <= 54.500","ranger",2965,0.93626,0.92847,1494,1393,0.9324,0.1556,0.0825,14.242,0.1475,0.9705,2.1
"2-3","rawben_rel_max >   0.997 & total_deductions_by_hh_size <= 249.000 & unc_rawben_rel_max <=   1.550 & utilities <= 124.000","ranger",3186,0.93597,0.92846,1588,1469,0.9251,0.1641,0.0965,15.138,0.1475,0.9705,2.1
"2-3","cat_elig <=   1.500 & shelter_expenses_by_hh_size <= 790.000 & unc_rawben_rel_max >   0.996 & utilities <= 140.000","ranger",1983,0.93797,0.92845,1481,1369,0.9244,0.1529,0.0934,14.118,0.1475,0.9705,2.1
"2-3","count_divisible_by_100 <=   0.500 & rawben_rel_max >   0.889 & shelter_expenses_by_hh_size <= 276.000 & utilities <=  30.500","ranger",3023,0.93616,0.92844,1545,1428,0.9243,0.1595,0.0952,14.728,0.1475,0.9705,2.1
"2-3","rawben_rel_max >  0.961 & total_deductions_by_hh_size <= 62.000 & unc_rawben_rel_max >  0.878","ranger",3008,0.93617,0.92844,1496,1390,0.9291,0.1553,0.0863,14.261,0.1475,0.9705,2.1
"2-3","cat_elig <=   2.500 & rawben_rel_max >   0.996 & total_deductions_by_hh_size <= 197.000","ranger",3758,0.93534,0.92842,1918,1763,0.9192,0.1969,0.1343,18.284,0.1475,0.9705,2.1
"2-3","count_divisible_by_100 <=   0.500 & months_since_cert_n <=   5.500 & shelter_expenses_by_hh_size <= 326.000 & unc_rawben_rel_max >   0.997","ranger",3242,0.93584,0.92839,1607,1483,0.9228,0.1657,0.1064,15.319,0.1475,0.9705,2.1
"2-3","medical_deductions <= 116.000 & rawben_rel_max >   0.894 & total_deductions_by_hh_size <=  31.200","ranger",3109,0.93599,0.92839,1519,1415,0.9315,0.1581,0.0829,14.48,0.1475,0.9705,2.1
"2-3","percent_abawd <=   0.833 & rawben_rel_max >   0.997 & total_deductions_by_hh_size <= 577.000 & utilities <=  22.000","ranger",2947,0.93621,0.92839,1487,1387,0.9328,0.1549,0.0819,14.175,0.1475,0.9705,2.1
"2-3","count_divisible_by_100 <=   0.500 & rawben_rel_max >   0.997 & total_deductions_by_hh_size <= 330.000 & utilities <= 286.000","ranger",3138,0.93595,0.92837,1543,1430,0.9268,0.1597,0.0991,14.709,0.1475,0.9705,2.1
"2-3","count_divisible_by_100 <=   0.500 & shelter_expenses_by_hh_size <= 252.000 & total_deductions_by_hh_size <= 245.000 & unc_rawben_rel_max >   0.971","ranger",3960,0.9351,0.92836,2003,1845,0.9211,0.2061,0.1339,19.094,0.1475,0.9705,2.1
"2-3","elderly_disabled_i <=   0.500 & rawben_rel_max >   0.972 & shelter_expenses_by_hh_size <= 262.000 & total_deductions_by_hh_size <= 264.000","ranger",4310,0.9348,0.92834,2152,1981,0.9205,0.2213,0.1432,20.515,0.1475,0.9705,2.1
"2-3","elderly_disabled_i <=   0.500 & shelter_expenses_by_hh_size <= 310.000 & total_deductions_by_hh_size <= 444.000 & unc_rawben_rel_max >   0.997","ranger",4587,0.9346,0.92833,2248,2068,0.9199,0.231,0.1501,21.43,0.1475,0.9705,2.1
"2-3","medical_deductions <= 1190.000 & total_deductions_by_hh_size <=   62.000 & unc_rawben_rel_max >    0.901","ranger",3194,0.93582,0.92831,1579,1466,0.9284,0.1638,0.0926,15.052,0.1475,0.9705,2.1
"2-3","percent_abawd <=  0.167 & unc_rawben_rel_max >  0.997 & utilities <= 48.500","ranger",2988,0.93608,0.92831,1461,1355,0.9274,0.1514,0.0904,13.928,0.1475,0.9705,2.1
"2-3","cat_elig <  2.000 & HH_size_n >=  3.000 & rawben_rel_max >=  0.989 & total_deductions_by_hh_size < 42.300","xgboost",653,0.94487,0.92826,471,439,0.9321,0.049,0.0285,4.49,0.1475,0.9705,2.1
"2-3","children_i >   0.500 & shelter_expenses_by_hh_size <= 362.000 & unc_rawben_rel_max >   0.997","ranger",4568,0.93454,0.92826,2267,2085,0.9197,0.2329,0.1596,21.611,0.1475,0.9705,2.1
"2-3","homeless <=   0.500 & months_since_cert_n <=   7.500 & unc_rawben_rel_max >   0.997 & utilities <= 129.000","ranger",2601,0.93656,0.92824,1274,1179,0.9254,0.1317,0.0788,12.145,0.1475,0.9705,2.1
"2-3","cat_elig <= 0.500 & children_i <= 0.500 & unc_rawben_rel_max > 0.975","ranger",176,0.96023,0.92822,82,79,0.9634,0.0088,0.0018,0.782,0.1475,0.9705,2.1
"2-3","cat_elig <=   0.5 & shelter_expenses_by_hh_size <= 280.0 & total_deductions_by_hh_size <=  21.9 & utilities <= 338.0","ranger",871,0.94259,0.92821,419,397,0.9475,0.0443,0.0155,3.994,0.1475,0.9705,2.1
"2-3","married <=   0.500 & months_since_cert_n <=  11.500 & shelter_expenses_by_hh_size <= 262.000 & unc_rawben_rel_max >   0.997","ranger",3877,0.935,0.92818,1929,1770,0.9176,0.1977,0.139,18.389,0.1475,0.9705,2.1
"2-3","medical_deductions <= 131.000 & rawben_rel_max >   0.996 & unc_rawben_rel_max <=   1.340","ranger",5869,0.93372,0.92818,3217,2956,0.9189,0.3302,0.225,30.667,0.1475,0.9705,2.1
"2-3","HH_size_n >   2.500 & rawben_rel_max >   0.997 & total_deductions_by_hh_size <= 197.000","ranger",1706,0.93845,0.92817,839,772,0.9201,0.0862,0.0648,7.998,0.1475,0.9705,2.1
"2-3","married <= 0.50 & rawben_rel_max > 0.89 & total_deductions_by_hh_size <= 1.05","ranger",2554,0.93657,0.92817,1234,1146,0.9287,0.128,0.073,11.764,0.1475,0.9705,2.1
"2-3","percent_abawd <= 1.420 & rawben_rel_max > 0.996 & unc_rawben_rel_max <= 1.340","ranger",5896,0.93368,0.92815,3227,2963,0.9182,0.331,0.2269,30.763,0.1475,0.9705,2.1
"2-3","children_i >  0.500 & percent_abawd <=  0.583 & total_deductions_by_hh_size <= 37.000 & utilities <= 38.500","ranger",3157,0.9357,0.92814,1551,1425,0.9188,0.1592,0.0902,14.786,0.1475,0.9705,2.1
"2-3","rawben_rel_max >   0.996 & total_deductions_by_hh_size <= 197.000","ranger",3845,0.93498,0.92813,1918,1763,0.9192,0.1969,0.1343,18.284,0.1475,0.9705,2.1
"2-3","count_divisible_by_100 <=  0.500 & unc_rawben_rel_max >  0.997 & utilities <= 30.500","ranger",2847,0.93607,0.92811,1444,1348,0.9335,0.1506,0.0808,13.765,0.1475,0.9705,2.1
"2-3","HH_size_n >   2.500 & percent_abawd <=   0.167 & total_deductions_by_hh_size <= 184.000 & unc_rawben_rel_max >   0.997","ranger",1569,0.93881,0.92809,754,693,0.9191,0.0774,0.061,7.188,0.1475,0.9705,2.1
"2-3","count_divisible_by_100 <=   0.500 & medical_deductions <= 159.000 & rawben_rel_max >   0.997 & utilities <=  33.500","ranger",2861,0.93604,0.92809,1451,1354,0.9331,0.1513,0.0824,13.832,0.1475,0.9705,2.1
"2-3","expedited_i <=  0.500 & rawben_rel_max >  0.871 & shelter_expenses_by_hh_size <= 13.200","ranger",2196,0.93716,0.92809,1063,986,0.9276,0.1101,0.0621,10.133,0.1475,0.9705,2.1
"2-3","cat_elig <= 0.50 & count_divisible_by_100 <= 2.50 & total_deductions_by_hh_size <= 4.77","ranger",838,0.94272,0.92804,399,380,0.9524,0.0424,0.0137,3.804,0.1475,0.9705,2
"2-3","cat_elig > 0.500 & rawben_rel_max > 0.997 & unc_rawben_rel_max <= 1.300","ranger",4554,0.93434,0.92804,2364,2185,0.9243,0.2441,0.1486,22.536,0.1475,0.9705,2
"2-3","children_i >  0.500 & percent_abawd <=  0.167 & shelter_expenses_by_hh_size <= 50.500 & total_deductions_by_hh_size <= 28.500","ranger",3094,0.93568,0.92804,1475,1356,0.9193,0.1515,0.0857,14.061,0.1475,0.9705,2
"2-3","elderly_disabled_i <=   0.500 & rawben_rel_max >   0.996 & shelter_expenses_by_hh_size <= 262.000","ranger",4219,0.93458,0.92804,2079,1910,0.9187,0.2134,0.1455,19.819,0.1475,0.9705,2
"2-3","cat_elig <=  0.5 & married <=  0.5 & total_deductions_by_hh_size <= 55.0","ranger",915,0.94208,0.92802,446,416,0.9327,0.0465,0.0192,4.252,0.1475,0.9705,2
"2-3","elderly_disabled_i <  1.000 & rawben_rel_max >=  0.294 & total_deductions_by_hh_size < 56.300 & unc_rawben_rel_max >=  0.878","xgboost",3166,0.93557,0.92801,1543,1429,0.9261,0.1596,0.0891,14.709,0.1475,0.9705,2
"2-3","shelter_expenses_by_hh_size <= 265.000 & unc_rawben_rel_max >   0.997 & unc_rawben_rel_max <=   1.390","ranger",4275,0.9345,0.928,2145,1967,0.917,0.2197,0.1536,20.448,0.1475,0.9705,2
"2-3","cat_elig <=   1.500 & medical_deductions <=  17.000 & shelter_expenses_by_hh_size <= 326.000 & unc_rawben_rel_max >   0.996","ranger",2989,0.93576,0.92799,2175,1999,0.9191,0.2233,0.1492,20.734,0.1475,0.9705,2
"2-3","cat_elig >   0.500 & percent_abawd <=   0.167 & shelter_expenses_by_hh_size <= 319.000 & unc_rawben_rel_max >   0.997","ranger",3531,0.93515,0.92799,1743,1591,0.9128,0.1777,0.1324,16.616,0.1475,0.9705,2
"2-3","months_since_cert_n <=   5.500 & shelter_expenses_by_hh_size <= 250.000 & unc_rawben_rel_max >   0.996","ranger",3150,0.93556,0.92798,1531,1416,0.9249,0.1582,0.0971,14.595,0.1475,0.9705,2
"2-3","total_deductions_by_hh_size <= 193.000 & unc_rawben_rel_max >   0.996 & unc_rawben_rel_max <=   1.620","ranger",3808,0.93487,0.92798,1891,1740,0.9201,0.1944,0.1305,18.027,0.1475,0.9705,2
"2-3","shelter_expenses_by_hh_size < 721.0000 & total_deductions_by_hh_size <  74.5000 & unc_rawben_rel_max <   0.0106 & utilities >= 425.0000","xgboost",139,0.96403,0.92795,64,62,0.9688,0.0069,7e-04,0.61,0.1475,0.9705,2
"2-3","cat_elig <=  0.500 & rawben_rel_max >  0.428 & total_deductions_by_hh_size <= 52.200","ranger",914,0.94201,0.92794,442,414,0.9367,0.0462,0.0183,4.214,0.1475,0.9705,2
"2-3","count_divisible_by_100 <=   0.500 & shelter_expenses_by_hh_size <= 330.000 & total_deductions_by_hh_size <= 534.000 & unc_rawben_rel_max >   0.997","ranger",4431,0.93433,0.92794,2214,2039,0.921,0.2278,0.1501,21.106,0.1475,0.9705,2
"2-3","medical_deductions <=  17.000 & percent_abawd <=   0.167 & shelter_expenses_by_hh_size <= 339.000 & unc_rawben_rel_max >   0.996","ranger",4591,0.93422,0.92794,2229,2051,0.9201,0.2291,0.1533,21.249,0.1475,0.9705,2
"2-3","rawben_rel_max >=   0.89 & total_deductions_by_hh_size <  54.00 & utilities < 956.00","xgboost",3207,0.93545,0.92794,1581,1465,0.9266,0.1637,0.0943,15.071,0.1475,0.9705,2
"2-3","rawben_rel_max >  0.894 & total_deductions_by_hh_size <= 27.000","ranger",3074,0.93559,0.92792,1505,1403,0.9322,0.1567,0.0818,14.347,0.1475,0.9705,2
"2-3","total_deductions_by_hh_size < 197.00000 & unc_rawben_rel_max <  -0.00871 & utilities < 645.00000","xgboost",329,0.95137,0.92791,179,172,0.9609,0.0192,0.0051,1.706,0.1475,0.9705,2
"2-3","cat_elig >= 2.000 & percent_abawd < 0.667 & unc_rawben_rel_max >= 0.998 & unc_rawben_rel_max < 1.130","xgboost",1565,0.93866,0.9279,196,179,0.9133,0.02,0.0146,1.868,0.1475,0.9705,2
"2-3","children_i >  0.500 & HH_size_n <=  2.500 & rawben_rel_max >  0.847 & utilities <= 30.500","ranger",1804,0.93792,0.9279,901,832,0.9234,0.0929,0.058,8.589,0.1475,0.9705,2
"2-3","medical_deductions <= 149.000 & percent_abawd <=   0.167 & unc_rawben_rel_max >   0.997 & utilities <= 116.000","ranger",3117,0.93551,0.92789,1516,1403,0.9255,0.1567,0.0943,14.452,0.1475,0.9705,2
"2-3","children_i >   0.500 & total_deductions_by_hh_size <= 199.000 & unc_rawben_rel_max >   0.997","ranger",3802,0.93477,0.92787,1698,1564,0.9211,0.1747,0.1195,16.187,0.1475,0.9705,2
"2-3","married <=   0.500 & shelter_expenses_by_hh_size <= 251.000 & unc_rawben_rel_max >   0.996","ranger",3917,0.93464,0.92784,1948,1787,0.9174,0.1996,0.1418,18.57,0.1475,0.9705,2
"2-3","children_i >=   1.000 & HH_size_n <   3.000 & shelter_expenses_by_hh_size < 347.000 & unc_rawben_rel_max >=   0.881","xgboost",2571,0.93621,0.92782,1317,1210,0.9188,0.1352,0.0894,12.555,0.1475,0.9705,2
"2-3","elderly_disabled_i <= 0.50 & total_deductions_by_hh_size <= 1.05 & unc_rawben_rel_max > 1.02","ranger",2424,0.93647,0.92782,1193,1111,0.9313,0.1241,0.0662,11.373,0.1475,0.9705,2
"2-3","percent_abawd <=   0.167 & shelter_expenses_by_hh_size <= 339.000 & unc_rawben_rel_max >   0.996","ranger",4598,0.9341,0.92782,2232,2053,0.9198,0.2293,0.1541,21.277,0.1475,0.9705,2
"2-3","cat_elig <=   0.5 & shelter_expenses_by_hh_size <= 280.0 & total_deductions_by_hh_size <=  21.9","ranger",897,0.94203,0.92781,435,410,0.9425,0.0458,0.0169,4.147,0.1475,0.9705,2
"2-3","cat_elig <= 0.5 & expedited_i > 0.5 & months_since_cert_n <= 1.5","ranger",120,0.96667,0.9278,64,62,0.9688,0.0069,8e-04,0.61,0.1475,0.9705,2
"2-3","children_i >  0.5 & count_divisible_by_100 <=  1.5 & total_deductions_by_hh_size <= 39.1 & utilities <= 30.5","ranger",3127,0.9354,0.92779,1533,1413,0.9217,0.1578,0.0858,14.614,0.1475,0.9705,2
"2-3","count_divisible_by_100 <=   1.500 & HH_size_n >   2.500 & rawben_rel_max >   0.997 & total_deductions_by_hh_size <= 197.000","ranger",1697,0.93813,0.92779,832,768,0.9231,0.0858,0.0605,7.931,0.1475,0.9705,2
"2-3","rawben_rel_max >=    0.996 & shelter_expenses_by_hh_size < 1060.000 & unc_rawben_rel_max <    1.330","xgboost",5793,0.93337,0.92777,2928,2712,0.9262,0.3029,0.1799,27.912,0.1475,0.9705,2
"2-3","rawben_rel_max >=    0.996 & shelter_expenses_by_hh_size < 1060.000 & total_deductions_by_hh_size <    2.500 & unc_rawben_rel_max <    1.330","xgboost",2569,0.93616,0.92776,1263,1176,0.9311,0.1314,0.0715,12.04,0.1475,0.9705,2
"2-3","cat_elig <=   0.500 & shelter_expenses_by_hh_size > 233.000 & unc_rawben_rel_max >   0.996 & unc_rawben_rel_max <=   1.300","ranger",210,0.95714,0.92775,80,77,0.9625,0.0086,0.0025,0.763,0.1475,0.9705,2
"2-3","percent_abawd <=   1.750 & rawben_rel_max >   0.997 & shelter_expenses_by_hh_size <= 244.000","ranger",4173,0.93434,0.92775,2099,1930,0.9195,0.2156,0.148,20.01,0.1475,0.9705,2
"2-3","total_deductions_by_hh_size < 343.0000 & unc_rawben_rel_max <  -0.0566","xgboost",538,0.9461,0.92773,261,246,0.9425,0.0275,0.0132,2.488,0.1475,0.9705,2
"2-3","months_since_cert_n <=  12.500 & rawben_rel_max >   0.998 & shelter_expenses_by_hh_size <= 250.000 & total_deductions_by_hh_size <= 310.000","ranger",4128,0.93435,0.92772,2045,1876,0.9174,0.2096,0.1461,19.495,0.1475,0.9705,2
"2-3","total_deductions_by_hh_size <= 198.000 & unc_rawben_rel_max >   0.997 & utilities <= 495.000","ranger",3721,0.93469,0.92771,1855,1704,0.9186,0.1903,0.1298,17.684,0.1475,0.9705,2
"2-3","medical_deductions <= 140.000 & rawben_rel_max >   0.996 & shelter_expenses_by_hh_size <= 366.000 & utilities <=  80.500","ranger",3240,0.93519,0.9277,1596,1480,0.9273,0.1653,0.0946,15.214,0.1475,0.9705,2
"2-3","rawben_rel_max > 0.996 & unc_rawben_rel_max <= 1.340","ranger",5902,0.93324,0.9277,3233,2969,0.9183,0.3317,0.2269,30.82,0.1475,0.9705,2
"2-3","cat_elig <=   0.5 & HH_size_n <=   2.5 & utilities <= 112.0","ranger",679,0.94404,0.92768,308,289,0.9383,0.0323,0.0125,2.936,0.1475,0.9705,2
"2-3","elderly_disabled_i <=   0.5 & months_since_cert_n <=   3.5 & rawben_rel_max >   0.9 & shelter_expenses_by_hh_size <= 147.0","ranger",1843,0.9376,0.92768,902,839,0.9302,0.0937,0.0514,8.599,0.1475,0.9705,2
"2-3","rawben_rel_max >  0.898 & total_deductions_by_hh_size <= 60.000","ranger",3209,0.93518,0.92766,1582,1468,0.9279,0.164,0.0929,15.081,0.1475,0.9705,2
"2-3","months_since_cert_n <=  8.500 & total_deductions_by_hh_size <= 29.900 & unc_rawben_rel_max >  0.898","ranger",2696,0.93583,0.92762,1294,1202,0.9289,0.1343,0.0704,12.336,0.1475,0.9705,2
"2-3","rawben_rel_max >   0.997 & shelter_expenses_by_hh_size <= 250.000 & unc_rawben_rel_max <=   1.520","ranger",4251,0.93413,0.92759,2115,1942,0.9182,0.2169,0.1497,20.162,0.1475,0.9705,2
"2-3","rawben_rel_max >   0.996 & shelter_expenses_by_hh_size <= 252.000 & unc_rawben_rel_max <=   1.440","ranger",4264,0.9341,0.92757,2124,1949,0.9176,0.2177,0.1522,20.248,0.1475,0.9705,2
"2-3","cat_elig <=    0.500 & children_i <=    0.500 & medical_deductions <= 2570.000 & unc_rawben_rel_max >    0.922","ranger",192,0.95833,0.92756,92,87,0.9457,0.0097,0.0026,0.877,0.1475,0.9705,2
"2-3","months_since_cert_n <=   7.500 & unc_rawben_rel_max >   0.997 & utilities <= 124.000","ranger",2767,0.93567,0.92756,1359,1259,0.9264,0.1406,0.0816,12.955,0.1475,0.9705,2
"2-3","cat_elig <=   0.5 & total_deductions_by_hh_size <=  22.4 & utilities <= 476.0","ranger",909,0.94169,0.92755,440,414,0.9409,0.0462,0.0171,4.194,0.1475,0.9705,2
"2-3","HH_size_n > 2.500 & months_since_cert_n <= 5.500 & unc_rawben_rel_max > 0.997 & unc_rawben_rel_max <= 1.270","ranger",1661,0.93799,0.92752,835,778,0.9317,0.0869,0.0496,7.96,0.1475,0.9705,2
"2-3","cat_elig < 1.000 & percent_abawd >= 0.333 & unc_rawben_rel_max >= 1.110","xgboost",59,0.98305,0.92752,31,30,0.9677,0.0034,8e-04,0.296,0.1475,0.9705,2
"2-3","cat_elig <=   1.500 & unc_rawben_rel_max >   0.996 & utilities <= 140.000","ranger",1987,0.93709,0.92752,1486,1372,0.9233,0.1533,0.0953,14.166,0.1475,0.9705,2
"2-3","medical_deductions <=  17.000 & percent_abawd <=   0.167 & rawben_rel_max >   0.996 & shelter_expenses_by_hh_size <= 341.000","ranger",4622,0.93379,0.92752,2243,2065,0.9206,0.2307,0.1533,21.382,0.1475,0.9705,2
"2-3","children_i >  0.5 & count_divisible_by_100 <=  1.5 & total_deductions_by_hh_size <= 23.9 & utilities <= 51.5","ranger",3188,0.93507,0.92751,1566,1438,0.9183,0.1606,0.0914,14.929,0.1475,0.9705,2
"2-3","children_i >  0.5 & total_deductions_by_hh_size <= 39.1 & utilities <= 30.5","ranger",3128,0.9351,0.92747,1536,1415,0.9212,0.1581,0.0861,14.643,0.1475,0.9705,2
"2-3","children_i >=   1.000 & rawben_rel_max >=   0.974 & shelter_expenses_by_hh_size < 332.000","xgboost",4532,0.9338,0.92747,2279,2093,0.9184,0.2338,0.1586,21.725,0.1475,0.9705,2
"2-3","elderly_disabled_i <=  0.500 & months_since_cert_n <= 12.500 & rawben_rel_max >  0.997 & utilities <= 22.000","ranger",2880,0.93542,0.92747,1455,1356,0.932,0.1515,0.0775,13.87,0.1475,0.9705,2
"2-3","rawben_rel_max >=   0.961 & shelter_expenses_by_hh_size < 256.000 & total_deductions_by_hh_size <   2.500 & unc_rawben_rel_max >=   1.020","xgboost",2500,0.936,0.92747,1242,1157,0.9316,0.1292,0.0702,11.84,0.1475,0.9705,2
"2-3","expedited_i <=   0.500 & percent_abawd <=   0.167 & rawben_rel_max >   0.997 & utilities <= 286.000","ranger",2353,0.93625,0.92746,1080,996,0.9222,0.1113,0.0724,10.296,0.1475,0.9705,2
"2-3","shelter_expenses_by_hh_size <= 180.000 & unc_rawben_rel_max >   0.998 & unc_rawben_rel_max <=   1.330 & utilities <= 705.000","ranger",3562,0.93459,0.92744,1753,1616,0.9218,0.1805,0.1171,16.711,0.1475,0.9705,2
"2-3","months_since_cert_n <=  13.500 & percent_abawd <=   0.417 & rawben_rel_max >   0.997 & shelter_expenses_by_hh_size <= 342.000","ranger",4602,0.93372,0.92743,2260,2079,0.9199,0.2322,0.1537,21.544,0.1475,0.9705,2
"2-3","children_i >   0.500 & count_divisible_by_100 <=   1.500 & rawben_rel_max >   0.996 & shelter_expenses_by_hh_size <= 358.000","ranger",4528,0.93375,0.9274,2243,2066,0.9211,0.2308,0.1532,21.382,0.1475,0.9705,2
"2-3","children_i >  0.5 & count_divisible_by_100 <=  0.5 & shelter_expenses_by_hh_size <= 50.5 & total_deductions_by_hh_size <= 62.0","ranger",3154,0.935,0.9274,1520,1391,0.9151,0.1554,0.0938,14.49,0.1475,0.9705,2
"2-3","cat_elig <=  0.5 & children_i >  0.5 & months_since_cert_n <= 12.0 & total_deductions_by_hh_size <= 52.9","ranger",815,0.94233,0.92738,403,376,0.933,0.042,0.0163,3.842,0.1475,0.9705,2
"2-3","elderly_disabled_i <=   0.500 & percent_abawd <=   0.833 & total_deductions_by_hh_size <= 222.000 & unc_rawben_rel_max >   0.997","ranger",4224,0.93395,0.92738,2328,2119,0.9102,0.2367,0.183,22.193,0.1475,0.9705,2
"2-3","children_i >  0.500 & elderly_disabled_i <=  0.500 & rawben_rel_max >  0.904 & utilities <= 25.500","ranger",2933,0.93522,0.92734,1464,1358,0.9276,0.1517,0.0857,13.956,0.1475,0.9705,2
"2-3","elderly_disabled_i <=  0.500 & unc_rawben_rel_max >  0.997 & utilities <= 33.500","ranger",2991,0.93514,0.92733,1500,1397,0.9313,0.1561,0.0811,14.299,0.1475,0.9705,2
"2-3","expedited_i <=  0.500 & total_deductions_by_hh_size > 62.000 & unc_rawben_rel_max >  0.997 & unc_rawben_rel_max <=  1.290","ranger",2173,0.93649,0.92733,1146,1070,0.9337,0.1195,0.0644,10.925,0.1475,0.9705,2
"2-3","rawben_rel_max >=   0.667 & total_deductions_by_hh_size < 126.000 & unc_rawben_rel_max >=   1.020","xgboost",3005,0.93511,0.92732,1509,1397,0.9258,0.1561,0.0953,14.385,0.1475,0.9705,2
"2-3","cat_elig <=  0.5 & count_divisible_by_100 <=  0.5 & homeless <=  0.5 & total_deductions_by_hh_size <= 52.2","ranger",921,0.94137,0.92729,450,418,0.9289,0.0467,0.0199,4.29,0.1475,0.9705,2
"2-3","percent_abawd <=   0.167 & total_deductions_by_hh_size <= 199.000 & unc_rawben_rel_max >   0.997","ranger",3916,0.93412,0.92729,1751,1614,0.9218,0.1803,0.1198,16.692,0.1475,0.9705,2
"2-3","homeless <=   0.500 & rawben_rel_max >   0.997 & shelter_expenses_by_hh_size <= 252.000","ranger",4073,0.93396,0.92726,2020,1849,0.9153,0.2065,0.151,19.256,0.1475,0.9705,2
"2-3","cat_elig <=  0.5 & count_divisible_by_100 <=  1.5 & HH_size_n <=  2.5 & utilities <= 38.5","ranger",597,0.94472,0.92724,270,254,0.9407,0.0284,0.0107,2.574,0.1475,0.9705,2
"2-3","cat_elig <=   0.500 & rawben_rel_max >   0.972 & shelter_expenses_by_hh_size <= 334.000 & utilities <= 476.000","ranger",981,0.94088,0.92723,471,446,0.9469,0.0498,0.0191,4.49,0.1475,0.9705,2
"2-3","children_i >   0.500 & elderly_disabled_i <=   0.500 & unc_rawben_rel_max >   0.971 & utilities <= 256.000","ranger",3074,0.93494,0.92723,1528,1415,0.926,0.1581,0.0944,14.566,0.1475,0.9705,2
"2-3","cat_elig <= 0.500 & count_divisible_by_100 <= 0.500 & percent_abawd > 0.167 & unc_rawben_rel_max > 0.925","ranger",80,0.975,0.92722,48,46,0.9583,0.0051,0.001,0.458,0.1475,0.9705,2
"2-3","cat_elig <= 0.500 & percent_abawd <= 0.167 & rawben_rel_max <= 0.247 & unc_rawben_rel_max <= 0.908","ranger",80,0.975,0.92722,28,27,0.9643,0.003,7e-04,0.267,0.1475,0.9705,2
"2-3","cat_elig <= 0.500 & percent_abawd > 0.167 & unc_rawben_rel_max > 0.971","ranger",80,0.975,0.92722,45,43,0.9556,0.0048,0.001,0.429,0.1475,0.9705,2
"2-3","elderly_disabled_i <=  0.500 & rawben_rel_max >  0.999 & unc_rawben_rel_max >  0.997 & utilities <= 33.500","ranger",2972,0.93506,0.92722,1494,1391,0.9311,0.1554,0.0811,14.242,0.1475,0.9705,2
"2-3","cat_elig <=   0.5 & children_i <=   0.5 & medical_deductions <= 191.0 & total_deductions_by_hh_size > 285.0","ranger",119,0.96639,0.92721,54,48,0.8889,0.0054,0.0024,0.515,0.1475,0.9705,2
"2-3","medical_deductions >= 204.000 & rawben_rel_max <   0.161 & shelter_expenses_by_hh_size >= 210.000","xgboost",119,0.96639,0.92721,69,67,0.971,0.0075,0.0015,0.658,0.1475,0.9705,2
"2-3","count_divisible_by_100 <=   0.500 & rawben_rel_max >   0.997 & total_deductions_by_hh_size <= 456.000 & utilities <=  48.500","ranger",2956,0.93505,0.92719,1488,1385,0.9308,0.1547,0.0889,14.185,0.1475,0.9705,2
"2-3","count_divisible_by_100 <=  0.5 & expedited_i <=  0.5 & total_deductions_by_hh_size <= 23.9 & utilities <= 22.0","ranger",2476,0.93578,0.92719,1231,1133,0.9204,0.1266,0.0737,11.735,0.1475,0.9705,2
"2-3","elderly_disabled_i <=   0.500 & rawben_rel_max >   0.997 & shelter_expenses_by_hh_size <= 331.000","ranger",4716,0.93342,0.92719,2336,2149,0.9199,0.2401,0.1586,22.269,0.1475,0.9705,2
"2-3","unc_rawben_rel_max >   0.997 & unc_rawben_rel_max <=   1.300 & utilities > 130.000","ranger",2402,0.93589,0.92716,1253,1166,0.9306,0.1303,0.0749,11.945,0.1475,0.9705,2
"2-3","children_i >   0.500 & rawben_rel_max >   0.996 & shelter_expenses_by_hh_size <= 358.000","ranger",4552,0.93344,0.9271,2256,2075,0.9198,0.2318,0.1585,21.506,0.1475,0.9705,2
"2-3","count_divisible_by_100 <= 0.500 & elderly_disabled_i <= 0.500 & unc_rawben_rel_max > 0.959 & unc_rawben_rel_max <= 1.300","ranger",4952,0.93316,0.92708,2510,2340,0.9323,0.2614,0.1338,23.928,0.1475,0.9705,2
"2-3","HH_size_n >   2.50 & total_deductions_by_hh_size <= 177.00 & unc_rawben_rel_max >   1.01","ranger",1547,0.93794,0.92707,763,701,0.9187,0.0783,0.0616,7.274,0.1475,0.9705,2
"2-3","children_i >  0.500 & rawben_rel_max >  0.901 & utilities <= 30.500","ranger",3023,0.93483,0.92705,1500,1386,0.924,0.1548,0.0932,14.299,0.1475,0.9705,2
"2-3","cat_elig < 2.000 & count_divisible_by_100 < 1.000 & unc_rawben_rel_max >= 0.998 & unc_rawben_rel_max < 1.490","xgboost",3917,0.93388,0.92704,3117,2859,0.9172,0.3194,0.2308,29.714,0.1475,0.9705,2
"2-3","cat_elig <= 0.500 & elderly_disabled_i <= 0.500 & months_since_cert_n <= 1.500 & unc_rawben_rel_max > 0.997","ranger",325,0.95077,0.92704,144,139,0.9653,0.0155,0.0034,1.373,0.1475,0.9705,2
"2-3","shelter_expenses_by_hh_size <= 226.000 & total_deductions_by_hh_size <= 198.000 & unc_rawben_rel_max >   0.997 & utilities <= 495.000","ranger",3685,0.93406,0.92701,1840,1690,0.9185,0.1888,0.1286,17.541,0.1475,0.9705,2
"2-3","total_deductions_by_hh_size <= 55.000 & unc_rawben_rel_max >  0.875","ranger",3266,0.93448,0.92699,1600,1482,0.9262,0.1655,0.0946,15.253,0.1475,0.9705,2
"2-3","HH_size_n >  2.500 & unc_rawben_rel_max >  0.997 & utilities <= 33.500","ranger",1187,0.93934,0.92692,588,549,0.9337,0.0613,0.0322,5.605,0.1475,0.9705,2
"2-3","children_i >   0.500 & homeless <=   0.500 & total_deductions_by_hh_size <= 199.000 & unc_rawben_rel_max >   0.997","ranger",3652,0.93401,0.92692,1624,1491,0.9181,0.1666,0.1192,15.481,0.1475,0.9705,2
"2-3","months_since_cert_n <=  5.500 & shelter_expenses_by_hh_size <= 94.800 & unc_rawben_rel_max >  0.889","ranger",2437,0.93558,0.9269,1210,1124,0.9289,0.1256,0.0676,11.535,0.1475,0.9705,2
"2-3","count_divisible_by_100 <=   0.500 & medical_deductions <= 112.000 & rawben_rel_max >   0.996 & utilities <=  22.000","ranger",2813,0.93494,0.92687,1433,1339,0.9344,0.1496,0.0799,13.661,0.1475,0.9705,2
"2-3","cat_elig <=   0.5 & shelter_expenses_by_hh_size <= 386.0 & total_deductions_by_hh_size <=  52.2","ranger",1021,0.94025,0.92685,500,468,0.936,0.0523,0.0199,4.766,0.1475,0.9705,2
"2-3","count_divisible_by_100 <= 0.500 & percent_abawd <= 0.583 & total_deductions_by_hh_size <= 1.050","ranger",3835,0.93377,0.92685,1921,1778,0.9256,0.1986,0.1057,18.313,0.1475,0.9705,2
"2-3","months_since_cert_n <= 32.500 & unc_rawben_rel_max >  0.997 & unc_rawben_rel_max <=  1.300 & utilities > 30.500","ranger",2624,0.93521,0.92685,1343,1244,0.9263,0.139,0.0849,12.803,0.1475,0.9705,2
"2-3","elderly_disabled_i <=   0.500 & months_since_cert_n <=   7.500 & unc_rawben_rel_max >   0.996 & utilities <= 286.000","ranger",2812,0.93492,0.92684,1330,1234,0.9278,0.1378,0.0767,12.679,0.1475,0.9705,2
"2-3","elderly_disabled_i <=  0.500 & expedited_i <=  0.500 & rawben_rel_max >  0.997 & utilities <= 30.500","ranger",2129,0.93612,0.92684,1050,977,0.9305,0.1091,0.0589,10.01,0.1475,0.9705,2
"2-3","months_since_cert_n <=   1.500 & percent_abawd <=   1.750 & unc_rawben_rel_max >   0.997 & utilities <= 286.000","ranger",809,0.9419,0.92684,452,425,0.9403,0.0475,0.0234,4.309,0.1475,0.9705,2
"2-3","cat_elig <=  0.5 & HH_size_n <=  2.5 & months_since_cert_n <= 17.0 & utilities <= 22.0","ranger",578,0.94464,0.92682,263,247,0.9392,0.0276,0.0107,2.507,0.1475,0.9705,2
"2-3","months_since_cert_n <=  16.500 & shelter_expenses_by_hh_size <= 251.000 & unc_rawben_rel_max >   0.997","ranger",4220,0.93341,0.92682,2101,1927,0.9172,0.2153,0.1522,20.029,0.1475,0.9705,2
"2-3","married <= 0.500 & rawben_rel_max > 0.957 & total_deductions_by_hh_size <= 1.270 & unc_rawben_rel_max > 0.915","ranger",2434,0.9355,0.92681,1182,1098,0.9289,0.1227,0.0703,11.268,0.1475,0.9705,2
"2-3","total_deductions_by_hh_size <= 224.000 & unc_rawben_rel_max >   0.996 & utilities <= 124.000","ranger",3171,0.93441,0.9268,1581,1463,0.9254,0.1634,0.0957,15.071,0.1475,0.9705,2
"2-3","total_deductions_by_hh_size <= 62.000 & unc_rawben_rel_max >  0.878","ranger",3270,0.93425,0.92676,1610,1491,0.9261,0.1666,0.0948,15.348,0.1475,0.9705,2
"2-3","elderly_disabled_i <=   0.500 & months_since_cert_n <=  17.000 & rawben_rel_max >   0.997 & shelter_expenses_by_hh_size <= 331.000","ranger",4672,0.93301,0.92673,2323,2139,0.9208,0.2389,0.1566,22.145,0.1475,0.9705,2
"2-3","count_divisible_by_100 <=    0.50 & medical_deductions <= 1350.00 & months_since_cert_n <=    5.50 & total_deductions_by_hh_size <=    1.05","ranger",2720,0.93493,0.92671,1341,1242,0.9262,0.1387,0.0733,12.784,0.1475,0.9705,2
"2-3","elderly_disabled_i <=   0.500 & married <=   0.500 & unc_rawben_rel_max >   0.997 & utilities <= 124.000","ranger",3052,0.93447,0.92671,1502,1389,0.9248,0.1552,0.096,14.318,0.1475,0.9705,2
"2-3","rawben_rel_max >   0.017 & total_deductions_by_hh_size <=   0.217 & utilities > 433.000","ranger",224,0.95536,0.92671,120,112,0.9333,0.0125,0.004,1.144,0.1475,0.9705,2
"2-3","children_i > 0.50 & count_divisible_by_100 <= 0.50 & total_deductions_by_hh_size <= 1.77","ranger",3080,0.93442,0.92669,1507,1388,0.921,0.155,0.0874,14.366,0.1475,0.9705,2
"2-3","expedited_i <= 0.500 & HH_size_n > 2.500 & rawben_rel_max > 0.997 & unc_rawben_rel_max <= 1.250","ranger",1774,0.93687,0.92669,881,808,0.9171,0.0903,0.0684,8.398,0.1475,0.9705,2
"2-3","count_divisible_by_100 <= 0.50 & months_since_cert_n <= 5.50 & total_deductions_by_hh_size <= 1.77","ranger",2733,0.93487,0.92667,1344,1245,0.9263,0.1391,0.0733,12.812,0.1475,0.9705,2
"2-3","rawben_rel_max >   0.904 & shelter_expenses_by_hh_size <= 807.000 & unc_rawben_rel_max <=   1.340 & utilities <=  22.000","ranger",3236,0.93418,0.92664,1654,1528,0.9238,0.1707,0.1018,15.767,0.1475,0.9705,2
"2-3","cat_elig <= 0.500 & married > 0.500 & percent_abawd <= 0.833 & unc_rawben_rel_max > 0.997","ranger",118,0.9661,0.92661,49,45,0.9184,0.005,0.0025,0.467,0.1475,0.9705,2
"2-3","count_divisible_by_100 <=  0.5 & months_since_cert_n <=  6.5 & total_deductions_by_hh_size <= 62.0 & utilities <= 28.5","ranger",2731,0.93482,0.92661,1331,1232,0.9256,0.1376,0.0738,12.688,0.1475,0.9705,2
"2-3","medical_deductions <= 646.000 & total_deductions_by_hh_size <= 151.000 & unc_rawben_rel_max >   0.895 & utilities <= 130.000","ranger",3405,0.93392,0.92657,1682,1554,0.9239,0.1736,0.1034,16.034,0.1475,0.9705,2
"2-3","months_since_cert_n <   5.000 & rawben_rel_max >=   0.989 & shelter_expenses_by_hh_size < 308.000 & unc_rawben_rel_max <   1.040","xgboost",290,0.95172,0.92652,149,134,0.8993,0.015,0.0116,1.42,0.1475,0.9705,2
"2-3","elderly_disabled_i <=   0.500 & unc_rawben_rel_max >   0.997 & utilities <= 124.000","ranger",3244,0.93403,0.92649,1612,1490,0.9243,0.1664,0.1002,15.367,0.1475,0.9705,2
"2-3","elderly_disabled_i <=  0.500 & percent_abawd <=  0.167 & total_deductions_by_hh_size <= 23.800 & utilities <= 30.500","ranger",2942,0.9344,0.92648,1410,1307,0.927,0.146,0.0774,13.441,0.1475,0.9705,2
"2-3","cat_elig <= 0.50 & children_i > 0.50 & total_deductions_by_hh_size <= 2.95","ranger",683,0.9429,0.92647,323,307,0.9505,0.0343,0.0117,3.079,0.1475,0.9705,2
"2-3","cat_elig <= 0.500 & months_since_cert_n > 5.500 & unc_rawben_rel_max > 0.996","ranger",240,0.95417,0.92645,101,96,0.9505,0.0107,0.004,0.963,0.1475,0.9705,2
"2-3","children_i >   0.500 & HH_size_n >   2.500 & shelter_expenses_by_hh_size <= 246.000 & unc_rawben_rel_max >   0.997","ranger",1812,0.93653,0.92645,903,830,0.9192,0.0927,0.0709,8.608,0.1475,0.9705,2
"2-3","count_divisible_by_100 <=   1.500 & months_since_cert_n <=   5.500 & shelter_expenses_by_hh_size <= 331.000 & unc_rawben_rel_max >   0.997","ranger",3540,0.93362,0.9264,1756,1625,0.9254,0.1815,0.11,16.74,0.1475,0.9705,2
"2-3","medical_deductions >= 144.000 & rawben_rel_max <   0.146 & unc_rawben_rel_max >=  -0.373","xgboost",136,0.96324,0.9264,76,73,0.9605,0.0082,0.0027,0.724,0.1475,0.9705,2
"2-3","rawben_rel_max >= 0.97 & total_deductions_by_hh_size < 2.50 & unc_rawben_rel_max < 1.30","xgboost",2621,0.93476,0.92637,1284,1196,0.9315,0.1336,0.072,12.24,0.1475,0.9705,2
"2-3","months_since_cert_n <= 5.500 & percent_abawd <= 0.167 & total_deductions_by_hh_size <= 1.050","ranger",2678,0.93465,0.92635,1286,1189,0.9246,0.1328,0.0713,12.259,0.1475,0.9705,2
"2-3","cat_elig <=   0.500 & expedited_i <=   0.500 & shelter_expenses_by_hh_size <= 319.000 & unc_rawben_rel_max >   0.997","ranger",697,0.94261,0.92633,315,297,0.9429,0.0332,0.0148,3.003,0.1475,0.9705,2
"2-3","HH_size_n >   2.500 & unc_rawben_rel_max >   0.997 & utilities <= 286.000","ranger",1340,0.93806,0.92632,644,596,0.9255,0.0666,0.0421,6.139,0.1475,0.9705,2
"2-3","cat_elig >   0.500 & children_i >   0.500 & rawben_rel_max >   0.997 & total_deductions_by_hh_size <= 222.000","ranger",3179,0.93394,0.92632,1812,1635,0.9023,0.1826,0.161,17.274,0.1475,0.9705,2
"2-3","elderly_disabled_i <=   0.5 & shelter_expenses_by_hh_size <= 156.0 & total_deductions_by_hh_size <= 302.0 & unc_rawben_rel_max >   0.9","ranger",3636,0.93344,0.92632,1810,1667,0.921,0.1862,0.118,17.255,0.1475,0.9705,2
"2-3","count_divisible_by_100 <=   0.500 & unc_rawben_rel_max >   0.997 & utilities <= 114.000","ranger",3106,0.934,0.92629,1547,1436,0.9282,0.1604,0.0953,14.747,0.1475,0.9705,2
"2-3","homeless <=   0.500 & shelter_expenses_by_hh_size <= 139.000 & unc_rawben_rel_max >   0.945","ranger",3235,0.93385,0.92629,1600,1476,0.9225,0.1649,0.1056,15.253,0.1475,0.9705,2
"2-3","cat_elig <=  0.500 & percent_abawd >  0.167 & rawben_rel_max >  0.888 & total_deductions_by_hh_size <= 31.200","ranger",34,1,0.92628,25,25,1,0.0028,0,0.238,0.1475,0.9705,2
"2-3","cat_elig > 0.500 & rawben_rel_max <= 0.999 & unc_rawben_rel_max > 0.997","ranger",34,1,0.92628,13,12,0.9231,0.0013,0.0017,0.124,0.1475,0.9705,2
"2-3","count_divisible_by_100 <   1.00 & months_since_cert_n <  10.00 & total_deductions_by_hh_size < 138.00 & unc_rawben_rel_max >=   1.05","xgboost",2517,0.93484,0.92627,1247,1158,0.9286,0.1294,0.0786,11.888,0.1475,0.9705,2
"2-3","expedited_i <=   0.500 & rawben_rel_max >   0.874 & shelter_expenses_by_hh_size <= 252.000 & utilities <=  33.500","ranger",2459,0.93493,0.92626,1211,1109,0.9158,0.1239,0.0821,11.544,0.1475,0.9705,2
"2-3","shelter_expenses_by_hh_size <= 839.000 & unc_rawben_rel_max >   0.901 & unc_rawben_rel_max <=   1.340 & utilities <= 140.000","ranger",3618,0.93339,0.92624,1824,1676,0.9189,0.1872,0.1208,17.388,0.1475,0.9705,2
"2-3","unc_rawben_rel_max >=   0.998 & unc_rawben_rel_max <   1.340 & utilities >= 370.000","xgboost",2126,0.93556,0.92623,1359,1240,0.9124,0.1385,0.1058,12.955,0.1475,0.9705,2
"2-3","homeless <=  0.500 & unc_rawben_rel_max >  0.998 & utilities <= 30.500","ranger",2888,0.93421,0.92621,1439,1337,0.9291,0.1494,0.0828,13.718,0.1475,0.9705,2
"2-3","married <=   0.500 & rawben_rel_max >   0.999 & shelter_expenses_by_hh_size <= 329.000 & unc_rawben_rel_max >   0.997","ranger",4398,0.9327,0.92621,2215,2033,0.9178,0.2271,0.1576,21.115,0.1475,0.9705,2
"2-3","rawben_rel_max >   0.997 & shelter_expenses_by_hh_size <= 774.000 & utilities <=  22.000","ranger",3030,0.93399,0.92618,1532,1428,0.9321,0.1595,0.0845,14.604,0.1475,0.9705,2
"2-3","count_divisible_by_100 <=   0.500 & medical_deductions <= 571.000 & shelter_expenses_by_hh_size <= 263.000 & unc_rawben_rel_max >   0.972","ranger",4112,0.93288,0.92617,2062,1897,0.92,0.2119,0.1414,19.657,0.1475,0.9705,2
"2-3","homeless <=  0.500 & rawben_rel_max >  0.997 & utilities <= 32.500","ranger",2901,0.93416,0.92617,1449,1346,0.9289,0.1504,0.0845,13.813,0.1475,0.9705,2
"2-3","HH_size_n <=   2.500 & rawben_rel_max >   0.997 & total_deductions_by_hh_size <= 197.000 & utilities <=  49.000","ranger",1834,0.93621,0.92616,923,858,0.9296,0.0958,0.0512,8.799,0.1475,0.9705,2
"2-3","months_since_cert_n <=   6.500 & unc_rawben_rel_max >   0.998 & utilities <= 129.000","ranger",2642,0.93452,0.92615,1292,1198,0.9272,0.1338,0.0767,12.316,0.1475,0.9705,2
"2-3","months_since_cert_n <  27.00000 & percent_abawd <   0.33300 & shelter_expenses_by_hh_size < 511.00000 & unc_rawben_rel_max <  -0.00871","xgboost",353,0.94901,0.9261,187,177,0.9465,0.0198,0.0078,1.783,0.1475,0.9705,2
"2-3","elderly_disabled_i <=  0.500 & rawben_rel_max >  0.996 & utilities <= 30.500","ranger",2983,0.93396,0.92608,1493,1391,0.9317,0.1554,0.0794,14.233,0.1475,0.9705,2
"2-3","percent_abawd <=   0.417 & rawben_rel_max >   0.878 & shelter_expenses_by_hh_size <= 354.000 & utilities <=  22.000","ranger",3126,0.93378,0.92608,1552,1430,0.9214,0.1597,0.0972,14.795,0.1475,0.9705,2
"2-3","count_divisible_by_100 <=   0.500 & rawben_rel_max >   0.997 & utilities <= 286.000","ranger",3211,0.93367,0.92607,1564,1450,0.9271,0.162,0.0997,14.909,0.1475,0.9705,2
"2-3","homeless <=  0.500 & months_since_cert_n <=  5.500 & shelter_expenses_by_hh_size <= 94.800 & unc_rawben_rel_max >  0.889","ranger",2280,0.93509,0.92607,1129,1048,0.9283,0.1171,0.0647,10.763,0.1475,0.9705,2
"2-3","count_divisible_by_100 <=  1.500 & rawben_rel_max >  0.997 & utilities <= 30.500","ranger",3068,0.93383,0.92606,1540,1434,0.9312,0.1602,0.0853,14.681,0.1475,0.9705,2
"2-3","percent_abawd <=   0.167 & rawben_rel_max >   0.996 & utilities <= 286.000","ranger",3239,0.93362,0.92606,1532,1416,0.9243,0.1582,0.0987,14.604,0.1475,0.9705,2
"2-3","rawben_rel_max >=   0.923 & shelter_expenses_by_hh_size < 324.000 & utilities <  34.000","xgboost",3239,0.93362,0.92606,1629,1505,0.9239,0.1681,0.0992,15.529,0.1475,0.9705,2
"2-3","cat_elig <=   0.500 & children_i <=   0.500 & medical_deductions <= 638.000 & rawben_rel_max >   0.927","ranger",188,0.95745,0.92605,91,86,0.9451,0.0096,0.0026,0.867,0.1475,0.9705,2
"2-3","count_divisible_by_100 <=   1.500 & shelter_expenses_by_hh_size <= 285.000 & unc_rawben_rel_max >   0.924 & unc_rawben_rel_max <=   1.270","ranger",4317,0.93259,0.92604,2204,2025,0.9188,0.2262,0.1462,21.01,0.1475,0.9705,2
"2-3","medical_deductions <= 124.000 & rawben_rel_max >   0.916 & total_deductions_by_hh_size <= 198.000 & utilities <=  78.500","ranger",3395,0.93343,0.92604,1666,1538,0.9232,0.1718,0.1048,15.882,0.1475,0.9705,2
"2-3","cat_elig <=  0.5 & expedited_i <=  0.5 & shelter_expenses_by_hh_size <= 12.4","ranger",556,0.94424,0.92598,266,247,0.9286,0.0276,0.0122,2.536,0.1475,0.9705,2
"2-3","percent_abawd <=   0.167 & rawben_rel_max >   0.996 & shelter_expenses_by_hh_size <= 355.000","ranger",4709,0.93226,0.92598,2294,2114,0.9215,0.2361,0.1549,21.868,0.1475,0.9705,2
"2-3","HH_size_n < 3.00 & months_since_cert_n < 5.00 & unc_rawben_rel_max >= 1.01 & unc_rawben_rel_max < 1.49","xgboost",2477,0.9346,0.92594,1297,1198,0.9237,0.1338,0.0816,12.364,0.1475,0.9705,2
"2-3","children_i >  0.500 & expedited_i >  0.500 & rawben_rel_max >  0.917 & utilities <= 22.000","ranger",784,0.94133,0.92594,404,383,0.948,0.0428,0.0147,3.851,0.1475,0.9705,2
"2-3","rawben_rel_max >  0.997 & utilities <= 33.500","ranger",3091,0.93368,0.92593,1553,1445,0.9305,0.1614,0.0873,14.805,0.1475,0.9705,2
"2-3","count_divisible_by_100 <=  1.500 & months_since_cert_n <= 18.500 & unc_rawben_rel_max >  0.998 & utilities <= 33.500","ranger",3047,0.93371,0.9259,1535,1428,0.9303,0.1595,0.087,14.633,0.1475,0.9705,2
"2-3","elderly_disabled_i <=   0.5 & shelter_expenses_by_hh_size <= 156.0 & unc_rawben_rel_max >   0.9","ranger",3643,0.93302,0.92588,1817,1674,0.9213,0.187,0.118,17.321,0.1475,0.9705,2
"2-3","cat_elig < 1.00 & HH_size_n < 3.00 & rawben_rel_max >= 0.89","xgboost",873,0.94044,0.92585,396,374,0.9444,0.0418,0.0156,3.775,0.1475,0.9705,2
"2-3","cat_elig <=  0.500 & months_since_cert_n >  5.500 & months_since_cert_n <= 18.500 & unc_rawben_rel_max >  0.941","ranger",271,0.95203,0.92585,116,109,0.9397,0.0122,0.0049,1.106,0.1475,0.9705,2
"2-3","medical_deductions > 300.000 & unc_rawben_rel_max <=   0.178","ranger",98,0.96939,0.92585,41,40,0.9756,0.0045,0.0013,0.391,0.1475,0.9705,2
"2-3","elderly_disabled_i <=   0.500 & HH_size_n <=   2.500 & rawben_rel_max >   0.996 & shelter_expenses_by_hh_size <= 262.000","ranger",2316,0.9348,0.92584,1153,1061,0.9202,0.1185,0.072,10.991,0.1475,0.9705,2
"2-3","medical_deductions <= 146.000 & rawben_rel_max >   0.997 & shelter_expenses_by_hh_size <= 329.000 & total_deductions_by_hh_size <= 637.000","ranger",4855,0.93203,0.92584,2425,2227,0.9184,0.2488,0.169,23.117,0.1475,0.9705,2
"2-3","months_since_cert_n >=   5.000 & percent_abawd <   0.333 & rawben_rel_max >=   0.989 & shelter_expenses_by_hh_size < 308.000","xgboost",1652,0.93644,0.92584,821,741,0.9026,0.0828,0.0698,7.827,0.1475,0.9705,2
"2-3","children_i <= 0.500 & rawben_rel_max <= 0.596 & total_deductions_by_hh_size <= 0.217","ranger",524,0.94466,0.92582,269,256,0.9517,0.0286,0.0094,2.564,0.1475,0.9705,2
"2-3","children_i >  0.5 & shelter_expenses_by_hh_size <= 95.8 & total_deductions_by_hh_size <= 30.3","ranger",3257,0.93337,0.92582,1557,1432,0.9197,0.16,0.0904,14.843,0.1475,0.9705,2
"2-3","medical_deductions <= 138.000 & rawben_rel_max >   0.997 & shelter_expenses_by_hh_size <= 310.000","ranger",4755,0.93207,0.92582,2348,2154,0.9174,0.2406,0.1651,22.383,0.1475,0.9705,2
"2-3","total_deductions_by_hh_size < 378.00000 & unc_rawben_rel_max <  -0.00871","xgboost",631,0.94295,0.92578,315,295,0.9365,0.033,0.0178,3.003,0.1475,0.9705,2
"2-3","cat_elig <=   0.5 & HH_size_n <=   2.5 & homeless <=   0.5 & utilities <= 270.0","ranger",646,0.94272,0.92576,296,277,0.9358,0.0309,0.0125,2.822,0.1475,0.9705,2
"2-3","rawben_rel_max >  0.904 & unc_rawben_rel_max <=  1.340 & utilities <= 22.000","ranger",3240,0.93333,0.92576,1656,1530,0.9239,0.1709,0.1018,15.786,0.1475,0.9705,2
"2-3","months_since_cert_n <=   5.500 & rawben_rel_max >   0.999 & shelter_expenses_by_hh_size <= 326.000 & unc_rawben_rel_max >   0.997","ranger",3509,0.93303,0.92575,1748,1613,0.9228,0.1802,0.1154,16.663,0.1475,0.9705,2
"2-3","children_i >   0.500 & rawben_rel_max >   0.897 & shelter_expenses_by_hh_size <= 259.000","ranger",4384,0.93225,0.92574,2201,2004,0.9105,0.2239,0.1664,20.982,0.1475,0.9705,2
"2-3","cat_elig <   1.00 & rawben_rel_max >=   0.92 & shelter_expenses_by_hh_size < 295.00","xgboost",1035,0.93913,0.92572,489,461,0.9427,0.0515,0.0211,4.662,0.1475,0.9705,2
"2-3","shelter_expenses_by_hh_size <= 251.000 & unc_rawben_rel_max >   0.998 & utilities <= 471.000","ranger",3944,0.93256,0.92569,2000,1834,0.917,0.2049,0.1429,19.066,0.1475,0.9705,2
"2-3","cat_elig >= 1.000 & rawben_rel_max >= 0.996 & unc_rawben_rel_max < 1.270","xgboost",4394,0.93218,0.92567,2285,2112,0.9243,0.2359,0.1436,21.783,0.1475,0.9705,2
"2-3","cat_elig <   1 & months_since_cert_n <  18 & total_deductions_by_hh_size <  70 & utilities < 136","xgboost",855,0.94035,0.92559,407,383,0.941,0.0428,0.016,3.88,0.1475,0.9705,2
"2-3","cat_elig <=  0.500 & expedited_i <=  0.500 & rawben_rel_max >  0.931 & utilities <= 46.000","ranger",476,0.94538,0.92559,230,221,0.9609,0.0247,0.0081,2.193,0.1475,0.9705,2
"2-3","married <=  0.500 & rawben_rel_max >  0.998 & utilities <= 48.500","ranger",2949,0.93354,0.92559,1465,1357,0.9263,0.1516,0.0935,13.966,0.1475,0.9705,2
"2-3","cat_elig <=  0.5 & expedited_i <=  0.5 & total_deductions_by_hh_size <= 52.2","ranger",795,0.94088,0.92557,395,366,0.9266,0.0409,0.018,3.765,0.1475,0.9705,2
"2-3","elderly_disabled_i <=   0.500 & HH_size_n <=   2.500 & shelter_expenses_by_hh_size <= 252.000 & unc_rawben_rel_max >   0.996","ranger",2293,0.93458,0.92557,1134,1042,0.9189,0.1164,0.072,10.81,0.1475,0.9705,2
"2-3","cat_elig <=   0.500 & rawben_rel_max >   0.927 & shelter_expenses_by_hh_size <= 331.000","ranger",1077,0.93872,0.92556,508,481,0.9469,0.0537,0.0202,4.843,0.1475,0.9705,2
"2-3","children_i >  0.5 & HH_size_n <=  2.5 & married <=  0.5 & total_deductions_by_hh_size <= 23.9","ranger",2035,0.93514,0.92556,991,915,0.9233,0.1022,0.0525,9.447,0.1475,0.9705,2
"2-3","HH_size_n >   2.500 & percent_abawd <=   0.167 & unc_rawben_rel_max >   0.997 & utilities <= 286.000","ranger",1282,0.9376,0.92554,603,557,0.9237,0.0622,0.0396,5.748,0.1475,0.9705,2
"2-3","cat_elig <=  0.5 & months_since_cert_n <=  2.5 & utilities <= 51.5","ranger",429,0.94639,0.92554,230,221,0.9609,0.0247,0.0051,2.193,0.1475,0.9705,2
"2-3","rawben_rel_max >  0.999 & unc_rawben_rel_max >  0.998 & utilities <= 22.000","ranger",3018,0.9334,0.92554,1530,1425,0.9314,0.1592,0.0847,14.585,0.1475,0.9705,2
"2-3","children_i >  0.5 & expedited_i <=  0.5 & total_deductions_by_hh_size <= 39.8 & utilities <= 30.5","ranger",2363,0.93441,0.92552,1146,1046,0.9127,0.1168,0.0717,10.925,0.1475,0.9705,2
"2-3","medical_deductions <= 146.000 & rawben_rel_max >   0.997 & shelter_expenses_by_hh_size <= 329.000","ranger",4862,0.93172,0.92552,2428,2229,0.918,0.249,0.1705,23.146,0.1475,0.9705,2
"2-3","cat_elig <=   0.500 & HH_size_n >   2.500 & unc_rawben_rel_max >   0.997 & utilities <= 286.000","ranger",286,0.95105,0.92551,131,128,0.9771,0.0143,0.0029,1.249,0.1475,0.9705,2
"2-3","count_divisible_by_100 <=   1.500 & shelter_expenses_by_hh_size <= 331.000 & unc_rawben_rel_max >   0.997 & unc_rawben_rel_max <=   1.630","ranger",4861,0.9317,0.92551,2420,2225,0.9194,0.2485,0.1643,23.07,0.1475,0.9705,2
"2-3","medical_deductions <= 148.000 & shelter_expenses_by_hh_size <= 312.000 & unc_rawben_rel_max >   0.997","ranger",4763,0.93177,0.92551,2359,2164,0.9173,0.2417,0.166,22.488,0.1475,0.9705,2
"2-3","cat_elig <=   0.5 & children_i >   0.5 & shelter_expenses_by_hh_size <= 386.0 & total_deductions_by_hh_size <=  52.2","ranger",839,0.94041,0.92549,410,382,0.9317,0.0427,0.0176,3.908,0.1475,0.9705,2
"2-3","expedited_i >=   1 & shelter_expenses_by_hh_size < 245 & total_deductions_by_hh_size >= 122 & total_deductions_by_hh_size < 199","xgboost",152,0.96053,0.92549,87,74,0.8506,0.0083,0.0117,0.829,0.1475,0.9705,2
"2-3","months_since_cert_n <= 12.500 & rawben_rel_max >  0.997 & utilities <= 22.000","ranger",2959,0.93342,0.92548,1499,1396,0.9313,0.1559,0.0824,14.29,0.1475,0.9705,2
"2-3","shelter_expenses_by_hh_size <= 251.000 & unc_rawben_rel_max >   0.998 & utilities > 471.000","ranger",318,0.94969,0.92546,120,110,0.9167,0.0123,0.0109,1.144,0.1475,0.9705,2
"2-3","cat_elig < 1.000 & HH_size_n < 3.000 & unc_rawben_rel_max >= 0.864","xgboost",898,0.93987,0.92545,416,392,0.9423,0.0438,0.0163,3.966,0.1475,0.9705,2
"2-3","rawben_rel_max >   0.897 & shelter_expenses_by_hh_size <= 250.000 & utilities <=  78.500","ranger",3523,0.93273,0.92545,1743,1606,0.9214,0.1794,0.1101,16.616,0.1475,0.9705,2
"2-3","elderly_disabled_i <=   0.500 & total_deductions_by_hh_size <= 222.000 & unc_rawben_rel_max >   0.997","ranger",4324,0.93201,0.92544,2389,2174,0.91,0.2429,0.1865,22.774,0.1475,0.9705,2
"2-3","months_since_cert_n <=  32.000 & shelter_expenses_by_hh_size <= 329.000 & unc_rawben_rel_max >   0.998","ranger",4856,0.93163,0.92543,2420,2220,0.9174,0.248,0.1714,23.07,0.1475,0.9705,2
"2-3","unc_rawben_rel_max >   0.901 & unc_rawben_rel_max <=   1.340 & utilities <= 140.000","ranger",3621,0.93262,0.92543,1826,1678,0.9189,0.1874,0.1208,17.407,0.1475,0.9705,2
"2-3","count_divisible_by_100 <  1.00 & shelter_expenses_by_hh_size < 21.00 & total_deductions_by_hh_size < 13.30 & unc_rawben_rel_max <  1.12","xgboost",3140,0.93312,0.92541,1562,1442,0.9232,0.1611,0.0901,14.89,0.1475,0.9705,2
"2-3","cat_elig >   0.500 & shelter_expenses_by_hh_size <= 252.000 & unc_rawben_rel_max >   0.997 & utilities <=  38.500","ranger",2345,0.93433,0.9254,1198,1104,0.9215,0.1233,0.0741,11.42,0.1475,0.9705,2
"2-3","children_i > 0.500 & rawben_rel_max > 0.997 & unc_rawben_rel_max > 1.100 & unc_rawben_rel_max <= 1.330","ranger",2970,0.93333,0.9254,1461,1341,0.9179,0.1498,0.1011,13.928,0.1475,0.9705,2
"2-3","married >=   1.00 & rawben_rel_max <   0.19 & total_deductions_by_hh_size < 172.00 & utilities >= 431.00","xgboost",253,0.95257,0.9254,113,107,0.9469,0.012,0.0028,1.077,0.1475,0.9705,2
"2-3","children_i >  0.500 & HH_size_n <=  2.500 & unc_rawben_rel_max >  0.865 & utilities <= 80.500","ranger",1973,0.93512,0.92539,961,886,0.922,0.099,0.0667,9.161,0.1475,0.9705,2
"2-3","count_divisible_by_100 <  1.0 & shelter_expenses_by_hh_size < 21.0 & total_deductions_by_hh_size < 13.3","xgboost",3153,0.93308,0.92538,1569,1449,0.9235,0.1619,0.0901,14.957,0.1475,0.9705,2
"2-3","elderly_disabled_i <=  0.500 & percent_abawd <=  0.833 & rawben_rel_max >  0.914 & utilities <= 22.000","ranger",3110,0.93312,0.92537,1569,1455,0.9273,0.1625,0.0922,14.957,0.1475,0.9705,2
"2-3","count_divisible_by_100 <=  1.500 & rawben_rel_max >  0.996 & unc_rawben_rel_max <=  1.510 & utilities <= 30.500","ranger",3067,0.93316,0.92535,1536,1431,0.9316,0.1599,0.0847,14.643,0.1475,0.9705,2
"2-3","medical_deductions <= 144.000 & shelter_expenses_by_hh_size <= 326.000 & unc_rawben_rel_max >   0.997","ranger",4851,0.93156,0.92535,2420,2222,0.9182,0.2482,0.1703,23.07,0.1475,0.9705,2
"2-3","cat_elig <=   2.500 & months_since_cert_n <=   5.500 & shelter_expenses_by_hh_size <= 331.000 & unc_rawben_rel_max >   0.997","ranger",3489,0.93265,0.92532,1764,1629,0.9235,0.182,0.1154,16.816,0.1475,0.9705,2
"2-3","cat_elig > 0.500 & expedited_i <= 0.500 & rawben_rel_max > 0.997 & unc_rawben_rel_max <= 1.340","ranger",3756,0.93237,0.92532,2106,1923,0.9131,0.2148,0.1596,20.076,0.1475,0.9705,2
"2-3","cat_elig > 0.500 & rawben_rel_max > 0.997 & unc_rawben_rel_max <= 1.340","ranger",4807,0.93156,0.92532,2728,2490,0.9128,0.2782,0.2068,26.006,0.1475,0.9705,2
"2-3","count_divisible_by_100 <   1.000 & rawben_rel_max >=   0.869 & total_deductions_by_hh_size < 115.000 & utilities < 325.000","xgboost",3235,0.93292,0.92532,1594,1478,0.9272,0.1651,0.0941,15.195,0.1475,0.9705,2
"2-3","rawben_rel_max >   0.997 & unc_rawben_rel_max <=   1.550 & utilities <= 124.000","ranger",3348,0.9328,0.92532,1667,1540,0.9238,0.172,0.1066,15.891,0.1475,0.9705,2
"2-3","shelter_expenses_by_hh_size < 330.000 & unc_rawben_rel_max >=   0.998 & unc_rawben_rel_max <   1.740","xgboost",4862,0.93151,0.92531,2423,2223,0.9175,0.2483,0.1714,23.098,0.1475,0.9705,2
"2-3","unc_rawben_rel_max >  0.998 & utilities <= 26.000","ranger",3036,0.93314,0.92529,1533,1428,0.9315,0.1595,0.0847,14.614,0.1475,0.9705,2
"2-3","months_since_cert_n >  0.500 & unc_rawben_rel_max >  0.998 & utilities <= 39.500","ranger",2823,0.9334,0.92526,1387,1288,0.9286,0.1439,0.0777,13.222,0.1475,0.9705,2
"2-3","shelter_expenses_by_hh_size <= 341.000 & total_deductions_by_hh_size <= 348.000 & unc_rawben_rel_max >   0.997","ranger",4941,0.93139,0.92524,2452,2252,0.9184,0.2516,0.17,23.375,0.1475,0.9705,2
"2-3","shelter_expenses_by_hh_size <=  331.000 & total_deductions_by_hh_size <= 1190.000 & unc_rawben_rel_max >    0.997","ranger",4885,0.93142,0.92523,2435,2235,0.9179,0.2497,0.1714,23.213,0.1475,0.9705,2
"2-3","cat_elig <  1 & total_deductions_by_hh_size < 40","xgboost",969,0.93911,0.92521,472,445,0.9428,0.0497,0.0175,4.5,0.1475,0.9705,2
"2-3","shelter_expenses_by_hh_size <= 354.000 & unc_rawben_rel_max >   0.893 & utilities <=  30.500","ranger",3329,0.93271,0.92521,1674,1545,0.9229,0.1726,0.1024,15.958,0.1475,0.9705,2
"2-3","medical_deductions <= 122.000 & rawben_rel_max >   0.996 & shelter_expenses_by_hh_size <= 280.000","ranger",4492,0.93166,0.9252,2241,2055,0.917,0.2296,0.1622,21.363,0.1475,0.9705,2
"2-3","months_since_cert_n <=   6.500 & rawben_rel_max >   0.997 & total_deductions_by_hh_size <= 571.000 & utilities <= 286.000","ranger",2749,0.93343,0.92518,1300,1206,0.9277,0.1347,0.0767,12.393,0.1475,0.9705,2
"2-3","elderly_disabled_i <= 0.500 & unc_rawben_rel_max > 0.959 & unc_rawben_rel_max <= 1.300","ranger",5535,0.93098,0.92517,2803,2598,0.9269,0.2902,0.163,26.721,0.1475,0.9705,2
"2-3","cat_elig <=   1.500 & shelter_expenses_by_hh_size <= 280.000 & total_deductions_by_hh_size <= 363.000 & unc_rawben_rel_max >   0.897","ranger",3128,0.93286,0.92512,2300,2094,0.9104,0.2339,0.1681,21.926,0.1475,0.9705,2
"2-3","married <=   0.500 & rawben_rel_max >   0.904 & shelter_expenses_by_hh_size <= 382.000 & utilities <=  78.500","ranger",3325,0.93263,0.92512,1639,1511,0.9219,0.1688,0.1078,15.624,0.1475,0.9705,2
"2-3","total_deductions_by_hh_size <= 444.000 & unc_rawben_rel_max >   0.997 & utilities <= 124.000","ranger",3339,0.93261,0.92512,1663,1535,0.923,0.1715,0.1073,15.853,0.1475,0.9705,2
"2-3","HH_size_n >=  3.000 & months_since_cert_n >= 13.000 & rawben_rel_max >=  0.874 & unc_rawben_rel_max <  1.740","xgboost",97,0.96907,0.92511,52,46,0.8846,0.0051,0.0039,0.496,0.1475,0.9705,2
"2-3","count_divisible_by_100 <=  0.500 & unc_rawben_rel_max >  0.996 & utilities <= 80.500","ranger",3099,0.93288,0.9251,1533,1424,0.9289,0.1591,0.0942,14.614,0.1475,0.9705,2
"2-3","cat_elig <   1.00 & rawben_rel_max >=   0.92 & shelter_expenses_by_hh_size < 295.00 & unc_rawben_rel_max >=   1.09","xgboost",610,0.94262,0.92509,269,253,0.9405,0.0283,0.0117,2.564,0.1475,0.9705,2
"2-3","homeless <=  0.500 & months_since_cert_n >  0.500 & unc_rawben_rel_max >  0.998 & utilities <= 39.500","ranger",2647,0.93351,0.92509,1290,1196,0.9271,0.1336,0.0748,12.297,0.1475,0.9705,2
"2-3","cat_elig >  0.500 & cat_elig <=  2.500 & total_deductions_by_hh_size <= 29.800 & unc_rawben_rel_max >  0.993","ranger",2150,0.93442,0.92508,1116,1030,0.9229,0.1151,0.0695,10.639,0.1475,0.9705,2
"2-3","count_divisible_by_100 <=   0.500 & medical_deductions <= 104.000 & rawben_rel_max >   0.996 & shelter_expenses_by_hh_size <= 339.000","ranger",4513,0.93153,0.92508,2245,2066,0.9203,0.2308,0.1538,21.401,0.1475,0.9705,2
"2-3","married <=  0.500 & percent_abawd <=  0.583 & total_deductions_by_hh_size <= 39.100 & utilities <= 49.500","ranger",3337,0.93257,0.92508,1664,1516,0.9111,0.1693,0.1075,15.863,0.1475,0.9705,2
"2-3","percent_abawd <   0.333 & shelter_expenses_by_hh_size < 163.000 & unc_rawben_rel_max >=   1.080","xgboost",2278,0.93415,0.92508,931,861,0.9248,0.0962,0.0588,8.875,0.1475,0.9705,2
"2-3","elderly_disabled_i <=   0.500 & rawben_rel_max >   0.882 & shelter_expenses_by_hh_size <= 253.000 & utilities <=  58.500","ranger",3407,0.93249,0.92507,1681,1549,0.9215,0.173,0.1047,16.025,0.1475,0.9705,2
"2-3","rawben_rel_max >   0.905 & shelter_expenses_by_hh_size <= 270.000 & utilities <=  68.500","ranger",3477,0.93241,0.92507,1732,1598,0.9226,0.1785,0.1074,16.511,0.1475,0.9705,2
"2-3","married <=   0.500 & shelter_expenses_by_hh_size <= 330.000 & unc_rawben_rel_max >   0.996","ranger",4455,0.93154,0.92505,2225,2043,0.9182,0.2282,0.1576,21.211,0.1475,0.9705,2
"2-3","HH_size_n >   2.500 & rawben_rel_max >   0.998 & shelter_expenses_by_hh_size <= 262.000 & unc_rawben_rel_max <=   1.550","ranger",1920,0.9349,0.92501,939,859,0.9148,0.096,0.0756,8.951,0.1475,0.9705,2
"2-3","rawben_rel_max > 0.957 & total_deductions_by_hh_size <= 1.270 & unc_rawben_rel_max > 0.915","ranger",2644,0.93343,0.92501,1295,1207,0.932,0.1348,0.072,12.345,0.1475,0.9705,2
"2-3","expedited_i <=   0.500 & medical_deductions <= 128.000 & rawben_rel_max >   0.997 & shelter_expenses_by_hh_size <= 319.000","ranger",3628,0.93219,0.925,1776,1622,0.9133,0.1812,0.1339,16.93,0.1475,0.9705,2
"2-3","cat_elig >  0.500 & total_deductions_by_hh_size <= 37.300 & unc_rawben_rel_max >  0.993 & utilities <= 48.500","ranger",2204,0.93421,0.92498,1112,1026,0.9227,0.1146,0.0689,10.601,0.1475,0.9705,2
"2-3","elderly_disabled_i <=   0.500 & HH_size_n >   2.500 & shelter_expenses_by_hh_size <= 252.000 & unc_rawben_rel_max >   0.996","ranger",1862,0.93502,0.92497,917,842,0.9182,0.0941,0.0718,8.742,0.1475,0.9705,2
"2-3","shelter_expenses_by_hh_size >= 332.0000 & total_deductions_by_hh_size < 470.0000 & unc_rawben_rel_max >=  -0.7100 & unc_rawben_rel_max <  -0.0566","xgboost",379,0.94723,0.92497,174,166,0.954,0.0185,0.0065,1.659,0.1475,0.9705,2
"2-3","count_divisible_by_100 <=   1.50 & elderly_disabled_i <=   0.50 & rawben_rel_max >   0.94 & shelter_expenses_by_hh_size <= 252.00","ranger",4449,0.93145,0.92495,2212,2029,0.9173,0.2267,0.153,21.087,0.1475,0.9705,2
"2-3","cat_elig <=   2.500 & rawben_rel_max >   0.931 & shelter_expenses_by_hh_size <= 382.000 & utilities <=  80.500","ranger",3428,0.93232,0.92492,1748,1612,0.9222,0.1801,0.111,16.663,0.1475,0.9705,2
"2-3","cat_elig <  1.000 & months_since_cert_n >=  2.000 & rawben_rel_max >=  0.954 & shelter_expenses_by_hh_size < 15.000","xgboost",456,0.94518,0.92487,211,203,0.9621,0.0227,0.0074,2.011,0.1475,0.9705,2
"2-3","medical_deductions <= 158.000 & rawben_rel_max >   0.997 & utilities <= 124.000","ranger",3355,0.93234,0.92485,1672,1544,0.9234,0.1725,0.1073,15.939,0.1475,0.9705,2
"2-3","months_since_cert_n <=  16.500 & rawben_rel_max >   0.997 & shelter_expenses_by_hh_size <= 329.000","ranger",4804,0.9311,0.92484,2401,2204,0.918,0.2462,0.1694,22.888,0.1475,0.9705,2
"2-3","cat_elig <=   2.500 & rawben_rel_max >   0.996 & total_deductions_by_hh_size <= 197.000 & unc_rawben_rel_max >   1.040","ranger",3410,0.93226,0.92483,1764,1621,0.9189,0.1811,0.1227,16.816,0.1475,0.9705,2
"2-3","cat_elig >   0.500 & rawben_rel_max >   0.996 & shelter_expenses_by_hh_size <= 315.000 & unc_rawben_rel_max <=   1.340","ranger",3424,0.93224,0.92483,1823,1661,0.9111,0.1855,0.1379,17.378,0.1475,0.9705,2
"2-3","elderly_disabled_i <=  0.500 & percent_abawd <=  0.833 & total_deductions_by_hh_size <= 31.400 & utilities <= 30.500","ranger",3101,0.9326,0.92481,1515,1406,0.9281,0.1571,0.0817,14.442,0.1475,0.9705,2
"2-3","expedited_i <=   0.500 & months_since_cert_n >   0.500 & shelter_expenses_by_hh_size <= 280.000 & unc_rawben_rel_max >   0.998","ranger",3059,0.93266,0.92481,1482,1350,0.9109,0.1508,0.1157,14.128,0.1475,0.9705,2
"2-3","medical_deductions <= 259.000 & rawben_rel_max >   0.998 & utilities <= 124.000","ranger",3352,0.93228,0.92479,1669,1541,0.9233,0.1721,0.1073,15.91,0.1475,0.9705,2
"2-3","elderly_disabled_i <=   0.500 & medical_deductions <=  17.000 & shelter_expenses_by_hh_size <= 331.000 & unc_rawben_rel_max >   0.974","ranger",4883,0.93099,0.92478,2450,2256,0.9208,0.252,0.1624,23.356,0.1475,0.9705,2
"2-3","count_divisible_by_100 < 1.0 & percent_abawd < 0.5 & total_deductions_by_hh_size < 4.1 & unc_rawben_rel_max < 1.5","xgboost",3812,0.93179,0.92477,1876,1735,0.9248,0.1938,0.1027,17.884,0.1475,0.9705,2
"2-3","total_deductions_by_hh_size >  0.217 & total_deductions_by_hh_size <= 58.400 & unc_rawben_rel_max >  0.901","ranger",440,0.94545,0.92477,234,213,0.9103,0.0238,0.018,2.231,0.1475,0.9705,2
"2-3","expedited_i <=  0.500 & rawben_rel_max >  0.997 & utilities <= 25.500","ranger",2183,0.93404,0.92475,1076,999,0.9284,0.1116,0.0645,10.257,0.1475,0.9705,2
"2-3","cat_elig <  1.00 & expedited_i >=  1.00 & unc_rawben_rel_max >=  1.04 & utilities < 70.00","xgboost",218,0.95413,0.92474,98,97,0.9898,0.0108,4e-04,0.934,0.1475,0.9705,2
"2-3","cat_elig <=   0.50 & HH_size_n <=   2.50 & percent_abawd <=   0.25 & utilities <= 112.00","ranger",622,0.94212,0.92472,277,261,0.9422,0.0292,0.0102,2.641,0.1475,0.9705,2
"2-3","children_i >  0.5 & total_deductions_by_hh_size <= 39.1 & utilities <= 78.0","ranger",3405,0.93216,0.92472,1656,1516,0.9155,0.1693,0.0998,15.786,0.1475,0.9705,2
"2-3","elderly_disabled_i <=   0.500 & rawben_rel_max >   0.995 & shelter_expenses_by_hh_size <= 334.000 & unc_rawben_rel_max >   0.974","ranger",4765,0.93095,0.92467,2366,2174,0.9189,0.2429,0.1609,22.555,0.1475,0.9705,2
"2-3","medical_deductions <= 159.000 & unc_rawben_rel_max >   0.996 & utilities <=  30.500","ranger",3081,0.93249,0.92467,1546,1439,0.9308,0.1607,0.0856,14.738,0.1475,0.9705,2
"2-3","cat_elig < 2.0 & count_divisible_by_100 < 1.0 & total_deductions_by_hh_size < 2.5 & unc_rawben_rel_max < 1.1","xgboost",1683,0.93523,0.92465,1153,1058,0.9176,0.1182,0.0652,10.991,0.1475,0.9705,2
"2-3","count_divisible_by_100 <=  0.500 & HH_size_n >  2.500 & unc_rawben_rel_max >  0.997 & utilities <= 78.500","ranger",1180,0.93729,0.92465,570,528,0.9263,0.059,0.0358,5.434,0.1475,0.9705,2
"2-3","medical_deductions <= 122.000 & shelter_expenses_by_hh_size <= 339.000 & unc_rawben_rel_max >   0.997","ranger",4944,0.93083,0.92465,2460,2258,0.9179,0.2522,0.1727,23.451,0.1475,0.9705,2
"2-3","medical_deductions <= 610.000 & shelter_expenses_by_hh_size <= 262.000 & unc_rawben_rel_max >   0.898 & utilities <= 286.000","ranger",3639,0.93185,0.92465,1770,1629,0.9203,0.182,0.1133,16.873,0.1475,0.9705,2
"2-3","count_divisible_by_100 <  1.000 & rawben_rel_max >=  0.675 & total_deductions_by_hh_size < 15.500 & unc_rawben_rel_max <  1.090","xgboost",1682,0.9352,0.92461,810,738,0.9111,0.0824,0.0484,7.722,0.1475,0.9705,2
"2-3","medical_deductions <= 571.000 & shelter_expenses_by_hh_size <= 263.000 & unc_rawben_rel_max >   0.972","ranger",4512,0.93107,0.92461,2268,2079,0.9167,0.2322,0.1607,21.621,0.1475,0.9705,2
"2-3","elderly_disabled_i <=   0.500 & rawben_rel_max >   0.997 & total_deductions_by_hh_size <= 193.000 & unc_rawben_rel_max >   1.060","ranger",3204,0.93227,0.9246,1583,1457,0.9204,0.1628,0.1046,15.091,0.1475,0.9705,2
"2-3","count_divisible_by_100 <=   0.500 & percent_abawd <=   0.583 & shelter_expenses_by_hh_size <= 293.000 & total_deductions_by_hh_size <=  23.200","ranger",4136,0.93133,0.92458,2064,1896,0.9186,0.2118,0.1193,19.676,0.1475,0.9705,2
"2-3","percent_abawd <  0.333 & shelter_expenses_by_hh_size < 80.000 & total_deductions_by_hh_size < 34.500","xgboost",3468,0.93195,0.92457,1666,1532,0.9196,0.1711,0.0968,15.882,0.1475,0.9705,2
"2-3","rawben_rel_max >   0.997 & shelter_expenses_by_hh_size <= 708.000 & total_deductions_by_hh_size <= 862.000 & utilities <= 286.000","ranger",3468,0.93195,0.92457,1679,1553,0.925,0.1735,0.1064,16.006,0.1475,0.9705,2
"2-3","cat_elig <  1.000 & rawben_rel_max >=  0.872 & unc_rawben_rel_max <  1.740 & utilities < 70.000","xgboost",784,0.94005,0.92453,365,349,0.9562,0.039,0.0113,3.48,0.1475,0.9705,2
"2-3","children_i >=   1.000 & rawben_rel_max >=   0.913 & shelter_expenses_by_hh_size < 295.000","xgboost",4631,0.9309,0.92451,2299,2100,0.9134,0.2346,0.1697,21.916,0.1475,0.9705,2
"2-3","cat_elig <=   0.500 & HH_size_n <=   2.500 & rawben_rel_max >   0.767 & shelter_expenses_by_hh_size <= 140.000","ranger",469,0.94456,0.92449,203,191,0.9409,0.0213,0.0082,1.935,0.1475,0.9705,2
"2-3","cat_elig <=  0.5 & medical_deductions <=  2.0 & total_deductions_by_hh_size <= 52.9","ranger",1018,0.93811,0.92449,496,464,0.9355,0.0518,0.0199,4.728,0.1475,0.9705,2
"2-3","cat_elig <=   1.500 & rawben_rel_max >   0.996 & utilities >  26.500 & utilities <= 124.000","ranger",184,0.95652,0.92448,126,106,0.8413,0.0118,0.0194,1.201,0.1475,0.9705,2
"2-3","cat_elig <=  0.5 & children_i >  0.5 & total_deductions_by_hh_size <= 52.9","ranger",842,0.93943,0.92445,410,382,0.9317,0.0427,0.0176,3.908,0.1475,0.9705,2
"2-3","cat_elig <=  0.5 & shelter_expenses_by_hh_size <= 43.0","ranger",842,0.93943,0.92445,396,368,0.9293,0.0411,0.0174,3.775,0.1475,0.9705,2
"2-3","expedited_i <=   0.500 & months_since_cert_n <=   5.500 & rawben_rel_max >   0.997 & shelter_expenses_by_hh_size <= 326.000","ranger",2638,0.9329,0.92444,1304,1196,0.9172,0.1336,0.0903,12.431,0.1475,0.9705,2
"2-3","children_i >  0.50 & rawben_rel_max >  0.99 & total_deductions_by_hh_size <= 35.80 & unc_rawben_rel_max >  1.09","ranger",1306,0.93645,0.92441,634,595,0.9385,0.0665,0.0308,6.044,0.1475,0.9705,2
"2-3","cat_elig <=   0.50 & medical_deductions <= 716.00 & months_since_cert_n <=  18.50 & unc_rawben_rel_max >   1.01","ranger",1248,0.9367,0.92439,559,531,0.9499,0.0593,0.0213,5.329,0.1475,0.9705,2
"2-3","cat_elig <= 0.50 & count_divisible_by_100 <= 1.50 & unc_rawben_rel_max > 1.01","ranger",1248,0.9367,0.92439,558,531,0.9516,0.0593,0.0197,5.319,0.1475,0.9705,2
"2-3","married <=   0.500 & shelter_expenses_by_hh_size <= 280.000 & total_deductions_by_hh_size <=   0.217 & utilities <=  30.500","ranger",2958,0.93239,0.92439,1459,1342,0.9198,0.1499,0.0898,13.908,0.1475,0.9705,2
"2-3","HH_size_n >  2.500 & total_deductions_by_hh_size <= 12.100 & unc_rawben_rel_max >  0.415 & utilities <= 41.500","ranger",1291,0.93648,0.92438,638,586,0.9185,0.0655,0.0401,6.082,0.1475,0.9705,2
"2-3","elderly_disabled_i <=  0.500 & percent_abawd <=  0.583 & unc_rawben_rel_max >  0.904 & utilities <= 78.500","ranger",3472,0.93174,0.92436,1719,1585,0.922,0.1771,0.1123,16.387,0.1475,0.9705,2
"2-3","rawben_rel_max >   0.931 & shelter_expenses_by_hh_size <= 382.000 & utilities <=  80.500","ranger",3514,0.9317,0.92436,1748,1612,0.9222,0.1801,0.111,16.663,0.1475,0.9705,2
"2-3","rawben_rel_max >=   0.926 & total_deductions_by_hh_size < 135.000","xgboost",3555,0.93165,0.92435,1777,1637,0.9212,0.1829,0.1191,16.94,0.1475,0.9705,1.9
"2-3","children_i >   0.500 & expedited_i >   0.500 & rawben_rel_max >   0.997 & shelter_expenses_by_hh_size <= 339.000","ranger",1074,0.93762,0.92434,543,507,0.9337,0.0566,0.0289,5.176,0.1475,0.9705,1.9
"2-3","count_divisible_by_100 <=  0.5 & total_deductions_by_hh_size <= 40.0 & utilities <= 38.5","ranger",3499,0.93169,0.92434,1756,1622,0.9237,0.1812,0.0983,16.74,0.1475,0.9705,1.9
"2-3","elderly_disabled_i <=   0.500 & HH_size_n >   2.500 & rawben_rel_max >   0.996 & shelter_expenses_by_hh_size <= 262.000","ranger",1903,0.93431,0.92434,926,849,0.9168,0.0948,0.0735,8.827,0.1475,0.9705,1.9
"2-3","cat_elig >  0.500 & percent_abawd <=  0.583 & unc_rawben_rel_max >  0.997 & utilities <= 22.000","ranger",2311,0.93336,0.92431,1190,1099,0.9235,0.1228,0.0737,11.344,0.1475,0.9705,1.9
"2-3","count_divisible_by_100 <=  0.500 & months_since_cert_n <=  3.500 & unc_rawben_rel_max >  0.875 & utilities <= 48.500","ranger",1718,0.93481,0.92431,879,816,0.9283,0.0912,0.0533,8.379,0.1475,0.9705,1.9
"2-3","months_since_cert_n <=   5.500 & rawben_rel_max >   0.996 & shelter_expenses_by_hh_size <= 331.000","ranger",3566,0.93158,0.92429,1764,1629,0.9235,0.182,0.1154,16.816,0.1475,0.9705,1.9
"2-3","cat_elig <=   0.500 & months_since_cert_n <=   4.500 & shelter_expenses_by_hh_size <= 233.000 & unc_rawben_rel_max >   0.996","ranger",633,0.94155,0.92425,314,298,0.949,0.0333,0.012,2.993,0.1475,0.9705,1.9
"2-3","cat_elig <=  0.5 & HH_size_n <=  2.5 & married <=  0.5 & utilities <= 78.5","ranger",618,0.94175,0.92424,284,266,0.9366,0.0297,0.0116,2.707,0.1475,0.9705,1.9
"2-3","cat_elig >  0.500 & rawben_rel_max >  0.972 & shelter_expenses_by_hh_size <= 64.000","ranger",2351,0.93322,0.92424,1187,1093,0.9208,0.1221,0.0762,11.316,0.1475,0.9705,1.9
"2-3","medical_deductions <=  149.000 & shelter_expenses_by_hh_size <=  342.000 & total_deductions_by_hh_size <= 1230.000 & unc_rawben_rel_max >    0.997","ranger",4985,0.93039,0.92423,2477,2274,0.918,0.254,0.1734,23.613,0.1475,0.9705,1.9
"2-3","rawben_rel_max <=   0.9970 & total_deductions_by_hh_size <= 457.0000 & unc_rawben_rel_max <=  -0.0383 & utilities >  38.5000","ranger",558,0.94265,0.92422,273,255,0.9341,0.0285,0.0158,2.602,0.1475,0.9705,1.9
"2-3","cat_elig <=  0.50 & months_since_cert_n <= 12.50 & unc_rawben_rel_max >  1.01","ranger",1245,0.93655,0.92421,557,530,0.9515,0.0592,0.02,5.31,0.1475,0.9705,1.9
"2-3","cat_elig > 0.500 & homeless <= 0.500 & rawben_rel_max > 0.997 & rawben_rel_max <= 0.999","ranger",33,1,0.92421,13,12,0.9231,0.0013,0.0017,0.124,0.1475,0.9705,1.9
"2-3","cat_elig >  0.500 & rawben_rel_max >  0.993 & total_deductions_by_hh_size <= 23.000","ranger",2181,0.93352,0.92419,1096,1011,0.9224,0.1129,0.0687,10.448,0.1475,0.9705,1.9
"2-3","HH_size_n <= 2.500 & percent_abawd <= 0.583 & total_deductions_by_hh_size <= 0.217","ranger",2573,0.93276,0.92418,1297,1211,0.9337,0.1353,0.0603,12.364,0.1475,0.9705,1.9
"2-3","cat_elig >   0.500 & count_divisible_by_100 <=   0.500 & rawben_rel_max >   0.997 & shelter_expenses_by_hh_size <= 261.000","ranger",3116,0.93196,0.92416,1578,1440,0.9125,0.1609,0.1232,15.043,0.1475,0.9705,1.9
"2-3","expedited_i <=   0.500 & medical_deductions <= 122.000 & rawben_rel_max >   0.996 & shelter_expenses_by_hh_size <= 280.000","ranger",3366,0.93167,0.92416,1657,1511,0.9119,0.1688,0.129,15.796,0.1475,0.9705,1.9
"2-3","HH_size_n >   2.500 & rawben_rel_max >   0.997 & utilities <= 124.000","ranger",1287,0.93629,0.92415,639,592,0.9264,0.0661,0.0403,6.092,0.1475,0.9705,1.9
"2-3","rawben_rel_max >=   0.905 & shelter_expenses_by_hh_size < 385.000 & total_deductions_by_hh_size < 200.000 & unc_rawben_rel_max <   1.110","xgboost",2277,0.93325,0.92412,1125,1026,0.912,0.1146,0.0784,10.724,0.1475,0.9705,1.9
"2-3","cat_elig <=  0.50 & count_divisible_by_100 <=  0.50 & months_since_cert_n <= 12.50 & unc_rawben_rel_max >  1.01","ranger",1157,0.93691,0.9241,502,478,0.9522,0.0534,0.0168,4.786,0.1475,0.9705,1.9
"2-3","months_since_cert_n <=   5.500 & total_deductions_by_hh_size <= 764.000 & unc_rawben_rel_max >   0.997 & utilities <= 286.000","ranger",2584,0.93266,0.92409,1240,1149,0.9266,0.1284,0.0737,11.821,0.1475,0.9705,1.9
"2-3","elderly_disabled_i <=   0.500 & shelter_expenses_by_hh_size <= 334.000 & unc_rawben_rel_max >   0.974","ranger",4907,0.9303,0.92408,2462,2267,0.9208,0.2532,0.1633,23.47,0.1475,0.9705,1.9
"2-3","elderly_disabled_i <=  0.500 & percent_abawd <=  0.167 & rawben_rel_max >  0.880 & utilities <= 39.500","ranger",3168,0.93182,0.92408,1561,1439,0.9218,0.1607,0.0962,14.881,0.1475,0.9705,1.9
"2-3","cat_elig < 2.00 & percent_abawd < 0.75 & total_deductions_by_hh_size < 2.50","xgboost",2583,0.93264,0.92406,1834,1694,0.9237,0.1892,0.1004,17.483,0.1475,0.9705,1.9
"2-3","elderly_disabled_i <=  0.500 & unc_rawben_rel_max >  0.996 & unc_rawben_rel_max <=  1.340 & utilities > 22.000","ranger",2513,0.93275,0.92406,1486,1346,0.9058,0.1504,0.1262,14.166,0.1475,0.9705,1.9
"2-3","married <   1.000 & percent_abawd <   0.667 & rawben_rel_max >=   0.893 & total_deductions_by_hh_size < 194.000","xgboost",4011,0.93094,0.92406,2031,1849,0.9104,0.2065,0.1531,19.361,0.1475,0.9705,1.9
"2-3","percent_abawd <=  0.833 & total_deductions_by_hh_size <= 31.400 & utilities <= 30.500","ranger",3500,0.93143,0.92406,1743,1612,0.9248,0.1801,0.0957,16.616,0.1475,0.9705,1.9
"2-3","total_deductions_by_hh_size >= 105.000 & total_deductions_by_hh_size < 434.000 & unc_rawben_rel_max >=   0.998 & unc_rawben_rel_max <   1.330","xgboost",2513,0.93275,0.92406,1314,1216,0.9254,0.1358,0.0846,12.526,0.1475,0.9705,1.9
"2-3","cat_elig <=  0.500 & months_since_cert_n <= 18.500 & rawben_rel_max >  0.999","ranger",1271,0.93627,0.92405,569,541,0.9508,0.0604,0.0213,5.424,0.1475,0.9705,1.9
"2-3","children_i >  0.5 & HH_size_n <=  2.5 & total_deductions_by_hh_size <= 23.9","ranger",2050,0.93366,0.92403,1002,925,0.9232,0.1033,0.0532,9.552,0.1475,0.9705,1.9
"2-3","HH_size_n <=   2.500 & rawben_rel_max >   0.997 & total_deductions_by_hh_size <= 194.000","ranger",2120,0.93349,0.92402,1071,983,0.9178,0.1098,0.0695,10.21,0.1475,0.9705,1.9
"2-3","cat_elig < 2.000 & months_since_cert_n >= 1.000 & rawben_rel_max >= 0.529 & total_deductions_by_hh_size < 8.300","xgboost",1909,0.934,0.92402,1335,1225,0.9176,0.1368,0.0746,12.726,0.1475,0.9705,1.9
"2-3","married <   1.000 & rawben_rel_max >=   0.913 & total_deductions_by_hh_size < 195.000","xgboost",3994,0.9309,0.924,1989,1814,0.912,0.2026,0.1487,18.961,0.1475,0.9705,1.9
"2-3","total_deductions_by_hh_size >= 79.50 & unc_rawben_rel_max >=  1.00 & unc_rawben_rel_max <  1.34","xgboost",2929,0.93206,0.924,1766,1608,0.9105,0.1796,0.1392,16.835,0.1475,0.9705,1.9
"2-3","cat_elig <=  0.500 & medical_deductions <= 17.000 & rawben_rel_max >  0.999","ranger",1270,0.93622,0.92399,568,540,0.9507,0.0603,0.0213,5.415,0.1475,0.9705,1.9
"2-3","rawben_rel_max >   0.997 & utilities <= 286.000","ranger",3483,0.93138,0.92399,1688,1559,0.9236,0.1742,0.1091,16.092,0.1475,0.9705,1.9
"2-3","rawben_rel_max >   0.996 & shelter_expenses_by_hh_size <= 339.000 & total_deductions_by_hh_size <= 584.000","ranger",4955,0.93017,0.92398,2455,2255,0.9185,0.2519,0.171,23.403,0.1475,0.9705,1.9
"2-3","HH_size_n <  3.000 & rawben_rel_max >=  0.989 & total_deductions_by_hh_size < 42.300","xgboost",1795,0.93426,0.92397,886,823,0.9289,0.0919,0.0478,8.446,0.1475,0.9705,1.9
"2-3","rawben_rel_max >   0.997 & total_deductions_by_hh_size <= 862.000 & utilities <= 286.000","ranger",3482,0.93136,0.92397,1686,1557,0.9235,0.1739,0.1091,16.072,0.1475,0.9705,1.9
"2-3","cat_elig <  1.0 & months_since_cert_n < 13.0 & shelter_expenses_by_hh_size < 12.3","xgboost",778,0.93959,0.92396,362,341,0.942,0.0381,0.0128,3.451,0.1475,0.9705,1.9
"2-3","homeless <=  0.500 & rawben_rel_max >  0.997 & total_deductions_by_hh_size > 55.000 & unc_rawben_rel_max <=  1.340","ranger",2953,0.93193,0.92391,1789,1627,0.9094,0.1817,0.1424,17.054,0.1475,0.9705,1.9
"2-3","percent_abawd <  0.667 & total_deductions_by_hh_size <  8.300 & utilities < 42.000","xgboost",3341,0.93146,0.92391,1663,1533,0.9218,0.1712,0.0959,15.853,0.1475,0.9705,1.9
"2-3","rawben_rel_max >=   0.869 & total_deductions_by_hh_size < 151.000 & utilities <  28.000","xgboost",3202,0.93161,0.9239,1602,1485,0.927,0.1659,0.0941,15.272,0.1475,0.9705,1.9
"2-3","rawben_rel_max >   0.999 & unc_rawben_rel_max >   0.997 & utilities <= 286.000","ranger",3462,0.93125,0.92384,1682,1553,0.9233,0.1735,0.1091,16.034,0.1475,0.9705,1.9
"2-3","cat_elig < 1.000 & children_i < 1.000 & expedited_i >= 1.000 & rawben_rel_max >= 0.708","xgboost",56,0.98214,0.92383,33,31,0.9394,0.0035,8e-04,0.315,0.1475,0.9705,1.9
"2-3","cat_elig <=  1.500 & married <=  0.500 & percent_abawd <=  0.583 & total_deductions_by_hh_size <= 22.800","ranger",2408,0.93272,0.92383,1706,1548,0.9074,0.1729,0.1124,16.263,0.1475,0.9705,1.9
"2-3","children_i >=   1.000 & expedited_i >=   1.000 & rawben_rel_max >=   0.913 & shelter_expenses_by_hh_size < 295.000","xgboost",1066,0.93715,0.92378,542,508,0.9373,0.0567,0.0287,5.167,0.1475,0.9705,1.9
"2-3","cat_elig >=   1.00000 & percent_abawd <   0.33300 & shelter_expenses_by_hh_size < 857.00000 & unc_rawben_rel_max <  -0.00871","xgboost",629,0.94118,0.92377,316,295,0.9335,0.033,0.0173,3.012,0.1475,0.9705,1.9
"2-3","cat_elig <= 0.50 & unc_rawben_rel_max > 1.01","ranger",1252,0.9361,0.92376,560,532,0.95,0.0594,0.0213,5.338,0.1475,0.9705,1.9
"2-3","cat_elig >   0.500 & months_since_cert_n <=   7.500 & shelter_expenses_by_hh_size <= 280.000 & unc_rawben_rel_max >   0.997","ranger",2864,0.93191,0.92376,1437,1310,0.9116,0.1463,0.1094,13.699,0.1475,0.9705,1.9
"2-3","cat_elig >   0.500 & percent_abawd <=   0.583 & rawben_rel_max >   0.984 & shelter_expenses_by_hh_size <= 252.000","ranger",3348,0.9313,0.92376,1699,1548,0.9111,0.1729,0.1309,16.196,0.1475,0.9705,1.9
"2-3","HH_size_n <=   2.500 & shelter_expenses_by_hh_size <= 340.000 & unc_rawben_rel_max >   0.997","ranger",2725,0.93211,0.92375,1367,1259,0.921,0.1406,0.0887,13.031,0.1475,0.9705,1.9
"2-3","count_divisible_by_100 <=   0.5 & medical_deductions <= 128.0 & total_deductions_by_hh_size <=  39.1 & utilities <=  48.5","ranger",3596,0.93103,0.92375,1801,1659,0.9212,0.1853,0.1024,17.169,0.1475,0.9705,1.9
"2-3","medical_deductions <=  67.500 & rawben_rel_max >   0.999 & unc_rawben_rel_max >   0.997 & utilities <= 286.000","ranger",3458,0.93117,0.92375,1681,1552,0.9233,0.1734,0.1091,16.025,0.1475,0.9705,1.9
"2-3","cat_elig > 0.500 & percent_abawd <= 1.420 & rawben_rel_max > 0.996 & unc_rawben_rel_max <= 1.340","ranger",4830,0.93002,0.92374,2725,2486,0.9123,0.2777,0.2076,25.977,0.1475,0.9705,1.9
"2-3","cat_elig <=   0.5 & HH_size_n <=   2.5 & shelter_expenses_by_hh_size <= 221.0","ranger",761,0.93955,0.92372,375,345,0.92,0.0385,0.0184,3.575,0.1475,0.9705,1.9
"2-3","months_since_cert_n <=  13.500 & rawben_rel_max >   0.997 & shelter_expenses_by_hh_size <= 342.000","ranger",4882,0.92995,0.9237,2436,2237,0.9183,0.2499,0.1702,23.222,0.1475,0.9705,1.9
"2-3","cat_elig <=  0.5 & children_i >  0.5 & shelter_expenses_by_hh_size <= 43.0","ranger",746,0.93968,0.92369,343,318,0.9271,0.0355,0.0159,3.27,0.1475,0.9705,1.9
"2-3","expedited_i <=   0.500 & medical_deductions <= 102.000 & rawben_rel_max >   0.997 & total_deductions_by_hh_size <= 222.000","ranger",3303,0.93127,0.92367,1825,1651,0.9047,0.1844,0.153,17.398,0.1475,0.9705,1.9
"2-3","rawben_rel_max >  0.996 & unc_rawben_rel_max <=  1.300 & utilities > 30.500","ranger",2653,0.93215,0.92367,1349,1249,0.9259,0.1395,0.0856,12.86,0.1475,0.9705,1.9
"2-3","cat_elig <=   0.5 & married <=   0.5 & medical_deductions <= 610.0 & shelter_expenses_by_hh_size <=  70.8","ranger",804,0.93905,0.92365,371,343,0.9245,0.0383,0.0176,3.537,0.1475,0.9705,1.9
"2-3","cat_elig < 2.000 & unc_rawben_rel_max >= 0.998 & unc_rawben_rel_max < 1.490","xgboost",4303,0.93028,0.92362,3409,3116,0.9141,0.3481,0.2587,32.498,0.1475,0.9705,1.9
"2-3","count_divisible_by_100 <= 0.50 & total_deductions_by_hh_size <= 1.05","ranger",3932,0.93057,0.9236,1972,1824,0.9249,0.2038,0.1086,18.799,0.1475,0.9705,1.9
"2-3","count_divisible_by_100 <= 0.500 & married <= 0.500 & total_deductions_by_hh_size <= 0.217","ranger",3257,0.93123,0.92357,1628,1494,0.9177,0.1669,0.1013,15.52,0.1475,0.9705,1.9
"2-3","cat_elig <= 0.500 & children_i <= 0.500 & rawben_rel_max > 0.996","ranger",165,0.95758,0.92355,77,74,0.961,0.0083,0.0018,0.734,0.1475,0.9705,1.9
"2-3","cat_elig >=  2.000 & HH_size_n >=  3.000 & rawben_rel_max >=  0.989 & total_deductions_by_hh_size < 42.300","xgboost",448,0.9442,0.92354,70,66,0.9429,0.0074,0.0041,0.667,0.1475,0.9705,1.9
"2-3","cat_elig <= 0.500 & children_i <= 0.500 & HH_size_n <= 2.500 & unc_rawben_rel_max > 0.996","ranger",148,0.95946,0.92352,70,67,0.9571,0.0075,0.0018,0.667,0.1475,0.9705,1.9
"2-3","months_since_cert_n >  4.500 & total_deductions_by_hh_size <= 17.800 & unc_rawben_rel_max >  0.923","ranger",1048,0.93702,0.92352,517,478,0.9246,0.0534,0.0323,4.929,0.1475,0.9705,1.9
"2-3","shelter_expenses_by_hh_size > 22.200 & shelter_expenses_by_hh_size <= 87.200 & unc_rawben_rel_max >  0.974","ranger",148,0.95946,0.92352,92,82,0.8913,0.0092,0.008,0.877,0.1475,0.9705,1.9
"2-3","HH_size_n <=   2.500 & shelter_expenses_by_hh_size <= 336.000 & unc_rawben_rel_max >   0.989","ranger",2730,0.93187,0.9235,1376,1267,0.9208,0.1415,0.0891,13.117,0.1475,0.9705,1.9
"2-3","expedited_i <=   0.500 & months_since_cert_n <=   6.500 & shelter_expenses_by_hh_size <= 252.000 & unc_rawben_rel_max >   0.928","ranger",2771,0.93179,0.92349,1330,1217,0.915,0.1359,0.0923,12.679,0.1475,0.9705,1.9
"2-3","cat_elig >  0.500 & total_deductions_by_hh_size <= 87.200 & unc_rawben_rel_max >  0.901 & utilities <= 30.500","ranger",2383,0.93244,0.92348,1213,1119,0.9225,0.125,0.0738,11.563,0.1475,0.9705,1.9
"2-3","months_since_cert_n <=   7.500 & shelter_expenses_by_hh_size <= 263.000 & total_deductions_by_hh_size <= 409.000 & unc_rawben_rel_max >   0.901","ranger",4049,0.93035,0.92348,1982,1812,0.9142,0.2024,0.14,18.894,0.1475,0.9705,1.9
"2-3","cat_elig >  0.500 & total_deductions_by_hh_size <= 22.400 & unc_rawben_rel_max >  0.878 & utilities <= 46.500","ranger",2355,0.93248,0.92347,1175,1088,0.926,0.1215,0.0702,11.201,0.1475,0.9705,1.9
"2-3","count_divisible_by_100 <=   1.500 & expedited_i <=   0.500 & rawben_rel_max >   0.996 & utilities <= 286.000","ranger",2521,0.93217,0.92346,1187,1095,0.9225,0.1223,0.0798,11.316,0.1475,0.9705,1.9
"2-3","HH_size_n <=   2.500 & married <=   0.500 & shelter_expenses_by_hh_size <= 397.000 & unc_rawben_rel_max >   0.997","ranger",2673,0.93191,0.92345,1325,1220,0.9208,0.1363,0.0888,12.631,0.1475,0.9705,1.9
"2-3","cat_elig <=  0.500 & months_since_cert_n <= 18.500 & rawben_rel_max >  0.997","ranger",1275,0.93569,0.92344,572,544,0.951,0.0608,0.0213,5.453,0.1475,0.9705,1.9
"2-3","cat_elig <= 0.500 & rawben_rel_max > 0.999","ranger",1275,0.93569,0.92344,570,542,0.9509,0.0605,0.0213,5.434,0.1475,0.9705,1.9
"2-3","rawben_rel_max >=    0.996 & shelter_expenses_by_hh_size < 1060.000 & total_deductions_by_hh_size >=    2.500 & unc_rawben_rel_max <    1.330","xgboost",3224,0.93114,0.92344,1665,1536,0.9225,0.1716,0.1084,15.872,0.1475,0.9705,1.9
"2-3","cat_elig >  0.500 & months_since_cert_n <=  3.500 & rawben_rel_max >  0.886 & total_deductions_by_hh_size <= 62.000","ranger",1246,0.93579,0.9234,627,583,0.9298,0.0651,0.0355,5.977,0.1475,0.9705,1.9
"2-3","cat_elig <=  1.5 & medical_deductions <= 53.5 & total_deductions_by_hh_size <= 39.1 & utilities <= 30.5","ranger",2241,0.93262,0.92338,1618,1492,0.9221,0.1667,0.0895,15.424,0.1475,0.9705,1.9
"2-3","children_i >   0.500 & months_since_cert_n >   2.500 & shelter_expenses_by_hh_size <= 334.000 & unc_rawben_rel_max >   0.997","ranger",2739,0.93173,0.92337,1348,1230,0.9125,0.1374,0.1019,12.85,0.1475,0.9705,1.9
"2-3","rawben_rel_max >=   0.856 & total_deductions_by_hh_size <   2.500 & utilities < 643.000","xgboost",2863,0.93154,0.92336,1384,1289,0.9314,0.144,0.0759,13.194,0.1475,0.9705,1.9
"2-3","married <=   0.5 & shelter_expenses_by_hh_size <= 252.0 & total_deductions_by_hh_size <=  32.1 & utilities <=  22.0","ranger",3179,0.93111,0.92335,1584,1457,0.9198,0.1628,0.0951,15.1,0.1475,0.9705,1.9
"2-3","rawben_rel_max >   0.878 & shelter_expenses_by_hh_size <= 354.000 & utilities <=  22.000","ranger",3316,0.93094,0.92334,1672,1541,0.9217,0.1721,0.1035,15.939,0.1475,0.9705,1.9
"2-3","count_divisible_by_100 <=   0.50 & medical_deductions <= 138.00 & shelter_expenses_by_hh_size <= 252.00 & total_deductions_by_hh_size <=   9.68","ranger",3862,0.93035,0.9233,1910,1757,0.9199,0.1963,0.1107,18.208,0.1475,0.9705,1.9
"2-3","cat_elig <=    0.500 & medical_deductions <=  148.000 & rawben_rel_max >    0.997 & shelter_expenses_by_hh_size <= 1100.000","ranger",1272,0.93553,0.92326,571,543,0.951,0.0607,0.0213,5.443,0.1475,0.9705,1.9
"2-3","rawben_rel_max >   0.997 & shelter_expenses_by_hh_size <= 361.000 & total_deductions_by_hh_size <= 602.000","ranger",5098,0.92938,0.92325,2549,2343,0.9192,0.2617,0.1772,24.299,0.1475,0.9705,1.9
"2-3","unc_rawben_rel_max >=   0.998 & unc_rawben_rel_max <   1.420 & utilities < 724.000","xgboost",5937,0.92892,0.92324,2987,2742,0.918,0.3063,0.2137,28.475,0.1475,0.9705,1.9
"2-3","cat_elig <=  0.5 & elderly_disabled_i <=  0.5 & expedited_i <=  0.5 & shelter_expenses_by_hh_size <= 12.4","ranger",521,0.94242,0.92323,239,224,0.9372,0.025,0.0093,2.278,0.1475,0.9705,1.9
"2-3","medical_deductions <= 104.000 & rawben_rel_max >   0.996 & shelter_expenses_by_hh_size <= 339.000","ranger",4961,0.92945,0.92323,2460,2258,0.9179,0.2522,0.1727,23.451,0.1475,0.9705,1.9
"2-3","cat_elig <=  0.500 & count_divisible_by_100 <=  1.500 & medical_deductions <= 67.500 & rawben_rel_max >  0.997","ranger",1271,0.93548,0.9232,569,542,0.9525,0.0605,0.0197,5.424,0.1475,0.9705,1.9
"2-3","cat_elig <=   0.5 & medical_deductions <= 610.0 & shelter_expenses_by_hh_size <=  70.8","ranger",857,0.93816,0.92319,401,372,0.9277,0.0416,0.018,3.823,0.1475,0.9705,1.9
"2-3","count_divisible_by_100 < 1.0 & months_since_cert_n < 3.0 & total_deductions_by_hh_size < 2.5","xgboost",1412,0.93484,0.92319,710,659,0.9282,0.0736,0.0391,6.768,0.1475,0.9705,1.9
"2-3","HH_size_n <   3.00 & rawben_rel_max >=   0.89 & total_deductions_by_hh_size < 120.00 & utilities < 385.00","xgboost",2041,0.93288,0.92318,1059,984,0.9292,0.1099,0.0583,10.095,0.1475,0.9705,1.9
"2-3","count_divisible_by_100 <=  0.500 & months_since_cert_n <= 27.500 & percent_abawd <=  0.167 & total_deductions_by_hh_size <= 21.700","ranger",4142,0.92999,0.92318,2031,1870,0.9207,0.2089,0.1144,19.361,0.1475,0.9705,1.9
"2-3","cat_elig <= 0.500 & count_divisible_by_100 <= 0.500 & rawben_rel_max > 0.974","ranger",1228,0.93567,0.92317,547,519,0.9488,0.058,0.0189,5.214,0.1475,0.9705,1.9
"2-3","count_divisible_by_100 <=  0.50 & total_deductions_by_hh_size <=  1.77 & unc_rawben_rel_max > -1.96","ranger",3951,0.93014,0.92317,1975,1827,0.9251,0.2041,0.1086,18.827,0.1475,0.9705,1.9
"2-3","HH_size_n >   2.5 & shelter_expenses_by_hh_size <= 267.0 & total_deductions_by_hh_size <=  17.5 & utilities <=  39.5","ranger",1341,0.93512,0.92316,663,606,0.914,0.0677,0.0426,6.32,0.1475,0.9705,1.9
"2-3","count_divisible_by_100 <=   0.500 & rawben_rel_max >   0.898 & shelter_expenses_by_hh_size <= 248.000 & total_deductions_by_hh_size <= 465.000","ranger",4318,0.92983,0.92316,2185,1998,0.9144,0.2232,0.1584,20.829,0.1475,0.9705,1.9
"2-3","cat_elig <  2.0 & count_divisible_by_100 <  1.0 & HH_size_n <  3.0 & total_deductions_by_hh_size < 56.3","xgboost",2082,0.93276,0.92315,1513,1398,0.924,0.1562,0.0787,14.423,0.1475,0.9705,1.9
"2-3","medical_deductions <=  5.5 & shelter_expenses_by_hh_size <= 13.6 & total_deductions_by_hh_size <= 33.4","ranger",3362,0.9307,0.92314,1677,1545,0.9213,0.1726,0.0954,15.987,0.1475,0.9705,1.9
"2-3","children_i >   0.500 & percent_abawd <=   1.750 & rawben_rel_max >   0.895 & utilities <= 114.000","ranger",3389,0.93066,0.92313,1668,1531,0.9179,0.171,0.114,15.901,0.1475,0.9705,1.9
"2-3","count_divisible_by_100 <= 0.500 & HH_size_n > 2.500 & unc_rawben_rel_max > 0.997 & unc_rawben_rel_max <= 1.320","ranger",2206,0.93246,0.92313,1103,1013,0.9184,0.1132,0.0786,10.515,0.1475,0.9705,1.9
"2-3","count_divisible_by_100 <=  0.5 & total_deductions_by_hh_size <= 62.0 & utilities <= 28.5","ranger",3525,0.9305,0.92312,1780,1638,0.9202,0.183,0.1044,16.969,0.1475,0.9705,1.9
"2-3","cat_elig <=  0.5 & homeless <=  0.5 & total_deductions_by_hh_size <= 52.2","ranger",971,0.93718,0.92311,477,445,0.9329,0.0497,0.0199,4.547,0.1475,0.9705,1.9
"2-3","married <=  0.5 & medical_deductions <=  5.5 & total_deductions_by_hh_size <= 39.1 & utilities <= 30.5","ranger",3265,0.93078,0.92311,1629,1495,0.9177,0.167,0.0977,15.529,0.1475,0.9705,1.9
"2-3","percent_abawd <= 0.167 & total_deductions_by_hh_size <= 1.050","ranger",3878,0.93012,0.92308,1886,1737,0.921,0.194,0.1075,17.979,0.1475,0.9705,1.9
"2-3","married <=  0.500 & months_since_cert_n <=  4.500 & total_deductions_by_hh_size <= 55.000 & unc_rawben_rel_max >  0.875","ranger",1941,0.93302,0.92307,926,862,0.9309,0.0963,0.0514,8.827,0.1475,0.9705,1.9
"2-3","cat_elig >   0.500 & shelter_expenses_by_hh_size <= 252.000 & unc_rawben_rel_max >   0.997","ranger",3372,0.9306,0.92306,1704,1550,0.9096,0.1731,0.1356,16.244,0.1475,0.9705,1.9
"2-3","rawben_rel_max >   0.972 & shelter_expenses_by_hh_size >  64.000 & shelter_expenses_by_hh_size <= 251.000 & utilities > 360.000","ranger",841,0.93817,0.92305,464,417,0.8987,0.0466,0.0439,4.423,0.1475,0.9705,1.9
"2-3","medical_deductions > 144.000 & rawben_rel_max <=   0.302 & unc_rawben_rel_max <=   0.151 & utilities <= 708.000","ranger",147,0.95918,0.92302,73,71,0.9726,0.0079,8e-04,0.696,0.1475,0.9705,1.9
"2-3","HH_size_n <=   2.500 & total_deductions_by_hh_size <= 335.000 & unc_rawben_rel_max >   0.889 & utilities <= 112.000","ranger",2230,0.93229,0.923,1140,1048,0.9193,0.1171,0.0784,10.867,0.1475,0.9705,1.9
"2-3","count_divisible_by_100 <=   0.50 & medical_deductions <= 575.00 & shelter_expenses_by_hh_size <= 262.00 & total_deductions_by_hh_size <=   2.95","ranger",3738,0.93018,0.923,1868,1724,0.9229,0.1926,0.1073,17.807,0.1475,0.9705,1.9
"2-3","rawben_rel_max >=   0.89 & total_deductions_by_hh_size < 120.00 & utilities < 385.00","xgboost",3506,0.93041,0.923,1778,1639,0.9218,0.1831,0.1119,16.949,0.1475,0.9705,1.9
"2-3","cat_elig <=   0.500 & expedited_i >   0.500 & rawben_rel_max >   0.999 & utilities <= 270.000","ranger",229,0.95197,0.92298,104,102,0.9808,0.0114,0.0012,0.991,0.1475,0.9705,1.9
"2-3","cat_elig <= 1.500 & rawben_rel_max > 0.996 & unc_rawben_rel_max <= 1.490","ranger",4321,0.92965,0.92297,3422,3128,0.9141,0.3494,0.2595,32.622,0.1475,0.9705,1.9
"2-3","elderly_disabled_i <=   0.500 & medical_deductions <= 860.000 & rawben_rel_max >   0.898 & shelter_expenses_by_hh_size <= 252.000","ranger",4659,0.92938,0.92296,2344,2138,0.9121,0.2388,0.1705,22.345,0.1475,0.9705,1.9
"2-3","unc_rawben_rel_max >   0.996 & utilities <= 140.000","ranger",3367,0.9305,0.92294,1673,1545,0.9235,0.1726,0.1073,15.949,0.1475,0.9705,1.9
"2-3","months_since_cert_n <=  10.500 & rawben_rel_max >   0.996 & shelter_expenses_by_hh_size <= 339.000 & total_deductions_by_hh_size <= 584.000","ranger",4671,0.92935,0.92293,2296,2109,0.9186,0.2356,0.1606,21.888,0.1475,0.9705,1.9
"2-3","rawben_rel_max >   0.94 & shelter_expenses_by_hh_size <= 263.00 & total_deductions_by_hh_size <= 378.00","ranger",4698,0.92933,0.92293,2339,2135,0.9128,0.2385,0.1738,22.297,0.1475,0.9705,1.9
"2-3","months_since_cert_n <=   7.500 & shelter_expenses_by_hh_size <= 263.000 & unc_rawben_rel_max >   0.901","ranger",4060,0.9298,0.92292,1993,1821,0.9137,0.2034,0.1432,18.999,0.1475,0.9705,1.9
"2-3","expedited_i <  1.000 & rawben_rel_max >=  0.815 & shelter_expenses_by_hh_size < 93.500 & unc_rawben_rel_max >=  1.080","xgboost",1449,0.93444,0.92291,590,549,0.9305,0.0613,0.033,5.624,0.1475,0.9705,1.9
"2-3","shelter_expenses_by_hh_size <= 336.000 & unc_rawben_rel_max >   0.989","ranger",5007,0.9291,0.9229,2522,2308,0.9151,0.2578,0.1779,24.042,0.1475,0.9705,1.9
"2-3","count_divisible_by_100 <=  0.5 & months_since_cert_n <= 27.5 & shelter_expenses_by_hh_size <= 95.8 & total_deductions_by_hh_size <= 55.3","ranger",3637,0.93016,0.92289,1783,1631,0.9148,0.1822,0.1115,16.997,0.1475,0.9705,1.9
"2-3","medical_deductions > 128.000 & rawben_rel_max <=   0.159 & utilities <= 611.000","ranger",180,0.95556,0.92284,71,68,0.9577,0.0076,0.0017,0.677,0.1475,0.9705,1.9
"2-3","shelter_expenses_by_hh_size <= 10.8 & total_deductions_by_hh_size <= 23.6","ranger",3307,0.93045,0.92282,1645,1517,0.9222,0.1695,0.0932,15.682,0.1475,0.9705,1.9
"2-3","children_i >  0.5 & shelter_expenses_by_hh_size <= 50.5 & total_deductions_by_hh_size <= 62.0","ranger",3361,0.93038,0.9228,1622,1476,0.91,0.1649,0.1032,15.462,0.1475,0.9705,1.9
"2-3","cat_elig >   0.500 & count_divisible_by_100 <=   0.500 & shelter_expenses_by_hh_size <= 246.000 & unc_rawben_rel_max >   0.974","ranger",3115,0.93066,0.92279,1610,1476,0.9168,0.1649,0.1183,15.348,0.1475,0.9705,1.9
"2-3","months_since_cert_n <=   5.5 & shelter_expenses_by_hh_size <= 115.0 & total_deductions_by_hh_size <=  13.6","ranger",2595,0.93141,0.92279,1263,1164,0.9216,0.13,0.0706,12.04,0.1475,0.9705,1.9
"2-3","months_since_cert_n <=   7.500 & rawben_rel_max >   0.997 & total_deductions_by_hh_size <= 199.000 & utilities <= 495.000","ranger",3251,0.93048,0.92278,1506,1387,0.921,0.1549,0.0986,14.357,0.1475,0.9705,1.9
"2-3","percent_abawd < 0.333 & unc_rawben_rel_max >= 0.970 & unc_rawben_rel_max < 1.340","xgboost",5873,0.92849,0.92276,3163,2890,0.9137,0.3228,0.2275,30.153,0.1475,0.9705,1.9
"2-3","count_divisible_by_100 <   1.0 & months_since_cert_n <  16.0 & total_deductions_by_hh_size <   2.5 & utilities < 445.0","xgboost",3603,0.93006,0.92274,1827,1686,0.9228,0.1883,0.1054,17.417,0.1475,0.9705,1.9
"2-3","rawben_rel_max >=   0.913 & shelter_expenses_by_hh_size < 297.000 & total_deductions_by_hh_size < 281.000 & unc_rawben_rel_max >=   0.970","xgboost",4727,0.92913,0.92274,2375,2179,0.9175,0.2434,0.1639,22.641,0.1475,0.9705,1.9
"2-3","medical_deductions <= 567.0 & shelter_expenses_by_hh_size <=  12.4 & total_deductions_by_hh_size <=  27.0","ranger",3330,0.93033,0.92272,1651,1523,0.9225,0.1701,0.0932,15.739,0.1475,0.9705,1.9
"2-3","rawben_rel_max <   0.46600 & shelter_expenses_by_hh_size < 654.00000 & unc_rawben_rel_max <  -0.00871 & utilities >=  42.00000","xgboost",473,0.94292,0.92272,256,240,0.9375,0.0268,0.0135,2.44,0.1475,0.9705,1.9
"2-3","percent_abawd <=   1.250 & total_deductions_by_hh_size > 386.000 & unc_rawben_rel_max >   0.997 & unc_rawben_rel_max <=   1.290","ranger",398,0.94472,0.9227,213,196,0.9202,0.0219,0.0162,2.031,0.1475,0.9705,1.9
"2-3","cat_elig < 2.0 & married < 1.0 & total_deductions_by_hh_size < 2.5","xgboost",2166,0.93213,0.92269,1535,1403,0.914,0.1567,0.0967,14.633,0.1475,0.9705,1.9
"2-3","cat_elig <= 0.500 & expedited_i > 0.500 & HH_size_n <= 2.500 & unc_rawben_rel_max > 0.997","ranger",244,0.95082,0.92269,109,104,0.9541,0.0116,0.0024,1.039,0.1475,0.9705,1.9
"2-3","HH_size_n >  2.500 & months_since_cert_n >  0.500 & unc_rawben_rel_max >  0.996 & utilities <= 22.000","ranger",1079,0.93605,0.92268,520,485,0.9327,0.0542,0.0285,4.957,0.1475,0.9705,1.9
"2-3","count_divisible_by_100 <=   0.50 & elderly_disabled_i >   0.50 & total_deductions_by_hh_size <=   1.27 & utilities > 282.00","ranger",532,0.94173,0.92268,291,275,0.945,0.0307,0.0117,2.774,0.1475,0.9705,1.9
"2-3","cat_elig <=   0.500 & rawben_rel_max >   0.997 & total_deductions_by_hh_size <= 786.000","ranger",1276,0.93495,0.92265,572,544,0.951,0.0608,0.0213,5.453,0.1475,0.9705,1.9
"2-3","count_divisible_by_100 <=   0.5 & months_since_cert_n <=   5.5 & shelter_expenses_by_hh_size <= 123.0 & total_deductions_by_hh_size <=  62.0","ranger",2782,0.93098,0.92265,1349,1236,0.9162,0.1381,0.0817,12.86,0.1475,0.9705,1.9
"2-3","percent_abawd <  0.333 & rawben_rel_max >=  0.731 & shelter_expenses_by_hh_size < 12.300","xgboost",3041,0.93061,0.92265,1473,1360,0.9233,0.1519,0.0832,14.042,0.1475,0.9705,1.9
"2-3","cat_elig <=   0.500 & medical_deductions <= 716.000 & unc_rawben_rel_max >   0.974","ranger",1332,0.93468,0.92264,611,580,0.9493,0.0648,0.0222,5.825,0.1475,0.9705,1.9
"2-3","homeless <=   0.500 & medical_deductions <= 625.000 & shelter_expenses_by_hh_size <= 341.000 & unc_rawben_rel_max >   0.996","ranger",4788,0.92899,0.92264,2367,2169,0.9163,0.2423,0.1705,22.564,0.1475,0.9705,1.9
"2-3","children_i > 0.500 & homeless > 0.500 & rawben_rel_max > 0.997","ranger",163,0.95706,0.92263,85,84,0.9882,0.0094,3e-04,0.81,0.1475,0.9705,1.9
"2-3","cat_elig <=  0.5 & expedited_i <=  0.5 & HH_size_n <=  2.5 & utilities <= 78.5","ranger",502,0.94223,0.92261,232,216,0.931,0.0241,0.0104,2.212,0.1475,0.9705,1.9
"2-3","rawben_rel_max >   0.997 & total_deductions_by_hh_size <= 199.000","ranger",4233,0.92936,0.92261,1928,1772,0.9191,0.1979,0.1354,18.379,0.1475,0.9705,1.9
"2-3","cat_elig <= 0.500 & months_since_cert_n > 5.500 & unc_rawben_rel_max > 0.941","ranger",275,0.94909,0.92258,118,111,0.9407,0.0124,0.0049,1.125,0.1475,0.9705,1.9
"2-3","HH_size_n <=   2.500 & rawben_rel_max >   0.928 & shelter_expenses_by_hh_size <= 252.000 & total_deductions_by_hh_size <= 112.000","ranger",1956,0.93252,0.92257,985,915,0.9289,0.1022,0.0546,9.39,0.1475,0.9705,1.9
"2-3","cat_elig <=  0.5 & count_divisible_by_100 <=  0.5 & elderly_disabled_i <=  0.5 & total_deductions_by_hh_size <= 62.0","ranger",735,0.93878,0.92256,344,322,0.936,0.036,0.0146,3.279,0.1475,0.9705,1.9
"2-3","medical_deductions <= 536.000 & months_since_cert_n <=   5.500 & shelter_expenses_by_hh_size <= 252.000 & unc_rawben_rel_max >   0.901","ranger",3554,0.92994,0.92256,1743,1602,0.9191,0.179,0.1174,16.616,0.1475,0.9705,1.9
"2-3","children_i > 0.500 & HH_size_n > 2.500 & rawben_rel_max > 0.997 & unc_rawben_rel_max <= 1.340","ranger",2464,0.93141,0.92255,1468,1322,0.9005,0.1477,0.1345,13.994,0.1475,0.9705,1.9
"2-3","cat_elig <=  0.500 & months_since_cert_n <= 21.500 & unc_rawben_rel_max >  0.974","ranger",1330,0.93459,0.92253,610,579,0.9492,0.0647,0.0222,5.815,0.1475,0.9705,1.9
"2-3","rawben_rel_max >   0.997 & shelter_expenses_by_hh_size <= 361.000 & total_deductions_by_hh_size <= 602.000 & utilities > 420.000","ranger",1077,0.93593,0.92253,530,490,0.9245,0.0547,0.0355,5.052,0.1475,0.9705,1.9
"2-3","medical_deductions <=  17.000 & shelter_expenses_by_hh_size <= 331.000 & unc_rawben_rel_max >   0.974","ranger",5063,0.9287,0.92252,2563,2350,0.9169,0.2625,0.1777,24.433,0.1475,0.9705,1.9
"2-3","HH_size_n <=   2.500 & shelter_expenses_by_hh_size <= 334.000 & total_deductions_by_hh_size <= 247.000 & unc_rawben_rel_max >   0.882","ranger",2695,0.93098,0.92251,1409,1290,0.9155,0.1441,0.0946,13.432,0.1475,0.9705,1.9
"2-3","cat_elig <= 0.5 & homeless > 0.5 & months_since_cert_n > 0.5","ranger",55,0.98182,0.92251,26,26,1,0.0029,0,0.248,0.1475,0.9705,1.9
"2-3","cat_elig <= 0.500 & elderly_disabled_i > 0.500 & rawben_rel_max <= 0.999 & unc_rawben_rel_max <= 0.247","ranger",55,0.98182,0.92251,26,26,1,0.0029,0,0.248,0.1475,0.9705,1.9
"2-3","rawben_rel_max >   0.997 & total_deductions_by_hh_size <= 636.000 & unc_rawben_rel_max <=   1.430","ranger",6562,0.92792,0.92249,3335,3063,0.9184,0.3422,0.2371,31.792,0.1475,0.9705,1.9
"2-3","cat_elig <= 0.500 & elderly_disabled_i <= 0.500 & rawben_rel_max > 0.999","ranger",1203,0.93516,0.92248,528,504,0.9545,0.0563,0.018,5.033,0.1475,0.9705,1.9
"2-3","HH_size_n <=   2.500 & total_deductions_by_hh_size <= 519.000 & unc_rawben_rel_max >   0.998 & unc_rawben_rel_max <=   1.490","ranger",3915,0.9295,0.92247,2113,1949,0.9224,0.2177,0.1416,20.143,0.1475,0.9705,1.9
"2-3","medical_deductions > 128.000 & percent_abawd <=   0.167 & total_deductions_by_hh_size >  28.500 & unc_rawben_rel_max <=   0.158","ranger",259,0.94981,0.92247,120,111,0.925,0.0124,0.0061,1.144,0.1475,0.9705,1.9
"2-3","cat_elig <  1 & months_since_cert_n <  9 & total_deductions_by_hh_size < 23","xgboost",820,0.9378,0.92244,392,371,0.9464,0.0414,0.014,3.737,0.1475,0.9705,1.9
"2-3","total_deductions_by_hh_size >=   4.10000 & total_deductions_by_hh_size < 378.00000 & unc_rawben_rel_max <  -0.00871","xgboost",486,0.94239,0.92243,225,206,0.9156,0.023,0.017,2.145,0.1475,0.9705,1.9
"2-3","shelter_expenses_by_hh_size <= 331.000 & unc_rawben_rel_max >   0.974","ranger",5070,0.9286,0.92242,2567,2352,0.9162,0.2627,0.1788,24.471,0.1475,0.9705,1.9
"2-3","rawben_rel_max >   0.997 & shelter_expenses_by_hh_size <= 526.000 & total_deductions_by_hh_size <= 415.000 & utilities > 451.000","ranger",1592,0.93342,0.92239,755,699,0.9258,0.0781,0.0512,7.197,0.1475,0.9705,1.9
"2-3","months_since_cert_n <   5.000 & rawben_rel_max >=   0.989 & shelter_expenses_by_hh_size < 308.000","xgboost",3017,0.93039,0.92238,1495,1380,0.9231,0.1542,0.0938,14.252,0.1475,0.9705,1.9
"2-3","medical_deductions <= 330.000 & months_since_cert_n <=   5.500 & unc_rawben_rel_max >   0.996 & utilities <=  78.500","ranger",2458,0.93124,0.92237,1222,1133,0.9272,0.1266,0.072,11.649,0.1475,0.9705,1.9
"2-3","HH_size_n <=   2.500 & medical_deductions <= 148.000 & rawben_rel_max >   0.999 & shelter_expenses_by_hh_size <= 361.000","ranger",2771,0.93071,0.92235,1397,1288,0.922,0.1439,0.0908,13.317,0.1475,0.9705,1.9
"2-3","cat_elig <= 0.500 & count_divisible_by_100 <= 0.500 & unc_rawben_rel_max > 0.996","ranger",1187,0.93513,0.92235,516,491,0.9516,0.0548,0.0181,4.919,0.1475,0.9705,1.9
"2-3","rawben_rel_max >=   0.322 & shelter_expenses_by_hh_size < 372.000 & total_deductions_by_hh_size < 405.000 & unc_rawben_rel_max >=   0.998","xgboost",5146,0.92849,0.92235,2564,2357,0.9193,0.2633,0.1773,24.442,0.1475,0.9705,1.9
"2-3","cat_elig <=   0.5 & expedited_i <=   0.5 & shelter_expenses_by_hh_size <= 250.0 & utilities <=  80.5","ranger",790,0.93797,0.92231,379,345,0.9103,0.0385,0.0198,3.613,0.1475,0.9705,1.9
"2-3","count_divisible_by_100 <   1.000 & rawben_rel_max >=   0.869 & total_deductions_by_hh_size < 115.000","xgboost",3366,0.92989,0.9223,1709,1584,0.9269,0.1769,0.1004,16.292,0.1475,0.9705,1.9
"2-3","percent_abawd <   0.667 & rawben_rel_max >=   0.893 & total_deductions_by_hh_size < 194.000","xgboost",4349,0.92895,0.92227,2206,2009,0.9107,0.2244,0.1637,21.03,0.1475,0.9705,1.9
"2-3","cat_elig >  0.500 & total_deductions_by_hh_size <= 22.400 & unc_rawben_rel_max >  0.878","ranger",2400,0.93125,0.92226,1188,1099,0.9251,0.1228,0.0707,11.325,0.1475,0.9705,1.9
"2-3","rawben_rel_max >   0.997 & total_deductions_by_hh_size <= 199.000 & utilities <= 495.000","ranger",3945,0.92928,0.92226,1858,1707,0.9187,0.1907,0.1298,17.712,0.1475,0.9705,1.9
"2-3","married <=   0.500 & shelter_expenses_by_hh_size <= 397.000 & unc_rawben_rel_max >   0.997","ranger",4898,0.92854,0.92225,2442,2241,0.9177,0.2503,0.1723,23.279,0.1475,0.9705,1.9
"2-3","rawben_rel_max >=   0.974 & shelter_expenses_by_hh_size < 332.000","xgboost",5072,0.92843,0.92225,2568,2353,0.9163,0.2628,0.1788,24.48,0.1475,0.9705,1.9
"2-3","medical_deductions <= 268.000 & rawben_rel_max >   0.999 & unc_rawben_rel_max >   0.997 & unc_rawben_rel_max <=   1.420","ranger",6580,0.92766,0.92223,3344,3070,0.9181,0.3429,0.236,31.878,0.1475,0.9705,1.9
"2-3","cat_elig <=   0.500 & percent_abawd <=   0.583 & shelter_expenses_by_hh_size <= 252.000 & utilities <=  46.000","ranger",917,0.93675,0.9222,442,411,0.9299,0.0459,0.0193,4.214,0.1475,0.9705,1.9
"2-3","cat_elig <=   0.5 & shelter_expenses_by_hh_size <= 237.0 & total_deductions_by_hh_size <= 468.0 & utilities <=  47.5","ranger",931,0.93663,0.92219,445,413,0.9281,0.0461,0.0197,4.242,0.1475,0.9705,1.9
"2-3","expedited_i <=   0.50000 & shelter_expenses_by_hh_size <= 860.00000 & unc_rawben_rel_max <=  -0.00545","ranger",645,0.93953,0.92218,328,305,0.9299,0.0341,0.0184,3.127,0.1475,0.9705,1.9
"2-3","shelter_expenses_by_hh_size < 847.00 & unc_rawben_rel_max >=   1.00 & unc_rawben_rel_max <   1.42","xgboost",6429,0.92767,0.92218,3264,2992,0.9167,0.3342,0.2352,31.115,0.1475,0.9705,1.9
"2-3","HH_size_n >=   3.00 & shelter_expenses_by_hh_size < 281.00 & total_deductions_by_hh_size < 181.00 & unc_rawben_rel_max >=   1.05","xgboost",1407,0.9339,0.92215,688,630,0.9157,0.0704,0.0563,6.559,0.1475,0.9705,1.9
"2-3","count_divisible_by_100 <  1.0 & months_since_cert_n <  4.0 & percent_abawd <  0.5 & total_deductions_by_hh_size < 15.5","xgboost",1972,0.93205,0.92212,941,868,0.9224,0.097,0.0521,8.97,0.1475,0.9705,1.9
"2-3","count_divisible_by_100 <=   0.50 & percent_abawd <=   1.50 & total_deductions_by_hh_size <=   1.27 & utilities <= 282.00","ranger",3358,0.92972,0.92211,1651,1523,0.9225,0.1701,0.0945,15.739,0.1475,0.9705,1.9
"2-3","count_divisible_by_100 <=   0.500 & homeless <=   0.500 & shelter_expenses_by_hh_size <= 263.000 & unc_rawben_rel_max >   0.897","ranger",4273,0.92886,0.92211,2142,1950,0.9104,0.2178,0.1642,20.419,0.1475,0.9705,1.9
"2-3","HH_size_n >  2.500 & unc_rawben_rel_max >  0.996 & utilities <= 22.000","ranger",1169,0.93499,0.92209,579,542,0.9361,0.0605,0.0313,5.52,0.1475,0.9705,1.9
"2-3","cat_elig <= 0.500 & children_i > 0.500 & HH_size_n <= 2.500 & rawben_rel_max > 0.911","ranger",673,0.93908,0.92208,305,288,0.9443,0.0322,0.013,2.908,0.1475,0.9705,1.9
"2-3","count_divisible_by_100 <  1.000 & percent_abawd <  0.667 & total_deductions_by_hh_size < 23.000 & unc_rawben_rel_max >=  1.110","xgboost",1364,0.93402,0.92208,704,662,0.9403,0.0739,0.036,6.711,0.1475,0.9705,1.9
"2-3","cat_elig <=   0.500 & count_divisible_by_100 <=   1.500 & medical_deductions <= 268.000 & rawben_rel_max >   0.996","ranger",1280,0.93437,0.92205,571,544,0.9527,0.0608,0.0197,5.443,0.1475,0.9705,1.9
"2-3","cat_elig >  1.500 & unc_rawben_rel_max >  0.997 & unc_rawben_rel_max <=  1.330 & utilities <= 30.500","ranger",1210,0.93471,0.92203,171,160,0.9357,0.0179,0.0089,1.63,0.1475,0.9705,1.9
"2-3","months_since_cert_n > 5.500 & percent_abawd > 0.417 & unc_rawben_rel_max > 1.010 & unc_rawben_rel_max <= 1.110","ranger",32,1,0.92203,16,16,1,0.0018,0,0.153,0.1475,0.9705,1.9
"2-3","shelter_expenses_by_hh_size <= 62.1 & total_deductions_by_hh_size <= 39.0 & utilities <= 40.0","ranger",3489,0.92949,0.92203,1748,1609,0.9205,0.1797,0.0999,16.663,0.1475,0.9705,1.9
"2-3","cat_elig <=   1.500 & homeless <=   0.500 & unc_rawben_rel_max >   0.901 & utilities <= 130.000","ranger",2120,0.9316,0.92202,1566,1432,0.9144,0.16,0.114,14.929,0.1475,0.9705,1.9
"2-3","total_deductions_by_hh_size >  62.000 & unc_rawben_rel_max >   0.996 & unc_rawben_rel_max <=   1.340 & utilities > 340.000","ranger",2311,0.9312,0.92202,1512,1378,0.9114,0.1539,0.1202,14.414,0.1475,0.9705,1.9
"2-3","cat_elig <=   0.5 & homeless <=   0.5 & shelter_expenses_by_hh_size <=  43.0 & utilities <= 286.0","ranger",787,0.93774,0.92201,371,343,0.9245,0.0383,0.0174,3.537,0.1475,0.9705,1.9
"2-3","cat_elig <= 0.500 & unc_rawben_rel_max > 0.972","ranger",1335,0.93408,0.92201,612,581,0.9493,0.0649,0.0222,5.834,0.1475,0.9705,1.9
"2-3","HH_size_n >  2.5 & total_deductions_by_hh_size <= 12.1 & utilities <= 41.5","ranger",1321,0.93414,0.922,650,594,0.9138,0.0664,0.042,6.196,0.1475,0.9705,1.9
"2-3","cat_elig <  1 & months_since_cert_n >=  9 & total_deductions_by_hh_size < 23","xgboost",93,0.96774,0.922,49,44,0.898,0.0049,0.0032,0.467,0.1475,0.9705,1.9
"2-3","elderly_disabled_i <=  0.500 & HH_size_n <=  2.500 & rawben_rel_max >  0.997 & utilities <= 33.000","ranger",1818,0.93234,0.922,918,854,0.9303,0.0954,0.0489,8.751,0.1475,0.9705,1.9
"2-3","cat_elig <   2.0 & months_since_cert_n >=   1.0 & total_deductions_by_hh_size <  13.3 & utilities < 287.0","xgboost",2119,0.93157,0.92199,1456,1338,0.919,0.1495,0.0766,13.88,0.1475,0.9705,1.9
"2-3","medical_deductions >= 123.000 & unc_rawben_rel_max >=  -0.290 & unc_rawben_rel_max <   0.155","xgboost",178,0.95506,0.92199,96,92,0.9583,0.0103,0.0033,0.915,0.1475,0.9705,1.9
"2-3","elderly_disabled_i <   1.00 & shelter_expenses_by_hh_size < 426.00 & unc_rawben_rel_max >=   1.01 & unc_rawben_rel_max <   1.55","xgboost",5188,0.9281,0.92198,2594,2383,0.9187,0.2662,0.1786,24.728,0.1475,0.9705,1.9
"2-3","cat_elig <=   0.50 & homeless <=   0.50 & medical_deductions <= 144.00 & unc_rawben_rel_max >   1.01","ranger",1209,0.93466,0.92197,538,510,0.948,0.057,0.0213,5.129,0.1475,0.9705,1.9
"2-3","cat_elig <=   1.500 & rawben_rel_max >   0.996 & unc_rawben_rel_max <=   1.490 & utilities <= 508.000","ranger",3392,0.92954,0.92196,2438,2219,0.9102,0.2479,0.1935,23.241,0.1475,0.9705,1.9
"2-3","elderly_disabled_i <=  0.5 & months_since_cert_n >  0.5 & total_deductions_by_hh_size <= 17.7 & utilities <= 22.0","ranger",2784,0.93032,0.92195,1336,1237,0.9259,0.1382,0.0716,12.736,0.1475,0.9705,1.9
"2-3","shelter_expenses_by_hh_size >= 27.5000 & unc_rawben_rel_max >= -0.7100 & unc_rawben_rel_max < -0.0566","xgboost",527,0.94118,0.92195,272,252,0.9265,0.0282,0.0207,2.593,0.1475,0.9705,1.9
"2-3","HH_size_n <=  2.50 & months_since_cert_n <= 26.50 & unc_rawben_rel_max >  1.00 & unc_rawben_rel_max <=  1.49","ranger",4036,0.92889,0.92194,2178,2010,0.9229,0.2245,0.1426,20.763,0.1475,0.9705,1.9
"2-3","cat_elig <=  0.500 & elderly_disabled_i <=  0.500 & percent_abawd <=  0.167 & total_deductions_by_hh_size <= 52.900","ranger",729,0.93827,0.92193,343,322,0.9388,0.036,0.0143,3.27,0.1475,0.9705,1.9
"2-3","months_since_cert_n <=  29.500 & percent_abawd <=   0.583 & unc_rawben_rel_max >   0.941 & utilities <= 284.000","ranger",3646,0.92924,0.92193,1765,1621,0.9184,0.1811,0.1231,16.826,0.1475,0.9705,1.9
"2-3","elderly_disabled_i <= 0.500 & expedited_i > 0.500 & unc_rawben_rel_max > 0.997 & unc_rawben_rel_max <= 1.300","ranger",1222,0.93453,0.92191,628,584,0.9299,0.0652,0.0351,5.987,0.1475,0.9705,1.9
"2-3","cat_elig <=   0.500 & rawben_rel_max >   0.341 & shelter_expenses_by_hh_size <= 135.000","ranger",998,0.93587,0.9219,473,436,0.9218,0.0487,0.0224,4.509,0.1475,0.9705,1.9
"2-3","cat_elig >=   1.00 & rawben_rel_max >=   0.92 & shelter_expenses_by_hh_size < 295.00 & unc_rawben_rel_max <   1.24","xgboost",3402,0.92945,0.92188,1748,1592,0.9108,0.1778,0.1326,16.663,0.1475,0.9705,1.9
"2-3","cat_elig <=  0.5 & shelter_expenses_by_hh_size <= 43.0 & utilities <= 52.0","ranger",814,0.93735,0.92187,385,359,0.9325,0.0401,0.0166,3.67,0.1475,0.9705,1.9
"2-3","count_divisible_by_100 <=  0.500 & HH_size_n >  2.500 & unc_rawben_rel_max >  0.901 & utilities <= 39.500","ranger",1235,0.93441,0.92185,601,551,0.9168,0.0616,0.0374,5.729,0.1475,0.9705,1.9
"2-3","cat_elig >   0.500 & children_i >   0.500 & unc_rawben_rel_max >   0.904 & utilities <= 114.000","ranger",2658,0.9304,0.92183,1338,1217,0.9096,0.1359,0.1028,12.755,0.1475,0.9705,1.9
"2-3","children_i >   0.5 & HH_size_n <=   2.5 & shelter_expenses_by_hh_size <= 599.0 & total_deductions_by_hh_size <=  29.9","ranger",2101,0.93146,0.92183,1020,941,0.9225,0.1051,0.0542,9.724,0.1475,0.9705,1.9
"2-3","HH_size_n <= 2.50 & homeless <= 0.50 & unc_rawben_rel_max > 1.00 & unc_rawben_rel_max <= 1.49","ranger",3895,0.92888,0.92181,2093,1929,0.9216,0.2155,0.14,19.952,0.1475,0.9705,1.9
"2-3","cat_elig >   0.500 & shelter_expenses_by_hh_size <= 322.000 & total_deductions_by_hh_size <= 433.000 & unc_rawben_rel_max >   0.997","ranger",3828,0.92894,0.92181,1935,1763,0.9111,0.1969,0.147,18.446,0.1475,0.9705,1.9
"2-3","months_since_cert_n < 27.000 & total_deductions_by_hh_size <  2.500 & unc_rawben_rel_max >=  0.726","xgboost",3035,0.92982,0.9218,1479,1368,0.9249,0.1528,0.083,14.099,0.1475,0.9705,1.9
"2-3","homeless <=   0.500 & total_deductions_by_hh_size <= 224.000 & unc_rawben_rel_max >   0.893 & utilities <=  80.500","ranger",3357,0.9294,0.92178,1646,1511,0.918,0.1688,0.1104,15.691,0.1475,0.9705,1.9
"2-3","cat_elig <= 0.500 & elderly_disabled_i <= 0.500 & unc_rawben_rel_max > 0.997","ranger",1206,0.93449,0.92177,531,507,0.9548,0.0566,0.018,5.062,0.1475,0.9705,1.9
"2-3","months_since_cert_n < 17.000 & percent_abawd <  0.333 & total_deductions_by_hh_size < 79.500 & unc_rawben_rel_max >=  1.100","xgboost",1400,0.93357,0.92177,697,648,0.9297,0.0724,0.0402,6.644,0.1475,0.9705,1.9
"2-3","children_i > 0.500 & total_deductions_by_hh_size <= 0.217","ranger",3234,0.9295,0.92173,1572,1442,0.9173,0.1611,0.0933,14.986,0.1475,0.9705,1.9
"2-3","expedited_i < 1.000 & homeless < 1.000 & unc_rawben_rel_max >= 0.998 & unc_rawben_rel_max < 1.360","xgboost",4798,0.9281,0.92172,2415,2212,0.9159,0.2471,0.1779,23.022,0.1475,0.9705,1.9
"2-3","expedited_i < 1.000 & unc_rawben_rel_max >= 0.998 & unc_rawben_rel_max < 1.360","xgboost",4918,0.92802,0.92172,2486,2279,0.9167,0.2546,0.1799,23.699,0.1475,0.9705,1.9
"2-3","cat_elig < 1.000 & elderly_disabled_i < 1.000 & unc_rawben_rel_max >= 0.998 & unc_rawben_rel_max < 1.740","xgboost",1205,0.93444,0.92171,527,503,0.9545,0.0562,0.018,5.024,0.1475,0.9705,1.9
"2-3","elderly_disabled_i <=  0.500 & unc_rawben_rel_max >  0.904 & utilities <= 78.500","ranger",3581,0.92907,0.92168,1777,1638,0.9218,0.183,0.1151,16.94,0.1475,0.9705,1.9
"2-3","cat_elig >   0.500 & rawben_rel_max >   0.997 & shelter_expenses_by_hh_size <= 329.000","ranger",3875,0.92877,0.92167,1979,1802,0.9106,0.2013,0.1528,18.866,0.1475,0.9705,1.9
"2-3","months_since_cert_n <=  5.5 & total_deductions_by_hh_size <= 32.3 & utilities <= 78.5","ranger",2814,0.92999,0.92166,1388,1282,0.9236,0.1432,0.0784,13.232,0.1475,0.9705,1.9
"2-3","total_deductions_by_hh_size <= 22.0 & utilities <= 32.5","ranger",3553,0.92907,0.92166,1770,1634,0.9232,0.1825,0.0988,16.873,0.1475,0.9705,1.9
"2-3","count_divisible_by_100 <=   0.500 & rawben_rel_max >   0.997 & shelter_expenses_by_hh_size <= 497.000 & total_deductions_by_hh_size <= 444.000","ranger",5471,0.92762,0.92164,2740,2515,0.9179,0.2809,0.1933,26.12,0.1475,0.9705,1.9
"2-3","married <=   0.500 & months_since_cert_n >   2.500 & rawben_rel_max >   0.996 & shelter_expenses_by_hh_size <= 252.000","ranger",2435,0.9306,0.92164,1198,1087,0.9073,0.1214,0.0985,11.42,0.1475,0.9705,1.9
"2-3","children_i >=   1.000 & expedited_i <   1.000 & rawben_rel_max >=   0.913 & shelter_expenses_by_hh_size < 295.000","xgboost",3565,0.92903,0.92163,1755,1590,0.906,0.1776,0.141,16.73,0.1475,0.9705,1.9
"2-3","expedited_i <=   0.500 & shelter_expenses_by_hh_size <= 252.000 & unc_rawben_rel_max >   0.928","ranger",3538,0.92906,0.92162,1754,1592,0.9076,0.1778,0.1402,16.721,0.1475,0.9705,1.9
"2-3","children_i >=   1.000 & months_since_cert_n <  11.000 & shelter_expenses_by_hh_size < 302.000 & unc_rawben_rel_max >=   0.898","xgboost",4552,0.92816,0.92161,2208,2015,0.9126,0.2251,0.1623,21.049,0.1475,0.9705,1.9
"2-3","count_divisible_by_100 <   1.0 & shelter_expenses_by_hh_size < 204.0 & total_deductions_by_hh_size <   2.5","xgboost",3523,0.92904,0.92159,1761,1624,0.9222,0.1814,0.1037,16.787,0.1475,0.9705,1.9
"2-3","medical_deductions <=  3.0 & total_deductions_by_hh_size <= 22.2 & utilities <= 38.5","ranger",3589,0.92895,0.92157,1786,1646,0.9216,0.1839,0.1012,17.026,0.1475,0.9705,1.9
"2-3","children_i <   1.0000 & rawben_rel_max <   0.0436 & shelter_expenses_by_hh_size < 456.0000 & utilities >= 361.0000","xgboost",177,0.9548,0.92156,2,2,1,2e-04,0,0.019,0.1475,0.9705,1.9
"2-3","elderly_disabled_i <=  0.500 & expedited_i <=  0.500 & rawben_rel_max >  0.917 & utilities <= 22.000","ranger",2324,0.93072,0.92155,1162,1071,0.9217,0.1196,0.0748,11.077,0.1475,0.9705,1.9
"2-3","HH_size_n >   2.500 & homeless <=   0.500 & shelter_expenses_by_hh_size <= 120.000 & unc_rawben_rel_max >   0.914","ranger",1327,0.93369,0.92154,647,597,0.9227,0.0667,0.0462,6.168,0.1475,0.9705,1.9
"2-3","cat_elig >   0.500 & months_since_cert_n <=  10.500 & rawben_rel_max >   0.997 & shelter_expenses_by_hh_size <= 251.000","ranger",3159,0.92941,0.92154,1573,1428,0.9078,0.1595,0.1282,14.995,0.1475,0.9705,1.9
"2-3","count_divisible_by_100 <  1.0 & percent_abawd <  0.5 & total_deductions_by_hh_size < 15.5","xgboost",4082,0.92847,0.92154,2025,1867,0.922,0.2086,0.1129,19.304,0.1475,0.9705,1.9
"2-3","married <   1.00 & months_since_cert_n >=   6.00 & shelter_expenses_by_hh_size < 113.00 & unc_rawben_rel_max >=   1.05","xgboost",654,0.93884,0.92154,321,293,0.9128,0.0327,0.0249,3.06,0.1475,0.9705,1.9
"2-3","expedited_i >=   1.000 & months_since_cert_n <   5.000 & rawben_rel_max >=   0.996 & total_deductions_by_hh_size >= 311.000","xgboost",193,0.95337,0.92153,128,115,0.8984,0.0128,0.0104,1.22,0.1475,0.9705,1.9
"2-3","percent_abawd <   0.5 & shelter_expenses_by_hh_size < 592.0 & total_deductions_by_hh_size <   2.5","xgboost",3945,0.92852,0.92147,1924,1772,0.921,0.1979,0.1091,18.341,0.1475,0.9705,1.9
"2-3","children_i >  0.500 & homeless >  0.500 & rawben_rel_max >  0.886 & utilities <= 78.500","ranger",144,0.95833,0.92145,77,75,0.974,0.0084,9e-04,0.734,0.1475,0.9705,1.9
"2-3","medical_deductions > 186.000 & rawben_rel_max <=   0.177","ranger",144,0.95833,0.92145,74,70,0.9459,0.0078,0.0025,0.705,0.1475,0.9705,1.9
"2-3","months_since_cert_n <= 35.500 & percent_abawd <=  0.583 & total_deductions_by_hh_size <= 38.800 & utilities <= 78.500","ranger",3864,0.92857,0.92145,1903,1746,0.9175,0.195,0.1128,18.141,0.1475,0.9705,1.9
"2-3","rawben_rel_max >   0.996 & shelter_expenses_by_hh_size <= 355.000","ranger",5087,0.92766,0.92145,2532,2326,0.9186,0.2598,0.1758,24.137,0.1475,0.9705,1.9
"2-3","shelter_expenses_by_hh_size >= 256.000 & shelter_expenses_by_hh_size < 338.000 & unc_rawben_rel_max >=   0.998 & unc_rawben_rel_max <   1.110","xgboost",144,0.95833,0.92145,74,72,0.973,0.008,6e-04,0.705,0.1475,0.9705,1.9
"2-3","expedited_i <=   0.500 & HH_size_n >   2.500 & unc_rawben_rel_max >   0.997 & utilities <= 286.000","ranger",1006,0.93539,0.92143,471,434,0.9214,0.0485,0.0331,4.49,0.1475,0.9705,1.9
"2-3","expedited_i >   0.500 & total_deductions_by_hh_size <= 468.000 & unc_rawben_rel_max >   0.996 & unc_rawben_rel_max <=   1.290","ranger",1256,0.93392,0.92143,656,612,0.9329,0.0684,0.0347,6.254,0.1475,0.9705,1.9
"2-3","rawben_rel_max >=   0.322 & shelter_expenses_by_hh_size < 372.000 & unc_rawben_rel_max >=   0.998","xgboost",5178,0.92758,0.92143,2590,2377,0.9178,0.2655,0.1841,24.69,0.1475,0.9705,1.9
"2-3","cat_elig >   0.500 & children_i >   0.500 & rawben_rel_max >   0.901 & utilities <= 130.000","ranger",2671,0.92999,0.92142,1346,1222,0.9079,0.1365,0.106,12.831,0.1475,0.9705,1.9
"2-3","expedited_i < 1.000 & HH_size_n >= 3.000 & unc_rawben_rel_max >= 0.998 & unc_rawben_rel_max < 1.290","xgboost",1900,0.93158,0.92142,926,846,0.9136,0.0945,0.0732,8.827,0.1475,0.9705,1.9
"2-3","percent_abawd <=  1.75 & total_deductions_by_hh_size <= 29.80 & utilities <= 30.50","ranger",3582,0.92881,0.92141,1784,1648,0.9238,0.1841,0.0985,17.007,0.1475,0.9705,1.9
"2-3","expedited_i <=   0.500 & rawben_rel_max >   0.997 & total_deductions_by_hh_size <= 636.000 & unc_rawben_rel_max <=   1.430","ranger",5044,0.92764,0.9214,2535,2326,0.9176,0.2598,0.1829,24.166,0.1475,0.9705,1.9
"2-3","months_since_cert_n >   1.500 & shelter_expenses_by_hh_size <= 330.000 & total_deductions_by_hh_size <= 472.000 & unc_rawben_rel_max >   0.997","ranger",3768,0.92861,0.9214,1815,1659,0.914,0.1853,0.1299,17.302,0.1475,0.9705,1.9
"2-3","cat_elig <=   0.500 & medical_deductions <= 149.000 & months_since_cert_n <=  32.500 & unc_rawben_rel_max >   0.996","ranger",1283,0.93375,0.92139,573,545,0.9511,0.0609,0.0213,5.462,0.1475,0.9705,1.9
"2-3","HH_size_n <=  2.500 & months_since_cert_n <= 28.500 & total_deductions_by_hh_size <=  0.217","ranger",2641,0.92995,0.92133,1324,1234,0.932,0.1378,0.0629,12.622,0.1475,0.9705,1.9
"2-3","cat_elig <=   0.500 & percent_abawd <=   0.167 & shelter_expenses_by_hh_size <=  73.500 & total_deductions_by_hh_size <= 466.000","ranger",808,0.93688,0.9213,373,345,0.9249,0.0385,0.0176,3.556,0.1475,0.9705,1.9
"2-3","cat_elig >  0.500 & rawben_rel_max >  0.882 & total_deductions_by_hh_size <= 69.400","ranger",2586,0.93001,0.9213,1304,1199,0.9195,0.1339,0.0845,12.431,0.1475,0.9705,1.9
"2-3","HH_size_n <=   2.50 & rawben_rel_max >   0.94 & shelter_expenses_by_hh_size <= 263.00 & total_deductions_by_hh_size <= 378.00","ranger",2572,0.93002,0.92128,1302,1191,0.9147,0.133,0.0913,12.412,0.1475,0.9705,1.9
"2-3","medical_deductions > 124.000 & months_since_cert_n <=  28.500 & percent_abawd <=   0.167 & unc_rawben_rel_max <=   0.157","ranger",255,0.94902,0.92128,118,110,0.9322,0.0123,0.0057,1.125,0.1475,0.9705,1.9
"2-3","cat_elig >   0.500 & percent_abawd <=   1.750 & rawben_rel_max >   0.997 & shelter_expenses_by_hh_size <= 289.000","ranger",3601,0.92863,0.92125,1844,1676,0.9089,0.1872,0.1458,17.579,0.1475,0.9705,1.9
"2-3","months_since_cert_n <=  32.000 & shelter_expenses_by_hh_size <= 501.000 & unc_rawben_rel_max >   0.997 & unc_rawben_rel_max <=   1.490","ranger",5879,0.92703,0.92125,3027,2776,0.9171,0.3101,0.2174,28.856,0.1475,0.9705,1.9
"2-3","percent_abawd <=   0.7500 & rawben_rel_max <=   0.9960 & total_deductions_by_hh_size <= 468.0000 & unc_rawben_rel_max <=  -0.0352","ranger",623,0.939,0.92125,301,281,0.9336,0.0314,0.018,2.869,0.1475,0.9705,1.9
"2-3","shelter_expenses_by_hh_size >= 200 & shelter_expenses_by_hh_size < 355 & unc_rawben_rel_max >=   1 & utilities >= 447","xgboost",751,0.93742,0.92125,349,327,0.937,0.0365,0.017,3.327,0.1475,0.9705,1.9
"2-3","cat_elig >=   1.00 & rawben_rel_max >=   0.89 & shelter_expenses_by_hh_size < 251.00 & unc_rawben_rel_max <   1.17","xgboost",3147,0.92914,0.92124,1647,1496,0.9083,0.1671,0.1222,15.701,0.1475,0.9705,1.9
"2-3","children_i >=   1.000 & rawben_rel_max >=   0.235 & shelter_expenses_by_hh_size < 210.000 & total_deductions_by_hh_size <  20.600","xgboost",3387,0.92885,0.92123,1669,1525,0.9137,0.1704,0.1028,15.91,0.1475,0.9705,1.9
"2-3","percent_abawd <=  0.583 & total_deductions_by_hh_size <= 38.800 & utilities <= 78.500","ranger",3866,0.92835,0.92122,1907,1750,0.9177,0.1955,0.1128,18.179,0.1475,0.9705,1.9
"2-3","cat_elig >  0.5 & HH_size_n >  2.5 & shelter_expenses_by_hh_size <= 13.5 & total_deductions_by_hh_size <= 12.9","ranger",1003,0.93519,0.9212,481,435,0.9044,0.0486,0.0355,4.585,0.1475,0.9705,1.9
"2-3","cat_elig >   0.500 & rawben_rel_max >   0.984 & shelter_expenses_by_hh_size <= 252.000","ranger",3451,0.92872,0.92117,1758,1600,0.9101,0.1787,0.1372,16.759,0.1475,0.9705,1.9
"2-3","count_divisible_by_100 <   1.000 & rawben_rel_max >=   0.957 & shelter_expenses_by_hh_size < 628.000 & total_deductions_by_hh_size < 206.000","xgboost",4128,0.92805,0.92115,1930,1778,0.9212,0.1986,0.1275,18.398,0.1475,0.9705,1.9
"2-3","medical_deductions <= 1350.00 & months_since_cert_n <=    5.50 & total_deductions_by_hh_size <=    1.05","ranger",2862,0.92942,0.92113,1402,1294,0.923,0.1445,0.0783,13.365,0.1475,0.9705,1.9
"2-3","months_since_cert_n >   5.500 & rawben_rel_max >   0.997 & total_deductions_by_hh_size <= 307.000 & unc_rawben_rel_max <=   1.220","ranger",1168,0.93408,0.9211,576,531,0.9219,0.0593,0.0432,5.491,0.1475,0.9705,1.9
"2-3","cat_elig <   1.00 & months_since_cert_n <   8.00 & rawben_rel_max >=   0.97 & total_deductions_by_hh_size < 466.00","xgboost",1154,0.93414,0.92109,522,495,0.9483,0.0553,0.0198,4.976,0.1475,0.9705,1.9
"2-3","cat_elig <= 0.500 & homeless <= 0.500 & unc_rawben_rel_max > 0.997 & unc_rawben_rel_max <= 1.550","ranger",1223,0.93377,0.92109,545,517,0.9486,0.0578,0.0213,5.195,0.1475,0.9705,1.9
"2-3","percent_abawd <=   1.750 & shelter_expenses_by_hh_size <= 397.000 & unc_rawben_rel_max >   0.997 & unc_rawben_rel_max <=   1.630","ranger",5405,0.9271,0.92107,2678,2455,0.9167,0.2742,0.1896,25.529,0.1475,0.9705,1.9
"2-3","count_divisible_by_100 < 1.0 & total_deductions_by_hh_size < 4.1 & unc_rawben_rel_max < 1.5","xgboost",4017,0.92806,0.92106,2007,1857,0.9253,0.2074,0.1091,19.133,0.1475,0.9705,1.9
"2-3","months_since_cert_n >=  2.0 & months_since_cert_n <  8.0 & shelter_expenses_by_hh_size < 21.0 & total_deductions_by_hh_size < 18.4","xgboost",1999,0.93097,0.92104,908,836,0.9207,0.0934,0.0503,8.656,0.1475,0.9705,1.9
"2-3","cat_elig >  0.5 & months_since_cert_n <=  3.5 & total_deductions_by_hh_size <= 36.9 & utilities <= 22.0","ranger",1332,0.93318,0.92103,678,625,0.9218,0.0698,0.0389,6.463,0.1475,0.9705,1.9
"2-3","children_i >  0.5 & count_divisible_by_100 <=  1.5 & married <=  0.5 & total_deductions_by_hh_size <= 22.8","ranger",3523,0.92847,0.92099,1711,1559,0.9112,0.1742,0.1045,16.311,0.1475,0.9705,1.9
"2-3","cat_elig <=   0.500 & medical_deductions <= 716.000 & rawben_rel_max >   0.994 & unc_rawben_rel_max >   0.974","ranger",1290,0.93333,0.92098,582,551,0.9467,0.0616,0.0222,5.548,0.1475,0.9705,1.9
"2-3","cat_elig <=    0.5 & married <=    0.5 & medical_deductions <= 2570.0 & shelter_expenses_by_hh_size <=  135.0","ranger",944,0.93538,0.92093,442,407,0.9208,0.0455,0.021,4.214,0.1475,0.9705,1.9
"2-3","cat_elig <   1.000 & unc_rawben_rel_max >=   0.547 & utilities >= 770.000","xgboost",143,0.95804,0.92092,69,68,0.9855,0.0076,4e-04,0.658,0.1475,0.9705,1.9
"2-3","medical_deductions <= 860.000 & rawben_rel_max >   0.898 & shelter_expenses_by_hh_size <= 252.000","ranger",4827,0.92728,0.92089,2436,2216,0.9097,0.2475,0.1855,23.222,0.1475,0.9705,1.9
"2-3","months_since_cert_n >   2.500 & rawben_rel_max >   0.996 & shelter_expenses_by_hh_size <= 252.000","ranger",2666,0.92948,0.92088,1311,1191,0.9085,0.133,0.1055,12.498,0.1475,0.9705,1.9
"2-3","rawben_rel_max >=  0.811 & total_deductions_by_hh_size >=  2.500 & total_deductions_by_hh_size < 25.000 & utilities < 55.000","xgboost",269,0.94796,0.92088,143,133,0.9301,0.0149,0.0071,1.363,0.1475,0.9705,1.9
"2-3","count_divisible_by_100 <=   0.500 & expedited_i >   0.500 & shelter_expenses_by_hh_size <= 222.000 & unc_rawben_rel_max >   0.997","ranger",971,0.93512,0.92087,496,463,0.9335,0.0517,0.0258,4.728,0.1475,0.9705,1.9
"2-3","cat_elig >   0.500 & HH_size_n >   2.500 & unc_rawben_rel_max >   0.997 & utilities <= 286.000","ranger",1054,0.93454,0.92086,513,468,0.9123,0.0523,0.0392,4.89,0.1475,0.9705,1.9
"2-3","homeless <=  0.500 & total_deductions_by_hh_size >  0.217 & total_deductions_by_hh_size <= 58.400 & unc_rawben_rel_max >  0.901","ranger",418,0.94258,0.92086,223,203,0.9103,0.0227,0.0178,2.126,0.1475,0.9705,1.9
"2-3","HH_size_n >   2.500 & shelter_expenses_by_hh_size <= 326.000 & unc_rawben_rel_max >   0.997","ranger",2182,0.93034,0.92083,1081,989,0.9149,0.1105,0.0826,10.305,0.1475,0.9705,1.9
"2-3","cat_elig >  0.500 & expedited_i <=  0.500 & rawben_rel_max >  0.997 & utilities <= 33.500","ranger",1791,0.93132,0.92083,885,814,0.9198,0.0909,0.0581,8.437,0.1475,0.9705,1.9
"2-3","HH_size_n <=   2.500 & shelter_expenses_by_hh_size <= 334.000 & unc_rawben_rel_max >   0.882","ranger",3037,0.92888,0.92082,1570,1437,0.9153,0.1605,0.1094,14.967,0.1475,0.9705,1.9
"2-3","count_divisible_by_100 <= 0.500 & elderly_disabled_i <= 0.500 & unc_rawben_rel_max > 0.997 & unc_rawben_rel_max <= 1.490","ranger",5886,0.92661,0.92082,3098,2848,0.9193,0.3181,0.2241,29.533,0.1475,0.9705,1.9
"2-3","homeless <=   0.5 & medical_deductions <= 584.0 & total_deductions_by_hh_size <=  37.3 & utilities <=  30.5","ranger",3396,0.92845,0.92082,1685,1552,0.9211,0.1734,0.0959,16.063,0.1475,0.9705,1.9
"2-3","months_since_cert_n <  7.000 & rawben_rel_max >=  0.628 & total_deductions_by_hh_size < 31.500","xgboost",2824,0.92918,0.92082,1365,1257,0.9209,0.1404,0.0787,13.012,0.1475,0.9705,1.9
"2-3","homeless <=  0.5 & months_since_cert_n <= 31.5 & total_deductions_by_hh_size <= 37.0 & utilities <= 22.0","ranger",3342,0.92849,0.9208,1659,1528,0.921,0.1707,0.0954,15.815,0.1475,0.9705,1.9
"2-3","rawben_rel_max >   0.897 & shelter_expenses_by_hh_size <= 259.000","ranger",4886,0.92714,0.92078,2476,2250,0.9087,0.2513,0.1894,23.603,0.1475,0.9705,1.9
"2-3","expedited_i <=   0.500 & medical_deductions > 138.000 & months_since_cert_n <=   7.500 & rawben_rel_max <=   0.177","ranger",109,0.9633,0.92074,45,41,0.9111,0.0046,0.0023,0.429,0.1475,0.9705,1.9
"2-3","cat_elig < 1.000 & children_i >= 1.000 & rawben_rel_max >= 0.882 & unc_rawben_rel_max < 1.350","xgboost",1190,0.93361,0.92073,573,535,0.9337,0.0598,0.0248,5.462,0.1475,0.9705,1.9
"2-3","cat_elig <=   1.5 & homeless <=   0.5 & rawben_rel_max >   0.9 & utilities <= 284.0","ranger",2272,0.93002,0.92069,1585,1450,0.9148,0.162,0.1158,15.11,0.1475,0.9705,1.9
"2-3","count_divisible_by_100 <=   0.500 & rawben_rel_max >   0.996 & shelter_expenses_by_hh_size > 340.000 & unc_rawben_rel_max <=   1.300","ranger",1203,0.9335,0.92068,647,608,0.9397,0.0679,0.0304,6.168,0.1475,0.9705,1.9
"2-3","expedited_i < 1.00 & months_since_cert_n >= 6.00 & total_deductions_by_hh_size < 5.67 & unc_rawben_rel_max >= 1.08","xgboost",373,0.9437,0.92068,127,121,0.9528,0.0135,0.0062,1.211,0.1475,0.9705,1.9
"2-3","HH_size_n <=   2.500 & medical_deductions <= 127.000 & rawben_rel_max >   0.891 & shelter_expenses_by_hh_size <= 293.000","ranger",2831,0.929,0.92064,1476,1351,0.9153,0.1509,0.1025,14.071,0.1475,0.9705,1.9
"2-3","count_divisible_by_100 <=   1.500 & shelter_expenses_by_hh_size <= 285.000 & unc_rawben_rel_max >   0.924","ranger",4968,0.92693,0.92062,2503,2283,0.9121,0.255,0.1837,23.861,0.1475,0.9705,1.9
"2-3","cat_elig <   1 & shelter_expenses_by_hh_size < 268 & utilities <  28","xgboost",912,0.93531,0.92058,445,414,0.9303,0.0462,0.0194,4.242,0.1475,0.9705,1.9
"2-3","homeless <=  0.5 & total_deductions_by_hh_size <= 37.0 & utilities <= 22.0","ranger",3346,0.92827,0.92058,1662,1531,0.9212,0.171,0.0954,15.844,0.1475,0.9705,1.9
"2-3","cat_elig >   1.500 & rawben_rel_max >   0.997 & shelter_expenses_by_hh_size <= 363.000 & utilities <=  30.500","ranger",1215,0.93333,0.92057,172,161,0.936,0.018,0.0089,1.64,0.1475,0.9705,1.9
"2-3","count_divisible_by_100 <=   0.500 & months_since_cert_n >   1.500 & rawben_rel_max >   0.997 & utilities <= 256.000","ranger",2402,0.92964,0.92057,1146,1058,0.9232,0.1182,0.0765,10.925,0.1475,0.9705,1.9
"2-3","cat_elig <= 0.5 & married <= 0.5 & months_since_cert_n > 1.5 & total_deductions_by_hh_size <= 2.5","ranger",532,0.93985,0.92056,246,232,0.9431,0.0259,0.0107,2.345,0.1475,0.9705,1.9
"2-3","cat_elig >   0.500 & shelter_expenses_by_hh_size <= 334.000 & unc_rawben_rel_max >   0.997","ranger",3912,0.92766,0.92055,1993,1815,0.9107,0.2027,0.1537,18.999,0.1475,0.9705,1.9
"2-3","cat_elig >  0.500 & cat_elig <=  2.500 & unc_rawben_rel_max >  0.997 & utilities <= 22.000","ranger",2308,0.92981,0.92055,1233,1137,0.9221,0.127,0.0765,11.754,0.1475,0.9705,1.9
"2-3","HH_size_n <  3.000 & percent_abawd <  0.333 & rawben_rel_max >=  0.731 & shelter_expenses_by_hh_size < 12.300","xgboost",1798,0.93103,0.92054,889,823,0.9258,0.0919,0.047,8.475,0.1475,0.9705,1.9
"2-3","count_divisible_by_100 <=   0.5 & HH_size_n <=   2.5 & shelter_expenses_by_hh_size <= 369.0 & total_deductions_by_hh_size <=  23.0","ranger",2774,0.92898,0.92054,1398,1299,0.9292,0.1451,0.0693,13.327,0.1475,0.9705,1.9
"2-3","rawben_rel_max >=  0.675 & total_deductions_by_hh_size < 15.500","xgboost",3331,0.92825,0.92054,1637,1509,0.9218,0.1686,0.0932,15.605,0.1475,0.9705,1.9
"2-3","cat_elig >   1.500 & total_deductions_by_hh_size <=  75.500 & unc_rawben_rel_max >   0.996 & utilities <= 140.000","ranger",1187,0.93345,0.92053,170,156,0.9176,0.0174,0.012,1.621,0.1475,0.9705,1.9
"2-3","expedited_i <=  0.5 & utilities > 68.5 & utilities <= 78.5","ranger",73,0.9726,0.92053,40,37,0.925,0.0041,0.0016,0.381,0.1475,0.9705,1.9
"2-3","expedited_i > 0.500 & homeless > 0.500 & months_since_cert_n <= 5.500 & rawben_rel_max > 0.918","ranger",73,0.9726,0.92053,29,28,0.9655,0.0031,8e-04,0.276,0.1475,0.9705,1.9
"2-3","expedited_i >   0.500 & percent_abawd <=   0.167 & shelter_expenses_by_hh_size <= 238.000 & unc_rawben_rel_max >   0.909","ranger",1022,0.93444,0.92052,532,496,0.9323,0.0554,0.0299,5.071,0.1475,0.9705,1.9
"2-3","cat_elig >   0.500 & shelter_expenses_by_hh_size <= 354.000 & unc_rawben_rel_max >   0.893 & utilities <=  30.500","ranger",2626,0.92917,0.92049,1341,1225,0.9135,0.1368,0.092,12.784,0.1475,0.9705,1.9
"2-3","cat_elig <= 0.5 & count_divisible_by_100 <= 1.5 & married <= 0.5 & unc_rawben_rel_max > 1.0","ranger",1145,0.93362,0.92047,516,493,0.9554,0.0551,0.0172,4.919,0.1475,0.9705,1.9
"2-3","HH_size_n <=   2.500 & rawben_rel_max >   0.904 & total_deductions_by_hh_size <= 335.000 & utilities <=  25.500","ranger",1984,0.93044,0.92045,1027,950,0.925,0.1061,0.0638,9.79,0.1475,0.9705,1.9
"2-3","rawben_rel_max >   0.904 & shelter_expenses_by_hh_size <= 276.000","ranger",5008,0.92672,0.92043,2525,2298,0.9101,0.2567,0.191,24.071,0.1475,0.9705,1.9
"2-3","shelter_expenses_by_hh_size <= 95.2 & total_deductions_by_hh_size <= 36.9","ranger",3748,0.92769,0.92042,1827,1678,0.9184,0.1874,0.1071,17.417,0.1475,0.9705,1.9
"2-3","homeless <   1.00 & rawben_rel_max >=   0.92 & shelter_expenses_by_hh_size < 281.00 & total_deductions_by_hh_size < 281.00","xgboost",4706,0.9269,0.92041,2351,2142,0.9111,0.2393,0.1787,22.412,0.1475,0.9705,1.9
"2-3","married > 0.500 & total_deductions_by_hh_size <= 1.050 & unc_rawben_rel_max <= 0.388","ranger",357,0.94398,0.92041,175,171,0.9771,0.0191,0.0016,1.668,0.1475,0.9705,1.9
"2-3","HH_size_n <=  2.500 & unc_rawben_rel_max >  0.996 & utilities <= 22.000","ranger",1874,0.93063,0.92034,956,888,0.9289,0.0992,0.0534,9.113,0.1475,0.9705,1.9
"2-3","count_divisible_by_100 <=   0.5 & shelter_expenses_by_hh_size <= 252.0 & total_deductions_by_hh_size <=  29.9","ranger",4230,0.92719,0.92034,2089,1915,0.9167,0.2139,0.1223,19.914,0.1475,0.9705,1.9
"2-3","expedited_i <   1.00000 & shelter_expenses_by_hh_size < 870.00000 & unc_rawben_rel_max <  -0.00871","xgboost",644,0.93789,0.92034,327,304,0.9297,0.034,0.0184,3.117,0.1475,0.9705,1.9
"2-3","count_divisible_by_100 <=  0.500 & HH_size_n >  2.500 & rawben_rel_max >  0.904 & utilities <= 22.000","ranger",1184,0.93328,0.92033,583,537,0.9211,0.06,0.0354,5.558,0.1475,0.9705,1.9
"2-3","cat_elig >= 2.00 & medical_deductions < 9.00 & rawben_rel_max >= 1.00 & unc_rawben_rel_max < 1.31","xgboost",2128,0.92998,0.92032,263,237,0.9011,0.0265,0.0219,2.507,0.1475,0.9705,1.9
"2-3","medical_deductions <= 138.000 & shelter_expenses_by_hh_size <= 280.000 & unc_rawben_rel_max >   0.914","ranger",5000,0.9266,0.9203,2520,2298,0.9119,0.2567,0.1878,24.023,0.1475,0.9705,1.9
"2-3","HH_size_n <=  2.50 & months_since_cert_n <= 36.50 & total_deductions_by_hh_size <=  1.35","ranger",2672,0.92889,0.92027,1338,1246,0.9312,0.1392,0.0639,12.755,0.1475,0.9705,1.8
"2-3","HH_size_n >   2.500 & shelter_expenses_by_hh_size <= 341.000 & total_deductions_by_hh_size <= 520.000 & unc_rawben_rel_max >   0.997","ranger",2246,0.92965,0.92025,1105,1010,0.914,0.1128,0.084,10.534,0.1475,0.9705,1.8
"2-3","cat_elig <=   1.5 & elderly_disabled_i <=   0.5 & shelter_expenses_by_hh_size <= 162.0 & total_deductions_by_hh_size <=  30.2","ranger",2086,0.93001,0.92025,1455,1339,0.9203,0.1496,0.0837,13.87,0.1475,0.9705,1.8
"2-3","cat_elig <=  0.500 & medical_deductions <= 17.000 & percent_abawd <=  0.167 & rawben_rel_max >  0.999","ranger",1196,0.93311,0.92022,527,500,0.9488,0.0559,0.0205,5.024,0.1475,0.9705,1.8
"2-3","rawben_rel_max >=   0.967 & shelter_expenses_by_hh_size < 314.000 & utilities < 600.000","xgboost",4721,0.92671,0.92022,2368,2169,0.916,0.2423,0.1689,22.574,0.1475,0.9705,1.8
"2-3","cat_elig <=   1.5 & shelter_expenses_by_hh_size <= 550.0 & total_deductions_by_hh_size <=  62.0 & utilities <=  39.5","ranger",2391,0.92932,0.9202,1731,1581,0.9133,0.1766,0.1055,16.501,0.1475,0.9705,1.8
"2-3","shelter_expenses_by_hh_size <= 251.000 & unc_rawben_rel_max >   0.893","ranger",4850,0.9266,0.9202,2481,2258,0.9101,0.2522,0.1872,23.651,0.1475,0.9705,1.8
"2-3","HH_size_n <= 2.500 & total_deductions_by_hh_size <= 0.217","ranger",2656,0.92884,0.92019,1334,1244,0.9325,0.139,0.0629,12.717,0.1475,0.9705,1.8
"2-3","married <  1.000 & rawben_rel_max >=  0.856 & unc_rawben_rel_max <  1.310 & utilities < 50.000","xgboost",3329,0.92791,0.92018,1645,1512,0.9191,0.1689,0.1102,15.682,0.1475,0.9705,1.8
"2-3","months_since_cert_n >=   5.000 & rawben_rel_max >=   0.989 & shelter_expenses_by_hh_size < 308.000","xgboost",1803,0.93067,0.92017,903,816,0.9037,0.0912,0.075,8.608,0.1475,0.9705,1.8
"2-3","cat_elig >=  2.000 & rawben_rel_max >=  0.989 & total_deductions_by_hh_size < 70.000","xgboost",1195,0.93305,0.92016,174,160,0.9195,0.0179,0.012,1.659,0.1475,0.9705,1.8
"2-3","HH_size_n <=   2.500 & rawben_rel_max >   0.997 & utilities <= 124.000","ranger",2069,0.92992,0.92011,1033,952,0.9216,0.1063,0.067,9.847,0.1475,0.9705,1.8
"2-3","cat_elig <=   0.500 & percent_abawd <=   0.583 & shelter_expenses_by_hh_size <= 254.000 & utilities <=  25.500","ranger",879,0.93515,0.92011,429,399,0.9301,0.0446,0.019,4.09,0.1475,0.9705,1.8
"2-3","elderly_disabled_i <=   0.500 & expedited_i >   0.500 & shelter_expenses_by_hh_size <= 332.000 & unc_rawben_rel_max >   0.997","ranger",1167,0.93316,0.92011,585,541,0.9248,0.0604,0.0352,5.577,0.1475,0.9705,1.8
"2-3","shelter_expenses_by_hh_size >= 385.000 & shelter_expenses_by_hh_size < 467.000 & unc_rawben_rel_max >=   0.993 & utilities >= 789.000","xgboost",125,0.96,0.92011,79,71,0.8987,0.0079,0.0042,0.753,0.1475,0.9705,1.8
"2-3","HH_size_n >   2.5 & shelter_expenses_by_hh_size <= 189.0 & total_deductions_by_hh_size <=  32.3 & utilities <=  22.0","ranger",1330,0.93233,0.9201,651,601,0.9232,0.0671,0.039,6.206,0.1475,0.9705,1.8
"2-3","cat_elig >  0.500 & rawben_rel_max >  0.997 & utilities <= 33.500","ranger",2441,0.92913,0.9201,1251,1152,0.9209,0.1287,0.0791,11.926,0.1475,0.9705,1.8
"2-3","percent_abawd <=  0.583 & total_deductions_by_hh_size <= 62.000 & utilities <= 26.000","ranger",3628,0.92751,0.9201,1816,1666,0.9174,0.1861,0.1081,17.312,0.1475,0.9705,1.8
"2-3","rawben_rel_max <=   0.9960 & total_deductions_by_hh_size <= 468.0000 & unc_rawben_rel_max <=  -0.0352","ranger",628,0.9379,0.9201,307,287,0.9349,0.0321,0.018,2.927,0.1475,0.9705,1.8
"2-3","married <=   0.5 & shelter_expenses_by_hh_size <= 251.0 & total_deductions_by_hh_size <=  37.3 & utilities <= 252.0","ranger",3548,0.92756,0.92008,1755,1598,0.9105,0.1785,0.1129,16.73,0.1475,0.9705,1.8
"2-3","children_i > 0.500 & expedited_i <= 0.500 & total_deductions_by_hh_size <= 0.217","ranger",2493,0.929,0.92007,1201,1092,0.9092,0.122,0.0789,11.449,0.1475,0.9705,1.8
"2-3","count_divisible_by_100 <=   0.5 & shelter_expenses_by_hh_size <= 369.0 & total_deductions_by_hh_size <=  23.0","ranger",4372,0.92681,0.92006,2178,2001,0.9187,0.2235,0.1235,20.763,0.1475,0.9705,1.8
"2-3","count_divisible_by_100 <=   0.500 & medical_deductions <= 158.000 & rawben_rel_max >   0.997 & unc_rawben_rel_max <=   1.490","ranger",6414,0.92563,0.92006,3388,3109,0.9177,0.3473,0.2495,32.297,0.1475,0.9705,1.8
"2-3","homeless <=  0.5 & total_deductions_by_hh_size <= 40.7 & utilities <= 22.0","ranger",3376,0.92773,0.92005,1671,1539,0.921,0.1719,0.0956,15.929,0.1475,0.9705,1.8
"2-3","homeless <=   0.500 & shelter_expenses_by_hh_size <= 263.000 & unc_rawben_rel_max >   0.897","ranger",4723,0.92653,0.92004,2364,2144,0.9069,0.2395,0.1863,22.536,0.1475,0.9705,1.8
"2-3","HH_size_n >   2.500 & medical_deductions <= 464.000 & unc_rawben_rel_max >   0.996 & unc_rawben_rel_max <=   1.300","ranger",2452,0.92904,0.92003,1225,1124,0.9176,0.1256,0.0917,11.678,0.1475,0.9705,1.8
"2-3","cat_elig <=  0.500 & children_i <=  0.500 & total_deductions_by_hh_size > 52.200 & unc_rawben_rel_max >  0.975","ranger",108,0.96296,0.92003,41,39,0.9512,0.0044,0.001,0.391,0.1475,0.9705,1.8
"2-3","cat_elig >   1.500 & rawben_rel_max >   0.996 & total_deductions_by_hh_size <= 939.000 & unc_rawben_rel_max <=   1.290","ranger",2120,0.92972,0.92003,263,237,0.9011,0.0265,0.0219,2.507,0.1475,0.9705,1.8
"2-3","rawben_rel_max >=   0.913 & shelter_expenses_by_hh_size < 297.000 & total_deductions_by_hh_size < 281.000","xgboost",5100,0.92627,0.92003,2538,2317,0.9129,0.2588,0.184,24.194,0.1475,0.9705,1.8
"2-3","cat_elig >   0.500 & medical_deductions <= 148.000 & rawben_rel_max >   0.997 & utilities <=  30.500","ranger",2425,0.92907,0.92001,1244,1146,0.9212,0.128,0.0774,11.859,0.1475,0.9705,1.8
"2-3","shelter_expenses_by_hh_size < 421.000 & unc_rawben_rel_max >=   0.998 & unc_rawben_rel_max <   1.550","xgboost",5515,0.92602,0.92001,2766,2535,0.9165,0.2832,0.1972,26.368,0.1475,0.9705,1.8
"2-3","cat_elig <=   0.5 & shelter_expenses_by_hh_size <= 280.0 & utilities <=  30.5","ranger",919,0.93471,0.91999,446,415,0.9305,0.0464,0.0194,4.252,0.1475,0.9705,1.8
"2-3","count_divisible_by_100 <=  1.5 & total_deductions_by_hh_size <= 23.9 & utilities <= 51.5","ranger",3714,0.9273,0.91998,1850,1702,0.92,0.1901,0.1059,17.636,0.1475,0.9705,1.8
"2-3","cat_elig >   0.500 & rawben_rel_max >   0.996 & shelter_expenses_by_hh_size <= 315.000","ranger",3818,0.92719,0.91996,1923,1749,0.9095,0.1954,0.1498,18.332,0.1475,0.9705,1.8
"2-3","children_i >=  1 & total_deductions_by_hh_size < 70 & utilities < 31","xgboost",3306,0.92771,0.91994,1639,1500,0.9152,0.1676,0.0954,15.624,0.1475,0.9705,1.8
"2-3","cat_elig >   0.500 & count_divisible_by_100 <=   0.500 & shelter_expenses_by_hh_size <= 256.000 & unc_rawben_rel_max >   0.924","ranger",3397,0.92758,0.91992,1738,1583,0.9108,0.1768,0.1371,16.568,0.1475,0.9705,1.8
"2-3","children_i >=   1.0 & homeless <   1.0 & shelter_expenses_by_hh_size < 958.0 & total_deductions_by_hh_size <   2.5","xgboost",3108,0.92793,0.91992,1500,1373,0.9153,0.1534,0.0916,14.299,0.1475,0.9705,1.8
"2-3","expedited_i >  0.50 & months_since_cert_n <=  6.50 & rawben_rel_max >  0.91 & utilities <= 12.50","ranger",724,0.93646,0.91987,370,350,0.9459,0.0391,0.0152,3.527,0.1475,0.9705,1.8
"2-3","expedited_i >  0.500 & unc_rawben_rel_max >  0.997 & unc_rawben_rel_max <=  1.450 & utilities <= 49.500","ranger",890,0.93483,0.91986,464,434,0.9353,0.0485,0.0244,4.423,0.1475,0.9705,1.8
"2-3","children_i >   0.500 & percent_abawd <=   0.167 & shelter_expenses_by_hh_size <= 280.000 & total_deductions_by_hh_size <=  31.300","ranger",3629,0.92725,0.91984,1754,1601,0.9128,0.1788,0.1074,16.721,0.1475,0.9705,1.8
"2-3","children_i >   0.500 & HH_size_n >   2.500 & shelter_expenses_by_hh_size <= 322.000 & unc_rawben_rel_max >   0.996","ranger",2128,0.92951,0.91983,1049,959,0.9142,0.1071,0.0812,10,0.1475,0.9705,1.8
"2-3","cat_elig <= 0.5 & married <= 0.5 & unc_rawben_rel_max > 1.0","ranger",1149,0.93299,0.9198,518,494,0.9537,0.0552,0.0188,4.938,0.1475,0.9705,1.8
"2-3","cat_elig <=   0.500 & percent_abawd <=   0.167 & rawben_rel_max >   0.341 & shelter_expenses_by_hh_size <= 135.000","ranger",944,0.93432,0.91978,445,409,0.9191,0.0457,0.0221,4.242,0.1475,0.9705,1.8
"2-3","cat_elig <= 1.500 & elderly_disabled_i <= 0.500 & percent_abawd <= 0.167 & unc_rawben_rel_max > 0.997","ranger",3887,0.92694,0.91977,2819,2589,0.9184,0.2892,0.2027,26.873,0.1475,0.9705,1.8
"2-3","cat_elig > 0.500 & count_divisible_by_100 <= 0.500 & homeless <= 0.500 & total_deductions_by_hh_size <= 0.217","ranger",2970,0.92795,0.91975,1493,1373,0.9196,0.1534,0.0893,14.233,0.1475,0.9705,1.8
"2-3","months_since_cert_n >   1.500 & rawben_rel_max >   0.999 & shelter_expenses_by_hh_size <= 340.000","ranger",3834,0.92697,0.91975,1845,1685,0.9133,0.1882,0.1337,17.588,0.1475,0.9705,1.8
"2-3","cat_elig <=  0.5 & homeless >  0.5 & total_deductions_by_hh_size <= 52.2","ranger",53,0.98113,0.91974,24,24,1,0.0027,0,0.229,0.1475,0.9705,1.8
"2-3","cat_elig > 0.500 & children_i > 0.500 & rawben_rel_max > 0.997 & rawben_rel_max <= 0.999","ranger",31,1,0.91972,12,11,0.9167,0.0012,0.0017,0.114,0.1475,0.9705,1.8
"2-3","unc_rawben_rel_max >  0.997 & utilities > 27.500 & utilities <= 30.500","ranger",31,1,0.91972,9,7,0.7778,8e-04,9e-04,0.086,0.1475,0.9705,1.8
"2-3","percent_abawd <  0.750 & rawben_rel_max >=  0.448 & total_deductions_by_hh_size < 13.300","xgboost",3570,0.92717,0.91969,1763,1613,0.9149,0.1802,0.1089,16.806,0.1475,0.9705,1.8
"2-3","months_since_cert_n >  0.5 & shelter_expenses_by_hh_size <= 50.5 & total_deductions_by_hh_size <= 30.3","ranger",3295,0.92747,0.91968,1585,1460,0.9211,0.1631,0.0865,15.11,0.1475,0.9705,1.8
"2-3","cat_elig >  0.500 & unc_rawben_rel_max >  0.997 & utilities <= 22.000","ranger",2388,0.92881,0.91966,1233,1137,0.9221,0.127,0.0765,11.754,0.1475,0.9705,1.8
"2-3","cat_elig <= 0.500 & percent_abawd <= 0.167 & rawben_rel_max > 0.999","ranger",1201,0.93256,0.91965,529,502,0.949,0.0561,0.0205,5.043,0.1475,0.9705,1.8
"2-3","elderly_disabled_i >=  1.0000 & percent_abawd <  0.3330 & unc_rawben_rel_max >= -0.7100 & unc_rawben_rel_max <  0.0405","xgboost",540,0.93889,0.91965,273,257,0.9414,0.0287,0.0108,2.602,0.1475,0.9705,1.8
"2-3","expedited_i <= 0.50 & homeless <= 0.50 & total_deductions_by_hh_size <= 1.05","ranger",3163,0.9276,0.91965,1542,1416,0.9183,0.1582,0.0912,14.7,0.1475,0.9705,1.8
"2-3","elderly_disabled_i <=  0.5 & homeless <=  0.5 & months_since_cert_n <=  5.5 & total_deductions_by_hh_size <= 23.6","ranger",2387,0.92878,0.91963,1159,1068,0.9215,0.1193,0.0669,11.049,0.1475,0.9705,1.8
"2-3","count_divisible_by_100 <  1.000 & months_since_cert_n <  9.000 & percent_abawd <  0.333 & total_deductions_by_hh_size < 61.500","xgboost",3997,0.9267,0.91962,1903,1742,0.9154,0.1946,0.11,18.141,0.1475,0.9705,1.8
"2-3","rawben_rel_max >=   0.913 & shelter_expenses_by_hh_size < 295.000","xgboost",5164,0.92583,0.91961,2587,2359,0.9119,0.2635,0.1905,24.662,0.1475,0.9705,1.8
"2-3","cat_elig >   0.500 & shelter_expenses_by_hh_size <= 363.000 & unc_rawben_rel_max >   0.904 & utilities <=  58.500","ranger",2767,0.92808,0.91958,1411,1286,0.9114,0.1437,0.1017,13.451,0.1475,0.9705,1.8
"2-3","cat_elig >= 1.00 & rawben_rel_max >= 0.97 & total_deductions_by_hh_size < 2.50 & unc_rawben_rel_max < 1.30","xgboost",2042,0.92948,0.91958,1019,939,0.9215,0.1049,0.0645,9.714,0.1475,0.9705,1.8
"2-3","medical_deductions <= 138.000 & rawben_rel_max >   0.997 & shelter_expenses_by_hh_size > 310.000 & unc_rawben_rel_max <=   1.330","ranger",1536,0.93099,0.91958,810,765,0.9444,0.0855,0.0363,7.722,0.1475,0.9705,1.8
"2-3","months_since_cert_n <   5.000 & rawben_rel_max >=   0.989 & shelter_expenses_by_hh_size < 308.000 & unc_rawben_rel_max >=   1.040","xgboost",2727,0.92813,0.91956,1346,1246,0.9257,0.1392,0.0822,12.831,0.1475,0.9705,1.8
"2-3","HH_size_n <  3.000 & months_since_cert_n < 11.000 & rawben_rel_max >=  0.872 & total_deductions_by_hh_size <  2.500","xgboost",1629,0.93063,0.91955,805,749,0.9304,0.0837,0.0431,7.674,0.1475,0.9705,1.8
"2-3","cat_elig <=    0.500 & homeless <=    0.500 & medical_deductions <= 2390.000 & rawben_rel_max >    0.996","ranger",1240,0.93226,0.91955,552,524,0.9493,0.0585,0.0213,5.262,0.1475,0.9705,1.8
"2-3","elderly_disabled_i <=  0.5 & months_since_cert_n <=  5.5 & total_deductions_by_hh_size <= 23.6","ranger",2556,0.9284,0.91955,1243,1146,0.922,0.128,0.0703,11.849,0.1475,0.9705,1.8
"2-3","cat_elig < 3.000 & expedited_i < 1.000 & rawben_rel_max >= 0.064 & total_deductions_by_hh_size < 2.500","xgboost",3053,0.92761,0.91951,1510,1380,0.9139,0.1542,0.094,14.395,0.1475,0.9705,1.8
"2-3","cat_elig <= 0.5 & married > 0.5 & unc_rawben_rel_max > 1.0","ranger",124,0.95968,0.91948,51,47,0.9216,0.0053,0.0025,0.486,0.1475,0.9705,1.8
"2-3","cat_elig >   0.500 & count_divisible_by_100 <=   0.500 & rawben_rel_max >   0.996 & utilities <= 286.000","ranger",2501,0.92843,0.91948,1264,1160,0.9177,0.1296,0.0911,12.05,0.1475,0.9705,1.8
"2-3","total_deductions_by_hh_size <= 198.000 & unc_rawben_rel_max >   0.997 & utilities > 495.000","ranger",124,0.95968,0.91948,69,64,0.9275,0.0071,0.0057,0.658,0.1475,0.9705,1.8
"2-3","HH_size_n <=   2.500 & medical_deductions <= 138.000 & shelter_expenses_by_hh_size <= 280.000 & unc_rawben_rel_max >   0.914","ranger",2724,0.92805,0.91947,1388,1269,0.9143,0.1418,0.099,13.232,0.1475,0.9705,1.8
"2-3","percent_abawd <=  1.500 & unc_rawben_rel_max >  0.895 & utilities <= 38.500","ranger",3482,0.92705,0.91947,1750,1612,0.9211,0.1801,0.1114,16.683,0.1475,0.9705,1.8
"2-3","cat_elig <=  1.500 & HH_size_n >  2.500 & rawben_rel_max >  0.916 & utilities <= 39.500","ranger",803,0.93524,0.91944,572,527,0.9213,0.0589,0.034,5.453,0.1475,0.9705,1.8
"2-3","expedited_i >  0.500 & percent_abawd <=  0.167 & total_deductions_by_hh_size <= 21.700 & unc_rawben_rel_max >  0.998","ranger",734,0.93597,0.91944,377,353,0.9363,0.0394,0.0198,3.594,0.1475,0.9705,1.8
"2-3","cat_elig <=   1.500 & children_i >   0.500 & rawben_rel_max >   0.997 & total_deductions_by_hh_size <= 437.000","ranger",3883,0.9266,0.91942,2877,2627,0.9131,0.2935,0.2261,27.426,0.1475,0.9705,1.8
"2-3","elderly_disabled_i <=   0.500 & shelter_expenses_by_hh_size <= 497.000 & total_deductions_by_hh_size <= 347.000 & unc_rawben_rel_max >   0.996","ranger",5565,0.92543,0.91942,2762,2536,0.9182,0.2833,0.1964,26.33,0.1475,0.9705,1.8
"2-3","medical_deductions > 131.000 & percent_abawd <=   0.250 & rawben_rel_max <=   0.163 & shelter_expenses_by_hh_size >  11.000","ranger",249,0.94779,0.91942,106,98,0.9245,0.0109,0.0047,1.01,0.1475,0.9705,1.8
"2-3","rawben_rel_max >=   0.89 & shelter_expenses_by_hh_size < 253.00 & total_deductions_by_hh_size < 357.00 & utilities < 524.00","xgboost",4661,0.92598,0.91942,2385,2168,0.909,0.2422,0.1802,22.736,0.1475,0.9705,1.8
"2-3","cat_elig < 3.0 & expedited_i < 1.0 & total_deductions_by_hh_size < 2.5","xgboost",3245,0.92727,0.91941,1622,1489,0.918,0.1663,0.0956,15.462,0.1475,0.9705,1.8
"2-3","count_divisible_by_100 <  1.0 & HH_size_n <  3.0 & months_since_cert_n <  9.0 & total_deductions_by_hh_size < 61.5","xgboost",2604,0.92819,0.91941,1316,1216,0.924,0.1358,0.0708,12.545,0.1475,0.9705,1.8
"2-3","shelter_expenses_by_hh_size >=  15.000 & shelter_expenses_by_hh_size < 284.000 & unc_rawben_rel_max >=   0.976 & unc_rawben_rel_max <   1.300","xgboost",1332,0.93168,0.91941,718,647,0.9011,0.0723,0.0605,6.845,0.1475,0.9705,1.8
"2-3","cat_elig >  0.500 & percent_abawd <=  0.583 & rawben_rel_max >  0.928 & utilities <= 30.500","ranger",2551,0.92826,0.9194,1307,1196,0.9151,0.1336,0.091,12.459,0.1475,0.9705,1.8
"2-3","children_i > 0.500 & elderly_disabled_i <= 0.500 & HH_size_n <= 2.500 & unc_rawben_rel_max > 0.997","ranger",3414,0.92707,0.9194,1678,1554,0.9261,0.1736,0.1101,15.996,0.1475,0.9705,1.8
"2-3","count_divisible_by_100 <  1.0 & months_since_cert_n >=  3.0 & total_deductions_by_hh_size <  2.5 & utilities < 54.0","xgboost",2037,0.92931,0.91939,990,911,0.9202,0.1018,0.0574,9.438,0.1475,0.9705,1.8
"2-3","shelter_expenses_by_hh_size <= 304.000 & unc_rawben_rel_max >   0.924","ranger",5212,0.92556,0.91935,2578,2351,0.9119,0.2626,0.1899,24.576,0.1475,0.9705,1.8
"2-3","elderly_disabled_i <   1.000 & rawben_rel_max >=   0.916 & shelter_expenses_by_hh_size < 330.000","xgboost",5237,0.92553,0.91934,2620,2400,0.916,0.2681,0.1821,24.976,0.1475,0.9705,1.8
"2-3","cat_elig <= 0.500 & children_i > 0.500 & HH_size_n <= 2.500 & unc_rawben_rel_max > 0.997","ranger",608,0.9375,0.91933,265,252,0.9509,0.0282,0.0103,2.526,0.1475,0.9705,1.8
"2-3","expedited_i <= 0.50 & total_deductions_by_hh_size <= 1.05","ranger",3293,0.92712,0.91931,1613,1480,0.9175,0.1653,0.0956,15.377,0.1475,0.9705,1.8
"2-3","expedited_i > 0.500 & months_since_cert_n <= 1.500 & rawben_rel_max > 0.997","ranger",467,0.94004,0.91931,256,245,0.957,0.0274,0.011,2.44,0.1475,0.9705,1.8
"2-3","count_divisible_by_100 <=   0.50 & total_deductions_by_hh_size <=   1.05 & utilities > 360.00","ranger",381,0.94226,0.9193,197,187,0.9492,0.0209,0.0056,1.878,0.1475,0.9705,1.8
"2-3","percent_abawd <=   1.75 & utilities > 360.00 & utilities <= 362.00","ranger",107,0.96262,0.9193,0,0,NA,0,0,0,0.1475,0.9705,1.8
"2-3","cat_elig <   2 & HH_size_n <   3 & total_deductions_by_hh_size <  54 & utilities < 385","xgboost",1876,0.92964,0.91929,1363,1254,0.92,0.1401,0.0744,12.993,0.1475,0.9705,1.8
"2-3","cat_elig < 2.0 & months_since_cert_n < 2.0 & total_deductions_by_hh_size < 2.5 & unc_rawben_rel_max >= 1.1","xgboost",203,0.95074,0.91929,184,176,0.9565,0.0197,0.0077,1.754,0.1475,0.9705,1.8
"2-3","elderly_disabled_i <=  0.500 & percent_abawd <=  0.167 & total_deductions_by_hh_size <= 31.300","ranger",3304,0.92706,0.91926,1573,1448,0.9205,0.1618,0.0908,14.995,0.1475,0.9705,1.8
"2-3","expedited_i <  1.0 & months_since_cert_n < 11.0 & shelter_expenses_by_hh_size < 21.0 & total_deductions_by_hh_size <  4.1","xgboost",2205,0.9288,0.91925,1066,974,0.9137,0.1088,0.0682,10.162,0.1475,0.9705,1.8
"2-3","medical_deductions < 137.000 & percent_abawd <   0.333 & rawben_rel_max >=   0.936 & shelter_expenses_by_hh_size < 362.000","xgboost",5218,0.92545,0.91925,2580,2360,0.9147,0.2636,0.1861,24.595,0.1475,0.9705,1.8
"2-3","cat_elig <= 0.500 & children_i <= 0.500 & count_divisible_by_100 <= 0.500 & rawben_rel_max > 0.997","ranger",156,0.95513,0.91924,74,71,0.9595,0.0079,0.0018,0.705,0.1475,0.9705,1.8
"2-3","elderly_disabled_i <=  0.500 & rawben_rel_max >  0.882 & utilities <= 58.500","ranger",3576,0.92673,0.91924,1776,1634,0.92,0.1825,0.1163,16.93,0.1475,0.9705,1.8
"2-3","medical_deductions <=  65.000 & shelter_expenses_by_hh_size <= 304.000 & unc_rawben_rel_max >   0.924","ranger",5205,0.92546,0.91924,2575,2350,0.9126,0.2625,0.1887,24.547,0.1475,0.9705,1.8
"2-3","children_i >  0.500 & expedited_i <=  0.500 & rawben_rel_max >  0.867 & utilities <= 51.500","ranger",2454,0.92828,0.91923,1204,1097,0.9111,0.1225,0.0894,11.478,0.1475,0.9705,1.8
"2-3","cat_elig <= 0.500 & count_divisible_by_100 <= 0.500 & percent_abawd <= 0.167 & rawben_rel_max > 0.974","ranger",1153,0.93235,0.91914,504,478,0.9484,0.0534,0.0179,4.805,0.1475,0.9705,1.8
"2-3","rawben_rel_max >   0.997 & shelter_expenses_by_hh_size > 413.000 & unc_rawben_rel_max <=   1.330","ranger",1126,0.9325,0.91914,604,570,0.9437,0.0637,0.0277,5.758,0.1475,0.9705,1.8
"2-3","HH_size_n <  3.0 & months_since_cert_n < 11.0 & total_deductions_by_hh_size <  2.5","xgboost",2385,0.9283,0.91912,1197,1112,0.929,0.1242,0.0599,11.411,0.1475,0.9705,1.8
"2-3","months_since_cert_n <= 7.500 & rawben_rel_max > 0.999 & unc_rawben_rel_max > 0.997 & unc_rawben_rel_max <= 1.490","ranger",5724,0.92505,0.91912,2943,2698,0.9168,0.3014,0.2129,28.055,0.1475,0.9705,1.8
"2-3","cat_elig <=   0.50 & children_i >   0.50 & rawben_rel_max >   0.84 & shelter_expenses_by_hh_size <= 222.00","ranger",868,0.93433,0.91911,427,401,0.9391,0.0448,0.0175,4.071,0.1475,0.9705,1.8
"2-3","expedited_i >   0.500 & rawben_rel_max >   0.997 & shelter_expenses_by_hh_size <= 380.000","ranger",1260,0.93175,0.91911,642,596,0.9283,0.0666,0.0367,6.12,0.1475,0.9705,1.8
"2-3","HH_size_n >   2.500 & shelter_expenses_by_hh_size <= 341.000 & unc_rawben_rel_max >   0.997","ranger",2253,0.92854,0.91909,1108,1012,0.9134,0.113,0.0855,10.562,0.1475,0.9705,1.8
"2-3","HH_size_n <   3.0 & shelter_expenses_by_hh_size < 281.0 & total_deductions_by_hh_size <   4.1","xgboost",2539,0.92792,0.91902,1271,1182,0.93,0.132,0.0629,12.116,0.1475,0.9705,1.8
"2-3","cat_elig < 2.000 & children_i >= 1.000 & count_divisible_by_100 < 1.000 & unc_rawben_rel_max >= 0.998","xgboost",3683,0.92642,0.91902,2685,2452,0.9132,0.2739,0.215,25.596,0.1475,0.9705,1.8
"2-3","cat_elig <  1.000 & rawben_rel_max >=  0.734 & utilities < 28.000","xgboost",785,0.93503,0.91901,380,360,0.9474,0.0402,0.0135,3.622,0.1475,0.9705,1.8
"2-3","shelter_expenses_by_hh_size < 108.00 & total_deductions_by_hh_size <  15.50 & unc_rawben_rel_max <   1.12","xgboost",3538,0.92651,0.91897,1740,1596,0.9172,0.1783,0.1034,16.587,0.1475,0.9705,1.8
"2-3","cat_elig <=   0.500 & medical_deductions <= 304.000 & percent_abawd <=   0.167 & rawben_rel_max >   0.998","ranger",1204,0.93189,0.91896,530,503,0.9491,0.0562,0.0205,5.052,0.1475,0.9705,1.8
"2-3","rawben_rel_max > 0.017 & total_deductions_by_hh_size <= 0.217","ranger",4119,0.92595,0.91896,2045,1886,0.9222,0.2107,0.1145,19.495,0.1475,0.9705,1.8
"2-3","cat_elig <  2 & count_divisible_by_100 <  1 & total_deductions_by_hh_size < 45","xgboost",3148,0.92694,0.91894,2238,2048,0.9151,0.2288,0.129,21.335,0.1475,0.9705,1.8
"2-3","cat_elig <=   0.500 & expedited_i <=   0.500 & medical_deductions <= 148.000 & unc_rawben_rel_max >   0.998","ranger",907,0.93385,0.91894,394,372,0.9442,0.0416,0.0173,3.756,0.1475,0.9705,1.8
"2-3","cat_elig <=   0.5 & HH_size_n <=   2.5 & months_since_cert_n <=   5.5 & utilities <= 284.0","ranger",688,0.93605,0.91893,262,245,0.9351,0.0274,0.011,2.498,0.1475,0.9705,1.8
"2-3","rawben_rel_max >= 0.529 & total_deductions_by_hh_size < 8.300","xgboost",3446,0.92658,0.91893,1686,1547,0.9176,0.1728,0.1013,16.072,0.1475,0.9705,1.8
"2-3","HH_size_n <=   2.50 & percent_abawd <=   1.42 & unc_rawben_rel_max >   1.00 & utilities <= 188.00","ranger",2064,0.92878,0.91889,1031,950,0.9214,0.1061,0.067,9.828,0.1475,0.9705,1.8
"2-3","elderly_disabled_i <   1.00 & rawben_rel_max >=   1.00 & total_deductions_by_hh_size < 290.00 & unc_rawben_rel_max <   1.42","xgboost",5131,0.92516,0.91889,2596,2369,0.9126,0.2646,0.1948,24.747,0.1475,0.9705,1.8
"2-3","months_since_cert_n >  4.500 & percent_abawd <=  1.670 & rawben_rel_max >  0.996 & utilities <= 32.000","ranger",1136,0.93222,0.91889,565,520,0.9204,0.0581,0.0403,5.386,0.1475,0.9705,1.8
"2-3","cat_elig < 2.0 & total_deductions_by_hh_size < 2.5 & unc_rawben_rel_max < 1.1","xgboost",1787,0.92949,0.91887,1215,1113,0.916,0.1243,0.0696,11.582,0.1475,0.9705,1.8
"2-3","shelter_expenses_by_hh_size < 763.00 & total_deductions_by_hh_size < 304.00 & unc_rawben_rel_max >=   1.01 & unc_rawben_rel_max <   1.42","xgboost",5373,0.925,0.91887,2650,2416,0.9117,0.2699,0.2019,25.262,0.1475,0.9705,1.8
"2-3","married <=   0.50 & months_since_cert_n <=  36.50 & shelter_expenses_by_hh_size <= 599.00 & total_deductions_by_hh_size <=   1.27","ranger",3456,0.9265,0.91886,1702,1553,0.9125,0.1735,0.1092,16.225,0.1475,0.9705,1.8
"2-3","married <= 0.50 & total_deductions_by_hh_size <= 1.05","ranger",3456,0.9265,0.91886,1705,1556,0.9126,0.1738,0.1092,16.254,0.1475,0.9705,1.8
"2-3","cat_elig <=   0.5 & shelter_expenses_by_hh_size >  12.8 & total_deductions_by_hh_size <=  54.7 & utilities <= 270.0","ranger",123,0.95935,0.91885,54,49,0.9074,0.0055,0.0029,0.515,0.1475,0.9705,1.8
"2-3","HH_size_n >   2.500 & rawben_rel_max >   0.923 & shelter_expenses_by_hh_size <= 262.000","ranger",2166,0.92844,0.91878,1065,968,0.9089,0.1081,0.0857,10.153,0.1475,0.9705,1.8
"2-3","medical_deductions <= 143.000 & rawben_rel_max >   0.901 & utilities <= 140.000","ranger",3762,0.9261,0.91878,1879,1722,0.9164,0.1924,0.131,17.912,0.1475,0.9705,1.8
"2-3","cat_elig <=  0.50 & HH_size_n >  2.50 & rawben_rel_max >  0.97 & total_deductions_by_hh_size <= 54.70","ranger",232,0.94828,0.91877,122,119,0.9754,0.0133,0.0029,1.163,0.1475,0.9705,1.8
"2-3","elderly_disabled_i <   1.000 & total_deductions_by_hh_size < 250.000 & unc_rawben_rel_max >=   0.998","xgboost",4931,0.92517,0.91877,2493,2273,0.9118,0.2539,0.1897,23.765,0.1475,0.9705,1.8
"2-3","months_since_cert_n <=  36.50 & shelter_expenses_by_hh_size <= 599.00 & total_deductions_by_hh_size <=   1.27","ranger",4135,0.92576,0.91877,2043,1882,0.9212,0.2102,0.1155,19.476,0.1475,0.9705,1.8
"2-3","HH_size_n >   2.50 & rawben_rel_max >   0.94 & shelter_expenses_by_hh_size <= 263.00 & total_deductions_by_hh_size <= 378.00","ranger",2126,0.9285,0.91876,1037,944,0.9103,0.1055,0.0824,9.886,0.1475,0.9705,1.8
"2-3","elderly_disabled_i <= 0.500 & months_since_cert_n <= 0.500 & rawben_rel_max > 0.997 & unc_rawben_rel_max <= 1.120","ranger",335,0.94328,0.91872,186,176,0.9462,0.0197,0.0096,1.773,0.1475,0.9705,1.8
"2-3","cat_elig <=   0.5 & expedited_i <=   0.5 & shelter_expenses_by_hh_size <= 138.0","ranger",782,0.93478,0.91871,371,335,0.903,0.0374,0.0212,3.537,0.1475,0.9705,1.8
"2-3","rawben_rel_max >=  0.856 & unc_rawben_rel_max <  1.310 & utilities < 50.000","xgboost",3617,0.92618,0.91871,1798,1655,0.9205,0.1849,0.1144,17.14,0.1475,0.9705,1.8
"2-3","unc_rawben_rel_max >= -0.4970 & unc_rawben_rel_max <  0.0106","xgboost",631,0.93661,0.91871,335,306,0.9134,0.0342,0.0268,3.194,0.1475,0.9705,1.8
"2-3","cat_elig <= 0.50 & children_i <= 0.50 & total_deductions_by_hh_size <= 2.95","ranger",139,0.95683,0.9187,71,68,0.9577,0.0076,0.002,0.677,0.1475,0.9705,1.8
"2-3","elderly_disabled_i <   1.0 & expedited_i <   1.0 & total_deductions_by_hh_size <  42.3 & utilities < 288.0","xgboost",2607,0.9275,0.9187,1233,1128,0.9148,0.126,0.076,11.754,0.1475,0.9705,1.8
"2-3","months_since_cert_n <=   5.500 & rawben_rel_max >   0.901 & utilities <= 138.000","ranger",2789,0.92721,0.9187,1386,1277,0.9214,0.1426,0.0894,13.213,0.1475,0.9705,1.8
"2-3","married <=   0.500 & shelter_expenses_by_hh_size <= 251.000 & unc_rawben_rel_max >   0.998 & utilities > 471.000","ranger",291,0.94502,0.91866,113,104,0.9204,0.0116,0.0094,1.077,0.1475,0.9705,1.8
"2-3","medical_deductions <= 128.0 & total_deductions_by_hh_size <=  39.1 & utilities <=  48.5","ranger",3808,0.92595,0.91866,1897,1740,0.9172,0.1944,0.1125,18.084,0.1475,0.9705,1.8
"2-3","cat_elig > 0.500 & count_divisible_by_100 <= 0.500 & total_deductions_by_hh_size <= 0.217","ranger",3136,0.92666,0.91863,1588,1461,0.92,0.1632,0.0939,15.138,0.1475,0.9705,1.8
"2-3","homeless <=   0.50 & medical_deductions <= 138.00 & total_deductions_by_hh_size <=   1.05","ranger",3922,0.9258,0.91862,1932,1779,0.9208,0.1987,0.1103,18.418,0.1475,0.9705,1.8
"2-3","percent_abawd <=  0.583 & rawben_rel_max >  0.989 & total_deductions_by_hh_size <= 59.600 & unc_rawben_rel_max >  1.090","ranger",1531,0.93011,0.91862,773,720,0.9314,0.0804,0.0436,7.369,0.1475,0.9705,1.8
"2-3","married <=   0.500 & shelter_expenses_by_hh_size <= 280.000 & total_deductions_by_hh_size <=   0.217","ranger",3355,0.92638,0.91861,1660,1515,0.9127,0.1692,0.1074,15.825,0.1475,0.9705,1.8
"2-3","months_since_cert_n <= 36.50 & total_deductions_by_hh_size <=  1.27","ranger",4140,0.9256,0.91861,2049,1888,0.9214,0.2109,0.1155,19.533,0.1475,0.9705,1.8
"2-3","rawben_rel_max >   0.901 & utilities <= 140.000","ranger",3765,0.9259,0.91856,1879,1722,0.9164,0.1924,0.131,17.912,0.1475,0.9705,1.8
"2-3","months_since_cert_n < 27.0 & total_deductions_by_hh_size <  2.5","xgboost",4137,0.92555,0.91855,2051,1890,0.9215,0.2111,0.1155,19.552,0.1475,0.9705,1.8
"2-3","cat_elig <= 0.500 & elderly_disabled_i <= 0.500 & months_since_cert_n <= 6.500 & unc_rawben_rel_max > 0.972","ranger",1064,0.93233,0.91854,486,462,0.9506,0.0516,0.0177,4.633,0.1475,0.9705,1.8
"2-3","cat_elig <= 0.500 & months_since_cert_n <= 6.500 & unc_rawben_rel_max > 0.972","ranger",1131,0.93192,0.91854,520,493,0.9481,0.0551,0.0188,4.957,0.1475,0.9705,1.8
"2-3","expedited_i <=  0.500 & percent_abawd <=  1.500 & unc_rawben_rel_max >  0.895 & utilities <= 38.500","ranger",2563,0.92743,0.91854,1268,1160,0.9148,0.1296,0.0893,12.088,0.1475,0.9705,1.8
"2-3","cat_elig <= 0.500 & elderly_disabled_i <= 0.500 & expedited_i <= 0.500 & unc_rawben_rel_max > 0.997","ranger",848,0.93396,0.91851,366,347,0.9481,0.0388,0.0142,3.489,0.1475,0.9705,1.8
"2-3","medical_deductions <=   2.000 & percent_abawd <=   0.167 & shelter_expenses_by_hh_size <= 252.000 & total_deductions_by_hh_size <=  31.200","ranger",4199,0.92546,0.91851,2032,1858,0.9144,0.2076,0.1236,19.371,0.1475,0.9705,1.8
"2-3","medical_deductions < 125.0 & months_since_cert_n <  19.0 & total_deductions_by_hh_size <   2.5 & unc_rawben_rel_max <   1.5","xgboost",4030,0.92556,0.91847,2013,1854,0.921,0.2071,0.1146,19.19,0.1475,0.9705,1.8
"2-3","medical_deductions <= 134.0 & total_deductions_by_hh_size <=  36.9 & utilities <=  78.5","ranger",3953,0.92563,0.91847,1956,1796,0.9182,0.2006,0.1148,18.646,0.1475,0.9705,1.8
"2-3","cat_elig <  3.0 & count_divisible_by_100 <  1.0 & total_deductions_by_hh_size < 15.5","xgboost",4208,0.92538,0.91844,2165,1995,0.9215,0.2229,0.1204,20.639,0.1475,0.9705,1.8
"2-3","HH_size_n <=   2.500 & rawben_rel_max >   0.998 & shelter_expenses_by_hh_size <= 526.000","ranger",3476,0.92606,0.91843,1725,1590,0.9217,0.1776,0.1191,16.444,0.1475,0.9705,1.8
"2-3","cat_elig <= 0.500 & expedited_i <= 0.500 & unc_rawben_rel_max > 0.975","ranger",955,0.93298,0.91841,424,399,0.941,0.0446,0.0181,4.042,0.1475,0.9705,1.8
"2-3","cat_elig >  0.500 & months_since_cert_n <= 11.500 & unc_rawben_rel_max >  0.997 & utilities <= 46.500","ranger",2416,0.92757,0.9184,1235,1132,0.9166,0.1265,0.0846,11.773,0.1475,0.9705,1.8
"2-3","expedited_i <=  0.500 & percent_abawd <=  0.167 & total_deductions_by_hh_size <= 63.700 & utilities <= 30.500","ranger",2740,0.92701,0.9184,1325,1204,0.9087,0.1345,0.0852,12.631,0.1475,0.9705,1.8
"2-3","rawben_rel_max >=   0.893 & shelter_expenses_by_hh_size < 297.000 & unc_rawben_rel_max >=  -0.497 & utilities < 360.000","xgboost",4001,0.92552,0.9184,2018,1850,0.9167,0.2067,0.1347,19.237,0.1475,0.9705,1.8
"2-3","children_i >  0.5 & count_divisible_by_100 <=  1.5 & total_deductions_by_hh_size <= 22.8","ranger",3680,0.92582,0.91839,1795,1639,0.9131,0.1831,0.1071,17.112,0.1475,0.9705,1.8
"2-3","children_i > 0.50 & expedited_i <= 0.50 & total_deductions_by_hh_size <= 4.48","ranger",2571,0.92727,0.91838,1233,1120,0.9084,0.1251,0.0805,11.754,0.1475,0.9705,1.8
"2-3","homeless <=    0.5 & medical_deductions <= 1080.0 & total_deductions_by_hh_size <=   55.2 & utilities <=   25.5","ranger",3461,0.92603,0.91838,1721,1576,0.9157,0.1761,0.1051,16.406,0.1475,0.9705,1.8
"2-3","medical_deductions <=  67.500 & rawben_rel_max >   0.997 & utilities >  60.500 & utilities <= 140.000","ranger",71,0.97183,0.91838,44,36,0.8182,0.004,0.0057,0.419,0.1475,0.9705,1.8
"2-3","medical_deductions <= 143.000 & rawben_rel_max >   0.901 & utilities >  68.500 & utilities <= 140.000","ranger",71,0.97183,0.91838,38,31,0.8158,0.0035,0.0053,0.362,0.1475,0.9705,1.8
"2-3","months_since_cert_n <=   5.500 & rawben_rel_max >   0.904 & utilities <= 286.000","ranger",2920,0.92671,0.91838,1392,1284,0.9224,0.1434,0.0879,13.27,0.1475,0.9705,1.8
"2-3","children_i >  0.500 & percent_abawd <=  0.167 & total_deductions_by_hh_size <= 28.500","ranger",3691,0.92577,0.91835,1774,1619,0.9126,0.1809,0.1075,16.911,0.1475,0.9705,1.8
"2-3","medical_deductions <= 131.000 & rawben_rel_max >   0.996 & unc_rawben_rel_max >   1.100 & unc_rawben_rel_max <=   1.340","ranger",3511,0.92595,0.91834,2019,1830,0.9064,0.2044,0.1644,19.247,0.1475,0.9705,1.8
"2-3","cat_elig <= 0.500 & count_divisible_by_100 <= 2.500 & expedited_i <= 0.500 & unc_rawben_rel_max > 0.976","ranger",954,0.93291,0.91833,423,398,0.9409,0.0445,0.0181,4.032,0.1475,0.9705,1.8
"2-3","children_i >=   1.00 & shelter_expenses_by_hh_size < 395.00 & unc_rawben_rel_max >=   1.08","xgboost",3612,0.9258,0.91831,1555,1420,0.9132,0.1586,0.1152,14.824,0.1475,0.9705,1.8
"2-3","homeless <=   0.500 & unc_rawben_rel_max >   0.901 & utilities <= 130.000","ranger",3561,0.92586,0.91831,1764,1613,0.9144,0.1802,0.1275,16.816,0.1475,0.9705,1.8
"2-3","elderly_disabled_i >=   1.0000 & rawben_rel_max <   0.0640 & total_deductions_by_hh_size < 374.0000 & unc_rawben_rel_max <   0.0106","xgboost",531,0.93785,0.9183,266,249,0.9361,0.0278,0.0128,2.536,0.1475,0.9705,1.8
"2-3","months_since_cert_n <   6.000 & shelter_expenses_by_hh_size < 385.000 & unc_rawben_rel_max >=   0.993","xgboost",3881,0.92553,0.9183,1942,1791,0.9222,0.2001,0.1272,18.513,0.1475,0.9705,1.8
"2-3","cat_elig <=  0.5 & count_divisible_by_100 <=  0.5 & utilities <= 48.5","ranger",940,0.93298,0.91828,451,419,0.929,0.0468,0.0203,4.299,0.1475,0.9705,1.8
"2-3","cat_elig <= 0.500 & children_i > 0.500 & rawben_rel_max > 0.997","ranger",1114,0.93178,0.91828,496,471,0.9496,0.0526,0.0195,4.728,0.1475,0.9705,1.8
"2-3","cat_elig <= 0.5 & months_since_cert_n > 1.5 & total_deductions_by_hh_size <= 2.5","ranger",600,0.93667,0.91827,272,257,0.9449,0.0287,0.011,2.593,0.1475,0.9705,1.8
"2-3","children_i > 0.500 & elderly_disabled_i <= 0.500 & months_since_cert_n <= 7.500 & rawben_rel_max > 0.997","ranger",5103,0.92455,0.91824,2493,2294,0.9202,0.2563,0.1789,23.765,0.1475,0.9705,1.8
"2-3","cat_elig <=   0.5 & total_deductions_by_hh_size >  52.2 & total_deductions_by_hh_size <= 496.0 & utilities > 770.0","ranger",154,0.95455,0.91822,67,66,0.9851,0.0074,4e-04,0.639,0.1475,0.9705,1.8
"2-3","elderly_disabled_i <= 0.500 & unc_rawben_rel_max > 0.997 & unc_rawben_rel_max <= 1.490","ranger",6497,0.92381,0.91822,3403,3115,0.9154,0.348,0.2546,32.44,0.1475,0.9705,1.8
"2-3","cat_elig <   1.000 & total_deductions_by_hh_size <  83.000 & unc_rawben_rel_max >=   0.547 & utilities < 770.000","xgboost",966,0.93271,0.91821,453,423,0.9338,0.0473,0.0183,4.318,0.1475,0.9705,1.8
"2-3","cat_elig < 2.000 & homeless >= 1.000 & rawben_rel_max >= 0.242 & unc_rawben_rel_max >= 0.998","xgboost",122,0.95902,0.9182,106,101,0.9528,0.0113,0.0029,1.01,0.1475,0.9705,1.8
"2-3","cat_elig <=  0.500 & children_i >  0.500 & months_since_cert_n <= 32.000 & unc_rawben_rel_max >  0.997","ranger",1113,0.93172,0.9182,496,471,0.9496,0.0526,0.0195,4.728,0.1475,0.9705,1.8
"2-3","cat_elig <=  0.500 & medical_deductions <= 17.000 & percent_abawd <=  0.167 & unc_rawben_rel_max >  0.995","ranger",1206,0.93118,0.9182,533,505,0.9475,0.0564,0.0208,5.081,0.1475,0.9705,1.8
"2-3","cat_elig <= 0.500 & children_i > 0.500 & unc_rawben_rel_max > 0.998","ranger",1113,0.93172,0.9182,494,469,0.9494,0.0524,0.0195,4.709,0.1475,0.9705,1.8
"2-3","expedited_i <=   0.500 & medical_deductions > 128.000 & rawben_rel_max <=   0.158","ranger",260,0.94615,0.91819,120,111,0.925,0.0124,0.0061,1.144,0.1475,0.9705,1.8
"2-3","expedited_i >   0.500 & medical_deductions <= 122.000 & rawben_rel_max >   0.996 & shelter_expenses_by_hh_size <= 280.000","ranger",1126,0.93162,0.91818,581,541,0.9312,0.0604,0.0332,5.539,0.1475,0.9705,1.8
"2-3","elderly_disabled_i <= 0.500 & months_since_cert_n <= 7.500 & percent_abawd <= 0.167 & unc_rawben_rel_max > 0.997","ranger",5213,0.92442,0.91817,2500,2306,0.9224,0.2576,0.1701,23.832,0.1475,0.9705,1.8
"2-3","rawben_rel_max >   0.997 & shelter_expenses_by_hh_size <= 526.000 & total_deductions_by_hh_size <= 415.000","ranger",6126,0.92393,0.91817,3091,2832,0.9162,0.3164,0.2247,29.466,0.1475,0.9705,1.8
"2-3","cat_elig <  3.000 & percent_abawd <  0.667 & total_deductions_by_hh_size < 25.000 & unc_rawben_rel_max >=  1.090","xgboost",1430,0.93007,0.91814,750,701,0.9347,0.0783,0.0391,7.15,0.1475,0.9705,1.8
"2-3","cat_elig <=  0.500 & months_since_cert_n <= 16.000 & percent_abawd <=  0.167 & rawben_rel_max >  0.996","ranger",1205,0.93112,0.91813,531,504,0.9492,0.0563,0.0205,5.062,0.1475,0.9705,1.8
"2-3","months_since_cert_n < 11.0 & shelter_expenses_by_hh_size < 21.0 & total_deductions_by_hh_size <  4.1","xgboost",3014,0.92634,0.91813,1470,1352,0.9197,0.151,0.087,14.013,0.1475,0.9705,1.8
"2-3","cat_elig <=   0.5 & months_since_cert_n <=  11.5 & utilities <= 270.0","ranger",1138,0.93146,0.91809,538,499,0.9275,0.0557,0.0226,5.129,0.1475,0.9705,1.8
"2-3","cat_elig <=   1.500 & percent_abawd <=   0.583 & rawben_rel_max >   0.998 & total_deductions_by_hh_size <= 451.000","ranger",4292,0.92498,0.91809,3183,2902,0.9117,0.3242,0.2491,30.343,0.1475,0.9705,1.8
"2-3","count_divisible_by_100 <= 0.500 & months_since_cert_n <= 7.500 & unc_rawben_rel_max > 0.997 & unc_rawben_rel_max <= 1.540","ranger",5474,0.92419,0.91809,2708,2486,0.918,0.2777,0.1953,25.815,0.1475,0.9705,1.8
"2-3","cat_elig >   0.500 & shelter_expenses_by_hh_size <= 256.000 & unc_rawben_rel_max >   0.924","ranger",3754,0.92541,0.91805,1909,1729,0.9057,0.1931,0.156,18.198,0.1475,0.9705,1.8
"2-3","months_since_cert_n >=   2.00 & months_since_cert_n <   6.00 & shelter_expenses_by_hh_size < 113.00 & unc_rawben_rel_max >=   1.05","xgboost",1402,0.9301,0.91805,660,609,0.9227,0.068,0.0369,6.292,0.1475,0.9705,1.8
"2-3","months_since_cert_n <=  18.500 & rawben_rel_max >   0.017 & total_deductions_by_hh_size <=   0.217 & utilities <= 433.000","ranger",3792,0.92537,0.91804,1886,1735,0.9199,0.1938,0.1105,17.979,0.1475,0.9705,1.8
"2-3","children_i >   0.5 & shelter_expenses_by_hh_size <= 248.0 & total_deductions_by_hh_size <=  29.9","ranger",3663,0.92547,0.91801,1769,1613,0.9118,0.1802,0.1092,16.864,0.1475,0.9705,1.8
"2-3","cat_elig >   0.500 & count_divisible_by_100 <=   0.500 & unc_rawben_rel_max >   0.996 & utilities <= 300.000","ranger",2546,0.92694,0.918,1264,1160,0.9177,0.1296,0.0911,12.05,0.1475,0.9705,1.8
"2-3","expedited_i <=   0.500 & shelter_expenses_by_hh_size <= 280.000 & total_deductions_by_hh_size <= 378.000 & unc_rawben_rel_max >   0.897","ranger",3892,0.92523,0.918,1951,1761,0.9026,0.1967,0.1574,18.599,0.1475,0.9705,1.8
"2-3","expedited_i <=  0.500 & rawben_rel_max >  0.917 & utilities <= 22.000","ranger",2417,0.92718,0.918,1202,1103,0.9176,0.1232,0.083,11.459,0.1475,0.9705,1.8
"2-3","count_divisible_by_100 <=   0.500 & medical_deductions <= 158.000 & rawben_rel_max >   0.997 & shelter_expenses_by_hh_size <= 542.000","ranger",5742,0.92389,0.91794,2904,2663,0.917,0.2975,0.2122,27.684,0.1475,0.9705,1.8
"2-3","months_since_cert_n < 31.00000 & rawben_rel_max <  0.09530 & unc_rawben_rel_max >= -0.71000 & unc_rawben_rel_max < -0.00871","xgboost",625,0.936,0.91794,328,305,0.9299,0.0341,0.0228,3.127,0.1475,0.9705,1.8
"2-3","cat_elig <= 1.500 & elderly_disabled_i <= 0.500 & unc_rawben_rel_max > 0.997 & unc_rawben_rel_max <= 1.690","ranger",4220,0.92488,0.91793,3119,2855,0.9154,0.3189,0.2327,29.733,0.1475,0.9705,1.8
"2-3","cat_elig >   1.500 & children_i >   0.500 & rawben_rel_max >   0.997 & shelter_expenses_by_hh_size <= 315.000","ranger",1649,0.92905,0.91793,219,199,0.9087,0.0222,0.0196,2.088,0.1475,0.9705,1.8
"2-3","months_since_cert_n >= 1.000 & rawben_rel_max >= 0.529 & total_deductions_by_hh_size < 8.300","xgboost",3122,0.92601,0.91793,1502,1379,0.9181,0.154,0.0855,14.318,0.1475,0.9705,1.8
"2-3","married <=  0.500 & percent_abawd <=  0.583 & total_deductions_by_hh_size <= 22.800","ranger",3836,0.92518,0.91789,1907,1731,0.9077,0.1934,0.1254,18.179,0.1475,0.9705,1.8
"2-3","expedited_i <=   0.500 & months_since_cert_n >   4.500 & rawben_rel_max >   0.996 & utilities <= 138.000","ranger",922,0.93275,0.91788,451,414,0.918,0.0462,0.0347,4.299,0.1475,0.9705,1.8
"2-3","percent_abawd <=   1.750 & rawben_rel_max >   0.895 & utilities <= 114.000","ranger",3797,0.9252,0.91787,1891,1734,0.917,0.1937,0.129,18.027,0.1475,0.9705,1.8
"2-3","married <=  0.5 & shelter_expenses_by_hh_size <= 50.5 & total_deductions_by_hh_size <= 62.2","ranger",3490,0.9255,0.91786,1705,1548,0.9079,0.1729,0.1156,16.254,0.1475,0.9705,1.8
"2-3","cat_elig <=   0.500 & elderly_disabled_i <=   0.500 & rawben_rel_max >   0.898 & total_deductions_by_hh_size <= 483.000","ranger",1359,0.9301,0.91784,616,583,0.9464,0.0651,0.0217,5.872,0.1475,0.9705,1.8
"2-3","children_i >   0.5 & shelter_expenses_by_hh_size <= 300.0 & total_deductions_by_hh_size <=  27.0","ranger",3692,0.92524,0.91781,1804,1646,0.9124,0.1839,0.1106,17.197,0.1475,0.9705,1.8
"2-3","medical_deductions >= 304.000 & months_since_cert_n <  32.000 & rawben_rel_max <   0.257 & total_deductions_by_hh_size < 496.000","xgboost",105,0.9619,0.91781,42,41,0.9762,0.0046,0.0013,0.4,0.1475,0.9705,1.8
"2-3","cat_elig <=  1.5 & elderly_disabled_i <=  0.5 & total_deductions_by_hh_size <= 30.2","ranger",2140,0.92757,0.9178,1499,1377,0.9186,0.1538,0.0873,14.29,0.1475,0.9705,1.8
"2-3","months_since_cert_n >   2.5 & shelter_expenses_by_hh_size <= 251.0 & total_deductions_by_hh_size <=  22.2 & utilities <=  33.5","ranger",2230,0.92735,0.91779,1070,981,0.9168,0.1096,0.0633,10.2,0.1475,0.9705,1.8
"2-3","cat_elig <=  2.500 & married <=  0.500 & rawben_rel_max >  0.886 & utilities <= 80.500","ranger",3423,0.9255,0.91778,1726,1584,0.9177,0.1769,0.1223,16.454,0.1475,0.9705,1.8
"2-3","cat_elig < 1.000 & children_i < 1.000 & HH_size_n < 3.000 & rawben_rel_max >= 0.886","xgboost",184,0.95109,0.91777,86,81,0.9419,0.009,0.0026,0.82,0.1475,0.9705,1.8
"2-3","rawben_rel_max >=   1.00 & unc_rawben_rel_max <   1.49 & utilities < 612.00","xgboost",5945,0.92363,0.91777,2966,2704,0.9117,0.3021,0.2324,28.275,0.1475,0.9705,1.8
"2-3","cat_elig <=   0.5 & homeless <=   0.5 & shelter_expenses_by_hh_size <= 280.0 & utilities <=  33.5","ranger",867,0.9331,0.91775,421,390,0.9264,0.0436,0.0194,4.013,0.1475,0.9705,1.8
"2-3","cat_elig <=  0.5 & total_deductions_by_hh_size <= 62.0","ranger",1067,0.93158,0.91775,510,477,0.9353,0.0533,0.0203,4.862,0.1475,0.9705,1.8
"2-3","count_divisible_by_100 <= 0.500 & months_since_cert_n <= 5.500 & rawben_rel_max > 0.997 & unc_rawben_rel_max <= 1.550","ranger",4831,0.92424,0.91774,2391,2200,0.9201,0.2458,0.1668,22.793,0.1475,0.9705,1.8
"2-3","children_i >   0.5 & months_since_cert_n <=   4.5 & shelter_expenses_by_hh_size <= 248.0 & total_deductions_by_hh_size <=  29.9","ranger",2280,0.92719,0.91773,1081,1001,0.926,0.1118,0.0571,10.305,0.1475,0.9705,1.8
"2-3","elderly_disabled_i <= 0.500 & HH_size_n <= 2.500 & months_since_cert_n <= 7.500 & unc_rawben_rel_max > 0.997","ranger",3319,0.92558,0.91773,1606,1487,0.9259,0.1661,0.1028,15.31,0.1475,0.9705,1.8
"2-3","children_i >   0.5 & expedited_i >   0.5 & homeless >   0.5 & total_deductions_by_hh_size <= 448.0","ranger",88,0.96591,0.91772,43,43,1,0.0048,0,0.41,0.1475,0.9705,1.8
"2-3","children_i >  0.500 & HH_size_n >  2.500 & rawben_rel_max >  0.904 & utilities <= 22.000","ranger",1278,0.93036,0.91772,629,580,0.9221,0.0648,0.0372,5.996,0.1475,0.9705,1.8
"2-3","rawben_rel_max <= 0.957 & total_deductions_by_hh_size <= 1.270 & unc_rawben_rel_max > 0.915","ranger",88,0.96591,0.91772,31,28,0.9032,0.0031,0.0024,0.296,0.1475,0.9705,1.8
"2-3","children_i >  0.500 & expedited_i <=  0.500 & unc_rawben_rel_max >  0.855 & utilities <= 28.500","ranger",2318,0.92709,0.9177,1129,1030,0.9123,0.1151,0.0809,10.763,0.1475,0.9705,1.8
"2-3","expedited_i >   0.500 & percent_abawd <=   0.167 & shelter_expenses_by_hh_size <= 252.000 & unc_rawben_rel_max >   0.878","ranger",1066,0.93152,0.91767,553,514,0.9295,0.0574,0.0316,5.272,0.1475,0.9705,1.8
"2-3","medical_deductions <= 646.000 & unc_rawben_rel_max >   0.895 & utilities <= 130.000","ranger",3800,0.925,0.91766,1893,1734,0.916,0.1937,0.1315,18.046,0.1475,0.9705,1.8
"2-3","cat_elig >  0.500 & percent_abawd <=  0.583 & shelter_expenses_by_hh_size <= 50.500 & total_deductions_by_hh_size <= 46.100","ranger",2894,0.92605,0.91765,1432,1299,0.9071,0.1451,0.0977,13.651,0.1475,0.9705,1.8
"2-3","medical_deductions <= 122.0 & total_deductions_by_hh_size <=   2.9","ranger",4180,0.92464,0.91765,2068,1907,0.9221,0.213,0.1155,19.714,0.1475,0.9705,1.8
"2-3","cat_elig <= 0.500 & percent_abawd <= 0.167 & unc_rawben_rel_max > 0.995","ranger",1211,0.93064,0.91764,536,507,0.9459,0.0566,0.0211,5.11,0.1475,0.9705,1.8
"2-3","count_divisible_by_100 < 1.0 & months_since_cert_n >= 3.0 & total_deductions_by_hh_size < 2.5","xgboost",2547,0.92658,0.91762,1270,1173,0.9236,0.131,0.0695,12.107,0.1475,0.9705,1.8
"2-3","homeless <   1.0 & shelter_expenses_by_hh_size < 958.0 & total_deductions_by_hh_size <   2.5","xgboost",3949,0.92479,0.91759,1943,1790,0.9213,0.2,0.1103,18.522,0.1475,0.9705,1.8
"2-3","percent_abawd <=  0.167 & rawben_rel_max >  0.017 & total_deductions_by_hh_size <= 13.600","ranger",4215,0.92456,0.91759,2058,1893,0.9198,0.2115,0.1167,19.619,0.1475,0.9705,1.8
"2-3","count_divisible_by_100 <  1.0 & HH_size_n <  3.0 & total_deductions_by_hh_size < 18.4","xgboost",2802,0.92612,0.91758,1428,1329,0.9307,0.1485,0.0696,13.613,0.1475,0.9705,1.8
"2-3","count_divisible_by_100 <=  0.5 & expedited_i <=  0.5 & months_since_cert_n <= 28.5 & total_deductions_by_hh_size <= 30.9","ranger",3707,0.92501,0.91758,1831,1673,0.9137,0.1869,0.109,17.455,0.1475,0.9705,1.8
"2-3","cat_elig <= 0.500 & percent_abawd <= 0.167 & rawben_rel_max > 0.996","ranger",1210,0.93058,0.91757,532,505,0.9492,0.0564,0.0205,5.071,0.1475,0.9705,1.8
"2-3","children_i <= 0.50 & count_divisible_by_100 <= 0.50 & married > 0.50 & total_deductions_by_hh_size <= 1.77","ranger",540,0.93704,0.91757,272,264,0.9706,0.0295,0.0036,2.593,0.1475,0.9705,1.8
"2-3","count_divisible_by_100 <=  0.500 & HH_size_n <=  2.500 & unc_rawben_rel_max >  0.888 & utilities <= 78.500","ranger",2108,0.92742,0.91757,1084,1002,0.9244,0.1119,0.0743,10.334,0.1475,0.9705,1.8
"2-3","cat_elig <=   0.5 & medical_deductions <= 246.0 & months_since_cert_n <=  11.5 & utilities <=  25.5","ranger",945,0.93228,0.91756,460,429,0.9326,0.0479,0.019,4.385,0.1475,0.9705,1.8
"2-3","rawben_rel_max >=   0.954 & total_deductions_by_hh_size < 236.000 & utilities < 344.000","xgboost",3693,0.92499,0.91755,1795,1651,0.9198,0.1844,0.1148,17.112,0.1475,0.9705,1.8
"2-3","cat_elig <=   0.500 & expedited_i >   0.500 & shelter_expenses_by_hh_size <= 319.000 & unc_rawben_rel_max >   0.997","ranger",287,0.94425,0.91754,134,129,0.9627,0.0144,0.0038,1.277,0.1475,0.9705,1.8
"2-3","cat_elig <= 0.500 & children_i > 0.500 & percent_abawd <= 0.167 & unc_rawben_rel_max > 0.998","ranger",1104,0.93116,0.91754,488,463,0.9488,0.0517,0.0195,4.652,0.1475,0.9705,1.8
"2-3","cat_elig <= 0.500 & elderly_disabled_i <= 0.500 & expedited_i <= 0.500 & unc_rawben_rel_max > 0.975","ranger",878,0.9328,0.91753,387,366,0.9457,0.0409,0.0147,3.689,0.1475,0.9705,1.8
"2-3","HH_size_n <=  2.500 & months_since_cert_n <= 36.500 & percent_abawd <=  0.167 & total_deductions_by_hh_size <= 31.200","ranger",2915,0.9259,0.91752,1419,1318,0.9288,0.1472,0.0689,13.527,0.1475,0.9705,1.8
"2-3","children_i > 0.500 & elderly_disabled_i <= 0.500 & percent_abawd <= 0.167 & rawben_rel_max > 0.997","ranger",5977,0.92337,0.91752,2919,2678,0.9174,0.2992,0.213,27.827,0.1475,0.9705,1.8
"2-3","count_divisible_by_100 <=  1.500 & expedited_i <=  0.500 & rawben_rel_max >  0.941 & utilities <= 78.500","ranger",2621,0.92636,0.91752,1278,1171,0.9163,0.1308,0.0911,12.183,0.1475,0.9705,1.8
"2-3","months_since_cert_n >=   7.000 & shelter_expenses_by_hh_size < 714.000 & unc_rawben_rel_max >=   0.998 & unc_rawben_rel_max <   1.180","xgboost",1011,0.93175,0.91752,549,510,0.929,0.057,0.0348,5.234,0.1475,0.9705,1.8
"2-3","cat_elig <= 0.500 & medical_deductions <= 4.500 & unc_rawben_rel_max > 0.927","ranger",1432,0.92947,0.91751,660,625,0.947,0.0698,0.0249,6.292,0.1475,0.9705,1.8
"2-3","cat_elig >=  1 & months_since_cert_n <  6 & shelter_expenses_by_hh_size < 15 & total_deductions_by_hh_size < 37","xgboost",1887,0.92793,0.91751,941,864,0.9182,0.0965,0.056,8.97,0.1475,0.9705,1.8
"2-3","months_since_cert_n >  3.500 & unc_rawben_rel_max >  0.997 & utilities <= 33.500","ranger",1523,0.92909,0.91749,745,687,0.9221,0.0767,0.0493,7.102,0.1475,0.9705,1.8
"2-3","medical_deductions < 7.00 & total_deductions_by_hh_size < 2.50 & unc_rawben_rel_max < 1.12","xgboost",4159,0.9245,0.91748,2059,1898,0.9218,0.212,0.1155,19.628,0.1475,0.9705,1.8
"2-3","medical_deductions <= 259.000 & unc_rawben_rel_max >   0.997 & unc_rawben_rel_max <=   1.490","ranger",7077,0.92285,0.91747,3715,3396,0.9141,0.3794,0.2811,35.415,0.1475,0.9705,1.8
"2-3","elderly_disabled_i <=  0.500 & percent_abawd <=  0.833 & total_deductions_by_hh_size <= 31.300","ranger",3435,0.92518,0.91746,1670,1536,0.9198,0.1716,0.0973,15.92,0.1475,0.9705,1.8
"2-3","HH_size_n >  2.500 & rawben_rel_max >  0.904 & utilities <= 25.500","ranger",1300,0.93,0.91744,643,594,0.9238,0.0664,0.0372,6.13,0.1475,0.9705,1.8
"2-3","elderly_disabled_i <=   0.500 & total_deductions_by_hh_size <= 224.000 & unc_rawben_rel_max >   0.997 & unc_rawben_rel_max <=   1.490","ranger",4700,0.92404,0.91744,2399,2183,0.91,0.2439,0.1871,22.869,0.1475,0.9705,1.8
"2-3","count_divisible_by_100 <=   0.500 & expedited_i >   0.500 & total_deductions_by_hh_size <= 718.000 & unc_rawben_rel_max >   0.998","ranger",1600,0.92875,0.91743,818,756,0.9242,0.0845,0.0509,7.798,0.1475,0.9705,1.8
"2-3","married <=  0.500 & rawben_rel_max >  0.886 & utilities <= 80.500","ranger",3510,0.92507,0.91743,1726,1584,0.9177,0.1769,0.1223,16.454,0.1475,0.9705,1.8
"2-3","medical_deductions <= 122.0 & shelter_expenses_by_hh_size <= 412.0 & total_deductions_by_hh_size <=   2.9","ranger",4131,0.92447,0.91743,2046,1885,0.9213,0.2106,0.1155,19.504,0.1475,0.9705,1.8
"2-3","unc_rawben_rel_max >  0.893 & utilities <= 80.500","ranger",3789,0.92478,0.91743,1869,1717,0.9187,0.1918,0.1265,17.817,0.1475,0.9705,1.8
"2-3","shelter_expenses_by_hh_size < 302.000 & unc_rawben_rel_max >=   0.898","xgboost",5354,0.92361,0.91742,2663,2420,0.9087,0.2703,0.1996,25.386,0.1475,0.9705,1.8
"2-3","cat_elig <=   0.5 & count_divisible_by_100 <=   1.5 & medical_deductions <= 194.0 & utilities <= 270.0","ranger",1155,0.93074,0.91741,542,502,0.9262,0.0561,0.0239,5.167,0.1475,0.9705,1.8
"2-3","count_divisible_by_100 <   1.000 & rawben_rel_max >=   0.985 & shelter_expenses_by_hh_size >= 208.000 & shelter_expenses_by_hh_size < 251.000","xgboost",358,0.94134,0.91741,182,167,0.9176,0.0187,0.0128,1.735,0.1475,0.9705,1.8
"2-3","cat_elig <=  0.500 & children_i >  0.500 & months_since_cert_n <= 18.500 & unc_rawben_rel_max >  0.996","ranger",1115,0.93094,0.91738,496,471,0.9496,0.0526,0.0195,4.728,0.1475,0.9705,1.8
"2-3","expedited_i <=  0.500 & rawben_rel_max >  0.941 & utilities <= 78.500","ranger",2628,0.92618,0.91734,1286,1177,0.9152,0.1315,0.0925,12.259,0.1475,0.9705,1.8
"2-3","rawben_rel_max >=   0.893 & shelter_expenses_by_hh_size < 297.000 & unc_rawben_rel_max >=  -0.497","xgboost",5310,0.92354,0.91732,2704,2459,0.9094,0.2747,0.2011,25.777,0.1475,0.9705,1.8
"2-3","rawben_rel_max >   0.997 & total_deductions_by_hh_size >  27.000 & total_deductions_by_hh_size <= 193.000","ranger",982,0.93177,0.91731,504,447,0.8869,0.0499,0.0536,4.805,0.1475,0.9705,1.8
"2-3","cat_elig <= 0.500 & children_i > 0.500 & homeless > 0.500 & unc_rawben_rel_max > 0.966","ranger",30,1,0.91726,14,14,1,0.0016,0,0.133,0.1475,0.9705,1.8
"2-3","expedited_i <=   0.500 & medical_deductions > 128.000 & rawben_rel_max <=   0.158 & total_deductions_by_hh_size <= 582.000","ranger",257,0.94553,0.91726,116,108,0.931,0.0121,0.0052,1.106,0.1475,0.9705,1.8
"2-3","cat_elig >= 2.000 & total_deductions_by_hh_size >= 2.500 & unc_rawben_rel_max >= 0.998 & unc_rawben_rel_max < 1.110","xgboost",469,0.93817,0.91724,52,48,0.9231,0.0054,0.0031,0.496,0.1475,0.9705,1.8
"2-3","expedited_i >   0.500 & rawben_rel_max >   0.997 & total_deductions_by_hh_size <= 636.000 & unc_rawben_rel_max <=   1.430","ranger",1518,0.92885,0.91722,797,734,0.921,0.082,0.0543,7.598,0.1475,0.9705,1.8
"2-3","cat_elig <= 0.500 & count_divisible_by_100 <= 0.500 & medical_deductions <= 4.500 & unc_rawben_rel_max > 0.927","ranger",1309,0.92972,0.91719,593,561,0.946,0.0627,0.0216,5.653,0.1475,0.9705,1.8
"2-3","children_i > 0.500 & elderly_disabled_i <= 0.500 & married <= 0.500 & rawben_rel_max > 0.997","ranger",5827,0.92312,0.91718,2911,2667,0.9162,0.2979,0.2173,27.75,0.1475,0.9705,1.8
"2-3","months_since_cert_n <= 32.500 & percent_abawd <=  1.420 & unc_rawben_rel_max >  0.997 & unc_rawben_rel_max <=  1.490","ranger",7077,0.92257,0.91718,3715,3394,0.9136,0.3791,0.2828,35.415,0.1475,0.9705,1.8
"2-3","cat_elig <=   0.500 & medical_deductions <= 638.000 & rawben_rel_max >   0.927","ranger",1439,0.92912,0.91716,665,628,0.9444,0.0702,0.0258,6.339,0.1475,0.9705,1.8
"2-3","HH_size_n >=  3.000 & percent_abawd <  0.333 & rawben_rel_max >=  0.731 & shelter_expenses_by_hh_size < 12.300","xgboost",1243,0.93001,0.91715,584,537,0.9195,0.06,0.0362,5.567,0.1475,0.9705,1.8
"2-3","shelter_expenses_by_hh_size < 514.00000 & unc_rawben_rel_max <  -0.00871","xgboost",385,0.94026,0.91715,206,192,0.932,0.0214,0.0108,1.964,0.1475,0.9705,1.8
"2-3","cat_elig <   1.00 & married <   1.00 & unc_rawben_rel_max <   1.12 & utilities < 229.00","xgboost",993,0.93152,0.91713,473,436,0.9218,0.0487,0.022,4.509,0.1475,0.9705,1.8
"2-3","expedited_i >   0.500 & rawben_rel_max >   0.941 & shelter_expenses_by_hh_size <= 394.000 & utilities <=  78.500","ranger",940,0.93191,0.91712,477,447,0.9371,0.0499,0.0233,4.547,0.1475,0.9705,1.8
"2-3","married <= 0.500 & unc_rawben_rel_max > 0.997 & unc_rawben_rel_max <= 1.490","ranger",6272,0.92283,0.9171,3303,3018,0.9137,0.3371,0.2516,31.487,0.1475,0.9705,1.8
"2-3","children_i >  0.5 & expedited_i >  0.5 & married <=  0.5 & total_deductions_by_hh_size <= 54.7","ranger",820,0.93293,0.91709,405,376,0.9284,0.042,0.0205,3.861,0.1475,0.9705,1.8
"2-3","months_since_cert_n > 0.500 & unc_rawben_rel_max > 0.997 & unc_rawben_rel_max <= 1.490","ranger",6458,0.92273,0.91709,3349,3062,0.9143,0.342,0.2518,31.926,0.1475,0.9705,1.8
"2-3","elderly_disabled_i <=   0.500 & rawben_rel_max >   0.997 & shelter_expenses_by_hh_size <= 280.000 & total_deductions_by_hh_size >  26.800","ranger",1606,0.92839,0.91707,820,736,0.8976,0.0822,0.0777,7.817,0.1475,0.9705,1.8
"2-3","percent_abawd <   0.750 & rawben_rel_max >=   0.916 & unc_rawben_rel_max <   1.490 & utilities < 329.000","xgboost",3999,0.92423,0.91706,1926,1763,0.9154,0.1969,0.1397,18.36,0.1475,0.9705,1.8
"2-3","married >   0.500 & medical_deductions > 296.000 & rawben_rel_max <=   0.998 & unc_rawben_rel_max <=   0.231","ranger",104,0.96154,0.91705,44,43,0.9773,0.0048,0.0013,0.419,0.1475,0.9705,1.8
"2-3","count_divisible_by_100 <   1.000 & rawben_rel_max >=   0.996 & shelter_expenses_by_hh_size < 506.000","xgboost",5605,0.9231,0.91704,2807,2570,0.9156,0.2871,0.2058,26.759,0.1475,0.9705,1.8
"2-3","children_i >   0.500 & rawben_rel_max >   0.997 & shelter_expenses_by_hh_size <= 307.000 & total_deductions_by_hh_size >  30.300","ranger",1721,0.92795,0.91701,865,776,0.8971,0.0867,0.0815,8.246,0.1475,0.9705,1.8
"2-3","expedited_i >   0.500 & percent_abawd <=   0.167 & unc_rawben_rel_max >   0.909 & utilities <= 112.000","ranger",899,0.93215,0.91701,467,435,0.9315,0.0486,0.0263,4.452,0.1475,0.9705,1.8
"2-3","count_divisible_by_100 <= 0.500 & expedited_i > 0.500 & percent_abawd <= 0.167 & rawben_rel_max > 0.997","ranger",1475,0.92881,0.917,753,694,0.9216,0.0775,0.048,7.178,0.1475,0.9705,1.8
"2-3","homeless <=   0.5 & rawben_rel_max >   0.9 & utilities <= 284.0","ranger",3731,0.92442,0.91699,1784,1632,0.9148,0.1823,0.1294,17.007,0.1475,0.9705,1.8
"2-3","rawben_rel_max >   0.017 & total_deductions_by_hh_size <=   0.217 & utilities <= 433.000","ranger",3895,0.92426,0.91699,1925,1774,0.9216,0.1982,0.1105,18.351,0.1475,0.9705,1.8
"2-3","cat_elig <=  0.5 & months_since_cert_n >  5.5 & total_deductions_by_hh_size <= 26.2","ranger",167,0.9521,0.91697,81,76,0.9383,0.0085,0.0032,0.772,0.1475,0.9705,1.8
"2-3","count_divisible_by_100 <=  0.5 & percent_abawd <=  1.5 & total_deductions_by_hh_size <= 30.9","ranger",4636,0.92364,0.91697,2305,2121,0.9202,0.2369,0.1273,21.973,0.1475,0.9705,1.8
"2-3","cat_elig <=  0.500 & percent_abawd <=  0.167 & total_deductions_by_hh_size <= 62.000 & unc_rawben_rel_max <=  1.120","ranger",991,0.93138,0.91696,469,437,0.9318,0.0488,0.0199,4.471,0.1475,0.9705,1.8
"2-3","expedited_i >  0.500 & married <=  0.500 & unc_rawben_rel_max >  0.991 & utilities <= 24.000","ranger",792,0.93308,0.91695,410,383,0.9341,0.0428,0.02,3.908,0.1475,0.9705,1.8
"2-3","HH_size_n <=   2.5 & medical_deductions <= 128.0 & shelter_expenses_by_hh_size <= 295.0 & total_deductions_by_hh_size <=  32.2","ranger",2894,0.92536,0.91692,1450,1341,0.9248,0.1498,0.0746,13.823,0.1475,0.9705,1.8
"2-3","cat_elig <=   0.5 & count_divisible_by_100 <=   1.5 & shelter_expenses_by_hh_size <= 138.0","ranger",1030,0.93107,0.91692,485,446,0.9196,0.0498,0.0231,4.623,0.1475,0.9705,1.8
"2-3","shelter_expenses_by_hh_size < 262.000 & total_deductions_by_hh_size >=   2.500 & unc_rawben_rel_max >=   0.988","xgboost",1835,0.92752,0.91692,943,843,0.894,0.0942,0.088,8.99,0.1475,0.9705,1.8
"2-3","cat_elig <=   0.5 & shelter_expenses_by_hh_size <= 116.0 & utilities <= 336.0","ranger",964,0.93154,0.91691,455,420,0.9231,0.0469,0.0213,4.337,0.1475,0.9705,1.8
"2-3","cat_elig >=   1.0000 & unc_rawben_rel_max >=  -0.4970 & unc_rawben_rel_max <   0.0106 & utilities >= 344.0000","xgboost",467,0.9379,0.91689,270,247,0.9148,0.0276,0.0223,2.574,0.1475,0.9705,1.8
"2-3","cat_elig >=  1.0 & shelter_expenses_by_hh_size < 17.5 & total_deductions_by_hh_size < 28.2 & utilities < 28.0","xgboost",2626,0.92574,0.91688,1316,1204,0.9149,0.1345,0.0814,12.545,0.1475,0.9705,1.8
"2-3","cat_elig >   0.5 & count_divisible_by_100 <=   0.5 & shelter_expenses_by_hh_size <= 280.0 & total_deductions_by_hh_size <=  21.9","ranger",3322,0.92474,0.91686,1680,1533,0.9125,0.1712,0.1049,16.015,0.1475,0.9705,1.8
"2-3","rawben_rel_max >=   0.137 & total_deductions_by_hh_size <  31.500 & unc_rawben_rel_max <   1.550 & utilities < 322.000","xgboost",4027,0.92401,0.91686,1978,1812,0.9161,0.2024,0.1158,18.856,0.1475,0.9705,1.8
"2-3","cat_elig <=   0.5 & medical_deductions <= 194.0 & utilities <= 270.0","ranger",1160,0.93017,0.91684,544,504,0.9265,0.0563,0.0239,5.186,0.1475,0.9705,1.8
"2-3","count_divisible_by_100 <=   0.50 & total_deductions_by_hh_size <=   1.27 & utilities > 282.00","ranger",576,0.93576,0.91684,322,302,0.9379,0.0337,0.014,3.07,0.1475,0.9705,1.8
"2-3","homeless <=  0.500 & unc_rawben_rel_max >  0.893 & utilities <= 80.500","ranger",3586,0.92443,0.91684,1755,1609,0.9168,0.1797,0.123,16.73,0.1475,0.9705,1.8
"2-3","medical_deductions < 123.00 & rawben_rel_max >=   0.97 & unc_rawben_rel_max <   1.10","xgboost",2777,0.92546,0.91684,1456,1343,0.9224,0.15,0.0867,13.88,0.1475,0.9705,1.8
"2-3","percent_abawd <   0.333 & shelter_expenses_by_hh_size < 372.000 & total_deductions_by_hh_size <  28.200 & unc_rawben_rel_max <   1.510","xgboost",4453,0.92365,0.91684,2151,1975,0.9182,0.2206,0.1243,20.505,0.1475,0.9705,1.8
"2-3","homeless <=   0.5 & married <=   0.5 & shelter_expenses_by_hh_size <= 262.0 & total_deductions_by_hh_size <=  12.9","ranger",3383,0.92462,0.91681,1669,1517,0.9089,0.1695,0.1101,15.91,0.1475,0.9705,1.8
"2-3","months_since_cert_n <   9.0000 & rawben_rel_max <   0.0523 & total_deductions_by_hh_size < 194.0000","xgboost",313,0.94249,0.91681,180,167,0.9278,0.0187,0.008,1.716,0.1475,0.9705,1.8
"2-3","months_since_cert_n <= 32.000 & unc_rawben_rel_max >  0.997 & unc_rawben_rel_max <=  1.490","ranger",7083,0.92221,0.91681,3721,3400,0.9137,0.3798,0.2828,35.472,0.1475,0.9705,1.8
"2-3","cat_elig <=  0.5 & count_divisible_by_100 <=  1.5 & utilities <= 38.5","ranger",989,0.93124,0.9168,472,440,0.9322,0.0492,0.0203,4.5,0.1475,0.9705,1.8
"2-3","cat_elig <=   0.500 & children_i >   0.500 & rawben_rel_max >   0.996 & utilities <= 838.000","ranger",1094,0.93053,0.91679,466,442,0.9485,0.0494,0.0191,4.442,0.1475,0.9705,1.8
"2-3","expedited_i >  0.500 & percent_abawd <=  0.167 & rawben_rel_max >  0.908 & utilities <= 26.000","ranger",817,0.93268,0.91678,428,403,0.9416,0.045,0.0185,4.08,0.1475,0.9705,1.8
"2-3","married >   0.50 & shelter_expenses_by_hh_size > 148.00 & shelter_expenses_by_hh_size <= 592.00 & total_deductions_by_hh_size <=   1.05","ranger",327,0.9419,0.91677,176,170,0.9659,0.019,0.0035,1.678,0.1475,0.9705,1.8
"2-3","HH_size_n <=   2.500 & months_since_cert_n <=   1.500 & rawben_rel_max >   0.997 & utilities <= 124.000","ranger",480,0.9375,0.91676,289,271,0.9377,0.0303,0.0154,2.755,0.1475,0.9705,1.8
"2-3","cat_elig <=   0.500 & expedited_i >   0.500 & rawben_rel_max >   0.931 & total_deductions_by_hh_size > 316.000","ranger",51,0.98039,0.91676,17,16,0.9412,0.0018,2e-04,0.162,0.1475,0.9705,1.8
"2-3","elderly_disabled_i <=   0.5 & homeless >   0.5 & shelter_expenses_by_hh_size > 100.0 & utilities > 360.0","ranger",51,0.98039,0.91676,33,31,0.9394,0.0035,9e-04,0.315,0.1475,0.9705,1.8
"2-3","cat_elig <=   0.50 & married <=   0.50 & percent_abawd <=   1.75 & utilities <= 270.00","ranger",1054,0.93074,0.91674,498,461,0.9257,0.0515,0.022,4.747,0.1475,0.9705,1.8
"2-3","shelter_expenses_by_hh_size <= 550.0 & total_deductions_by_hh_size <=  62.0 & utilities <=  39.5","ranger",3858,0.92405,0.91674,1937,1772,0.9148,0.1979,0.1166,18.465,0.1475,0.9705,1.8
"2-3","cat_elig <=   1.50 & shelter_expenses_by_hh_size > 182.00 & total_deductions_by_hh_size <=   1.42 & unc_rawben_rel_max <=   1.02","ranger",355,0.94085,0.91672,261,248,0.9502,0.0277,0.007,2.488,0.1475,0.9705,1.8
"2-3","months_since_cert_n <  4.00 & shelter_expenses_by_hh_size < 15.00 & total_deductions_by_hh_size < 61.50 & unc_rawben_rel_max <  1.12","xgboost",1766,0.92752,0.9167,867,799,0.9216,0.0893,0.0496,8.265,0.1475,0.9705,1.8
"2-3","cat_elig <=   0.5 & expedited_i <=   0.5 & medical_deductions <= 194.0 & shelter_expenses_by_hh_size <= 139.0","ranger",816,0.9326,0.91668,371,335,0.903,0.0374,0.0212,3.537,0.1475,0.9705,1.8
"2-3","percent_abawd <  0.3330 & unc_rawben_rel_max >= -0.7100 & unc_rawben_rel_max <  0.0405","xgboost",736,0.93342,0.91666,376,343,0.9122,0.0383,0.0307,3.584,0.1475,0.9705,1.8
"2-3","cat_elig <=   0.500 & expedited_i <=   0.500 & medical_deductions <= 144.000 & rawben_rel_max >   0.963","ranger",974,0.93121,0.91664,432,406,0.9398,0.0454,0.0189,4.118,0.1475,0.9705,1.8
"2-3","HH_size_n >   2.500 & shelter_expenses_by_hh_size <= 293.000 & total_deductions_by_hh_size <= 245.000 & unc_rawben_rel_max >   0.921","ranger",2288,0.92614,0.91663,1121,1020,0.9099,0.1139,0.0869,10.686,0.1475,0.9705,1.8
"2-3","expedited_i >   0.500 & medical_deductions <= 102.000 & rawben_rel_max >   0.997 & utilities <=  22.000","ranger",855,0.93216,0.91661,456,428,0.9386,0.0478,0.0202,4.347,0.1475,0.9705,1.8
"2-3","cat_elig >=   1.000 & rawben_rel_max >=   0.338 & shelter_expenses_by_hh_size < 140.000 & unc_rawben_rel_max >=   1.050","xgboost",2287,0.9261,0.91659,1177,1076,0.9142,0.1202,0.0846,11.22,0.1475,0.9705,1.8
"2-3","cat_elig <   1 & married <   1 & utilities < 229","xgboost",1052,0.93061,0.91658,498,461,0.9257,0.0515,0.022,4.747,0.1475,0.9705,1.8
"2-3","medical_deductions <= 122.000 & shelter_expenses_by_hh_size > 339.000 & unc_rawben_rel_max >   0.997 & unc_rawben_rel_max <=   1.330","ranger",1416,0.92867,0.91658,755,711,0.9417,0.0794,0.0361,7.197,0.1475,0.9705,1.8
"2-3","count_divisible_by_100 <= 0.500 & expedited_i > 0.500 & months_since_cert_n <= 4.500 & unc_rawben_rel_max > 0.942","ranger",1130,0.93009,0.91656,558,518,0.9283,0.0579,0.036,5.319,0.1475,0.9705,1.8
"2-3","cat_elig >   0.500 & months_since_cert_n >  10.500 & rawben_rel_max >   0.997 & shelter_expenses_by_hh_size <= 251.000","ranger",211,0.94787,0.91655,127,118,0.9291,0.0132,0.0074,1.211,0.1475,0.9705,1.8
"2-3","medical_deductions <= 860.0 & months_since_cert_n <=  28.5 & shelter_expenses_by_hh_size <= 278.0 & total_deductions_by_hh_size <=  23.6","ranger",4437,0.92337,0.91654,2206,2017,0.9143,0.2253,0.1332,21.03,0.1475,0.9705,1.8
"2-3","cat_elig < 1.000 & unc_rawben_rel_max >= 0.881 & unc_rawben_rel_max < 1.490","xgboost",1505,0.92824,0.91651,712,667,0.9368,0.0745,0.0288,6.787,0.1475,0.9705,1.8
"2-3","elderly_disabled_i < 1.000 & HH_size_n < 3.000 & unc_rawben_rel_max >= 0.998 & unc_rawben_rel_max < 1.510","xgboost",3947,0.92374,0.9165,1962,1814,0.9246,0.2026,0.1268,18.704,0.1475,0.9705,1.8
"2-3","months_since_cert_n >=  1.000 & rawben_rel_max >=  0.756 & shelter_expenses_by_hh_size < 15.000","xgboost",2955,0.92487,0.9165,1428,1317,0.9223,0.1471,0.0765,13.613,0.1475,0.9705,1.8
"2-3","cat_elig <  2.000 & rawben_rel_max >=  0.282 & total_deductions_by_hh_size < 54.000 & unc_rawben_rel_max >=  1.090","xgboost",946,0.93129,0.91649,716,671,0.9372,0.075,0.0359,6.826,0.1475,0.9705,1.8
"2-3","percent_abawd <   0.5000 & shelter_expenses_by_hh_size >= 281.0000 & shelter_expenses_by_hh_size < 939.0000 & unc_rawben_rel_max <  -0.0566","xgboost",451,0.93792,0.91649,204,192,0.9412,0.0214,0.01,1.945,0.1475,0.9705,1.8
"2-3","total_deductions_by_hh_size <= 62.0 & utilities <= 39.5","ranger",3859,0.92381,0.91649,1937,1772,0.9148,0.1979,0.1166,18.465,0.1475,0.9705,1.8
"2-3","months_since_cert_n >=  5.000 & total_deductions_by_hh_size < 65.900 & unc_rawben_rel_max >=  0.849","xgboost",1233,0.92944,0.91648,614,560,0.9121,0.0626,0.0432,5.853,0.1475,0.9705,1.8
"2-3","cat_elig <=  0.500 & percent_abawd <=  0.167 & total_deductions_by_hh_size <= 62.000","ranger",1011,0.93076,0.91645,473,441,0.9323,0.0493,0.0199,4.509,0.1475,0.9705,1.8
"2-3","married <=   0.500 & months_since_cert_n <=   5.500 & rawben_rel_max >   0.904 & utilities <= 286.000","ranger",2701,0.92521,0.91645,1277,1182,0.9256,0.132,0.082,12.173,0.1475,0.9705,1.8
"2-3","count_divisible_by_100 <= 0.500 & elderly_disabled_i <= 0.500 & expedited_i > 0.500 & unc_rawben_rel_max > 0.998","ranger",1516,0.9281,0.91641,768,710,0.9245,0.0793,0.047,7.321,0.1475,0.9705,1.8
"2-3","months_since_cert_n >  10.500 & rawben_rel_max >   0.996 & shelter_expenses_by_hh_size <= 339.000 & total_deductions_by_hh_size <= 584.000","ranger",283,0.94346,0.9164,156,143,0.9167,0.016,0.0104,1.487,0.1475,0.9705,1.8
"2-3","cat_elig <=  0.5 & utilities <= 48.5","ranger",1010,0.93069,0.91636,483,450,0.9317,0.0503,0.0205,4.604,0.1475,0.9705,1.8
"2-3","months_since_cert_n <=   2.500 & shelter_expenses_by_hh_size >   9.330 & shelter_expenses_by_hh_size <= 251.000 & unc_rawben_rel_max >   0.984","ranger",613,0.93475,0.91635,293,265,0.9044,0.0296,0.0243,2.793,0.1475,0.9705,1.8
"2-3","HH_size_n >   2.500 & medical_deductions <=   4.500 & shelter_expenses_by_hh_size <= 278.000 & unc_rawben_rel_max >   0.914","ranger",2265,0.92583,0.91625,1129,1028,0.9105,0.1148,0.0875,10.763,0.1475,0.9705,1.8
"2-3","HH_size_n >   2.500 & shelter_expenses_by_hh_size <= 336.000 & unc_rawben_rel_max >   0.989","ranger",2277,0.92578,0.91623,1146,1041,0.9084,0.1163,0.0888,10.925,0.1475,0.9705,1.8
"2-3","cat_elig <   2.00 & shelter_expenses_by_hh_size < 409.00 & unc_rawben_rel_max >=   1.07","xgboost",2895,0.9247,0.91623,2133,1951,0.9147,0.2179,0.1528,20.334,0.1475,0.9705,1.8
"2-3","shelter_expenses_by_hh_size > 150.000 & total_deductions_by_hh_size <=   1.050 & unc_rawben_rel_max <=   0.878","ranger",652,0.93405,0.9162,359,337,0.9387,0.0376,0.0126,3.422,0.1475,0.9705,1.8
"2-3","HH_size_n <=   2.500 & months_since_cert_n >   1.500 & rawben_rel_max >   0.997 & utilities <= 124.000","ranger",1589,0.92763,0.91619,742,679,0.9151,0.0758,0.0516,7.073,0.1475,0.9705,1.8
"2-3","cat_elig <   1 & months_since_cert_n <  18 & utilities < 136","xgboost",1138,0.9297,0.91619,537,498,0.9274,0.0556,0.0237,5.119,0.1475,0.9705,1.8
"2-3","children_i > 0.500 & count_divisible_by_100 <= 0.500 & married <= 0.500 & rawben_rel_max > 0.997","ranger",5547,0.9223,0.91618,2751,2519,0.9157,0.2814,0.2133,26.225,0.1475,0.9705,1.8
"2-3","elderly_disabled_i <= 0.500 & percent_abawd <= 0.167 & rawben_rel_max > 0.997","ranger",6313,0.92191,0.91617,3097,2840,0.917,0.3172,0.2258,29.523,0.1475,0.9705,1.8
"2-3","cat_elig <= 0.500 & elderly_disabled_i <= 0.500 & rawben_rel_max > 0.898","ranger",1370,0.92847,0.91615,625,592,0.9472,0.0661,0.0217,5.958,0.1475,0.9705,1.8
"2-3","expedited_i < 1.00 & months_since_cert_n < 6.00 & total_deductions_by_hh_size < 5.67 & unc_rawben_rel_max >= 1.08","xgboost",929,0.93111,0.91615,384,357,0.9297,0.0399,0.0204,3.661,0.1475,0.9705,1.8
"2-3","cat_elig <   2.00 & shelter_expenses_by_hh_size < 409.00 & unc_rawben_rel_max >=   1.07 & utilities < 735.00","xgboost",2779,0.92479,0.91614,2053,1880,0.9157,0.21,0.1478,19.571,0.1475,0.9705,1.8
"2-3","count_divisible_by_100 <=  1.5 & medical_deductions <=  4.5 & months_since_cert_n <=  5.5 & total_deductions_by_hh_size <= 23.8","ranger",3243,0.92414,0.91614,1593,1465,0.9196,0.1637,0.0883,15.186,0.1475,0.9705,1.8
"2-3","medical_deductions <= 138.0 & shelter_expenses_by_hh_size <=  94.8 & total_deductions_by_hh_size <=  62.9","ranger",3930,0.92341,0.91614,1921,1750,0.911,0.1955,0.1215,18.313,0.1475,0.9705,1.8
"2-3","HH_size_n <  3.00 & shelter_expenses_by_hh_size < 99.30 & total_deductions_by_hh_size <  8.30 & unc_rawben_rel_max <  1.11","xgboost",678,0.93363,0.91612,305,275,0.9016,0.0307,0.0161,2.908,0.1475,0.9705,1.8
"2-3","cat_elig <= 0.500 & children_i > 0.500 & count_divisible_by_100 <= 2.500 & unc_rawben_rel_max > 0.963","ranger",1176,0.92942,0.91612,537,508,0.946,0.0567,0.0211,5.119,0.1475,0.9705,1.8
"2-3","cat_elig >  0.5 & children_i >  0.5 & elderly_disabled_i <=  0.5 & total_deductions_by_hh_size <= 23.8","ranger",2476,0.92528,0.91612,1200,1098,0.915,0.1227,0.0742,11.439,0.1475,0.9705,1.8
"2-3","medical_deductions <= 679.000 & months_since_cert_n >   4.500 & rawben_rel_max >   0.818 & total_deductions_by_hh_size <=   2.950","ranger",1072,0.93004,0.91611,506,467,0.9229,0.0522,0.0319,4.824,0.1475,0.9705,1.8
"2-3","count_divisible_by_100 <  1.000 & percent_abawd <  0.333 & total_deductions_by_hh_size < 61.500","xgboost",4935,0.92259,0.9161,2427,2214,0.9122,0.2473,0.1452,23.136,0.1475,0.9705,1.8
"2-3","elderly_disabled_i <    1.00 & total_deductions_by_hh_size <   13.30 & unc_rawben_rel_max <    1.49 & utilities < 1010.00","xgboost",3278,0.92404,0.91607,1575,1449,0.92,0.1619,0.0912,15.014,0.1475,0.9705,1.8
"2-3","HH_size_n <=   2.5 & homeless <=   0.5 & total_deductions_by_hh_size <=  56.4 & utilities <= 140.0","ranger",2411,0.92534,0.91605,1189,1088,0.9151,0.1215,0.0712,11.335,0.1475,0.9705,1.8
"2-3","cat_elig <= 0.500 & children_i > 0.500 & unc_rawben_rel_max > 0.966","ranger",1175,0.92936,0.91605,533,505,0.9475,0.0564,0.0204,5.081,0.1475,0.9705,1.8
"2-3","cat_elig <=   0.5 & shelter_expenses_by_hh_size > 138.0 & utilities > 770.0","ranger",165,0.95152,0.91599,76,74,0.9737,0.0083,6e-04,0.724,0.1475,0.9705,1.8
"2-3","count_divisible_by_100 <=  0.5 & months_since_cert_n <=  5.5 & total_deductions_by_hh_size <= 62.0","ranger",3586,0.92359,0.91597,1746,1598,0.9152,0.1785,0.101,16.644,0.1475,0.9705,1.8
"2-3","medical_deductions > 131.000 & percent_abawd <=   0.250 & rawben_rel_max <=   0.163","ranger",253,0.94466,0.91597,107,99,0.9252,0.0111,0.0047,1.02,0.1475,0.9705,1.8
"2-3","rawben_rel_max >   0.996 & shelter_expenses_by_hh_size > 340.000 & unc_rawben_rel_max <=   1.300","ranger",1367,0.92831,0.91597,732,687,0.9385,0.0767,0.0357,6.978,0.1475,0.9705,1.8
"2-3","rawben_rel_max <   0.46600 & shelter_expenses_by_hh_size < 654.00000 & unc_rawben_rel_max <  -0.00871","xgboost",543,0.93554,0.91596,291,273,0.9381,0.0305,0.0145,2.774,0.1475,0.9705,1.8
"2-3","rawben_rel_max >=  0.815 & shelter_expenses_by_hh_size < 93.500 & unc_rawben_rel_max >=  0.839 & unc_rawben_rel_max <  1.080","xgboost",1354,0.92836,0.91596,838,770,0.9189,0.086,0.053,7.989,0.1475,0.9705,1.8
"2-3","HH_size_n >  2.500 & homeless <=  0.500 & rawben_rel_max >  0.904 & utilities <= 25.500","ranger",1251,0.92886,0.91595,613,566,0.9233,0.0632,0.0363,5.844,0.1475,0.9705,1.8
"2-3","shelter_expenses_by_hh_size <= 94.8 & total_deductions_by_hh_size <= 62.9","ranger",3932,0.92319,0.91591,1923,1751,0.9106,0.1956,0.1218,18.332,0.1475,0.9705,1.8
"2-3","homeless >  0.500 & total_deductions_by_hh_size <= 23.600 & unc_rawben_rel_max >  0.865 & unc_rawben_rel_max <=  1.110","ranger",86,0.96512,0.91588,43,40,0.9302,0.0045,0.0013,0.41,0.1475,0.9705,1.8
"2-3","cat_elig <=   0.5 & elderly_disabled_i <=   0.5 & expedited_i <=   0.5 & shelter_expenses_by_hh_size <= 138.0","ranger",689,0.93324,0.91584,318,289,0.9088,0.0323,0.0171,3.031,0.1475,0.9705,1.8
"2-3","expedited_i <   1.00 & medical_deductions < 103.00 & total_deductions_by_hh_size < 138.00 & unc_rawben_rel_max >=   1.09","xgboost",1275,0.92863,0.91584,635,584,0.9197,0.0652,0.0457,6.053,0.1475,0.9705,1.8
"2-3","married <=  0.5 & months_since_cert_n <=  5.5 & total_deductions_by_hh_size <= 30.3","ranger",2894,0.92433,0.91584,1431,1310,0.9154,0.1463,0.0877,13.642,0.1475,0.9705,1.8
"2-3","medical_deductions <=  4.5 & months_since_cert_n <=  5.5 & total_deductions_by_hh_size <= 23.8","ranger",3244,0.92386,0.91584,1598,1467,0.918,0.1639,0.092,15.234,0.1475,0.9705,1.8
"2-3","months_since_cert_n < 11.000 & rawben_rel_max >=  0.872 & utilities < 38.000","xgboost",3331,0.92375,0.91583,1653,1518,0.9183,0.1696,0.1072,15.758,0.1475,0.9705,1.8
"2-3","cat_elig >  0.500 & rawben_rel_max >  0.793 & shelter_expenses_by_hh_size <= 94.600","ranger",2831,0.92441,0.91582,1409,1290,0.9155,0.1441,0.0923,13.432,0.1475,0.9705,1.8
"2-3","rawben_rel_max >=   0.872 & shelter_expenses_by_hh_size < 380.000 & total_deductions_by_hh_size < 194.000","xgboost",4621,0.92253,0.91581,2332,2119,0.9087,0.2367,0.1722,22.231,0.1475,0.9705,1.8
"2-3","months_since_cert_n >=   6.00 & shelter_expenses_by_hh_size < 113.00 & unc_rawben_rel_max >=   1.05","xgboost",728,0.93269,0.91576,354,325,0.9181,0.0363,0.0259,3.375,0.1475,0.9705,1.8
"2-3","married <= 0.500 & percent_abawd <= 0.167 & unc_rawben_rel_max > 0.997 & unc_rawben_rel_max <= 1.550","ranger",6096,0.92159,0.91574,3015,2760,0.9154,0.3083,0.2226,28.742,0.1475,0.9705,1.8
"2-3","HH_size_n >=  3.0 & months_since_cert_n <  8.0 & shelter_expenses_by_hh_size < 99.3 & total_deductions_by_hh_size <  8.3","xgboost",1080,0.92963,0.91572,505,466,0.9228,0.0521,0.0282,4.814,0.1475,0.9705,1.8
"2-3","cat_elig <=   0.5 & count_divisible_by_100 <=   0.5 & utilities <= 112.0","ranger",1067,0.92971,0.91572,499,462,0.9259,0.0516,0.023,4.757,0.1475,0.9705,1.8
"2-3","cat_elig >=   1.00 & rawben_rel_max >=   0.92 & shelter_expenses_by_hh_size < 295.00","xgboost",4084,0.92287,0.91572,2076,1879,0.9051,0.2099,0.1684,19.79,0.1475,0.9705,1.8
"2-3","cat_elig <=   0.5 & expedited_i >   0.5 & medical_deductions <= 144.0 & unc_rawben_rel_max >   0.9","ranger",392,0.93878,0.91569,187,181,0.9679,0.0202,0.004,1.783,0.1475,0.9705,1.7
"2-3","children_i > 0.500 & elderly_disabled_i <= 0.500 & months_since_cert_n > 0.500 & rawben_rel_max > 0.997","ranger",5649,0.92176,0.91567,2776,2537,0.9139,0.2834,0.2127,26.463,0.1475,0.9705,1.7
"2-3","total_deductions_by_hh_size < 4.1","xgboost",4230,0.9227,0.91567,2091,1928,0.922,0.2154,0.116,19.933,0.1475,0.9705,1.7
"2-3","expedited_i >= 1.00 & months_since_cert_n < 6.00 & total_deductions_by_hh_size < 5.67 & unc_rawben_rel_max >= 1.08","xgboost",460,0.93696,0.91564,176,166,0.9432,0.0185,0.0081,1.678,0.1475,0.9705,1.7
"2-3","HH_size_n <=    2.5 & medical_deductions <= 1080.0 & total_deductions_by_hh_size <=   36.8 & utilities <=   39.5","ranger",2286,0.9252,0.91563,1147,1062,0.9259,0.1186,0.0602,10.934,0.1475,0.9705,1.7
"2-3","cat_elig <   1 & count_divisible_by_100 <   1 & months_since_cert_n <   6 & total_deductions_by_hh_size < 105","xgboost",962,0.93035,0.91561,457,425,0.93,0.0475,0.0192,4.357,0.1475,0.9705,1.7
"2-3","medical_deductions <= 860.0 & shelter_expenses_by_hh_size <= 278.0 & total_deductions_by_hh_size <=  23.6","ranger",4462,0.92246,0.91561,2216,2027,0.9147,0.2264,0.1332,21.125,0.1475,0.9705,1.7
"2-3","HH_size_n <=   2.5 & shelter_expenses_by_hh_size <= 500.0 & total_deductions_by_hh_size <=  58.3 & utilities <=  22.0","ranger",2285,0.92516,0.9156,1156,1063,0.9196,0.1187,0.066,11.02,0.1475,0.9705,1.7
"2-3","children_i > 0.500 & expedited_i > 0.500 & rawben_rel_max > 0.997","ranger",1514,0.92734,0.91559,784,722,0.9209,0.0807,0.0531,7.474,0.1475,0.9705,1.7
"2-3","cat_elig <= 0.500 & count_divisible_by_100 <= 0.500 & months_since_cert_n > 5.500 & unc_rawben_rel_max > 0.922","ranger",266,0.94361,0.91557,124,115,0.9274,0.0128,0.0061,1.182,0.1475,0.9705,1.7
"2-3","count_divisible_by_100 <=   0.500 & months_since_cert_n <=   5.500 & rawben_rel_max >   0.997 & total_deductions_by_hh_size <= 457.000","ranger",4706,0.92223,0.91556,2336,2152,0.9212,0.2404,0.1611,22.269,0.1475,0.9705,1.7
"2-3","medical_deductions > 122.000 & rawben_rel_max <=   0.182 & shelter_expenses_by_hh_size <= 518.000","ranger",149,0.95302,0.91555,66,60,0.9091,0.0067,0.0035,0.629,0.1475,0.9705,1.7
"2-3","count_divisible_by_100 <=  0.5 & expedited_i >  0.5 & unc_rawben_rel_max >  0.9 & utilities <= 26.0","ranger",831,0.93141,0.91554,438,414,0.9452,0.0462,0.0182,4.175,0.1475,0.9705,1.7
"2-3","expedited_i >   0.500 & shelter_expenses_by_hh_size <= 252.000 & total_deductions_by_hh_size <= 301.000 & unc_rawben_rel_max >   0.899","ranger",1142,0.92907,0.91554,592,548,0.9257,0.0612,0.0363,5.643,0.1475,0.9705,1.7
"2-3","medical_deductions < 367.000 & months_since_cert_n >=   1.000 & rawben_rel_max >=   0.942 & unc_rawben_rel_max <   1.330","xgboost",6094,0.9214,0.91554,3034,2775,0.9146,0.31,0.2053,28.923,0.1475,0.9705,1.7
"2-3","cat_elig <=   0.5 & total_deductions_by_hh_size >  52.2 & utilities > 770.0","ranger",164,0.95122,0.91549,75,73,0.9733,0.0082,6e-04,0.715,0.1475,0.9705,1.7
"2-3","rawben_rel_max >   0.997 & shelter_expenses_by_hh_size <= 252.000 & total_deductions_by_hh_size >  29.900 & total_deductions_by_hh_size <= 340.000","ranger",1423,0.92762,0.91549,722,643,0.8906,0.0718,0.0741,6.883,0.1475,0.9705,1.7
"2-3","cat_elig <=   0.500 & months_since_cert_n <=   5.500 & rawben_rel_max >   0.997 & total_deductions_by_hh_size <= 786.000","ranger",1038,0.92967,0.91547,471,448,0.9512,0.05,0.0173,4.49,0.1475,0.9705,1.7
"2-3","cat_elig <=   0.5 & medical_deductions <= 246.0 & utilities <=  25.5","ranger",960,0.93021,0.91544,466,434,0.9313,0.0485,0.0203,4.442,0.1475,0.9705,1.7
"2-3","elderly_disabled_i <=   0.500 & months_since_cert_n <=   6.500 & rawben_rel_max >   0.997 & total_deductions_by_hh_size <= 564.000","ranger",5302,0.92173,0.91544,2598,2395,0.9219,0.2675,0.1773,24.766,0.1475,0.9705,1.7
"2-3","count_divisible_by_100 <=   0.500 & rawben_rel_max >   0.997 & shelter_expenses_by_hh_size <= 534.000 & utilities <= 428.000","ranger",4044,0.9226,0.9154,2016,1846,0.9157,0.2062,0.1524,19.218,0.1475,0.9705,1.7
"2-3","medical_deductions <= 341.000 & percent_abawd <=   0.167 & unc_rawben_rel_max >   1.000 & unc_rawben_rel_max <=   1.630","ranger",6806,0.92095,0.9154,3357,3070,0.9145,0.3429,0.2507,32.002,0.1475,0.9705,1.7
"2-3","children_i > 0.500 & elderly_disabled_i <= 0.500 & rawben_rel_max > 0.997","ranger",6204,0.92118,0.91537,3095,2829,0.9141,0.316,0.2383,29.504,0.1475,0.9705,1.7
"2-3","cat_elig >  0.5 & total_deductions_by_hh_size <= 23.7 & utilities <= 22.0","ranger",2753,0.92408,0.91536,1386,1269,0.9156,0.1418,0.0849,13.213,0.1475,0.9705,1.7
"2-3","count_divisible_by_100 <=   0.500 & rawben_rel_max >   0.996 & shelter_expenses_by_hh_size <= 782.000 & unc_rawben_rel_max <=   1.550","ranger",6460,0.92105,0.91536,3249,2985,0.9187,0.3334,0.2299,30.972,0.1475,0.9705,1.7
"2-3","rawben_rel_max >   0.996 & unc_rawben_rel_max >   1.100 & unc_rawben_rel_max <=   1.340 & utilities <= 138.000","ranger",1763,0.92626,0.91536,905,836,0.9238,0.0934,0.0573,8.627,0.1475,0.9705,1.7
"2-3","percent_abawd <   0.5000 & shelter_expenses_by_hh_size < 939.0000 & unc_rawben_rel_max <  -0.0566","xgboost",579,0.93437,0.91534,278,260,0.9353,0.029,0.0152,2.65,0.1475,0.9705,1.7
"2-3","cat_elig <= 1.500 & unc_rawben_rel_max > 0.997 & unc_rawben_rel_max <= 1.690","ranger",4643,0.92203,0.91531,3466,3158,0.9111,0.3528,0.2739,33.041,0.1475,0.9705,1.7
"2-3","rawben_rel_max <=   0.99600 & shelter_expenses_by_hh_size > 293.00000 & shelter_expenses_by_hh_size <= 859.00000 & unc_rawben_rel_max <=  -0.00545","ranger",512,0.93555,0.91531,243,228,0.9383,0.0255,0.012,2.316,0.1475,0.9705,1.7
"2-3","count_divisible_by_100 <  1.0 & shelter_expenses_by_hh_size < 27.5 & total_deductions_by_hh_size < 96.6 & utilities < 42.0","xgboost",3446,0.9231,0.9153,1749,1598,0.9137,0.1785,0.1068,16.673,0.1475,0.9705,1.7
"2-3","count_divisible_by_100 <=   0.500 & elderly_disabled_i <=   0.500 & total_deductions_by_hh_size <= 433.000 & unc_rawben_rel_max >   0.997","ranger",6113,0.92115,0.91529,3077,2826,0.9184,0.3157,0.2239,29.333,0.1475,0.9705,1.7
"2-3","count_divisible_by_100 <= 0.500 & expedited_i > 0.500 & unc_rawben_rel_max > 0.997","ranger",1610,0.92671,0.91529,824,758,0.9199,0.0847,0.0539,7.855,0.1475,0.9705,1.7
"2-3","percent_abawd <= 0.167 & rawben_rel_max > 0.997 & unc_rawben_rel_max <= 1.600","ranger",6870,0.92082,0.91529,3389,3098,0.9141,0.3461,0.2558,32.307,0.1475,0.9705,1.7
"2-3","HH_size_n >   2.500 & medical_deductions <= 138.000 & shelter_expenses_by_hh_size <= 280.000 & unc_rawben_rel_max >   0.914","ranger",2276,0.92487,0.91527,1132,1029,0.909,0.1149,0.0888,10.791,0.1475,0.9705,1.7
"2-3","children_i > 0.50 & count_divisible_by_100 <= 0.50 & HH_size_n > 2.50 & total_deductions_by_hh_size <= 1.77","ranger",1343,0.92777,0.91527,644,585,0.9084,0.0653,0.0446,6.139,0.1475,0.9705,1.7
"2-3","cat_elig <=   1.500 & children_i >   0.500 & medical_deductions <= 650.000 & rawben_rel_max >   0.997","ranger",4037,0.92247,0.91526,2972,2704,0.9098,0.3021,0.2429,28.332,0.1475,0.9705,1.7
"2-3","count_divisible_by_100 < 1.000 & elderly_disabled_i < 1.000 & months_since_cert_n < 8.000 & rawben_rel_max >= 0.982","xgboost",5266,0.92157,0.91526,2595,2393,0.9222,0.2673,0.1793,24.738,0.1475,0.9705,1.7
"2-3","expedited_i >= 1.000 & unc_rawben_rel_max >= 0.998 & unc_rawben_rel_max < 1.360","xgboost",1470,0.92721,0.91526,777,716,0.9215,0.08,0.0527,7.407,0.1475,0.9705,1.7
"2-3","percent_abawd <  0.333 & total_deductions_by_hh_size < 28.200 & unc_rawben_rel_max <  1.510","xgboost",4566,0.92203,0.91525,2206,2026,0.9184,0.2263,0.1263,21.03,0.1475,0.9705,1.7
"2-3","elderly_disabled_i <  1.0 & months_since_cert_n < 10.0 & total_deductions_by_hh_size <  4.1","xgboost",2861,0.9238,0.91524,1363,1255,0.9208,0.1402,0.0795,12.993,0.1475,0.9705,1.7
"2-3","months_since_cert_n <  11.0000 & rawben_rel_max <   0.0523 & shelter_expenses_by_hh_size < 554.0000 & unc_rawben_rel_max <  -0.0566","xgboost",321,0.94081,0.91524,165,155,0.9394,0.0173,0.0073,1.573,0.1475,0.9705,1.7
"2-3","months_since_cert_n >=  5.000 & months_since_cert_n < 12.000 & total_deductions_by_hh_size < 65.900 & unc_rawben_rel_max >=  0.849","xgboost",1138,0.92882,0.91524,569,517,0.9086,0.0578,0.0415,5.424,0.1475,0.9705,1.7
"2-3","percent_abawd <=   0.167 & shelter_expenses_by_hh_size <= 282.000 & unc_rawben_rel_max >   0.996 & utilities >  33.500","ranger",1406,0.92745,0.91523,684,610,0.8918,0.0681,0.0696,6.52,0.1475,0.9705,1.7
"2-3","rawben_rel_max >=   0.279 & total_deductions_by_hh_size <  20.600 & utilities < 469.000","xgboost",4072,0.9224,0.91522,2051,1875,0.9142,0.2095,0.1244,19.552,0.1475,0.9705,1.7
"2-3","cat_elig <= 0.500 & expedited_i > 0.500 & unc_rawben_rel_max > 0.975","ranger",376,0.93883,0.9152,185,179,0.9676,0.02,0.004,1.764,0.1475,0.9705,1.7
"2-3","children_i >   0.500 & months_since_cert_n <=   5.500 & total_deductions_by_hh_size <= 471.000 & unc_rawben_rel_max >   0.998","ranger",4587,0.92195,0.91519,2254,2080,0.9228,0.2324,0.1557,21.487,0.1475,0.9705,1.7
"2-3","expedited_i <   1.0000 & rawben_rel_max <   0.4340 & shelter_expenses_by_hh_size < 900.0000 & unc_rawben_rel_max <  -0.0566","xgboost",578,0.93426,0.91519,284,264,0.9296,0.0295,0.0162,2.707,0.1475,0.9705,1.7
"2-3","homeless >   0.5 & total_deductions_by_hh_size > 123.0 & utilities > 360.0","ranger",50,0.98,0.91519,28,27,0.9643,0.003,3e-04,0.267,0.1475,0.9705,1.7
"2-3","expedited_i <=   0.500 & HH_size_n >   2.500 & shelter_expenses_by_hh_size <= 348.000 & unc_rawben_rel_max >   0.997","ranger",1797,0.92599,0.91518,869,791,0.9102,0.0884,0.0687,8.284,0.1475,0.9705,1.7
"2-3","elderly_disabled_i <= 0.500 & married <= 0.500 & months_since_cert_n <= 7.500 & unc_rawben_rel_max > 0.997","ranger",5137,0.92155,0.91515,2518,2318,0.9206,0.2589,0.1749,24.004,0.1475,0.9705,1.7
"2-3","cat_elig <   1 & shelter_expenses_by_hh_size < 638 & utilities >= 670","xgboost",133,0.95489,0.91514,61,60,0.9836,0.0067,4e-04,0.582,0.1475,0.9705,1.7
"2-3","count_divisible_by_100 <   1.000 & rawben_rel_max >=   0.996 & shelter_expenses_by_hh_size < 506.000 & utilities < 469.000","xgboost",4300,0.92209,0.9151,2169,1982,0.9138,0.2214,0.1639,20.677,0.1475,0.9705,1.7
"2-3","count_divisible_by_100 <  1.0 & months_since_cert_n >=  4.0 & percent_abawd <  0.5 & total_deductions_by_hh_size < 15.5","xgboost",2109,0.92508,0.9151,1082,997,0.9214,0.1114,0.0608,10.315,0.1475,0.9705,1.7
"2-3","rawben_rel_max >= 0.996 & unc_rawben_rel_max < 1.490","xgboost",7122,0.92053,0.91509,3730,3408,0.9137,0.3807,0.2835,35.558,0.1475,0.9705,1.7
"2-3","children_i >  0.500 & HH_size_n <=  2.500 & months_since_cert_n <= 32.000 & rawben_rel_max >  0.997","ranger",3573,0.92275,0.91508,1755,1616,0.9208,0.1805,0.1258,16.73,0.1475,0.9705,1.7
"2-3","months_since_cert_n <   4.0 & shelter_expenses_by_hh_size <  93.5 & total_deductions_by_hh_size < 126.0","xgboost",2121,0.92504,0.91508,1053,956,0.9079,0.1068,0.0651,10.038,0.1475,0.9705,1.7
"2-3","months_since_cert_n >=  5.000 & rawben_rel_max >=  0.667 & shelter_expenses_by_hh_size < 15.000 & unc_rawben_rel_max >=  1.080","xgboost",722,0.93213,0.91507,279,260,0.9319,0.029,0.0146,2.66,0.1475,0.9705,1.7
"2-3","cat_elig >  0.500 & months_since_cert_n >  3.500 & rawben_rel_max >  0.886 & total_deductions_by_hh_size <= 62.000","ranger",1314,0.9277,0.91505,652,593,0.9095,0.0662,0.0481,6.215,0.1475,0.9705,1.7
"2-3","months_since_cert_n <=   5.500 & rawben_rel_max >   0.997 & shelter_expenses_by_hh_size <= 306.000 & total_deductions_by_hh_size >  31.300","ranger",1352,0.92751,0.91504,659,599,0.909,0.0669,0.054,6.282,0.1475,0.9705,1.7
"2-3","cat_elig >  0.500 & rawben_rel_max >  0.989 & total_deductions_by_hh_size <= 23.100 & unc_rawben_rel_max >  1.070","ranger",1907,0.92554,0.91503,971,894,0.9207,0.0999,0.0607,9.256,0.1475,0.9705,1.7
"2-3","HH_size_n >=   3.00 & rawben_rel_max >=   0.89 & total_deductions_by_hh_size < 120.00 & utilities < 385.00","xgboost",1465,0.92696,0.91498,719,655,0.911,0.0732,0.0537,6.854,0.1475,0.9705,1.7
"2-3","cat_elig <=   1.500 & rawben_rel_max >   0.996 & unc_rawben_rel_max <=   1.490 & utilities > 508.000","ranger",929,0.93003,0.91498,984,909,0.9238,0.1015,0.066,9.38,0.1475,0.9705,1.7
"2-3","children_i > 0.500 & elderly_disabled_i <= 0.500 & months_since_cert_n <= 7.500 & rawben_rel_max > 0.971","ranger",5357,0.92122,0.91496,2628,2417,0.9197,0.27,0.1869,25.052,0.1475,0.9705,1.7
"2-3","homeless <  1.000 & rawben_rel_max >=  0.675 & total_deductions_by_hh_size < 15.500 & unc_rawben_rel_max >=  1.090","xgboost",1376,0.92733,0.91496,695,647,0.9309,0.0723,0.0381,6.625,0.1475,0.9705,1.7
"2-3","months_since_cert_n <  19.00 & percent_abawd <   0.75 & total_deductions_by_hh_size < 117.00 & unc_rawben_rel_max >=   1.11","xgboost",1528,0.9267,0.91496,788,728,0.9239,0.0813,0.0519,7.512,0.1475,0.9705,1.7
"2-3","cat_elig <=   0.500 & months_since_cert_n <=   1.500 & rawben_rel_max <=   0.421 & shelter_expenses_by_hh_size > 135.000","ranger",68,0.97059,0.91494,35,32,0.9143,0.0036,0.0015,0.334,0.1475,0.9705,1.7
"2-3","cat_elig <  2.00 & rawben_rel_max >=  0.19 & total_deductions_by_hh_size < 99.50 & utilities < 28.00","xgboost",2379,0.92434,0.91493,1785,1619,0.907,0.1809,0.1122,17.016,0.1475,0.9705,1.7
"2-3","HH_size_n <  3.00 & total_deductions_by_hh_size >= 23.00 & unc_rawben_rel_max >=  1.00 & unc_rawben_rel_max <  1.49","xgboost",2366,0.92434,0.91491,1342,1233,0.9188,0.1377,0.0974,12.793,0.1475,0.9705,1.7
"2-3","elderly_disabled_i <=   0.500 & medical_deductions <= 140.000 & months_since_cert_n <=   6.500 & unc_rawben_rel_max >   0.997","ranger",5342,0.92119,0.91491,2616,2410,0.9213,0.2692,0.1802,24.938,0.1475,0.9705,1.7
"2-3","cat_elig >   0.500 & shelter_expenses_by_hh_size <= 331.000 & total_deductions_by_hh_size >   0.217 & unc_rawben_rel_max >   0.997","ranger",1904,0.92542,0.9149,987,889,0.9007,0.0993,0.0887,9.409,0.1475,0.9705,1.7
"2-3","percent_abawd <   0.750 & rawben_rel_max >=   0.905 & total_deductions_by_hh_size < 340.000 & unc_rawben_rel_max <   1.340","xgboost",6194,0.92073,0.9149,3359,3032,0.9026,0.3387,0.267,32.021,0.1475,0.9705,1.7
"2-3","shelter_expenses_by_hh_size <= 535.000 & total_deductions_by_hh_size <=  61.900 & unc_rawben_rel_max >  -0.428 & utilities <= 202.000","ranger",4228,0.92195,0.91489,2096,1903,0.9079,0.2126,0.1346,19.981,0.1475,0.9705,1.7
"2-3","cat_elig <=   1.500 & shelter_expenses_by_hh_size >  87.200 & shelter_expenses_by_hh_size <= 252.000 & unc_rawben_rel_max >   0.974","ranger",915,0.93005,0.91488,655,586,0.8947,0.0655,0.0609,6.244,0.1475,0.9705,1.7
"2-3","cat_elig <= 2.500 & children_i > 0.500 & expedited_i > 0.500 & rawben_rel_max > 0.997","ranger",1501,0.92672,0.91487,784,722,0.9209,0.0807,0.0531,7.474,0.1475,0.9705,1.7
"2-3","children_i > 0.500 & HH_size_n <= 2.500 & rawben_rel_max > 0.997","ranger",3576,0.92254,0.91486,1756,1617,0.9208,0.1806,0.1258,16.74,0.1475,0.9705,1.7
"2-3","HH_size_n <   3.000 & rawben_rel_max <   0.200 & total_deductions_by_hh_size < 213.000 & unc_rawben_rel_max >=  -0.497","xgboost",876,0.93037,0.91485,403,375,0.9305,0.0419,0.0158,3.842,0.1475,0.9705,1.7
"2-3","elderly_disabled_i <= 0.500 & months_since_cert_n <= 7.500 & rawben_rel_max > 0.997","ranger",5631,0.92097,0.91485,2760,2536,0.9188,0.2833,0.1971,26.311,0.1475,0.9705,1.7
"2-3","expedited_i >   0.500 & total_deductions_by_hh_size <= 568.000 & unc_rawben_rel_max >   0.923 & unc_rawben_rel_max <=   1.300","ranger",1387,0.92718,0.91485,731,677,0.9261,0.0756,0.0427,6.969,0.1475,0.9705,1.7
"2-3","married <  1.00 & months_since_cert_n <  8.00 & total_deductions_by_hh_size < 23.00 & unc_rawben_rel_max >=  1.11","xgboost",1120,0.92857,0.91485,561,523,0.9323,0.0584,0.0319,5.348,0.1475,0.9705,1.7
"2-3","count_divisible_by_100 <= 0.500 & elderly_disabled_i <= 0.500 & married <= 0.500 & rawben_rel_max > 0.996","ranger",5691,0.92093,0.91484,2842,2611,0.9187,0.2917,0.2068,27.092,0.1475,0.9705,1.7
"2-3","cat_elig >  0.5 & medical_deductions <=  5.5 & total_deductions_by_hh_size <= 39.1 & utilities <= 30.5","ranger",2872,0.9234,0.91483,1446,1322,0.9142,0.1477,0.0877,13.785,0.1475,0.9705,1.7
"2-3","elderly_disabled_i <=   0.5 & HH_size_n <=   2.5 & total_deductions_by_hh_size <= 490.0 & unc_rawben_rel_max >   1.0","ranger",3894,0.92219,0.91483,1941,1794,0.9243,0.2004,0.1254,18.503,0.1475,0.9705,1.7
"2-3","percent_abawd <=   0.167 & rawben_rel_max >   0.997 & total_deductions_by_hh_size <= 197.000 & utilities >  47.500","ranger",772,0.93135,0.91482,386,343,0.8886,0.0383,0.0399,3.68,0.1475,0.9705,1.7
"2-3","cat_elig <= 0.50 & children_i <= 0.50 & percent_abawd <= 0.75 & total_deductions_by_hh_size <= 2.95","ranger",117,0.95726,0.91481,63,60,0.9524,0.0067,0.002,0.601,0.1475,0.9705,1.7
"2-3","rawben_rel_max >=   0.97 & total_deductions_by_hh_size >=   2.50 & unc_rawben_rel_max <   1.30 & utilities < 724.00","xgboost",2834,0.92343,0.9148,1487,1356,0.9119,0.1515,0.1032,14.175,0.1475,0.9705,1.7
"2-3","HH_size_n <=  2.5 & married <=  0.5 & months_since_cert_n <=  5.5 & total_deductions_by_hh_size <= 30.3","ranger",1751,0.92576,0.91478,893,826,0.925,0.0923,0.0496,8.513,0.1475,0.9705,1.7
"2-3","cat_elig <=  2.500 & expedited_i <=  0.500 & percent_abawd <=  0.583 & total_deductions_by_hh_size <= 23.000","ranger",3658,0.92236,0.91477,1821,1659,0.911,0.1853,0.1111,17.359,0.1475,0.9705,1.7
"2-3","HH_size_n >   2.500 & married <=   0.500 & shelter_expenses_by_hh_size <= 397.000 & unc_rawben_rel_max >   0.997","ranger",2225,0.92449,0.91476,1117,1021,0.9141,0.1141,0.0835,10.648,0.1475,0.9705,1.7
"2-3","homeless <= 0.500 & percent_abawd <= 0.167 & unc_rawben_rel_max > 1.000 & unc_rawben_rel_max <= 1.600","ranger",6596,0.92041,0.91475,3258,2970,0.9116,0.3318,0.253,31.058,0.1475,0.9705,1.7
"2-3","married <= 0.500 & percent_abawd <= 0.167 & unc_rawben_rel_max > 0.996 & unc_rawben_rel_max <= 1.520","ranger",6110,0.92062,0.91474,3011,2759,0.9163,0.3082,0.2212,28.704,0.1475,0.9705,1.7
"2-3","cat_elig <=   1.500 & children_i >   0.500 & medical_deductions <= 296.000 & unc_rawben_rel_max >   0.996","ranger",4048,0.92194,0.91472,2975,2706,0.9096,0.3023,0.2436,28.36,0.1475,0.9705,1.7
"2-3","shelter_expenses_by_hh_size <= 535.0 & total_deductions_by_hh_size <=  61.9 & utilities <= 202.0","ranger",4232,0.92179,0.91472,2099,1906,0.9081,0.2129,0.1346,20.01,0.1475,0.9705,1.7
"2-3","cat_elig <  3.000 & percent_abawd <  0.667 & total_deductions_by_hh_size < 25.000","xgboost",4598,0.92149,0.91471,2320,2128,0.9172,0.2377,0.1338,22.116,0.1475,0.9705,1.7
"2-3","HH_size_n <   3.00 & total_deductions_by_hh_size < 709.00 & unc_rawben_rel_max >=   1.00 & unc_rawben_rel_max <   1.55","xgboost",4341,0.92168,0.9147,2178,2009,0.9224,0.2244,0.1446,20.763,0.1475,0.9705,1.7
"2-3","cat_elig <   2.00 & total_deductions_by_hh_size < 533.00 & unc_rawben_rel_max >=   1.01","xgboost",4413,0.9216,0.91468,3280,2987,0.9107,0.3337,0.2591,31.268,0.1475,0.9705,1.7
"2-3","expedited_i <   1.00000 & medical_deductions >= 174.00000 & shelter_expenses_by_hh_size < 870.00000 & unc_rawben_rel_max <  -0.00871","xgboost",101,0.9604,0.91467,46,45,0.9783,0.005,8e-04,0.439,0.1475,0.9705,1.7
"2-3","expedited_i <  1.0 & months_since_cert_n <  4.0 & total_deductions_by_hh_size < 13.3","xgboost",1661,0.92595,0.91467,793,724,0.913,0.0809,0.048,7.56,0.1475,0.9705,1.7
"2-3","children_i >   0.500 & rawben_rel_max >   0.997 & total_deductions_by_hh_size <= 437.000","ranger",6274,0.92047,0.91466,3157,2881,0.9126,0.3218,0.2487,30.095,0.1475,0.9705,1.7
"2-3","count_divisible_by_100 <  1.00 & total_deductions_by_hh_size < 23.00 & unc_rawben_rel_max <  1.11","xgboost",3039,0.923,0.91466,1492,1358,0.9102,0.1517,0.0872,14.223,0.1475,0.9705,1.7
"2-3","cat_elig >   0.500 & medical_deductions <= 132.000 & rawben_rel_max >   0.904 & utilities <=  25.500","ranger",2630,0.92357,0.91461,1353,1236,0.9135,0.1381,0.0942,12.898,0.1475,0.9705,1.7
"2-3","HH_size_n >=  3.0 & shelter_expenses_by_hh_size < 99.3 & total_deductions_by_hh_size <  8.3","xgboost",1307,0.92731,0.9146,629,576,0.9157,0.0643,0.0402,5.996,0.1475,0.9705,1.7
"2-3","count_divisible_by_100 <  1.0 & HH_size_n <  3.0 & total_deductions_by_hh_size < 61.5","xgboost",3295,0.92261,0.9146,1683,1553,0.9228,0.1735,0.0894,16.044,0.1475,0.9705,1.7
"2-3","children_i > 0.500 & count_divisible_by_100 <= 0.500 & rawben_rel_max > 0.997","ranger",5917,0.92057,0.91459,2944,2689,0.9134,0.3004,0.2342,28.065,0.1475,0.9705,1.7
"2-3","HH_size_n <=   2.500 & months_since_cert_n <=   1.500 & total_deductions_by_hh_size <= 378.000 & unc_rawben_rel_max >   0.999","ranger",886,0.93002,0.91458,487,459,0.9425,0.0513,0.0255,4.643,0.1475,0.9705,1.7
"2-3","elderly_disabled_i < 1.000 & total_deductions_by_hh_size >= 2.500 & unc_rawben_rel_max >= 0.998 & unc_rawben_rel_max < 1.480","xgboost",3699,0.92214,0.91458,2176,1972,0.9062,0.2203,0.1871,20.744,0.1475,0.9705,1.7
"2-3","expedited_i >  0.500 & rawben_rel_max >  0.917 & utilities <= 22.000","ranger",886,0.93002,0.91458,467,439,0.94,0.049,0.0202,4.452,0.1475,0.9705,1.7
"2-3","elderly_disabled_i <= 0.500 & homeless <= 0.500 & months_since_cert_n <= 7.500 & rawben_rel_max > 0.997","ranger",5442,0.9208,0.91457,2663,2444,0.9178,0.273,0.1943,25.386,0.1475,0.9705,1.7
"2-3","children_i >=  1 & count_divisible_by_100 <  1 & months_since_cert_n <  7 & shelter_expenses_by_hh_size < 21","xgboost",2591,0.92358,0.91455,1241,1135,0.9146,0.1268,0.0725,11.83,0.1475,0.9705,1.7
"2-3","HH_size_n <=   2.5 & months_since_cert_n <=  27.5 & shelter_expenses_by_hh_size <= 627.0 & total_deductions_by_hh_size <=  27.6","ranger",3071,0.92283,0.91453,1514,1403,0.9267,0.1567,0.0761,14.433,0.1475,0.9705,1.7
"2-3","children_i >=   1.00 & unc_rawben_rel_max >=   0.97 & unc_rawben_rel_max <   1.49 & utilities < 875.00","xgboost",6300,0.92032,0.91452,3248,2958,0.9107,0.3304,0.253,30.963,0.1475,0.9705,1.7
"2-3","HH_size_n <=   2.500 & medical_deductions <= 377.000 & rawben_rel_max >   0.999 & unc_rawben_rel_max <=   1.600","ranger",4416,0.92142,0.9145,2217,2044,0.922,0.2283,0.148,21.134,0.1475,0.9705,1.7
"2-3","total_deductions_by_hh_size <=  61.9 & utilities <= 202.0","ranger",4233,0.92157,0.9145,2099,1906,0.9081,0.2129,0.1346,20.01,0.1475,0.9705,1.7
"2-3","count_divisible_by_100 <= 0.500 & elderly_disabled_i <= 0.500 & rawben_rel_max > 0.997","ranger",6223,0.9203,0.91446,3120,2864,0.9179,0.3199,0.2289,29.743,0.1475,0.9705,1.7
"2-3","HH_size_n <=  2.5 & married <=  0.5 & total_deductions_by_hh_size <= 32.2","ranger",2477,0.9237,0.91445,1244,1142,0.918,0.1276,0.0726,11.859,0.1475,0.9705,1.7
"2-3","cat_elig > 0.500 & expedited_i > 0.500 & rawben_rel_max > 0.997 & unc_rawben_rel_max <= 1.340","ranger",1051,0.92864,0.91445,619,564,0.9111,0.063,0.0472,5.901,0.1475,0.9705,1.7
"2-3","children_i >   0.500 & homeless >   0.500 & total_deductions_by_hh_size <= 199.000 & unc_rawben_rel_max >   0.997","ranger",147,0.95238,0.91443,72,71,0.9861,0.0079,3e-04,0.686,0.1475,0.9705,1.7
"2-3","elderly_disabled_i >=   1.0000 & total_deductions_by_hh_size < 182.0000 & unc_rawben_rel_max <   0.0405","xgboost",440,0.93636,0.91443,217,205,0.9447,0.0229,0.0061,2.069,0.1475,0.9705,1.7
"2-3","total_deductions_by_hh_size <   2.5 & utilities >= 376.0","xgboost",359,0.93872,0.91443,185,174,0.9405,0.0194,0.006,1.764,0.1475,0.9705,1.7
"2-3","cat_elig <=   0.5 & count_divisible_by_100 <=   1.5 & homeless <=   0.5 & shelter_expenses_by_hh_size <= 138.0","ranger",974,0.92916,0.91441,460,421,0.9152,0.047,0.0231,4.385,0.1475,0.9705,1.7
"2-3","cat_elig <= 0.50 & HH_size_n > 2.50 & unc_rawben_rel_max > 1.00 & unc_rawben_rel_max <= 1.35","ranger",480,0.93542,0.91441,234,222,0.9487,0.0248,0.0092,2.231,0.1475,0.9705,1.7
"2-3","cat_elig <= 0.500 & expedited_i > 0.500 & rawben_rel_max > 0.931","ranger",386,0.93782,0.9144,187,181,0.9679,0.0202,0.004,1.783,0.1475,0.9705,1.7
"2-3","children_i > 0.500 & homeless <= 0.500 & rawben_rel_max > 0.997 & unc_rawben_rel_max <= 1.550","ranger",6278,0.9202,0.91439,3133,2854,0.9109,0.3188,0.2522,29.867,0.1475,0.9705,1.7
"2-3","elderly_disabled_i <=   0.500 & months_since_cert_n <=   6.500 & total_deductions_by_hh_size <= 757.000 & unc_rawben_rel_max >   0.989","ranger",5418,0.92063,0.91438,2671,2462,0.9218,0.275,0.1814,25.462,0.1475,0.9705,1.7
"2-3","HH_size_n <=   2.500 & months_since_cert_n <=   6.500 & rawben_rel_max >   0.995 & total_deductions_by_hh_size <= 582.000","ranger",3346,0.9223,0.91434,1641,1513,0.922,0.169,0.1121,15.643,0.1475,0.9705,1.7
"2-3","months_since_cert_n >= 3.0 & total_deductions_by_hh_size < 2.5","xgboost",2683,0.92322,0.91433,1319,1211,0.9181,0.1353,0.0755,12.574,0.1475,0.9705,1.7
"2-3","shelter_expenses_by_hh_size < 372.000 & total_deductions_by_hh_size < 316.000 & unc_rawben_rel_max >=   0.908 & unc_rawben_rel_max <   1.500","xgboost",5705,0.92042,0.91433,2905,2647,0.9112,0.2957,0.2103,27.693,0.1475,0.9705,1.7
"2-3","cat_elig < 3.000 & rawben_rel_max >= 0.112 & total_deductions_by_hh_size < 5.670","xgboost",3956,0.92164,0.91432,1993,1828,0.9172,0.2042,0.1171,18.999,0.1475,0.9705,1.7
"2-3","medical_deductions < 252.00 & total_deductions_by_hh_size <  18.40 & unc_rawben_rel_max <   1.51 & utilities < 452.00","xgboost",4370,0.92128,0.91432,2201,2024,0.9196,0.2261,0.1253,20.982,0.1475,0.9705,1.7
"2-3","medical_deductions > 134.000 & rawben_rel_max <=   0.158 & utilities >  15.000","ranger",248,0.94355,0.91431,102,95,0.9314,0.0106,0.0045,0.972,0.1475,0.9705,1.7
"2-3","cat_elig >  0.500 & HH_size_n <=  2.500 & rawben_rel_max >  0.993 & total_deductions_by_hh_size <= 23.000","ranger",1340,0.92687,0.91429,693,640,0.9235,0.0715,0.0405,6.606,0.1475,0.9705,1.7
"2-3","HH_size_n <= 2.500 & unc_rawben_rel_max > 0.997 & unc_rawben_rel_max <= 1.510","ranger",4392,0.92122,0.91427,2206,2037,0.9234,0.2275,0.1442,21.03,0.1475,0.9705,1.7
"2-3","HH_size_n <=  2.500 & months_since_cert_n <= 14.500 & rawben_rel_max >  0.995 & unc_rawben_rel_max <=  1.620","ranger",4343,0.92125,0.91426,2182,2010,0.9212,0.2245,0.1482,20.801,0.1475,0.9705,1.7
"2-3","count_divisible_by_100 <= 1.500 & percent_abawd <= 0.167 & unc_rawben_rel_max > 0.996 & unc_rawben_rel_max <= 1.600","ranger",6860,0.91983,0.91426,3374,3087,0.9149,0.3448,0.2506,32.164,0.1475,0.9705,1.7
"2-3","expedited_i >   0.500 & total_deductions_by_hh_size <= 100.000 & unc_rawben_rel_max >   0.989","ranger",857,0.92999,0.91426,446,418,0.9372,0.0467,0.0221,4.252,0.1475,0.9705,1.7
"2-3","cat_elig <=   0.5 & months_since_cert_n <=   7.5 & shelter_expenses_by_hh_size <= 138.0 & total_deductions_by_hh_size <= 900.0","ranger",921,0.92942,0.91425,434,400,0.9217,0.0447,0.0199,4.137,0.1475,0.9705,1.7
"2-3","children_i > 0.500 & expedited_i > 0.500 & total_deductions_by_hh_size <= 0.217","ranger",741,0.93117,0.91425,369,348,0.9431,0.0389,0.0144,3.518,0.1475,0.9705,1.7
"2-3","cat_elig <=   0.500 & medical_deductions <= 223.000 & percent_abawd <=   0.583 & utilities <=  78.500","ranger",1112,0.92806,0.91424,526,488,0.9278,0.0545,0.0233,5.014,0.1475,0.9705,1.7
"2-3","cat_elig >  1.5 & HH_size_n >  2.5 & shelter_expenses_by_hh_size <= 10.7 & total_deductions_by_hh_size <= 13.3","ranger",479,0.93528,0.91424,67,63,0.9403,0.007,0.0032,0.639,0.1475,0.9705,1.7
"2-3","count_divisible_by_100 <=  0.5 & HH_size_n >  2.5 & total_deductions_by_hh_size <= 13.5","ranger",1515,0.92607,0.91424,739,670,0.9066,0.0748,0.0502,7.045,0.1475,0.9705,1.7
"2-3","cat_elig <=   1.500 & count_divisible_by_100 <=   0.500 & medical_deductions <= 377.000 & rawben_rel_max >   0.997","ranger",4305,0.92125,0.91423,3211,2922,0.91,0.3264,0.2579,30.61,0.1475,0.9705,1.7
"2-3","cat_elig >   0.500 & unc_rawben_rel_max >   0.904 & utilities <= 114.000","ranger",2986,0.92264,0.91421,1511,1372,0.908,0.1533,0.1155,14.404,0.1475,0.9705,1.7
"2-3","cat_elig >  0.5 & months_since_cert_n <= 28.5 & total_deductions_by_hh_size <=  0.3","ranger",3292,0.92224,0.91421,1643,1503,0.9148,0.1679,0.1008,15.663,0.1475,0.9705,1.7
"2-3","rawben_rel_max >= 0.942 & unc_rawben_rel_max < 1.300","xgboost",6482,0.91993,0.91421,3290,3014,0.9161,0.3367,0.2223,31.363,0.1475,0.9705,1.7
"2-3","HH_size_n >   2.500 & shelter_expenses_by_hh_size <= 293.000 & unc_rawben_rel_max >   0.921","ranger",2334,0.92374,0.9142,1148,1044,0.9094,0.1166,0.0893,10.944,0.1475,0.9705,1.7
"2-3","cat_elig <=   0.5 & elderly_disabled_i <=   0.5 & shelter_expenses_by_hh_size <= 138.0","ranger",933,0.92926,0.91418,425,393,0.9247,0.0439,0.019,4.051,0.1475,0.9705,1.7
"2-3","cat_elig <= 1.500 & count_divisible_by_100 <= 0.500 & months_since_cert_n <= 8.500 & unc_rawben_rel_max > 0.996","ranger",3694,0.92177,0.91418,2701,2461,0.9111,0.2749,0.2167,25.748,0.1475,0.9705,1.7
"2-3","count_divisible_by_100 <=   0.500 & HH_size_n <=   2.500 & total_deductions_by_hh_size <= 457.000 & unc_rawben_rel_max >   0.995","ranger",3852,0.9216,0.91418,1944,1798,0.9249,0.2008,0.1309,18.532,0.1475,0.9705,1.7
"2-3","HH_size_n <=   2.500 & medical_deductions <= 143.000 & rawben_rel_max >   0.789 & utilities <=  39.500","ranger",2296,0.92378,0.91416,1168,1070,0.9161,0.1195,0.0791,11.134,0.1475,0.9705,1.7
"2-3","children_i >=   1.000 & shelter_expenses_by_hh_size < 347.000 & unc_rawben_rel_max >=   0.881","xgboost",5331,0.92047,0.91415,2701,2450,0.9071,0.2737,0.2028,25.748,0.1475,0.9705,1.7
"2-3","expedited_i > 0.500 & percent_abawd <= 0.417 & rawben_rel_max > 0.905 & unc_rawben_rel_max <= 1.320","ranger",1363,0.92663,0.91415,711,658,0.9255,0.0735,0.0428,6.778,0.1475,0.9705,1.7
"2-3","elderly_disabled_i <= 0.500 & percent_abawd <= 0.833 & unc_rawben_rel_max > 0.997","ranger",6657,0.91978,0.91414,3332,3043,0.9133,0.3399,0.2572,31.764,0.1475,0.9705,1.7
"2-3","cat_elig <=  0.50 & expedited_i <=  0.50 & unc_rawben_rel_max <=  1.36 & utilities <= 33.50","ranger",714,0.93137,0.91412,352,324,0.9205,0.0362,0.0175,3.356,0.1475,0.9705,1.7
"2-3","HH_size_n <=    2.500 & months_since_cert_n <=    4.500 & rawben_rel_max >    0.997 & total_deductions_by_hh_size <= 1000.000","ranger",2762,0.92288,0.91411,1352,1239,0.9164,0.1384,0.0982,12.888,0.1475,0.9705,1.7
"2-3","cat_elig <= 0.500 & count_divisible_by_100 <= 0.500 & married > 0.500 & unc_rawben_rel_max > 0.997","ranger",116,0.9569,0.9141,50,46,0.92,0.0051,0.0025,0.477,0.1475,0.9705,1.7
"2-3","expedited_i <=  0.500 & percent_abawd <=  0.583 & total_deductions_by_hh_size <= 23.000","ranger",3739,0.92164,0.9141,1821,1659,0.911,0.1853,0.1111,17.359,0.1475,0.9705,1.7
"2-3","HH_size_n <=  2.500 & months_since_cert_n <= 32.500 & rawben_rel_max >  0.998 & unc_rawben_rel_max <=  1.550","ranger",4407,0.92103,0.91409,2208,2037,0.9226,0.2275,0.1465,21.049,0.1475,0.9705,1.7
"2-3","count_divisible_by_100 <= 0.500 & elderly_disabled_i <= 0.500 & homeless <= 0.500 & rawben_rel_max > 0.997","ranger",6015,0.92003,0.91409,3007,2756,0.9165,0.3079,0.226,28.665,0.1475,0.9705,1.7
"2-3","HH_size_n <  3.0 & total_deductions_by_hh_size >= 63.3 & unc_rawben_rel_max >=  1.0 & unc_rawben_rel_max <  1.5","xgboost",2306,0.92368,0.91408,1303,1201,0.9217,0.1342,0.0923,12.421,0.1475,0.9705,1.7
"2-3","count_divisible_by_100 <=   0.500 & rawben_rel_max >   0.997 & total_deductions_by_hh_size <= 444.000","ranger",6508,0.91979,0.91408,3298,3018,0.9151,0.3371,0.2489,31.439,0.1475,0.9705,1.7
"2-3","cat_elig >   0.500 & months_since_cert_n >   0.500 & unc_rawben_rel_max >   0.901 & utilities <= 112.000","ranger",2711,0.92291,0.91405,1353,1227,0.9069,0.1371,0.1021,12.898,0.1475,0.9705,1.7
"2-3","cat_elig > 0.500 & medical_deductions > 7.000 & rawben_rel_max <= 0.150 & unc_rawben_rel_max <= 0.998","ranger",289,0.94118,0.91405,133,125,0.9398,0.014,0.0059,1.268,0.1475,0.9705,1.7
"2-3","married >   0.500 & months_since_cert_n <=   5.500 & rawben_rel_max >   0.904 & utilities <= 286.000","ranger",219,0.94521,0.91405,115,102,0.887,0.0114,0.006,1.096,0.1475,0.9705,1.7
"2-3","cat_elig <= 1.500 & count_divisible_by_100 <= 0.500 & rawben_rel_max <= 0.997 & total_deductions_by_hh_size <= 1.220","ranger",1046,0.9283,0.91404,705,641,0.9092,0.0716,0.0377,6.721,0.1475,0.9705,1.7
"2-3","elderly_disabled_i <= 0.500 & homeless <= 0.500 & months_since_cert_n <= 8.500 & rawben_rel_max > 0.997","ranger",5733,0.92011,0.91402,2806,2570,0.9159,0.2871,0.2102,26.749,0.1475,0.9705,1.7
"2-3","HH_size_n <   3.0 & shelter_expenses_by_hh_size < 271.0 & total_deductions_by_hh_size <  10.8 & utilities < 385.0","xgboost",2439,0.92333,0.91399,1230,1135,0.9228,0.1268,0.0663,11.725,0.1475,0.9705,1.7
"2-3","elderly_disabled_i <=   0.500 & shelter_expenses_by_hh_size <= 307.000 & unc_rawben_rel_max >   0.997 & utilities >  33.500","ranger",1685,0.92522,0.91399,801,719,0.8976,0.0803,0.0764,7.636,0.1475,0.9705,1.7
"2-3","medical_deductions > 128.000 & rawben_rel_max <=   0.158 & total_deductions_by_hh_size <= 582.000","ranger",261,0.94253,0.91398,119,111,0.9328,0.0124,0.0052,1.134,0.1475,0.9705,1.7
"2-3","shelter_expenses_by_hh_size < 847.00000 & unc_rawben_rel_max <  -0.00871","xgboost",661,0.93192,0.91398,337,314,0.9318,0.0351,0.0192,3.213,0.1475,0.9705,1.7
"2-3","cat_elig >  1.500 & children_i >  0.500 & rawben_rel_max >  0.884 & utilities <= 30.500","ranger",1247,0.92702,0.91396,179,167,0.933,0.0187,0.009,1.706,0.1475,0.9705,1.7
"2-3","cat_elig >   1.500 & medical_deductions > 116.000 & rawben_rel_max <=   0.163 & utilities <= 718.000","ranger",84,0.96429,0.91395,1,1,1,1e-04,0,0.01,0.1475,0.9705,1.7
"2-3","months_since_cert_n >  11.500 & unc_rawben_rel_max >   0.997 & unc_rawben_rel_max <=   1.340 & utilities <= 692.000","ranger",161,0.95031,0.91395,88,80,0.9091,0.0089,0.0068,0.839,0.1475,0.9705,1.7
"2-3","children_i <=   0.500 & shelter_expenses_by_hh_size <= 857.000 & total_deductions_by_hh_size <= 108.000 & unc_rawben_rel_max <=   0.203","ranger",464,0.93534,0.91393,217,205,0.9447,0.0229,0.006,2.069,0.1475,0.9705,1.7
"2-3","count_divisible_by_100 <=  0.5 & months_since_cert_n <= 27.5 & total_deductions_by_hh_size <= 55.3","ranger",5087,0.92039,0.91392,2555,2322,0.9088,0.2594,0.1593,24.357,0.1475,0.9705,1.7
"2-3","children_i >  0.500 & count_divisible_by_100 <=  0.500 & percent_abawd <=  0.583 & shelter_expenses_by_hh_size <= 12.800","ranger",3134,0.92214,0.9139,1553,1409,0.9073,0.1574,0.0998,14.805,0.1475,0.9705,1.7
"2-3","expedited_i <   1.00000 & medical_deductions < 174.00000 & shelter_expenses_by_hh_size < 870.00000 & unc_rawben_rel_max <  -0.00871","xgboost",543,0.9337,0.9139,281,259,0.9217,0.0289,0.0176,2.679,0.1475,0.9705,1.7
"2-3","cat_elig <= 0.500 & children_i > 0.500 & homeless <= 0.500 & unc_rawben_rel_max > 0.966","ranger",1145,0.92751,0.91387,519,491,0.9461,0.0548,0.0204,4.948,0.1475,0.9705,1.7
"2-3","elderly_disabled_i <= 0.500 & months_since_cert_n <= 6.500 & unc_rawben_rel_max > 0.989","ranger",5434,0.92013,0.91387,2677,2467,0.9216,0.2756,0.1826,25.52,0.1475,0.9705,1.7
"2-3","expedited_i > 0.500 & unc_rawben_rel_max > 0.923 & unc_rawben_rel_max <= 1.300","ranger",1396,0.92622,0.91387,735,681,0.9265,0.0761,0.0427,7.007,0.1475,0.9705,1.7
"2-3","elderly_disabled_i <=   0.500 & married <=   0.500 & rawben_rel_max >   0.997 & total_deductions_by_hh_size <= 465.000","ranger",6155,0.91974,0.91386,3092,2830,0.9153,0.3161,0.2297,29.476,0.1475,0.9705,1.7
"2-3","HH_size_n <=  2.500 & rawben_rel_max >  0.789 & utilities <= 39.500","ranger",2300,0.92348,0.91385,1170,1071,0.9154,0.1196,0.0799,11.153,0.1475,0.9705,1.7
"2-3","cat_elig <=   0.5 & children_i >   0.5 & medical_deductions <= 210.0 & utilities <=  22.0","ranger",840,0.92976,0.91384,397,369,0.9295,0.0412,0.0173,3.785,0.1475,0.9705,1.7
"2-3","expedited_i >=   1.00 & total_deductions_by_hh_size < 101.00 & unc_rawben_rel_max >=   1.01","xgboost",840,0.92976,0.91384,437,409,0.9359,0.0457,0.0221,4.166,0.1475,0.9705,1.7
"2-3","rawben_rel_max >= 0.834 & unc_rawben_rel_max >= 1.030 & unc_rawben_rel_max < 1.500","xgboost",6609,0.9195,0.91383,3474,3166,0.9113,0.3537,0.2696,33.117,0.1475,0.9705,1.7
"2-3","rawben_rel_max >= 0.954 & unc_rawben_rel_max >= 0.925 & unc_rawben_rel_max < 1.340","xgboost",6573,0.91952,0.91383,3599,3278,0.9108,0.3662,0.2701,34.309,0.1475,0.9705,1.7
"2-3","cat_elig >   0.500 & unc_rawben_rel_max >   0.901 & utilities <= 112.000","ranger",2997,0.92226,0.91382,1518,1377,0.9071,0.1538,0.1177,14.471,0.1475,0.9705,1.7
"2-3","cat_elig <   3.0 & total_deductions_by_hh_size <  61.5 & utilities < 281.0","xgboost",4199,0.92093,0.91381,2104,1910,0.9078,0.2134,0.1348,20.057,0.1475,0.9705,1.7
"2-3","percent_abawd <   0.50 & rawben_rel_max >=   0.89 & shelter_expenses_by_hh_size < 542.00 & total_deductions_by_hh_size < 248.00","xgboost",5454,0.92006,0.91381,2782,2514,0.9037,0.2808,0.2161,26.52,0.1475,0.9705,1.7
"2-3","cat_elig <=  0.50 & elderly_disabled_i <=  0.50 & percent_abawd <=  1.75 & utilities <= 57.00","ranger",967,0.92865,0.9138,415,387,0.9325,0.0432,0.017,3.956,0.1475,0.9705,1.7
"2-3","cat_elig <=  0.50 & percent_abawd <=  1.75 & utilities <= 30.50","ranger",967,0.92865,0.9138,466,434,0.9313,0.0485,0.0203,4.442,0.1475,0.9705,1.7
"2-3","expedited_i <= 0.500 & percent_abawd <= 0.167 & rawben_rel_max > 0.997 & unc_rawben_rel_max <= 1.550","ranger",5261,0.92017,0.9138,2554,2336,0.9146,0.2609,0.1942,24.347,0.1475,0.9705,1.7
"2-3","children_i >  0.5 & count_divisible_by_100 <=  0.5 & shelter_expenses_by_hh_size <= 12.8","ranger",3142,0.92202,0.91379,1562,1416,0.9065,0.1582,0.1004,14.89,0.1475,0.9705,1.7
"2-3","elderly_disabled_i <= 0.500 & HH_size_n <= 2.500 & rawben_rel_max > 0.997","ranger",3992,0.92109,0.91378,1981,1829,0.9233,0.2043,0.1315,18.885,0.1475,0.9705,1.7
"2-3","children_i >   0.500 & rawben_rel_max >   0.997 & shelter_expenses_by_hh_size <= 326.000 & utilities >  33.500","ranger",1668,0.92506,0.91375,836,750,0.8971,0.0838,0.0821,7.969,0.1475,0.9705,1.7
"2-3","elderly_disabled_i <  1.00 & rawben_rel_max >=  0.66 & shelter_expenses_by_hh_size < 17.50","xgboost",3299,0.92179,0.91375,1623,1489,0.9174,0.1663,0.0969,15.472,0.1475,0.9705,1.7
"2-3","percent_abawd <   0.333 & shelter_expenses_by_hh_size < 644.000 & unc_rawben_rel_max >=   1.000","xgboost",6207,0.91961,0.91375,3096,2830,0.9141,0.3161,0.2343,29.514,0.1475,0.9705,1.7
"2-3","rawben_rel_max >   0.997 & shelter_expenses_by_hh_size <= 526.000 & total_deductions_by_hh_size <= 415.000 & utilities <= 451.000","ranger",4534,0.9206,0.91374,2336,2133,0.9131,0.2383,0.1735,22.269,0.1475,0.9705,1.7
"2-3","shelter_expenses_by_hh_size < 242.000 & total_deductions_by_hh_size < 135.000 & unc_rawben_rel_max >=   0.833","xgboost",4038,0.921,0.91373,2028,1856,0.9152,0.2073,0.1376,19.333,0.1475,0.9705,1.7
"2-3","expedited_i >=  1.0 & homeless >=  1.0 & months_since_cert_n <  5.0 & total_deductions_by_hh_size < 56.3","xgboost",67,0.97015,0.91372,26,25,0.9615,0.0028,8e-04,0.248,0.1475,0.9705,1.7
"2-3","cat_elig <=   0.5 & homeless <=   0.5 & utilities <= 270.0","ranger",1105,0.9276,0.91371,521,481,0.9232,0.0537,0.0239,4.967,0.1475,0.9705,1.7
"2-3","percent_abawd <= 0.167 & unc_rawben_rel_max > 0.996 & unc_rawben_rel_max <= 1.600","ranger",6900,0.91928,0.91371,3392,3100,0.9139,0.3463,0.2565,32.336,0.1475,0.9705,1.7
"2-3","percent_abawd <=  0.833 & total_deductions_by_hh_size <= 31.300","ranger",4821,0.92035,0.9137,2400,2201,0.9171,0.2459,0.1375,22.879,0.1475,0.9705,1.7
"2-3","cat_elig <  3.0 & total_deductions_by_hh_size < 76.0 & unc_rawben_rel_max >=  1.1","xgboost",1530,0.92549,0.91368,795,740,0.9308,0.0827,0.0451,7.579,0.1475,0.9705,1.7
"2-3","children_i >   0.500 & medical_deductions <= 198.000 & percent_abawd <=   0.167 & rawben_rel_max >   0.997","ranger",6286,0.9195,0.91368,3072,2803,0.9124,0.3131,0.2402,29.285,0.1475,0.9705,1.7
"2-3","children_i > 0.500 & expedited_i > 0.500 & months_since_cert_n <= 6.500 & rawben_rel_max > 0.997","ranger",1230,0.92683,0.91366,612,574,0.9379,0.0641,0.0369,5.834,0.1475,0.9705,1.7
"2-3","count_divisible_by_100 <   1.000 & rawben_rel_max >=   0.996 & shelter_expenses_by_hh_size < 506.000 & utilities >= 469.000","xgboost",1305,0.92644,0.91365,638,588,0.9216,0.0657,0.0419,6.082,0.1475,0.9705,1.7
"2-3","cat_elig <=  0.5 & expedited_i >  0.5 & HH_size_n <=  2.5 & utilities <= 78.5","ranger",175,0.94857,0.91364,76,73,0.9605,0.0082,0.0021,0.724,0.1475,0.9705,1.7
"2-3","months_since_cert_n <  9.0000 & rawben_rel_max <  0.0763 & total_deductions_by_hh_size < 92.9000 & unc_rawben_rel_max <  0.0106","xgboost",175,0.94857,0.91364,96,92,0.9583,0.0103,0.002,0.915,0.1475,0.9705,1.7
"2-3","shelter_expenses_by_hh_size < 498.00 & total_deductions_by_hh_size < 349.00 & unc_rawben_rel_max >=   1.21 & utilities >= 757.00","xgboost",175,0.94857,0.91364,86,80,0.9302,0.0089,0.0028,0.82,0.1475,0.9705,1.7
"2-3","total_deductions_by_hh_size <= 570.000 & unc_rawben_rel_max >   0.997 & unc_rawben_rel_max <=   1.600 & utilities <= 660.000","ranger",6291,0.91941,0.91358,3132,2857,0.9122,0.3191,0.244,29.857,0.1475,0.9705,1.7
"2-3","elderly_disabled_i >=   1.0000 & months_since_cert_n >=   1.0000 & rawben_rel_max <   0.0436 & total_deductions_by_hh_size < 372.0000","xgboost",554,0.93321,0.91357,4,2,0.5,2e-04,5e-04,0.038,0.1475,0.9705,1.7
"2-3","cat_elig >   0.500 & rawben_rel_max >   0.901 & utilities <= 130.000","ranger",3000,0.922,0.91356,1520,1377,0.9059,0.1538,0.1202,14.49,0.1475,0.9705,1.7
"2-3","cat_elig <=  0.5 & count_divisible_by_100 <=  0.5 & homeless >  0.5 & total_deductions_by_hh_size <= 52.2","ranger",49,0.97959,0.91355,23,23,1,0.0026,0,0.219,0.1475,0.9705,1.7
"2-3","children_i > 0.500 & count_divisible_by_100 <= 1.500 & married <= 0.500 & rawben_rel_max > 0.997","ranger",6083,0.91945,0.91352,3036,2770,0.9124,0.3094,0.2375,28.942,0.1475,0.9705,1.7
"2-3","elderly_disabled_i <=   0.500 & shelter_expenses_by_hh_size <= 326.000 & unc_rawben_rel_max >   0.997 & utilities >  30.500","ranger",1787,0.92445,0.91352,881,794,0.9012,0.0887,0.0818,8.398,0.1475,0.9705,1.7
"2-3","cat_elig <= 1.500 & married <= 0.500 & percent_abawd <= 1.250 & unc_rawben_rel_max > 0.997","ranger",4136,0.9207,0.91351,3067,2783,0.9074,0.3109,0.2514,29.237,0.1475,0.9705,1.7
"2-3","count_divisible_by_100 <=  0.5 & elderly_disabled_i <=  0.5 & total_deductions_by_hh_size <= 62.0","ranger",3556,0.92126,0.91351,1760,1606,0.9125,0.1794,0.1101,16.778,0.1475,0.9705,1.7
"2-3","cat_elig <   2.00 & shelter_expenses_by_hh_size <  15.00 & unc_rawben_rel_max >=   1.11 & utilities < 912.00","xgboost",862,0.92923,0.91348,666,624,0.9369,0.0697,0.0333,6.349,0.1475,0.9705,1.7
"2-3","cat_elig >  0.5 & shelter_expenses_by_hh_size <= 50.5 & total_deductions_by_hh_size <= 46.1","ranger",2985,0.92194,0.91348,1476,1338,0.9065,0.1495,0.1005,14.071,0.1475,0.9705,1.7
"2-3","elderly_disabled_i <  1.0 & shelter_expenses_by_hh_size < 93.5 & total_deductions_by_hh_size < 72.3","xgboost",3626,0.92113,0.91344,1755,1603,0.9134,0.1791,0.1078,16.73,0.1475,0.9705,1.7
"2-3","cat_elig <  2.000 & percent_abawd <  0.333 & total_deductions_by_hh_size < 59.000","xgboost",3347,0.92142,0.91343,2288,2079,0.9087,0.2322,0.1404,21.811,0.1475,0.9705,1.7
"2-3","rawben_rel_max >=   0.834 & total_deductions_by_hh_size < 387.000 & unc_rawben_rel_max >=   1.030 & unc_rawben_rel_max <   1.500","xgboost",6172,0.91931,0.91342,3256,2968,0.9115,0.3315,0.2534,31.039,0.1475,0.9705,1.7
"2-3","rawben_rel_max >=   0.905 & total_deductions_by_hh_size < 340.000 & unc_rawben_rel_max <   1.340","xgboost",6315,0.91924,0.91342,3431,3097,0.9027,0.346,0.2708,32.707,0.1475,0.9705,1.7
"2-3","medical_deductions < 194.000 & rawben_rel_max >=   0.269 & shelter_expenses_by_hh_size < 150.000 & total_deductions_by_hh_size <  31.500","xgboost",3878,0.92084,0.91341,1912,1750,0.9153,0.1955,0.1165,18.227,0.1475,0.9705,1.7
"2-3","cat_elig <=  0.5 & elderly_disabled_i <=  0.5 & utilities <= 70.5","ranger",975,0.92821,0.91339,440,410,0.9318,0.0458,0.0179,4.194,0.1475,0.9705,1.7
"2-3","children_i > 0.500 & percent_abawd <= 0.167 & rawben_rel_max > 0.997","ranger",6289,0.91922,0.91339,3074,2803,0.9118,0.3131,0.2419,29.304,0.1475,0.9705,1.7
"2-3","HH_size_n <= 2.5000 & rawben_rel_max > 0.0996 & rawben_rel_max <= 0.9970 & unc_rawben_rel_max <= 0.1280","ranger",115,0.95652,0.91337,72,71,0.9861,0.0079,3e-04,0.686,0.1475,0.9705,1.7
"2-3","HH_size_n <= 2.500 & rawben_rel_max > 0.995 & unc_rawben_rel_max <= 1.620","ranger",4454,0.9203,0.91336,2231,2053,0.9202,0.2293,0.1542,21.268,0.1475,0.9705,1.7
"2-3","cat_elig <  3.0 & elderly_disabled_i <  1.0 & shelter_expenses_by_hh_size < 93.5 & total_deductions_by_hh_size < 72.3","xgboost",3538,0.92114,0.91336,1755,1603,0.9134,0.1791,0.1078,16.73,0.1475,0.9705,1.7
"2-3","expedited_i >  0.500 & rawben_rel_max >  0.941 & utilities <= 78.500","ranger",962,0.92827,0.91335,495,462,0.9333,0.0516,0.0268,4.719,0.1475,0.9705,1.7
"2-3","cat_elig <   3.0 & shelter_expenses_by_hh_size < 128.0 & total_deductions_by_hh_size <  56.3","xgboost",3958,0.92067,0.91331,2011,1827,0.9085,0.2041,0.1307,19.171,0.1475,0.9705,1.7
"2-3","percent_abawd <   0.333 & rawben_rel_max >=   0.900 & total_deductions_by_hh_size < 652.000 & unc_rawben_rel_max <   1.300","xgboost",6522,0.91904,0.91331,3224,2928,0.9082,0.3271,0.2348,30.734,0.1475,0.9705,1.7
"2-3","children_i >   0.500 & medical_deductions <= 575.000 & percent_abawd <=   0.167 & unc_rawben_rel_max >   0.998","ranger",6281,0.91912,0.91328,3062,2793,0.9121,0.312,0.2402,29.19,0.1475,0.9705,1.7
"2-3","medical_deductions >=   5.0000 & rawben_rel_max <   0.0436 & total_deductions_by_hh_size < 533.0000","xgboost",217,0.9447,0.91327,1,1,1,1e-04,0,0.01,0.1475,0.9705,1.7
"2-3","rawben_rel_max >   0.997 & shelter_expenses_by_hh_size <= 280.000 & total_deductions_by_hh_size >  26.800","ranger",1671,0.9246,0.91327,857,764,0.8915,0.0853,0.0861,8.17,0.1475,0.9705,1.7
"2-3","expedited_i >   0.500 & rawben_rel_max >   0.901 & shelter_expenses_by_hh_size <=  92.000 & total_deductions_by_hh_size <= 433.000","ranger",885,0.92881,0.91325,451,423,0.9379,0.0473,0.0221,4.299,0.1475,0.9705,1.7
"2-3","count_divisible_by_100 <  1.0 & shelter_expenses_by_hh_size < 27.5 & total_deductions_by_hh_size < 96.6","xgboost",3593,0.92096,0.91323,1801,1645,0.9134,0.1838,0.1103,17.169,0.1475,0.9705,1.7
"2-3","shelter_expenses_by_hh_size <= 629 & total_deductions_by_hh_size <=  22","ranger",4711,0.91997,0.91323,2332,2137,0.9164,0.2387,0.1353,22.231,0.1475,0.9705,1.7
"2-3","elderly_disabled_i >   0.500 & rawben_rel_max <=   0.149 & total_deductions_by_hh_size <= 320.000","ranger",872,0.9289,0.91322,410,381,0.9293,0.0426,0.018,3.908,0.1475,0.9705,1.7
"2-3","months_since_cert_n <  8.0 & shelter_expenses_by_hh_size < 65.3 & total_deductions_by_hh_size < 83.0","xgboost",3230,0.92136,0.91321,1557,1416,0.9094,0.1582,0.098,14.843,0.1475,0.9705,1.7
"2-3","cat_elig < 1.000 & rawben_rel_max >= 0.882","xgboost",1546,0.92497,0.91319,722,677,0.9377,0.0756,0.0292,6.883,0.1475,0.9705,1.7
"2-3","rawben_rel_max <   0.194 & shelter_expenses_by_hh_size < 370.000 & total_deductions_by_hh_size <  25.000","xgboost",286,0.94056,0.91317,136,134,0.9853,0.015,0.001,1.296,0.1475,0.9705,1.7
"2-3","shelter_expenses_by_hh_size < 467.000 & unc_rawben_rel_max >=   0.993","xgboost",5975,0.91916,0.91317,3015,2751,0.9124,0.3073,0.2241,28.742,0.1475,0.9705,1.7
"2-3","cat_elig <=   0.500 & expedited_i >   0.500 & rawben_rel_max >   0.979 & total_deductions_by_hh_size <= 434.000","ranger",367,0.93733,0.91315,176,171,0.9716,0.0191,0.0038,1.678,0.1475,0.9705,1.7
"2-3","cat_elig <= 1.500 & count_divisible_by_100 <= 0.500 & rawben_rel_max > 0.997","ranger",4311,0.9202,0.91315,3218,2924,0.9086,0.3266,0.2642,30.677,0.1475,0.9705,1.7
"2-3","children_i >   0.500 & married <=   0.500 & medical_deductions <= 159.000 & rawben_rel_max >   0.997","ranger",6116,0.91906,0.91314,3053,2784,0.9119,0.311,0.2418,29.104,0.1475,0.9705,1.7
"2-3","cat_elig <=  0.5 & expedited_i <=  0.5 & utilities <= 38.5","ranger",744,0.93011,0.91312,359,331,0.922,0.037,0.0175,3.422,0.1475,0.9705,1.7
"2-3","cat_elig > 0.5 & total_deductions_by_hh_size <= 0.3","ranger",3311,0.92117,0.91312,1652,1512,0.9153,0.1689,0.1008,15.748,0.1475,0.9705,1.7
"2-3","HH_size_n <= 2.500 & married <= 0.500 & percent_abawd <= 0.167 & unc_rawben_rel_max > 0.997","ranger",3600,0.92083,0.91311,1762,1617,0.9177,0.1806,0.125,16.797,0.1475,0.9705,1.7
"2-3","count_divisible_by_100 <  1.00 & months_since_cert_n >=  2.00 & total_deductions_by_hh_size < 23.00 & unc_rawben_rel_max <  1.11","xgboost",2402,0.92256,0.91311,1180,1074,0.9102,0.12,0.0653,11.249,0.1475,0.9705,1.7
"2-3","months_since_cert_n <  5.000 & rawben_rel_max >=  0.307 & total_deductions_by_hh_size < 99.500 & utilities < 31.000","xgboost",2426,0.92251,0.9131,1216,1118,0.9194,0.1249,0.065,11.592,0.1475,0.9705,1.7
"2-3","rawben_rel_max >   0.997 & shelter_expenses_by_hh_size <= 534.000 & utilities <= 428.000","ranger",4428,0.92005,0.91309,2229,2038,0.9143,0.2277,0.1677,21.249,0.1475,0.9705,1.7
"2-3","HH_size_n <= 2.500 & rawben_rel_max > 0.017 & total_deductions_by_hh_size <= 1.050 & unc_rawben_rel_max <= 1.020","ranger",1097,0.92707,0.91308,556,519,0.9335,0.058,0.021,5.3,0.1475,0.9705,1.7
"2-3","children_i > 0.500 & months_since_cert_n <= 8.500 & rawben_rel_max > 0.997","ranger",5623,0.91926,0.91308,2750,2512,0.9135,0.2806,0.2172,26.215,0.1475,0.9705,1.7
"2-3","months_since_cert_n <=  10.500 & rawben_rel_max >   0.997 & shelter_expenses_by_hh_size <= 534.000 & utilities > 428.000","ranger",1716,0.92424,0.91305,880,806,0.9159,0.09,0.0662,8.389,0.1475,0.9705,1.7
"2-3","cat_elig < 2.000 & count_divisible_by_100 < 1.000 & unc_rawben_rel_max >= 0.998","xgboost",4305,0.92009,0.91303,3208,2914,0.9084,0.3255,0.2642,30.582,0.1475,0.9705,1.7
"2-3","total_deductions_by_hh_size <   13.30 & unc_rawben_rel_max <    1.49 & utilities < 1010.00","xgboost",4472,0.91995,0.91301,2223,2043,0.919,0.2282,0.1257,21.192,0.1475,0.9705,1.7
"2-3","rawben_rel_max >=   0.322 & total_deductions_by_hh_size <  18.400 & unc_rawben_rel_max <   0.373 & utilities < 560.000","xgboost",99,0.9596,0.913,50,48,0.96,0.0054,5e-04,0.477,0.1475,0.9705,1.7
"2-3","cat_elig >  0.50 & total_deductions_by_hh_size <=  5.42 & utilities <= 53.00","ranger",2750,0.92182,0.91298,1375,1254,0.912,0.1401,0.088,13.108,0.1475,0.9705,1.7
"2-3","count_divisible_by_100 <=   0.500 & total_deductions_by_hh_size <= 534.000 & unc_rawben_rel_max >   0.997","ranger",6639,0.91866,0.91297,3354,3068,0.9147,0.3427,0.2552,31.973,0.1475,0.9705,1.7
"2-3","shelter_expenses_by_hh_size < 227.000 & total_deductions_by_hh_size < 210.000 & unc_rawben_rel_max >=   0.824 & unc_rawben_rel_max <   1.150","xgboost",4133,0.92015,0.91294,2121,1936,0.9128,0.2163,0.1419,20.219,0.1475,0.9705,1.7
"2-3","HH_size_n >=   3.000 & unc_rawben_rel_max >=   0.998 & unc_rawben_rel_max <   1.510 & utilities < 392.000","xgboost",1689,0.92422,0.91293,874,797,0.9119,0.089,0.0704,8.332,0.1475,0.9705,1.7
"2-3","cat_elig <=   0.5 & children_i <=   0.5 & HH_size_n <=   2.5 & utilities <= 330.0","ranger",244,0.94262,0.91293,122,111,0.9098,0.0124,0.0067,1.163,0.1475,0.9705,1.7
"2-3","elderly_disabled_i < 1.000 & unc_rawben_rel_max >= 0.998 & unc_rawben_rel_max < 1.740","xgboost",6826,0.91855,0.91293,3413,3119,0.9139,0.3484,0.2587,32.536,0.1475,0.9705,1.7
"2-3","percent_abawd <   0.500 & total_deductions_by_hh_size < 202.000 & unc_rawben_rel_max <  -0.108 & utilities >= 487.000","xgboost",159,0.94969,0.9129,62,59,0.9516,0.0066,0.002,0.591,0.1475,0.9705,1.7
"2-3","cat_elig <= 1.500 & count_divisible_by_100 <= 0.500 & rawben_rel_max > 0.999 & unc_rawben_rel_max > 0.997","ranger",4298,0.91996,0.91289,3204,2911,0.9086,0.3252,0.2625,30.543,0.1475,0.9705,1.7
"2-3","children_i <=   0.500 & rawben_rel_max >   0.997 & total_deductions_by_hh_size > 299.000 & total_deductions_by_hh_size <= 437.000","ranger",230,0.94348,0.91289,164,149,0.9085,0.0166,0.0132,1.563,0.1475,0.9705,1.7
"2-3","elderly_disabled_i <= 0.500 & married <= 0.500 & unc_rawben_rel_max > 0.997","ranger",6253,0.91876,0.91289,3138,2869,0.9143,0.3205,0.2364,29.914,0.1475,0.9705,1.7
"2-3","married <  1.0 & months_since_cert_n >=  4.0 & shelter_expenses_by_hh_size < 15.0 & total_deductions_by_hh_size < 61.5","xgboost",1553,0.92466,0.91289,766,689,0.8995,0.077,0.054,7.302,0.1475,0.9705,1.7
"2-3","medical_deductions > 116.000 & rawben_rel_max <=   0.163 & utilities <= 718.000","ranger",230,0.94348,0.91289,105,100,0.9524,0.0112,0.0022,1.001,0.1475,0.9705,1.7
"2-3","shelter_expenses_by_hh_size < 628.00 & unc_rawben_rel_max >=   1.01 & unc_rawben_rel_max <   1.55 & utilities < 580.00","xgboost",5384,0.91921,0.91288,2740,2500,0.9124,0.2793,0.2116,26.12,0.1475,0.9705,1.7
"2-3","cat_elig <=   0.500 & medical_deductions <= 196.000 & percent_abawd <=   0.167 & rawben_rel_max >   0.898","ranger",1417,0.92519,0.91287,643,604,0.9393,0.0675,0.0263,6.13,0.1475,0.9705,1.7
"2-3","cat_elig >= 1.000 & married < 1.000 & unc_rawben_rel_max >= 0.998 & unc_rawben_rel_max < 1.490","xgboost",5145,0.91934,0.91287,2781,2519,0.9058,0.2814,0.2334,26.511,0.1475,0.9705,1.7
"2-3","shelter_expenses_by_hh_size < 372.000 & unc_rawben_rel_max >=   0.908 & unc_rawben_rel_max <   1.500","xgboost",5871,0.91892,0.91287,2982,2715,0.9105,0.3033,0.2178,28.427,0.1475,0.9705,1.7
"2-3","children_i > 0.500 & married <= 0.500 & rawben_rel_max > 0.997","ranger",6120,0.91879,0.91286,3055,2784,0.9113,0.311,0.2435,29.123,0.1475,0.9705,1.7
"2-3","count_divisible_by_100 <= 0.500 & months_since_cert_n <= 7.500 & unc_rawben_rel_max > 0.997","ranger",5573,0.91907,0.91286,2760,2518,0.9123,0.2813,0.2178,26.311,0.1475,0.9705,1.7
"2-3","cat_elig <= 0.500 & percent_abawd <= 0.167 & unc_rawben_rel_max > 0.908","ranger",1392,0.92529,0.91285,637,598,0.9388,0.0668,0.0266,6.072,0.1475,0.9705,1.7
"2-3","rawben_rel_max <   0.0953 & total_deductions_by_hh_size < 210.0000 & unc_rawben_rel_max <   0.0405 & utilities < 703.0000","xgboost",445,0.93483,0.91283,234,220,0.9402,0.0246,0.0104,2.231,0.1475,0.9705,1.7
"2-3","HH_size_n <=   2.500 & months_since_cert_n >   6.500 & shelter_expenses_by_hh_size <= 310.000 & unc_rawben_rel_max >   0.998","ranger",562,0.93238,0.91281,280,255,0.9107,0.0285,0.0198,2.669,0.1475,0.9705,1.7
"2-3","cat_elig <=  0.5 & children_i >  0.5 & months_since_cert_n <= 12.5 & utilities <= 22.0","ranger",830,0.92892,0.91281,392,365,0.9311,0.0408,0.016,3.737,0.1475,0.9705,1.7
"2-3","percent_abawd <=   1.75 & shelter_expenses_by_hh_size <= 401.00 & total_deductions_by_hh_size <=  31.30 & unc_rawben_rel_max >  -1.90","ranger",4831,0.91948,0.9128,2408,2207,0.9165,0.2465,0.1388,22.955,0.1475,0.9705,1.7
"2-3","rawben_rel_max >=   0.793 & total_deductions_by_hh_size < 124.000 & unc_rawben_rel_max <   1.190","xgboost",4018,0.92011,0.91279,2027,1859,0.9171,0.2077,0.1231,19.323,0.1475,0.9705,1.7
"2-3","cat_elig <= 0.500 & elderly_disabled_i <= 0.500 & months_since_cert_n > 1.500 & unc_rawben_rel_max > 0.997","ranger",880,0.92841,0.91276,387,368,0.9509,0.0411,0.0146,3.689,0.1475,0.9705,1.7
"2-3","months_since_cert_n >=   3.000 & percent_abawd <   0.667 & total_deductions_by_hh_size <  23.000 & utilities < 511.000","xgboost",2912,0.92136,0.91276,1425,1299,0.9116,0.1451,0.0868,13.584,0.1475,0.9705,1.7
"2-3","months_since_cert_n <   4.00 & total_deductions_by_hh_size < 434.00 & unc_rawben_rel_max >=   1.01 & utilities < 436.00","xgboost",2392,0.92224,0.91275,1195,1095,0.9163,0.1223,0.0865,11.392,0.1475,0.9705,1.7
"2-3","rawben_rel_max >=   0.675 & shelter_expenses_by_hh_size < 300.000 & total_deductions_by_hh_size <  56.300","xgboost",3801,0.92028,0.91275,1901,1730,0.91,0.1933,0.12,18.122,0.1475,0.9705,1.7
"2-3","HH_size_n <=   2.500 & months_since_cert_n <=  12.500 & total_deductions_by_hh_size <= 565.000 & unc_rawben_rel_max >   0.997","ranger",4219,0.91989,0.91274,2111,1948,0.9228,0.2176,0.1417,20.124,0.1475,0.9705,1.7
"2-3","children_i >  0.5 & married <=  0.5 & total_deductions_by_hh_size <= 54.8","ranger",4016,0.92007,0.91274,1956,1762,0.9008,0.1968,0.1316,18.646,0.1475,0.9705,1.7
"2-3","shelter_expenses_by_hh_size < 242.000 & unc_rawben_rel_max >=   0.833","xgboost",5078,0.91926,0.91274,2591,2352,0.9078,0.2627,0.1941,24.7,0.1475,0.9705,1.7
"2-3","medical_deductions < 194.000 & rawben_rel_max >=   0.269 & total_deductions_by_hh_size <  31.500","xgboost",4409,0.91971,0.91272,2196,2001,0.9112,0.2235,0.1361,20.934,0.1475,0.9705,1.7
"2-3","count_divisible_by_100 <  1.0000 & rawben_rel_max >=  0.0763 & total_deductions_by_hh_size < 61.5000","xgboost",4991,0.91925,0.91268,2495,2266,0.9082,0.2531,0.1569,23.785,0.1475,0.9705,1.7
"2-3","cat_elig <   1 & utilities >= 670","xgboost",173,0.94798,0.91267,76,74,0.9737,0.0083,6e-04,0.724,0.1475,0.9705,1.7
"2-3","rawben_rel_max >   0.997 & shelter_expenses_by_hh_size <= 534.000 & utilities > 428.000","ranger",1855,0.92345,0.91267,942,859,0.9119,0.096,0.0734,8.98,0.1475,0.9705,1.7
"2-3","HH_size_n <=   2.500 & medical_deductions > 122.000 & rawben_rel_max <=   0.158 & shelter_expenses_by_hh_size >  10.200","ranger",257,0.94163,0.91266,121,112,0.9256,0.0125,0.0061,1.153,0.1475,0.9705,1.7
"2-3","medical_deductions >= 123.00000 & total_deductions_by_hh_size >= 145.00000 & unc_rawben_rel_max <  -0.00871","xgboost",114,0.95614,0.91264,60,56,0.9333,0.0063,0.003,0.572,0.1475,0.9705,1.7
"2-3","elderly_disabled_i <=   0.500 & shelter_expenses_by_hh_size > 108.000 & shelter_expenses_by_hh_size <= 332.000 & unc_rawben_rel_max >   0.997","ranger",1793,0.92359,0.91262,893,808,0.9048,0.0903,0.0777,8.513,0.1475,0.9705,1.7
"2-3","rawben_rel_max >=   0.74 & shelter_expenses_by_hh_size < 124.00","xgboost",3926,0.92002,0.91261,1958,1784,0.9111,0.1993,0.1283,18.665,0.1475,0.9705,1.7
"2-3","count_divisible_by_100 <= 0.500 & months_since_cert_n <= 5.500 & rawben_rel_max > 0.997","ranger",4915,0.91923,0.9126,2437,2227,0.9138,0.2488,0.189,23.232,0.1475,0.9705,1.7
"2-3","months_since_cert_n <=   7.500 & percent_abawd <=   0.583 & total_deductions_by_hh_size <= 565.000 & unc_rawben_rel_max >   0.996","ranger",5782,0.91871,0.9126,2828,2591,0.9162,0.2894,0.2096,26.959,0.1475,0.9705,1.7
"2-3","percent_abawd <=   1.75 & shelter_expenses_by_hh_size <= 401.00 & total_deductions_by_hh_size <=  31.30","ranger",4832,0.91929,0.9126,2408,2207,0.9165,0.2465,0.1388,22.955,0.1475,0.9705,1.7
"2-3","HH_size_n <= 2.500 & homeless <= 0.500 & rawben_rel_max > 0.997 & unc_rawben_rel_max <= 1.640","ranger",4295,0.91967,0.91258,2136,1963,0.919,0.2193,0.1508,20.362,0.1475,0.9705,1.7
"2-3","cat_elig <= 0.500 & children_i <= 0.500 & percent_abawd <= 0.833 & rawben_rel_max > 0.996","ranger",129,0.95349,0.91258,62,60,0.9677,0.0067,0.001,0.591,0.1475,0.9705,1.7
"2-3","children_i >   0.500 & rawben_rel_max >   0.972 & shelter_expenses_by_hh_size <= 262.000 & utilities > 502.000","ranger",243,0.94239,0.91258,133,125,0.9398,0.014,0.0078,1.268,0.1475,0.9705,1.7
"2-3","medical_deductions > 128.000 & rawben_rel_max <=   0.179 & total_deductions_by_hh_size >  66.200 & total_deductions_by_hh_size <= 381.000","ranger",243,0.94239,0.91258,98,94,0.9592,0.0105,0.0032,0.934,0.1475,0.9705,1.7
"2-3","cat_elig >   0.500 & rawben_rel_max >   0.997 & total_deductions_by_hh_size <= 786.000 & unc_rawben_rel_max <=   1.490","ranger",5815,0.91866,0.91257,3149,2856,0.907,0.319,0.2612,30.019,0.1475,0.9705,1.7
"2-3","cat_elig <   1.00 & shelter_expenses_by_hh_size < 825.00 & unc_rawben_rel_max >=   1.12 & unc_rawben_rel_max <   1.35","xgboost",311,0.93891,0.91256,148,135,0.9122,0.0151,0.0083,1.411,0.1475,0.9705,1.7
"2-3","elderly_disabled_i <=   0.500 & rawben_rel_max >   0.997 & total_deductions_by_hh_size <= 564.000","ranger",6797,0.9182,0.91256,3404,3112,0.9142,0.3476,0.2579,32.45,0.1475,0.9705,1.7
"2-3","medical_deductions <= 116.000 & rawben_rel_max >   0.997 & shelter_expenses_by_hh_size <= 326.000 & total_deductions_by_hh_size >  31.200","ranger",2011,0.92292,0.91256,1025,923,0.9005,0.1031,0.0922,9.771,0.1475,0.9705,1.7
"2-3","cat_elig <=  0.500 & expedited_i <=  0.500 & percent_abawd <=  0.167 & utilities <= 38.500","ranger",701,0.9301,0.91255,331,304,0.9184,0.034,0.0171,3.155,0.1475,0.9705,1.7
"2-3","count_divisible_by_100 <   1.0 & total_deductions_by_hh_size <  56.3 & utilities < 912.0","xgboost",5150,0.91903,0.91255,2580,2347,0.9097,0.2622,0.1596,24.595,0.1475,0.9705,1.7
"2-3","expedited_i <=   0.500 & medical_deductions > 140.000 & unc_rawben_rel_max <=   0.163","ranger",187,0.94652,0.91254,91,84,0.9231,0.0094,0.0042,0.867,0.1475,0.9705,1.7
"2-3","homeless <=   0.5 & shelter_expenses_by_hh_size <= 599.0 & total_deductions_by_hh_size <=  23.6","ranger",4507,0.91946,0.91254,2215,2027,0.9151,0.2264,0.1312,21.115,0.1475,0.9705,1.7
"2-3","HH_size_n < 3.000 & rawben_rel_max >= 0.996 & unc_rawben_rel_max >= 1.090 & unc_rawben_rel_max < 1.490","xgboost",3372,0.92052,0.91252,1848,1700,0.9199,0.1899,0.132,17.617,0.1475,0.9705,1.7
"2-3","total_deductions_by_hh_size <= 570.000 & unc_rawben_rel_max >   0.997 & unc_rawben_rel_max <=   1.600","ranger",7301,0.91796,0.91252,3683,3361,0.9126,0.3754,0.2837,35.11,0.1475,0.9705,1.7
"2-3","HH_size_n <  3.00 & shelter_expenses_by_hh_size < 99.30 & total_deductions_by_hh_size <  8.30 & unc_rawben_rel_max >=  1.11","xgboost",1423,0.92481,0.91248,733,683,0.9318,0.0763,0.0397,6.988,0.1475,0.9705,1.7
"2-3","cat_elig <=   0.500 & medical_deductions <= 296.000 & rawben_rel_max <=   0.998 & unc_rawben_rel_max <=   0.231","ranger",66,0.9697,0.91247,22,22,1,0.0025,0,0.21,0.1475,0.9705,1.7
"2-3","expedited_i >=   1.000 & rawben_rel_max >=   0.942 & shelter_expenses_by_hh_size < 847.000 & unc_rawben_rel_max <   1.450","xgboost",1570,0.9242,0.91247,836,767,0.9175,0.0857,0.0585,7.969,0.1475,0.9705,1.7
"2-3","elderly_disabled_i <=   0.500 & months_since_cert_n <=   0.500 & rawben_rel_max >   0.997 & shelter_expenses_by_hh_size <= 426.000","ranger",482,0.93361,0.91243,273,252,0.9231,0.0282,0.0202,2.602,0.1475,0.9705,1.7
"2-3","cat_elig >= 1.0 & cat_elig < 2.0 & married < 1.0 & total_deductions_by_hh_size < 2.5","xgboost",1434,0.92469,0.91241,1181,1067,0.9035,0.1192,0.0832,11.258,0.1475,0.9705,1.7
"2-3","elderly_disabled_i >   0.500 & rawben_rel_max <=   0.996 & shelter_expenses_by_hh_size <= 852.000 & total_deductions_by_hh_size <=   0.217","ranger",964,0.92739,0.91241,515,473,0.9184,0.0528,0.0251,4.909,0.1475,0.9705,1.7
"2-3","medical_deductions <= 377.000 & percent_abawd <=   1.750 & unc_rawben_rel_max >   0.997 & unc_rawben_rel_max <=   1.600","ranger",7445,0.9178,0.91241,3759,3429,0.9122,0.383,0.2897,35.834,0.1475,0.9705,1.7
"2-3","total_deductions_by_hh_size < 837.000 & unc_rawben_rel_max >=   0.998 & unc_rawben_rel_max <   1.550","xgboost",7386,0.91782,0.91241,3720,3397,0.9132,0.3795,0.2847,35.462,0.1475,0.9705,1.7
"2-3","rawben_rel_max >=   0.793 & total_deductions_by_hh_size < 122.000 & unc_rawben_rel_max <   1.120 & utilities < 534.000","xgboost",3857,0.91989,0.9124,1951,1792,0.9185,0.2002,0.1136,18.599,0.1475,0.9705,1.7
"2-3","elderly_disabled_i <= 0.500 & expedited_i <= 0.500 & months_since_cert_n <= 7.500 & rawben_rel_max > 0.996","ranger",4226,0.91955,0.91239,2062,1890,0.9166,0.2111,0.1483,19.657,0.1475,0.9705,1.7
"2-3","cat_elig <=  0.5 & expedited_i <=  0.5 & utilities <= 58.5","ranger",851,0.92832,0.91238,375,344,0.9173,0.0384,0.0186,3.575,0.1475,0.9705,1.7
"2-3","married <  1.000 & percent_abawd <  0.333 & total_deductions_by_hh_size < 42.300","xgboost",4011,0.91972,0.91238,1947,1762,0.905,0.1968,0.1306,18.561,0.1475,0.9705,1.7
"2-3","cat_elig >  0.5 & children_i >  0.5 & total_deductions_by_hh_size <= 23.8","ranger",2947,0.92094,0.91237,1449,1311,0.9048,0.1464,0.0965,13.813,0.1475,0.9705,1.7
"2-3","cat_elig <= 0.500 & expedited_i <= 0.500 & rawben_rel_max > 0.931","ranger",1038,0.92678,0.91234,474,443,0.9346,0.0495,0.0218,4.519,0.1475,0.9705,1.7
"2-3","cat_elig >  0.500 & married <=  0.500 & unc_rawben_rel_max >  0.894 & utilities <= 78.500","ranger",2742,0.92123,0.91234,1375,1250,0.9091,0.1396,0.1098,13.108,0.1475,0.9705,1.7
"2-3","expedited_i > 0.500 & months_since_cert_n <= 6.500 & rawben_rel_max > 0.997","ranger",1408,0.92472,0.91232,701,651,0.9287,0.0727,0.0456,6.683,0.1475,0.9705,1.7
"2-3","elderly_disabled_i <= 0.500 & percent_abawd <= 1.750 & unc_rawben_rel_max > 0.997","ranger",6848,0.91793,0.91231,3430,3134,0.9137,0.3501,0.2613,32.698,0.1475,0.9705,1.7
"2-3","elderly_disabled_i <= 0.500 & months_since_cert_n > 0.500 & rawben_rel_max > 0.997","ranger",6234,0.91819,0.9123,3077,2811,0.9136,0.314,0.2335,29.333,0.1475,0.9705,1.7
"2-3","medical_deductions <= 159.000 & percent_abawd <=   1.420 & unc_rawben_rel_max >   0.997 & unc_rawben_rel_max <=   1.630","ranger",7448,0.9177,0.9123,3748,3419,0.9122,0.3819,0.2895,35.729,0.1475,0.9705,1.7
"2-3","percent_abawd <=   1.420 & total_deductions_by_hh_size <= 564.000 & unc_rawben_rel_max >   0.996 & unc_rawben_rel_max <=   1.550","ranger",7293,0.91773,0.91228,3663,3346,0.9135,0.3738,0.2804,34.919,0.1475,0.9705,1.7
"2-3","cat_elig >   1.500 & shelter_expenses_by_hh_size <= 276.000 & unc_rawben_rel_max >   0.997 & unc_rawben_rel_max <=   1.690","ranger",1725,0.92348,0.91227,229,207,0.9039,0.0231,0.0211,2.183,0.1475,0.9705,1.7
"2-3","HH_size_n <  3.000 & rawben_rel_max >=  0.989 & total_deductions_by_hh_size < 42.300 & unc_rawben_rel_max >=  1.110","xgboost",1505,0.92425,0.91226,765,712,0.9307,0.0795,0.042,7.293,0.1475,0.9705,1.7
"2-3","cat_elig <=   1.500 & count_divisible_by_100 <=   1.500 & rawben_rel_max >   0.997 & total_deductions_by_hh_size <= 829.000","ranger",4647,0.91909,0.91226,3472,3154,0.9084,0.3523,0.2789,33.098,0.1475,0.9705,1.7
"2-3","count_divisible_by_100 <   1 & months_since_cert_n <   8 & rawben_rel_max >=   1 & utilities < 892","xgboost",5393,0.9186,0.91226,2595,2368,0.9125,0.2645,0.2002,24.738,0.1475,0.9705,1.7
"2-3","cat_elig >  0.5 & total_deductions_by_hh_size <= 37.3 & utilities <= 48.5","ranger",3027,0.92071,0.91225,1524,1385,0.9088,0.1547,0.0993,14.528,0.1475,0.9705,1.7
"2-3","HH_size_n <=   2.5 & total_deductions_by_hh_size <= 490.0 & unc_rawben_rel_max >   1.0","ranger",4207,0.91942,0.91224,2108,1940,0.9203,0.2167,0.1447,20.095,0.1475,0.9705,1.7
"2-3","expedited_i <  1 & months_since_cert_n <  3 & total_deductions_by_hh_size < 23","xgboost",1284,0.92523,0.91224,624,571,0.9151,0.0638,0.0376,5.949,0.1475,0.9705,1.7
"2-3","children_i >  0.5 & elderly_disabled_i <=  0.5 & expedited_i >  0.5 & total_deductions_by_hh_size <= 54.7","ranger",837,0.92832,0.91223,411,383,0.9319,0.0428,0.0195,3.918,0.1475,0.9705,1.7
"2-3","elderly_disabled_i <=   0.500 & total_deductions_by_hh_size <= 916.000 & unc_rawben_rel_max >   0.997","ranger",6842,0.91786,0.91223,3428,3132,0.9137,0.3499,0.2613,32.679,0.1475,0.9705,1.7
"2-3","elderly_disabled_i <=   0.500 & total_deductions_by_hh_size > 224.000 & unc_rawben_rel_max >   0.997 & unc_rawben_rel_max <=   1.490","ranger",1797,0.92321,0.91222,1004,932,0.9283,0.1041,0.0675,9.571,0.1475,0.9705,1.7
"2-3","married <   1.00 & unc_rawben_rel_max >=   1.09 & unc_rawben_rel_max <   1.12 & utilities < 424.00","xgboost",1480,0.92432,0.91222,751,700,0.9321,0.0782,0.0422,7.159,0.1475,0.9705,1.7
"2-3","months_since_cert_n <   3.0 & total_deductions_by_hh_size <   8.3 & utilities < 844.0","xgboost",1541,0.92408,0.91222,770,714,0.9273,0.0798,0.0412,7.34,0.1475,0.9705,1.7
"2-3","expedited_i <=  0.5 & months_since_cert_n <= 28.5 & total_deductions_by_hh_size <= 30.9","ranger",3932,0.91963,0.91221,1928,1757,0.9113,0.1963,0.1161,18.379,0.1475,0.9705,1.7
"2-3","elderly_disabled_i <= 0.500 & months_since_cert_n <= 7.500 & rawben_rel_max > 0.971","ranger",5895,0.91824,0.91217,2902,2665,0.9183,0.2977,0.206,27.664,0.1475,0.9705,1.7
"2-3","count_divisible_by_100 < 1.000 & HH_size_n < 3.000 & rawben_rel_max < 0.974 & total_deductions_by_hh_size < 2.500","xgboost",1011,0.92681,0.91216,519,485,0.9345,0.0542,0.0191,4.948,0.1475,0.9705,1.7
"2-3","medical_deductions <= 567.000 & months_since_cert_n <=   5.500 & percent_abawd <=   0.167 & unc_rawben_rel_max >   0.998","ranger",4997,0.91875,0.91216,2411,2208,0.9158,0.2466,0.179,22.984,0.1475,0.9705,1.7
"2-3","medical_deductions <= 258.000 & unc_rawben_rel_max >   0.997 & unc_rawben_rel_max <=   1.610","ranger",7447,0.91755,0.91215,3752,3422,0.912,0.3823,0.2897,35.767,0.1475,0.9705,1.7
"2-3","expedited_i >   0.500 & months_since_cert_n <=   0.500 & rawben_rel_max >   0.895 & utilities <= 144.000","ranger",98,0.95918,0.91214,63,59,0.9365,0.0066,0.0047,0.601,0.1475,0.9705,1.7
"2-3","HH_size_n <   3.0 & shelter_expenses_by_hh_size < 281.0 & total_deductions_by_hh_size <  61.5","xgboost",3082,0.92051,0.91212,1557,1430,0.9184,0.1597,0.0871,14.843,0.1475,0.9705,1.7
"2-3","HH_size_n <=   2.5 & shelter_expenses_by_hh_size <= 843.0 & total_deductions_by_hh_size <=  57.0","ranger",3440,0.92006,0.91212,1730,1590,0.9191,0.1776,0.0937,16.492,0.1475,0.9705,1.7
"2-3","children_i >  0.5 & expedited_i >  0.5 & total_deductions_by_hh_size <= 54.7","ranger",861,0.92799,0.91212,432,402,0.9306,0.0449,0.0207,4.118,0.1475,0.9705,1.7
"2-3","medical_deductions >= 123.000 & unc_rawben_rel_max <   0.155","xgboost",269,0.94052,0.91212,122,114,0.9344,0.0127,0.0059,1.163,0.1475,0.9705,1.7
"2-3","children_i >=  1.00 & homeless <  1.00 & rawben_rel_max >=  0.49 & shelter_expenses_by_hh_size < 33.50","xgboost",3249,0.92028,0.91211,1584,1430,0.9028,0.1597,0.1061,15.1,0.1475,0.9705,1.7
"2-3","rawben_rel_max >=   0.122 & shelter_expenses_by_hh_size < 150.000 & total_deductions_by_hh_size <  56.300 & unc_rawben_rel_max >=   0.409","xgboost",4022,0.91944,0.9121,2003,1816,0.9066,0.2029,0.1345,19.094,0.1475,0.9705,1.7
"2-3","count_divisible_by_100 <= 0.500 & homeless <= 0.500 & months_since_cert_n <= 6.500 & unc_rawben_rel_max > 0.997","ranger",5098,0.9186,0.91207,2517,2301,0.9142,0.257,0.1955,23.994,0.1475,0.9705,1.7
"2-3","cat_elig <= 0.500 & children_i > 0.500 & count_divisible_by_100 <= 1.500 & rawben_rel_max > 0.914","ranger",1269,0.92514,0.91206,585,552,0.9436,0.0617,0.0227,5.577,0.1475,0.9705,1.7
"2-3","children_i <  1.0 & total_deductions_by_hh_size <  2.5 & utilities >= 34.0","xgboost",441,0.93424,0.91206,229,218,0.952,0.0244,0.0077,2.183,0.1475,0.9705,1.7
"2-3","homeless <=  0.5 & total_deductions_by_hh_size <= 23.6","ranger",4518,0.91899,0.91206,2221,2033,0.9154,0.2271,0.1312,21.173,0.1475,0.9705,1.7
"2-3","count_divisible_by_100 <=   1.500 & percent_abawd <=   1.750 & total_deductions_by_hh_size <= 439.000 & unc_rawben_rel_max >   0.997","ranger",7086,0.91758,0.91205,3592,3277,0.9123,0.3661,0.2762,34.242,0.1475,0.9705,1.7
"2-3","HH_size_n <   3.000 & rawben_rel_max >=   0.859 & unc_rawben_rel_max <   1.420 & utilities < 388.000","xgboost",2912,0.92067,0.91204,1493,1361,0.9116,0.152,0.1043,14.233,0.1475,0.9705,1.7
"2-3","elderly_disabled_i <= 0.500 & rawben_rel_max > 0.997","ranger",6850,0.91766,0.91203,3431,3135,0.9137,0.3502,0.2613,32.707,0.1475,0.9705,1.7
"2-3","rawben_rel_max >=   0.74 & shelter_expenses_by_hh_size < 155.00 & total_deductions_by_hh_size < 190.00 & unc_rawben_rel_max <   1.25","xgboost",4185,0.91924,0.91203,2112,1918,0.9081,0.2143,0.1455,20.133,0.1475,0.9705,1.7
"2-3","medical_deductions <= 116.000 & rawben_rel_max >   0.894 & total_deductions_by_hh_size <=  31.200 & unc_rawben_rel_max >   1.090","ranger",1574,0.92376,0.91202,792,739,0.9331,0.0826,0.0417,7.55,0.1475,0.9705,1.7
"2-3","children_i >  0.5 & count_divisible_by_100 <=  0.5 & shelter_expenses_by_hh_size <= 94.6","ranger",3650,0.91973,0.91201,1801,1622,0.9006,0.1812,0.1227,17.169,0.1475,0.9705,1.7
"2-3","expedited_i >=   1.000 & months_since_cert_n <   4.000 & rawben_rel_max >=   0.902 & shelter_expenses_by_hh_size < 165.000","xgboost",544,0.93199,0.91201,275,259,0.9418,0.0289,0.0142,2.622,0.1475,0.9705,1.7
"2-3","percent_abawd <=  1.75 & total_deductions_by_hh_size <= 29.80","ranger",4893,0.91866,0.912,2410,2209,0.9166,0.2468,0.1387,22.974,0.1475,0.9705,1.7
"2-3","months_since_cert_n <=   5.500 & shelter_expenses_by_hh_size <= 250.000 & unc_rawben_rel_max >   0.996 & utilities >  40.500","ranger",947,0.92714,0.91199,421,380,0.9026,0.0424,0.0408,4.013,0.1475,0.9705,1.7
"2-3","cat_elig <= 1.500 & count_divisible_by_100 <= 1.500 & expedited_i > 0.500 & rawben_rel_max > 0.997","ranger",1120,0.92589,0.91197,835,767,0.9186,0.0857,0.056,7.96,0.1475,0.9705,1.7
"2-3","cat_elig >=   1 & shelter_expenses_by_hh_size < 118 & total_deductions_by_hh_size <  40","xgboost",3065,0.92039,0.91197,1534,1389,0.9055,0.1552,0.1031,14.623,0.1475,0.9705,1.7
"2-3","HH_size_n <=   2.5 & homeless <=   0.5 & shelter_expenses_by_hh_size <= 843.0 & total_deductions_by_hh_size <=  57.0","ranger",3267,0.92011,0.91196,1636,1502,0.9181,0.1678,0.0898,15.596,0.1475,0.9705,1.7
"2-3","children_i > 0.500 & elderly_disabled_i <= 0.500 & unc_rawben_rel_max > 0.971","ranger",6504,0.91774,0.91196,3268,2984,0.9131,0.3333,0.2495,31.153,0.1475,0.9705,1.7
"2-3","count_divisible_by_100 <  1.0 & married <  1.0 & total_deductions_by_hh_size < 61.5","xgboost",4312,0.91906,0.91196,2145,1932,0.9007,0.2158,0.1499,20.448,0.1475,0.9705,1.7
"2-3","medical_deductions > 7.000 & rawben_rel_max <= 0.131 & unc_rawben_rel_max <= 0.997","ranger",282,0.93972,0.91196,130,124,0.9538,0.0139,0.0041,1.239,0.1475,0.9705,1.7
"2-3","shelter_expenses_by_hh_size <  15.00 & unc_rawben_rel_max >=   1.11 & utilities < 912.00","xgboost",1451,0.92419,0.91195,747,697,0.9331,0.0779,0.0397,7.121,0.1475,0.9705,1.7
"2-3","elderly_disabled_i <= 0.500 & unc_rawben_rel_max > 0.998","ranger",6843,0.91758,0.91194,3421,3125,0.9135,0.3491,0.2613,32.612,0.1475,0.9705,1.7
"2-3","months_since_cert_n <= 5.500 & percent_abawd <= 0.167 & rawben_rel_max > 0.997","ranger",5008,0.91853,0.91194,2422,2215,0.9145,0.2474,0.1841,23.089,0.1475,0.9705,1.7
"2-3","elderly_disabled_i <=   0.5 & homeless >   0.5 & total_deductions_by_hh_size <= 467.0 & utilities >  22.0","ranger",82,0.96341,0.91193,47,44,0.9362,0.0049,0.0012,0.448,0.1475,0.9705,1.7
"2-3","cat_elig <= 0.500 & children_i <= 0.500 & elderly_disabled_i <= 0.500 & rawben_rel_max > 0.997","ranger",128,0.95312,0.91192,59,57,0.9661,0.0064,0.0016,0.562,0.1475,0.9705,1.7
"2-3","count_divisible_by_100 < 1.000 & elderly_disabled_i < 1.000 & rawben_rel_max >= 0.982","xgboost",6383,0.91775,0.91191,3222,2956,0.9174,0.3302,0.2358,30.715,0.1475,0.9705,1.7
"2-3","elderly_disabled_i > 0.500 & expedited_i <= 0.500 & rawben_rel_max <= 0.997 & total_deductions_by_hh_size <= 0.300","ranger",946,0.92706,0.9119,500,459,0.918,0.0513,0.0245,4.766,0.1475,0.9705,1.7
"2-3","medical_deductions <= 267.000 & rawben_rel_max >   0.997 & unc_rawben_rel_max <=   1.630","ranger",7460,0.91729,0.91189,3756,3426,0.9121,0.3827,0.2897,35.806,0.1475,0.9705,1.7
"2-3","shelter_expenses_by_hh_size <= 627.0 & total_deductions_by_hh_size <=  27.6","ranger",4840,0.9186,0.91189,2387,2189,0.9171,0.2445,0.1374,22.755,0.1475,0.9705,1.7
"2-3","HH_size_n <  3.000 & months_since_cert_n >=  3.000 & rawben_rel_max >=  0.692 & total_deductions_by_hh_size < 10.800","xgboost",1205,0.92531,0.91188,567,519,0.9153,0.058,0.0323,5.405,0.1475,0.9705,1.7
"2-3","children_i <   1.000 & months_since_cert_n >=   2.000 & rawben_rel_max <   0.161 & total_deductions_by_hh_size < 304.000","xgboost",607,0.93081,0.91188,296,274,0.9257,0.0306,0.0148,2.822,0.1475,0.9705,1.7
"2-3","cat_elig <=  0.5 & shelter_expenses_by_hh_size <= 43.0 & utilities > 52.0","ranger",28,1,0.91187,11,9,0.8182,0.001,8e-04,0.105,0.1475,0.9705,1.7
"2-3","cat_elig <=  0.500 & married >  0.500 & rawben_rel_max <=  0.314 & total_deductions_by_hh_size <= 55.000","ranger",28,1,0.91187,12,12,1,0.0013,0,0.114,0.1475,0.9705,1.7
"2-3","cat_elig <=   0.500 & percent_abawd >   0.167 & rawben_rel_max >   0.997 & shelter_expenses_by_hh_size <= 275.000","ranger",48,0.97917,0.91185,34,33,0.9706,0.0037,8e-04,0.324,0.1475,0.9705,1.7
"2-3","cat_elig <=   0.500 & percent_abawd >   0.167 & shelter_expenses_by_hh_size <= 218.000 & unc_rawben_rel_max >   0.858","ranger",48,0.97917,0.91185,36,34,0.9444,0.0038,0.001,0.343,0.1475,0.9705,1.7
"2-3","cat_elig <= 0.500 & children_i <= 0.500 & expedited_i > 0.500 & rawben_rel_max > 0.997","ranger",48,0.97917,0.91185,29,28,0.9655,0.0031,2e-04,0.276,0.1475,0.9705,1.7
"2-3","percent_abawd <=  1.5 & total_deductions_by_hh_size <= 30.9","ranger",4907,0.91848,0.91183,2424,2223,0.9171,0.2483,0.1387,23.108,0.1475,0.9705,1.7
"2-3","rawben_rel_max >= 0.97 & total_deductions_by_hh_size >= 2.50 & unc_rawben_rel_max < 1.30","xgboost",3417,0.91981,0.91183,1817,1663,0.9152,0.1858,0.1211,17.321,0.1475,0.9705,1.7
"2-3","months_since_cert_n <= 5.500 & percent_abawd <= 0.167 & unc_rawben_rel_max > 0.998","ranger",5001,0.91842,0.91182,2415,2208,0.9143,0.2466,0.1841,23.022,0.1475,0.9705,1.7
"2-3","percent_abawd <=   1.750 & rawben_rel_max >   0.997 & total_deductions_by_hh_size <= 443.000","ranger",7138,0.91734,0.91182,3613,3293,0.9114,0.3679,0.2821,34.442,0.1475,0.9705,1.7
"2-3","cat_elig >   0.500 & medical_deductions <= 122.000 & rawben_rel_max >   0.997 & shelter_expenses_by_hh_size <= 519.000","ranger",5036,0.91839,0.91181,2603,2365,0.9086,0.2642,0.2099,24.814,0.1475,0.9705,1.7
"2-3","count_divisible_by_100 <=  0.5 & expedited_i >  0.5 & total_deductions_by_hh_size <= 31.9 & utilities <= 22.0","ranger",833,0.92797,0.91181,432,408,0.9444,0.0456,0.0178,4.118,0.1475,0.9705,1.7
"2-3","count_divisible_by_100 <=   1.500 & months_since_cert_n <=  32.000 & total_deductions_by_hh_size <= 444.000 & unc_rawben_rel_max >   0.997","ranger",7101,0.91734,0.9118,3593,3278,0.9123,0.3662,0.2762,34.252,0.1475,0.9705,1.7
"2-3","percent_abawd <   0.333 & shelter_expenses_by_hh_size < 145.000 & total_deductions_by_hh_size <  85.000 & utilities < 340.000","xgboost",4020,0.91915,0.9118,1941,1753,0.9031,0.1958,0.1267,18.503,0.1475,0.9705,1.7
"2-3","expedited_i > 0.500 & rawben_rel_max > 0.997 & unc_rawben_rel_max <= 1.550","ranger",1727,0.92299,0.91176,891,818,0.9181,0.0914,0.0606,8.494,0.1475,0.9705,1.7
"2-3","HH_size_n <= 2.500 & rawben_rel_max <= 0.996 & total_deductions_by_hh_size <= 1.050","ranger",1068,0.92603,0.91175,545,510,0.9358,0.057,0.0197,5.195,0.1475,0.9705,1.7
"2-3","children_i >   0.500 & total_deductions_by_hh_size <= 197.000 & unc_rawben_rel_max >   0.997 & utilities >  40.000","ranger",820,0.92805,0.91175,407,357,0.8771,0.0399,0.0496,3.88,0.1475,0.9705,1.7
"2-3","rawben_rel_max >=   0.762 & shelter_expenses_by_hh_size < 592.000 & total_deductions_by_hh_size < 225.000 & utilities <  28.000","xgboost",3591,0.91952,0.91173,1814,1658,0.914,0.1852,0.1145,17.293,0.1475,0.9705,1.7
"2-3","HH_size_n < 3.000 & unc_rawben_rel_max >= 0.998 & unc_rawben_rel_max < 1.740","xgboost",4477,0.9187,0.91172,2243,2060,0.9184,0.2301,0.1617,21.382,0.1475,0.9705,1.7
"2-3","shelter_expenses_by_hh_size < 271.000 & total_deductions_by_hh_size <  25.000 & unc_rawben_rel_max <   0.296","xgboost",308,0.93831,0.91172,144,139,0.9653,0.0155,0.0031,1.373,0.1475,0.9705,1.7
"2-3","cat_elig <=  0.500 & expedited_i <=  0.500 & percent_abawd <=  0.833 & utilities <= 58.500","ranger",832,0.92788,0.9117,367,337,0.9183,0.0376,0.0182,3.499,0.1475,0.9705,1.7
"2-3","cat_elig >   0.500 & children_i >   0.500 & total_deductions_by_hh_size <= 445.000 & unc_rawben_rel_max >   0.998","ranger",5194,0.91817,0.9117,2669,2418,0.906,0.2701,0.2292,25.443,0.1475,0.9705,1.7
"2-3","medical_deductions <= 341.00 & unc_rawben_rel_max >   1.00 & unc_rawben_rel_max <=   1.63","ranger",7385,0.91713,0.9117,3731,3402,0.9118,0.38,0.2881,35.567,0.1475,0.9705,1.7
"2-3","months_since_cert_n <=   6.500 & rawben_rel_max >   0.996 & total_deductions_by_hh_size <= 467.000","ranger",5546,0.91796,0.91169,2742,2522,0.9198,0.2817,0.1899,26.139,0.1475,0.9705,1.7
"2-3","HH_size_n >=   3.00 & total_deductions_by_hh_size < 837.00 & unc_rawben_rel_max >=   1.00 & unc_rawben_rel_max <   1.35","xgboost",2721,0.92062,0.91167,1502,1353,0.9008,0.1511,0.1369,14.318,0.1475,0.9705,1.7
"2-3","months_since_cert_n >=   6.000 & rawben_rel_max >=   0.821 & shelter_expenses_by_hh_size < 138.000","xgboost",993,0.92649,0.91167,511,463,0.9061,0.0517,0.0384,4.871,0.1475,0.9705,1.7
"2-3","cat_elig <=   0.500 & children_i >   0.500 & medical_deductions <= 638.000 & rawben_rel_max >   0.927","ranger",1251,0.92486,0.91166,574,542,0.9443,0.0605,0.0232,5.472,0.1475,0.9705,1.7
"2-3","percent_abawd <=   1.750 & total_deductions_by_hh_size <= 439.000 & unc_rawben_rel_max >   0.997","ranger",7125,0.91719,0.91166,3610,3290,0.9114,0.3675,0.2821,34.414,0.1475,0.9705,1.7
"2-3","rawben_rel_max >=   0.882 & total_deductions_by_hh_size < 349.000 & unc_rawben_rel_max <   1.240","xgboost",6001,0.91768,0.91165,3062,2775,0.9063,0.31,0.2208,29.19,0.1475,0.9705,1.7
"2-3","count_divisible_by_100 <= 1.500 & unc_rawben_rel_max > 0.997 & unc_rawben_rel_max <= 1.630","ranger",7426,0.91705,0.91163,3750,3421,0.9123,0.3821,0.2884,35.748,0.1475,0.9705,1.7
"2-3","percent_abawd <=   0.833 & rawben_rel_max >   0.997 & total_deductions_by_hh_size <= 577.000","ranger",7157,0.91714,0.91162,3602,3279,0.9103,0.3663,0.2878,34.337,0.1475,0.9705,1.7
"2-3","total_deductions_by_hh_size >=  56.3000 & unc_rawben_rel_max >=  -0.4970 & unc_rawben_rel_max <   0.0405 & utilities < 450.0000","xgboost",199,0.94472,0.91162,102,91,0.8922,0.0102,0.0113,0.972,0.1475,0.9705,1.7
"2-3","medical_deductions <=  149.000 & months_since_cert_n <=    7.500 & rawben_rel_max >    0.997 & total_deductions_by_hh_size <= 1100.000","ranger",6080,0.9176,0.91161,3007,2742,0.9119,0.3063,0.2342,28.665,0.1475,0.9705,1.7
"2-3","cat_elig <=   1.500 & rawben_rel_max >   0.997 & total_deductions_by_hh_size <= 829.000","ranger",4671,0.91843,0.9116,3488,3166,0.9077,0.3537,0.2838,33.251,0.1475,0.9705,1.7
"2-3","months_since_cert_n >=  3.000 & percent_abawd <  0.667 & total_deductions_by_hh_size < 23.000","xgboost",3004,0.92011,0.91159,1476,1347,0.9126,0.1505,0.0885,14.071,0.1475,0.9705,1.7
"2-3","cat_elig < 1.000 & medical_deductions < 5.000 & unc_rawben_rel_max >= 0.873 & unc_rawben_rel_max < 1.550","xgboost",1542,0.92348,0.91158,720,676,0.9389,0.0755,0.0285,6.864,0.1475,0.9705,1.7
"2-3","children_i >   0.500 & medical_deductions <= 209.000 & unc_rawben_rel_max >   0.997","ranger",6521,0.91734,0.91156,3256,2962,0.9097,0.3309,0.2655,31.039,0.1475,0.9705,1.7
"2-3","months_since_cert_n >=   3.0 & total_deductions_by_hh_size <   2.5 & utilities < 284.0","xgboost",2240,0.92143,0.91156,1056,964,0.9129,0.1077,0.0636,10.067,0.1475,0.9705,1.7
"2-3","cat_elig <= 1.500 & expedited_i > 0.500 & rawben_rel_max > 0.997","ranger",1127,0.92547,0.91155,838,768,0.9165,0.0858,0.0601,7.989,0.1475,0.9705,1.7
"2-3","cat_elig <   3.000 & unc_rawben_rel_max >=   0.898 & unc_rawben_rel_max <   1.340 & utilities < 452.000","xgboost",5032,0.91812,0.91154,2800,2515,0.8982,0.2809,0.2273,26.692,0.1475,0.9705,1.7
"2-3","expedited_i <=   0.500 & months_since_cert_n >   5.500 & rawben_rel_max >   0.995 & utilities <= 352.000","ranger",768,0.92839,0.91153,373,337,0.9035,0.0376,0.0375,3.556,0.1475,0.9705,1.7
"2-3","children_i >  0.500 & medical_deductions <= 17.000 & rawben_rel_max >  0.997","ranger",6505,0.91729,0.9115,3253,2959,0.9096,0.3305,0.2655,31.01,0.1475,0.9705,1.7
"2-3","rawben_rel_max >=  0.137 & total_deductions_by_hh_size < 31.500 & unc_rawben_rel_max <  1.550","xgboost",4594,0.91837,0.91148,2279,2081,0.9131,0.2325,0.1372,21.725,0.1475,0.9705,1.7
"2-3","elderly_disabled_i <= 0.500 & homeless <= 0.500 & rawben_rel_max > 0.997","ranger",6631,0.91721,0.91147,3313,3022,0.9122,0.3376,0.2584,31.582,0.1475,0.9705,1.7
"2-3","unc_rawben_rel_max >=   0.998 & unc_rawben_rel_max <   1.420 & utilities >= 487.000 & utilities < 724.000","xgboost",1040,0.92596,0.91147,474,443,0.9346,0.0495,0.031,4.519,0.1475,0.9705,1.7
"2-3","cat_elig <   1.00 & rawben_rel_max >=   0.92 & shelter_expenses_by_hh_size < 295.00 & unc_rawben_rel_max <   1.09","xgboost",425,0.93412,0.91145,220,208,0.9455,0.0232,0.0093,2.097,0.1475,0.9705,1.7
"2-3","medical_deductions <= 220.000 & months_since_cert_n >   3.500 & unc_rawben_rel_max >   0.918 & utilities <=  48.500","ranger",1721,0.92272,0.91145,841,767,0.912,0.0857,0.0641,8.017,0.1475,0.9705,1.7
"2-3","medical_deductions <= 464.000 & months_since_cert_n <=  11.500 & unc_rawben_rel_max >   0.997 & unc_rawben_rel_max <=   1.680","ranger",7213,0.91696,0.91145,3634,3321,0.9139,0.371,0.2756,34.643,0.1475,0.9705,1.7
"2-3","percent_abawd <= 1.750 & unc_rawben_rel_max > 0.997 & unc_rawben_rel_max <= 1.630","ranger",7469,0.91686,0.91145,3768,3434,0.9114,0.3836,0.2944,35.92,0.1475,0.9705,1.7
"2-3","medical_deductions < 168.00000 & months_since_cert_n <  10.00000 & percent_abawd <   0.33300 & unc_rawben_rel_max <  -0.00871","xgboost",412,0.93447,0.91144,225,207,0.92,0.0231,0.0164,2.145,0.1475,0.9705,1.7
"2-3","months_since_cert_n <  6.000 & rawben_rel_max >=  0.264 & total_deductions_by_hh_size < 59.000","xgboost",3461,0.91939,0.91144,1703,1547,0.9084,0.1728,0.107,16.235,0.1475,0.9705,1.7
"2-3","months_since_cert_n <   3.000 & rawben_rel_max >=   0.448 & shelter_expenses_by_hh_size <  15.000 & total_deductions_by_hh_size < 147.000","xgboost",1333,0.92423,0.91143,706,646,0.915,0.0722,0.0438,6.73,0.1475,0.9705,1.7
"2-3","percent_abawd <=   1.420 & shelter_expenses_by_hh_size <= 329.000 & unc_rawben_rel_max >   0.997 & utilities >  30.500","ranger",1877,0.92222,0.91143,934,837,0.8961,0.0935,0.0892,8.904,0.1475,0.9705,1.7
"2-3","count_divisible_by_100 <= 1.500 & rawben_rel_max > 0.996 & unc_rawben_rel_max <= 1.510","ranger",7385,0.91686,0.91142,3720,3402,0.9145,0.38,0.2782,35.462,0.1475,0.9705,1.7
"2-3","homeless <=   0.500 & shelter_expenses_by_hh_size >  62.100 & shelter_expenses_by_hh_size <= 252.000 & unc_rawben_rel_max >   0.997","ranger",1345,0.92416,0.91142,682,609,0.893,0.068,0.0695,6.501,0.1475,0.9705,1.7
"2-3","HH_size_n <=  2.50 & percent_abawd <=  1.25 & total_deductions_by_hh_size <= 62.00","ranger",3507,0.9193,0.91141,1764,1622,0.9195,0.1812,0.0946,16.816,0.1475,0.9705,1.7
"2-3","expedited_i >= 1.000 & total_deductions_by_hh_size < 2.500 & unc_rawben_rel_max >= 0.998 & unc_rawben_rel_max < 1.360","xgboost",742,0.92857,0.91141,388,363,0.9356,0.0405,0.0188,3.699,0.1475,0.9705,1.7
"2-3","shelter_expenses_by_hh_size >  62.100 & shelter_expenses_by_hh_size <= 252.000 & unc_rawben_rel_max >   0.997","ranger",1357,0.9241,0.91141,686,613,0.8936,0.0685,0.0695,6.54,0.1475,0.9705,1.7
"2-3","shelter_expenses_by_hh_size >= 213.00 & shelter_expenses_by_hh_size < 814.00 & unc_rawben_rel_max >=   1.01 & unc_rawben_rel_max <   1.42","xgboost",2451,0.92085,0.91141,1263,1152,0.9121,0.1287,0.0944,12.04,0.1475,0.9705,1.7
"2-3","cat_elig >   0.5 & medical_deductions <= 132.0 & total_deductions_by_hh_size <=  55.0 & utilities <=  30.5","ranger",2962,0.91999,0.9114,1499,1365,0.9106,0.1525,0.0957,14.29,0.1475,0.9705,1.7
"2-3","medical_deductions <= 147.0 & months_since_cert_n <=   6.5 & shelter_expenses_by_hh_size <= 325.0 & total_deductions_by_hh_size <=  59.0","ranger",3872,0.9189,0.91139,1877,1708,0.91,0.1908,0.1164,17.893,0.1475,0.9705,1.7
"2-3","cat_elig >   0.500 & percent_abawd <=   0.167 & rawben_rel_max >   0.997 & total_deductions_by_hh_size <= 466.000","ranger",5433,0.91773,0.91138,2750,2496,0.9076,0.2788,0.2257,26.215,0.1475,0.9705,1.7
"2-3","HH_size_n <   3 & total_deductions_by_hh_size <  54 & utilities < 385","xgboost",2937,0.91999,0.91136,1498,1375,0.9179,0.1536,0.0848,14.28,0.1475,0.9705,1.7
"2-3","children_i >  0.500 & medical_deductions <= 74.000 & rawben_rel_max >  0.997","ranger",6506,0.91715,0.91136,3254,2960,0.9096,0.3307,0.2655,31.02,0.1475,0.9705,1.7
"2-3","children_i >  0.500 & months_since_cert_n <= 32.000 & unc_rawben_rel_max >  0.997","ranger",6518,0.91715,0.91136,3255,2959,0.9091,0.3305,0.2672,31.03,0.1475,0.9705,1.7
"2-3","months_since_cert_n <  6.000 & rawben_rel_max >=  0.264 & total_deductions_by_hh_size < 59.000 & unc_rawben_rel_max >=  1.100","xgboost",1149,0.92515,0.91136,584,543,0.9298,0.0607,0.0337,5.567,0.1475,0.9705,1.7
"2-3","unc_rawben_rel_max >=   0.898 & unc_rawben_rel_max <   1.340 & utilities < 452.000","xgboost",5139,0.91788,0.91136,2800,2515,0.8982,0.2809,0.2273,26.692,0.1475,0.9705,1.7
"2-3","cat_elig >=  1.00 & homeless <  1.00 & total_deductions_by_hh_size < 23.00 & unc_rawben_rel_max >=  1.08","xgboost",1441,0.92366,0.91135,579,534,0.9223,0.0597,0.0344,5.52,0.1475,0.9705,1.7
"2-3","children_i <=  0.500 & months_since_cert_n <= 36.500 & total_deductions_by_hh_size <=  1.270 & unc_rawben_rel_max <=  0.915","ranger",578,0.9308,0.91135,299,285,0.9532,0.0318,0.0097,2.85,0.1475,0.9705,1.7
"2-3","count_divisible_by_100 <=   0.5 & HH_size_n >   2.5 & shelter_expenses_by_hh_size <= 369.0 & total_deductions_by_hh_size <=  23.0","ranger",1598,0.92303,0.91133,780,702,0.9,0.0784,0.0542,7.436,0.1475,0.9705,1.7
"2-3","months_since_cert_n < 11.000 & rawben_rel_max >=  0.122 & total_deductions_by_hh_size < 99.500 & unc_rawben_rel_max >=  1.110","xgboost",1465,0.92355,0.91133,739,686,0.9283,0.0766,0.043,7.045,0.1475,0.9705,1.7
"2-3","rawben_rel_max >=   0.89 & shelter_expenses_by_hh_size < 542.00 & total_deductions_by_hh_size < 248.00","xgboost",5745,0.91749,0.91132,2975,2689,0.9039,0.3004,0.2331,28.36,0.1475,0.9705,1.7
"2-3","cat_elig <= 1.500 & months_since_cert_n <= 5.500 & percent_abawd <= 0.417 & rawben_rel_max > 0.997","ranger",3172,0.91961,0.91131,2279,2081,0.9131,0.2325,0.177,21.725,0.1475,0.9705,1.7
"2-3","months_since_cert_n <=   7.500 & total_deductions_by_hh_size <= 565.000 & unc_rawben_rel_max >   0.996","ranger",5965,0.91735,0.9113,2936,2689,0.9159,0.3004,0.2181,27.989,0.1475,0.9705,1.7
"2-3","cat_elig >   1.500 & medical_deductions <=  17.000 & shelter_expenses_by_hh_size <= 326.000 & unc_rawben_rel_max >   0.996","ranger",1874,0.92209,0.91129,243,221,0.9095,0.0247,0.0211,2.316,0.1475,0.9705,1.7
"2-3","count_divisible_by_100 <=  0.5 & expedited_i <=  0.5 & total_deductions_by_hh_size <= 62.0","ranger",4349,0.91837,0.91128,2161,1958,0.9061,0.2187,0.138,20.601,0.1475,0.9705,1.7
"2-3","count_divisible_by_100 <= 0.500 & HH_size_n <= 2.500 & percent_abawd <= 0.167 & unc_rawben_rel_max > 0.995","ranger",3773,0.9189,0.91128,1859,1710,0.9198,0.191,0.135,17.722,0.1475,0.9705,1.7
"2-3","children_i > 0.500 & rawben_rel_max > 0.997","ranger",6523,0.91706,0.91127,3258,2962,0.9091,0.3309,0.2672,31.058,0.1475,0.9705,1.7
"2-3","count_divisible_by_100 <   1.0 & shelter_expenses_by_hh_size >= 204.0 & total_deductions_by_hh_size <   2.5","xgboost",437,0.93364,0.91126,221,210,0.9502,0.0235,0.0048,2.107,0.1475,0.9705,1.7
"2-3","cat_elig > 0.500 & months_since_cert_n <= 7.500 & rawben_rel_max > 0.997 & unc_rawben_rel_max <= 1.550","ranger",4887,0.91795,0.91125,2469,2247,0.9101,0.251,0.1974,23.537,0.1475,0.9705,1.7
"2-3","rawben_rel_max >=   0.793 & total_deductions_by_hh_size < 124.000","xgboost",4101,0.91856,0.91125,2070,1895,0.9155,0.2117,0.131,19.733,0.1475,0.9705,1.7
"2-3","cat_elig <   2.00 & children_i >=   1.00 & shelter_expenses_by_hh_size < 200.00 & unc_rawben_rel_max >=   1.12","xgboost",424,0.93396,0.91124,281,243,0.8648,0.0271,0.0361,2.679,0.1475,0.9705,1.7
"2-3","total_deductions_by_hh_size < 517.00000 & unc_rawben_rel_max <  -0.00871","xgboost",678,0.9292,0.91124,343,317,0.9242,0.0354,0.023,3.27,0.1475,0.9705,1.7
"2-3","cat_elig <= 0.5 & expedited_i > 0.5 & HH_size_n <= 2.5","ranger",293,0.93857,0.91123,136,129,0.9485,0.0144,0.0038,1.296,0.1475,0.9705,1.7
"2-3","cat_elig > 0.500 & children_i > 0.500 & elderly_disabled_i <= 0.500 & unc_rawben_rel_max > 0.996","ranger",5143,0.91775,0.91123,2625,2380,0.9067,0.2659,0.2227,25.024,0.1475,0.9705,1.7
"2-3","children_i <   1.0 & married >=   1.0 & shelter_expenses_by_hh_size < 276.0 & total_deductions_by_hh_size <  18.4","xgboost",501,0.93214,0.91123,234,226,0.9658,0.0252,0.0035,2.231,0.1475,0.9705,1.7
"2-3","cat_elig <=   0.500 & total_deductions_by_hh_size > 345.000 & unc_rawben_rel_max >   0.782 & utilities > 471.000","ranger",65,0.96923,0.91119,12,12,1,0.0013,0,0.114,0.1475,0.9705,1.7
"2-3","months_since_cert_n <  5.000 & rawben_rel_max >=  0.497 & shelter_expenses_by_hh_size < 80.000","xgboost",2540,0.92047,0.91119,1250,1136,0.9088,0.1269,0.0782,11.916,0.1475,0.9705,1.7
"2-3","months_since_cert_n <=   6.5 & shelter_expenses_by_hh_size <= 325.0 & total_deductions_by_hh_size <=  59.0","ranger",3875,0.91871,0.91119,1877,1708,0.91,0.1908,0.1164,17.893,0.1475,0.9705,1.7
"2-3","months_since_cert_n >   7.500 & percent_abawd <=   0.833 & rawben_rel_max >   0.997 & total_deductions_by_hh_size <= 193.000","ranger",640,0.92969,0.91119,348,320,0.9195,0.0357,0.0274,3.317,0.1475,0.9705,1.7
"2-3","cat_elig <=   2.500 & medical_deductions > 144.000 & percent_abawd <=   0.250 & unc_rawben_rel_max <=   0.164","ranger",184,0.94565,0.91115,93,86,0.9247,0.0096,0.0042,0.887,0.1475,0.9705,1.7
"2-3","shelter_expenses_by_hh_size >  27.200 & shelter_expenses_by_hh_size <= 322.000 & unc_rawben_rel_max >   0.997 & utilities >  49.000","ranger",1703,0.92249,0.91115,841,753,0.8954,0.0841,0.0803,8.017,0.1475,0.9705,1.7
"2-3","medical_deductions >= 125.000 & rawben_rel_max <   0.176 & total_deductions_by_hh_size < 162.000 & utilities < 610.000","xgboost",112,0.95536,0.91113,43,40,0.9302,0.0045,0.0017,0.41,0.1475,0.9705,1.7
"2-3","count_divisible_by_100 <  1.0 & HH_size_n >=  3.0 & total_deductions_by_hh_size < 18.4","xgboost",1558,0.92298,0.91112,767,693,0.9035,0.0774,0.0524,7.312,0.1475,0.9705,1.7
"2-3","count_divisible_by_100 <= 0.500 & percent_abawd <= 0.167 & rawben_rel_max > 0.997","ranger",6349,0.91699,0.91112,3140,2861,0.9111,0.3196,0.2501,29.933,0.1475,0.9705,1.7
"2-3","months_since_cert_n <=   7.500 & rawben_rel_max >   0.997 & total_deductions_by_hh_size <= 799.000","ranger",6058,0.91713,0.91112,2996,2734,0.9126,0.3054,0.2299,28.561,0.1475,0.9705,1.7
"2-3","months_since_cert_n <  31.000 & rawben_rel_max <   0.190 & total_deductions_by_hh_size < 174.000 & unc_rawben_rel_max >=  -0.497","xgboost",814,0.92752,0.91111,361,337,0.9335,0.0376,0.0129,3.441,0.1475,0.9705,1.7
"2-3","cat_elig <= 1.500 & months_since_cert_n <= 5.500 & rawben_rel_max > 0.997","ranger",3377,0.91916,0.9111,2476,2255,0.9107,0.2519,0.1978,23.603,0.1475,0.9705,1.7
"2-3","cat_elig >  0.5 & total_deductions_by_hh_size <= 55.0 & utilities <= 30.5","ranger",2964,0.9197,0.9111,1499,1365,0.9106,0.1525,0.0957,14.29,0.1475,0.9705,1.7
"2-3","months_since_cert_n <= 11.500 & unc_rawben_rel_max >  0.997 & unc_rawben_rel_max <=  1.680","ranger",7219,0.91661,0.9111,3638,3322,0.9131,0.3711,0.279,34.681,0.1475,0.9705,1.7
"2-3","rawben_rel_max >   0.999 & total_deductions_by_hh_size <= 411.000 & unc_rawben_rel_max >   0.997","ranger",6987,0.9167,0.9111,3566,3251,0.9117,0.3632,0.2781,33.994,0.1475,0.9705,1.7
"2-3","cat_elig >   0.5 & medical_deductions <= 147.0 & shelter_expenses_by_hh_size <=  52.6 & total_deductions_by_hh_size <=  62.0","ranger",3058,0.91956,0.91109,1510,1366,0.9046,0.1526,0.1047,14.395,0.1475,0.9705,1.7
"2-3","elderly_disabled_i <=   0.500 & medical_deductions <= 464.000 & rawben_rel_max >   0.996","ranger",6870,0.91674,0.91109,3433,3136,0.9135,0.3503,0.262,32.726,0.1475,0.9705,1.7
"2-3","married <=   0.500 & rawben_rel_max >   0.997 & total_deductions_by_hh_size <= 465.000","ranger",6400,0.91688,0.91102,3248,2963,0.9123,0.331,0.2505,30.963,0.1475,0.9705,1.7
"2-3","total_deductions_by_hh_size < 31.50 & unc_rawben_rel_max <  1.55","xgboost",4921,0.9177,0.91102,2448,2244,0.9167,0.2507,0.1403,23.337,0.1475,0.9705,1.7
"2-3","cat_elig <= 2.500 & children_i > 0.500 & unc_rawben_rel_max > 0.997","ranger",6410,0.91685,0.911,3258,2962,0.9091,0.3309,0.2672,31.058,0.1475,0.9705,1.7
"2-3","rawben_rel_max >=   1.00 & shelter_expenses_by_hh_size < 442.00 & total_deductions_by_hh_size >= 279.00 & unc_rawben_rel_max <   1.42","xgboost",384,0.9349,0.91099,183,170,0.929,0.019,0.01,1.745,0.1475,0.9705,1.7
"2-3","medical_deductions <  5.00000 & rawben_rel_max >=  0.94400 & unc_rawben_rel_max >= -0.00871 & unc_rawben_rel_max <  1.12000","xgboost",4790,0.91775,0.91098,2445,2247,0.919,0.251,0.1555,23.308,0.1475,0.9705,1.7
"2-3","HH_size_n <= 2.500 & months_since_cert_n <= 6.500 & rawben_rel_max > 0.995","ranger",3466,0.91893,0.91097,1701,1556,0.9148,0.1738,0.1285,16.215,0.1475,0.9705,1.7
"2-3","cat_elig > 0.500 & months_since_cert_n <= 5.500 & unc_rawben_rel_max > 0.997 & unc_rawben_rel_max <= 1.550","ranger",4263,0.91813,0.91096,2156,1967,0.9123,0.2197,0.166,20.553,0.1475,0.9705,1.7
"2-3","count_divisible_by_100 <= 0.500 & elderly_disabled_i <= 0.500 & expedited_i <= 0.500 & unc_rawben_rel_max > 0.997","ranger",4707,0.91778,0.91095,2348,2150,0.9157,0.2402,0.1819,22.383,0.1475,0.9705,1.7
"2-3","elderly_disabled_i <   1.00 & shelter_expenses_by_hh_size < 740.00 & unc_rawben_rel_max >=   0.97","xgboost",6823,0.91661,0.91093,3447,3158,0.9162,0.3528,0.2464,32.86,0.1475,0.9705,1.7
"2-3","homeless <= 0.5 & unc_rawben_rel_max > 1.0 & unc_rawben_rel_max <= 1.6","ranger",7157,0.91645,0.91091,3612,3285,0.9095,0.367,0.2886,34.433,0.1475,0.9705,1.7
"2-3","expedited_i <  1.0 & months_since_cert_n <  3.0 & total_deductions_by_hh_size < 23.0 & unc_rawben_rel_max <  1.1","xgboost",923,0.92633,0.9109,418,378,0.9043,0.0422,0.0272,3.985,0.1475,0.9705,1.7
"2-3","cat_elig > 0.500 & children_i > 0.500 & HH_size_n <= 2.500 & unc_rawben_rel_max > 0.997","ranger",2968,0.91947,0.91087,1491,1365,0.9155,0.1525,0.1155,14.214,0.1475,0.9705,1.7
"2-3","HH_size_n > 2.500 & percent_abawd <= 0.583 & total_deductions_by_hh_size <= 0.217 & unc_rawben_rel_max > 0.017","ranger",1445,0.92318,0.91085,696,628,0.9023,0.0702,0.0512,6.635,0.1475,0.9705,1.7
"2-3","medical_deductions <= 149.000 & months_since_cert_n <=   7.500 & rawben_rel_max >   0.997","ranger",6097,0.91684,0.91084,3013,2747,0.9117,0.3069,0.2359,28.723,0.1475,0.9705,1.7
"2-3","rawben_rel_max > 0.997 & unc_rawben_rel_max <= 1.640","ranger",7476,0.91627,0.91084,3769,3435,0.9114,0.3837,0.2944,35.929,0.1475,0.9705,1.7
"2-3","shelter_expenses_by_hh_size > 128.000 & shelter_expenses_by_hh_size <= 322.000 & total_deductions_by_hh_size <= 602.000 & unc_rawben_rel_max >   0.996","ranger",1709,0.92218,0.91084,834,755,0.9053,0.0843,0.0681,7.95,0.1475,0.9705,1.7
"2-3","cat_elig >   0.500 & medical_deductions > 122.000 & unc_rawben_rel_max <=   0.159","ranger",265,0.93962,0.91082,124,115,0.9274,0.0128,0.0061,1.182,0.1475,0.9705,1.7
"2-3","medical_deductions > 128.000 & unc_rawben_rel_max <=   0.157","ranger",265,0.93962,0.91082,123,114,0.9268,0.0127,0.0061,1.173,0.1475,0.9705,1.7
"2-3","cat_elig >  1.500 & elderly_disabled_i <=  0.500 & unc_rawben_rel_max >  0.998 & utilities <= 43.500","ranger",1239,0.92413,0.91081,174,163,0.9368,0.0182,0.0089,1.659,0.1475,0.9705,1.7
"2-3","cat_elig > 0.500 & children_i > 0.500 & months_since_cert_n <= 6.500 & unc_rawben_rel_max > 0.997","ranger",4103,0.91811,0.91079,2056,1877,0.9129,0.2097,0.1646,19.6,0.1475,0.9705,1.7
"2-3","rawben_rel_max >=   0.893 & shelter_expenses_by_hh_size < 370.000 & total_deductions_by_hh_size < 677.000 & utilities < 493.000","xgboost",5175,0.91729,0.91078,2629,2381,0.9057,0.266,0.1995,25.062,0.1475,0.9705,1.7
"2-3","HH_size_n <  3.000 & months_since_cert_n <  3.000 & percent_abawd <  0.333 & total_deductions_by_hh_size < 10.800","xgboost",897,0.92642,0.91076,457,425,0.93,0.0475,0.024,4.357,0.1475,0.9705,1.7
"2-3","cat_elig < 2.0 & children_i < 1.0 & married >= 1.0 & total_deductions_by_hh_size < 2.5","xgboost",383,0.93473,0.91076,269,261,0.9703,0.0292,0.0036,2.564,0.1475,0.9705,1.7
"2-3","medical_deductions <= 140.000 & months_since_cert_n <=   6.500 & unc_rawben_rel_max >   0.997","ranger",5766,0.91693,0.91075,2848,2605,0.9147,0.291,0.2138,27.15,0.1475,0.9705,1.7
"2-3","shelter_expenses_by_hh_size < 242.000 & total_deductions_by_hh_size < 135.000 & unc_rawben_rel_max >=   0.833 & unc_rawben_rel_max <   1.110","xgboost",2326,0.92046,0.91074,1150,1048,0.9113,0.1171,0.0769,10.963,0.1475,0.9705,1.7
"2-3","HH_size_n <  3.0 & total_deductions_by_hh_size < 61.5","xgboost",3492,0.91867,0.91073,1760,1618,0.9193,0.1807,0.0946,16.778,0.1475,0.9705,1.7
"2-3","rawben_rel_max >=   0.74 & shelter_expenses_by_hh_size < 155.00 & total_deductions_by_hh_size < 190.00","xgboost",4287,0.91789,0.91073,2151,1953,0.9079,0.2182,0.148,20.505,0.1475,0.9705,1.7
"2-3","total_deductions_by_hh_size < 40.00 & unc_rawben_rel_max <  1.08 & utilities < 31.00","xgboost",1707,0.92209,0.91073,1033,945,0.9148,0.1056,0.0603,9.847,0.1475,0.9705,1.7
"2-3","HH_size_n <=   2.500 & medical_deductions <= 149.000 & percent_abawd <=   0.833 & rawben_rel_max >   0.997","ranger",4345,0.91784,0.91072,2175,1989,0.9145,0.2222,0.1646,20.734,0.1475,0.9705,1.7
"2-3","medical_deductions > 112.000 & rawben_rel_max <=   0.159","ranger",278,0.93885,0.91072,125,116,0.928,0.013,0.0061,1.192,0.1475,0.9705,1.7
"2-3","rawben_rel_max >=   0.978 & shelter_expenses_by_hh_size < 501.000 & total_deductions_by_hh_size < 412.000 & utilities >= 612.000","xgboost",674,0.92878,0.91072,421,390,0.9264,0.0436,0.0232,4.013,0.1475,0.9705,1.7
"2-3","unc_rawben_rel_max >=   1.01 & unc_rawben_rel_max <   1.55 & utilities < 580.00","xgboost",5787,0.91688,0.91072,2886,2625,0.9096,0.2932,0.2312,27.512,0.1475,0.9705,1.7
"2-3","rawben_rel_max <   0.0436 & total_deductions_by_hh_size < 164.0000","xgboost",447,0.93289,0.9107,3,1,0.3333,1e-04,5e-04,0.029,0.1475,0.9705,1.7
"2-3","medical_deductions <= 149.000 & percent_abawd <=   0.167 & unc_rawben_rel_max >   0.997","ranger",6966,0.91631,0.91069,3441,3129,0.9093,0.3495,0.2756,32.803,0.1475,0.9705,1.7
"2-3","months_since_cert_n <  19.000 & total_deductions_by_hh_size <  65.900 & unc_rawben_rel_max >=   0.636 & utilities < 417.000","xgboost",3888,0.91821,0.91069,1953,1769,0.9058,0.1976,0.1303,18.618,0.1475,0.9705,1.7
"2-3","months_since_cert_n <  23 & total_deductions_by_hh_size <  37 & utilities < 559","xgboost",4844,0.91742,0.91068,2430,2223,0.9148,0.2483,0.1434,23.165,0.1475,0.9705,1.7
"2-3","rawben_rel_max >=   0.222 & shelter_expenses_by_hh_size < 149.000 & total_deductions_by_hh_size <  51.500","xgboost",4074,0.91802,0.91067,2021,1834,0.9075,0.2049,0.1348,19.266,0.1475,0.9705,1.7
"2-3","medical_deductions < 145.000 & percent_abawd <   0.333 & total_deductions_by_hh_size <  56.300","xgboost",5144,0.91719,0.91064,2517,2288,0.909,0.2556,0.1553,23.994,0.1475,0.9705,1.7
"2-3","elderly_disabled_i <= 0.500 & expedited_i <= 0.500 & unc_rawben_rel_max > 0.996 & unc_rawben_rel_max <= 1.550","ranger",5188,0.91712,0.9106,2570,2348,0.9136,0.2623,0.1983,24.5,0.1475,0.9705,1.6
"2-3","count_divisible_by_100 <= 0.500 & married <= 0.500 & rawben_rel_max > 0.997","ranger",6045,0.91663,0.91059,3048,2778,0.9114,0.3103,0.2431,29.056,0.1475,0.9705,1.6
"2-3","months_since_cert_n <=  16.500 & rawben_rel_max >   0.999 & total_deductions_by_hh_size <= 411.000 & unc_rawben_rel_max >   0.997","ranger",6889,0.91624,0.91059,3524,3214,0.912,0.359,0.2737,33.594,0.1475,0.9705,1.6
"2-3","cat_elig > 0.500 & elderly_disabled_i <= 0.500 & months_since_cert_n <= 5.500 & unc_rawben_rel_max > 0.998","ranger",4000,0.918,0.91058,2001,1828,0.9135,0.2042,0.1537,19.075,0.1475,0.9705,1.6
"2-3","cat_elig >   0.5 & medical_deductions <= 537.0 & months_since_cert_n <=   5.5 & total_deductions_by_hh_size <=  22.4","ranger",2487,0.91998,0.91057,1236,1127,0.9118,0.1259,0.0771,11.783,0.1475,0.9705,1.6
"2-3","cat_elig <=   0.5 & months_since_cert_n <=   5.5 & utilities <= 284.0","ranger",1175,0.92426,0.91056,452,419,0.927,0.0468,0.0203,4.309,0.1475,0.9705,1.6
"2-3","shelter_expenses_by_hh_size <= 264.000 & total_deductions_by_hh_size <= 384.000 & unc_rawben_rel_max >   0.988 & utilities >  30.500","ranger",1428,0.92297,0.91055,697,616,0.8838,0.0688,0.0743,6.644,0.1475,0.9705,1.6
"2-3","cat_elig >  0.500 & count_divisible_by_100 <=  0.500 & percent_abawd <=  0.417 & total_deductions_by_hh_size <= 55.300","ranger",3940,0.91802,0.91054,1970,1786,0.9066,0.1995,0.1288,18.78,0.1475,0.9705,1.6
"2-3","expedited_i >  0.500 & percent_abawd <=  1.500 & unc_rawben_rel_max >  0.895 & utilities <= 38.500","ranger",919,0.92601,0.91052,479,449,0.9374,0.0502,0.0222,4.566,0.1475,0.9705,1.6
"2-3","rawben_rel_max <   0.06400 & total_deductions_by_hh_size < 456.00000 & unc_rawben_rel_max <  -0.00871 & utilities >= 473.00000","xgboost",330,0.93636,0.91052,134,123,0.9179,0.0137,0.0086,1.277,0.1475,0.9705,1.6
"2-3","cat_elig > 0.500 & percent_abawd <= 0.167 & rawben_rel_max > 0.996 & unc_rawben_rel_max <= 1.610","ranger",5704,0.91673,0.91051,2866,2601,0.9075,0.2905,0.236,27.321,0.1475,0.9705,1.6
"2-3","elderly_disabled_i <=   0.500 & homeless <=   0.500 & medical_deductions <= 464.000 & rawben_rel_max >   0.996","ranger",6651,0.91625,0.9105,3315,3023,0.9119,0.3377,0.2592,31.602,0.1475,0.9705,1.6
"2-3","medical_deductions <= 11.500 & percent_abawd <=  0.167 & rawben_rel_max >  0.997","ranger",6938,0.91611,0.91048,3427,3116,0.9093,0.3481,0.2743,32.669,0.1475,0.9705,1.6
"2-3","medical_deductions <= 149.000 & months_since_cert_n <=   8.500 & total_deductions_by_hh_size <= 624.000 & unc_rawben_rel_max >   0.996","ranger",6348,0.91635,0.91046,3115,2847,0.914,0.318,0.2372,29.695,0.1475,0.9705,1.6
"2-3","expedited_i >= 1.000 & months_since_cert_n < 4.000 & rawben_rel_max >= 0.902","xgboost",1028,0.9251,0.91045,517,480,0.9284,0.0536,0.0334,4.929,0.1475,0.9705,1.6
"2-3","months_since_cert_n >=  4.0 & shelter_expenses_by_hh_size < 15.0 & total_deductions_by_hh_size < 61.5","xgboost",1713,0.92177,0.91042,856,775,0.9054,0.0866,0.0552,8.16,0.1475,0.9705,1.6
"2-3","elderly_disabled_i >   0.500 & medical_deductions > 104.000 & unc_rawben_rel_max <=   0.154","ranger",277,0.93863,0.9104,123,115,0.935,0.0128,0.0059,1.173,0.1475,0.9705,1.6
"2-3","percent_abawd <   0.5 & shelter_expenses_by_hh_size < 592.0 & total_deductions_by_hh_size <  42.3","xgboost",4898,0.91711,0.9104,2407,2199,0.9136,0.2456,0.1425,22.946,0.1475,0.9705,1.6
"2-3","rawben_rel_max >   0.997 & shelter_expenses_by_hh_size <= 326.000 & utilities > 150.000","ranger",1629,0.92204,0.9104,817,736,0.9009,0.0822,0.0746,7.788,0.1475,0.9705,1.6
"2-3","cat_elig <=   0.5 & HH_size_n <=   2.5 & utilities >  22.0 & utilities <= 130.0","ranger",96,0.95833,0.91038,44,41,0.9318,0.0046,0.0018,0.419,0.1475,0.9705,1.6
"2-3","cat_elig > 0.500 & count_divisible_by_100 <= 0.500 & unc_rawben_rel_max > 0.997 & unc_rawben_rel_max <= 1.550","ranger",5580,0.91667,0.91038,2905,2645,0.9105,0.2955,0.2348,27.693,0.1475,0.9705,1.6
"2-3","cat_elig >   0.5 & shelter_expenses_by_hh_size <= 280.0 & total_deductions_by_hh_size <=  21.9","ranger",3524,0.91827,0.91036,1767,1605,0.9083,0.1793,0.115,16.845,0.1475,0.9705,1.6
"2-3","expedited_i >   0.500 & medical_deductions <= 148.000 & unc_rawben_rel_max >   0.998","ranger",1747,0.92158,0.91034,903,825,0.9136,0.0922,0.0657,8.608,0.1475,0.9705,1.6
"2-3","expedited_i >=   1 & medical_deductions < 175 & unc_rawben_rel_max >=   1","xgboost",1747,0.92158,0.91034,901,823,0.9134,0.0919,0.0657,8.589,0.1475,0.9705,1.6
"2-3","expedited_i >=  1.0 & months_since_cert_n <  8.0 & total_deductions_by_hh_size < 15.5","xgboost",770,0.92727,0.91034,385,361,0.9377,0.0403,0.0185,3.67,0.1475,0.9705,1.6
"2-3","rawben_rel_max >=   0.647 & shelter_expenses_by_hh_size < 145.000 & unc_rawben_rel_max >=   0.706 & utilities < 750.000","xgboost",4280,0.91752,0.91034,2139,1936,0.9051,0.2163,0.1458,20.391,0.1475,0.9705,1.6
"2-3","cat_elig <= 0.500 & expedited_i > 0.500 & percent_abawd <= 0.167 & rawben_rel_max > 0.900","ranger",368,0.93478,0.91028,177,171,0.9661,0.0191,0.004,1.687,0.1475,0.9705,1.6
"2-3","HH_size_n <=   2.500 & rawben_rel_max >   0.996 & shelter_expenses_by_hh_size >  94.600 & shelter_expenses_by_hh_size <= 252.000","ranger",571,0.92995,0.91027,278,245,0.8813,0.0274,0.0302,2.65,0.1475,0.9705,1.6
"2-3","cat_elig > 0.500 & count_divisible_by_100 <= 0.500 & elderly_disabled_i <= 0.500 & unc_rawben_rel_max > 0.997","ranger",5110,0.91683,0.91025,2646,2411,0.9112,0.2693,0.2141,25.224,0.1475,0.9705,1.6
"2-3","count_divisible_by_100 <   1.000 & elderly_disabled_i <   1.000 & rawben_rel_max >=   0.863 & total_deductions_by_hh_size < 261.000","xgboost",5399,0.91665,0.91025,2756,2502,0.9078,0.2795,0.2097,26.273,0.1475,0.9705,1.6
"2-3","elderly_disabled_i <= 0.500 & expedited_i <= 0.500 & percent_abawd <= 1.750 & unc_rawben_rel_max > 0.997","ranger",5201,0.91675,0.91023,2583,2356,0.9121,0.2632,0.2034,24.623,0.1475,0.9705,1.6
"2-3","homeless <= 0.500 & rawben_rel_max > 0.997 & unc_rawben_rel_max <= 1.640","ranger",7252,0.91575,0.91023,3646,3317,0.9098,0.3705,0.2915,34.757,0.1475,0.9705,1.6
"2-3","cat_elig <=  0.5 & expedited_i >  0.5 & total_deductions_by_hh_size <= 66.2 & utilities <= 38.5","ranger",223,0.9417,0.91021,99,96,0.9697,0.0107,0.0019,0.944,0.1475,0.9705,1.6
"2-3","cat_elig >   0.500 & children_i >   0.500 & total_deductions_by_hh_size <= 444.000 & unc_rawben_rel_max >   0.996","ranger",5222,0.9167,0.91019,2679,2427,0.9059,0.2711,0.2299,25.539,0.1475,0.9705,1.6
"2-3","HH_size_n > 2.500 & percent_abawd <= 0.500 & total_deductions_by_hh_size <= 0.217","ranger",1446,0.92254,0.91018,696,628,0.9023,0.0702,0.0512,6.635,0.1475,0.9705,1.6
"2-3","count_divisible_by_100 <= 0.500 & homeless <= 0.500 & married <= 0.500 & unc_rawben_rel_max > 0.997","ranger",5856,0.91633,0.91018,2948,2682,0.9098,0.2996,0.2405,28.103,0.1475,0.9705,1.6
"2-3","total_deductions_by_hh_size <   2.5 & utilities >= 361.0","xgboost",406,0.9335,0.91015,208,196,0.9423,0.0219,0.0068,1.983,0.1475,0.9705,1.6
"2-3","count_divisible_by_100 <  1.000 & months_since_cert_n < 24.000 & rawben_rel_max <  0.766 & total_deductions_by_hh_size <  2.500","xgboost",1097,0.92434,0.91014,567,520,0.9171,0.0581,0.03,5.405,0.1475,0.9705,1.6
"2-3","cat_elig > 0.500 & children_i > 0.500 & percent_abawd <= 0.167 & unc_rawben_rel_max > 0.997","ranger",5184,0.91667,0.91013,2584,2338,0.9048,0.2612,0.2223,24.633,0.1475,0.9705,1.6
"2-3","expedited_i >   0.500 & medical_deductions <= 102.000 & rawben_rel_max >   0.997","ranger",1743,0.9214,0.91013,903,825,0.9136,0.0922,0.0657,8.608,0.1475,0.9705,1.6
"2-3","shelter_expenses_by_hh_size <= 322.000 & unc_rawben_rel_max >   0.997 & utilities >  49.000","ranger",1731,0.92143,0.91012,851,762,0.8954,0.0851,0.0807,8.112,0.1475,0.9705,1.6
"2-3","rawben_rel_max >=   0.902 & total_deductions_by_hh_size < 677.000 & unc_rawben_rel_max <   1.490 & utilities < 361.000","xgboost",4408,0.9172,0.91011,2175,1975,0.908,0.2206,0.1669,20.734,0.1475,0.9705,1.6
"2-3","rawben_rel_max >=  0.815 & shelter_expenses_by_hh_size < 93.500 & unc_rawben_rel_max <  1.080","xgboost",1421,0.92259,0.91011,865,793,0.9168,0.0886,0.0554,8.246,0.1475,0.9705,1.6
"2-3","cat_elig < 1.000 & rawben_rel_max >= 0.872 & unc_rawben_rel_max < 1.740","xgboost",1564,0.92199,0.9101,726,680,0.9366,0.076,0.0294,6.921,0.1475,0.9705,1.6
"2-3","cat_elig >   0.5 & medical_deductions <=  10.5 & shelter_expenses_by_hh_size <= 251.0 & total_deductions_by_hh_size <=  22.4","ranger",3444,0.91812,0.9101,1712,1552,0.9065,0.1734,0.1137,16.32,0.1475,0.9705,1.6
"2-3","elderly_disabled_i <   1.0 & months_since_cert_n <   5.0 & shelter_expenses_by_hh_size < 153.0 & total_deductions_by_hh_size <  65.9","xgboost",2368,0.91976,0.91009,1135,1044,0.9198,0.1166,0.0639,10.82,0.1475,0.9705,1.6
"2-3","cat_elig <= 0.5 & children_i <= 0.5 & elderly_disabled_i <= 0.5 & expedited_i > 0.5","ranger",47,0.97872,0.91008,22,21,0.9545,0.0023,6e-04,0.21,0.1475,0.9705,1.6
"2-3","children_i > 0.500 & homeless <= 0.500 & rawben_rel_max > 0.997","ranger",6356,0.91598,0.91008,3171,2876,0.907,0.3213,0.2669,30.229,0.1475,0.9705,1.6
"2-3","elderly_disabled_i <= 0.500 & expedited_i > 0.500 & unc_rawben_rel_max > 0.997","ranger",1647,0.92168,0.91008,844,775,0.9182,0.0866,0.0579,8.046,0.1475,0.9705,1.6
"2-3","medical_deductions > 104.000 & rawben_rel_max <=   0.151","ranger",276,0.93841,0.91008,121,113,0.9339,0.0126,0.0059,1.153,0.1475,0.9705,1.6
"2-3","HH_size_n <   3.000 & unc_rawben_rel_max >=   0.998 & unc_rawben_rel_max <   1.740 & utilities < 757.000","xgboost",4010,0.91746,0.91002,1962,1798,0.9164,0.2008,0.1458,18.704,0.1475,0.9705,1.6
"2-3","rawben_rel_max >   0.996 & shelter_expenses_by_hh_size > 113.000 & shelter_expenses_by_hh_size <= 251.000 & unc_rawben_rel_max >   0.893","ranger",1240,0.92339,0.91002,624,556,0.891,0.0621,0.0657,5.949,0.1475,0.9705,1.6
"2-3","count_divisible_by_100 <=   0.500 & rawben_rel_max >   0.996 & shelter_expenses_by_hh_size <= 782.000","ranger",6568,0.9158,0.90999,3304,3017,0.9131,0.337,0.2523,31.497,0.1475,0.9705,1.6
"2-3","shelter_expenses_by_hh_size <= 289.000 & total_deductions_by_hh_size <= 452.000 & unc_rawben_rel_max <=   0.132","ranger",328,0.93598,0.90998,181,169,0.9337,0.0189,0.0113,1.725,0.1475,0.9705,1.6
"2-3","cat_elig >   0.5 & shelter_expenses_by_hh_size <= 251.0 & total_deductions_by_hh_size <=  22.4","ranger",3450,0.91797,0.90995,1715,1555,0.9067,0.1737,0.1137,16.349,0.1475,0.9705,1.6
"2-3","medical_deductions <= 1570.000 & percent_abawd <=    0.167 & total_deductions_by_hh_size <=   60.400","ranger",5231,0.91646,0.90995,2561,2327,0.9086,0.2599,0.1575,24.414,0.1475,0.9705,1.6
"2-3","HH_size_n <  3.000 & rawben_rel_max >=  0.753 & unc_rawben_rel_max <  1.510 & utilities < 41.000","xgboost",2352,0.91964,0.90993,1202,1095,0.911,0.1223,0.0822,11.459,0.1475,0.9705,1.6
"2-3","shelter_expenses_by_hh_size >= 15.000 & unc_rawben_rel_max >=  0.976 & unc_rawben_rel_max <  1.300","xgboost",3170,0.9183,0.90993,1656,1515,0.9149,0.1692,0.1135,15.786,0.1475,0.9705,1.6
"2-3","children_i >   0.5 & months_since_cert_n >   4.5 & shelter_expenses_by_hh_size <= 248.0 & total_deductions_by_hh_size <=  29.9","ranger",1382,0.92258,0.90991,687,611,0.8894,0.0683,0.0521,6.549,0.1475,0.9705,1.6
"2-3","elderly_disabled_i <=   0.500 & total_deductions_by_hh_size <= 347.000 & unc_rawben_rel_max >   0.996","ranger",6424,0.91578,0.90991,3217,2935,0.9123,0.3279,0.2489,30.667,0.1475,0.9705,1.6
"2-3","months_since_cert_n <   2.0 & rawben_rel_max >=   0.9 & shelter_expenses_by_hh_size < 404.0 & total_deductions_by_hh_size < 553.0","xgboost",1394,0.92253,0.90991,767,707,0.9218,0.079,0.053,7.312,0.1475,0.9705,1.6
"2-3","months_since_cert_n < 25.00000 & percent_abawd <  0.33300 & shelter_expenses_by_hh_size >= 15.00000 & unc_rawben_rel_max < -0.00871","xgboost",606,0.92904,0.90991,321,297,0.9252,0.0332,0.0241,3.06,0.1475,0.9705,1.6
"2-3","cat_elig >  0.5 & expedited_i <=  0.5 & total_deductions_by_hh_size <= 62.0 & utilities <= 33.5","ranger",2363,0.91959,0.9099,1169,1057,0.9042,0.1181,0.0791,11.144,0.1475,0.9705,1.6
"2-3","elderly_disabled_i <=   0.500 & percent_abawd <=   1.750 & rawben_rel_max >   0.996 & total_deductions_by_hh_size > 348.000","ranger",443,0.93228,0.9099,215,200,0.9302,0.0223,0.0132,2.05,0.1475,0.9705,1.6
"2-3","months_since_cert_n <   4.000 & rawben_rel_max >=   0.389 & shelter_expenses_by_hh_size < 138.000 & utilities < 714.000","xgboost",2398,0.91952,0.9099,1229,1107,0.9007,0.1237,0.0846,11.716,0.1475,0.9705,1.6
"2-3","months_since_cert_n >=   3.0 & total_deductions_by_hh_size <   2.5 & utilities >= 284.0","xgboost",443,0.93228,0.9099,263,247,0.9392,0.0276,0.0119,2.507,0.1475,0.9705,1.6
"2-3","medical_deductions < 123.00 & shelter_expenses_by_hh_size < 409.00 & unc_rawben_rel_max >=   1.12 & utilities >= 445.00","xgboost",949,0.92518,0.90989,420,388,0.9238,0.0433,0.0298,4.004,0.1475,0.9705,1.6
"2-3","rawben_rel_max >   0.973 & shelter_expenses_by_hh_size <= 251.000 & total_deductions_by_hh_size <= 461.000 & utilities >  78.500","ranger",1154,0.92374,0.90988,608,542,0.8914,0.0605,0.062,5.796,0.1475,0.9705,1.6
"2-3","elderly_disabled_i <= 0.500 & expedited_i <= 0.500 & unc_rawben_rel_max > 0.997","ranger",5203,0.91639,0.90986,2584,2357,0.9122,0.2633,0.2034,24.633,0.1475,0.9705,1.6
"2-3","expedited_i <=   0.500 & medical_deductions > 128.000 & rawben_rel_max <=   0.158 & unc_rawben_rel_max <=  -0.180","ranger",125,0.952,0.90986,45,41,0.9111,0.0046,0.0026,0.429,0.1475,0.9705,1.6
"2-3","cat_elig <= 0.500 & count_divisible_by_100 <= 0.500 & elderly_disabled_i > 0.500 & unc_rawben_rel_max <= 0.424","ranger",195,0.94359,0.90985,85,79,0.9294,0.0088,0.0015,0.81,0.1475,0.9705,1.6
"2-3","children_i >=  1.000 & months_since_cert_n < 17.000 & unc_rawben_rel_max >=  0.696 & utilities < 31.000","xgboost",3515,0.91778,0.90983,1758,1593,0.9061,0.1779,0.1174,16.759,0.1475,0.9705,1.6
"2-3","expedited_i > 0.500 & rawben_rel_max > 0.997","ranger",1749,0.9211,0.90983,904,826,0.9137,0.0923,0.0657,8.618,0.1475,0.9705,1.6
"2-3","HH_size_n <=   2.500 & medical_deductions > 122.000 & rawben_rel_max <=   0.158","ranger",262,0.93893,0.90982,123,114,0.9268,0.0127,0.0061,1.173,0.1475,0.9705,1.6
"2-3","medical_deductions <=  17.000 & rawben_rel_max >   0.997 & shelter_expenses_by_hh_size >  95.200 & shelter_expenses_by_hh_size <= 296.000","ranger",1654,0.9214,0.90982,823,738,0.8967,0.0824,0.0779,7.846,0.1475,0.9705,1.6
"2-3","rawben_rel_max <   0.112 & total_deductions_by_hh_size < 208.000 & utilities < 645.000","xgboost",630,0.92857,0.9098,277,260,0.9386,0.029,0.0122,2.641,0.1475,0.9705,1.6
"2-3","months_since_cert_n <   7.000 & total_deductions_by_hh_size < 624.000 & unc_rawben_rel_max >=   0.881 & unc_rawben_rel_max <   1.220","xgboost",5049,0.91642,0.90979,2537,2309,0.9101,0.2579,0.1695,24.185,0.1475,0.9705,1.6
"2-3","cat_elig < 2.000 & rawben_rel_max >= 0.383 & unc_rawben_rel_max >= 0.998","xgboost",4703,0.91665,0.90978,3513,3179,0.9049,0.3551,0.2973,33.489,0.1475,0.9705,1.6
"2-3","count_divisible_by_100 <=   1.500 & medical_deductions <= 149.000 & percent_abawd <=   0.167 & rawben_rel_max >   0.996","ranger",6953,0.91543,0.90978,3426,3118,0.9101,0.3483,0.2704,32.66,0.1475,0.9705,1.6
"2-3","medical_deductions <= 575.000 & percent_abawd <=   0.167 & unc_rawben_rel_max >   0.998","ranger",6974,0.9154,0.90976,3444,3129,0.9085,0.3495,0.2779,32.831,0.1475,0.9705,1.6
"2-3","months_since_cert_n <= 7.500 & rawben_rel_max > 0.997","ranger",6114,0.91577,0.90974,3026,2754,0.9101,0.3076,0.2428,28.847,0.1475,0.9705,1.6
"2-3","children_i >   0.500 & medical_deductions <= 259.000 & months_since_cert_n <=  32.500 & rawben_rel_max >   0.996","ranger",6548,0.91555,0.90972,3256,2961,0.9094,0.3308,0.2662,31.039,0.1475,0.9705,1.6
"2-3","months_since_cert_n >=   3.0 & total_deductions_by_hh_size <   8.3 & utilities < 844.0","xgboost",2802,0.91863,0.90972,1383,1267,0.9161,0.1415,0.0789,13.184,0.1475,0.9705,1.6
"2-3","rawben_rel_max <   0.4340 & total_deductions_by_hh_size < 503.0000 & unc_rawben_rel_max <  -0.0566 & utilities < 770.0000","xgboost",530,0.93019,0.90971,270,251,0.9296,0.028,0.0168,2.574,0.1475,0.9705,1.6
"2-3","months_since_cert_n <  13.000 & total_deductions_by_hh_size <  45.000 & unc_rawben_rel_max >=  -0.497 & utilities < 612.000","xgboost",4802,0.91649,0.90969,2391,2179,0.9113,0.2434,0.1458,22.793,0.1475,0.9705,1.6
"2-3","expedited_i >   0.500 & medical_deductions <= 148.000 & months_since_cert_n <=  10.500 & unc_rawben_rel_max >   0.998","ranger",1687,0.92116,0.90968,858,786,0.9161,0.0878,0.0603,8.179,0.1475,0.9705,1.6
"2-3","medical_deductions <= 152.000 & percent_abawd <=   0.583 & rawben_rel_max >   0.996 & total_deductions_by_hh_size <= 641.000","ranger",7197,0.91524,0.90968,3604,3281,0.9104,0.3665,0.2879,34.357,0.1475,0.9705,1.6
"2-3","months_since_cert_n <   2.000 & percent_abawd <   0.750 & rawben_rel_max >=   0.859 & shelter_expenses_by_hh_size < 122.000","xgboost",801,0.92634,0.90968,445,418,0.9393,0.0467,0.0247,4.242,0.1475,0.9705,1.6
"2-3","months_since_cert_n <=    4.500 & rawben_rel_max >    0.997 & total_deductions_by_hh_size <= 1000.000","ranger",4629,0.91661,0.90968,2278,2081,0.9135,0.2325,0.1738,21.716,0.1475,0.9705,1.6
"2-3","expedited_i >   0.500 & rawben_rel_max >   0.997 & total_deductions_by_hh_size <= 228.000","ranger",1223,0.92314,0.90966,646,596,0.9226,0.0666,0.0436,6.158,0.1475,0.9705,1.6
"2-3","expedited_i <= 0.500 & rawben_rel_max > 0.997 & unc_rawben_rel_max <= 1.550","ranger",5695,0.91589,0.90964,2851,2599,0.9116,0.2903,0.2253,27.178,0.1475,0.9705,1.6
"2-3","months_since_cert_n <=   7.500 & rawben_rel_max >   0.984 & shelter_expenses_by_hh_size <= 280.000 & total_deductions_by_hh_size >  21.900","ranger",1473,0.92193,0.90964,751,672,0.8948,0.0751,0.0688,7.159,0.1475,0.9705,1.6
"2-3","HH_size_n <=   2.500 & rawben_rel_max >   0.999 & shelter_expenses_by_hh_size <= 852.000 & total_deductions_by_hh_size <= 900.000","ranger",4268,0.91682,0.9096,2141,1961,0.9159,0.2191,0.1549,20.41,0.1475,0.9705,1.6
"2-3","cat_elig <  2 & months_since_cert_n <  6 & total_deductions_by_hh_size < 70","xgboost",2565,0.91891,0.90959,1756,1597,0.9095,0.1784,0.1056,16.74,0.1475,0.9705,1.6
"2-3","rawben_rel_max >=   0.942 & shelter_expenses_by_hh_size < 847.000 & unc_rawben_rel_max <   1.450","xgboost",7418,0.91507,0.90959,3767,3417,0.9071,0.3817,0.2942,35.91,0.1475,0.9705,1.6
"2-3","count_divisible_by_100 <=   1.500 & HH_size_n <=   2.500 & total_deductions_by_hh_size <= 799.000 & unc_rawben_rel_max >   0.997","ranger",4451,0.91665,0.90958,2241,2052,0.9157,0.2292,0.1647,21.363,0.1475,0.9705,1.6
"2-3","count_divisible_by_100 <=   0.500 & shelter_expenses_by_hh_size <= 252.000 & unc_rawben_rel_max >   0.997 & utilities >  33.500","ranger",1150,0.92348,0.90957,544,483,0.8879,0.054,0.0577,5.186,0.1475,0.9705,1.6
"2-3","medical_deductions <= 540.000 & months_since_cert_n <=   5.500 & total_deductions_by_hh_size <= 348.000 & unc_rawben_rel_max >   0.989","ranger",4910,0.91629,0.90956,2458,2256,0.9178,0.252,0.1719,23.432,0.1475,0.9705,1.6
"2-3","months_since_cert_n <  21.0000 & rawben_rel_max <   0.0860 & total_deductions_by_hh_size < 248.0000 & unc_rawben_rel_max <   0.0405","xgboost",554,0.9296,0.90956,277,258,0.9314,0.0288,0.0155,2.641,0.1475,0.9705,1.6
"2-3","children_i >=  1 & months_since_cert_n <  7 & shelter_expenses_by_hh_size < 21","xgboost",2750,0.91855,0.90955,1321,1201,0.9092,0.1342,0.0811,12.593,0.1475,0.9705,1.6
"2-3","count_divisible_by_100 <=   0.500 & medical_deductions <= 158.000 & rawben_rel_max >   0.997","ranger",6878,0.91524,0.90955,3479,3168,0.9106,0.3539,0.2769,33.165,0.1475,0.9705,1.6
"2-3","medical_deductions <= 710.000 & percent_abawd <=   1.420 & rawben_rel_max >   0.997 & shelter_expenses_by_hh_size <= 797.000","ranger",7198,0.91512,0.90955,3631,3306,0.9105,0.3693,0.2847,34.614,0.1475,0.9705,1.6
"2-3","children_i >   0.500 & shelter_expenses_by_hh_size > 322.000 & unc_rawben_rel_max >   0.996 & unc_rawben_rel_max <=   1.330","ranger",1269,0.92277,0.90953,637,597,0.9372,0.0667,0.0335,6.072,0.1475,0.9705,1.6
"2-3","rawben_rel_max >= 1.00 & unc_rawben_rel_max < 1.74","xgboost",7469,0.91498,0.90952,3771,3430,0.9096,0.3832,0.3034,35.949,0.1475,0.9705,1.6
"2-3","cat_elig >   0.500 & rawben_rel_max >   0.017 & shelter_expenses_by_hh_size <= 306.000 & total_deductions_by_hh_size <=  21.700","ranger",3595,0.91739,0.90951,1795,1631,0.9086,0.1822,0.1155,17.112,0.1475,0.9705,1.6
"2-3","children_i > 0.500 & rawben_rel_max > 0.996","ranger",6554,0.91532,0.90949,3261,2964,0.9089,0.3311,0.2679,31.087,0.1475,0.9705,1.6
"2-3","expedited_i <=   0.500 & married <=   0.500 & rawben_rel_max >   0.998 & total_deductions_by_hh_size <= 444.000","ranger",4837,0.91627,0.90948,2435,2216,0.9101,0.2475,0.1954,23.213,0.1475,0.9705,1.6
"2-3","months_since_cert_n <= 6.500 & unc_rawben_rel_max > 0.998","ranger",5775,0.91567,0.90946,2853,2604,0.9127,0.2909,0.2207,27.197,0.1475,0.9705,1.6
"2-3","count_divisible_by_100 <=  0.500 & months_since_cert_n <= 18.500 & percent_abawd <=  1.750 & unc_rawben_rel_max >  0.997","ranger",6789,0.91516,0.90943,3464,3150,0.9094,0.3519,0.2815,33.022,0.1475,0.9705,1.6
"2-3","rawben_rel_max <   0.13700 & shelter_expenses_by_hh_size < 900.00000 & unc_rawben_rel_max <  -0.00871 & utilities < 784.00000","xgboost",615,0.92846,0.90942,315,293,0.9302,0.0327,0.0185,3.003,0.1475,0.9705,1.6
"2-3","HH_size_n >   2.50 & total_deductions_by_hh_size > 128.00 & total_deductions_by_hh_size <= 177.00 & unc_rawben_rel_max >   1.01","ranger",287,0.93728,0.90941,129,118,0.9147,0.0132,0.0117,1.23,0.1475,0.9705,1.6
"2-3","cat_elig < 2 & homeless >= 1 & months_since_cert_n >= 1","xgboost",194,0.9433,0.9094,165,152,0.9212,0.017,0.0081,1.573,0.1475,0.9705,1.6
"2-3","shelter_expenses_by_hh_size <= 340.0 & total_deductions_by_hh_size >  69.4 & unc_rawben_rel_max >   1.0","ranger",2045,0.9198,0.90936,1018,918,0.9018,0.1025,0.0888,9.704,0.1475,0.9705,1.6
"2-3","rawben_rel_max >   0.997 & shelter_expenses_by_hh_size >  95.200 & shelter_expenses_by_hh_size <= 296.000","ranger",1657,0.92094,0.90934,825,739,0.8958,0.0826,0.0787,7.865,0.1475,0.9705,1.6
"2-3","cat_elig <   2.0 & rawben_rel_max >=   0.9 & unc_rawben_rel_max <   1.1 & utilities < 478.0","xgboost",1715,0.9207,0.90929,1289,1154,0.8953,0.1289,0.1019,12.288,0.1475,0.9705,1.6
"2-3","cat_elig <= 0.500 & count_divisible_by_100 <= 1.500 & expedited_i > 0.500 & unc_rawben_rel_max > 0.854","ranger",402,0.93284,0.90927,190,185,0.9737,0.0207,0.0024,1.811,0.1475,0.9705,1.6
"2-3","percent_abawd <=   1.670 & rawben_rel_max >   0.996 & total_deductions_by_hh_size <= 534.000","ranger",7322,0.91478,0.90926,3680,3353,0.9111,0.3746,0.2891,35.081,0.1475,0.9705,1.6
"2-3","shelter_expenses_by_hh_size <=  331.000 & total_deductions_by_hh_size <= 1000.000 & unc_rawben_rel_max >    0.997 & utilities >  286.000","ranger",1573,0.92117,0.90926,825,744,0.9018,0.0831,0.0746,7.865,0.1475,0.9705,1.6
"2-3","cat_elig >   0.5 & shelter_expenses_by_hh_size <= 306.0 & total_deductions_by_hh_size <=  21.7","ranger",3596,0.91713,0.90925,1795,1631,0.9086,0.1822,0.1155,17.112,0.1475,0.9705,1.6
"2-3","cat_elig <= 1.500 & rawben_rel_max > 0.996","ranger",4721,0.91612,0.90924,3526,3191,0.905,0.3565,0.2981,33.613,0.1475,0.9705,1.6
"2-3","married <=   0.500 & shelter_expenses_by_hh_size > 330.000 & unc_rawben_rel_max >   0.996 & unc_rawben_rel_max <=   1.340","ranger",1253,0.92259,0.90924,769,707,0.9194,0.079,0.0554,7.331,0.1475,0.9705,1.6
"2-3","HH_size_n <=   2.500 & rawben_rel_max >   0.997 & shelter_expenses_by_hh_size <= 844.000","ranger",4285,0.91645,0.90923,2148,1965,0.9148,0.2195,0.16,20.477,0.1475,0.9705,1.6
"2-3","elderly_disabled_i <= 0.500 & expedited_i > 0.500 & months_since_cert_n <= 7.500 & rawben_rel_max > 0.996","ranger",1419,0.92178,0.90923,696,644,0.9253,0.0719,0.0488,6.635,0.1475,0.9705,1.6
"2-3","percent_abawd <= 0.167 & rawben_rel_max > 0.997","ranger",6990,0.91488,0.90923,3459,3139,0.9075,0.3506,0.2842,32.974,0.1475,0.9705,1.6
"2-3","cat_elig <  3.000 & percent_abawd <  0.667 & total_deductions_by_hh_size < 25.000 & unc_rawben_rel_max <  1.090","xgboost",3168,0.91761,0.90922,1570,1427,0.9089,0.1594,0.0947,14.967,0.1475,0.9705,1.6
"2-3","cat_elig <=   0.500 & months_since_cert_n >   6.500 & rawben_rel_max >   0.996 & total_deductions_by_hh_size <= 440.000","ranger",180,0.94444,0.90922,82,79,0.9634,0.0088,0.0031,0.782,0.1475,0.9705,1.6
"2-3","count_divisible_by_100 <=   0.500 & medical_deductions <= 259.000 & rawben_rel_max >   0.997","ranger",6885,0.91489,0.90919,3480,3168,0.9103,0.3539,0.2771,33.174,0.1475,0.9705,1.6
"2-3","expedited_i >   0.500 & total_deductions_by_hh_size >   0.217 & unc_rawben_rel_max >   0.998 & utilities > 360.000","ranger",687,0.92722,0.90919,386,347,0.899,0.0388,0.0344,3.68,0.1475,0.9705,1.6
"2-3","elderly_disabled_i <= 0.500 & expedited_i <= 0.500 & percent_abawd <= 1.750 & unc_rawben_rel_max > 0.996","ranger",5220,0.91571,0.90917,2585,2357,0.9118,0.2633,0.2041,24.643,0.1475,0.9705,1.6
"2-3","expedited_i >   0.500 & months_since_cert_n <=  32.500 & unc_rawben_rel_max >   0.996 & utilities <= 504.000","ranger",1418,0.92172,0.90917,727,666,0.9161,0.0744,0.0531,6.93,0.1475,0.9705,1.6
"2-3","expedited_i <=   0.500 & HH_size_n <=   2.500 & rawben_rel_max >   0.997 & total_deductions_by_hh_size <= 555.000","ranger",3235,0.91747,0.90915,1611,1482,0.9199,0.1655,0.1175,15.357,0.1475,0.9705,1.6
"2-3","medical_deductions <= 1570.000 & months_since_cert_n <=    5.500 & rawben_rel_max >    0.997","ranger",5390,0.91558,0.90914,2673,2440,0.9128,0.2726,0.2057,25.481,0.1475,0.9705,1.6
"2-3","elderly_disabled_i <   1.000 & rawben_rel_max >=   0.913 & shelter_expenses_by_hh_size < 986.000 & utilities < 385.000","xgboost",4509,0.91617,0.90913,2266,2057,0.9078,0.2298,0.1808,21.602,0.1475,0.9705,1.6
"2-3","children_i < 1.0000 & rawben_rel_max >= 0.0479 & rawben_rel_max < 0.1530","xgboost",273,0.93773,0.90911,114,105,0.9211,0.0117,0.0068,1.087,0.1475,0.9705,1.6
"2-3","married <=   0.500 & months_since_cert_n <=  32.500 & rawben_rel_max >   0.998 & total_deductions_by_hh_size <= 690.000","ranger",6572,0.91494,0.90911,3317,3019,0.9102,0.3372,0.2607,31.621,0.1475,0.9705,1.6
"2-3","months_since_cert_n >   5.500 & rawben_rel_max >   0.997 & shelter_expenses_by_hh_size <= 535.000 & total_deductions_by_hh_size <= 523.000","ranger",1770,0.92034,0.9091,915,817,0.8929,0.0913,0.0896,8.723,0.1475,0.9705,1.6
"2-3","total_deductions_by_hh_size <  42.3000 & unc_rawben_rel_max >=   0.0106 & utilities < 452.0000","xgboost",4748,0.91596,0.9091,2379,2170,0.9121,0.2424,0.1441,22.679,0.1475,0.9705,1.6
"2-3","percent_abawd <=   1.420 & total_deductions_by_hh_size <= 564.000 & unc_rawben_rel_max >   0.996","ranger",7365,0.9146,0.90909,3692,3363,0.9109,0.3757,0.2911,35.195,0.1475,0.9705,1.6
"2-3","expedited_i >  0.500 & months_since_cert_n <= 32.500 & unc_rawben_rel_max >  0.996","ranger",1746,0.92039,0.90907,903,825,0.9136,0.0922,0.0657,8.608,0.1475,0.9705,1.6
"2-3","HH_size_n <   3.0 & months_since_cert_n <   9.0 & shelter_expenses_by_hh_size < 253.0 & total_deductions_by_hh_size <  81.5","xgboost",2573,0.91838,0.90906,1283,1169,0.9111,0.1306,0.0767,12.231,0.1475,0.9705,1.6
"2-3","count_divisible_by_100 <=  0.5 & expedited_i >  0.5 & total_deductions_by_hh_size <= 23.0","ranger",880,0.925,0.90906,454,428,0.9427,0.0478,0.0183,4.328,0.1475,0.9705,1.6
"2-3","months_since_cert_n <   8 & rawben_rel_max >=   1 & utilities < 892","xgboost",5909,0.91521,0.90906,2855,2598,0.91,0.2902,0.2253,27.216,0.1475,0.9705,1.6
"2-3","count_divisible_by_100 <=   0.500 & HH_size_n <=   2.500 & medical_deductions <= 128.000 & rawben_rel_max >   0.997","ranger",4126,0.91638,0.90902,2078,1912,0.9201,0.2136,0.1489,19.809,0.1475,0.9705,1.6
"2-3","married <=   0.500 & rawben_rel_max >   0.998 & total_deductions_by_hh_size <= 690.000","ranger",6576,0.91484,0.90901,3321,3023,0.9103,0.3377,0.2607,31.659,0.1475,0.9705,1.6
"2-3","HH_size_n <=   2.500 & married <=   0.500 & medical_deductions <= 340.000 & unc_rawben_rel_max >   0.997","ranger",3942,0.91654,0.909,1973,1805,0.9149,0.2016,0.1473,18.808,0.1475,0.9705,1.6
"2-3","HH_size_n <=   2.500 & shelter_expenses_by_hh_size <= 856.000 & unc_rawben_rel_max >   0.997","ranger",4297,0.91622,0.909,2153,1969,0.9145,0.22,0.1612,20.524,0.1475,0.9705,1.6
"2-3","rawben_rel_max >=   0.762 & shelter_expenses_by_hh_size < 592.000 & utilities <  28.000","xgboost",3747,0.91673,0.909,1893,1727,0.9123,0.1929,0.1234,18.046,0.1475,0.9705,1.6
"2-3","cat_elig >   0.500 & HH_size_n <=   2.500 & rawben_rel_max >   0.888 & utilities <= 112.000","ranger",1838,0.92002,0.90899,956,869,0.909,0.0971,0.0753,9.113,0.1475,0.9705,1.6
"2-3","HH_size_n <=   2.500 & total_deductions_by_hh_size <= 799.000 & unc_rawben_rel_max >   0.997","ranger",4479,0.91605,0.90898,2250,2060,0.9156,0.2301,0.1658,21.449,0.1475,0.9705,1.6
"2-3","months_since_cert_n >=   1.000 & months_since_cert_n <   9.000 & rawben_rel_max >=   0.967 & total_deductions_by_hh_size < 352.000","xgboost",5460,0.91538,0.90898,2658,2426,0.9127,0.271,0.1948,25.338,0.1475,0.9705,1.6
"2-3","HH_size_n >=  3 & total_deductions_by_hh_size < 54 & utilities < 80","xgboost",1568,0.92092,0.90897,774,697,0.9005,0.0779,0.0552,7.378,0.1475,0.9705,1.6
"2-3","months_since_cert_n >=   8.00 & shelter_expenses_by_hh_size < 857.00 & unc_rawben_rel_max >=   1.00 & unc_rawben_rel_max <   1.18","xgboost",843,0.92527,0.90897,474,443,0.9346,0.0495,0.0285,4.519,0.1475,0.9705,1.6
"2-3","HH_size_n <=  2.500 & months_since_cert_n <= 12.500 & unc_rawben_rel_max >  0.997","ranger",4398,0.9161,0.90896,2216,2031,0.9165,0.2269,0.1623,21.125,0.1475,0.9705,1.6
"2-3","children_i >=  1.000 & months_since_cert_n <  2.000 & rawben_rel_max >=  0.316 & shelter_expenses_by_hh_size < 93.500","xgboost",867,0.92503,0.90896,486,443,0.9115,0.0495,0.0305,4.633,0.1475,0.9705,1.6
"2-3","count_divisible_by_100 <=   0.500 & homeless <=   0.500 & medical_deductions <= 149.000 & rawben_rel_max >   0.997","ranger",6663,0.91475,0.90896,3361,3055,0.909,0.3413,0.274,32.04,0.1475,0.9705,1.6
"2-3","cat_elig < 2.00 & months_since_cert_n < 6.00 & unc_rawben_rel_max >= 1.11 & unc_rawben_rel_max < 1.12","xgboost",673,0.92719,0.90895,518,486,0.9382,0.0543,0.0252,4.938,0.1475,0.9705,1.6
"2-3","HH_size_n <  3.0 & months_since_cert_n <  1.0 & percent_abawd <  0.5 & total_deductions_by_hh_size < 85.0","xgboost",337,0.93472,0.90894,157,145,0.9236,0.0162,0.011,1.497,0.1475,0.9705,1.6
"2-3","cat_elig > 0.500 & elderly_disabled_i <= 0.500 & rawben_rel_max > 0.997 & unc_rawben_rel_max <= 1.740","ranger",5628,0.91525,0.90894,2894,2624,0.9067,0.2931,0.2407,27.588,0.1475,0.9705,1.6
"2-3","children_i >= 1.000 & months_since_cert_n < 5.000 & unc_rawben_rel_max >= 0.894 & unc_rawben_rel_max < 1.420","xgboost",4442,0.91603,0.90893,2145,1951,0.9096,0.2179,0.1612,20.448,0.1475,0.9705,1.6
"2-3","count_divisible_by_100 <=   1.500 & HH_size_n <=   2.500 & total_deductions_by_hh_size <= 348.000 & unc_rawben_rel_max >   0.974","ranger",3893,0.91652,0.90893,1945,1786,0.9183,0.1995,0.1359,18.541,0.1475,0.9705,1.6
"2-3","homeless >  0.5 & months_since_cert_n >  4.5 & months_since_cert_n <=  8.5 & utilities > 22.0","ranger",27,1,0.90891,15,13,0.8667,0.0015,9e-04,0.143,0.1475,0.9705,1.6
"2-3","married >   0.500 & shelter_expenses_by_hh_size <= 251.000 & unc_rawben_rel_max >   0.998 & utilities > 471.000","ranger",27,1,0.90891,7,6,0.8571,7e-04,0.0015,0.067,0.1475,0.9705,1.6
"2-3","medical_deductions <= 451.000 & months_since_cert_n <=   5.500 & rawben_rel_max >   0.972 & total_deductions_by_hh_size <= 345.000","ranger",5023,0.91559,0.90891,2520,2310,0.9167,0.258,0.1778,24.023,0.1475,0.9705,1.6
"2-3","shelter_expenses_by_hh_size <= 331.000 & total_deductions_by_hh_size <= 472.000 & unc_rawben_rel_max <=   0.129","ranger",413,0.9322,0.90891,207,195,0.942,0.0218,0.0109,1.973,0.1475,0.9705,1.6
"2-3","total_deductions_by_hh_size <  56.300 & unc_rawben_rel_max >=  -0.497 & utilities < 450.000","xgboost",5080,0.91555,0.90891,2584,2348,0.9087,0.2623,0.1616,24.633,0.1475,0.9705,1.6
"2-3","HH_size_n <  3.0 & months_since_cert_n >=  3.0 & total_deductions_by_hh_size < 10.8","xgboost",1859,0.91985,0.90887,908,840,0.9251,0.0938,0.0445,8.656,0.1475,0.9705,1.6
"2-3","cat_elig <   2 & shelter_expenses_by_hh_size < 153 & total_deductions_by_hh_size < 271 & utilities <  38","xgboost",2602,0.91814,0.90886,1940,1741,0.8974,0.1945,0.1333,18.494,0.1475,0.9705,1.6
"2-3","expedited_i <=   0.500 & percent_abawd <=   0.167 & total_deductions_by_hh_size <= 103.000 & utilities <=  53.000","ranger",3201,0.91721,0.90884,1605,1436,0.8947,0.1604,0.1135,15.3,0.1475,0.9705,1.6
"2-3","cat_elig >= 1.000 & elderly_disabled_i < 1.000 & unc_rawben_rel_max >= 0.998 & unc_rawben_rel_max < 1.740","xgboost",5621,0.91514,0.90882,2886,2616,0.9064,0.2922,0.2407,27.512,0.1475,0.9705,1.6
"2-3","count_divisible_by_100 <=   1.500 & rawben_rel_max >   0.996 & shelter_expenses_by_hh_size <= 322.000 & total_deductions_by_hh_size >  62.200","ranger",1928,0.91961,0.90882,959,864,0.9009,0.0965,0.084,9.142,0.1475,0.9705,1.6
"2-3","homeless <=   0.500 & rawben_rel_max >   0.996 & total_deductions_by_hh_size <= 468.000","ranger",6992,0.91447,0.90881,3509,3193,0.9099,0.3567,0.28,33.451,0.1475,0.9705,1.6
"2-3","medical_deductions < 211.000 & months_since_cert_n <  11.000 & rawben_rel_max >=   0.817 & shelter_expenses_by_hh_size < 276.000","xgboost",5245,0.91535,0.90881,2624,2371,0.9036,0.2649,0.2026,25.014,0.1475,0.9705,1.6
"2-3","medical_deductions <= 149.000 & percent_abawd <=   0.833 & rawben_rel_max >   0.997","ranger",7365,0.91432,0.90881,3718,3370,0.9064,0.3765,0.3095,35.443,0.1475,0.9705,1.6
"2-3","cat_elig <=   2.500 & count_divisible_by_100 <=   0.500 & medical_deductions > 122.000 & unc_rawben_rel_max <=   0.158","ranger",259,0.93822,0.9088,117,110,0.9402,0.0123,0.0043,1.115,0.1475,0.9705,1.6
"2-3","HH_size_n <=   2.500 & homeless <=   0.500 & rawben_rel_max >   0.997 & shelter_expenses_by_hh_size <= 844.000","ranger",4127,0.91616,0.90879,2056,1877,0.9129,0.2097,0.1574,19.6,0.1475,0.9705,1.6
"2-3","shelter_expenses_by_hh_size < 583.0000 & total_deductions_by_hh_size < 503.0000 & unc_rawben_rel_max <   0.0106 & utilities < 612.0000","xgboost",450,0.93111,0.90878,224,207,0.9241,0.0231,0.0131,2.135,0.1475,0.9705,1.6
"2-3","medical_deductions > 296.000 & rawben_rel_max <=   0.998 & unc_rawben_rel_max <=   0.231","ranger",109,0.95413,0.90876,46,45,0.9783,0.005,0.0013,0.439,0.1475,0.9705,1.6
"2-3","total_deductions_by_hh_size <= 564.000 & unc_rawben_rel_max >   0.996","ranger",7371,0.91426,0.90874,3698,3369,0.911,0.3763,0.2911,35.253,0.1475,0.9705,1.6
"2-3","unc_rawben_rel_max >=   0.97 & unc_rawben_rel_max <   1.49 & utilities < 875.00","xgboost",7224,0.91431,0.90874,3752,3408,0.9083,0.3807,0.2917,35.767,0.1475,0.9705,1.6
"2-3","HH_size_n < 3.000 & rawben_rel_max >= 0.916 & unc_rawben_rel_max >= 0.793 & unc_rawben_rel_max < 1.280","xgboost",3770,0.91645,0.90873,1957,1797,0.9182,0.2007,0.1191,18.656,0.1475,0.9705,1.6
"2-3","expedited_i >   0.500 & rawben_rel_max >   0.979 & total_deductions_by_hh_size <= 434.000","ranger",1716,0.92016,0.90873,894,822,0.9195,0.0918,0.0594,8.522,0.1475,0.9705,1.6
"2-3","months_since_cert_n >=  3 & total_deductions_by_hh_size < 23","xgboost",3059,0.91729,0.90873,1502,1369,0.9115,0.1529,0.0904,14.318,0.1475,0.9705,1.6
"2-3","cat_elig < 2.000 & months_since_cert_n < 2.000 & rawben_rel_max >= 0.383 & unc_rawben_rel_max >= 0.998","xgboost",1056,0.9233,0.90872,833,770,0.9244,0.086,0.0607,7.941,0.1475,0.9705,1.6
"2-3","expedited_i >   0.500 & percent_abawd <=   0.167 & total_deductions_by_hh_size <= 446.000 & unc_rawben_rel_max >   0.903","ranger",1657,0.92034,0.9087,867,797,0.9193,0.089,0.0583,8.265,0.1475,0.9705,1.6
"2-3","rawben_rel_max >=   0.466 & shelter_expenses_by_hh_size <  15.000 & utilities < 287.000","xgboost",3597,0.9166,0.9087,1806,1641,0.9086,0.1833,0.1138,17.216,0.1475,0.9705,1.6
"2-3","HH_size_n >=   3.0 & shelter_expenses_by_hh_size < 271.0 & total_deductions_by_hh_size <  10.8 & utilities < 385.0","xgboost",1481,0.921,0.90869,719,650,0.904,0.0726,0.0498,6.854,0.1475,0.9705,1.6
"2-3","rawben_rel_max >=   0.967 & shelter_expenses_by_hh_size < 314.000 & utilities >= 361.000 & utilities < 600.000","xgboost",1008,0.92361,0.90869,544,489,0.8989,0.0546,0.0517,5.186,0.1475,0.9705,1.6
"2-3","homeless <= 0.500 & months_since_cert_n <= 6.500 & unc_rawben_rel_max > 0.997","ranger",5599,0.91498,0.90865,2767,2523,0.9118,0.2818,0.2179,26.378,0.1475,0.9705,1.6
"2-3","cat_elig <   2 & married <   1 & shelter_expenses_by_hh_size < 153 & utilities <  44","xgboost",2411,0.91829,0.90864,1800,1605,0.8917,0.1793,0.1327,17.159,0.1475,0.9705,1.6
"2-3","cat_elig <  2.000 & rawben_rel_max >=  0.269 & shelter_expenses_by_hh_size < 12.300","xgboost",2226,0.91869,0.90864,1656,1493,0.9016,0.1668,0.1105,15.786,0.1475,0.9705,1.6
"2-3","medical_deductions <= 149.000 & rawben_rel_max >   0.997 & total_deductions_by_hh_size <= 827.000","ranger",7498,0.91411,0.90864,3790,3441,0.9079,0.3844,0.3075,36.13,0.1475,0.9705,1.6
"2-3","cat_elig >   0.5 & medical_deductions <= 112.0 & total_deductions_by_hh_size <=  62.0 & utilities <= 114.0","ranger",3365,0.91679,0.90862,1684,1519,0.902,0.1697,0.1161,16.053,0.1475,0.9705,1.6
"2-3","percent_abawd <=  0.583 & total_deductions_by_hh_size <= 59.600","ranger",5437,0.91503,0.9086,2714,2464,0.9079,0.2752,0.1692,25.872,0.1475,0.9705,1.6
"2-3","months_since_cert_n >   4.500 & months_since_cert_n <=   6.500 & rawben_rel_max >   0.996 & total_deductions_by_hh_size <= 467.000","ranger",1090,0.92294,0.90858,540,498,0.9222,0.0556,0.0362,5.148,0.1475,0.9705,1.6
"2-3","cat_elig > 0.500 & elderly_disabled_i <= 0.500 & HH_size_n <= 2.500 & unc_rawben_rel_max > 0.997","ranger",3283,0.91684,0.90857,1675,1536,0.917,0.1716,0.1221,15.968,0.1475,0.9705,1.6
"2-3","count_divisible_by_100 <= 0.500 & married > 0.500 & total_deductions_by_hh_size <= 0.217","ranger",658,0.92705,0.90857,337,325,0.9644,0.0363,0.0063,3.213,0.1475,0.9705,1.6
"2-3","months_since_cert_n >=   1.00 & months_since_cert_n <  16.00 & total_deductions_by_hh_size < 533.00 & unc_rawben_rel_max >=   1.01","xgboost",6340,0.91451,0.90856,3162,2878,0.9102,0.3215,0.2479,30.143,0.1475,0.9705,1.6
"2-3","cat_elig <=   1.500 & rawben_rel_max >   0.928 & shelter_expenses_by_hh_size <= 252.000 & total_deductions_by_hh_size > 112.000","ranger",851,0.92479,0.90854,624,552,0.8846,0.0617,0.0647,5.949,0.1475,0.9705,1.6
"2-3","expedited_i <=   0.500 & medical_deductions > 140.000 & total_deductions_by_hh_size <= 388.000 & unc_rawben_rel_max <=   0.163","ranger",165,0.94545,0.90854,73,70,0.9589,0.0078,0.0027,0.696,0.1475,0.9705,1.6
"2-3","medical_deductions < 123.0 & shelter_expenses_by_hh_size <  93.5 & total_deductions_by_hh_size < 122.0 & utilities < 136.0","xgboost",4150,0.9159,0.90854,2090,1886,0.9024,0.2107,0.1379,19.924,0.1475,0.9705,1.6
"2-3","medical_deductions > 122.000 & medical_deductions <= 296.000 & rawben_rel_max <=   0.157 & shelter_expenses_by_hh_size <= 518.000","ranger",94,0.95745,0.90854,42,39,0.9286,0.0044,0.0017,0.4,0.1475,0.9705,1.6
"2-3","HH_size_n <= 2.500 & married <= 0.500 & unc_rawben_rel_max > 0.997","ranger",3944,0.91608,0.90852,1976,1807,0.9145,0.2019,0.1481,18.837,0.1475,0.9705,1.6
"2-3","cat_elig <   2.0 & months_since_cert_n <  12.0 & shelter_expenses_by_hh_size < 155.0 & total_deductions_by_hh_size <  81.5","xgboost",2661,0.9177,0.90851,1936,1747,0.9024,0.1952,0.1284,18.456,0.1475,0.9705,1.6
"2-3","cat_elig <   1 & HH_size_n <   3 & married >=   1 & utilities < 229","xgboost",63,0.96825,0.9085,28,27,0.9643,0.003,9e-04,0.267,0.1475,0.9705,1.6
"2-3","cat_elig <= 0.5 & children_i <= 0.5 & expedited_i > 0.5","ranger",63,0.96825,0.9085,37,34,0.9189,0.0038,0.0017,0.353,0.1475,0.9705,1.6
"2-3","cat_elig <= 0.500 & HH_size_n <= 2.500 & unc_rawben_rel_max <= 0.247","ranger",63,0.96825,0.9085,27,27,1,0.003,0,0.257,0.1475,0.9705,1.6
"2-3","count_divisible_by_100 <=   1.500 & HH_size_n <=   2.500 & medical_deductions <= 159.000 & rawben_rel_max >   0.997","ranger",4499,0.91554,0.90846,2260,2068,0.915,0.231,0.1676,21.544,0.1475,0.9705,1.6
"2-3","medical_deductions <= 442.000 & months_since_cert_n <=  32.500 & total_deductions_by_hh_size <= 829.000 & unc_rawben_rel_max >   0.997","ranger",7505,0.91392,0.90845,3792,3442,0.9077,0.3845,0.3077,36.149,0.1475,0.9705,1.6
"2-3","count_divisible_by_100 <= 0.500 & percent_abawd <= 1.750 & unc_rawben_rel_max > 0.997","ranger",6896,0.91415,0.90844,3495,3176,0.9087,0.3548,0.2855,33.317,0.1475,0.9705,1.6
"2-3","count_divisible_by_100 <= 1.500 & married <= 0.500 & rawben_rel_max > 0.997","ranger",6614,0.91427,0.90844,3341,3036,0.9087,0.3391,0.2678,31.849,0.1475,0.9705,1.6
"2-3","count_divisible_by_100 >= 1.00 & HH_size_n < 3.00 & rawben_rel_max >= 1.00 & unc_rawben_rel_max < 1.11","xgboost",123,0.95122,0.90844,60,57,0.95,0.0064,0.0012,0.572,0.1475,0.9705,1.6
"2-3","months_since_cert_n <   5 & shelter_expenses_by_hh_size < 447 & total_deductions_by_hh_size <  54","xgboost",3141,0.91691,0.90844,1513,1383,0.9141,0.1545,0.0893,14.423,0.1475,0.9705,1.6
"2-3","count_divisible_by_100 <=   1.500 & expedited_i <=   0.500 & rawben_rel_max >   0.997 & total_deductions_by_hh_size <= 526.000","ranger",5540,0.9148,0.90843,2767,2517,0.9096,0.2812,0.2244,26.378,0.1475,0.9705,1.6
"2-3","HH_size_n <   3 & total_deductions_by_hh_size < 837 & unc_rawben_rel_max >=   1","xgboost",4474,0.91551,0.90842,2249,2059,0.9155,0.23,0.1643,21.439,0.1475,0.9705,1.6
"2-3","cat_elig <  2.000 & months_since_cert_n < 20.000 & total_deductions_by_hh_size <  2.500 & unc_rawben_rel_max <  0.998","xgboost",1052,0.923,0.90837,720,653,0.9069,0.0729,0.0397,6.864,0.1475,0.9705,1.6
"2-3","medical_deductions <= 575.000 & percent_abawd <=   0.167 & rawben_rel_max >   0.996","ranger",7012,0.914,0.90834,3457,3141,0.9086,0.3509,0.2786,32.955,0.1475,0.9705,1.6
"2-3","months_since_cert_n >   1.500 & percent_abawd <=   1.750 & total_deductions_by_hh_size <= 534.000 & unc_rawben_rel_max >   0.997","ranger",5659,0.91465,0.90834,2789,2527,0.9061,0.2823,0.2286,26.587,0.1475,0.9705,1.6
"2-3","cat_elig <= 0.500 & elderly_disabled_i > 0.500 & unc_rawben_rel_max <= 0.424","ranger",205,0.94146,0.90831,92,85,0.9239,0.0095,0.0017,0.877,0.1475,0.9705,1.6
"2-3","cat_elig >   1.500 & percent_abawd <=   0.167 & rawben_rel_max >   0.884 & shelter_expenses_by_hh_size <= 280.000","ranger",1836,0.91939,0.90831,244,217,0.8893,0.0242,0.0247,2.326,0.1475,0.9705,1.6
"2-3","count_divisible_by_100 <=   0.500 & married >   0.500 & medical_deductions > 122.000 & rawben_rel_max <=   0.158","ranger",205,0.94146,0.90831,101,95,0.9406,0.0106,0.0037,0.963,0.1475,0.9705,1.6
"2-3","homeless > 0.500 & months_since_cert_n > 0.500 & rawben_rel_max > 0.997 & unc_rawben_rel_max <= 1.640","ranger",205,0.94146,0.90831,111,106,0.955,0.0118,0.0029,1.058,0.1475,0.9705,1.6
"2-3","married <=   0.500 & medical_deductions <= 159.000 & rawben_rel_max >   0.997","ranger",6649,0.91412,0.9083,3353,3047,0.9087,0.3404,0.2702,31.964,0.1475,0.9705,1.6
"2-3","rawben_rel_max >=   0.993 & shelter_expenses_by_hh_size < 392.000 & unc_rawben_rel_max >=   0.422 & unc_rawben_rel_max <   1.040","xgboost",534,0.92884,0.90829,271,246,0.9077,0.0275,0.0188,2.583,0.1475,0.9705,1.6
"2-3","medical_deductions <= 442.000 & total_deductions_by_hh_size <= 829.000 & unc_rawben_rel_max >   0.997","ranger",7512,0.91374,0.90826,3798,3448,0.9078,0.3852,0.3077,36.206,0.1475,0.9705,1.6
"2-3","shelter_expenses_by_hh_size < 300.0 & total_deductions_by_hh_size <  56.3","xgboost",5123,0.91489,0.90826,2558,2316,0.9054,0.2587,0.1658,24.385,0.1475,0.9705,1.6
"2-3","cat_elig >  1.500 & rawben_rel_max >  0.884 & utilities <= 30.500","ranger",1392,0.92098,0.90825,196,182,0.9286,0.0203,0.0104,1.868,0.1475,0.9705,1.6
"2-3","months_since_cert_n <  4.000 & rawben_rel_max >=  0.257 & shelter_expenses_by_hh_size < 27.500 & unc_rawben_rel_max <  1.190","xgboost",2020,0.91881,0.90825,1007,913,0.9067,0.102,0.0634,9.6,0.1475,0.9705,1.6
"2-3","cat_elig <=  0.500 & percent_abawd >  0.167 & total_deductions_by_hh_size <= 31.200","ranger",46,0.97826,0.90824,34,33,0.9706,0.0037,4e-04,0.324,0.1475,0.9705,1.6
"2-3","cat_elig >   1.500 & unc_rawben_rel_max >   0.996 & utilities <= 140.000","ranger",1380,0.92101,0.90823,187,173,0.9251,0.0193,0.012,1.783,0.1475,0.9705,1.6
"2-3","expedited_i <=   0.500 & medical_deductions <= 144.000 & percent_abawd <=   0.583 & total_deductions_by_hh_size <=  56.300","ranger",4408,0.91538,0.90823,2181,1973,0.9046,0.2204,0.1395,20.791,0.1475,0.9705,1.6
"2-3","medical_deductions <= 575.000 & months_since_cert_n <=  23.500 & percent_abawd <=   0.167 & rawben_rel_max >   0.996","ranger",6970,0.91392,0.90823,3444,3130,0.9088,0.3496,0.2774,32.831,0.1475,0.9705,1.6
"2-3","shelter_expenses_by_hh_size < 194.00 & total_deductions_by_hh_size <  48.40 & unc_rawben_rel_max <   1.12","xgboost",4306,0.91547,0.90823,2157,1957,0.9073,0.2186,0.1399,20.562,0.1475,0.9705,1.6
"2-3","expedited_i >= 1.000 & total_deductions_by_hh_size >= 2.500 & unc_rawben_rel_max >= 0.998 & unc_rawben_rel_max < 1.360","xgboost",728,0.92582,0.90822,389,353,0.9075,0.0394,0.0339,3.708,0.1475,0.9705,1.6
"2-3","married <= 0.500 & percent_abawd <= 1.250 & unc_rawben_rel_max > 0.997","ranger",6653,0.91402,0.9082,3356,3046,0.9076,0.3403,0.2738,31.992,0.1475,0.9705,1.6
"2-3","count_divisible_by_100 <=   0.500 & medical_deductions <= 112.000 & rawben_rel_max >   0.996","ranger",6877,0.91392,0.90819,3469,3159,0.9106,0.3529,0.2757,33.07,0.1475,0.9705,1.6
"2-3","married <=   0.500 & medical_deductions <= 201.000 & rawben_rel_max >   0.997","ranger",6652,0.91401,0.90819,3353,3047,0.9087,0.3404,0.2702,31.964,0.1475,0.9705,1.6
"2-3","count_divisible_by_100 <= 0.500 & rawben_rel_max > 0.997","ranger",6898,0.91389,0.90817,3496,3177,0.9088,0.3549,0.2855,33.327,0.1475,0.9705,1.6
"2-3","percent_abawd <   0.333 & rawben_rel_max >=   0.847 & shelter_expenses_by_hh_size < 362.000","xgboost",5919,0.91434,0.90817,2934,2658,0.9059,0.2969,0.2212,27.969,0.1475,0.9705,1.6
"2-3","HH_size_n <= 2.500 & homeless <= 0.500 & married <= 0.500 & rawben_rel_max > 0.997","ranger",3803,0.91586,0.90815,1897,1731,0.9125,0.1934,0.1457,18.084,0.1475,0.9705,1.6
"2-3","cat_elig <   1 & total_deductions_by_hh_size < 652 & utilities < 287","xgboost",1425,0.9207,0.90811,548,508,0.927,0.0567,0.0239,5.224,0.1475,0.9705,1.6
"2-3","count_divisible_by_100 <=   1.500 & total_deductions_by_hh_size <= 348.000 & unc_rawben_rel_max >   0.974","ranger",6950,0.91381,0.90811,3523,3209,0.9109,0.3585,0.2689,33.584,0.1475,0.9705,1.6
"2-3","months_since_cert_n < 10.0000 & percent_abawd <  0.3330 & rawben_rel_max <  0.0436","xgboost",594,0.92761,0.90811,8,7,0.875,8e-04,3e-04,0.076,0.1475,0.9705,1.6
"2-3","HH_size_n >  2.5 & married <=  0.5 & months_since_cert_n <=  5.5 & total_deductions_by_hh_size <= 30.3","ranger",1143,0.92213,0.90808,538,484,0.8996,0.0541,0.0381,5.129,0.1475,0.9705,1.6
"2-3","children_i >   0.500 & percent_abawd <=   0.167 & shelter_expenses_by_hh_size <= 252.000 & utilities <=  38.500","ranger",3936,0.91565,0.90807,1987,1777,0.8943,0.1985,0.1404,18.942,0.1475,0.9705,1.6
"2-3","elderly_disabled_i <  1.0 & expedited_i <  1.0 & total_deductions_by_hh_size < 42.3","xgboost",2717,0.91719,0.90807,1317,1196,0.9081,0.1336,0.0858,12.555,0.1475,0.9705,1.6
"2-3","expedited_i <=   0.500 & HH_size_n <=   2.500 & rawben_rel_max >   0.997 & total_deductions_by_hh_size <= 618.000","ranger",3288,0.91636,0.90807,1639,1507,0.9195,0.1683,0.1209,15.624,0.1475,0.9705,1.6
"2-3","expedited_i >=   1.000 & rawben_rel_max >=   0.505 & unc_rawben_rel_max >=   1.030 & utilities < 612.000","xgboost",1471,0.92046,0.90807,748,687,0.9184,0.0767,0.0513,7.131,0.1475,0.9705,1.6
"2-3","count_divisible_by_100 < 1.000 & unc_rawben_rel_max >= 0.998","xgboost",6890,0.91379,0.90806,3486,3167,0.9085,0.3538,0.2855,33.232,0.1475,0.9705,1.6
"2-3","medical_deductions <   5.000 & rawben_rel_max >=   0.896 & unc_rawben_rel_max <   1.210 & utilities < 912.000","xgboost",6215,0.91408,0.90805,3079,2792,0.9068,0.3119,0.2194,29.352,0.1475,0.9705,1.6
"2-3","expedited_i <= 0.500 & months_since_cert_n <= 5.500 & percent_abawd <= 0.167 & unc_rawben_rel_max > 1.000","ranger",3730,0.91582,0.90803,1796,1631,0.9081,0.1822,0.1447,17.121,0.1475,0.9705,1.6
"2-3","children_i >=  1.0 & months_since_cert_n >=  2.0 & months_since_cert_n <  3.0 & shelter_expenses_by_hh_size < 93.5","xgboost",569,0.92794,0.90801,234,215,0.9188,0.024,0.0114,2.231,0.1475,0.9705,1.6
"2-3","cat_elig <   1 & months_since_cert_n <   6 & total_deductions_by_hh_size < 105","xgboost",1024,0.92285,0.90799,493,458,0.929,0.0512,0.02,4.7,0.1475,0.9705,1.6
"2-3","cat_elig <   1 & utilities < 284","xgboost",1423,0.92059,0.90799,548,508,0.927,0.0567,0.0239,5.224,0.1475,0.9705,1.6
"2-3","children_i > 0.500 & expedited_i <= 0.500 & percent_abawd <= 0.167 & rawben_rel_max > 0.996","ranger",4859,0.9148,0.90798,2329,2113,0.9073,0.236,0.1952,22.202,0.1475,0.9705,1.6
"2-3","count_divisible_by_100 <= 0.500 & total_deductions_by_hh_size > 1.050 & unc_rawben_rel_max > 0.997 & unc_rawben_rel_max <= 1.500","ranger",3999,0.91548,0.90796,2174,1971,0.9066,0.2202,0.1835,20.724,0.1475,0.9705,1.6
"2-3","homeless <=   0.500 & medical_deductions <= 149.000 & rawben_rel_max >   0.997 & total_deductions_by_hh_size <= 827.000","ranger",7274,0.91353,0.90795,3667,3323,0.9062,0.3712,0.3047,34.957,0.1475,0.9705,1.6
"2-3","count_divisible_by_100 <   2.000 & unc_rawben_rel_max >=   0.965 & utilities < 361.000","xgboost",4134,0.91534,0.90794,2006,1832,0.9133,0.2046,0.1459,19.123,0.1475,0.9705,1.6
"2-3","months_since_cert_n <= 1.500 & percent_abawd <= 1.750 & unc_rawben_rel_max > 0.997","ranger",1678,0.91955,0.90794,905,836,0.9238,0.0934,0.0642,8.627,0.1475,0.9705,1.6
"2-3","count_divisible_by_100 <= 0.500 & rawben_rel_max > 0.999 & unc_rawben_rel_max > 0.997","ranger",6880,0.91366,0.90793,3482,3164,0.9087,0.3534,0.2838,33.194,0.1475,0.9705,1.6
"2-3","months_since_cert_n <=  32.500 & total_deductions_by_hh_size <= 862.000 & unc_rawben_rel_max >   0.997","ranger",7519,0.91342,0.90793,3797,3445,0.9073,0.3848,0.3106,36.196,0.1475,0.9705,1.6
"2-3","children_i >  0.5 & total_deductions_by_hh_size <= 62.0","ranger",4348,0.91513,0.90792,2117,1909,0.9017,0.2132,0.1381,20.181,0.1475,0.9705,1.6
"2-3","months_since_cert_n >   5.500 & rawben_rel_max >   0.997 & shelter_expenses_by_hh_size <= 535.000","ranger",1782,0.91919,0.90792,923,824,0.8927,0.092,0.0904,8.799,0.1475,0.9705,1.6
"2-3","rawben_rel_max >=  0.122 & total_deductions_by_hh_size < 56.300 & unc_rawben_rel_max >=  0.409","xgboost",4461,0.91504,0.90792,2257,2031,0.8999,0.2269,0.1568,21.516,0.1475,0.9705,1.6
"2-3","cat_elig < 1.000 & children_i >= 1.000 & rawben_rel_max >= 0.882","xgboost",1340,0.9209,0.9079,626,586,0.9361,0.0655,0.0266,5.968,0.1475,0.9705,1.6
"2-3","medical_deductions <= 152.000 & rawben_rel_max >   0.996 & total_deductions_by_hh_size <= 641.000","ranger",7436,0.91339,0.90788,3734,3400,0.9106,0.3798,0.2969,35.596,0.1475,0.9705,1.6
"2-3","months_since_cert_n >   5.500 & shelter_expenses_by_hh_size > 280.000 & total_deductions_by_hh_size <= 303.000 & unc_rawben_rel_max <=  -0.028","ranger",204,0.94118,0.90787,105,100,0.9524,0.0112,0.0039,1.001,0.1475,0.9705,1.6
"2-3","cat_elig > 0.500 & unc_rawben_rel_max > 0.997 & unc_rawben_rel_max <= 1.550","ranger",6155,0.91389,0.90783,3179,2882,0.9066,0.3219,0.2646,30.305,0.1475,0.9705,1.6
"2-3","count_divisible_by_100 <=   1.500 & medical_deductions <= 122.000 & percent_abawd <=   0.833 & unc_rawben_rel_max >   0.996","ranger",7331,0.91338,0.90782,3689,3347,0.9073,0.3739,0.3024,35.167,0.1475,0.9705,1.6
"2-3","count_divisible_by_100 <=   1.500 & medical_deductions <= 158.000 & months_since_cert_n <=  32.000 & unc_rawben_rel_max >   0.997","ranger",7510,0.91332,0.90782,3794,3444,0.9077,0.3847,0.3075,36.168,0.1475,0.9705,1.6
"2-3","elderly_disabled_i <  1.000 & rawben_rel_max >=  0.294 & total_deductions_by_hh_size < 56.300","xgboost",3710,0.91563,0.90782,1827,1660,0.9086,0.1854,0.118,17.417,0.1475,0.9705,1.6
"2-3","expedited_i <= 0.500 & unc_rawben_rel_max > 0.996 & unc_rawben_rel_max <= 1.550","ranger",5728,0.91411,0.90782,2854,2601,0.9114,0.2905,0.2261,27.207,0.1475,0.9705,1.6
"2-3","children_i >   0.5 & months_since_cert_n >   0.5 & shelter_expenses_by_hh_size <= 252.0 & utilities <=  38.5","ranger",3664,0.91567,0.9078,1843,1650,0.8953,0.1843,0.1275,17.569,0.1475,0.9705,1.6
"2-3","rawben_rel_max >=   0.682 & shelter_expenses_by_hh_size < 230.000 & utilities <  70.000","xgboost",4071,0.91525,0.9078,2035,1840,0.9042,0.2055,0.1378,19.399,0.1475,0.9705,1.6
"2-3","shelter_expenses_by_hh_size < 583.00 & unc_rawben_rel_max >=   1.01 & utilities >= 580.00","xgboost",1010,0.92277,0.9078,513,469,0.9142,0.0524,0.0343,4.89,0.1475,0.9705,1.6
"2-3","elderly_disabled_i >   0.500 & HH_size_n <=   2.500 & medical_deductions > 104.000 & unc_rawben_rel_max <=   0.154","ranger",269,0.9368,0.90778,122,114,0.9344,0.0127,0.0059,1.163,0.1475,0.9705,1.6
"2-3","expedited_i >  0.5 & married <=  0.5 & total_deductions_by_hh_size <= 30.9 & utilities <= 49.0","ranger",832,0.92428,0.90778,405,377,0.9309,0.0421,0.0221,3.861,0.1475,0.9705,1.6
"2-3","homeless > 0.500 & months_since_cert_n > 0.500 & rawben_rel_max > 0.918","ranger",217,0.94009,0.90778,121,115,0.9504,0.0128,0.0031,1.153,0.1475,0.9705,1.6
"2-3","married <= 0.500 & unc_rawben_rel_max > 0.997","ranger",6656,0.91361,0.90778,3360,3050,0.9077,0.3407,0.2738,32.031,0.1475,0.9705,1.6
"2-3","HH_size_n <=   2.500 & medical_deductions <= 148.000 & rawben_rel_max >   0.999","ranger",4510,0.91486,0.90777,2264,2072,0.9152,0.2315,0.167,21.582,0.1475,0.9705,1.6
"2-3","total_deductions_by_hh_size < 210.000 & unc_rawben_rel_max >=   0.824 & unc_rawben_rel_max <   1.150","xgboost",4589,0.9148,0.90777,2431,2213,0.9103,0.2472,0.1635,23.174,0.1475,0.9705,1.6
"2-3","rawben_rel_max >   0.997 & total_deductions_by_hh_size <= 862.000","ranger",7526,0.91323,0.90775,3803,3451,0.9074,0.3855,0.3106,36.254,0.1475,0.9705,1.6
"2-3","rawben_rel_max >=   0.900 & unc_rawben_rel_max >=   0.881 & unc_rawben_rel_max <   1.330 & utilities < 850.000","xgboost",6888,0.91347,0.90774,3438,3109,0.9043,0.3473,0.2584,32.774,0.1475,0.9705,1.6
"2-3","shelter_expenses_by_hh_size >= 222.0 & total_deductions_by_hh_size >=  34.5 & total_deductions_by_hh_size <  65.9 & utilities < 511.0","xgboost",230,0.93913,0.90774,103,91,0.8835,0.0102,0.0066,0.982,0.1475,0.9705,1.6
"2-3","cat_elig >   0.500 & children_i >   0.500 & medical_deductions <= 329.000 & unc_rawben_rel_max >   0.997","ranger",5408,0.9142,0.90773,2760,2491,0.9025,0.2783,0.246,26.311,0.1475,0.9705,1.6
"2-3","cat_elig >  0.5 & count_divisible_by_100 <=  0.5 & elderly_disabled_i <=  0.5 & total_deductions_by_hh_size <= 62.0","ranger",2821,0.9167,0.90773,1416,1284,0.9068,0.1434,0.0955,13.499,0.1475,0.9705,1.6
"2-3","cat_elig > 0.500 & elderly_disabled_i <= 0.500 & unc_rawben_rel_max > 0.997","ranger",5644,0.91407,0.90773,2900,2628,0.9062,0.2936,0.2432,27.645,0.1475,0.9705,1.6
"2-3","children_i >   0.5 & expedited_i >   0.5 & shelter_expenses_by_hh_size <= 441.0 & utilities <=  28.5","ranger",879,0.92378,0.90772,446,416,0.9327,0.0465,0.0201,4.252,0.1475,0.9705,1.6
"2-3","cat_elig <   1.00000 & total_deductions_by_hh_size < 103.00000 & unc_rawben_rel_max >=  -0.00871 & unc_rawben_rel_max <   1.49000","xgboost",1267,0.92107,0.9077,615,572,0.9301,0.0639,0.0238,5.863,0.1475,0.9705,1.6
"2-3","cat_elig < 1.000 & months_since_cert_n < 3.000 & rawben_rel_max < 0.423","xgboost",136,0.94853,0.9077,64,60,0.9375,0.0067,0.003,0.61,0.1475,0.9705,1.6
"2-3","cat_elig <=   1.500 & shelter_expenses_by_hh_size >  94.600 & shelter_expenses_by_hh_size <= 252.000 & unc_rawben_rel_max >   0.912","ranger",997,0.92277,0.90769,718,635,0.8844,0.0709,0.0725,6.845,0.1475,0.9705,1.6
"2-3","expedited_i <=   0.500 & months_since_cert_n <=   5.500 & rawben_rel_max >   0.997 & total_deductions_by_hh_size <= 468.000","ranger",3863,0.91535,0.90769,1918,1751,0.9129,0.1956,0.1414,18.284,0.1475,0.9705,1.6
"2-3","total_deductions_by_hh_size <= 348.000 & unc_rawben_rel_max >   0.974","ranger",6985,0.91339,0.90769,3540,3221,0.9099,0.3598,0.2747,33.746,0.1475,0.9705,1.6
"2-3","HH_size_n <=   2.500 & medical_deductions <= 159.000 & rawben_rel_max >   0.997","ranger",4528,0.91475,0.90768,2269,2076,0.9149,0.2319,0.1686,21.63,0.1475,0.9705,1.6
"2-3","cat_elig >  0.500 & children_i >  0.500 & months_since_cert_n <= 32.000 & unc_rawben_rel_max >  0.997","ranger",5405,0.91415,0.90768,2759,2488,0.9018,0.2779,0.2477,26.301,0.1475,0.9705,1.6
"2-3","elderly_disabled_i >   0.500 & rawben_rel_max <=   0.997 & shelter_expenses_by_hh_size <= 852.000 & unc_rawben_rel_max <=   0.151","ranger",926,0.92333,0.90768,440,406,0.9227,0.0454,0.0223,4.194,0.1475,0.9705,1.6
"2-3","medical_deductions < 111.00 & rawben_rel_max >=   0.97 & shelter_expenses_by_hh_size < 579.00 & unc_rawben_rel_max <   1.74","xgboost",6850,0.91343,0.90768,3485,3177,0.9116,0.3549,0.2619,33.222,0.1475,0.9705,1.6
"2-3","medical_deductions < 5.000 & total_deductions_by_hh_size >= 2.500 & unc_rawben_rel_max >= 0.998 & unc_rawben_rel_max < 1.490","xgboost",4472,0.9148,0.90768,2432,2201,0.905,0.2459,0.2093,23.184,0.1475,0.9705,1.6
"2-3","rawben_rel_max >   0.997 & total_deductions_by_hh_size <= 197.000 & utilities >  47.500","ranger",843,0.92408,0.90768,429,377,0.8788,0.0421,0.0487,4.09,0.1475,0.9705,1.6
"2-3","children_i >=   1.000 & rawben_rel_max >=   0.933 & unc_rawben_rel_max <   1.510 & utilities < 680.000","xgboost",6324,0.91366,0.90767,3171,2870,0.9051,0.3206,0.2648,30.229,0.1475,0.9705,1.6
"2-3","married <= 0.500 & rawben_rel_max > 0.998","ranger",6648,0.91351,0.90767,3351,3041,0.9075,0.3397,0.2738,31.945,0.1475,0.9705,1.6
"2-3","HH_size_n <=   2.500 & medical_deductions <= 138.000 & unc_rawben_rel_max >   0.997","ranger",4516,0.91475,0.90766,2266,2073,0.9148,0.2316,0.1686,21.602,0.1475,0.9705,1.6
"2-3","percent_abawd <   0.667 & unc_rawben_rel_max >=   0.998 & utilities < 912.000","xgboost",7173,0.91329,0.90766,3494,3161,0.9047,0.3531,0.2957,33.308,0.1475,0.9705,1.6
"2-3","expedited_i >  0.500 & medical_deductions <= 26.500 & percent_abawd <=  0.833 & total_deductions_by_hh_size <= 26.800","ranger",902,0.9235,0.90765,472,443,0.9386,0.0495,0.0224,4.5,0.1475,0.9705,1.6
"2-3","months_since_cert_n <= 8.500 & unc_rawben_rel_max > 0.996","ranger",6490,0.91356,0.90765,3195,2903,0.9086,0.3243,0.2604,30.458,0.1475,0.9705,1.6
"2-3","HH_size_n > 2.500 & total_deductions_by_hh_size <= 0.217","ranger",1464,0.92008,0.90763,711,642,0.903,0.0717,0.0515,6.778,0.1475,0.9705,1.6
"2-3","medical_deductions <=  149.000 & total_deductions_by_hh_size <= 1230.000 & unc_rawben_rel_max >    0.997","ranger",7548,0.91309,0.90761,3813,3458,0.9069,0.3863,0.3135,36.349,0.1475,0.9705,1.6
"2-3","HH_size_n >   2.50 & medical_deductions <= 128.00 & shelter_expenses_by_hh_size <= 295.00 & total_deductions_by_hh_size <=   2.83","ranger",1475,0.92,0.9076,713,644,0.9032,0.0719,0.0515,6.797,0.1475,0.9705,1.6
"2-3","cat_elig <=    0.5 & medical_deductions <= 2570.0 & shelter_expenses_by_hh_size <=  221.0 & utilities <=  330.0","ranger",1254,0.92105,0.9076,604,549,0.9089,0.0613,0.0323,5.758,0.1475,0.9705,1.6
"2-3","HH_size_n <=   2.500 & shelter_expenses_by_hh_size <= 307.000 & unc_rawben_rel_max >   0.432 & utilities <=  30.500","ranger",2509,0.9171,0.90759,1298,1170,0.9014,0.1307,0.0942,12.374,0.1475,0.9705,1.6
"2-3","cat_elig <=   0.500 & children_i <=   0.500 & rawben_rel_max >   0.914 & total_deductions_by_hh_size > 223.000","ranger",93,0.95699,0.90759,35,32,0.9143,0.0036,0.001,0.334,0.1475,0.9705,1.6
"2-3","children_i >   0.500 & expedited_i <=   0.500 & medical_deductions <= 209.000 & unc_rawben_rel_max >   0.997","ranger",5007,0.91432,0.90759,2470,2238,0.9061,0.25,0.2123,23.546,0.1475,0.9705,1.6
"2-3","count_divisible_by_100 <  1 & months_since_cert_n <  7 & shelter_expenses_by_hh_size < 25","xgboost",2987,0.9163,0.90759,1449,1318,0.9096,0.1472,0.0911,13.813,0.1475,0.9705,1.6
"2-3","elderly_disabled_i < 1.00 & HH_size_n < 3.00 & rawben_rel_max >= 0.92","xgboost",4400,0.91477,0.90759,2226,2040,0.9164,0.2279,0.1577,21.22,0.1475,0.9705,1.6
"2-3","expedited_i <   1.0 & months_since_cert_n >=   4.0 & shelter_expenses_by_hh_size < 300.0 & total_deductions_by_hh_size <  13.3","xgboost",1810,0.91878,0.90759,896,817,0.9118,0.0913,0.0558,8.541,0.1475,0.9705,1.6
"2-3","percent_abawd <  0.33300 & unc_rawben_rel_max < -0.00871","xgboost",663,0.92609,0.90759,344,316,0.9186,0.0353,0.0265,3.279,0.1475,0.9705,1.6
"2-3","rawben_rel_max >   0.996 & total_deductions_by_hh_size > 298.000 & unc_rawben_rel_max <=   1.490 & utilities >  49.500","ranger",1556,0.91967,0.90759,929,855,0.9203,0.0955,0.0654,8.856,0.1475,0.9705,1.6
"2-3","cat_elig >=  2.000 & percent_abawd <  0.667 & total_deductions_by_hh_size <  8.300 & utilities < 42.000","xgboost",1277,0.92091,0.90758,175,160,0.9143,0.0179,0.0117,1.668,0.1475,0.9705,1.6
"2-3","children_i >   0.5 & count_divisible_by_100 <=   0.5 & shelter_expenses_by_hh_size <= 278.0 & utilities <=  38.5","ranger",3768,0.91534,0.90758,1930,1729,0.8959,0.1931,0.1368,18.398,0.1475,0.9705,1.6
"2-3","elderly_disabled_i <=   0.500 & rawben_rel_max >   0.996 & total_deductions_by_hh_size > 348.000","ranger",444,0.93018,0.90757,216,201,0.9306,0.0225,0.0132,2.059,0.1475,0.9705,1.6
"2-3","months_since_cert_n <=   5.500 & percent_abawd <=   0.583 & shelter_expenses_by_hh_size <= 182.000 & utilities <=  51.500","ranger",3270,0.9159,0.90757,1637,1469,0.8974,0.1641,0.1138,15.605,0.1475,0.9705,1.6
"2-3","count_divisible_by_100 <= 0.500 & homeless <= 0.500 & rawben_rel_max > 0.997","ranger",6685,0.91339,0.90756,3379,3065,0.9071,0.3424,0.2826,32.212,0.1475,0.9705,1.6
"2-3","months_since_cert_n < 19.000 & total_deductions_by_hh_size < 65.900 & unc_rawben_rel_max >=  0.636","xgboost",3948,0.91515,0.90756,1982,1796,0.9062,0.2006,0.1311,18.894,0.1475,0.9705,1.6
"2-3","HH_size_n <=   2.500 & months_since_cert_n >   1.500 & total_deductions_by_hh_size <= 378.000 & unc_rawben_rel_max >   0.999","ranger",3020,0.91623,0.90755,1482,1352,0.9123,0.151,0.1112,14.128,0.1475,0.9705,1.6
"2-3","cat_elig > 0.500 & children_i > 0.500 & rawben_rel_max > 0.997","ranger",5409,0.91403,0.90755,2762,2491,0.9019,0.2783,0.2477,26.33,0.1475,0.9705,1.6
"2-3","months_since_cert_n >=   1.00 & unc_rawben_rel_max >=   1.15 & unc_rawben_rel_max <   1.35 & utilities >= 452.00","xgboost",901,0.92342,0.90754,470,424,0.9021,0.0474,0.0452,4.48,0.1475,0.9705,1.6
"2-3","expedited_i <=   0.500 & homeless <=   0.500 & rawben_rel_max >   0.997 & total_deductions_by_hh_size <= 468.000","ranger",5362,0.91402,0.90752,2676,2430,0.9081,0.2714,0.2213,25.51,0.1475,0.9705,1.6
"2-3","HH_size_n <=  2.5 & months_since_cert_n <= 36.5 & total_deductions_by_hh_size <= 78.9","ranger",3775,0.91523,0.90747,1898,1733,0.9131,0.1936,0.1053,18.093,0.1475,0.9705,1.6
"2-3","total_deductions_by_hh_size < 56.300 & unc_rawben_rel_max >=  0.394","xgboost",4495,0.91457,0.90746,2274,2045,0.8993,0.2284,0.1596,21.678,0.1475,0.9705,1.6
"2-3","HH_size_n <=   2.500 & medical_deductions > 104.000 & rawben_rel_max <=   0.151","ranger",268,0.93657,0.90745,120,112,0.9333,0.0125,0.0059,1.144,0.1475,0.9705,1.6
"2-3","months_since_cert_n <   3.000 & rawben_rel_max >=   0.704 & shelter_expenses_by_hh_size < 248.000 & utilities < 502.000","xgboost",2037,0.91802,0.90745,1035,947,0.915,0.1058,0.0667,9.867,0.1475,0.9705,1.6
"2-3","percent_abawd <   0.750 & shelter_expenses_by_hh_size >= 511.000 & unc_rawben_rel_max >=   0.998 & unc_rawben_rel_max <   1.290","xgboost",674,0.92582,0.90745,347,326,0.9395,0.0364,0.0186,3.308,0.1475,0.9705,1.6
"2-3","cat_elig <=   0.500 & percent_abawd <=   0.833 & total_deductions_by_hh_size >  52.200 & utilities > 630.000","ranger",163,0.94479,0.90744,75,73,0.9733,0.0082,6e-04,0.715,0.1475,0.9705,1.6
"2-3","cat_elig > 0.500 & children_i > 0.500 & unc_rawben_rel_max > 0.998","ranger",5402,0.91392,0.90743,2754,2483,0.9016,0.2774,0.2477,26.254,0.1475,0.9705,1.6
"2-3","medical_deductions <   5.000 & rawben_rel_max <   0.342 & total_deductions_by_hh_size <   2.500 & utilities < 580.000","xgboost",553,0.92767,0.90739,271,262,0.9668,0.0293,0.0051,2.583,0.1475,0.9705,1.6
"2-3","months_since_cert_n >=  5.000 & rawben_rel_max >=  0.667 & shelter_expenses_by_hh_size < 15.000","xgboost",1239,0.9209,0.90735,625,563,0.9008,0.0629,0.044,5.958,0.1475,0.9705,1.6
"2-3","medical_deductions < 133.000 & rawben_rel_max >=   0.214 & shelter_expenses_by_hh_size < 986.000 & unc_rawben_rel_max >=   1.000","xgboost",7359,0.9129,0.90734,3720,3373,0.9067,0.3768,0.3051,35.462,0.1475,0.9705,1.6
"2-3","percent_abawd <= 0.833 & unc_rawben_rel_max > 0.998","ranger",7382,0.9129,0.90734,3727,3371,0.9045,0.3766,0.3181,35.529,0.1475,0.9705,1.6
"2-3","total_deductions_by_hh_size < 68.000 & unc_rawben_rel_max >=  0.663","xgboost",3938,0.91493,0.90733,1976,1794,0.9079,0.2004,0.1275,18.837,0.1475,0.9705,1.6
"2-3","children_i >  0.5 & shelter_expenses_by_hh_size <= 94.6","ranger",3915,0.91494,0.90732,1938,1737,0.8963,0.194,0.1343,18.475,0.1475,0.9705,1.6
"2-3","months_since_cert_n <= 11.500 & unc_rawben_rel_max >  0.997","ranger",7301,0.91289,0.90731,3694,3355,0.9082,0.3748,0.302,35.214,0.1475,0.9705,1.6
"2-3","elderly_disabled_i > 0.500 & months_since_cert_n <= 4.500 & rawben_rel_max <= 0.128","ranger",356,0.93258,0.9073,157,142,0.9045,0.0159,0.0096,1.497,0.1475,0.9705,1.6
"2-3","percent_abawd <   0.3330 & rawben_rel_max <   0.2880 & total_deductions_by_hh_size < 588.0000 & unc_rawben_rel_max <   0.0405","xgboost",792,0.92424,0.90729,394,357,0.9061,0.0399,0.0318,3.756,0.1475,0.9705,1.6
"2-3","cat_elig <    1.000 & rawben_rel_max >=    0.743 & unc_rawben_rel_max <    1.350 & utilities < 1010.000","xgboost",1666,0.91897,0.90728,813,753,0.9262,0.0841,0.0364,7.75,0.1475,0.9705,1.6
"2-3","shelter_expenses_by_hh_size < 583.0000 & total_deductions_by_hh_size < 503.0000 & unc_rawben_rel_max <   0.0106","xgboost",528,0.92803,0.90727,280,259,0.925,0.0289,0.0163,2.669,0.1475,0.9705,1.6
"2-3","HH_size_n <   3.000 & unc_rawben_rel_max >=   0.998 & unc_rawben_rel_max <   1.740 & utilities >= 757.000","xgboost",467,0.92934,0.90726,281,262,0.9324,0.0293,0.016,2.679,0.1475,0.9705,1.6
"2-3","expedited_i > 0.500 & months_since_cert_n <= 4.500 & unc_rawben_rel_max > 0.942","ranger",1226,0.92088,0.90725,615,569,0.9252,0.0636,0.0434,5.863,0.1475,0.9705,1.6
"2-3","HH_size_n >   2.500 & rawben_rel_max >   0.997 & total_deductions_by_hh_size <= 197.000 & utilities >  49.000","ranger",540,0.92778,0.90724,269,240,0.8922,0.0268,0.0304,2.564,0.1475,0.9705,1.6
"2-3","rawben_rel_max >   0.904 & shelter_expenses_by_hh_size > 207.000 & shelter_expenses_by_hh_size <= 276.000","ranger",732,0.92486,0.90722,360,320,0.8889,0.0357,0.0353,3.432,0.1475,0.9705,1.6
"2-3","percent_abawd > 0.167 & unc_rawben_rel_max > 0.996 & unc_rawben_rel_max <= 1.110","ranger",149,0.94631,0.90721,105,97,0.9238,0.0108,0.0045,1.001,0.1475,0.9705,1.6
"2-3","count_divisible_by_100 <  1.000 & months_since_cert_n < 27.000 & total_deductions_by_hh_size <  2.500 & unc_rawben_rel_max <  0.726","xgboost",1062,0.92185,0.9072,546,500,0.9158,0.0559,0.0296,5.205,0.1475,0.9705,1.6
"2-3","count_divisible_by_100 <=   1.500 & percent_abawd <=   1.750 & rawben_rel_max >   0.996 & total_deductions_by_hh_size <= 829.000","ranger",7501,0.91268,0.90717,3783,3436,0.9083,0.3838,0.3034,36.063,0.1475,0.9705,1.6
"2-3","months_since_cert_n < 3.000 & rawben_rel_max >= 0.647 & unc_rawben_rel_max >= 1.010","xgboost",2702,0.91636,0.90717,1368,1253,0.9159,0.14,0.1027,13.041,0.1475,0.9705,1.6
"2-3","rawben_rel_max >   0.972 & shelter_expenses_by_hh_size >  64.000 & shelter_expenses_by_hh_size <= 251.000","ranger",1422,0.91983,0.90717,744,663,0.8911,0.0741,0.0725,7.092,0.1475,0.9705,1.6
"2-3","expedited_i >  0.5 & total_deductions_by_hh_size <= 30.9 & utilities <= 49.0","ranger",909,0.92299,0.90716,462,433,0.9372,0.0484,0.0223,4.404,0.1475,0.9705,1.6
"2-3","homeless <  1.00 & rawben_rel_max >=  0.49 & shelter_expenses_by_hh_size < 33.50","xgboost",3616,0.9151,0.90716,1791,1618,0.9034,0.1807,0.1208,17.073,0.1475,0.9705,1.6
"2-3","cat_elig > 0.500 & cat_elig <= 2.500 & children_i > 0.500 & unc_rawben_rel_max > 0.997","ranger",5296,0.91371,0.90715,2762,2491,0.9019,0.2783,0.2477,26.33,0.1475,0.9705,1.6
"2-3","rawben_rel_max >=   0.954 & shelter_expenses_by_hh_size < 428.000 & utilities >= 524.000 & utilities < 956.000","xgboost",850,0.92353,0.90715,438,401,0.9155,0.0448,0.0291,4.175,0.1475,0.9705,1.6
"2-3","expedited_i <=   0.500 & medical_deductions <= 104.000 & percent_abawd <=   0.583 & total_deductions_by_hh_size <=  62.200","ranger",4524,0.91424,0.90714,2232,2020,0.905,0.2256,0.1413,21.277,0.1475,0.9705,1.6
"2-3","medical_deductions <= 122.000 & percent_abawd <=   0.833 & unc_rawben_rel_max >   0.996","ranger",7376,0.91269,0.90713,3708,3361,0.9064,0.3754,0.3083,35.348,0.1475,0.9705,1.6
"2-3","medical_deductions > 300.0000 & rawben_rel_max >   0.0167 & unc_rawben_rel_max <=   0.1920","ranger",107,0.95327,0.90711,43,42,0.9767,0.0047,0.0013,0.41,0.1475,0.9705,1.6
"2-3","cat_elig >= 2.0 & percent_abawd < 0.5 & total_deductions_by_hh_size < 2.5","xgboost",1444,0.91967,0.9071,183,167,0.9126,0.0187,0.0115,1.745,0.1475,0.9705,1.6
"2-3","medical_deductions <= 146.000 & rawben_rel_max >   0.997","ranger",7560,0.91257,0.90707,3818,3463,0.907,0.3868,0.3135,36.397,0.1475,0.9705,1.6
"2-3","children_i >   0.5 & HH_size_n <=   2.5 & medical_deductions <= 122.0 & unc_rawben_rel_max >   0.9","ranger",4128,0.91449,0.90705,2061,1880,0.9122,0.21,0.1591,19.647,0.1475,0.9705,1.6
"2-3","months_since_cert_n >  7.500 & total_deductions_by_hh_size <= 31.200 & unc_rawben_rel_max >  0.817","ranger",575,0.92696,0.90704,300,279,0.93,0.0312,0.0176,2.86,0.1475,0.9705,1.6
"2-3","cat_elig <=   0.5 & expedited_i <=   0.5 & shelter_expenses_by_hh_size <= 222.0 & total_deductions_by_hh_size <= 430.0","ranger",1165,0.92103,0.90703,598,532,0.8896,0.0594,0.0381,5.701,0.1475,0.9705,1.6
"2-3","cat_elig <=   0.5 & children_i <=   0.5 & HH_size_n <=   2.5 & total_deductions_by_hh_size <= 803.0","ranger",478,0.92887,0.90702,252,225,0.8929,0.0251,0.0137,2.402,0.1475,0.9705,1.6
"2-3","homeless <=   0.500 & medical_deductions <= 442.000 & months_since_cert_n <=  11.500 & rawben_rel_max >   0.998","ranger",7068,0.91271,0.90702,3561,3231,0.9073,0.3609,0.2941,33.947,0.1475,0.9705,1.6
"2-3","total_deductions_by_hh_size < 68.000 & unc_rawben_rel_max >=  0.663 & unc_rawben_rel_max <  1.120","xgboost",3835,0.91473,0.90702,1929,1752,0.9082,0.1957,0.1221,18.389,0.1475,0.9705,1.6
"2-3","HH_size_n >=  3.0 & homeless <  1.0 & shelter_expenses_by_hh_size < 21.0 & total_deductions_by_hh_size < 51.5","xgboost",1327,0.92012,0.90701,642,579,0.9019,0.0647,0.0485,6.12,0.1475,0.9705,1.6
"2-3","homeless <   1.000 & rawben_rel_max >=   0.242 & unc_rawben_rel_max >=   0.998 & utilities < 703.000","xgboost",6379,0.913,0.90701,3182,2878,0.9045,0.3215,0.2747,30.334,0.1475,0.9705,1.6
"2-3","cat_elig > 0.500 & cat_elig <= 2.500 & elderly_disabled_i <= 0.500 & unc_rawben_rel_max > 0.997","ranger",5532,0.91341,0.90699,2900,2628,0.9062,0.2936,0.2432,27.645,0.1475,0.9705,1.6
"2-3","medical_deductions <= 27.500 & unc_rawben_rel_max >  0.997","ranger",7531,0.9125,0.90699,3801,3448,0.9071,0.3852,0.3116,36.235,0.1475,0.9705,1.6
"2-3","shelter_expenses_by_hh_size < 496.0 & total_deductions_by_hh_size <  42.3 & utilities < 784.0","xgboost",5131,0.91366,0.90699,2548,2325,0.9125,0.2597,0.1523,24.29,0.1475,0.9705,1.6
"2-3","rawben_rel_max >   0.996 & total_deductions_by_hh_size <= 744.000","ranger",7508,0.91249,0.90698,3780,3435,0.9087,0.3837,0.3039,36.034,0.1475,0.9705,1.6
"2-3","elderly_disabled_i <= 0.500 & unc_rawben_rel_max > 0.959","ranger",7286,0.91257,0.90697,3681,3356,0.9117,0.3749,0.2812,35.091,0.1475,0.9705,1.6
"2-3","cat_elig >   0.500 & total_deductions_by_hh_size <= 433.000 & unc_rawben_rel_max >   0.997","ranger",5864,0.9132,0.90696,3054,2762,0.9044,0.3085,0.2608,29.113,0.1475,0.9705,1.6
"2-3","cat_elig >  0.500 & elderly_disabled_i <=  0.500 & rawben_rel_max >  0.791 & utilities <= 80.500","ranger",3181,0.91544,0.90696,1587,1441,0.908,0.161,0.117,15.129,0.1475,0.9705,1.6
"2-3","cat_elig <   1.000 & rawben_rel_max >=   0.712 & unc_rawben_rel_max <   1.380 & utilities < 412.000","xgboost",1326,0.92006,0.90694,610,564,0.9246,0.063,0.028,5.815,0.1475,0.9705,1.6
"2-3","cat_elig <=    0.5 & medical_deductions <= 2570.0 & shelter_expenses_by_hh_size <=  221.0","ranger",1453,0.91948,0.90694,738,667,0.9038,0.0745,0.0409,7.035,0.1475,0.9705,1.6
"2-3","married <=   0.500 & months_since_cert_n >   6.500 & shelter_expenses_by_hh_size <= 399.000 & unc_rawben_rel_max >   0.996","ranger",1094,0.92139,0.90694,577,512,0.8873,0.0572,0.0584,5.5,0.1475,0.9705,1.6
"2-3","total_deductions_by_hh_size >= 2.500 & unc_rawben_rel_max >= 0.998 & unc_rawben_rel_max < 1.490","xgboost",4514,0.91405,0.90693,2455,2221,0.9047,0.2481,0.2112,23.403,0.1475,0.9705,1.6
"2-3","months_since_cert_n < 29 & total_deductions_by_hh_size < 59","xgboost",5504,0.91334,0.90689,2755,2497,0.9064,0.2789,0.1738,26.263,0.1475,0.9705,1.6
"2-3","cat_elig >= 2.0 & months_since_cert_n >= 3.0 & months_since_cert_n < 7.0 & total_deductions_by_hh_size < 2.5","xgboost",586,0.92662,0.90687,68,64,0.9412,0.0071,0.0034,0.648,0.1475,0.9705,1.6
"2-3","months_since_cert_n >=   1.000 & rawben_rel_max >=   0.967 & total_deductions_by_hh_size < 352.000","xgboost",6458,0.91282,0.90687,3209,2919,0.9096,0.3261,0.2464,30.591,0.1475,0.9705,1.6
"2-3","HH_size_n <  3.000 & unc_rawben_rel_max >=  0.748 & utilities < 48.000","xgboost",2443,0.9165,0.90682,1238,1124,0.9079,0.1256,0.089,11.802,0.1475,0.9705,1.6
"2-3","cat_elig < 1.000 & children_i < 1.000 & rawben_rel_max >= 0.551","xgboost",354,0.9322,0.90678,203,178,0.8768,0.0199,0.014,1.935,0.1475,0.9705,1.6
"2-3","elderly_disabled_i <=  0.500 & homeless <=  0.500 & percent_abawd <=  0.167 & shelter_expenses_by_hh_size <= 62.200","ranger",3444,0.91492,0.90677,1680,1510,0.8988,0.1687,0.1182,16.015,0.1475,0.9705,1.6
"2-3","cat_elig > 0.500 & months_since_cert_n <= 7.500 & percent_abawd <= 0.583 & unc_rawben_rel_max > 0.997","ranger",4840,0.91364,0.90676,2431,2194,0.9025,0.2451,0.2157,23.174,0.1475,0.9705,1.6
"2-3","cat_elig < 2.000 & months_since_cert_n >= 2.000 & rawben_rel_max >= 0.383 & unc_rawben_rel_max >= 0.998","xgboost",3644,0.91465,0.90673,2677,2406,0.8988,0.2688,0.2366,25.52,0.1475,0.9705,1.6
"2-3","expedited_i >   0.500 & medical_deductions <= 128.000 & months_since_cert_n <=   7.500 & unc_rawben_rel_max >   0.923","ranger",1576,0.91878,0.90673,789,725,0.9189,0.081,0.0578,7.521,0.1475,0.9705,1.6
"2-3","children_i <=   0.500 & rawben_rel_max <=   0.204 & shelter_expenses_by_hh_size <= 519.000 & total_deductions_by_hh_size <= 568.000","ranger",585,0.9265,0.90672,278,252,0.9065,0.0282,0.017,2.65,0.1475,0.9705,1.6
"2-3","count_divisible_by_100 <=  1.500 & months_since_cert_n <= 32.000 & unc_rawben_rel_max >  0.997","ranger",7530,0.91222,0.9067,3812,3454,0.9061,0.3858,0.3161,36.339,0.1475,0.9705,1.6
"2-3","expedited_i >= 1.00 & HH_size_n >= 3.00 & rawben_rel_max >= 0.97 & total_deductions_by_hh_size < 2.50","xgboost",253,0.93676,0.90668,140,134,0.9571,0.015,0.0048,1.335,0.1475,0.9705,1.6
"2-3","children_i >=   1 & shelter_expenses_by_hh_size < 256 & total_deductions_by_hh_size < 204 & utilities <  41","xgboost",3966,0.91427,0.90667,2024,1810,0.8943,0.2022,0.1442,19.295,0.1475,0.9705,1.6
"2-3","expedited_i > 0.500 & HH_size_n <= 2.500 & unc_rawben_rel_max > 0.997","ranger",1114,0.92101,0.90667,555,507,0.9135,0.0566,0.0372,5.291,0.1475,0.9705,1.6
"2-3","cat_elig > 0.500 & HH_size_n <= 2.500 & months_since_cert_n <= 5.500 & rawben_rel_max > 0.997","ranger",2608,0.91603,0.90666,1318,1194,0.9059,0.1334,0.112,12.564,0.1475,0.9705,1.6
"2-3","medical_deductions <= 860.000 & shelter_expenses_by_hh_size >  13.200 & shelter_expenses_by_hh_size <= 252.000 & unc_rawben_rel_max >   0.923","ranger",1792,0.91797,0.90666,918,808,0.8802,0.0903,0.0995,8.751,0.1475,0.9705,1.6
"2-3","HH_size_n >   2.500 & percent_abawd <=   0.167 & rawben_rel_max >   0.997 & total_deductions_by_hh_size <= 405.000","ranger",2788,0.91571,0.90665,1397,1261,0.9026,0.1409,0.1223,13.317,0.1475,0.9705,1.6
"2-3","months_since_cert_n <= 5.500 & percent_abawd <= 0.167 & total_deductions_by_hh_size <= 1.050 & unc_rawben_rel_max <= 1.010","ranger",939,0.92226,0.90664,446,404,0.9058,0.0451,0.0272,4.252,0.1475,0.9705,1.6
"2-3","HH_size_n <=   2.5 & shelter_expenses_by_hh_size > 200.0 & shelter_expenses_by_hh_size <= 258.0 & utilities <=  22.0","ranger",92,0.95652,0.90662,45,39,0.8667,0.0044,0.0062,0.429,0.1475,0.9705,1.6
"2-3","cat_elig <=   0.5 & medical_deductions <= 128.0 & shelter_expenses_by_hh_size <= 222.0","ranger",1448,0.9192,0.90662,733,664,0.9059,0.0742,0.0404,6.988,0.1475,0.9705,1.6
"2-3","medical_deductions <= 679.00 & months_since_cert_n >   4.50 & total_deductions_by_hh_size <=   2.95","ranger",1688,0.91825,0.9066,861,790,0.9175,0.0882,0.0508,8.208,0.1475,0.9705,1.6
"2-3","medical_deductions < 111.00 & rawben_rel_max >=   0.97 & shelter_expenses_by_hh_size < 579.00","xgboost",6868,0.91235,0.90657,3491,3180,0.9109,0.3552,0.264,33.279,0.1475,0.9705,1.6
"2-3","months_since_cert_n <  6.000 & rawben_rel_max >=  0.264 & total_deductions_by_hh_size < 59.000 & unc_rawben_rel_max <  1.100","xgboost",2312,0.91652,0.90657,1119,1004,0.8972,0.1122,0.0733,10.667,0.1475,0.9705,1.6
"2-3","count_divisible_by_100 <= 0.500 & expedited_i <= 0.500 & percent_abawd <= 0.167 & rawben_rel_max > 0.997","ranger",4874,0.91342,0.90656,2385,2165,0.9078,0.2418,0.2022,22.736,0.1475,0.9705,1.6
"2-3","expedited_i <=    0.500 & months_since_cert_n <=    6.500 & rawben_rel_max >    0.997 & total_deductions_by_hh_size <= 1210.000","ranger",4361,0.91378,0.90653,2152,1956,0.9089,0.2185,0.1702,20.515,0.1475,0.9705,1.6
"2-3","elderly_disabled_i <= 0.500 & homeless > 0.500 & months_since_cert_n > 0.500 & rawben_rel_max > 0.997","ranger",201,0.9403,0.90652,107,102,0.9533,0.0114,0.0029,1.02,0.1475,0.9705,1.6
"2-3","percent_abawd <=  0.167 & shelter_expenses_by_hh_size <= 94.200 & utilities <= 22.000","ranger",3669,0.91442,0.90651,1843,1668,0.905,0.1863,0.1201,17.569,0.1475,0.9705,1.6
"2-3","HH_size_n <=  2.5 & months_since_cert_n <= 26.5 & unc_rawben_rel_max >  1.0","ranger",4492,0.91362,0.90648,2264,2067,0.913,0.2309,0.1735,21.582,0.1475,0.9705,1.6
"2-3","total_deductions_by_hh_size <= 1190.000 & unc_rawben_rel_max >    0.997","ranger",7567,0.91199,0.90648,3826,3468,0.9064,0.3874,0.3154,36.473,0.1475,0.9705,1.6
"2-3","total_deductions_by_hh_size >   0.217 & total_deductions_by_hh_size <= 467.000 & unc_rawben_rel_max >   0.996 & utilities > 451.000","ranger",2366,0.91631,0.90647,1139,1045,0.9175,0.1167,0.0866,10.858,0.1475,0.9705,1.6
"2-3","cat_elig <   2 & months_since_cert_n <   4 & shelter_expenses_by_hh_size < 108 & total_deductions_by_hh_size < 240","xgboost",1434,0.91911,0.90646,1039,936,0.9009,0.1046,0.066,9.905,0.1475,0.9705,1.6
"2-3","cat_elig <=   0.500 & children_i <=   0.500 & rawben_rel_max >   0.997 & utilities > 308.000","ranger",77,0.96104,0.90645,26,25,0.9615,0.0028,2e-04,0.248,0.1475,0.9705,1.6
"2-3","expedited_i >=   1.00 & total_deductions_by_hh_size < 460.00 & unc_rawben_rel_max >=   1.17 & utilities >= 757.00","xgboost",77,0.96104,0.90645,48,40,0.8333,0.0045,0.0057,0.458,0.1475,0.9705,1.6
"2-3","cat_elig <= 0.50 & count_divisible_by_100 <= 0.50 & HH_size_n > 2.50 & unc_rawben_rel_max > 1.01","ranger",475,0.92842,0.90644,206,196,0.9515,0.0219,0.0068,1.964,0.1475,0.9705,1.6
"2-3","cat_elig <= 0.5 & expedited_i > 0.5 & HH_size_n <= 2.5 & married <= 0.5","ranger",265,0.93585,0.90642,119,115,0.9664,0.0128,0.0022,1.134,0.1475,0.9705,1.6
"2-3","count_divisible_by_100 <=   0.500 & medical_deductions > 104.000 & rawben_rel_max <=   0.151","ranger",265,0.93585,0.90642,114,108,0.9474,0.0121,0.0041,1.087,0.1475,0.9705,1.6
"2-3","children_i >  0.5 & HH_size_n >  2.5 & total_deductions_by_hh_size <= 13.6","ranger",1559,0.91854,0.9064,761,688,0.9041,0.0769,0.052,7.255,0.1475,0.9705,1.6
"2-3","children_i >   0.50 & percent_abawd <=   1.75 & shelter_expenses_by_hh_size <= 252.00 & utilities <=  32.50","ranger",3987,0.91397,0.90638,2029,1817,0.8955,0.203,0.1423,19.342,0.1475,0.9705,1.6
"2-3","months_since_cert_n <  7.0000 & rawben_rel_max >=  0.0523 & shelter_expenses_by_hh_size < 12.3000 & utilities < 34.0000","xgboost",2926,0.91524,0.90638,1418,1285,0.9062,0.1435,0.0883,13.518,0.1475,0.9705,1.6
"2-3","cat_elig <   2.0 & shelter_expenses_by_hh_size < 155.0 & total_deductions_by_hh_size <  81.5","xgboost",2791,0.91544,0.90637,2013,1816,0.9021,0.2029,0.1325,19.19,0.1475,0.9705,1.6
"2-3","HH_size_n <=  2.500 & months_since_cert_n <= 32.000 & rawben_rel_max >  0.997","ranger",4542,0.91347,0.90636,2282,2082,0.9124,0.2326,0.1764,21.754,0.1475,0.9705,1.6
"2-3","total_deductions_by_hh_size <  54 & utilities < 956","xgboost",5406,0.91287,0.90636,2705,2452,0.9065,0.2739,0.1713,25.786,0.1475,0.9705,1.6
"2-3","cat_elig <=   0.5 & expedited_i <=   0.5 & shelter_expenses_by_hh_size <= 222.0","ranger",1168,0.92038,0.90635,598,532,0.8896,0.0594,0.0381,5.701,0.1475,0.9705,1.6
"2-3","expedited_i <   1.000 & rawben_rel_max >=   0.942 & shelter_expenses_by_hh_size < 847.000 & unc_rawben_rel_max <   1.450","xgboost",5848,0.91262,0.90635,2928,2647,0.904,0.2957,0.2357,27.912,0.1475,0.9705,1.6
"2-3","homeless <=   0.500 & medical_deductions <= 148.000 & rawben_rel_max >   0.997","ranger",7336,0.91194,0.90635,3695,3345,0.9053,0.3737,0.3106,35.224,0.1475,0.9705,1.6
"2-3","shelter_expenses_by_hh_size >  87.200 & shelter_expenses_by_hh_size <= 252.000 & unc_rawben_rel_max >   0.974","ranger",1398,0.91917,0.90635,716,637,0.8897,0.0712,0.0711,6.826,0.1475,0.9705,1.6
"2-3","cat_elig <=  0.50 & homeless >  0.50 & total_deductions_by_hh_size <=  0.55 & utilities <= 38.50","ranger",45,0.97778,0.90633,23,23,1,0.0026,0,0.219,0.1475,0.9705,1.6
"2-3","cat_elig <=  0.500 & homeless >  0.500 & months_since_cert_n <= 10.500 & rawben_rel_max >  0.786","ranger",45,0.97778,0.90633,22,22,1,0.0025,0,0.21,0.1475,0.9705,1.6
"2-3","count_divisible_by_100 <= 1.500 & percent_abawd <= 1.750 & rawben_rel_max > 0.999 & unc_rawben_rel_max > 0.996","ranger",7500,0.91187,0.90633,3801,3444,0.9061,0.3847,0.3145,36.235,0.1475,0.9705,1.6
"2-3","months_since_cert_n >= 5.000 & percent_abawd < 0.333 & rawben_rel_max >= 0.567 & total_deductions_by_hh_size < 8.300","xgboost",1156,0.92042,0.90632,551,498,0.9038,0.0556,0.0404,5.253,0.1475,0.9705,1.6
"2-3","elderly_disabled_i <=  0.5 & total_deductions_by_hh_size <= 62.0","ranger",3817,0.91407,0.90631,1882,1709,0.9081,0.1909,0.1213,17.941,0.1475,0.9705,1.6
"2-3","months_since_cert_n <= 32.500 & percent_abawd <=  1.750 & rawben_rel_max >  0.997","ranger",7575,0.91182,0.90631,3830,3467,0.9052,0.3873,0.3221,36.511,0.1475,0.9705,1.6
"2-3","shelter_expenses_by_hh_size >  63.800 & shelter_expenses_by_hh_size <= 339.000 & unc_rawben_rel_max >   0.996","ranger",2046,0.91691,0.90631,1019,919,0.9019,0.1027,0.0892,9.714,0.1475,0.9705,1.6
"2-3","HH_size_n <= 2.50 & percent_abawd <= 1.42 & unc_rawben_rel_max > 1.00","ranger",4505,0.91343,0.90629,2267,2068,0.9122,0.231,0.1747,21.611,0.1475,0.9705,1.6
"2-3","cat_elig >   0.500 & medical_deductions <= 268.000 & rawben_rel_max >   0.996 & unc_rawben_rel_max <=   1.610","ranger",6208,0.91237,0.90629,3189,2886,0.905,0.3224,0.2692,30.4,0.1475,0.9705,1.6
"2-3","homeless <=  0.500 & medical_deductions <= 27.500 & unc_rawben_rel_max >  0.997","ranger",7307,0.91187,0.90626,3679,3331,0.9054,0.3721,0.3087,35.071,0.1475,0.9705,1.6
"2-3","medical_deductions >= 168.00000 & percent_abawd <   0.33300 & unc_rawben_rel_max <  -0.00871","xgboost",106,0.95283,0.90626,51,49,0.9608,0.0055,0.0017,0.486,0.1475,0.9705,1.6
"2-3","cat_elig <= 0.50 & HH_size_n > 2.50 & unc_rawben_rel_max > 1.01","ranger",510,0.92745,0.90622,230,218,0.9478,0.0244,0.0092,2.193,0.1475,0.9705,1.6
"2-3","children_i > 0.5 & count_divisible_by_100 <= 0.5 & elderly_disabled_i <= 0.5 & homeless > 0.5","ranger",239,0.93724,0.90622,128,121,0.9453,0.0135,0.0044,1.22,0.1475,0.9705,1.6
"2-3","children_i <   1.000 & rawben_rel_max <   0.190 & shelter_expenses_by_hh_size >= 197.000 & unc_rawben_rel_max >=  -0.497","xgboost",724,0.92403,0.90621,362,330,0.9116,0.0369,0.0207,3.451,0.1475,0.9705,1.6
"2-3","cat_elig >   0.500 & medical_deductions <= 236.000 & percent_abawd <=   0.167 & rawben_rel_max >   0.997","ranger",5772,0.91251,0.9062,2911,2625,0.9018,0.2932,0.2553,27.75,0.1475,0.9705,1.6
"2-3","married <= 0.500 & unc_rawben_rel_max > 0.996","ranger",6687,0.91207,0.9062,3362,3052,0.9078,0.3409,0.2738,32.05,0.1475,0.9705,1.6
"2-3","count_divisible_by_100 <=   0.500 & HH_size_n >   2.500 & total_deductions_by_hh_size <= 283.000 & unc_rawben_rel_max >   0.972","ranger",2696,0.91543,0.90619,1401,1260,0.8994,0.1408,0.1197,13.356,0.1475,0.9705,1.6
"2-3","cat_elig <=   1.500 & months_since_cert_n >   5.500 & total_deductions_by_hh_size <= 456.000 & unc_rawben_rel_max >   0.996","ranger",1223,0.91987,0.90615,951,851,0.8948,0.0951,0.0912,9.066,0.1475,0.9705,1.6
"2-3","HH_size_n >= 3.000 & unc_rawben_rel_max >= 0.998 & unc_rawben_rel_max < 1.420","xgboost",2985,0.91491,0.90613,1514,1362,0.8996,0.1521,0.1386,14.433,0.1475,0.9705,1.6
"2-3","elderly_disabled_i >   0.500 & shelter_expenses_by_hh_size <= 918.000 & unc_rawben_rel_max <=   0.129","ranger",864,0.92245,0.90613,414,384,0.9275,0.0429,0.0197,3.947,0.1475,0.9705,1.6
"2-3","expedited_i >   0.50 & total_deductions_by_hh_size >  55.00 & unc_rawben_rel_max >   1.01 & utilities > 340.00","ranger",688,0.92442,0.90613,394,353,0.8959,0.0394,0.037,3.756,0.1475,0.9705,1.6
"2-3","cat_elig <=   0.5 & expedited_i <=   0.5 & total_deductions_by_hh_size <= 145.0","ranger",1257,0.91965,0.90612,614,550,0.8958,0.0614,0.0359,5.853,0.1475,0.9705,1.6
"2-3","months_since_cert_n >=  5.0 & shelter_expenses_by_hh_size < 80.0 & total_deductions_by_hh_size <  4.1","xgboost",1234,0.91977,0.90611,619,564,0.9111,0.063,0.0402,5.901,0.1475,0.9705,1.6
"2-3","percent_abawd <=   0.167 & shelter_expenses_by_hh_size <=  74.500 & total_deductions_by_hh_size <= 451.000","ranger",4053,0.91364,0.90611,2007,1802,0.8979,0.2013,0.1414,19.133,0.1475,0.9705,1.6
"2-3","cat_elig >= 2.00 & percent_abawd < 0.75 & total_deductions_by_hh_size < 2.50","xgboost",1497,0.9185,0.9061,188,171,0.9096,0.0191,0.0125,1.792,0.1475,0.9705,1.6
"2-3","medical_deductions <=  67.500 & shelter_expenses_by_hh_size >  63.800 & shelter_expenses_by_hh_size <= 339.000 & unc_rawben_rel_max >   0.996","ranger",2041,0.91671,0.90609,1018,919,0.9028,0.1027,0.0883,9.704,0.1475,0.9705,1.6
"2-3","medical_deductions <= 650.000 & rawben_rel_max >   0.997","ranger",7579,0.9116,0.90609,3832,3474,0.9066,0.3881,0.3158,36.53,0.1475,0.9705,1.6
"2-3","percent_abawd <= 1.420 & unc_rawben_rel_max > 0.997","ranger",7579,0.9116,0.90609,3831,3468,0.9052,0.3874,0.3221,36.52,0.1475,0.9705,1.6
"2-3","count_divisible_by_100 <  2.000 & rawben_rel_max >=  1.000 & unc_rawben_rel_max >= -0.497","xgboost",7502,0.91162,0.90608,3802,3445,0.9061,0.3848,0.3145,36.244,0.1475,0.9705,1.6
"2-3","count_divisible_by_100 <=   0.500 & HH_size_n >   2.500 & rawben_rel_max >   0.997 & total_deductions_by_hh_size <= 466.000","ranger",2681,0.91533,0.90606,1363,1228,0.901,0.1372,0.1188,12.993,0.1475,0.9705,1.6
"2-3","expedited_i <= 0.500 & percent_abawd <= 0.167 & rawben_rel_max > 0.997","ranger",5389,0.9126,0.90606,2629,2380,0.9053,0.2659,0.2244,25.062,0.1475,0.9705,1.6
"2-3","rawben_rel_max >   0.996 & unc_rawben_rel_max <=   1.300 & utilities >  30.500 & utilities <= 428.000","ranger",1049,0.92088,0.90606,539,485,0.8998,0.0542,0.0469,5.138,0.1475,0.9705,1.6
"2-3","cat_elig > 0.500 & cat_elig <= 1.500 & percent_abawd <= 0.167 & rawben_rel_max > 0.997","ranger",3116,0.91463,0.90604,2638,2373,0.8995,0.2651,0.2399,25.148,0.1475,0.9705,1.6
"2-3","married <  1.0 & total_deductions_by_hh_size < 61.5","xgboost",4614,0.91309,0.90602,2285,2052,0.898,0.2292,0.1619,21.783,0.1475,0.9705,1.6
"2-3","percent_abawd <= 1.750 & rawben_rel_max > 0.997","ranger",7583,0.91151,0.906,3836,3473,0.9054,0.388,0.3221,36.568,0.1475,0.9705,1.6
"2-3","shelter_expenses_by_hh_size < 1120.000 & unc_rawben_rel_max >=    0.998","xgboost",7495,0.91154,0.906,3783,3427,0.9059,0.3828,0.315,36.063,0.1475,0.9705,1.6
"2-3","HH_size_n <=   2.500 & homeless <=   0.500 & medical_deductions <= 464.000 & unc_rawben_rel_max >   0.995","ranger",4391,0.91323,0.90599,2192,1999,0.912,0.2233,0.1691,20.896,0.1475,0.9705,1.6
"2-3","children_i >   0.5 & shelter_expenses_by_hh_size <= 252.0 & utilities <=  38.5","ranger",4059,0.91353,0.90599,2068,1849,0.8941,0.2065,0.1462,19.714,0.1475,0.9705,1.6
"2-3","elderly_disabled_i <  1.000 & months_since_cert_n < 11.000 & rawben_rel_max >=  0.874 & unc_rawben_rel_max <  1.120","xgboost",4733,0.91295,0.90597,2417,2197,0.909,0.2454,0.162,23.041,0.1475,0.9705,1.6
"2-3","months_since_cert_n <= 32.000 & unc_rawben_rel_max >  0.998","ranger",7569,0.91148,0.90596,3821,3458,0.905,0.3863,0.3221,36.425,0.1475,0.9705,1.6
"2-3","cat_elig <=   0.5 & homeless <=   0.5 & utilities <= 286.0","ranger",1369,0.91892,0.90594,524,484,0.9237,0.0541,0.0239,4.995,0.1475,0.9705,1.6
"2-3","cat_elig >   0.500 & medical_deductions <= 304.000 & percent_abawd <=   0.167 & rawben_rel_max >   0.998","ranger",5767,0.91226,0.90594,2909,2621,0.901,0.2928,0.2573,27.731,0.1475,0.9705,1.6
"2-3","HH_size_n <= 2.5 & unc_rawben_rel_max > 1.0","ranger",4510,0.91308,0.90593,2273,2074,0.9125,0.2317,0.1747,21.668,0.1475,0.9705,1.6
"2-3","cat_elig <=   0.500 & months_since_cert_n <=   5.500 & shelter_expenses_by_hh_size <= 252.000 & unc_rawben_rel_max >   0.556","ranger",1128,0.92021,0.90591,558,510,0.914,0.057,0.0303,5.319,0.1475,0.9705,1.6
"2-3","expedited_i >=  1.000 & rawben_rel_max >=  0.815 & shelter_expenses_by_hh_size < 93.500 & unc_rawben_rel_max >=  1.080","xgboost",651,0.92473,0.90591,268,248,0.9254,0.0277,0.0141,2.555,0.1475,0.9705,1.6
"2-3","medical_deductions <= 1570.000 & months_since_cert_n >    1.500 & months_since_cert_n <=    5.500 & rawben_rel_max >    0.997","ranger",3712,0.91379,0.90591,1769,1604,0.9067,0.1792,0.1432,16.864,0.1475,0.9705,1.6
"2-3","expedited_i <=   0.500 & months_since_cert_n <=   0.500 & rawben_rel_max >   0.984 & shelter_expenses_by_hh_size <= 280.000","ranger",301,0.93355,0.90587,179,163,0.9106,0.0182,0.0145,1.706,0.1475,0.9705,1.6
"2-3","count_divisible_by_100 <  1.000 & shelter_expenses_by_hh_size < 17.500 & unc_rawben_rel_max >= -0.497","xgboost",3688,0.91377,0.90586,1878,1697,0.9036,0.1896,0.1267,17.903,0.1475,0.9705,1.6
"2-3","elderly_disabled_i >=   1.000 & rawben_rel_max <   0.902 & shelter_expenses_by_hh_size < 230.000 & total_deductions_by_hh_size <   4.100","xgboost",686,0.9242,0.90586,368,332,0.9022,0.0371,0.0226,3.508,0.1475,0.9705,1.6
"2-3","shelter_expenses_by_hh_size <= 247.000 & unc_rawben_rel_max >   0.996 & utilities > 286.000","ranger",989,0.92113,0.90586,532,475,0.8929,0.0531,0.0562,5.071,0.1475,0.9705,1.6
"2-3","HH_size_n >   2.500 & total_deductions_by_hh_size <= 312.000 & unc_rawben_rel_max >   0.997","ranger",2887,0.91479,0.90585,1464,1323,0.9037,0.1478,0.1287,13.956,0.1475,0.9705,1.6
"2-3","cat_elig < 1.000 & months_since_cert_n >= 3.000 & rawben_rel_max >= 0.865","xgboost",931,0.92159,0.90584,412,381,0.9248,0.0426,0.0205,3.928,0.1475,0.9705,1.6
"2-3","homeless <=   0.500 & medical_deductions <= 259.000 & rawben_rel_max >   0.998 & unc_rawben_rel_max >   0.997","ranger",7340,0.91144,0.90584,3687,3336,0.9048,0.3727,0.3109,35.148,0.1475,0.9705,1.6
"2-3","cat_elig >  0.5 & cat_elig <=  2.5 & total_deductions_by_hh_size <= 29.8","ranger",3863,0.91354,0.90581,1958,1784,0.9111,0.1993,0.1212,18.665,0.1475,0.9705,1.6
"2-3","HH_size_n <  3.000 & months_since_cert_n < 11.000 & rawben_rel_max <  0.872 & total_deductions_by_hh_size <  2.500","xgboost",756,0.92328,0.9058,392,363,0.926,0.0405,0.0168,3.737,0.1475,0.9705,1.6
"2-3","HH_size_n <= 2.500 & rawben_rel_max > 0.997","ranger",4548,0.91293,0.9058,2286,2086,0.9125,0.233,0.1764,21.792,0.1475,0.9705,1.6
"2-3","medical_deductions <= 149.000 & months_since_cert_n <=  32.500 & unc_rawben_rel_max >   0.996","ranger",7586,0.91128,0.90577,3815,3459,0.9067,0.3864,0.3143,36.368,0.1475,0.9705,1.6
"2-3","cat_elig > 0.500 & expedited_i > 0.500 & percent_abawd <= 0.167 & unc_rawben_rel_max > 0.998","ranger",1252,0.91933,0.90575,660,595,0.9015,0.0665,0.0558,6.292,0.1475,0.9705,1.6
"2-3","elderly_disabled_i <   1.000 & percent_abawd <   0.667 & rawben_rel_max >=   0.316 & shelter_expenses_by_hh_size < 108.000","xgboost",3960,0.91338,0.90575,1961,1765,0.9001,0.1972,0.1338,18.694,0.1475,0.9705,1.6
"2-3","rawben_rel_max > 0.997","ranger",7585,0.91127,0.90575,3837,3474,0.9054,0.3881,0.3221,36.578,0.1475,0.9705,1.6
"2-3","cat_elig >   0.500 & medical_deductions <= 122.000 & rawben_rel_max >   0.997 & total_deductions_by_hh_size <= 525.000","ranger",6007,0.91194,0.90573,3108,2811,0.9044,0.314,0.2654,29.628,0.1475,0.9705,1.6
"2-3","count_divisible_by_100 > 0.50 & months_since_cert_n > 9.50 & total_deductions_by_hh_size <= 1.27","ranger",26,1,0.90573,4,4,1,4e-04,0,0.038,0.1475,0.9705,1.6
"2-3","months_since_cert_n >=   2.000 & unc_rawben_rel_max >=   0.976 & unc_rawben_rel_max <   1.070 & utilities < 473.000","xgboost",732,0.9235,0.90573,380,352,0.9263,0.0393,0.0208,3.622,0.1475,0.9705,1.6
"2-3","rawben_rel_max >=   0.375 & total_deductions_by_hh_size < 151.000 & utilities <  28.000","xgboost",4070,0.91327,0.90573,2100,1892,0.901,0.2113,0.1453,20.019,0.1475,0.9705,1.6
"2-3","cat_elig <= 0.5 & expedited_i > 0.5 & HH_size_n <= 2.5 & months_since_cert_n <= 8.5","ranger",263,0.93536,0.90572,129,122,0.9457,0.0136,0.0038,1.23,0.1475,0.9705,1.6
"2-3","elderly_disabled_i >   0.500 & rawben_rel_max <=   0.197 & total_deductions_by_hh_size <= 295.000 & utilities > 252.000","ranger",895,0.92179,0.90572,398,369,0.9271,0.0412,0.0181,3.794,0.1475,0.9705,1.6
"2-3","cat_elig > 0.500 & children_i > 0.500 & unc_rawben_rel_max > 0.996","ranger",5435,0.91224,0.90571,2765,2493,0.9016,0.2785,0.2484,26.358,0.1475,0.9705,1.6
"2-3","elderly_disabled_i < 1.000 & rawben_rel_max >= 0.874 & unc_rawben_rel_max < 1.120","xgboost",5017,0.9125,0.90571,2606,2365,0.9075,0.2642,0.1743,24.843,0.1475,0.9705,1.6
"2-3","homeless <=   0.500 & medical_deductions <= 399.000 & rawben_rel_max >   0.997","ranger",7352,0.91132,0.90571,3707,3354,0.9048,0.3747,0.3129,35.338,0.1475,0.9705,1.6
"2-3","rawben_rel_max >   0.997 & shelter_expenses_by_hh_size <= 399.000 & total_deductions_by_hh_size <= 456.000 & utilities >  48.500","ranger",2257,0.91582,0.9057,1122,1014,0.9037,0.1133,0.0951,10.696,0.1475,0.9705,1.6
"2-3","cat_elig >  0.500 & HH_size_n <=  2.500 & rawben_rel_max >  0.789 & utilities <= 22.000","ranger",1762,0.91714,0.90569,929,844,0.9085,0.0943,0.0686,8.856,0.1475,0.9705,1.6
"2-3","cat_elig > 0.500 & elderly_disabled_i <= 0.500 & expedited_i <= 0.500 & unc_rawben_rel_max > 0.997","ranger",4355,0.91297,0.90569,2218,2010,0.9062,0.2245,0.1892,21.144,0.1475,0.9705,1.6
"2-3","expedited_i <=   0.5 & medical_deductions <= 144.0 & total_deductions_by_hh_size <=  56.3","ranger",4498,0.91285,0.90568,2234,2019,0.9038,0.2255,0.1438,21.296,0.1475,0.9705,1.6
"2-3","percent_abawd <   0.333 & shelter_expenses_by_hh_size <  80.000 & total_deductions_by_hh_size < 384.000","xgboost",4067,0.9132,0.90566,2024,1816,0.8972,0.2029,0.143,19.295,0.1475,0.9705,1.6
"2-3","percent_abawd <= 1.750 & rawben_rel_max > 0.999 & unc_rawben_rel_max > 0.996","ranger",7545,0.9112,0.90566,3820,3458,0.9052,0.3863,0.3204,36.416,0.1475,0.9705,1.6
"2-3","unc_rawben_rel_max >=   1.01 & utilities < 580.00","xgboost",5870,0.91193,0.90565,2932,2652,0.9045,0.2962,0.2535,27.95,0.1475,0.9705,1.6
"2-3","children_i > 0.500 & HH_size_n > 2.500 & homeless > 0.500 & rawben_rel_max > 0.997","ranger",61,0.96721,0.90564,29,28,0.9655,0.0031,3e-04,0.276,0.1475,0.9705,1.6
"2-3","rawben_rel_max >=   0.882 & total_deductions_by_hh_size >= 349.000 & unc_rawben_rel_max >=   1.070 & unc_rawben_rel_max <   1.240","xgboost",325,0.93231,0.90563,180,163,0.9056,0.0182,0.0148,1.716,0.1475,0.9705,1.6
"2-3","HH_size_n >   2.5 & married <=   0.5 & shelter_expenses_by_hh_size <= 307.0 & total_deductions_by_hh_size <=  29.9","ranger",1580,0.91772,0.90562,765,684,0.8941,0.0764,0.0579,7.293,0.1475,0.9705,1.6
"2-3","expedited_i <= 0.500 & months_since_cert_n <= 6.500 & rawben_rel_max > 0.997","ranger",4374,0.91289,0.90562,2156,1957,0.9077,0.2186,0.1752,20.553,0.1475,0.9705,1.6
"2-3","homeless <=   0.500 & medical_deductions <= 442.000 & rawben_rel_max >   0.998","ranger",7344,0.91122,0.90561,3698,3345,0.9045,0.3737,0.3129,35.253,0.1475,0.9705,1.6
"2-3","rawben_rel_max <   0.194 & total_deductions_by_hh_size >=  25.000 & total_deductions_by_hh_size < 140.000","xgboost",374,0.93048,0.90561,150,134,0.8933,0.015,0.0081,1.43,0.1475,0.9705,1.6
"2-3","elderly_disabled_i <=  0.5 & months_since_cert_n <=  5.5 & shelter_expenses_by_hh_size <= 94.0","ranger",3035,0.91433,0.9056,1483,1337,0.9016,0.1494,0.096,14.137,0.1475,0.9705,1.6
"2-3","medical_deductions >   2.500 & rawben_rel_max <=   0.154 & shelter_expenses_by_hh_size > 280.000 & utilities > 440.000","ranger",186,0.94086,0.90559,99,92,0.9293,0.0103,0.0052,0.944,0.1475,0.9705,1.6
"2-3","months_since_cert_n >   5.500 & shelter_expenses_by_hh_size <= 543.000 & unc_rawben_rel_max >   0.996","ranger",1805,0.9169,0.90558,933,834,0.8939,0.0932,0.0904,8.894,0.1475,0.9705,1.6
"2-3","percent_abawd <   0.333 & rawben_rel_max >=   0.856 & utilities < 339.000","xgboost",4240,0.91297,0.90558,1961,1781,0.9082,0.1989,0.1454,18.694,0.1475,0.9705,1.6
"2-3","elderly_disabled_i <   1.000 & total_deductions_by_hh_size < 118.000 & unc_rawben_rel_max >=   0.706 & unc_rawben_rel_max <   1.420","xgboost",4041,0.91314,0.90557,2052,1857,0.905,0.2074,0.131,19.561,0.1475,0.9705,1.6
"2-3","HH_size_n <= 2.500 & rawben_rel_max > 0.995","ranger",4558,0.91268,0.90556,2289,2088,0.9122,0.2332,0.1771,21.821,0.1475,0.9705,1.6
"2-3","elderly_disabled_i <=  0.5 & HH_size_n >  2.5 & months_since_cert_n >  0.5 & total_deductions_by_hh_size <= 29.9","ranger",1295,0.91892,0.90555,594,547,0.9209,0.0611,0.0364,5.663,0.1475,0.9705,1.6
"2-3","expedited_i <  1.0 & total_deductions_by_hh_size < 42.3","xgboost",4205,0.91296,0.90554,2072,1882,0.9083,0.2102,0.128,19.752,0.1475,0.9705,1.6
"2-3","expedited_i >   0.500 & months_since_cert_n <=   5.500 & rawben_rel_max >   0.997 & total_deductions_by_hh_size > 228.000","ranger",398,0.92965,0.90553,179,165,0.9218,0.0184,0.0107,1.706,0.1475,0.9705,1.6
"2-3","medical_deductions > 116.000 & rawben_rel_max <=   0.163","ranger",275,0.93455,0.90553,126,116,0.9206,0.013,0.0063,1.201,0.1475,0.9705,1.6
"2-3","cat_elig <= 1.500 & children_i > 0.500 & HH_size_n > 2.500 & unc_rawben_rel_max > 0.997","ranger",1849,0.91671,0.90552,1358,1214,0.894,0.1356,0.129,12.946,0.1475,0.9705,1.6
"2-3","HH_size_n < 3.000 & rawben_rel_max >= 0.996","xgboost",4556,0.91264,0.90551,2289,2088,0.9122,0.2332,0.1771,21.821,0.1475,0.9705,1.6
"2-3","count_divisible_by_100 <= 0.500 & expedited_i > 0.500 & homeless <= 0.500 & rawben_rel_max > 0.923","ranger",1612,0.91749,0.90551,829,759,0.9156,0.0848,0.057,7.903,0.1475,0.9705,1.6
"2-3","rawben_rel_max >=   0.647 & shelter_expenses_by_hh_size < 145.000 & utilities < 750.000","xgboost",4424,0.91275,0.90551,2220,1998,0.9,0.2232,0.159,21.163,0.1475,0.9705,1.6
"2-3","cat_elig >=  1 & cat_elig <  2 & total_deductions_by_hh_size < 37","xgboost",2241,0.91566,0.9055,1814,1647,0.9079,0.184,0.1145,17.293,0.1475,0.9705,1.6
"2-3","rawben_rel_max <   0.0953 & total_deductions_by_hh_size < 210.0000 & utilities < 703.0000","xgboost",589,0.9253,0.90547,289,272,0.9412,0.0304,0.0122,2.755,0.1475,0.9705,1.6
"2-3","cat_elig > 0.500 & rawben_rel_max > 0.996 & unc_rawben_rel_max <= 1.610","ranger",6219,0.91156,0.90546,3201,2895,0.9044,0.3234,0.2725,30.515,0.1475,0.9705,1.6
"2-3","children_i >=  1.000 & rawben_rel_max >=  0.624 & utilities < 29.000","xgboost",3617,0.91346,0.90546,1817,1638,0.9015,0.183,0.1259,17.321,0.1475,0.9705,1.6
"2-3","cat_elig >   0.500 & medical_deductions <= 638.000 & percent_abawd <=   0.167 & unc_rawben_rel_max >   0.997","ranger",5779,0.91175,0.90542,2922,2634,0.9014,0.2942,0.2573,27.855,0.1475,0.9705,1.6
"2-3","homeless <=   0.5 & medical_deductions <= 138.0 & total_deductions_by_hh_size <=  62.0","ranger",5374,0.91198,0.90542,2668,2419,0.9067,0.2702,0.1683,25.434,0.1475,0.9705,1.6
"2-3","cat_elig <=   0.5 & children_i <=   0.5 & elderly_disabled_i >   0.5 & utilities <= 284.0","ranger",105,0.95238,0.9054,39,36,0.9231,0.004,0.0023,0.372,0.1475,0.9705,1.6
"2-3","cat_elig >   0.5 & medical_deductions <= 122.0 & total_deductions_by_hh_size <=  31.3","ranger",3978,0.91302,0.90539,1988,1811,0.911,0.2023,0.1228,18.951,0.1475,0.9705,1.6
"2-3","expedited_i >   0.500 & shelter_expenses_by_hh_size <= 394.000 & unc_rawben_rel_max >   0.707 & utilities <=  12.500","ranger",938,0.92111,0.90539,487,454,0.9322,0.0507,0.0236,4.643,0.1475,0.9705,1.6
"2-3","medical_deductions <= 259.000 & months_since_cert_n <=  32.500 & rawben_rel_max >   0.996","ranger",7599,0.91091,0.90539,3817,3460,0.9065,0.3865,0.3145,36.387,0.1475,0.9705,1.6
"2-3","percent_abawd <=  0.167 & shelter_expenses_by_hh_size <= 50.500","ranger",3989,0.91301,0.90539,1971,1771,0.8985,0.1978,0.1373,18.789,0.1475,0.9705,1.6
"2-3","homeless <=   0.500 & months_since_cert_n >   5.500 & shelter_expenses_by_hh_size <= 543.000 & unc_rawben_rel_max >   0.996","ranger",1756,0.91686,0.90537,898,799,0.8898,0.0893,0.0904,8.561,0.1475,0.9705,1.6
"2-3","cat_elig > 0.500 & children_i > 0.500 & expedited_i > 0.500 & rawben_rel_max > 0.903","ranger",1281,0.91881,0.90536,686,623,0.9082,0.0696,0.0541,6.54,0.1475,0.9705,1.6
"2-3","rawben_rel_max >=   0.689 & shelter_expenses_by_hh_size < 432.000 & utilities <  48.000","xgboost",4131,0.91285,0.90536,2090,1886,0.9024,0.2107,0.1455,19.924,0.1475,0.9705,1.6
"2-3","months_since_cert_n >   7.500 & rawben_rel_max >   0.997 & total_deductions_by_hh_size <= 199.000 & utilities <= 495.000","ranger",694,0.92363,0.90535,349,317,0.9083,0.0354,0.0312,3.327,0.1475,0.9705,1.6
"2-3","unc_rawben_rel_max >=  0.748 & utilities < 48.000","xgboost",4085,0.91285,0.90532,2052,1860,0.9064,0.2078,0.144,19.561,0.1475,0.9705,1.6
"2-3","elderly_disabled_i <  1.0 & months_since_cert_n <  5.0 & total_deductions_by_hh_size < 65.9","xgboost",2470,0.91498,0.90529,1187,1088,0.9166,0.1215,0.0685,11.316,0.1475,0.9705,1.6
"2-3","cat_elig < 1.000 & children_i < 1.000 & percent_abawd >= 0.500 & rawben_rel_max >= 0.834","xgboost",76,0.96053,0.90527,45,44,0.9778,0.0049,8e-04,0.429,0.1475,0.9705,1.6
"2-3","cat_elig <=  0.5 & count_divisible_by_100 <=  0.5 & expedited_i >  0.5 & months_since_cert_n <= 12.5","ranger",421,0.92874,0.90526,199,191,0.9598,0.0213,0.0045,1.897,0.1475,0.9705,1.6
"2-3","shelter_expenses_by_hh_size >= 332.0000 & total_deductions_by_hh_size < 470.0000 & unc_rawben_rel_max <  -0.0566","xgboost",421,0.92874,0.90526,196,183,0.9337,0.0204,0.0106,1.868,0.1475,0.9705,1.6
"2-3","cat_elig >=   1.0 & total_deductions_by_hh_size <  61.5 & utilities < 345.0","xgboost",3664,0.91321,0.90525,1776,1604,0.9032,0.1792,0.1197,16.93,0.1475,0.9705,1.6
"2-3","HH_size_n <= 2.500 & homeless <= 0.500 & rawben_rel_max > 0.997","ranger",4389,0.91251,0.90524,2194,1998,0.9107,0.2232,0.1738,20.915,0.1475,0.9705,1.6
"2-3","HH_size_n >   2.500 & total_deductions_by_hh_size <= 519.000 & unc_rawben_rel_max >   0.998 & unc_rawben_rel_max <=   1.490","ranger",2968,0.91408,0.90524,1510,1362,0.902,0.1521,0.1349,14.395,0.1475,0.9705,1.6
"2-3","cat_elig <  1 & count_divisible_by_100 <  1 & months_since_cert_n >=  2 & utilities < 28","xgboost",658,0.92401,0.90523,311,283,0.91,0.0316,0.018,2.965,0.1475,0.9705,1.6
"2-3","count_divisible_by_100 <=   0.5 & married <=   0.5 & shelter_expenses_by_hh_size <= 252.0 & utilities <=  22.0","ranger",3672,0.91313,0.90517,1902,1703,0.8954,0.1902,0.143,18.132,0.1475,0.9705,1.6
"2-3","count_divisible_by_100 <= 1.500 & percent_abawd <= 1.750 & rawben_rel_max > 0.996","ranger",7570,0.9107,0.90516,3820,3461,0.906,0.3866,0.3169,36.416,0.1475,0.9705,1.6
"2-3","homeless <=  0.5 & total_deductions_by_hh_size <= 62.0","ranger",5381,0.91173,0.90516,2673,2422,0.9061,0.2706,0.1689,25.481,0.1475,0.9705,1.6
"2-3","percent_abawd <=  0.167 & unc_rawben_rel_max >  0.996 & unc_rawben_rel_max <=  1.490 & utilities > 33.500","ranger",3726,0.91304,0.90515,1950,1766,0.9056,0.1973,0.1666,18.589,0.1475,0.9705,1.6
"2-3","cat_elig > 0.500 & rawben_rel_max > 0.997 & unc_rawben_rel_max <= 1.740","ranger",6231,0.91125,0.90514,3219,2905,0.9025,0.3245,0.2837,30.686,0.1475,0.9705,1.6
"2-3","cat_elig <=   0.50 & HH_size_n >   2.50 & total_deductions_by_hh_size <= 451.00 & unc_rawben_rel_max >   1.01","ranger",504,0.92659,0.90511,230,218,0.9478,0.0244,0.0092,2.193,0.1475,0.9705,1.6
"2-3","cat_elig <=   2.500 & medical_deductions > 140.000 & total_deductions_by_hh_size >  62.000 & unc_rawben_rel_max <=   0.158","ranger",185,0.94054,0.90509,92,86,0.9348,0.0096,0.004,0.877,0.1475,0.9705,1.6
"2-3","expedited_i <=   0.500 & months_since_cert_n >   5.500 & total_deductions_by_hh_size <= 310.000 & unc_rawben_rel_max >   0.997","ranger",1334,0.91829,0.90509,601,541,0.9002,0.0604,0.0587,5.729,0.1475,0.9705,1.6
"2-3","cat_elig >  0.5 & HH_size_n >  2.5 & total_deductions_by_hh_size <= 12.9","ranger",1277,0.91856,0.90507,610,544,0.8918,0.0608,0.048,5.815,0.1475,0.9705,1.6
"2-3","children_i <   1.0000 & months_since_cert_n <   7.0000 & rawben_rel_max <   0.0479 & total_deductions_by_hh_size < 326.0000","xgboost",236,0.93644,0.90505,120,110,0.9167,0.0123,0.0076,1.144,0.1475,0.9705,1.6
"2-3","elderly_disabled_i <= 0.500 & homeless > 0.500 & unc_rawben_rel_max > 0.883","ranger",236,0.93644,0.90505,134,128,0.9552,0.0143,0.0031,1.277,0.1475,0.9705,1.6
"2-3","cat_elig <= 0.500 & expedited_i <= 0.500 & HH_size_n > 2.500 & rawben_rel_max > 0.972","ranger",420,0.92857,0.90504,189,175,0.9259,0.0195,0.0085,1.802,0.1475,0.9705,1.6
"2-3","elderly_disabled_i <=  0.5 & homeless <=  0.5 & months_since_cert_n <=  5.5 & shelter_expenses_by_hh_size <= 94.0","ranger",2840,0.91408,0.90504,1390,1252,0.9007,0.1399,0.0912,13.251,0.1475,0.9705,1.6
"2-3","expedited_i <  1.0 & months_since_cert_n >=  4.0 & total_deductions_by_hh_size < 13.3","xgboost",1929,0.91602,0.90504,970,888,0.9155,0.0992,0.0575,9.247,0.1475,0.9705,1.6
"2-3","medical_deductions < 179.00 & percent_abawd <   0.50 & unc_rawben_rel_max >=   1.04","xgboost",6463,0.91103,0.90503,3220,2911,0.904,0.3252,0.2682,30.696,0.1475,0.9705,1.6
"2-3","months_since_cert_n >=   5.0000 & rawben_rel_max >=   0.0523 & shelter_expenses_by_hh_size < 554.0000 & total_deductions_by_hh_size <   2.5000","xgboost",1570,0.9172,0.90503,781,711,0.9104,0.0794,0.0502,7.445,0.1475,0.9705,1.6
"2-3","HH_size_n >  2.5 & months_since_cert_n >  0.5 & total_deductions_by_hh_size <= 29.9","ranger",1626,0.91697,0.90501,769,690,0.8973,0.0771,0.0531,7.331,0.1475,0.9705,1.6
"2-3","expedited_i <   1.0 & shelter_expenses_by_hh_size <  12.3 & total_deductions_by_hh_size < 163.0","xgboost",2806,0.91411,0.90501,1400,1259,0.8993,0.1406,0.0941,13.346,0.1475,0.9705,1.6
"2-3","homeless <=  0.500 & percent_abawd <=  0.167 & shelter_expenses_by_hh_size <= 62.200","ranger",3764,0.91286,0.905,1863,1668,0.8953,0.1863,0.1341,17.76,0.1475,0.9705,1.6
"2-3","cat_elig <=   0.500 & expedited_i >   0.500 & rawben_rel_max >   0.931 & total_deductions_by_hh_size <= 316.000","ranger",335,0.93134,0.90499,170,165,0.9706,0.0184,0.0038,1.621,0.1475,0.9705,1.6
"2-3","homeless <=   0.500 & shelter_expenses_by_hh_size > 139.000 & shelter_expenses_by_hh_size <= 280.000 & unc_rawben_rel_max >   0.972","ranger",1310,0.91832,0.90499,688,613,0.891,0.0685,0.0655,6.559,0.1475,0.9705,1.6
"2-3","homeless <= 0.500 & unc_rawben_rel_max > 0.997","ranger",7361,0.91061,0.90499,3714,3356,0.9036,0.3749,0.3192,35.405,0.1475,0.9705,1.6
"2-3","HH_size_n <= 2.500 & homeless <= 0.500 & unc_rawben_rel_max > 0.995","ranger",4399,0.91225,0.90498,2197,2000,0.9103,0.2234,0.1745,20.944,0.1475,0.9705,1.6
"2-3","cat_elig > 0.500 & percent_abawd <= 0.167 & rawben_rel_max > 0.997","ranger",5785,0.91132,0.90498,2927,2634,0.8999,0.2942,0.2636,27.903,0.1475,0.9705,1.6
"2-3","expedited_i <=  0.5 & total_deductions_by_hh_size <= 62.0","ranger",4639,0.91205,0.90497,2297,2076,0.9038,0.2319,0.1462,21.897,0.1475,0.9705,1.6
"2-3","children_i >= 1.000 & rawben_rel_max >= 0.933 & unc_rawben_rel_max < 1.510","xgboost",7283,0.91061,0.90496,3659,3309,0.9043,0.3696,0.3055,34.881,0.1475,0.9705,1.6
"2-3","months_since_cert_n >   6.500 & rawben_rel_max >   0.997 & total_deductions_by_hh_size <= 571.000 & utilities <= 286.000","ranger",726,0.92287,0.90496,379,344,0.9077,0.0384,0.0324,3.613,0.1475,0.9705,1.6
"2-3","children_i >  0.5 & HH_size_n >  2.5 & married <=  0.5 & total_deductions_by_hh_size <= 30.0","ranger",1557,0.91715,0.90492,753,674,0.8951,0.0753,0.0557,7.178,0.1475,0.9705,1.6
"2-3","cat_elig > 0.500 & months_since_cert_n <= 6.500 & unc_rawben_rel_max > 0.997","ranger",4691,0.91196,0.90491,2372,2148,0.9056,0.2399,0.2025,22.612,0.1475,0.9705,1.6
"2-3","count_divisible_by_100 <= 1.500 & rawben_rel_max > 0.996","ranger",7572,0.91046,0.90491,3821,3462,0.906,0.3867,0.3169,36.425,0.1475,0.9705,1.6
"2-3","expedited_i >=   1.000 & rawben_rel_max >=   0.834 & total_deductions_by_hh_size <   2.500 & utilities < 414.000","xgboost",795,0.92201,0.9049,403,377,0.9355,0.0421,0.0191,3.842,0.1475,0.9705,1.6
"2-3","months_since_cert_n <=   3.5 & percent_abawd <=   1.5 & shelter_expenses_by_hh_size <= 251.0 & utilities <=  78.5","ranger",2615,0.91434,0.9049,1321,1185,0.897,0.1324,0.0877,12.593,0.1475,0.9705,1.6
"2-3","cat_elig <   1.00 & HH_size_n <   3.00 & unc_rawben_rel_max <   1.34 & utilities < 956.00","xgboost",1444,0.91759,0.90489,697,641,0.9197,0.0716,0.0309,6.644,0.1475,0.9705,1.6
"2-3","count_divisible_by_100 < 1.00 & expedited_i < 1.00 & total_deductions_by_hh_size < 2.50 & unc_rawben_rel_max < 0.97","xgboost",1365,0.91795,0.90489,694,629,0.9063,0.0703,0.0391,6.616,0.1475,0.9705,1.6
"2-3","homeless <= 0.500 & rawben_rel_max > 0.998","ranger",7353,0.91051,0.90488,3704,3346,0.9033,0.3738,0.3192,35.31,0.1475,0.9705,1.6
"2-3","percent_abawd <   0.667 & rawben_rel_max >=   0.961 & total_deductions_by_hh_size < 510.000","xgboost",7602,0.91042,0.90488,3851,3492,0.9068,0.3901,0.3082,36.711,0.1475,0.9705,1.6
"2-3","medical_deductions <= 464.000 & rawben_rel_max >   0.996","ranger",7611,0.91039,0.90486,3834,3475,0.9064,0.3882,0.3165,36.549,0.1475,0.9705,1.6
"2-3","months_since_cert_n >=  2.000 & rawben_rel_max >=  0.529 & shelter_expenses_by_hh_size < 25.000 & unc_rawben_rel_max >= -0.710","xgboost",2868,0.91388,0.90486,1365,1241,0.9092,0.1386,0.0859,13.012,0.1475,0.9705,1.6
"2-3","HH_size_n <=   2.500 & married >   0.500 & rawben_rel_max <=   0.145 & total_deductions_by_hh_size <= 373.000","ranger",538,0.92565,0.90484,259,244,0.9421,0.0273,0.0113,2.469,0.1475,0.9705,1.6
"2-3","expedited_i <= 0.500 & married <= 0.500 & rawben_rel_max > 0.998","ranger",5080,0.91161,0.90484,2547,2305,0.905,0.2575,0.2169,24.28,0.1475,0.9705,1.6
"2-3","count_divisible_by_100 <=   0.500 & rawben_rel_max <=   0.192 & total_deductions_by_hh_size <= 141.000 & unc_rawben_rel_max <=   0.997","ranger",725,0.92276,0.90483,324,306,0.9444,0.0342,0.0093,3.089,0.1475,0.9705,1.5
"2-3","months_since_cert_n >   6.500 & rawben_rel_max >   0.997 & shelter_expenses_by_hh_size <= 250.000 & unc_rawben_rel_max <=   1.520","ranger",898,0.92094,0.90483,495,443,0.8949,0.0495,0.0488,4.719,0.1475,0.9705,1.5
"2-3","total_deductions_by_hh_size <  90.000 & unc_rawben_rel_max <   0.296 & utilities >= 370.000 & utilities < 600.000","xgboost",407,0.92875,0.90482,182,172,0.9451,0.0192,0.0044,1.735,0.1475,0.9705,1.5
"2-3","months_since_cert_n <=  5.5 & shelter_expenses_by_hh_size <= 94.8","ranger",3262,0.91324,0.90479,1598,1439,0.9005,0.1607,0.1063,15.234,0.1475,0.9705,1.5
"2-3","months_since_cert_n < 17.000 & percent_abawd <  0.333 & total_deductions_by_hh_size < 79.500","xgboost",5457,0.91131,0.90477,2699,2439,0.9037,0.2725,0.1689,25.729,0.1475,0.9705,1.5
"2-3","children_i >=   1.0 & months_since_cert_n <  26.0 & shelter_expenses_by_hh_size <  27.5 & total_deductions_by_hh_size < 677.0","xgboost",3612,0.91279,0.90476,1776,1599,0.9003,0.1786,0.1198,16.93,0.1475,0.9705,1.5
"2-3","cat_elig < 2.0 & months_since_cert_n >= 2.0 & total_deductions_by_hh_size < 2.5 & unc_rawben_rel_max >= 1.1","xgboost",643,0.92379,0.90475,472,438,0.928,0.0489,0.0256,4.5,0.1475,0.9705,1.5
"2-3","cat_elig > 0.500 & months_since_cert_n <= 7.500 & rawben_rel_max > 0.997","ranger",4988,0.91159,0.90475,2523,2277,0.9025,0.2544,0.2234,24.051,0.1475,0.9705,1.5
"2-3","total_deductions_by_hh_size < 63.3","xgboost",5673,0.91116,0.90475,2826,2564,0.9073,0.2864,0.1752,26.94,0.1475,0.9705,1.5
"2-3","medical_deductions <= 625.000 & unc_rawben_rel_max >   0.996","ranger",7612,0.91027,0.90474,3835,3476,0.9064,0.3883,0.3165,36.559,0.1475,0.9705,1.5
"2-3","rawben_rel_max >=    0.996 & shelter_expenses_by_hh_size < 1060.000","xgboost",7514,0.9103,0.90473,3782,3425,0.9056,0.3826,0.3158,36.053,0.1475,0.9705,1.5
"2-3","cat_elig <   2 & shelter_expenses_by_hh_size < 118 & utilities <  28","xgboost",2444,0.91448,0.90471,1845,1660,0.8997,0.1854,0.1244,17.588,0.1475,0.9705,1.5
"2-3","months_since_cert_n <=   5.5 & shelter_expenses_by_hh_size <= 182.0 & utilities <=  51.5","ranger",3358,0.91304,0.90471,1690,1515,0.8964,0.1692,0.1174,16.111,0.1475,0.9705,1.5
"2-3","expedited_i <=   0.5 & medical_deductions <= 104.0 & total_deductions_by_hh_size <=  62.2","ranger",4615,0.91181,0.9047,2285,2066,0.9042,0.2308,0.1456,21.783,0.1475,0.9705,1.5
"2-3","cat_elig >   1.500 & homeless <=   0.500 & unc_rawben_rel_max >   0.901 & utilities <= 130.000","ranger",1441,0.91742,0.90469,198,181,0.9141,0.0202,0.0135,1.888,0.1475,0.9705,1.5
"2-3","shelter_expenses_by_hh_size < 140.0 & total_deductions_by_hh_size <  87.5 & utilities < 376.0","xgboost",4353,0.91201,0.90469,2187,1970,0.9008,0.2201,0.1478,20.848,0.1475,0.9705,1.5
"2-3","shelter_expenses_by_hh_size <= 13.60 & total_deductions_by_hh_size >  9.87 & total_deductions_by_hh_size <= 31.30","ranger",118,0.94915,0.90468,72,67,0.9306,0.0075,0.0023,0.686,0.1475,0.9705,1.5
"2-3","cat_elig <=   0.5 & count_divisible_by_100 <=   2.5 & total_deductions_by_hh_size <= 145.0","ranger",1519,0.91705,0.90465,736,669,0.909,0.0747,0.0378,7.016,0.1475,0.9705,1.5
"2-3","homeless >   0.500 & percent_abawd <=   1.750 & rawben_rel_max >   0.916 & total_deductions_by_hh_size <= 606.000","ranger",235,0.93617,0.90465,133,126,0.9474,0.0141,0.0038,1.268,0.1475,0.9705,1.5
"2-3","HH_size_n <   3 & shelter_expenses_by_hh_size >= 518 & total_deductions_by_hh_size < 256 & utilities >= 770","xgboost",90,0.95556,0.90462,44,39,0.8864,0.0044,0.0034,0.419,0.1475,0.9705,1.5
"2-3","cat_elig <= 0.5 & expedited_i > 0.5 & married <= 0.5 & months_since_cert_n > 5.5","ranger",90,0.95556,0.90462,37,36,0.973,0.004,7e-04,0.353,0.1475,0.9705,1.5
"2-3","months_since_cert_n >   7.500 & percent_abawd <=   0.833 & unc_rawben_rel_max >   0.997 & utilities <= 124.000","ranger",572,0.92483,0.90462,308,280,0.9091,0.0313,0.0256,2.936,0.1475,0.9705,1.5
"2-3","cat_elig <=   1.500 & HH_size_n >   2.500 & medical_deductions <= 226.000 & unc_rawben_rel_max >   0.997","ranger",1909,0.91566,0.9046,1404,1255,0.8939,0.1402,0.1324,13.384,0.1475,0.9705,1.5
"2-3","months_since_cert_n <=  27.50 & total_deductions_by_hh_size <=   1.42 & utilities > 138.00","ranger",642,0.92368,0.9046,336,313,0.9315,0.035,0.0155,3.203,0.1475,0.9705,1.5
"2-3","elderly_disabled_i >=   1.0 & months_since_cert_n <  10.0 & total_deductions_by_hh_size <   4.1 & utilities >= 281.0","xgboost",406,0.92857,0.90459,221,206,0.9321,0.023,0.0113,2.107,0.1475,0.9705,1.5
"2-3","months_since_cert_n <= 32.500 & rawben_rel_max >  0.996","ranger",7611,0.91013,0.90459,3834,3470,0.9051,0.3876,0.3229,36.549,0.1475,0.9705,1.5
"2-3","shelter_expenses_by_hh_size >= 385.00000 & shelter_expenses_by_hh_size < 870.00000 & unc_rawben_rel_max <  -0.00871","xgboost",418,0.92823,0.90459,195,181,0.9282,0.0202,0.0113,1.859,0.1475,0.9705,1.5
"2-3","expedited_i >  0.5 & total_deductions_by_hh_size <= 24.7","ranger",930,0.92043,0.90458,480,450,0.9375,0.0503,0.0226,4.576,0.1475,0.9705,1.5
"2-3","months_since_cert_n >=   1.000 & unc_rawben_rel_max >=   0.925 & utilities < 414.000","xgboost",4500,0.91178,0.90457,2347,2111,0.8994,0.2358,0.1961,22.374,0.1475,0.9705,1.5
"2-3","months_since_cert_n >=   1.0000 & rawben_rel_max <   0.0436 & total_deductions_by_hh_size < 372.0000","xgboost",723,0.92254,0.90457,11,8,0.7273,9e-04,0.0025,0.105,0.1475,0.9705,1.5
"2-3","expedited_i >= 1.000 & HH_size_n >= 3.000 & unc_rawben_rel_max >= 0.998 & unc_rawben_rel_max < 1.420","xgboost",630,0.92381,0.90455,344,315,0.9157,0.0352,0.0272,3.279,0.1475,0.9705,1.5
"2-3","HH_size_n <   3.000 & rawben_rel_max >=   0.869 & unc_rawben_rel_max <   1.450 & utilities < 886.000","xgboost",4651,0.91163,0.90454,2361,2142,0.9072,0.2393,0.1663,22.507,0.1475,0.9705,1.5
"2-3","cat_elig <=   0.500 & HH_size_n >   2.500 & medical_deductions <= 122.000 & rawben_rel_max >   0.972","ranger",548,0.92518,0.90453,260,246,0.9462,0.0275,0.0098,2.479,0.1475,0.9705,1.5
"2-3","percent_abawd <=   1.670 & shelter_expenses_by_hh_size <= 280.000 & unc_rawben_rel_max >   0.958 & utilities >  30.500","ranger",1640,0.91646,0.90453,832,741,0.8906,0.0828,0.0854,7.931,0.1475,0.9705,1.5
"2-3","percent_abawd <= 1.670 & rawben_rel_max > 0.996","ranger",7617,0.91007,0.90453,3839,3475,0.9052,0.3882,0.3229,36.597,0.1475,0.9705,1.5
"2-3","married <  1.000 & months_since_cert_n < 16.000 & percent_abawd <  0.333 & shelter_expenses_by_hh_size < 21.000","xgboost",3340,0.91287,0.90451,1658,1489,0.8981,0.1663,0.1201,15.806,0.1475,0.9705,1.5
"2-3","total_deductions_by_hh_size < 624.000 & unc_rawben_rel_max >=   0.881 & unc_rawben_rel_max <   1.220","xgboost",6644,0.91045,0.90451,3430,3094,0.902,0.3456,0.2543,32.698,0.1475,0.9705,1.5
"2-3","months_since_cert_n <= 28.500 & rawben_rel_max >  0.997 & unc_rawben_rel_max <=  1.490 & utilities > 30.500","ranger",4027,0.91209,0.90447,2180,1965,0.9014,0.2195,0.1978,20.782,0.1475,0.9705,1.5
"2-3","cat_elig <   1 & married <   1 & months_since_cert_n <   4 & shelter_expenses_by_hh_size < 319","xgboost",963,0.92004,0.90446,488,445,0.9119,0.0497,0.0266,4.652,0.1475,0.9705,1.5
"2-3","children_i >=  1.0 & months_since_cert_n <  2.0 & shelter_expenses_by_hh_size < 93.5","xgboost",906,0.92053,0.90446,505,459,0.9089,0.0513,0.0318,4.814,0.1475,0.9705,1.5
"2-3","expedited_i <   1 & total_deductions_by_hh_size < 103 & utilities <  48","xgboost",3327,0.91283,0.90445,1694,1517,0.8955,0.1695,0.1194,16.149,0.1475,0.9705,1.5
"2-3","cat_elig < 1.00 & children_i >= 1.00 & HH_size_n < 3.00 & rawben_rel_max >= 0.71","xgboost",814,0.92138,0.90442,373,352,0.9437,0.0393,0.0145,3.556,0.1475,0.9705,1.5
"2-3","months_since_cert_n <  2.000 & rawben_rel_max >=  0.434 & shelter_expenses_by_hh_size < 25.000 & unc_rawben_rel_max >= -0.710","xgboost",871,0.92078,0.90439,493,449,0.9108,0.0502,0.0331,4.7,0.1475,0.9705,1.5
"2-3","count_divisible_by_100 <   1.00 & shelter_expenses_by_hh_size < 884.00 & unc_rawben_rel_max >=   1.05","xgboost",6071,0.91056,0.90435,3029,2741,0.9049,0.3062,0.2585,28.875,0.1475,0.9705,1.5
"2-3","shelter_expenses_by_hh_size < 721.0000 & unc_rawben_rel_max <   0.0106","xgboost",675,0.92296,0.90434,343,315,0.9184,0.0352,0.0219,3.27,0.1475,0.9705,1.5
"2-3","cat_elig <= 0.5 & children_i <= 0.5 & expedited_i > 0.5 & months_since_cert_n <= 5.5","ranger",44,0.97727,0.90433,32,29,0.9062,0.0032,0.0017,0.305,0.1475,0.9705,1.5
"2-3","cat_elig <= 0.500 & homeless > 0.500 & unc_rawben_rel_max > 0.997 & unc_rawben_rel_max <= 1.550","ranger",44,0.97727,0.90433,21,21,1,0.0023,0,0.2,0.1475,0.9705,1.5
"2-3","cat_elig >  0.500 & percent_abawd <=  0.417 & total_deductions_by_hh_size <= 55.300","ranger",4195,0.9118,0.90433,2085,1880,0.9017,0.21,0.1411,19.876,0.1475,0.9705,1.5
"2-3","count_divisible_by_100 <   1 & shelter_expenses_by_hh_size <  25 & total_deductions_by_hh_size < 490 & utilities < 322","xgboost",3813,0.91214,0.90431,1929,1745,0.9046,0.1949,0.1279,18.389,0.1475,0.9705,1.5
"2-3","cat_elig >=   2.000 & percent_abawd <   0.333 & shelter_expenses_by_hh_size < 163.000 & unc_rawben_rel_max >=   1.080","xgboost",767,0.92177,0.9043,102,90,0.8824,0.0101,0.0111,0.972,0.1475,0.9705,1.5
"2-3","elderly_disabled_i <= 0.500 & HH_size_n > 2.500 & months_since_cert_n <= 7.500 & unc_rawben_rel_max > 0.997","ranger",2312,0.91436,0.9043,1154,1049,0.909,0.1172,0.0943,11.001,0.1475,0.9705,1.5
"2-3","medical_deductions <= 610.000 & rawben_rel_max >   0.943 & shelter_expenses_by_hh_size <= 262.000 & utilities > 286.000","ranger",1199,0.91827,0.90429,646,571,0.8839,0.0638,0.0701,6.158,0.1475,0.9705,1.5
"2-3","rawben_rel_max >=   0.847 & shelter_expenses_by_hh_size < 362.000","xgboost",6380,0.91034,0.90429,3226,2915,0.9036,0.3256,0.2464,30.753,0.1475,0.9705,1.5
"2-3","expedited_i <= 0.500 & percent_abawd <= 0.167 & rawben_rel_max > 0.996","ranger",5418,0.91085,0.90428,2632,2382,0.905,0.2661,0.2252,25.091,0.1475,0.9705,1.5
"2-3","unc_rawben_rel_max >=   0.881 & unc_rawben_rel_max <   1.330 & utilities < 850.000","xgboost",7154,0.90998,0.90426,3633,3266,0.899,0.3648,0.2807,34.633,0.1475,0.9705,1.5
"2-3","months_since_cert_n <  33.00 & shelter_expenses_by_hh_size < 430.00 & total_deductions_by_hh_size < 225.00 & unc_rawben_rel_max >=   1.09","xgboost",2914,0.91318,0.90421,1498,1356,0.9052,0.1515,0.1188,14.28,0.1475,0.9705,1.5
"2-3","HH_size_n < 3.00 & months_since_cert_n < 7.00 & unc_rawben_rel_max >= 1.16 & unc_rawben_rel_max < 1.49","xgboost",1164,0.91838,0.90419,675,618,0.9156,0.069,0.0545,6.435,0.1475,0.9705,1.5
"2-3","cat_elig <= 0.50 & HH_size_n <= 2.50 & unc_rawben_rel_max <= 1.38","ranger",1478,0.91678,0.90419,721,663,0.9196,0.0741,0.0324,6.873,0.1475,0.9705,1.5
"2-3","cat_elig <= 0.50 & HH_size_n > 2.50 & homeless <= 0.50 & unc_rawben_rel_max > 1.01","ranger",499,0.92585,0.90418,223,211,0.9462,0.0236,0.0092,2.126,0.1475,0.9705,1.5
"2-3","HH_size_n >=   3.000 & rawben_rel_max >=   0.856 & shelter_expenses_by_hh_size < 262.000","xgboost",2375,0.91411,0.90417,1178,1059,0.899,0.1183,0.0983,11.23,0.1475,0.9705,1.5
"2-3","count_divisible_by_100 <= 0.500 & HH_size_n > 2.500 & percent_abawd <= 0.167 & rawben_rel_max > 0.997","ranger",2584,0.9137,0.90417,1284,1153,0.898,0.1288,0.1159,12.24,0.1475,0.9705,1.5
"2-3","cat_elig <=   0.500 & percent_abawd >   0.167 & shelter_expenses_by_hh_size <= 144.000","ranger",60,0.96667,0.90415,31,30,0.9677,0.0034,4e-04,0.296,0.1475,0.9705,1.5
"2-3","homeless > 0.500 & months_since_cert_n > 0.500 & rawben_rel_max > 0.918 & total_deductions_by_hh_size > 2.130","ranger",60,0.96667,0.90415,33,31,0.9394,0.0035,5e-04,0.315,0.1475,0.9705,1.5
"2-3","cat_elig <  2 & HH_size_n <  3 & homeless <  1 & shelter_expenses_by_hh_size < 21","xgboost",1354,0.91728,0.90412,1004,907,0.9034,0.1013,0.0666,9.571,0.1475,0.9705,1.5
"2-3","expedited_i <= 0.500 & total_deductions_by_hh_size > 0.217 & unc_rawben_rel_max > 0.997 & unc_rawben_rel_max <= 1.490","ranger",3631,0.91215,0.90411,1964,1778,0.9053,0.1986,0.1695,18.723,0.1475,0.9705,1.5
"2-3","rawben_rel_max >=   0.893 & shelter_expenses_by_hh_size < 297.000 & unc_rawben_rel_max >=  -0.497 & utilities >= 360.000","xgboost",1309,0.91749,0.90411,686,609,0.8878,0.068,0.0664,6.54,0.1475,0.9705,1.5
"2-3","HH_size_n >= 3.000 & unc_rawben_rel_max >= 0.998 & unc_rawben_rel_max < 1.510","xgboost",2998,0.91294,0.9041,1519,1367,0.8999,0.1527,0.1386,14.48,0.1475,0.9705,1.5
"2-3","cat_elig >   0.500 & count_divisible_by_100 <=   0.500 & medical_deductions <= 127.000 & rawben_rel_max >   0.997","ranger",5677,0.91052,0.90409,2951,2667,0.9038,0.2979,0.2569,28.132,0.1475,0.9705,1.5
"2-3","elderly_disabled_i <=   0.500 & shelter_expenses_by_hh_size > 147.000 & unc_rawben_rel_max >   0.987 & utilities > 451.000","ranger",2252,0.9143,0.90409,1066,981,0.9203,0.1096,0.0779,10.162,0.1475,0.9705,1.5
"2-3","cat_elig >  0.500 & expedited_i >  0.500 & rawben_rel_max >  0.997 & utilities <= 33.500","ranger",650,0.92308,0.90408,363,335,0.9229,0.0374,0.021,3.46,0.1475,0.9705,1.5
"2-3","count_divisible_by_100 >   0.500 & shelter_expenses_by_hh_size <= 251.000 & unc_rawben_rel_max >   0.997 & unc_rawben_rel_max <=   1.100","ranger",183,0.93989,0.90408,84,74,0.881,0.0083,0.0105,0.801,0.1475,0.9705,1.5
"2-3","children_i >=  1.0 & months_since_cert_n >=  2.0 & shelter_expenses_by_hh_size < 93.5","xgboost",2997,0.91291,0.90406,1430,1275,0.8916,0.1424,0.1026,13.632,0.1475,0.9705,1.5
"2-3","count_divisible_by_100 <=  0.5 & elderly_disabled_i <=  0.5 & homeless >  0.5 & utilities > 22.0","ranger",75,0.96,0.90406,46,44,0.9565,0.0049,0.001,0.439,0.1475,0.9705,1.5
"2-3","expedited_i <=   0.500 & medical_deductions <= 188.000 & months_since_cert_n <=   4.500 & rawben_rel_max >   0.997","ranger",3466,0.91229,0.90406,1692,1536,0.9078,0.1716,0.1355,16.13,0.1475,0.9705,1.5
"2-3","months_since_cert_n <=  0.500 & percent_abawd <=  0.833 & unc_rawben_rel_max >  0.973 & utilities <= 30.500","ranger",283,0.93286,0.90406,171,158,0.924,0.0176,0.0127,1.63,0.1475,0.9705,1.5
"2-3","medical_deductions <=   5.500 & percent_abawd <=   0.167 & shelter_expenses_by_hh_size <= 280.000 & utilities <=  32.500","ranger",4291,0.91144,0.90405,2171,1946,0.8964,0.2174,0.1558,20.696,0.1475,0.9705,1.5
"2-3","children_i >  0.5 & expedited_i <=  0.5 & HH_size_n >  2.5 & total_deductions_by_hh_size <= 13.6","ranger",1252,0.91773,0.90404,601,535,0.8902,0.0598,0.047,5.729,0.1475,0.9705,1.5
"2-3","homeless <=  0.500 & months_since_cert_n <= 32.500 & percent_abawd <=  1.750 & unc_rawben_rel_max >  0.996","ranger",7385,0.90968,0.90404,3712,3353,0.9033,0.3746,0.32,35.386,0.1475,0.9705,1.5
"2-3","cat_elig <=   0.5 & HH_size_n <=   2.5 & total_deductions_by_hh_size <= 451.0","ranger",1520,0.91645,0.90402,729,673,0.9232,0.0752,0.0314,6.949,0.1475,0.9705,1.5
"2-3","cat_elig > 1.500 & elderly_disabled_i <= 0.500 & percent_abawd <= 0.167 & unc_rawben_rel_max > 0.997","ranger",2426,0.91385,0.90401,278,251,0.9029,0.028,0.0231,2.65,0.1475,0.9705,1.5
"2-3","percent_abawd <=  0.167 & rawben_rel_max >  0.901 & rawben_rel_max <=  0.959 & total_deductions_by_hh_size <= 62.000","ranger",170,0.94118,0.90401,75,68,0.9067,0.0076,0.0063,0.715,0.1475,0.9705,1.5
"2-3","cat_elig <=    0.5 & HH_size_n <=    2.5 & medical_deductions <= 2430.0 & months_since_cert_n <=   12.5","ranger",1530,0.91634,0.90395,732,678,0.9262,0.0757,0.03,6.978,0.1475,0.9705,1.5
"2-3","homeless <=   0.500 & medical_deductions <= 625.000 & unc_rawben_rel_max >   0.996","ranger",7388,0.90958,0.90394,3712,3358,0.9046,0.3751,0.3137,35.386,0.1475,0.9705,1.5
"2-3","married >   0.500 & months_since_cert_n <=  31.000 & shelter_expenses_by_hh_size <= 280.000 & total_deductions_by_hh_size <=   0.217","ranger",591,0.92386,0.90392,287,276,0.9617,0.0308,0.006,2.736,0.1475,0.9705,1.5
"2-3","rawben_rel_max >=   0.551 & total_deductions_by_hh_size < 169.000 & utilities <  52.000","xgboost",4209,0.91138,0.90391,2143,1932,0.9015,0.2158,0.1483,20.429,0.1475,0.9705,1.5
"2-3","cat_elig <   1 & shelter_expenses_by_hh_size < 230","xgboost",1507,0.91639,0.9039,753,679,0.9017,0.0758,0.0431,7.178,0.1475,0.9705,1.5
"2-3","months_since_cert_n >=   3.00 & shelter_expenses_by_hh_size < 184.00 & unc_rawben_rel_max >=   1.09","xgboost",1362,0.91703,0.9039,647,589,0.9104,0.0658,0.051,6.168,0.1475,0.9705,1.5
"2-3","cat_elig <=   0.500 & count_divisible_by_100 <=   1.500 & rawben_rel_max <=   0.289 & shelter_expenses_by_hh_size > 138.000","ranger",117,0.94872,0.90389,40,37,0.925,0.0041,0.0019,0.381,0.1475,0.9705,1.5
"2-3","cat_elig < 1.000 & elderly_disabled_i >= 1.000 & rawben_rel_max < 0.427","xgboost",208,0.9375,0.90388,96,89,0.9271,0.0099,0.0017,0.915,0.1475,0.9705,1.5
"2-3","shelter_expenses_by_hh_size < 153.000 & total_deductions_by_hh_size < 113.000 & unc_rawben_rel_max >=   0.514","xgboost",4510,0.91109,0.90387,2304,2065,0.8963,0.2307,0.1647,21.964,0.1475,0.9705,1.5
"2-3","children_i >   0.5 & months_since_cert_n <=   0.5 & total_deductions_by_hh_size <= 101.0 & utilities <=  38.5","ranger",331,0.93051,0.90386,196,178,0.9082,0.0199,0.0155,1.868,0.1475,0.9705,1.5
"2-3","count_divisible_by_100 <   1.000 & rawben_rel_max >=   0.957 & shelter_expenses_by_hh_size < 628.000","xgboost",6608,0.90981,0.90384,3368,3072,0.9121,0.3432,0.2525,32.107,0.1475,0.9705,1.5
"2-3","cat_elig <=   0.5 & children_i <=   0.5 & count_divisible_by_100 <=   2.5 & total_deductions_by_hh_size <= 145.0","ranger",270,0.93333,0.90382,143,128,0.8951,0.0143,0.0084,1.363,0.1475,0.9705,1.5
"2-3","cat_elig >=   2.0 & percent_abawd <   0.5 & total_deductions_by_hh_size <   2.5 & utilities < 366.0","xgboost",1305,0.91724,0.90382,174,159,0.9138,0.0178,0.0109,1.659,0.1475,0.9705,1.5
"2-3","expedited_i >  0.5 & HH_size_n <=  2.5 & months_since_cert_n <= 12.0 & total_deductions_by_hh_size <= 24.7","ranger",602,0.92359,0.90382,303,281,0.9274,0.0314,0.0151,2.888,0.1475,0.9705,1.5
"2-3","medical_deductions <= 301.000 & months_since_cert_n >   5.500 & shelter_expenses_by_hh_size <= 496.000 & unc_rawben_rel_max >   0.968","ranger",1827,0.91516,0.90381,933,834,0.8939,0.0932,0.0855,8.894,0.1475,0.9705,1.5
"2-3","HH_size_n >  2.500 & percent_abawd <=  0.167 & total_deductions_by_hh_size <= 31.200","ranger",1705,0.91554,0.9038,826,743,0.8995,0.083,0.0593,7.874,0.1475,0.9705,1.5
"2-3","medical_deductions < 183.000 & rawben_rel_max >=   0.166 & shelter_expenses_by_hh_size <  12.300 & utilities < 424.000","xgboost",3728,0.91175,0.9038,1878,1695,0.9026,0.1893,0.1231,17.903,0.1475,0.9705,1.5
"2-3","children_i >   0.5 & shelter_expenses_by_hh_size <= 285.0 & utilities <=  30.5","ranger",4007,0.91141,0.90374,2038,1825,0.8955,0.2039,0.1426,19.428,0.1475,0.9705,1.5
"2-3","homeless <= 0.500 & percent_abawd <= 1.750 & unc_rawben_rel_max > 0.996","ranger",7393,0.90937,0.90373,3716,3357,0.9034,0.375,0.32,35.424,0.1475,0.9705,1.5
"2-3","months_since_cert_n < 5.000 & unc_rawben_rel_max >= 0.894 & unc_rawben_rel_max < 1.420","xgboost",5032,0.91057,0.90373,2465,2232,0.9055,0.2493,0.1895,23.499,0.1475,0.9705,1.5
"2-3","HH_size_n <=   2.500 & rawben_rel_max >   0.879 & shelter_expenses_by_hh_size <= 254.000 & utilities >  25.500","ranger",728,0.9217,0.90372,393,350,0.8906,0.0391,0.0347,3.746,0.1475,0.9705,1.5
"2-3","married >  0.50 & total_deductions_by_hh_size <=  1.05 & unc_rawben_rel_max > -1.72","ranger",682,0.92229,0.90371,346,334,0.9653,0.0373,0.0063,3.298,0.1475,0.9705,1.5
"2-3","elderly_disabled_i >= 1.000 & rawben_rel_max < 0.902 & total_deductions_by_hh_size < 4.100","xgboost",1023,0.91887,0.90369,540,497,0.9204,0.0555,0.0254,5.148,0.1475,0.9705,1.5
"2-3","HH_size_n <= 2.500 & total_deductions_by_hh_size > 1.270 & unc_rawben_rel_max > 0.997 & unc_rawben_rel_max <= 1.690","ranger",2865,0.91274,0.90367,1439,1316,0.9145,0.147,0.1135,13.718,0.1475,0.9705,1.5
"2-3","children_i <=   0.500 & expedited_i <=   0.500 & rawben_rel_max <=   0.154 & shelter_expenses_by_hh_size <= 945.000","ranger",796,0.92085,0.90365,387,359,0.9276,0.0401,0.0194,3.689,0.1475,0.9705,1.5
"2-3","married <=   0.500 & percent_abawd <=   0.167 & shelter_expenses_by_hh_size <= 120.000","ranger",4077,0.91121,0.90361,2049,1823,0.8897,0.2036,0.1578,19.533,0.1475,0.9705,1.5
"2-3","elderly_disabled_i > 0.500 & homeless <= 0.500 & percent_abawd <= 0.167 & rawben_rel_max <= 0.137","ranger",875,0.92,0.90359,420,387,0.9214,0.0432,0.0217,4.004,0.1475,0.9705,1.5
"2-3","cat_elig <=   0.5 & children_i <=   0.5 & shelter_expenses_by_hh_size <= 386.0 & total_deductions_by_hh_size <=  52.2","ranger",182,0.93956,0.90357,90,86,0.9556,0.0096,0.0024,0.858,0.1475,0.9705,1.5
"2-3","children_i <=   0.500 & married >   0.500 & unc_rawben_rel_max >   0.997 & utilities <= 335.000","ranger",182,0.93956,0.90357,85,79,0.9294,0.0088,0.004,0.81,0.1475,0.9705,1.5
"2-3","medical_deductions >=  142.000 & rawben_rel_max <    0.146 & shelter_expenses_by_hh_size < 1020.000","xgboost",182,0.93956,0.90357,87,83,0.954,0.0093,0.003,0.829,0.1475,0.9705,1.5
"2-3","HH_size_n > 2.500 & rawben_rel_max > 0.998 & unc_rawben_rel_max <= 1.550","ranger",3003,0.91242,0.90356,1523,1369,0.8989,0.1529,0.1394,14.519,0.1475,0.9705,1.5
"2-3","count_divisible_by_100 <=   0.500 & HH_size_n >   2.500 & medical_deductions <= 128.000 & rawben_rel_max >   0.997","ranger",2730,0.91282,0.90353,1388,1245,0.897,0.1391,0.1261,13.232,0.1475,0.9705,1.5
"2-3","count_divisible_by_100 <=  0.500 & expedited_i >  0.500 & total_deductions_by_hh_size > 27.000 & unc_rawben_rel_max >  0.998","ranger",829,0.92039,0.90352,414,371,0.8961,0.0414,0.0367,3.947,0.1475,0.9705,1.5
"2-3","HH_size_n >  2.5 & medical_deductions <= 34.5 & total_deductions_by_hh_size <= 22.4","ranger",1700,0.91529,0.90351,838,752,0.8974,0.084,0.061,7.989,0.1475,0.9705,1.5
"2-3","children_i >   0.500 & rawben_rel_max >   0.897 & shelter_expenses_by_hh_size <= 259.000 & utilities >  43.000","ranger",1401,0.91649,0.90351,728,640,0.8791,0.0715,0.0793,6.94,0.1475,0.9705,1.5
"2-3","count_divisible_by_100 <  1 & shelter_expenses_by_hh_size < 21","xgboost",3749,0.91144,0.90351,1904,1719,0.9028,0.192,0.1284,18.151,0.1475,0.9705,1.5
"2-3","expedited_i > 0.500 & percent_abawd <= 0.417 & rawben_rel_max > 0.905","ranger",1744,0.91514,0.90351,913,832,0.9113,0.0929,0.067,8.704,0.1475,0.9705,1.5
"2-3","expedited_i > 0.500 & unc_rawben_rel_max > 0.942","ranger",1832,0.91485,0.9035,956,871,0.9111,0.0973,0.0708,9.113,0.1475,0.9705,1.5
"2-3","months_since_cert_n >   5.500 & percent_abawd <=   0.167 & rawben_rel_max >   0.996 & total_deductions_by_hh_size <= 465.000","ranger",1832,0.91485,0.9035,944,841,0.8909,0.0939,0.0936,8.999,0.1475,0.9705,1.5
"2-3","expedited_i <=   0.500 & rawben_rel_max >   0.904 & shelter_expenses_by_hh_size > 207.000 & shelter_expenses_by_hh_size <= 276.000","ranger",623,0.92295,0.90349,299,262,0.8763,0.0293,0.0325,2.85,0.1475,0.9705,1.5
"2-3","children_i <=   0.500 & percent_abawd <=   0.417 & rawben_rel_max <=   0.154 & total_deductions_by_hh_size <= 546.000","ranger",749,0.92123,0.90348,361,331,0.9169,0.037,0.0236,3.441,0.1475,0.9705,1.5
"2-3","homeless <= 0.500 & rawben_rel_max > 0.996","ranger",7395,0.90913,0.90348,3717,3358,0.9034,0.3751,0.32,35.434,0.1475,0.9705,1.5
"2-3","elderly_disabled_i >   0.500 & rawben_rel_max <=   0.149 & total_deductions_by_hh_size <= 564.000","ranger",953,0.9192,0.90347,452,415,0.9181,0.0464,0.0244,4.309,0.1475,0.9705,1.5
"2-3","expedited_i >   0.500 & shelter_expenses_by_hh_size <= 264.000 & total_deductions_by_hh_size >  62.000 & unc_rawben_rel_max >   0.997","ranger",269,0.93309,0.90347,139,127,0.9137,0.0142,0.0111,1.325,0.1475,0.9705,1.5
"2-3","months_since_cert_n <   4 & shelter_expenses_by_hh_size < 138 & utilities < 714","xgboost",2565,0.91306,0.90347,1306,1173,0.8982,0.131,0.0906,12.45,0.1475,0.9705,1.5
"2-3","months_since_cert_n >= 5.000 & rawben_rel_max < 0.595 & total_deductions_by_hh_size < 2.500","xgboost",507,0.92505,0.90347,292,271,0.9281,0.0303,0.0113,2.784,0.1475,0.9705,1.5
"2-3","cat_elig <=   0.500 & shelter_expenses_by_hh_size > 248.000 & total_deductions_by_hh_size > 306.000 & unc_rawben_rel_max >   0.879","ranger",232,0.93534,0.90345,122,116,0.9508,0.013,0.0028,1.163,0.1475,0.9705,1.5
"2-3","months_since_cert_n >=  5.00 & months_since_cert_n < 29.00 & total_deductions_by_hh_size < 59.00 & unc_rawben_rel_max >=  1.11","xgboost",565,0.92389,0.90345,280,259,0.925,0.0289,0.0176,2.669,0.1475,0.9705,1.5
"2-3","cat_elig > 0.500 & percent_abawd <= 0.167 & rawben_rel_max > 0.996","ranger",5810,0.90981,0.90344,2930,2636,0.8997,0.2945,0.2644,27.931,0.1475,0.9705,1.5
"2-3","rawben_rel_max >=  0.423 & total_deductions_by_hh_size < 65.900 & unc_rawben_rel_max >=  0.277","xgboost",4597,0.91059,0.90343,2320,2088,0.9,0.2332,0.1601,22.116,0.1475,0.9705,1.5
"2-3","count_divisible_by_100 <   1 & months_since_cert_n >=   3 & shelter_expenses_by_hh_size <  15 & total_deductions_by_hh_size < 147","xgboost",2192,0.91378,0.9034,1096,991,0.9042,0.1107,0.0709,10.448,0.1475,0.9705,1.5
"2-3","HH_size_n <=   2.500 & rawben_rel_max >   0.997 & unc_rawben_rel_max <=   1.630 & utilities > 286.000","ranger",2312,0.91349,0.90339,1187,1091,0.9191,0.1219,0.0864,11.316,0.1475,0.9705,1.5
"2-3","HH_size_n >=   3.00 & total_deductions_by_hh_size < 709.00 & unc_rawben_rel_max >=   1.00 & unc_rawben_rel_max <   1.55","xgboost",2976,0.9123,0.90339,1516,1366,0.9011,0.1526,0.1363,14.452,0.1475,0.9705,1.5
"2-3","expedited_i <=   0.500 & medical_deductions <= 148.000 & unc_rawben_rel_max >   0.998","ranger",5805,0.90973,0.90335,2902,2625,0.9045,0.2932,0.2478,27.664,0.1475,0.9705,1.5
"2-3","cat_elig <=   0.500 & shelter_expenses_by_hh_size >  94.700 & shelter_expenses_by_hh_size <= 280.000 & unc_rawben_rel_max >   0.997","ranger",293,0.93174,0.90334,137,125,0.9124,0.014,0.0096,1.306,0.1475,0.9705,1.5
"2-3","cat_elig > 0.500 & cat_elig <= 2.500 & percent_abawd <= 0.167 & rawben_rel_max > 0.996","ranger",5697,0.90978,0.90334,2930,2636,0.8997,0.2945,0.2644,27.931,0.1475,0.9705,1.5
"2-3","medical_deductions < 5.000 & rawben_rel_max < 0.342 & total_deductions_by_hh_size < 2.500","xgboost",599,0.92321,0.90334,302,290,0.9603,0.0324,0.0062,2.879,0.1475,0.9705,1.5
"2-3","cat_elig <=  0.5 & HH_size_n <=  2.5 & months_since_cert_n <= 12.5","ranger",1531,0.91574,0.90332,732,678,0.9262,0.0757,0.03,6.978,0.1475,0.9705,1.5
"2-3","expedited_i <=   0.500 & medical_deductions <= 102.000 & rawben_rel_max >   0.997","ranger",5792,0.9097,0.90332,2898,2623,0.9051,0.293,0.2459,27.626,0.1475,0.9705,1.5
"2-3","count_divisible_by_100 <=  0.50 & total_deductions_by_hh_size <=  1.77 & unc_rawben_rel_max > -1.96 & unc_rawben_rel_max <=  1.02","ranger",1553,0.91565,0.90331,767,696,0.9074,0.0777,0.042,7.312,0.1475,0.9705,1.5
"2-3","shelter_expenses_by_hh_size >= 222.0 & total_deductions_by_hh_size >=  34.5 & total_deductions_by_hh_size <  65.9","xgboost",305,0.93115,0.90331,144,127,0.8819,0.0142,0.0094,1.373,0.1475,0.9705,1.5
"2-3","cat_elig <=  0.500 & elderly_disabled_i >  0.500 & percent_abawd <=  0.167 & total_deductions_by_hh_size <= 52.900","ranger",244,0.93443,0.9033,122,112,0.918,0.0125,0.0053,1.163,0.1475,0.9705,1.5
"2-3","cat_elig <= 1.500 & rawben_rel_max <= 0.998 & total_deductions_by_hh_size <= 3.950","ranger",1142,0.91769,0.9033,767,697,0.9087,0.0779,0.0408,7.312,0.1475,0.9705,1.5
"2-3","count_divisible_by_100 <= 0.500 & expedited_i <= 0.500 & unc_rawben_rel_max > 0.997","ranger",5288,0.90998,0.9033,2669,2416,0.9052,0.2699,0.2316,25.443,0.1475,0.9705,1.5
"2-3","months_since_cert_n >   5.500 & percent_abawd <=   1.750 & rawben_rel_max >   0.996 & shelter_expenses_by_hh_size <= 572.000","ranger",1850,0.91459,0.90329,949,847,0.8925,0.0946,0.0927,9.047,0.1475,0.9705,1.5
"2-3","months_since_cert_n >   5.500 & shelter_expenses_by_hh_size <= 496.000 & unc_rawben_rel_max >   0.968","ranger",1828,0.91466,0.90329,933,834,0.8939,0.0932,0.0855,8.894,0.1475,0.9705,1.5
"2-3","shelter_expenses_by_hh_size < 583.00 & unc_rawben_rel_max >=   1.01 & utilities >= 580.00 & utilities < 875.00","xgboost",827,0.92019,0.90329,402,368,0.9154,0.0411,0.0256,3.832,0.1475,0.9705,1.5
"2-3","married >   0.50 & months_since_cert_n <=  36.50 & shelter_expenses_by_hh_size <= 599.00 & total_deductions_by_hh_size <=   1.27","ranger",679,0.92194,0.90328,341,329,0.9648,0.0368,0.0063,3.251,0.1475,0.9705,1.5
"2-3","cat_elig <=   0.5 & expedited_i >   0.5 & total_deductions_by_hh_size > 135.0 & unc_rawben_rel_max <=   1.5","ranger",194,0.93814,0.90323,100,94,0.94,0.0105,0.0042,0.953,0.1475,0.9705,1.5
"2-3","expedited_i >   0.500 & percent_abawd <=   0.167 & shelter_expenses_by_hh_size <=  24.500 & total_deductions_by_hh_size <= 452.000","ranger",883,0.91959,0.90323,446,411,0.9215,0.0459,0.0262,4.252,0.1475,0.9705,1.5
"2-3","months_since_cert_n <    6.000 & rawben_rel_max >=    0.974 & shelter_expenses_by_hh_size < 1020.000 & unc_rawben_rel_max >=    1.050","xgboost",4770,0.91027,0.90323,2357,2141,0.9084,0.2392,0.1883,22.469,0.1475,0.9705,1.5
"2-3","months_since_cert_n >= 12.00 & rawben_rel_max >=  1.00 & unc_rawben_rel_max <  1.34","xgboost",194,0.93814,0.90323,112,101,0.9018,0.0113,0.0085,1.068,0.1475,0.9705,1.5
"2-3","cat_elig <= 0.500 & count_divisible_by_100 <= 1.500 & total_deductions_by_hh_size > 2.500 & unc_rawben_rel_max > 0.975","ranger",747,0.92102,0.90322,342,320,0.9357,0.0357,0.013,3.26,0.1475,0.9705,1.5
"2-3","rawben_rel_max >=   0.882 & shelter_expenses_by_hh_size < 535.000 & total_deductions_by_hh_size < 466.000","xgboost",7609,0.90879,0.90322,3845,3463,0.9007,0.3868,0.3114,36.654,0.1475,0.9705,1.5
"2-3","HH_size_n >   2.5 & shelter_expenses_by_hh_size <= 307.0 & total_deductions_by_hh_size <=  29.9","ranger",1760,0.91477,0.90318,858,771,0.8986,0.0861,0.0613,8.179,0.1475,0.9705,1.5
"2-3","months_since_cert_n >   5.500 & shelter_expenses_by_hh_size <= 544.000 & total_deductions_by_hh_size <=   0.217","ranger",1263,0.91686,0.90318,638,585,0.9169,0.0653,0.0372,6.082,0.1475,0.9705,1.5
"2-3","children_i > 0.50 & expedited_i <= 0.50 & months_since_cert_n > 5.50 & total_deductions_by_hh_size <= 8.83","ranger",792,0.92045,0.90317,358,317,0.8855,0.0354,0.0288,3.413,0.1475,0.9705,1.5
"2-3","rawben_rel_max >   0.016 & rawben_rel_max <=   0.148 & total_deductions_by_hh_size <= 339.000","ranger",1196,0.91722,0.90316,580,529,0.9121,0.0591,0.0364,5.529,0.1475,0.9705,1.5
"2-3","cat_elig >  0.500 & months_since_cert_n <= 32.500 & percent_abawd <=  0.583 & rawben_rel_max >  0.997","ranger",6102,0.90937,0.90315,3144,2819,0.8966,0.3149,0.2926,29.971,0.1475,0.9705,1.5
"2-3","elderly_disabled_i <=   0.500 & rawben_rel_max >   0.997 & utilities > 360.000","ranger",3066,0.91194,0.90315,1610,1463,0.9087,0.1634,0.1314,15.348,0.1475,0.9705,1.5
"2-3","months_since_cert_n >= 1.000 & unc_rawben_rel_max >= 0.881 & unc_rawben_rel_max < 1.230","xgboost",6209,0.90933,0.90315,3182,2867,0.901,0.3203,0.2369,30.334,0.1475,0.9705,1.5
"2-3","expedited_i > 0.500 & rawben_rel_max > 0.923","ranger",1858,0.91442,0.90314,966,881,0.912,0.0984,0.0708,9.209,0.1475,0.9705,1.5
"2-3","children_i >  0.5 & HH_size_n <=  2.5 & utilities <= 30.5","ranger",2371,0.91312,0.90312,1213,1093,0.9011,0.1221,0.0863,11.563,0.1475,0.9705,1.5
"2-3","expedited_i <= 0.500 & married <= 0.500 & rawben_rel_max > 0.996","ranger",5118,0.90993,0.90312,2558,2316,0.9054,0.2587,0.2169,24.385,0.1475,0.9705,1.5
"2-3","elderly_disabled_i <   1.000 & rawben_rel_max >=   0.913 & shelter_expenses_by_hh_size < 986.000","xgboost",7685,0.90865,0.9031,3877,3513,0.9061,0.3924,0.3051,36.959,0.1475,0.9705,1.5
"2-3","count_divisible_by_100 <=   0.500 & expedited_i <=   0.500 & medical_deductions <= 196.000 & unc_rawben_rel_max >   0.996","ranger",5298,0.90978,0.90309,2655,2409,0.9073,0.2691,0.2237,25.31,0.1475,0.9705,1.5
"2-3","homeless <=   0.5 & months_since_cert_n <=   7.5 & shelter_expenses_by_hh_size <= 110.0","ranger",3614,0.91118,0.90308,1751,1568,0.8955,0.1752,0.122,16.692,0.1475,0.9705,1.5
"2-3","cat_elig > 0.500 & count_divisible_by_100 <= 0.500 & percent_abawd <= 1.750 & unc_rawben_rel_max > 0.997","ranger",5713,0.9095,0.90307,2979,2685,0.9013,0.2999,0.2674,28.398,0.1475,0.9705,1.5
"2-3","months_since_cert_n < 16.000 & percent_abawd <  0.333 & shelter_expenses_by_hh_size < 21.000","xgboost",3632,0.91107,0.90299,1811,1630,0.9001,0.1821,0.1259,17.264,0.1475,0.9705,1.5
"2-3","cat_elig >= 1.000 & married < 1.000 & unc_rawben_rel_max >= 0.998","xgboost",5494,0.90954,0.90297,2831,2545,0.899,0.2843,0.255,26.988,0.1475,0.9705,1.5
"2-3","count_divisible_by_100 <=   0.500 & shelter_expenses_by_hh_size > 419.000 & total_deductions_by_hh_size <=  97.500 & unc_rawben_rel_max <=   0.997","ranger",206,0.93689,0.90297,93,82,0.8817,0.0092,0.0055,0.887,0.1475,0.9705,1.5
"2-3","medical_deductions <=  5.5 & shelter_expenses_by_hh_size <= 13.6","ranger",3803,0.91086,0.90296,1926,1737,0.9019,0.194,0.1278,18.36,0.1475,0.9705,1.5
"2-3","cat_elig >   1.5 & homeless <=   0.5 & rawben_rel_max >   0.9 & utilities <= 284.0","ranger",1459,0.9157,0.90295,199,182,0.9146,0.0203,0.0135,1.897,0.1475,0.9705,1.5
"2-3","cat_elig <=   0.5 & shelter_expenses_by_hh_size <= 237.0 & total_deductions_by_hh_size <= 468.0","ranger",1547,0.91532,0.90294,771,696,0.9027,0.0777,0.0438,7.35,0.1475,0.9705,1.5
"2-3","expedited_i <   1.00 & total_deductions_by_hh_size >= 208.00 & unc_rawben_rel_max >=   1.12 & unc_rawben_rel_max <   1.42","xgboost",1237,0.91673,0.90288,752,677,0.9003,0.0756,0.0663,7.169,0.1475,0.9705,1.5
"2-3","expedited_i >  0.5 & medical_deductions <= 26.5 & total_deductions_by_hh_size <= 26.8","ranger",936,0.9188,0.90288,483,453,0.9379,0.0506,0.0226,4.604,0.1475,0.9705,1.5
"2-3","cat_elig >   0.500 & rawben_rel_max >   0.997 & total_deductions_by_hh_size <= 786.000","ranger",6223,0.90905,0.90287,3222,2901,0.9004,0.3241,0.2857,30.715,0.1475,0.9705,1.5
"2-3","count_divisible_by_100 <=   0.5 & shelter_expenses_by_hh_size <= 276.0 & utilities <=  30.5","ranger",4239,0.91036,0.90287,2195,1969,0.897,0.22,0.1563,20.925,0.1475,0.9705,1.5
"2-3","elderly_disabled_i >   0.500 & rawben_rel_max <=   0.192 & total_deductions_by_hh_size <= 379.000 & unc_rawben_rel_max <=   0.998","ranger",1070,0.91776,0.90286,473,437,0.9239,0.0488,0.0227,4.509,0.1475,0.9705,1.5
"2-3","married >   0.50 & shelter_expenses_by_hh_size <= 592.00 & total_deductions_by_hh_size <=   1.05","ranger",676,0.9216,0.90286,344,332,0.9651,0.0371,0.0063,3.279,0.1475,0.9705,1.5
"2-3","months_since_cert_n <  10.00 & percent_abawd <   0.75 & shelter_expenses_by_hh_size < 145.00 & total_deductions_by_hh_size < 138.00","xgboost",4367,0.91024,0.90286,2165,1930,0.8915,0.2156,0.1648,20.639,0.1475,0.9705,1.5
"2-3","cat_elig <=    0.500 & shelter_expenses_by_hh_size <= 1060.000 & total_deductions_by_hh_size >    0.217 & unc_rawben_rel_max >    0.975","ranger",744,0.9207,0.90284,343,320,0.9329,0.0357,0.0147,3.27,0.1475,0.9705,1.5
"2-3","months_since_cert_n > 1.500 & percent_abawd <= 1.750 & unc_rawben_rel_max > 0.997","ranger",5902,0.90918,0.90284,2927,2633,0.8996,0.2941,0.2579,27.903,0.1475,0.9705,1.5
"2-3","cat_elig <   1.000 & months_since_cert_n >=   1.000 & rawben_rel_max >=   0.967 & total_deductions_by_hh_size >= 352.000","xgboost",74,0.95946,0.90282,32,31,0.9688,0.0035,6e-04,0.305,0.1475,0.9705,1.5
"2-3","medical_deductions <= 213 & shelter_expenses_by_hh_size <= 169 & utilities <=  22","ranger",4194,0.91035,0.90282,2144,1928,0.8993,0.2154,0.1448,20.439,0.1475,0.9705,1.5
"2-3","children_i >   0.5 & homeless <=   0.5 & shelter_expenses_by_hh_size <= 285.0 & utilities <=  30.5","ranger",3818,0.91069,0.9028,1942,1736,0.8939,0.1939,0.1385,18.513,0.1475,0.9705,1.5
"2-3","elderly_disabled_i >  0.50 & expedited_i <=  0.50 & rawben_rel_max <=  0.15 & utilities > 30.50","ranger",879,0.91923,0.90279,419,385,0.9189,0.043,0.0222,3.994,0.1475,0.9705,1.5
"2-3","total_deductions_by_hh_size >= 63.3 & unc_rawben_rel_max >=  1.0 & unc_rawben_rel_max <  1.5","xgboost",4192,0.91031,0.90278,2287,2070,0.9051,0.2312,0.1964,21.802,0.1475,0.9705,1.5
"2-3","cat_elig <   2.000 & total_deductions_by_hh_size < 606.000 & unc_rawben_rel_max >=   0.935 & utilities < 875.000","xgboost",4992,0.90966,0.90276,3643,3283,0.9012,0.3667,0.305,34.728,0.1475,0.9705,1.5
"2-3","rawben_rel_max >=   0.303 & shelter_expenses_by_hh_size < 104.000 & total_deductions_by_hh_size < 186.000","xgboost",4341,0.91016,0.90276,2193,1966,0.8965,0.2196,0.1544,20.906,0.1475,0.9705,1.5
"2-3","cat_elig < 1 & children_i < 1 & HH_size_n < 3","xgboost",480,0.925,0.90275,254,226,0.8898,0.0252,0.014,2.421,0.1475,0.9705,1.5
"2-3","cat_elig >   1.5 & shelter_expenses_by_hh_size <= 550.0 & total_deductions_by_hh_size <=  62.0 & utilities <=  39.5","ranger",1467,0.91547,0.90275,206,191,0.9272,0.0213,0.0111,1.964,0.1475,0.9705,1.5
"2-3","cat_elig > 0.500 & count_divisible_by_100 <= 0.500 & unc_rawben_rel_max > 0.997","ranger",5715,0.90919,0.90274,2980,2686,0.9013,0.3,0.2674,28.408,0.1475,0.9705,1.5
"2-3","months_since_cert_n >=   2 & total_deductions_by_hh_size < 129 & utilities <  31","xgboost",3268,0.91126,0.90273,1623,1462,0.9008,0.1633,0.1071,15.472,0.1475,0.9705,1.5
"2-3","cat_elig <=  1.500 & elderly_disabled_i <=  0.500 & rawben_rel_max >  0.997 & utilities > 22.000","ranger",2491,0.91248,0.90272,1819,1640,0.9016,0.1832,0.1676,17.34,0.1475,0.9705,1.5
"2-3","cat_elig <=   0.500 & married >   0.500 & rawben_rel_max <=   0.424 & total_deductions_by_hh_size <= 452.000","ranger",102,0.95098,0.90271,46,45,0.9783,0.005,2e-04,0.439,0.1475,0.9705,1.5
"2-3","cat_elig >=   1.000 & HH_size_n <   3.000 & total_deductions_by_hh_size < 135.000 & unc_rawben_rel_max <   0.251","xgboost",743,0.92059,0.90271,352,328,0.9318,0.0366,0.0114,3.356,0.1475,0.9705,1.5
"2-3","children_i > 0.500 & HH_size_n <= 2.500 & homeless > 0.500 & rawben_rel_max > 0.997","ranger",102,0.95098,0.90271,56,56,1,0.0063,0,0.534,0.1475,0.9705,1.5
"2-3","rawben_rel_max <   0.689 & shelter_expenses_by_hh_size >= 128.000 & total_deductions_by_hh_size <   2.500 & unc_rawben_rel_max <   0.894","xgboost",743,0.92059,0.90271,392,366,0.9337,0.0409,0.0163,3.737,0.1475,0.9705,1.5
"2-3","count_divisible_by_100 <= 1.500 & expedited_i <= 0.500 & rawben_rel_max > 0.997","ranger",5798,0.90911,0.9027,2914,2632,0.9032,0.294,0.2545,27.779,0.1475,0.9705,1.5
"2-3","medical_deductions < 123 & total_deductions_by_hh_size < 122 & utilities < 136","xgboost",4733,0.90978,0.9027,2390,2145,0.8975,0.2396,0.1622,22.784,0.1475,0.9705,1.5
"2-3","percent_abawd <=   0.583 & shelter_expenses_by_hh_size <= 254.000 & utilities <=  25.500","ranger",4326,0.91008,0.90267,2222,1992,0.8965,0.2225,0.1588,21.182,0.1475,0.9705,1.5
"2-3","cat_elig <   2 & shelter_expenses_by_hh_size < 314 & total_deductions_by_hh_size <  83 & utilities < 596","xgboost",3662,0.9107,0.90265,2566,2305,0.8983,0.2575,0.1677,24.461,0.1475,0.9705,1.5
"2-3","percent_abawd <   0.333 & shelter_expenses_by_hh_size < 145.000 & utilities < 340.000","xgboost",4656,0.90979,0.90265,2252,2014,0.8943,0.225,0.16,21.468,0.1475,0.9705,1.5
"2-3","expedited_i <=    0.500 & medical_deductions <= 1190.000 & percent_abawd <=    1.420 & rawben_rel_max >    0.997","ranger",5826,0.90903,0.90264,2920,2639,0.9038,0.2948,0.2509,27.836,0.1475,0.9705,1.5
"2-3","HH_size_n <   3.000 & rawben_rel_max >=   0.996 & total_deductions_by_hh_size >= 439.000 & unc_rawben_rel_max <   1.360","xgboost",230,0.93478,0.90263,111,106,0.955,0.0118,0.0031,1.058,0.1475,0.9705,1.5
"2-3","cat_elig <=  0.5 & expedited_i >  0.5 & married <=  0.5 & utilities <= 44.5","ranger",230,0.93478,0.90263,102,99,0.9706,0.0111,0.0019,0.972,0.1475,0.9705,1.5
"2-3","rawben_rel_max >=  0.322 & total_deductions_by_hh_size < 42.300 & unc_rawben_rel_max <  1.070 & utilities < 28.000","xgboost",1123,0.91719,0.90263,553,499,0.9024,0.0557,0.0316,5.272,0.1475,0.9705,1.5
"2-3","expedited_i <   1 & medical_deductions < 175 & unc_rawben_rel_max >=   1","xgboost",5782,0.90903,0.90261,2899,2623,0.9048,0.293,0.2461,27.636,0.1475,0.9705,1.5
"2-3","elderly_disabled_i >=  1.0 & months_since_cert_n < 10.0 & total_deductions_by_hh_size <  4.1","xgboost",776,0.9201,0.90259,424,388,0.9151,0.0433,0.0241,4.042,0.1475,0.9705,1.5
"2-3","percent_abawd <=   0.167 & shelter_expenses_by_hh_size <= 280.000 & utilities <=  32.500","ranger",4321,0.90997,0.90255,2187,1960,0.8962,0.2189,0.1564,20.848,0.1475,0.9705,1.5
"2-3","rawben_rel_max >=   0.743 & shelter_expenses_by_hh_size < 300.000 & total_deductions_by_hh_size < 181.000","xgboost",5162,0.90934,0.90255,2603,2335,0.897,0.2608,0.1929,24.814,0.1475,0.9705,1.5
"2-3","cat_elig <   1.000 & rawben_rel_max >=   0.689 & shelter_expenses_by_hh_size < 251.000 & unc_rawben_rel_max <   1.170","xgboost",1033,0.91772,0.90254,512,476,0.9297,0.0532,0.0224,4.881,0.1475,0.9705,1.5
"2-3","cat_elig <=   0.500 & children_i <=   0.500 & rawben_rel_max >   0.997 & utilities <= 308.000","ranger",88,0.95455,0.90254,51,49,0.9608,0.0055,0.0016,0.486,0.1475,0.9705,1.5
"2-3","cat_elig <= 0.500 & total_deductions_by_hh_size > 0.217 & unc_rawben_rel_max > 0.975","ranger",753,0.92032,0.90254,345,322,0.9333,0.036,0.0147,3.289,0.1475,0.9705,1.5
"2-3","elderly_disabled_i <   1.000 & rawben_rel_max >=   0.865 & shelter_expenses_by_hh_size < 670.000 & total_deductions_by_hh_size < 428.000","xgboost",7535,0.90816,0.90254,3833,3475,0.9066,0.3882,0.2865,36.54,0.1475,0.9705,1.5
"2-3","months_since_cert_n <   5.00000 & rawben_rel_max <   0.07630 & shelter_expenses_by_hh_size < 628.00000 & unc_rawben_rel_max <  -0.00871","xgboost",242,0.93388,0.90252,121,112,0.9256,0.0125,0.0061,1.153,0.1475,0.9705,1.5
"2-3","expedited_i >=  1.0 & months_since_cert_n < 11.0 & shelter_expenses_by_hh_size < 21.0 & total_deductions_by_hh_size <  4.1","xgboost",809,0.91965,0.9025,401,375,0.9352,0.0419,0.0188,3.823,0.1475,0.9705,1.5
"2-3","unc_rawben_rel_max >= 0.97 & unc_rawben_rel_max < 1.74","xgboost",7965,0.90797,0.9025,4056,3670,0.9048,0.41,0.334,38.665,0.1475,0.9705,1.5
"2-3","cat_elig <= 0.50 & children_i > 0.50 & rawben_rel_max > 0.84","ranger",1408,0.91548,0.90248,663,621,0.9367,0.0694,0.0272,6.32,0.1475,0.9705,1.5
"2-3","cat_elig <= 0.50 & count_divisible_by_100 <= 0.50 & HH_size_n <= 2.50 & unc_rawben_rel_max <= 1.45","ranger",1397,0.91553,0.90248,657,601,0.9148,0.0671,0.0311,6.263,0.1475,0.9705,1.5
"2-3","expedited_i > 0.500 & months_since_cert_n > 1.500 & months_since_cert_n <= 5.500 & rawben_rel_max > 0.997","ranger",865,0.91908,0.90248,405,371,0.916,0.0414,0.0304,3.861,0.1475,0.9705,1.5
"2-3","shelter_expenses_by_hh_size >= 200 & shelter_expenses_by_hh_size < 355 & unc_rawben_rel_max >=   1","xgboost",1287,0.91608,0.90248,647,594,0.9181,0.0664,0.0432,6.168,0.1475,0.9705,1.5
"2-3","expedited_i < 1.000 & HH_size_n >= 3.000 & unc_rawben_rel_max >= 0.998 & unc_rawben_rel_max < 1.420","xgboost",2355,0.91253,0.90247,1170,1047,0.8949,0.117,0.1114,11.153,0.1475,0.9705,1.5
"2-3","cat_elig <=   0.5 & children_i <=   0.5 & medical_deductions <= 191.0","ranger",513,0.92398,0.90242,265,237,0.8943,0.0265,0.0146,2.526,0.1475,0.9705,1.5
"2-3","medical_deductions <= 567.0 & shelter_expenses_by_hh_size <=  12.4","ranger",3803,0.91033,0.90242,1911,1725,0.9027,0.1927,0.1255,18.217,0.1475,0.9705,1.5
"2-3","count_divisible_by_100 <  1.0000 & rawben_rel_max >=  0.0763 & total_deductions_by_hh_size < 92.9000","xgboost",5706,0.90887,0.90241,2918,2629,0.901,0.2937,0.1858,27.817,0.1475,0.9705,1.5
"2-3","expedited_i <=  0.500 & months_since_cert_n <= 32.500 & rawben_rel_max >  0.997","ranger",5832,0.90878,0.90239,2925,2640,0.9026,0.2949,0.2564,27.884,0.1475,0.9705,1.5
"2-3","cat_elig >= 2.0 & months_since_cert_n >= 3.0 & total_deductions_by_hh_size < 2.5","xgboost",998,0.91784,0.90238,132,121,0.9167,0.0135,0.0096,1.258,0.1475,0.9705,1.5
"2-3","months_since_cert_n <  17.000 & shelter_expenses_by_hh_size < 138.000 & total_deductions_by_hh_size < 288.000 & unc_rawben_rel_max >=   0.422","xgboost",4620,0.90952,0.90234,2391,2130,0.8908,0.2379,0.1837,22.793,0.1475,0.9705,1.5
"2-3","cat_elig <= 0.500 & elderly_disabled_i <= 0.500 & expedited_i > 0.500 & percent_abawd > 0.167","ranger",25,1,0.90233,7,7,1,8e-04,0,0.067,0.1475,0.9705,1.5
"2-3","children_i >   0.500 & shelter_expenses_by_hh_size <= 312.000 & total_deductions_by_hh_size > 197.000 & unc_rawben_rel_max >   0.997","ranger",830,0.91928,0.90233,397,360,0.9068,0.0402,0.0299,3.785,0.1475,0.9705,1.5
"2-3","count_divisible_by_100 >   1.5 & shelter_expenses_by_hh_size <= 852.0 & total_deductions_by_hh_size >  29.9 & total_deductions_by_hh_size <= 182.0","ranger",25,1,0.90233,14,11,0.7857,0.0012,0.0027,0.133,0.1475,0.9705,1.5
"2-3","expedited_i <=   0.500 & homeless <=   0.500 & medical_deductions <= 575.000 & rawben_rel_max >   0.997","ranger",5701,0.90879,0.90232,2853,2577,0.9033,0.2879,0.248,27.197,0.1475,0.9705,1.5
"2-3","shelter_expenses_by_hh_size < 242 & total_deductions_by_hh_size >= 117 & total_deductions_by_hh_size < 398 & utilities >= 415","xgboost",740,0.92027,0.90232,334,289,0.8653,0.0323,0.0333,3.184,0.1475,0.9705,1.5
"2-3","children_i >   0.5 & HH_size_n >   2.5 & medical_deductions <= 204.0 & total_deductions_by_hh_size <=  29.9","ranger",1711,0.91409,0.90228,830,746,0.8988,0.0833,0.0583,7.912,0.1475,0.9705,1.5
"2-3","rawben_rel_max >  0.996 & unc_rawben_rel_max <=  1.490 & utilities > 49.500","ranger",3936,0.91006,0.90228,2129,1922,0.9028,0.2147,0.187,20.296,0.1475,0.9705,1.5
"2-3","rawben_rel_max >=   0.176 & shelter_expenses_by_hh_size <  17.500 & total_deductions_by_hh_size < 349.000","xgboost",3840,0.91016,0.90227,1944,1749,0.8997,0.1954,0.134,18.532,0.1475,0.9705,1.5
"2-3","cat_elig >   0.500 & married <=   0.500 & medical_deductions <= 122.000 & unc_rawben_rel_max >   0.996","ranger",5507,0.90884,0.90226,2829,2547,0.9003,0.2845,0.2514,26.969,0.1475,0.9705,1.5
"2-3","months_since_cert_n <=   6.500 & rawben_rel_max >   0.997 & total_deductions_by_hh_size > 198.000 & utilities > 508.000","ranger",1262,0.91601,0.90225,695,636,0.9151,0.071,0.0553,6.625,0.1475,0.9705,1.5
"2-3","cat_elig <=   0.5 & HH_size_n <=   2.5 & medical_deductions <= 122.0 & months_since_cert_n <=  19.5","ranger",1525,0.91475,0.90224,728,676,0.9286,0.0755,0.0299,6.94,0.1475,0.9705,1.5
"2-3","cat_elig <=   0.50 & homeless >   0.50 & medical_deductions <= 144.00 & unc_rawben_rel_max >   1.01","ranger",43,0.97674,0.90224,21,21,1,0.0023,0,0.2,0.1475,0.9705,1.5
"2-3","cat_elig <=   0.500 & rawben_rel_max >   0.972 & shelter_expenses_by_hh_size <= 334.000 & utilities > 476.000","ranger",43,0.97674,0.90224,12,11,0.9167,0.0012,4e-04,0.114,0.1475,0.9705,1.5
"2-3","elderly_disabled_i <=   0.500 & months_since_cert_n >  17.000 & rawben_rel_max >   0.997 & shelter_expenses_by_hh_size <= 331.000","ranger",43,0.97674,0.90224,11,8,0.7273,9e-04,0.002,0.105,0.1475,0.9705,1.5
"2-3","homeless >   0.500 & medical_deductions <= 128.000 & months_since_cert_n <=   6.500 & rawben_rel_max >   0.916","ranger",192,0.9375,0.90224,100,93,0.93,0.0104,0.0038,0.953,0.1475,0.9705,1.5
"2-3","married > 0.50 & total_deductions_by_hh_size <= 1.05","ranger",683,0.92094,0.90224,347,335,0.9654,0.0374,0.0063,3.308,0.1475,0.9705,1.5
"2-3","cat_elig <= 0.50 & HH_size_n <= 2.50 & homeless <= 0.50 & unc_rawben_rel_max <= 1.38","ranger",1437,0.9151,0.90221,702,644,0.9174,0.0719,0.0324,6.692,0.1475,0.9705,1.5
"2-3","expedited_i <=    0.500 & medical_deductions <= 1190.000 & rawben_rel_max >    0.997","ranger",5832,0.90861,0.90221,2926,2645,0.904,0.2955,0.2509,27.893,0.1475,0.9705,1.5
"2-3","shelter_expenses_by_hh_size <= 94.2 & utilities <= 22.0","ranger",3933,0.90999,0.9022,2010,1817,0.904,0.203,0.1309,19.161,0.1475,0.9705,1.5
"2-3","cat_elig <   3.0 & expedited_i <   1.0 & shelter_expenses_by_hh_size < 251.0 & total_deductions_by_hh_size <  65.9","xgboost",4007,0.90991,0.90219,2015,1807,0.8968,0.2019,0.1401,19.209,0.1475,0.9705,1.5
"2-3","cat_elig >   0.500 & expedited_i >   0.500 & rawben_rel_max >   0.979 & total_deductions_by_hh_size <= 434.000","ranger",1349,0.91549,0.90219,718,651,0.9067,0.0727,0.0556,6.845,0.1475,0.9705,1.5
"2-3","expedited_i >   0.5 & HH_size_n >   2.5 & total_deductions_by_hh_size <= 490.0 & unc_rawben_rel_max >   1.0","ranger",626,0.92173,0.90219,343,315,0.9184,0.0352,0.0263,3.27,0.1475,0.9705,1.5
"2-3","homeless >  0.500 & months_since_cert_n <=  5.500 & shelter_expenses_by_hh_size <= 94.800 & unc_rawben_rel_max >  0.889","ranger",154,0.94156,0.90218,78,73,0.9359,0.0082,0.0029,0.744,0.1475,0.9705,1.5
"2-3","months_since_cert_n <   3.00 & shelter_expenses_by_hh_size < 128.00 & unc_rawben_rel_max <   1.19","xgboost",1796,0.9137,0.90217,929,844,0.9085,0.0943,0.0593,8.856,0.1475,0.9705,1.5
"2-3","HH_size_n >  2.5 & total_deductions_by_hh_size <= 29.9","ranger",1774,0.91375,0.90215,867,779,0.8985,0.087,0.0616,8.265,0.1475,0.9705,1.5
"2-3","cat_elig >   1.500 & HH_size_n >   2.500 & rawben_rel_max >   0.997 & utilities <= 124.000","ranger",523,0.92352,0.90215,77,73,0.9481,0.0082,0.0041,0.734,0.1475,0.9705,1.5
"2-3","children_i >   0.5 & shelter_expenses_by_hh_size <= 252.0 & utilities <=  86.5","ranger",4579,0.90937,0.90215,2317,2058,0.8882,0.2299,0.17,22.088,0.1475,0.9705,1.5
"2-3","percent_abawd <   0.750 & total_deductions_by_hh_size < 390.000 & unc_rawben_rel_max >=   0.886 & utilities < 478.000","xgboost",5881,0.90852,0.90215,3050,2738,0.8977,0.3059,0.2587,29.075,0.1475,0.9705,1.5
"2-3","HH_size_n <=   2.500 & percent_abawd <=   0.167 & shelter_expenses_by_hh_size <= 252.000 & total_deductions_by_hh_size <= 378.000","ranger",4037,0.90983,0.90214,2032,1820,0.8957,0.2033,0.1443,19.371,0.1475,0.9705,1.5
"2-3","children_i >=   1 & total_deductions_by_hh_size < 204 & utilities <  41","xgboost",4069,0.90981,0.90214,2068,1846,0.8926,0.2062,0.1472,19.714,0.1475,0.9705,1.5
"2-3","cat_elig <   1 & months_since_cert_n <   4 & shelter_expenses_by_hh_size < 319","xgboost",1095,0.91689,0.90212,552,501,0.9076,0.056,0.0306,5.262,0.1475,0.9705,1.5
"2-3","cat_elig >   0.500 & medical_deductions <= 144.000 & percent_abawd <=   1.750 & rawben_rel_max >   0.997","ranger",6279,0.90827,0.9021,3244,2917,0.8992,0.3258,0.2922,30.925,0.1475,0.9705,1.5
"2-3","homeless >  0.50 & total_deductions_by_hh_size <= 23.60 & unc_rawben_rel_max <=  1.11","ranger",128,0.94531,0.9021,64,57,0.8906,0.0064,0.0038,0.61,0.1475,0.9705,1.5
"2-3","cat_elig <=   0.500 & months_since_cert_n >   5.500 & shelter_expenses_by_hh_size <= 544.000 & total_deductions_by_hh_size <=   0.217","ranger",141,0.94326,0.90209,73,69,0.9452,0.0077,0.0024,0.696,0.1475,0.9705,1.5
"2-3","children_i >  0.5 & expedited_i >  0.5 & utilities <= 22.0","ranger",895,0.91844,0.90209,455,423,0.9297,0.0473,0.021,4.337,0.1475,0.9705,1.5
"2-3","children_i > 0.500 & expedited_i > 0.500 & HH_size_n > 2.500 & rawben_rel_max > 0.997","ranger",614,0.92182,0.90209,339,310,0.9145,0.0346,0.0277,3.232,0.1475,0.9705,1.5
"2-3","medical_deductions <= 1190.000 & total_deductions_by_hh_size >   27.300 & total_deductions_by_hh_size <=   62.000 & unc_rawben_rel_max >    0.901","ranger",141,0.94326,0.90209,83,70,0.8434,0.0078,0.0113,0.791,0.1475,0.9705,1.5
"2-3","months_since_cert_n <=  0.500 & percent_abawd <=  0.833 & rawben_rel_max >  0.973 & utilities <= 78.500","ranger",313,0.92971,0.90208,184,170,0.9239,0.019,0.0131,1.754,0.1475,0.9705,1.5
"2-3","total_deductions_by_hh_size < 304.00 & unc_rawben_rel_max >=   1.08 & utilities < 559.00","xgboost",3896,0.90991,0.90207,1618,1459,0.9017,0.163,0.1372,15.424,0.1475,0.9705,1.5
"2-3","medical_deductions <= 130.0 & months_since_cert_n <=   8.5 & shelter_expenses_by_hh_size <= 267.0 & utilities <=  22.0","ranger",3821,0.90997,0.90206,1915,1718,0.8971,0.1919,0.1321,18.255,0.1475,0.9705,1.5
"2-3","cat_elig >    0.500 & cat_elig <=    1.500 & rawben_rel_max >    0.997 & total_deductions_by_hh_size <= 1330.000","ranger",3426,0.91039,0.90204,2943,2640,0.897,0.2949,0.2714,28.055,0.1475,0.9705,1.5
"2-3","expedited_i <=  0.500 & homeless <=  0.500 & months_since_cert_n <= 32.500 & rawben_rel_max >  0.997","ranger",5705,0.9085,0.90203,2854,2573,0.9015,0.2874,0.2543,27.207,0.1475,0.9705,1.5
"2-3","children_i >    0.5 & medical_deductions <= 1330.0 & shelter_expenses_by_hh_size <=  256.0 & utilities <=  138.0","ranger",4614,0.90919,0.90199,2331,2070,0.888,0.2312,0.1712,22.221,0.1475,0.9705,1.5
"2-3","elderly_disabled_i <   1 & shelter_expenses_by_hh_size < 138 & total_deductions_by_hh_size < 137","xgboost",4296,0.90945,0.90199,2171,1940,0.8936,0.2167,0.1604,20.696,0.1475,0.9705,1.5
"2-3","homeless > 0.500 & months_since_cert_n <= 6.500 & rawben_rel_max > 0.998 & unc_rawben_rel_max > 0.997","ranger",179,0.93855,0.90199,90,85,0.9444,0.0095,0.0029,0.858,0.1475,0.9705,1.5
"2-3","married <=   0.5 & shelter_expenses_by_hh_size <= 252.0 & utilities <=  22.0","ranger",3999,0.90973,0.90199,2055,1836,0.8934,0.2051,0.1542,19.59,0.1475,0.9705,1.5
"2-3","months_since_cert_n >   5.500 & percent_abawd <=   0.417 & total_deductions_by_hh_size <= 538.000 & unc_rawben_rel_max >   1.010","ranger",1847,0.91337,0.90199,959,853,0.8895,0.0953,0.0948,9.142,0.1475,0.9705,1.5
"2-3","rawben_rel_max >=   0.64 & total_deductions_by_hh_size < 227.00 & utilities >= 583.00 & utilities < 645.00","xgboost",179,0.93855,0.90199,75,57,0.76,0.0064,0.0131,0.715,0.1475,0.9705,1.5
"2-3","cat_elig <=   1.500 & total_deductions_by_hh_size >   1.770 & unc_rawben_rel_max >   0.996 & utilities > 450.000","ranger",1684,0.9139,0.90198,1263,1141,0.9034,0.1275,0.1137,12.04,0.1475,0.9705,1.5
"2-3","months_since_cert_n >= 9.00 & rawben_rel_max >= 1.00 & unc_rawben_rel_max < 1.34","xgboost",827,0.91898,0.90198,522,478,0.9157,0.0534,0.0387,4.976,0.1475,0.9705,1.5
"2-3","rawben_rel_max >=   0.89 & utilities < 385.00","xgboost",4963,0.90893,0.90198,2527,2270,0.8983,0.2536,0.2161,24.09,0.1475,0.9705,1.5
"2-3","total_deductions_by_hh_size < 151 & utilities <  28","xgboost",4274,0.90945,0.90197,2191,1973,0.9005,0.2204,0.1499,20.887,0.1475,0.9705,1.5
"2-3","expedited_i <= 0.500 & HH_size_n <= 2.500 & rawben_rel_max > 0.997","ranger",3434,0.91031,0.90196,1728,1576,0.912,0.1761,0.1391,16.473,0.1475,0.9705,1.5
"2-3","months_since_cert_n <  10.00 & total_deductions_by_hh_size < 225.00 & unc_rawben_rel_max >=   1.11 & utilities < 318.00","xgboost",1662,0.91396,0.90196,817,749,0.9168,0.0837,0.0545,7.788,0.1475,0.9705,1.5
"2-3","rawben_rel_max >   0.997 & shelter_expenses_by_hh_size > 250.000 & unc_rawben_rel_max <=   1.340 & utilities <= 437.000","ranger",522,0.92337,0.90196,363,327,0.9008,0.0365,0.0316,3.46,0.1475,0.9705,1.5
"2-3","total_deductions_by_hh_size < 267.000 & unc_rawben_rel_max <   0.118","xgboost",927,0.91802,0.90195,419,388,0.926,0.0433,0.0239,3.994,0.1475,0.9705,1.5
"2-3","expedited_i <= 0.500 & rawben_rel_max > 0.997","ranger",5836,0.90833,0.90192,2930,2645,0.9027,0.2955,0.2564,27.931,0.1475,0.9705,1.5
"2-3","percent_abawd <   0.5 & shelter_expenses_by_hh_size < 138.0 & total_deductions_by_hh_size < 202.0 & utilities < 487.0","xgboost",4725,0.90899,0.90188,2414,2153,0.8919,0.2405,0.1828,23.012,0.1475,0.9705,1.5
"2-3","months_since_cert_n <   4.00 & shelter_expenses_by_hh_size < 184.00 & total_deductions_by_hh_size < 181.00 & unc_rawben_rel_max <   1.23","xgboost",2887,0.91098,0.90187,1454,1300,0.8941,0.1452,0.1006,13.861,0.1475,0.9705,1.5
"2-3","HH_size_n >   2.5 & medical_deductions <=   3.0 & shelter_expenses_by_hh_size <= 627.0 & total_deductions_by_hh_size <=  27.6","ranger",1736,0.91359,0.90185,852,765,0.8979,0.0855,0.0613,8.122,0.1475,0.9705,1.5
"2-3","count_divisible_by_100 <=   0.5 & shelter_expenses_by_hh_size <= 278.0 & utilities <=  38.5","ranger",4353,0.90926,0.90184,2252,2017,0.8956,0.2253,0.162,21.468,0.1475,0.9705,1.5
"2-3","expedited_i > 0.500 & HH_size_n > 2.500 & unc_rawben_rel_max > 0.997","ranger",635,0.92126,0.90184,349,319,0.914,0.0356,0.0285,3.327,0.1475,0.9705,1.5
"2-3","expedited_i >  0.5 & total_deductions_by_hh_size <= 30.9","ranger",948,0.91772,0.90182,484,454,0.938,0.0507,0.0226,4.614,0.1475,0.9705,1.5
"2-3","cat_elig >  0.500 & months_since_cert_n <= 11.500 & unc_rawben_rel_max >  0.997","ranger",6029,0.90811,0.90181,3125,2813,0.9002,0.3142,0.2819,29.79,0.1475,0.9705,1.5
"2-3","cat_elig >   0.500 & medical_deductions <= 148.000 & rawben_rel_max >   0.997","ranger",6281,0.90798,0.9018,3245,2918,0.8992,0.326,0.2922,30.934,0.1475,0.9705,1.5
"2-3","expedited_i <=   0.500 & medical_deductions > 138.000 & rawben_rel_max <=   0.177","ranger",228,0.93421,0.90179,94,85,0.9043,0.0095,0.0052,0.896,0.1475,0.9705,1.5
"2-3","shelter_expenses_by_hh_size >= 421.000 & total_deductions_by_hh_size < 147.000 & unc_rawben_rel_max <   0.131","xgboost",228,0.93421,0.90179,106,95,0.8962,0.0106,0.006,1.01,0.1475,0.9705,1.5
"2-3","months_since_cert_n <=   0.500 & shelter_expenses_by_hh_size <= 866.000 & unc_rawben_rel_max >   0.997 & unc_rawben_rel_max <=   1.490","ranger",612,0.92157,0.90178,359,328,0.9136,0.0366,0.0287,3.422,0.1475,0.9705,1.5
"2-3","medical_deductions < 159.00 & months_since_cert_n <  10.00 & shelter_expenses_by_hh_size < 262.00 & unc_rawben_rel_max >=   1.12","xgboost",1069,0.91674,0.90177,501,440,0.8782,0.0492,0.0596,4.776,0.1475,0.9705,1.5
"2-3","shelter_expenses_by_hh_size < 628.00 & unc_rawben_rel_max >=   1.07 & utilities >= 789.00","xgboost",312,0.92949,0.90177,230,205,0.8913,0.0229,0.0158,2.193,0.1475,0.9705,1.5
"2-3","shelter_expenses_by_hh_size >= 187 & total_deductions_by_hh_size >=  40 & total_deductions_by_hh_size <  68","xgboost",359,0.92758,0.90173,171,148,0.8655,0.0165,0.0122,1.63,0.1475,0.9705,1.5
"2-3","HH_size_n <   3 & months_since_cert_n <  20 & total_deductions_by_hh_size < 120 & utilities < 612","xgboost",4072,0.90938,0.90171,2078,1881,0.9052,0.2101,0.1223,19.809,0.1475,0.9705,1.5
"2-3","expedited_i > 0.500 & homeless <= 0.500 & rawben_rel_max > 0.903 & unc_rawben_rel_max <= 1.630","ranger",1766,0.91336,0.90171,917,837,0.9128,0.0935,0.0663,8.742,0.1475,0.9705,1.5
"2-3","HH_size_n > 2.500 & percent_abawd <= 0.167 & rawben_rel_max > 0.997","ranger",2871,0.91083,0.90169,1435,1287,0.8969,0.1438,0.1336,13.68,0.1475,0.9705,1.5
"2-3","months_since_cert_n <   8.00 & percent_abawd <   0.50 & shelter_expenses_by_hh_size < 794.00 & unc_rawben_rel_max >=   1.08","xgboost",4218,0.9092,0.90166,1884,1703,0.9039,0.1902,0.1622,17.96,0.1475,0.9705,1.5
"2-3","cat_elig <   2.0 & rawben_rel_max >=   0.9 & utilities < 478.0","xgboost",3846,0.90952,0.90162,2876,2571,0.8939,0.2872,0.2565,27.417,0.1475,0.9705,1.5
"2-3","count_divisible_by_100 <=   0.500 & percent_abawd <=   0.167 & shelter_expenses_by_hh_size <= 168.000","ranger",5081,0.90848,0.90161,2506,2234,0.8915,0.2496,0.1899,23.889,0.1475,0.9705,1.5
"2-3","HH_size_n <  3.000 & rawben_rel_max <  1.000 & unc_rawben_rel_max >= -0.497 & unc_rawben_rel_max <  0.131","xgboost",1056,0.91667,0.90159,535,491,0.9178,0.0548,0.0352,5.1,0.1475,0.9705,1.5
"2-3","count_divisible_by_100 <=   0.5 & months_since_cert_n <=   5.5 & shelter_expenses_by_hh_size <= 363.0 & utilities <=  78.5","ranger",3686,0.90966,0.90159,1847,1652,0.8944,0.1845,0.1295,17.607,0.1475,0.9705,1.5
"2-3","months_since_cert_n <   4.00 & total_deductions_by_hh_size < 434.00 & unc_rawben_rel_max >=   1.01 & utilities >= 436.00","xgboost",1078,0.91651,0.90159,528,486,0.9205,0.0543,0.0384,5.033,0.1475,0.9705,1.5
"2-3","HH_size_n >   2.5 & shelter_expenses_by_hh_size <= 627.0 & total_deductions_by_hh_size <=  27.6","ranger",1742,0.91332,0.90158,858,771,0.8986,0.0861,0.0613,8.179,0.1475,0.9705,1.5
"2-3","children_i <=  0.500 & months_since_cert_n <=  5.500 & rawben_rel_max <=  0.217 & utilities > 78.500","ranger",405,0.92593,0.90158,204,181,0.8873,0.0202,0.0148,1.945,0.1475,0.9705,1.5
"2-3","elderly_disabled_i <   1.000 & percent_abawd <   0.667 & shelter_expenses_by_hh_size < 108.000","xgboost",4088,0.90925,0.90158,2023,1820,0.8997,0.2033,0.1384,19.285,0.1475,0.9705,1.5
"2-3","cat_elig > 0.500 & cat_elig <= 1.500 & rawben_rel_max > 0.997","ranger",3430,0.90991,0.90154,2950,2644,0.8963,0.2954,0.276,28.122,0.1475,0.9705,1.5
"2-3","rawben_rel_max >=   0.902 & total_deductions_by_hh_size < 677.000 & unc_rawben_rel_max <   1.490","xgboost",8481,0.90685,0.90153,4453,4005,0.8994,0.4474,0.3715,42.45,0.1475,0.9705,1.5
"2-3","cat_elig <   1.00 & months_since_cert_n >=   2.00 & percent_abawd <   0.75 & shelter_expenses_by_hh_size < 122.00","xgboost",689,0.92017,0.9015,321,291,0.9065,0.0325,0.0188,3.06,0.1475,0.9705,1.5
"2-3","count_divisible_by_100 <=   1.500 & HH_size_n >   2.500 & total_deductions_by_hh_size <= 348.000 & unc_rawben_rel_max >   0.974","ranger",3057,0.91037,0.9015,1578,1423,0.9018,0.159,0.133,15.043,0.1475,0.9705,1.5
"2-3","elderly_disabled_i <=   0.5 & HH_size_n <=   2.5 & months_since_cert_n <=   5.5 & shelter_expenses_by_hh_size <= 169.0","ranger",2010,0.91244,0.9015,990,891,0.9,0.0995,0.0659,9.438,0.1475,0.9705,1.5
"2-3","cat_elig > 0.500 & count_divisible_by_100 <= 0.500 & rawben_rel_max > 0.996","ranger",5737,0.90797,0.90149,2983,2688,0.9011,0.3003,0.2682,28.437,0.1475,0.9705,1.5
"2-3","shelter_expenses_by_hh_size < 508.00 & total_deductions_by_hh_size < 624.00 & unc_rawben_rel_max >=   1.22 & utilities >= 580.00","xgboost",508,0.92323,0.90148,269,246,0.9145,0.0275,0.0177,2.564,0.1475,0.9705,1.5
"2-3","cat_elig <=   0.500 & medical_deductions <= 286.000 & unc_rawben_rel_max <=   0.972 & utilities > 770.000","ranger",87,0.95402,0.90146,33,33,1,0.0037,0,0.315,0.1475,0.9705,1.5
"2-3","expedited_i <=   0.500 & months_since_cert_n >   6.500 & shelter_expenses_by_hh_size <= 252.000 & unc_rawben_rel_max >   0.928","ranger",767,0.91917,0.90146,422,373,0.8839,0.0417,0.0479,4.023,0.1475,0.9705,1.5
"2-3","expedited_i >   0.500 & rawben_rel_max >   0.997 & shelter_expenses_by_hh_size > 534.000 & unc_rawben_rel_max <=   1.180","ranger",87,0.95402,0.90146,37,32,0.8649,0.0036,0.0044,0.353,0.1475,0.9705,1.5
"2-3","expedited_i >= 1.000 & rawben_rel_max >= 0.902","xgboost",1880,0.91277,0.90146,979,892,0.9111,0.0996,0.0733,9.333,0.1475,0.9705,1.5
"2-3","cat_elig <   1 & children_i <   1 & months_since_cert_n <   5 & utilities < 385","xgboost",215,0.93488,0.90144,107,95,0.8879,0.0106,0.0077,1.02,0.1475,0.9705,1.5
"2-3","cat_elig > 0.500 & cat_elig <= 2.500 & elderly_disabled_i > 0.500 & rawben_rel_max <= 0.137","ranger",900,0.91778,0.90143,440,403,0.9159,0.045,0.0242,4.194,0.1475,0.9705,1.5
"2-3","expedited_i >=   1.00 & total_deductions_by_hh_size < 401.00 & unc_rawben_rel_max >=   0.96 & utilities >= 452.00","xgboost",462,0.92424,0.90143,207,187,0.9034,0.0209,0.0164,1.973,0.1475,0.9705,1.5
"2-3","elderly_disabled_i <  1.0 & shelter_expenses_by_hh_size < 93.5","xgboost",4060,0.90911,0.90142,2007,1806,0.8999,0.2017,0.1362,19.133,0.1475,0.9705,1.5
"2-3","rawben_rel_max >=  0.257 & shelter_expenses_by_hh_size < 27.500 & unc_rawben_rel_max <  1.190","xgboost",3975,0.90918,0.9014,1990,1793,0.901,0.2003,0.1353,18.97,0.1475,0.9705,1.5
"2-3","percent_abawd <=   1.75 & shelter_expenses_by_hh_size <= 526.00 & unc_rawben_rel_max >   1.00 & utilities >  22.00","ranger",3202,0.91006,0.90139,1611,1444,0.8963,0.1613,0.1526,15.357,0.1475,0.9705,1.5
"2-3","children_i > 0.500 & HH_size_n > 2.500 & rawben_rel_max > 0.997","ranger",2947,0.91042,0.90138,1502,1345,0.8955,0.1502,0.1414,14.318,0.1475,0.9705,1.5
"2-3","cat_elig <=   0.5 & children_i <=   0.5 & months_since_cert_n >   1.5 & shelter_expenses_by_hh_size > 252.0","ranger",227,0.93392,0.90137,124,107,0.8629,0.012,0.0087,1.182,0.1475,0.9705,1.5
"2-3","expedited_i >=   1.0 & total_deductions_by_hh_size <   2.5 & utilities < 414.0","xgboost",844,0.91825,0.90136,437,409,0.9359,0.0457,0.0199,4.166,0.1475,0.9705,1.5
"2-3","percent_abawd <    0.333 & shelter_expenses_by_hh_size < 1120.000 & unc_rawben_rel_max >=   -0.710 & unc_rawben_rel_max <    0.131","xgboost",1174,0.91567,0.90136,556,511,0.9191,0.0571,0.0369,5.3,0.1475,0.9705,1.5
"2-3","rawben_rel_max <   0.137 & shelter_expenses_by_hh_size >= 432.000 & total_deductions_by_hh_size < 170.000 & utilities >= 524.000","xgboost",127,0.94488,0.90136,60,55,0.9167,0.0061,0.0024,0.572,0.1475,0.9705,1.5
"2-3","HH_size_n >   2.50 & shelter_expenses_by_hh_size <= 254.00 & unc_rawben_rel_max >   0.94 & utilities >  25.50","ranger",855,0.91813,0.90135,430,381,0.886,0.0426,0.0491,4.099,0.1475,0.9705,1.5
"2-3","cat_elig <  1.0 & months_since_cert_n < 13.0 & shelter_expenses_by_hh_size < 12.3 & unc_rawben_rel_max <  1.1","xgboost",450,0.92444,0.90132,220,203,0.9227,0.0227,0.01,2.097,0.1475,0.9705,1.5
"2-3","rawben_rel_max >=   0.847 & total_deductions_by_hh_size < 246.000","xgboost",6313,0.90749,0.90132,3242,2915,0.8991,0.3256,0.2642,30.906,0.1475,0.9705,1.5
"2-3","months_since_cert_n <  33.00 & shelter_expenses_by_hh_size < 430.00 & unc_rawben_rel_max >=   1.09","xgboost",3813,0.90926,0.90131,1890,1713,0.9063,0.1914,0.1529,18.017,0.1475,0.9705,1.5
"2-3","rawben_rel_max >=    0.974 & shelter_expenses_by_hh_size < 1020.000 & unc_rawben_rel_max >=    1.050","xgboost",6699,0.9073,0.90131,3365,3029,0.9001,0.3384,0.2957,32.078,0.1475,0.9705,1.5
"2-3","rawben_rel_max <   0.146 & total_deductions_by_hh_size < 231.000 & utilities < 524.000","xgboost",654,0.92049,0.9013,302,284,0.9404,0.0317,0.0117,2.879,0.1475,0.9705,1.5
"2-3","HH_size_n >   2.5 & total_deductions_by_hh_size <= 490.0 & unc_rawben_rel_max >   1.0","ranger",2944,0.91033,0.90128,1507,1355,0.8991,0.1514,0.1365,14.366,0.1475,0.9705,1.5
"2-3","homeless <=   0.5 & medical_deductions <= 132.0 & shelter_expenses_by_hh_size <= 252.0 & utilities <=  30.5","ranger",4286,0.90877,0.90128,2186,1957,0.8952,0.2186,0.1575,20.839,0.1475,0.9705,1.5
"2-3","medical_deductions <= 159.000 & rawben_rel_max >   0.997 & shelter_expenses_by_hh_size <= 526.000 & utilities >  47.500","ranger",3082,0.91012,0.90128,1558,1405,0.9018,0.1569,0.1381,14.852,0.1475,0.9705,1.5
"2-3","rawben_rel_max >=   0.879 & total_deductions_by_hh_size < 677.000 & unc_rawben_rel_max <   1.360 & utilities < 819.000","xgboost",7615,0.90689,0.90127,3876,3472,0.8958,0.3878,0.3192,36.949,0.1475,0.9705,1.5
"2-3","cat_elig <   3.00 & count_divisible_by_100 <   1.00 & total_deductions_by_hh_size < 225.00 & unc_rawben_rel_max >=   1.11","xgboost",2752,0.91061,0.90126,1435,1287,0.8969,0.1438,0.1334,13.68,0.1475,0.9705,1.5
"2-3","count_divisible_by_100 <=   0.500 & expedited_i >   0.500 & rawben_rel_max >   0.998 & utilities > 120.000","ranger",732,0.9194,0.90126,368,331,0.8995,0.037,0.0313,3.508,0.1475,0.9705,1.5
"2-3","cat_elig >  0.5 & months_since_cert_n >  3.5 & total_deductions_by_hh_size <= 36.9 & utilities <= 22.0","ranger",1477,0.91401,0.90125,743,674,0.9071,0.0753,0.0483,7.083,0.1475,0.9705,1.5
"2-3","cat_elig <   1 & married <   1 & months_since_cert_n <   4 & total_deductions_by_hh_size < 254","xgboost",1096,0.91606,0.90123,537,489,0.9106,0.0546,0.029,5.119,0.1475,0.9705,1.5
"2-3","months_since_cert_n <   6.00 & rawben_rel_max >=   0.93 & total_deductions_by_hh_size < 652.00","xgboost",6004,0.90756,0.90123,2967,2695,0.9083,0.3011,0.232,28.284,0.1475,0.9705,1.5
"2-3","cat_elig < 3.0 & expedited_i >= 1.0 & married < 1.0 & total_deductions_by_hh_size < 2.5","xgboost",765,0.91895,0.90121,379,352,0.9288,0.0393,0.0197,3.613,0.1475,0.9705,1.5
"2-3","count_divisible_by_100 > 0.500 & months_since_cert_n > 0.500 & rawben_rel_max > 0.997 & unc_rawben_rel_max <= 1.300","ranger",518,0.92278,0.90121,254,226,0.8898,0.0252,0.0234,2.421,0.1475,0.9705,1.5
"2-3","months_since_cert_n >=  1.0 & months_since_cert_n <  9.0 & shelter_expenses_by_hh_size < 17.5","xgboost",3016,0.91015,0.90121,1451,1312,0.9042,0.1466,0.0907,13.832,0.1475,0.9705,1.5
"2-3","percent_abawd <=   0.167 & total_deductions_by_hh_size <= 199.000 & unc_rawben_rel_max >   0.997 & utilities >  40.000","ranger",1172,0.91553,0.90119,414,366,0.8841,0.0409,0.0462,3.947,0.1475,0.9705,1.5
"2-3","count_divisible_by_100 <=  0.500 & expedited_i >  0.500 & rawben_rel_max >  0.997 & total_deductions_by_hh_size > 55.000","ranger",809,0.91842,0.90116,411,369,0.8978,0.0412,0.0361,3.918,0.1475,0.9705,1.5
"2-3","elderly_disabled_i <=  0.500 & HH_size_n <=  2.500 & rawben_rel_max >  0.997 & utilities > 33.000","ranger",2174,0.91168,0.90115,1063,975,0.9172,0.1089,0.0826,10.133,0.1475,0.9705,1.5
"2-3","cat_elig >   0.500 & homeless <=   0.500 & medical_deductions <= 138.000 & unc_rawben_rel_max >   0.997","ranger",6093,0.90743,0.90114,3142,2820,0.8975,0.315,0.2893,29.952,0.1475,0.9705,1.5
"2-3","cat_elig > 0.500 & expedited_i <= 0.500 & months_since_cert_n <= 8.500 & rawben_rel_max > 0.997","ranger",4080,0.90882,0.90114,2053,1845,0.8987,0.2061,0.1885,19.571,0.1475,0.9705,1.5
"2-3","months_since_cert_n <   2 & total_deductions_by_hh_size <  40 & utilities < 714","xgboost",1095,0.91598,0.90114,583,540,0.9262,0.0603,0.0336,5.558,0.1475,0.9705,1.5
"2-3","months_since_cert_n >=  1 & shelter_expenses_by_hh_size < 15","xgboost",3479,0.90946,0.90113,1732,1567,0.9047,0.175,0.1074,16.511,0.1475,0.9705,1.5
"2-3","elderly_disabled_i > 0.500 & expedited_i <= 0.500 & unc_rawben_rel_max <= 0.128","ranger",864,0.91782,0.90112,421,388,0.9216,0.0433,0.0208,4.013,0.1475,0.9705,1.5
"2-3","rawben_rel_max >=   0.905 & unc_rawben_rel_max <   1.490 & utilities < 750.000","xgboost",7593,0.90676,0.90112,3958,3563,0.9002,0.398,0.3314,37.731,0.1475,0.9705,1.5
"2-3","children_i >  0.5 & expedited_i >  0.5 & utilities <= 28.5","ranger",897,0.9175,0.90111,457,425,0.93,0.0475,0.021,4.357,0.1475,0.9705,1.5
"2-3","shelter_expenses_by_hh_size <= 526 & unc_rawben_rel_max >   1 & utilities >  22","ranger",3203,0.90977,0.90109,1611,1444,0.8963,0.1613,0.1526,15.357,0.1475,0.9705,1.5
"2-3","cat_elig >=  1 & months_since_cert_n < 11 & total_deductions_by_hh_size < 40","xgboost",3646,0.90922,0.90108,1824,1652,0.9057,0.1845,0.121,17.388,0.1475,0.9705,1.5
"2-3","expedited_i <=  0.500 & months_since_cert_n <= 32.500 & percent_abawd <=  1.420 & unc_rawben_rel_max >  0.996","ranger",5859,0.90749,0.90108,2922,2636,0.9021,0.2945,0.2571,27.855,0.1475,0.9705,1.5
"2-3","months_since_cert_n >   0.5 & shelter_expenses_by_hh_size <=  50.8 & utilities <= 144.0","ranger",3867,0.90897,0.90108,1915,1723,0.8997,0.1925,0.1266,18.255,0.1475,0.9705,1.5
"2-3","count_divisible_by_100 <   1 & months_since_cert_n <   9 & total_deductions_by_hh_size < 113","xgboost",5336,0.9078,0.90107,2645,2379,0.8994,0.2658,0.1703,25.214,0.1475,0.9705,1.5
"2-3","cat_elig <=  1.5 & expedited_i >  0.5 & married <=  0.5 & shelter_expenses_by_hh_size <= 57.5","ranger",585,0.92137,0.90106,406,371,0.9138,0.0414,0.0265,3.87,0.1475,0.9705,1.5
"2-3","children_i >= 1.000 & rawben_rel_max >= 0.933","xgboost",7380,0.90678,0.90106,3706,3337,0.9004,0.3728,0.3216,35.329,0.1475,0.9705,1.5
"2-3","rawben_rel_max <   0.0436 & total_deductions_by_hh_size < 103.0000 & utilities >=  55.0000","xgboost",286,0.93007,0.90102,2,1,0.5,1e-04,3e-04,0.019,0.1475,0.9705,1.5
"2-3","shelter_expenses_by_hh_size < 194 & total_deductions_by_hh_size < 346 & utilities <  47","xgboost",4537,0.90831,0.90102,2307,2064,0.8947,0.2306,0.1652,21.992,0.1475,0.9705,1.5
"2-3","HH_size_n > 2.500 & homeless <= 0.500 & rawben_rel_max > 0.997 & unc_rawben_rel_max <= 1.640","ranger",2957,0.91004,0.90101,1510,1354,0.8967,0.1513,0.1407,14.395,0.1475,0.9705,1.5
"2-3","cat_elig < 1 & children_i < 1 & count_divisible_by_100 < 1 & expedited_i >= 1","xgboost",58,0.96552,0.90101,35,32,0.9143,0.0036,0.0017,0.334,0.1475,0.9705,1.5
"2-3","cat_elig <= 0.5 & homeless > 0.5","ranger",58,0.96552,0.90101,28,28,1,0.0031,0,0.267,0.1475,0.9705,1.5
"2-3","months_since_cert_n < 29.00 & total_deductions_by_hh_size < 59.00 & unc_rawben_rel_max <  1.11","xgboost",3980,0.90879,0.90101,1982,1779,0.8976,0.1987,0.1287,18.894,0.1475,0.9705,1.5
"2-3","homeless >=   1.00 & rawben_rel_max >=   0.92 & shelter_expenses_by_hh_size < 281.00 & total_deductions_by_hh_size < 281.00","xgboost",214,0.93458,0.90099,116,110,0.9483,0.0123,0.0031,1.106,0.1475,0.9705,1.5
"2-3","rawben_rel_max <   0.529 & total_deductions_by_hh_size <   8.300 & utilities >= 366.000 & utilities < 447.000","xgboost",214,0.93458,0.90099,114,110,0.9649,0.0123,0.002,1.087,0.1475,0.9705,1.5
"2-3","cat_elig >=  1.00000 & percent_abawd <  0.75000 & rawben_rel_max >=  0.99600 & unc_rawben_rel_max >= -0.00871","xgboost",6176,0.90722,0.90097,3182,2852,0.8963,0.3186,0.2983,30.334,0.1475,0.9705,1.5
"2-3","children_i >= 1.00 & unc_rawben_rel_max >= 1.08","xgboost",5037,0.90788,0.90096,2297,2059,0.8964,0.23,0.2135,21.897,0.1475,0.9705,1.5
"2-3","count_divisible_by_100 <= 1.500 & expedited_i <= 0.500 & rawben_rel_max > 0.996","ranger",5831,0.90739,0.90096,2917,2634,0.903,0.2942,0.2552,27.807,0.1475,0.9705,1.5
"2-3","cat_elig <  2.000 & rawben_rel_max <  0.604 & total_deductions_by_hh_size < 90.000 & unc_rawben_rel_max >=  0.563","xgboost",152,0.94079,0.90093,107,92,0.8598,0.0103,0.0107,1.02,0.1475,0.9705,1.5
"2-3","shelter_expenses_by_hh_size < 230.0 & total_deductions_by_hh_size <  10.8 & utilities >= 385.0","xgboost",152,0.94079,0.90093,70,65,0.9286,0.0073,0.0034,0.667,0.1475,0.9705,1.5
"2-3","HH_size_n >   2.500 & rawben_rel_max >   0.997 & utilities >  22.000 & utilities <= 286.000","ranger",177,0.93785,0.90091,65,54,0.8308,0.006,0.0108,0.62,0.1475,0.9705,1.5
"2-3","cat_elig <= 0.50 & HH_size_n <= 2.50 & homeless <= 0.50 & unc_rawben_rel_max <= 1.48","ranger",1472,0.91372,0.90091,742,683,0.9205,0.0763,0.0326,7.073,0.1475,0.9705,1.5
"2-3","shelter_expenses_by_hh_size >= 592.00 & total_deductions_by_hh_size >= 225.00 & unc_rawben_rel_max >=   1.11 & unc_rawben_rel_max <   1.22","xgboost",177,0.93785,0.90091,76,74,0.9737,0.0083,0.0016,0.724,0.1475,0.9705,1.5
"2-3","months_since_cert_n >  7.500 & percent_abawd <=  0.167 & unc_rawben_rel_max >  0.996 & utilities <= 33.500","ranger",505,0.92277,0.9009,263,242,0.9202,0.027,0.0195,2.507,0.1475,0.9705,1.5
"2-3","months_since_cert_n >=   1 & months_since_cert_n <   9 & shelter_expenses_by_hh_size < 137","xgboost",3881,0.90879,0.9009,1926,1723,0.8946,0.1925,0.1349,18.36,0.1475,0.9705,1.5
"2-3","homeless <=   0.5 & months_since_cert_n >   0.5 & shelter_expenses_by_hh_size <= 249.0 & utilities <=  38.5","ranger",3933,0.90872,0.90088,1973,1768,0.8961,0.1975,0.1364,18.808,0.1475,0.9705,1.5
"2-3","children_i >=  1.0 & count_divisible_by_100 <  1.0 & HH_size_n >=  3.0 & total_deductions_by_hh_size < 56.3","xgboost",1847,0.91229,0.90085,884,786,0.8891,0.0878,0.0659,8.427,0.1475,0.9705,1.5
"2-3","expedited_i > 0.500 & homeless <= 0.500 & rawben_rel_max > 0.923","ranger",1761,0.91255,0.90083,916,832,0.9083,0.0929,0.07,8.732,0.1475,0.9705,1.5
"2-3","months_since_cert_n < 21.000 & total_deductions_by_hh_size < 56.300 & unc_rawben_rel_max >=  0.394 & unc_rawben_rel_max <  1.110","xgboost",2920,0.90993,0.90083,1489,1316,0.8838,0.147,0.1141,14.194,0.1475,0.9705,1.5
"2-3","months_since_cert_n >=  4.00 & total_deductions_by_hh_size < 56.30 & unc_rawben_rel_max >=  1.11","xgboost",751,0.91877,0.90083,366,341,0.9317,0.0381,0.0217,3.489,0.1475,0.9705,1.5
"2-3","shelter_expenses_by_hh_size < 714.00 & unc_rawben_rel_max >=   1.07 & utilities < 850.00","xgboost",5709,0.90734,0.90083,2810,2545,0.9057,0.2843,0.2338,26.787,0.1475,0.9705,1.5
"2-3","count_divisible_by_100 <=   0.500 & expedited_i >   0.500 & percent_abawd <=   0.167 & shelter_expenses_by_hh_size <= 251.000","ranger",1135,0.91542,0.90082,586,536,0.9147,0.0599,0.0351,5.586,0.1475,0.9705,1.5
"2-3","total_deductions_by_hh_size < 51.50 & unc_rawben_rel_max <  1.11","xgboost",3836,0.90876,0.90082,1921,1726,0.8985,0.1928,0.1249,18.313,0.1475,0.9705,1.5
"2-3","cat_elig < 3.0 & expedited_i >= 1.0 & total_deductions_by_hh_size < 2.5","xgboost",839,0.91776,0.90078,439,411,0.9362,0.0459,0.0199,4.185,0.1475,0.9705,1.5
"2-3","cat_elig >=   1.00 & total_deductions_by_hh_size <  23.00 & unc_rawben_rel_max <   1.08 & utilities < 496.00","xgboost",2112,0.91146,0.90076,1184,1071,0.9046,0.1196,0.0775,11.287,0.1475,0.9705,1.5
"2-3","months_since_cert_n <=   8.5 & shelter_expenses_by_hh_size <= 267.0 & utilities <=  22.0","ranger",3833,0.90869,0.90074,1919,1720,0.8963,0.1921,0.1327,18.294,0.1475,0.9705,1.5
"2-3","cat_elig >=   2.0 & percent_abawd <   0.5 & total_deductions_by_hh_size <   2.5 & utilities >= 366.0","xgboost",139,0.94245,0.90072,9,8,0.8889,9e-04,6e-04,0.086,0.1475,0.9705,1.5
"2-3","elderly_disabled_i >   0.500 & shelter_expenses_by_hh_size <= 280.000 & unc_rawben_rel_max <=   0.621 & utilities <= 754.000","ranger",1188,0.91498,0.90071,584,519,0.8887,0.058,0.0368,5.567,0.1475,0.9705,1.5
"2-3","rawben_rel_max >=   0.905 & total_deductions_by_hh_size < 340.000","xgboost",7747,0.90629,0.9007,3907,3518,0.9004,0.393,0.3263,37.245,0.1475,0.9705,1.5
"2-3","rawben_rel_max >=  0.882 & unc_rawben_rel_max >= -0.497 & unc_rawben_rel_max <  1.170","xgboost",6315,0.90689,0.9007,3278,2951,0.9002,0.3296,0.2431,31.249,0.1475,0.9705,1.5
"2-3","cat_elig <=   0.5 & HH_size_n <=   2.5 & medical_deductions <= 122.0","ranger",1544,0.91321,0.90069,741,687,0.9271,0.0767,0.0304,7.064,0.1475,0.9705,1.5
"2-3","cat_elig <=   0.500 & medical_deductions <= 138.000 & percent_abawd <=   0.167 & shelter_expenses_by_hh_size <= 263.000","ranger",1587,0.91304,0.90069,757,685,0.9049,0.0765,0.0417,7.216,0.1475,0.9705,1.5
"2-3","cat_elig <   2 & shelter_expenses_by_hh_size < 153 & total_deductions_by_hh_size < 271","xgboost",3421,0.90909,0.90068,2498,2213,0.8859,0.2472,0.1948,23.813,0.1475,0.9705,1.5
"2-3","cat_elig <=   1.500 & rawben_rel_max >   0.996 & total_deductions_by_hh_size <= 526.000 & utilities >  48.500","ranger",2651,0.91022,0.90067,1948,1754,0.9004,0.1959,0.1769,18.57,0.1475,0.9705,1.5
"2-3","children_i >  0.5 & elderly_disabled_i <=  0.5 & expedited_i >  0.5 & utilities <= 30.5","ranger",893,0.91713,0.90067,447,415,0.9284,0.0464,0.0207,4.261,0.1475,0.9705,1.5
"2-3","HH_size_n >    2.500 & percent_abawd <=    1.420 & rawben_rel_max >    0.997 & total_deductions_by_hh_size <= 1000.000","ranger",3031,0.9096,0.90066,1549,1387,0.8954,0.1549,0.1455,14.766,0.1475,0.9705,1.5
"2-3","HH_size_n <=   2.5 & medical_deductions <= 130.0 & shelter_expenses_by_hh_size <= 112.0","ranger",2714,0.9101,0.90065,1373,1236,0.9002,0.1381,0.0918,13.089,0.1475,0.9705,1.5
"2-3","expedited_i <=  0.500 & months_since_cert_n <= 32.500 & unc_rawben_rel_max >  0.996","ranger",5865,0.90708,0.90065,2928,2642,0.9023,0.2951,0.2571,27.912,0.1475,0.9705,1.5
"2-3","rawben_rel_max >=    0.974 & shelter_expenses_by_hh_size < 1020.000","xgboost",7856,0.90619,0.90063,4002,3610,0.902,0.4033,0.3379,38.151,0.1475,0.9705,1.5
"2-3","shelter_expenses_by_hh_size >= 150.0 & shelter_expenses_by_hh_size < 230.0 & total_deductions_by_hh_size <  10.8 & utilities >= 287.0","xgboost",273,0.9304,0.90062,165,151,0.9152,0.0169,0.009,1.573,0.1475,0.9705,1.5
"2-3","cat_elig >   0.5 & medical_deductions <= 147.0 & total_deductions_by_hh_size <=  62.0","ranger",4560,0.90789,0.90061,2298,2072,0.9017,0.2315,0.1537,21.907,0.1475,0.9705,1.5
"2-3","cat_elig >  0.500 & months_since_cert_n <= 32.500 & rawben_rel_max >  0.997","ranger",6299,0.90681,0.90061,3258,2923,0.8972,0.3265,0.3008,31.058,0.1475,0.9705,1.5
"2-3","rawben_rel_max >=  0.214 & shelter_expenses_by_hh_size < 27.500 & unc_rawben_rel_max <  1.120","xgboost",3943,0.90845,0.90061,1970,1774,0.9005,0.1982,0.1333,18.78,0.1475,0.9705,1.5
"2-3","elderly_disabled_i <   1.000 & months_since_cert_n <   5.000 & rawben_rel_max >=   0.712 & total_deductions_by_hh_size < 199.000","xgboost",3250,0.90923,0.9006,1559,1405,0.9012,0.1569,0.1087,14.862,0.1475,0.9705,1.5
"2-3","expedited_i <  1.0 & shelter_expenses_by_hh_size < 12.3","xgboost",2892,0.90975,0.9006,1444,1295,0.8968,0.1447,0.0991,13.765,0.1475,0.9705,1.5
"2-3","HH_size_n > 2.500 & homeless <= 0.500 & percent_abawd <= 0.167 & rawben_rel_max > 0.997","ranger",2807,0.90987,0.90058,1408,1261,0.8956,0.1409,0.1333,13.422,0.1475,0.9705,1.5
"2-3","cat_elig <= 0.5 & count_divisible_by_100 <= 0.5 & elderly_disabled_i > 0.5 & months_since_cert_n <= 5.5","ranger",492,0.92276,0.90057,240,213,0.8875,0.0238,0.0136,2.288,0.1475,0.9705,1.5
"2-3","months_since_cert_n <   4 & shelter_expenses_by_hh_size < 184 & total_deductions_by_hh_size < 181","xgboost",3028,0.90951,0.90057,1505,1344,0.893,0.1501,0.107,14.347,0.1475,0.9705,1.5
"2-3","shelter_expenses_by_hh_size > 113.000 & shelter_expenses_by_hh_size <= 251.000 & unc_rawben_rel_max >   0.998 & utilities <= 471.000","ranger",914,0.91685,0.90057,501,443,0.8842,0.0495,0.0548,4.776,0.1475,0.9705,1.5
"2-3","rawben_rel_max >=   0.342 & shelter_expenses_by_hh_size < 324.000 & utilities <  34.000","xgboost",4422,0.90796,0.90056,2274,2033,0.894,0.2271,0.1647,21.678,0.1475,0.9705,1.5
"2-3","cat_elig >   0.5 & children_i >   0.5 & shelter_expenses_by_hh_size <=  94.8 & total_deductions_by_hh_size <= 451.0","ranger",3122,0.90935,0.90054,1581,1407,0.8899,0.1572,0.1177,15.071,0.1475,0.9705,1.5
"2-3","cat_elig > 0.500 & percent_abawd <= 1.750 & unc_rawben_rel_max > 0.997","ranger",6304,0.90673,0.90052,3263,2928,0.8973,0.3271,0.3008,31.106,0.1475,0.9705,1.5
"2-3","cat_elig >   0.500 & medical_deductions <= 149.000 & months_since_cert_n <=  32.500 & unc_rawben_rel_max >   0.996","ranger",6303,0.90671,0.90051,3242,2914,0.8988,0.3255,0.2929,30.906,0.1475,0.9705,1.5
"2-3","count_divisible_by_100 <   1.0 & shelter_expenses_by_hh_size < 847.0 & total_deductions_by_hh_size <   2.5 & unc_rawben_rel_max <   1.0","xgboost",1509,0.91319,0.90051,752,683,0.9082,0.0763,0.0407,7.169,0.1475,0.9705,1.5
"2-3","expedited_i <= 0.500 & percent_abawd <= 1.750 & unc_rawben_rel_max > 0.996","ranger",5867,0.90694,0.90051,2932,2646,0.9025,0.2956,0.2571,27.95,0.1475,0.9705,1.5
"2-3","months_since_cert_n <  11.00 & shelter_expenses_by_hh_size < 755.00 & unc_rawben_rel_max >=   1.09 & unc_rawben_rel_max <   1.11","xgboost",237,0.93249,0.90051,108,99,0.9167,0.0111,0.0059,1.03,0.1475,0.9705,1.5
"2-3","medical_deductions < 204.00 & percent_abawd <   0.75 & shelter_expenses_by_hh_size < 238.00 & unc_rawben_rel_max >=   1.12","xgboost",979,0.91624,0.9005,497,437,0.8793,0.0488,0.0581,4.738,0.1475,0.9705,1.5
"2-3","cat_elig <   2 & months_since_cert_n <   7 & total_deductions_by_hh_size < 275 & utilities < 284","xgboost",2962,0.90952,0.90047,1999,1779,0.8899,0.1987,0.1446,19.056,0.1475,0.9705,1.5
"2-3","HH_size_n <=   2.5 & shelter_expenses_by_hh_size <= 258.0 & utilities <=  22.0","ranger",2677,0.90997,0.90046,1387,1249,0.9005,0.1395,0.0999,13.222,0.1475,0.9705,1.5
"2-3","cat_elig >   1.500 & children_i >   0.500 & rawben_rel_max >   0.997 & total_deductions_by_hh_size <= 437.000","ranger",2391,0.9105,0.90042,280,254,0.9071,0.0284,0.0226,2.669,0.1475,0.9705,1.5
"2-3","percent_abawd <   0.50 & shelter_expenses_by_hh_size < 794.00 & unc_rawben_rel_max >=   1.08","xgboost",5207,0.90724,0.90041,2361,2119,0.8975,0.2367,0.21,22.507,0.1475,0.9705,1.5
"2-3","percent_abawd <=   1.75 & shelter_expenses_by_hh_size <= 252.00 & utilities <=  32.50","ranger",4582,0.90768,0.9004,2347,2102,0.8956,0.2348,0.1671,22.374,0.1475,0.9705,1.5
"2-3","expedited_i <=  0.5 & shelter_expenses_by_hh_size <= 13.2","ranger",2907,0.90953,0.90039,1453,1301,0.8954,0.1453,0.1014,13.851,0.1475,0.9705,1.5
"2-3","shelter_expenses_by_hh_size < 918.0 & total_deductions_by_hh_size <  79.5 & utilities < 560.0","xgboost",5901,0.9068,0.90038,2939,2655,0.9034,0.2966,0.1857,28.017,0.1475,0.9705,1.5
"2-3","rawben_rel_max >=   0.845 & total_deductions_by_hh_size < 284.000 & utilities < 493.000","xgboost",5713,0.90688,0.90036,2886,2600,0.9009,0.2904,0.2251,27.512,0.1475,0.9705,1.5
"2-3","months_since_cert_n <   3.00 & shelter_expenses_by_hh_size < 411.00 & unc_rawben_rel_max >=   1.09 & utilities < 488.00","xgboost",1097,0.91522,0.90035,573,525,0.9162,0.0586,0.0424,5.462,0.1475,0.9705,1.5
"2-3","rawben_rel_max >=   0.74 & total_deductions_by_hh_size < 190.00","xgboost",5422,0.90705,0.90035,2776,2488,0.8963,0.2779,0.2024,26.463,0.1475,0.9705,1.5
"2-3","children_i >=  1.0 & expedited_i >=  1.0 & months_since_cert_n >=  5.0 & total_deductions_by_hh_size < 56.3","xgboost",284,0.92958,0.90034,151,133,0.8808,0.0149,0.0099,1.439,0.1475,0.9705,1.5
"2-3","rawben_rel_max <=   0.148 & total_deductions_by_hh_size <= 339.000","ranger",1205,0.91452,0.90033,584,532,0.911,0.0594,0.0384,5.567,0.1475,0.9705,1.5
"2-3","HH_size_n >   2.500 & percent_abawd <=   0.167 & shelter_expenses_by_hh_size <=  12.800 & total_deductions_by_hh_size <= 286.000","ranger",1431,0.91335,0.90032,699,625,0.8941,0.0698,0.0493,6.663,0.1475,0.9705,1.5
"2-3","rawben_rel_max <   0.129 & shelter_expenses_by_hh_size < 475.000 & utilities >= 431.000","xgboost",319,0.9279,0.90031,154,141,0.9156,0.0158,0.0098,1.468,0.1475,0.9705,1.5
"2-3","HH_size_n >   2.500 & medical_deductions <= 149.000 & percent_abawd <=   0.833 & rawben_rel_max >   0.997","ranger",3020,0.90927,0.9003,1543,1381,0.895,0.1543,0.1449,14.709,0.1475,0.9705,1.5
"2-3","cat_elig <  1.000 & rawben_rel_max >=  0.882 & total_deductions_by_hh_size >= 13.300 & unc_rawben_rel_max <  1.420","xgboost",802,0.91771,0.9003,378,345,0.9127,0.0385,0.0193,3.603,0.1475,0.9705,1.5
"2-3","elderly_disabled_i >   0.500 & unc_rawben_rel_max <=   0.137 & utilities > 286.000","ranger",791,0.91783,0.9003,395,364,0.9215,0.0407,0.0202,3.765,0.1475,0.9705,1.5
"2-3","medical_deductions <= 148.000 & shelter_expenses_by_hh_size <= 312.000 & total_deductions_by_hh_size > 193.000 & unc_rawben_rel_max >   0.997","ranger",966,0.91615,0.90029,468,424,0.906,0.0474,0.0355,4.461,0.1475,0.9705,1.5
"2-3","cat_elig > 1.500 & children_i > 0.500 & count_divisible_by_100 <= 0.500 & unc_rawben_rel_max > 0.997","ranger",2228,0.91068,0.90024,249,227,0.9116,0.0254,0.0191,2.374,0.1475,0.9705,1.5
"2-3","medical_deductions < 165.0000 & rawben_rel_max >=   0.9260 & total_deductions_by_hh_size < 466.0000 & unc_rawben_rel_max >=  -0.0566","xgboost",8227,0.90568,0.90024,4157,3751,0.9023,0.419,0.3426,39.628,0.1475,0.9705,1.5
"2-3","cat_elig > 0.500 & rawben_rel_max > 0.997","ranger",6306,0.90644,0.90023,3264,2929,0.8974,0.3272,0.3008,31.115,0.1475,0.9705,1.5
"2-3","shelter_expenses_by_hh_size >= 240.0 & shelter_expenses_by_hh_size < 251.0 & total_deductions_by_hh_size <  51.5","xgboost",72,0.95833,0.90023,24,21,0.875,0.0023,0.0019,0.229,0.1475,0.9705,1.5
"2-3","cat_elig <=   0.5 & children_i <=   0.5 & total_deductions_by_hh_size <= 774.0","ranger",524,0.92176,0.90022,277,246,0.8881,0.0275,0.0163,2.641,0.1475,0.9705,1.5
"2-3","count_divisible_by_100 <=   1.50 & shelter_expenses_by_hh_size > 112.00 & shelter_expenses_by_hh_size <= 331.00 & total_deductions_by_hh_size <=   1.42","ranger",680,0.91912,0.90021,353,326,0.9235,0.0364,0.0184,3.365,0.1475,0.9705,1.5
"2-3","married >=   1.0000 & shelter_expenses_by_hh_size < 525.0000 & total_deductions_by_hh_size < 588.0000 & unc_rawben_rel_max <  -0.0566","xgboost",188,0.93617,0.90021,91,85,0.9341,0.0095,0.0039,0.867,0.1475,0.9705,1.5
"2-3","medical_deductions > 144.000 & unc_rawben_rel_max <=   0.163","ranger",188,0.93617,0.90021,94,87,0.9255,0.0097,0.0042,0.896,0.1475,0.9705,1.5
"2-3","children_i >  0.5 & expedited_i >  0.5 & months_since_cert_n <=  9.5 & utilities <= 22.0","ranger",834,0.91727,0.90019,411,384,0.9343,0.0429,0.0168,3.918,0.1475,0.9705,1.5
"2-3","expedited_i <= 0.500 & rawben_rel_max > 0.996","ranger",5869,0.90663,0.90019,2933,2647,0.9025,0.2957,0.2571,27.96,0.1475,0.9705,1.5
"2-3","homeless <=   0.5 & shelter_expenses_by_hh_size <= 252.0 & utilities <=  30.5","ranger",4301,0.9077,0.90018,2194,1963,0.8947,0.2193,0.1581,20.915,0.1475,0.9705,1.5
"2-3","children_i >=  1.000 & expedited_i >=  1.000 & percent_abawd <  0.333 & utilities < 52.000","xgboost",932,0.91631,0.90016,466,430,0.9227,0.048,0.0262,4.442,0.1475,0.9705,1.5
"2-3","HH_size_n >   2.500 & medical_deductions <= 226.000 & unc_rawben_rel_max >   0.997","ranger",3036,0.90909,0.90014,1550,1388,0.8955,0.155,0.1449,14.776,0.1475,0.9705,1.5
"2-3","expedited_i > 0.500 & total_deductions_by_hh_size > 0.217 & unc_rawben_rel_max > 0.998","ranger",1008,0.91567,0.90014,518,465,0.8977,0.0519,0.0469,4.938,0.1475,0.9705,1.5
"2-3","cat_elig <=  0.5 & expedited_i >  0.5 & utilities <= 38.5","ranger",248,0.93145,0.90013,114,110,0.9649,0.0123,0.0028,1.087,0.1475,0.9705,1.5
"2-3","children_i >=   1.000 & months_since_cert_n >=  11.000 & shelter_expenses_by_hh_size < 302.000 & unc_rawben_rel_max >=   0.898","xgboost",248,0.93145,0.90013,157,139,0.8854,0.0155,0.0133,1.497,0.1475,0.9705,1.5
"2-3","count_divisible_by_100 <=   0.500 & rawben_rel_max >   0.997 & shelter_expenses_by_hh_size <= 542.000 & utilities > 286.000","ranger",2584,0.90983,0.90013,1364,1230,0.9018,0.1374,0.1203,13.003,0.1475,0.9705,1.5
"2-3","expedited_i > 0.500 & HH_size_n > 2.500 & percent_abawd <= 0.500 & unc_rawben_rel_max > 0.997","ranger",624,0.91987,0.90013,341,312,0.915,0.0349,0.027,3.251,0.1475,0.9705,1.5
"2-3","cat_elig >= 1.000 & unc_rawben_rel_max >= 0.998","xgboost",6299,0.90633,0.90012,3256,2921,0.8971,0.3263,0.3008,31.039,0.1475,0.9705,1.5
"2-3","children_i > 0.500 & HH_size_n > 2.500 & months_since_cert_n <= 5.500 & rawben_rel_max > 0.997","ranger",2109,0.91086,0.90012,1049,954,0.9094,0.1066,0.0861,10,0.1475,0.9705,1.5
"2-3","HH_size_n >   2.500 & rawben_rel_max >   0.997 & shelter_expenses_by_hh_size <= 307.000 & total_deductions_by_hh_size >  29.900","ranger",1051,0.91532,0.9001,520,466,0.8962,0.0521,0.0492,4.957,0.1475,0.9705,1.5
"2-3","children_i <=   0.500 & rawben_rel_max <=   0.154 & shelter_expenses_by_hh_size > 252.000 & shelter_expenses_by_hh_size <= 709.000","ranger",557,0.92101,0.9001,276,255,0.9239,0.0285,0.0144,2.631,0.1475,0.9705,1.5
"2-3","children_i >  0.5 & count_divisible_by_100 <=  0.5 & months_since_cert_n <=  5.5 & utilities <= 78.5","ranger",3401,0.90856,0.9001,1686,1511,0.8962,0.1688,0.1183,16.072,0.1475,0.9705,1.5
"2-3","medical_deductions < 168.00000 & percent_abawd <   0.33300 & unc_rawben_rel_max <  -0.00871","xgboost",557,0.92101,0.9001,293,267,0.9113,0.0298,0.0249,2.793,0.1475,0.9705,1.5
"2-3","shelter_expenses_by_hh_size < 25.00 & unc_rawben_rel_max >= -0.71","xgboost",4048,0.90786,0.9001,2038,1835,0.9004,0.205,0.139,19.428,0.1475,0.9705,1.5
"2-3","count_divisible_by_100 <=   1.5 & shelter_expenses_by_hh_size <= 252.0 & utilities <=  22.0","ranger",4422,0.90751,0.90009,2277,2038,0.895,0.2277,0.1637,21.706,0.1475,0.9705,1.5
"2-3","homeless > 0.500 & rawben_rel_max > 0.918","ranger",236,0.9322,0.90009,133,126,0.9474,0.0141,0.0038,1.268,0.1475,0.9705,1.5
"2-3","cat_elig <=   0.500 & medical_deductions <= 716.000 & rawben_rel_max <=   0.994 & unc_rawben_rel_max >   0.974","ranger",42,0.97619,0.90006,29,29,1,0.0032,0,0.276,0.1475,0.9705,1.5
"2-3","children_i <=   0.5 & elderly_disabled_i >   0.5 & medical_deductions >  12.0 & medical_deductions <= 104.0","ranger",42,0.97619,0.90006,22,21,0.9545,0.0023,2e-04,0.21,0.1475,0.9705,1.5
"2-3","elderly_disabled_i >   0.500 & shelter_expenses_by_hh_size <= 280.000 & unc_rawben_rel_max <=   0.621","ranger",1191,0.91436,0.90006,584,519,0.8887,0.058,0.0368,5.567,0.1475,0.9705,1.5
"2-3","married > 0.500 & percent_abawd <= 0.167 & unc_rawben_rel_max > 0.997 & unc_rawben_rel_max <= 1.550","ranger",745,0.91812,0.90004,356,327,0.9185,0.0365,0.0262,3.394,0.1475,0.9705,1.5
"2-3","total_deductions_by_hh_size < 56.300 & unc_rawben_rel_max >=  0.394 & unc_rawben_rel_max <  1.110","xgboost",2970,0.90909,0.90004,1501,1327,0.8841,0.1482,0.1145,14.309,0.1475,0.9705,1.5
"2-3","children_i >= 1.000 & count_divisible_by_100 < 1.000 & expedited_i >= 1.000 & rawben_rel_max >= 0.731","xgboost",1651,0.91217,0.90003,842,768,0.9121,0.0858,0.0548,8.027,0.1475,0.9705,1.5
"2-3","months_since_cert_n >= 10.0000 & unc_rawben_rel_max >= -0.4970 & unc_rawben_rel_max < -0.0566","xgboost",138,0.94203,0.90002,54,52,0.963,0.0058,0.0036,0.515,0.1475,0.9705,1.5
"2-3","rawben_rel_max >=   0.967 & utilities < 600.000","xgboost",6592,0.9061,0.90002,3238,2924,0.903,0.3266,0.2753,30.867,0.1475,0.9705,1.5
"2-3","cat_elig >= 2.00 & expedited_i < 1.00 & unc_rawben_rel_max >= 1.11 & unc_rawben_rel_max < 1.12","xgboost",444,0.92342,0.9,57,52,0.9123,0.0058,0.0038,0.543,0.1475,0.9705,1.5
"2-3","HH_size_n <=   2.500 & medical_deductions <=   4.500 & percent_abawd <=   0.167 & shelter_expenses_by_hh_size <= 278.000","ranger",4241,0.90757,0.89999,2184,1956,0.8956,0.2185,0.1571,20.82,0.1475,0.9705,1.5
"2-3","rawben_rel_max >=   0.20 & shelter_expenses_by_hh_size < 847.00 & unc_rawben_rel_max >=   1.07","xgboost",6239,0.90623,0.89999,3137,2825,0.9005,0.3156,0.2749,29.905,0.1475,0.9705,1.5
"2-3","months_since_cert_n >=   6.00 & unc_rawben_rel_max >=   1.11 & unc_rawben_rel_max <   1.13 & utilities < 385.00","xgboost",387,0.92506,0.89998,193,178,0.9223,0.0199,0.0123,1.84,0.1475,0.9705,1.5
"2-3","HH_size_n <=   2.5 & shelter_expenses_by_hh_size <= 307.0 & utilities <=  30.5","ranger",2779,0.90932,0.89996,1434,1292,0.901,0.1443,0.1031,13.67,0.1475,0.9705,1.5
"2-3","cat_elig >=   2.000 & total_deductions_by_hh_size < 248.000 & unc_rawben_rel_max >=   0.998 & unc_rawben_rel_max <   1.490","xgboost",1894,0.9113,0.89996,255,231,0.9059,0.0258,0.0224,2.431,0.1475,0.9705,1.5
"2-3","months_since_cert_n >   8.500 & rawben_rel_max >   0.996 & shelter_expenses_by_hh_size <= 252.000 & unc_rawben_rel_max <=   1.440","ranger",567,0.92063,0.8999,322,293,0.9099,0.0327,0.0274,3.07,0.1475,0.9705,1.5
"2-3","cat_elig <   1.00 & rawben_rel_max >=   0.75 & shelter_expenses_by_hh_size < 986.00","xgboost",1829,0.91143,0.89988,867,805,0.9285,0.0899,0.0378,8.265,0.1475,0.9705,1.5
"2-3","cat_elig <=   0.5 & elderly_disabled_i >   0.5 & shelter_expenses_by_hh_size <= 138.0","ranger",99,0.94949,0.89987,62,55,0.8871,0.0061,0.0041,0.591,0.1475,0.9705,1.5
"2-3","HH_size_n >=   3 & total_deductions_by_hh_size < 837 & unc_rawben_rel_max >=   1","xgboost",3006,0.90885,0.89984,1536,1375,0.8952,0.1536,0.1446,14.643,0.1475,0.9705,1.5
"2-3","HH_size_n <   3.00 & shelter_expenses_by_hh_size < 132.00 & unc_rawben_rel_max <   1.55 & utilities < 370.00","xgboost",2786,0.90919,0.89983,1423,1282,0.9009,0.1432,0.0946,13.565,0.1475,0.9705,1.5
"2-3","HH_size_n > 2.500 & rawben_rel_max > 0.997","ranger",3037,0.90879,0.89983,1551,1388,0.8949,0.155,0.1457,14.786,0.1475,0.9705,1.5
"2-3","cat_elig >   0.500 & medical_deductions <= 268.000 & rawben_rel_max >   0.996","ranger",6322,0.90604,0.89983,3251,2922,0.8988,0.3264,0.2932,30.991,0.1475,0.9705,1.5
"2-3","cat_elig <   2 & married <   1 & total_deductions_by_hh_size < 155 & utilities < 288","xgboost",3047,0.90876,0.89982,2044,1803,0.8821,0.2014,0.1631,19.485,0.1475,0.9705,1.5
"2-3","children_i >=  1.000 & rawben_rel_max >=  0.282 & total_deductions_by_hh_size < 54.000 & unc_rawben_rel_max <  1.090","xgboost",2639,0.90944,0.89982,1306,1153,0.8828,0.1288,0.0983,12.45,0.1475,0.9705,1.5
"2-3","rawben_rel_max >=   0.933 & shelter_expenses_by_hh_size < 632.000","xgboost",7628,0.90548,0.89982,3879,3505,0.9036,0.3915,0.315,36.978,0.1475,0.9705,1.5
"2-3","HH_size_n <   3 & months_since_cert_n <  20 & total_deductions_by_hh_size < 120","xgboost",4171,0.90746,0.89981,2155,1950,0.9049,0.2178,0.1266,20.543,0.1475,0.9705,1.5
"2-3","count_divisible_by_100 <=   0.500 & rawben_rel_max >   0.997 & unc_rawben_rel_max <=   1.550 & utilities > 124.000","ranger",3651,0.90797,0.8998,1869,1696,0.9074,0.1895,0.1556,17.817,0.1475,0.9705,1.5
"2-3","count_divisible_by_100 < 1.000 & rawben_rel_max < 0.974 & total_deductions_by_hh_size < 2.500","xgboost",1466,0.91269,0.89979,736,668,0.9076,0.0746,0.0402,7.016,0.1475,0.9705,1.5
"2-3","cat_elig <=  1.5 & count_divisible_by_100 <=  0.5 & months_since_cert_n >  5.5 & total_deductions_by_hh_size <= 55.3","ranger",1026,0.9152,0.89978,769,691,0.8986,0.0772,0.0519,7.331,0.1475,0.9705,1.5
"2-3","elderly_disabled_i <=  0.500 & percent_abawd <=  0.167 & total_deductions_by_hh_size > 27.600 & unc_rawben_rel_max >  0.997","ranger",3765,0.90784,0.89978,1882,1706,0.9065,0.1906,0.1597,17.941,0.1475,0.9705,1.5
"2-3","expedited_i >  0.500 & unc_rawben_rel_max >  0.707 & utilities <= 12.500","ranger",961,0.91571,0.89978,501,466,0.9301,0.0521,0.0245,4.776,0.1475,0.9705,1.5
"2-3","cat_elig <=   0.50 & count_divisible_by_100 <=   0.50 & total_deductions_by_hh_size >   2.95 & utilities > 476.00","ranger",294,0.92857,0.89976,71,69,0.9718,0.0077,6e-04,0.677,0.1475,0.9705,1.5
"2-3","months_since_cert_n >=  4.0 & total_deductions_by_hh_size < 56.3","xgboost",2899,0.90893,0.89976,1502,1356,0.9028,0.1515,0.1,14.318,0.1475,0.9705,1.5
"2-3","cat_elig <  3 & total_deductions_by_hh_size < 76","xgboost",5935,0.90615,0.89974,2999,2710,0.9036,0.3027,0.1887,28.589,0.1475,0.9705,1.5
"2-3","children_i <   1.000 & rawben_rel_max <   0.282 & shelter_expenses_by_hh_size < 218.000 & total_deductions_by_hh_size <  54.000","xgboost",112,0.94643,0.89974,55,52,0.9455,0.0058,0.0023,0.524,0.1475,0.9705,1.5
"2-3","cat_elig <=   0.500 & months_since_cert_n <=  20.500 & percent_abawd <=   0.167 & shelter_expenses_by_hh_size <= 252.000","ranger",1529,0.91236,0.89972,741,669,0.9028,0.0747,0.0417,7.064,0.1475,0.9705,1.5
"2-3","rawben_rel_max >=   0.89 & total_deductions_by_hh_size >=   4.10 & total_deductions_by_hh_size < 184.00 & utilities >= 376.00","xgboost",454,0.92291,0.89972,242,214,0.8843,0.0239,0.0264,2.307,0.1475,0.9705,1.5
"2-3","children_i >   0.5 & married <=   0.5 & shelter_expenses_by_hh_size <= 475.0 & utilities <=  22.0","ranger",3918,0.90761,0.89971,1969,1762,0.8949,0.1968,0.1415,18.77,0.1475,0.9705,1.5
"2-3","months_since_cert_n <  17.000 & rawben_rel_max <   0.146 & total_deductions_by_hh_size < 231.000 & utilities < 524.000","xgboost",577,0.92028,0.89971,276,260,0.942,0.029,0.0107,2.631,0.1475,0.9705,1.5
"2-3","cat_elig <=   0.500 & percent_abawd <=   0.583 & shelter_expenses_by_hh_size <= 252.000","ranger",1603,0.91204,0.8997,782,708,0.9054,0.0791,0.0423,7.455,0.1475,0.9705,1.5
"2-3","months_since_cert_n <=   5.500 & rawben_rel_max >   0.901 & rawben_rel_max <=   0.961 & utilities <= 138.000","ranger",187,0.93583,0.89969,77,68,0.8831,0.0076,0.0101,0.734,0.1475,0.9705,1.5
"2-3","percent_abawd < 0.3330 & unc_rawben_rel_max < 0.0405","xgboost",808,0.91708,0.89969,411,371,0.9027,0.0414,0.0361,3.918,0.1475,0.9705,1.5
"2-3","elderly_disabled_i <=   0.500 & married >   0.500 & shelter_expenses_by_hh_size <= 192.000 & unc_rawben_rel_max >   0.997","ranger",235,0.93191,0.89968,125,113,0.904,0.0126,0.0084,1.192,0.1475,0.9705,1.5
"2-3","HH_size_n >= 3.000 & unc_rawben_rel_max >= 0.998","xgboost",3032,0.90864,0.89967,1541,1378,0.8942,0.1539,0.1457,14.69,0.1475,0.9705,1.5
"2-3","elderly_disabled_i > 0.500 & rawben_rel_max <= 0.149","ranger",960,0.91562,0.89967,461,422,0.9154,0.0471,0.0258,4.395,0.1475,0.9705,1.5
"2-3","rawben_rel_max >=  0.282 & total_deductions_by_hh_size < 54.000 & unc_rawben_rel_max <  1.090","xgboost",3178,0.90843,0.89967,1606,1426,0.8879,0.1593,0.1171,15.31,0.1475,0.9705,1.5
"2-3","cat_elig > 0.500 & homeless <= 0.500 & rawben_rel_max > 0.997","ranger",6126,0.90597,0.89966,3162,2832,0.8956,0.3164,0.2979,30.143,0.1475,0.9705,1.5
"2-3","cat_elig <   1 & children_i <   1 & total_deductions_by_hh_size < 652","xgboost",521,0.92131,0.89965,274,244,0.8905,0.0273,0.0161,2.612,0.1475,0.9705,1.5
"2-3","months_since_cert_n >=   3 & shelter_expenses_by_hh_size <  15 & total_deductions_by_hh_size < 147","xgboost",2341,0.90987,0.89965,1149,1034,0.8999,0.1155,0.0754,10.953,0.1475,0.9705,1.5
"2-3","percent_abawd <   0.75 & rawben_rel_max >=   1.00 & unc_rawben_rel_max >=   1.07 & utilities < 850.00","xgboost",5909,0.90608,0.89965,2895,2603,0.8991,0.2908,0.2608,27.598,0.1475,0.9705,1.5
"2-3","shelter_expenses_by_hh_size < 340.00 & total_deductions_by_hh_size >= 208.00 & unc_rawben_rel_max >=   1.12 & utilities < 707.00","xgboost",621,0.91948,0.89965,365,329,0.9014,0.0368,0.0322,3.48,0.1475,0.9705,1.5
"2-3","expedited_i <= 0.500 & rawben_rel_max <= 0.997 & total_deductions_by_hh_size <= 0.300","ranger",1453,0.91259,0.89963,737,668,0.9064,0.0746,0.0418,7.026,0.1475,0.9705,1.5
"2-3","homeless >   0.500 & percent_abawd <=   1.750 & unc_rawben_rel_max >   0.916 & utilities <= 762.000","ranger",223,0.93274,0.89963,121,114,0.9421,0.0127,0.0038,1.153,0.1475,0.9705,1.5
"2-3","cat_elig <    1.000 & rawben_rel_max >=    0.743 & utilities < 1010.000","xgboost",1856,0.9111,0.89962,879,816,0.9283,0.0912,0.0383,8.379,0.1475,0.9705,1.5
"2-3","elderly_disabled_i <=  0.500 & percent_abawd <=  0.167 & rawben_rel_max >  0.997 & utilities > 80.500","ranger",3312,0.90821,0.89962,1649,1496,0.9072,0.1671,0.1399,15.72,0.1475,0.9705,1.5
"2-3","children_i >  0.5 & count_divisible_by_100 <=  0.5 & married <=  0.5 & utilities <= 30.5","ranger",3758,0.90766,0.8996,1896,1700,0.8966,0.1899,0.1376,18.074,0.1475,0.9705,1.5
"2-3","rawben_rel_max >   0.928 & shelter_expenses_by_hh_size <= 252.000 & total_deductions_by_hh_size > 112.000","ranger",1335,0.91311,0.89958,679,596,0.8778,0.0666,0.0769,6.473,0.1475,0.9705,1.5
"2-3","percent_abawd <   0.750 & total_deductions_by_hh_size < 390.000 & unc_rawben_rel_max >=   0.886","xgboost",8182,0.90504,0.89957,4146,3722,0.8977,0.4158,0.3506,39.523,0.1475,0.9705,1.5
"2-3","cat_elig < 1.000 & rawben_rel_max >= 0.712 & unc_rawben_rel_max < 1.380","xgboost",1802,0.91121,0.89956,861,795,0.9233,0.0888,0.0407,8.208,0.1475,0.9705,1.5
"2-3","cat_elig <=   0.5 & children_i >   0.5 & count_divisible_by_100 <=   2.5 & total_deductions_by_hh_size <= 145.0","ranger",1249,0.91353,0.89954,593,541,0.9123,0.0604,0.0295,5.653,0.1475,0.9705,1.5
"2-3","unc_rawben_rel_max >= 0.908 & unc_rawben_rel_max < 1.500","xgboost",8517,0.9049,0.89954,4468,4020,0.8997,0.4491,0.3717,42.593,0.1475,0.9705,1.5
"2-3","cat_elig >   0.500 & children_i <=   0.500 & shelter_expenses_by_hh_size <= 857.000 & unc_rawben_rel_max <=   0.151","ranger",763,0.91743,0.89953,379,351,0.9261,0.0392,0.0209,3.613,0.1475,0.9705,1.5
"2-3","count_divisible_by_100 <= 1.500 & elderly_disabled_i > 0.500 & rawben_rel_max <= 0.154 & unc_rawben_rel_max <= 0.997","ranger",980,0.91531,0.89951,469,431,0.919,0.0481,0.0242,4.471,0.1475,0.9705,1.5
"2-3","expedited_i > 0.500 & homeless <= 0.500 & rawben_rel_max > 0.903","ranger",1780,0.91124,0.89951,927,842,0.9083,0.0941,0.0714,8.837,0.1475,0.9705,1.5
"2-3","expedited_i >  0.5 & HH_size_n <=  2.5 & total_deductions_by_hh_size <= 24.7","ranger",609,0.91954,0.8995,309,287,0.9288,0.0321,0.0151,2.946,0.1475,0.9705,1.5
"2-3","medical_deductions < 123.000 & shelter_expenses_by_hh_size >= 531.000 & unc_rawben_rel_max >=   0.998 & unc_rawben_rel_max <   1.340","xgboost",675,0.91852,0.89948,387,355,0.9173,0.0397,0.03,3.689,0.1475,0.9705,1.5
"2-3","cat_elig <=   0.5 & count_divisible_by_100 <=   0.5 & shelter_expenses_by_hh_size <= 334.0 & total_deductions_by_hh_size <= 250.0","ranger",1747,0.91128,0.89944,852,767,0.9002,0.0857,0.0488,8.122,0.1475,0.9705,1.5
"2-3","elderly_disabled_i <=  0.500 & percent_abawd <=  0.167 & rawben_rel_max >  0.996 & utilities > 48.500","ranger",3441,0.90788,0.89944,1687,1530,0.9069,0.1709,0.1423,16.082,0.1475,0.9705,1.5
"2-3","percent_abawd <=   0.167 & total_deductions_by_hh_size >  13.600 & total_deductions_by_hh_size <= 457.000 & unc_rawben_rel_max >   0.997","ranger",4114,0.90715,0.89943,2066,1866,0.9032,0.2084,0.1804,19.695,0.1475,0.9705,1.5
"2-3","HH_size_n <   3 & shelter_expenses_by_hh_size < 235 & total_deductions_by_hh_size < 137","xgboost",3378,0.90793,0.89942,1742,1568,0.9001,0.1752,0.1123,16.606,0.1475,0.9705,1.5
"2-3","elderly_disabled_i <=  0.5 & expedited_i >  0.5 & shelter_expenses_by_hh_size <= 24.5","ranger",925,0.91568,0.89941,458,420,0.917,0.0469,0.0286,4.366,0.1475,0.9705,1.5
"2-3","elderly_disabled_i >=   1.0 & shelter_expenses_by_hh_size < 322.0 & total_deductions_by_hh_size <  18.4","xgboost",1108,0.91426,0.89939,592,537,0.9071,0.06,0.0353,5.643,0.1475,0.9705,1.5
"2-3","cat_elig >  1.500 & married <=  0.500 & percent_abawd <=  0.583 & total_deductions_by_hh_size <= 22.800","ranger",1428,0.91246,0.89937,201,183,0.9104,0.0204,0.013,1.916,0.1475,0.9705,1.5
"2-3","children_i >  0.5 & count_divisible_by_100 <=  0.5 & utilities <= 22.0","ranger",3791,0.90741,0.89937,1946,1741,0.8947,0.1945,0.1423,18.551,0.1475,0.9705,1.5
"2-3","HH_size_n <=  2.500 & homeless >  0.500 & unc_rawben_rel_max >  0.536 & utilities > 25.500","ranger",57,0.96491,0.89936,35,34,0.9714,0.0038,7e-04,0.334,0.1475,0.9705,1.5
"2-3","cat_elig <=   0.50 & HH_size_n <=   2.50 & percent_abawd >   0.25 & utilities <= 112.00","ranger",57,0.96491,0.89936,31,28,0.9032,0.0031,0.0023,0.296,0.1475,0.9705,1.5
"2-3","cat_elig > 0.500 & count_divisible_by_100 <= 1.500 & rawben_rel_max > 0.996","ranger",6292,0.90559,0.89936,3250,2918,0.8978,0.326,0.2972,30.982,0.1475,0.9705,1.5
"2-3","elderly_disabled_i <=   0.500 & medical_deductions <= 304.000 & rawben_rel_max >   0.997 & total_deductions_by_hh_size >   1.420","ranger",4359,0.90686,0.89936,2215,2003,0.9043,0.2237,0.1937,21.115,0.1475,0.9705,1.5
"2-3","months_since_cert_n <   2 & shelter_expenses_by_hh_size < 149 & utilities < 229","xgboost",1086,0.91436,0.89935,600,541,0.9017,0.0604,0.0404,5.72,0.1475,0.9705,1.5
"2-3","months_since_cert_n <   6.000 & rawben_rel_max <   0.122 & total_deductions_by_hh_size < 652.000 & unc_rawben_rel_max >=  -0.497","xgboost",619,0.91922,0.89933,292,263,0.9007,0.0294,0.0204,2.784,0.1475,0.9705,1.5
"2-3","cat_elig >=  1.00 & total_deductions_by_hh_size < 23.00 & unc_rawben_rel_max <  1.08","xgboost",2281,0.90969,0.89932,1263,1142,0.9042,0.1276,0.082,12.04,0.1475,0.9705,1.5
"2-3","children_i <=   0.500 & rawben_rel_max <=   0.154 & total_deductions_by_hh_size <= 546.000","ranger",805,0.91677,0.89932,398,364,0.9146,0.0407,0.0259,3.794,0.1475,0.9705,1.5
"2-3","rawben_rel_max >=   0.333 & shelter_expenses_by_hh_size < 165.000 & total_deductions_by_hh_size < 124.000 & utilities < 385.000","xgboost",4800,0.90646,0.89931,2420,2162,0.8934,0.2415,0.1771,23.07,0.1475,0.9705,1.5
"2-3","expedited_i <=   0.5 & shelter_expenses_by_hh_size <=  92.0 & total_deductions_by_hh_size <= 433.0","ranger",3415,0.90776,0.89929,1709,1521,0.89,0.1699,0.1237,16.292,0.1475,0.9705,1.5
"2-3","cat_elig < 1 & HH_size_n < 3","xgboost",1596,0.91165,0.89926,772,712,0.9223,0.0795,0.0331,7.359,0.1475,0.9705,1.5
"2-3","shelter_expenses_by_hh_size < 271.0 & total_deductions_by_hh_size <  10.8 & utilities >= 385.0","xgboost",234,0.93162,0.89926,112,103,0.9196,0.0115,0.0063,1.068,0.1475,0.9705,1.5
"2-3","HH_size_n >   2.5 & medical_deductions <= 575.0 & shelter_expenses_by_hh_size <=  13.2","ranger",1490,0.91208,0.89925,742,664,0.8949,0.0742,0.052,7.073,0.1475,0.9705,1.5
"2-3","medical_deductions < 139.000 & months_since_cert_n <   5.000 & rawben_rel_max >=   0.957","xgboost",5013,0.90624,0.89925,2468,2241,0.908,0.2503,0.1962,23.527,0.1475,0.9705,1.5
"2-3","rawben_rel_max >= 0.902 & unc_rawben_rel_max < 1.490","xgboost",8584,0.90459,0.89925,4504,4048,0.8988,0.4522,0.3777,42.936,0.1475,0.9705,1.5
"2-3","cat_elig <= 0.500 & married <= 0.500 & months_since_cert_n <= 5.500 & percent_abawd > 0.167","ranger",85,0.95294,0.89923,65,56,0.8615,0.0063,0.0047,0.62,0.1475,0.9705,1.5
"2-3","rawben_rel_max <= 0.972 & total_deductions_by_hh_size <= 0.217 & unc_rawben_rel_max <= 0.957","ranger",1479,0.9121,0.89923,751,680,0.9055,0.076,0.0425,7.159,0.1475,0.9705,1.5
"2-3","rawben_rel_max >=   0.942 & shelter_expenses_by_hh_size < 847.000","xgboost",8154,0.90471,0.89923,4124,3709,0.8994,0.4143,0.3555,39.314,0.1475,0.9705,1.5
"2-3","HH_size_n < 3.00 & months_since_cert_n < 6.00 & rawben_rel_max >= 1.00 & unc_rawben_rel_max >= 1.11","xgboost",2644,0.90885,0.89922,1310,1197,0.9137,0.1337,0.1057,12.488,0.1475,0.9705,1.5
"2-3","HH_size_n <=   2.5 & months_since_cert_n <=   5.5 & unc_rawben_rel_max >   1.0 & utilities > 286.0","ranger",1627,0.91149,0.89922,813,737,0.9065,0.0823,0.0722,7.75,0.1475,0.9705,1.5
"2-3","cat_elig >= 2.000 & months_since_cert_n >= 1.000 & rawben_rel_max >= 0.529 & total_deductions_by_hh_size < 8.300","xgboost",1213,0.91344,0.89922,167,154,0.9222,0.0172,0.0109,1.592,0.1475,0.9705,1.5
"2-3","elderly_disabled_i >   0.5 & months_since_cert_n <=  36.0 & shelter_expenses_by_hh_size > 162.0 & total_deductions_by_hh_size <=  62.0","ranger",1181,0.91363,0.89922,583,535,0.9177,0.0598,0.0279,5.558,0.1475,0.9705,1.5
"2-3","rawben_rel_max <   0.19 & shelter_expenses_by_hh_size < 857.00 & total_deductions_by_hh_size <   2.50 & unc_rawben_rel_max <   1.00","xgboost",327,0.92661,0.89922,167,164,0.982,0.0183,0.0016,1.592,0.1475,0.9705,1.5
"2-3","elderly_disabled_i > 0.500 & rawben_rel_max <= 0.150 & unc_rawben_rel_max <= 0.997","ranger",966,0.91511,0.89918,463,424,0.9158,0.0474,0.0258,4.414,0.1475,0.9705,1.5
"2-3","married <   1.000 & percent_abawd <   0.333 & shelter_expenses_by_hh_size < 163.000 & unc_rawben_rel_max >=  -0.710","xgboost",4845,0.9063,0.89918,2404,2136,0.8885,0.2386,0.1909,22.917,0.1475,0.9705,1.5
"2-3","cat_elig <=   1.500 & rawben_rel_max >   0.995 & total_deductions_by_hh_size <= 540.000 & utilities >  78.000","ranger",2601,0.90888,0.89917,1933,1739,0.8996,0.1943,0.1765,18.427,0.1475,0.9705,1.5
"2-3","months_since_cert_n <  10.0000 & rawben_rel_max <   0.0436 & shelter_expenses_by_hh_size < 847.0000","xgboost",607,0.91928,0.89917,9,7,0.7778,8e-04,5e-04,0.086,0.1475,0.9705,1.5
"2-3","percent_abawd <=   0.167 & total_deductions_by_hh_size <= 456.000 & unc_rawben_rel_max >   0.998 & utilities >  49.500","ranger",3618,0.90741,0.89917,1801,1627,0.9034,0.1817,0.1556,17.169,0.1475,0.9705,1.5
"2-3","rawben_rel_max >=   0.939 & shelter_expenses_by_hh_size < 781.000","xgboost",8068,0.90469,0.89917,4085,3685,0.9021,0.4116,0.3405,38.942,0.1475,0.9705,1.5
"2-3","cat_elig >   0.500 & elderly_disabled_i >   0.500 & medical_deductions > 140.000 & unc_rawben_rel_max <=   0.163","ranger",186,0.93548,0.89916,94,87,0.9255,0.0097,0.0042,0.896,0.1475,0.9705,1.5
"2-3","HH_size_n < 3.00 & months_since_cert_n < 7.00 & unc_rawben_rel_max >= 1.12 & unc_rawben_rel_max < 1.16","xgboost",210,0.93333,0.89915,95,88,0.9263,0.0098,0.0052,0.906,0.1475,0.9705,1.5
"2-3","cat_elig > 0.500 & HH_size_n <= 2.500 & unc_rawben_rel_max > 0.997","ranger",3792,0.90717,0.89913,1951,1767,0.9057,0.1974,0.1643,18.599,0.1475,0.9705,1.5
"2-3","cat_elig > 0.500 & months_since_cert_n > 7.500 & rawben_rel_max > 0.997 & unc_rawben_rel_max <= 1.300","ranger",944,0.91525,0.89913,536,495,0.9235,0.0553,0.0352,5.11,0.1475,0.9705,1.5
"2-3","children_i >  0.500 & HH_size_n <=  2.500 & total_deductions_by_hh_size > 12.800 & unc_rawben_rel_max >  0.997","ranger",2224,0.90962,0.89912,1105,1008,0.9122,0.1126,0.093,10.534,0.1475,0.9705,1.5
"2-3","total_deductions_by_hh_size < 122 & utilities < 340","xgboost",5489,0.90581,0.89912,2616,2345,0.8964,0.262,0.1783,24.938,0.1475,0.9705,1.5
"2-3","shelter_expenses_by_hh_size < 592.00 & total_deductions_by_hh_size < 265.00 & unc_rawben_rel_max >=   1.11","xgboost",3181,0.90789,0.89911,1616,1456,0.901,0.1626,0.1372,15.405,0.1475,0.9705,1.5
"2-3","shelter_expenses_by_hh_size >  94.600 & shelter_expenses_by_hh_size <= 252.000 & unc_rawben_rel_max >   0.912","ranger",1530,0.91176,0.8991,785,690,0.879,0.0771,0.0853,7.483,0.1475,0.9705,1.5
"2-3","children_i >=  1 & expedited_i >=  1 & utilities < 52","xgboost",965,0.91503,0.89907,485,447,0.9216,0.0499,0.0277,4.623,0.1475,0.9705,1.5
"2-3","medical_deductions < 137.000 & percent_abawd <   0.333 & rawben_rel_max >=   0.936","xgboost",7866,0.90465,0.89907,3900,3506,0.899,0.3916,0.3343,37.178,0.1475,0.9705,1.5
"2-3","percent_abawd <   0.75 & shelter_expenses_by_hh_size < 122.00","xgboost",4715,0.90626,0.89904,2429,2164,0.8909,0.2417,0.1817,23.155,0.1475,0.9705,1.5
"2-3","cat_elig <=   0.5 & months_since_cert_n <=   5.5 & shelter_expenses_by_hh_size <= 252.0","ranger",1317,0.91268,0.89902,657,592,0.9011,0.0661,0.0381,6.263,0.1475,0.9705,1.5
"2-3","count_divisible_by_100 <=   0.5 & HH_size_n >   2.5 & shelter_expenses_by_hh_size <= 252.0 & utilities <=  38.5","ranger",1718,0.91094,0.89898,860,757,0.8802,0.0846,0.0645,8.198,0.1475,0.9705,1.5
"2-3","elderly_disabled_i <=   0.500 & months_since_cert_n >   7.500 & total_deductions_by_hh_size <= 249.000 & unc_rawben_rel_max >   0.997","ranger",867,0.9158,0.89896,470,420,0.8936,0.0469,0.0455,4.48,0.1475,0.9705,1.5
"2-3","months_since_cert_n >=  1.00 & months_since_cert_n < 10.00 & unc_rawben_rel_max >=  1.23 & unc_rawben_rel_max <  1.34","xgboost",704,0.91761,0.89893,536,471,0.8787,0.0526,0.059,5.11,0.1475,0.9705,1.5
"2-3","elderly_disabled_i > 0.500 & percent_abawd <= 0.583 & rawben_rel_max <= 0.997 & unc_rawben_rel_max <= 0.145","ranger",942,0.91507,0.89892,451,414,0.918,0.0462,0.0242,4.299,0.1475,0.9705,1.5
"2-3","expedited_i <  1.00000 & unc_rawben_rel_max < -0.00871","xgboost",682,0.91789,0.8989,359,327,0.9109,0.0365,0.0288,3.422,0.1475,0.9705,1.5
"2-3","percent_abawd <   0.50 & shelter_expenses_by_hh_size < 281.00 & total_deductions_by_hh_size < 105.00 & unc_rawben_rel_max <   1.22","xgboost",5701,0.90546,0.89889,2889,2589,0.8962,0.2892,0.1944,27.541,0.1475,0.9705,1.5
"2-3","months_since_cert_n <  12.000 & rawben_rel_max >=   0.619 & shelter_expenses_by_hh_size < 192.000","xgboost",5056,0.90585,0.89888,2588,2306,0.891,0.2576,0.1981,24.671,0.1475,0.9705,1.5
"2-3","HH_size_n <=   2.500 & total_deductions_by_hh_size <= 468.000 & unc_rawben_rel_max >   0.997 & utilities > 112.000","ranger",2156,0.90955,0.89887,1084,995,0.9179,0.1111,0.0812,10.334,0.1475,0.9705,1.5
"2-3","total_deductions_by_hh_size < 122.00 & unc_rawben_rel_max <   1.12 & utilities < 340.00","xgboost",5311,0.90567,0.89886,2534,2272,0.8966,0.2538,0.1699,24.156,0.1475,0.9705,1.5
"2-3","HH_size_n >  2.5 & homeless <=  0.5 & shelter_expenses_by_hh_size <= 12.8","ranger",1410,0.91206,0.89885,703,630,0.8962,0.0704,0.0491,6.702,0.1475,0.9705,1.5
"2-3","cat_elig <= 0.5 & count_divisible_by_100 <= 0.5 & HH_size_n <= 2.5","ranger",1484,0.91173,0.89885,697,640,0.9182,0.0715,0.0317,6.644,0.1475,0.9705,1.5
"2-3","medical_deductions <= 268.000 & unc_rawben_rel_max >   0.997 & unc_rawben_rel_max <=   1.620 & utilities >  22.000","ranger",4419,0.90631,0.89885,2223,1998,0.8988,0.2232,0.205,21.192,0.1475,0.9705,1.5
"2-3","cat_elig <= 0.50 & HH_size_n <= 2.50 & percent_abawd <= 0.75","ranger",1547,0.91144,0.89883,748,691,0.9238,0.0772,0.0317,7.131,0.1475,0.9705,1.5
"2-3","elderly_disabled_i <=   0.500 & rawben_rel_max >   0.961 & shelter_expenses_by_hh_size <= 544.000 & utilities >  30.500","ranger",3224,0.90757,0.89883,1628,1475,0.906,0.1648,0.1395,15.52,0.1475,0.9705,1.5
"2-3","months_since_cert_n <   9 & shelter_expenses_by_hh_size < 137","xgboost",4377,0.90633,0.89883,2213,1973,0.8915,0.2204,0.1649,21.096,0.1475,0.9705,1.5
"2-3","months_since_cert_n < 21.000 & rawben_rel_max <  0.734 & total_deductions_by_hh_size <  2.500","xgboost",1059,0.91407,0.89883,553,504,0.9114,0.0563,0.0319,5.272,0.1475,0.9705,1.5
"2-3","homeless <  1 & shelter_expenses_by_hh_size < 21","xgboost",3729,0.90695,0.89882,1870,1681,0.8989,0.1878,0.1304,17.827,0.1475,0.9705,1.5
"2-3","HH_size_n <  3.0 & married <  1.0 & months_since_cert_n >= 11.0 & total_deductions_by_hh_size <  2.5","xgboost",161,0.93789,0.89879,76,70,0.9211,0.0078,0.0038,0.724,0.1475,0.9705,1.5
"2-3","cat_elig <=   0.500 & percent_abawd <=   0.167 & shelter_expenses_by_hh_size <= 263.000","ranger",1599,0.91119,0.89879,764,692,0.9058,0.0773,0.0417,7.283,0.1475,0.9705,1.5
"2-3","shelter_expenses_by_hh_size <= 545.000 & unc_rawben_rel_max >   0.997 & utilities >  30.500","ranger",3284,0.90743,0.89877,1672,1500,0.8971,0.1676,0.1609,15.939,0.1475,0.9705,1.5
"2-3","cat_elig > 0.500 & count_divisible_by_100 <= 1.500 & homeless <= 0.500 & rawben_rel_max > 0.996","ranger",6112,0.9051,0.89876,3148,2821,0.8961,0.3151,0.2944,30.01,0.1475,0.9705,1.5
"2-3","medical_deductions <=  65.000 & shelter_expenses_by_hh_size >  45.800 & shelter_expenses_by_hh_size <= 304.000 & unc_rawben_rel_max >   0.924","ranger",2091,0.90961,0.89876,1040,923,0.8875,0.1031,0.101,9.914,0.1475,0.9705,1.5
"2-3","months_since_cert_n <  26.0 & shelter_expenses_by_hh_size <  27.5 & total_deductions_by_hh_size < 677.0","xgboost",4107,0.9065,0.89876,2053,1847,0.8997,0.2063,0.1407,19.571,0.1475,0.9705,1.5
"2-3","shelter_expenses_by_hh_size >= 264.0000 & shelter_expenses_by_hh_size < 632.0000 & unc_rawben_rel_max <   0.0405","xgboost",483,0.92133,0.89875,232,215,0.9267,0.024,0.0108,2.212,0.1475,0.9705,1.5
"2-3","cat_elig > 0.500 & rawben_rel_max > 0.996","ranger",6335,0.90497,0.89874,3267,2931,0.8972,0.3274,0.3015,31.144,0.1475,0.9705,1.5
"2-3","cat_elig >   0.500 & months_since_cert_n >   5.500 & shelter_expenses_by_hh_size <= 544.000 & total_deductions_by_hh_size <=   0.217","ranger",1122,0.91355,0.89873,565,516,0.9133,0.0576,0.0348,5.386,0.1475,0.9705,1.5
"2-3","count_divisible_by_100 <  1.0 & HH_size_n >=  3.0 & total_deductions_by_hh_size < 56.3","xgboost",1923,0.91004,0.89872,935,830,0.8877,0.0927,0.0712,8.913,0.1475,0.9705,1.5
"2-3","expedited_i <=   0.500 & percent_abawd <=   0.167 & total_deductions_by_hh_size <= 103.000","ranger",5416,0.90547,0.89872,2656,2385,0.898,0.2664,0.1695,25.319,0.1475,0.9705,1.5
"2-3","married <=   0.500 & rawben_rel_max >   0.997 & utilities > 430.000","ranger",2413,0.90883,0.89872,1214,1101,0.9069,0.123,0.0952,11.573,0.1475,0.9705,1.5
"2-3","HH_size_n > 2.500 & homeless <= 0.500 & rawben_rel_max > 0.997","ranger",2972,0.90781,0.8987,1520,1358,0.8934,0.1517,0.1455,14.49,0.1475,0.9705,1.5
"2-3","medical_deductions < 13.000 & months_since_cert_n < 11.000 & rawben_rel_max >=  0.954","xgboost",7664,0.90436,0.89869,3843,3477,0.9048,0.3884,0.3175,36.635,0.1475,0.9705,1.5
"2-3","cat_elig >   0.500 & homeless <=   0.500 & medical_deductions <= 625.000 & unc_rawben_rel_max >   0.996","ranger",6148,0.90501,0.89868,3160,2834,0.8968,0.3166,0.2924,30.124,0.1475,0.9705,1.5
"2-3","months_since_cert_n <  28.00 & shelter_expenses_by_hh_size < 108.00 & unc_rawben_rel_max <   1.29 & utilities < 452.00","xgboost",4606,0.90599,0.89868,2307,2063,0.8942,0.2305,0.1633,21.992,0.1475,0.9705,1.5
"2-3","months_since_cert_n >= 1.000 & rawben_rel_max >= 0.967","xgboost",7378,0.90445,0.89867,3706,3337,0.9004,0.3728,0.3177,35.329,0.1475,0.9705,1.5
"2-3","cat_elig <=   0.5 & expedited_i >   0.5 & total_deductions_by_hh_size <= 321.0 & utilities <=  58.5","ranger",256,0.92969,0.89866,114,110,0.9649,0.0123,0.0028,1.087,0.1475,0.9705,1.5
"2-3","medical_deductions < 144.000 & rawben_rel_max >=   0.902 & unc_rawben_rel_max <   1.550 & utilities < 583.000","xgboost",7144,0.90454,0.89866,3539,3181,0.8988,0.3553,0.3,33.737,0.1475,0.9705,1.5
"2-3","shelter_expenses_by_hh_size < 27.50 & unc_rawben_rel_max <  1.19","xgboost",4103,0.90641,0.89866,2055,1848,0.8993,0.2064,0.1411,19.59,0.1475,0.9705,1.5
"2-3","HH_size_n <=   2.5 & medical_deductions <= 575.0 & shelter_expenses_by_hh_size <=  13.2","ranger",2328,0.90893,0.89865,1183,1072,0.9062,0.1197,0.0758,11.277,0.1475,0.9705,1.5
"2-3","cat_elig >   0.500 & shelter_expenses_by_hh_size <= 526.000 & unc_rawben_rel_max >   0.997 & utilities >  26.000","ranger",2722,0.90816,0.89864,1406,1257,0.894,0.1404,0.1397,13.403,0.1475,0.9705,1.5
"2-3","elderly_disabled_i > 0.500 & rawben_rel_max <= 0.154 & unc_rawben_rel_max <= 0.997","ranger",982,0.91446,0.89862,471,432,0.9172,0.0483,0.0258,4.49,0.1475,0.9705,1.5
"2-3","HH_size_n <=  2.500 & rawben_rel_max <=  0.961 & total_deductions_by_hh_size <= 62.000 & unc_rawben_rel_max >  0.878","ranger",136,0.94118,0.8986,56,51,0.9107,0.0057,0.0048,0.534,0.1475,0.9705,1.5
"2-3","cat_elig <=   1.500 & rawben_rel_max >   0.996 & total_deductions_by_hh_size <= 572.000 & utilities >  48.500","ranger",2690,0.90818,0.8986,1975,1776,0.8992,0.1984,0.1821,18.827,0.1475,0.9705,1.5
"2-3","homeless <  1.0 & shelter_expenses_by_hh_size < 33.5","xgboost",3926,0.90652,0.8986,1952,1754,0.8986,0.1959,0.1358,18.608,0.1475,0.9705,1.5
"2-3","rawben_rel_max <   0.0436 & shelter_expenses_by_hh_size >= 579.0000 & total_deductions_by_hh_size < 265.0000","xgboost",136,0.94118,0.8986,1,1,1,1e-04,0,0.01,0.1475,0.9705,1.5
"2-3","cat_elig <   1 & shelter_expenses_by_hh_size < 340 & total_deductions_by_hh_size < 208 & utilities < 361","xgboost",1480,0.91149,0.89858,678,617,0.91,0.0689,0.0367,6.463,0.1475,0.9705,1.5
"2-3","elderly_disabled_i >=  1.000 & months_since_cert_n < 19.000 & total_deductions_by_hh_size < 68.000 & unc_rawben_rel_max <  0.998","xgboost",1669,0.91072,0.89857,865,777,0.8983,0.0868,0.0492,8.246,0.1475,0.9705,1.5
"2-3","married <   1.000 & rawben_rel_max <   0.176 & total_deductions_by_hh_size < 210.000 & utilities < 583.000","xgboost",404,0.92327,0.89856,171,157,0.9181,0.0175,0.0096,1.63,0.1475,0.9705,1.5
"2-3","count_divisible_by_100 < 1.0 & expedited_i >= 1.0 & unc_rawben_rel_max >= 1.1","xgboost",1173,0.91304,0.89854,591,536,0.9069,0.0599,0.0473,5.634,0.1475,0.9705,1.5
"2-3","total_deductions_by_hh_size < 147.000 & unc_rawben_rel_max <   0.131","xgboost",614,0.91857,0.89852,286,268,0.9371,0.0299,0.0099,2.726,0.1475,0.9705,1.5
"2-3","cat_elig <=  0.500 & months_since_cert_n <=  7.500 & total_deductions_by_hh_size > 12.400 & unc_rawben_rel_max >  0.988","ranger",603,0.91874,0.89851,269,248,0.9219,0.0277,0.0138,2.564,0.1475,0.9705,1.5
"2-3","rawben_rel_max >   0.97 & shelter_expenses_by_hh_size <= 494.00 & total_deductions_by_hh_size <= 500.00 & utilities >  78.50","ranger",2935,0.90767,0.8985,1499,1351,0.9013,0.1509,0.1279,14.29,0.1475,0.9705,1.5
"2-3","months_since_cert_n < 12.0000 & rawben_rel_max >=  0.0763 & shelter_expenses_by_hh_size < 27.5000","xgboost",3922,0.90643,0.89849,1961,1761,0.898,0.1967,0.1356,18.694,0.1475,0.9705,1.5
"2-3","HH_size_n > 2.50 & unc_rawben_rel_max > 1.01","ranger",2933,0.9076,0.89843,1492,1330,0.8914,0.1486,0.1454,14.223,0.1475,0.9705,1.5
"2-3","children_i <   1.000 & rawben_rel_max <   0.675 & total_deductions_by_hh_size <  15.500 & utilities >= 376.000","xgboost",267,0.92884,0.89843,132,123,0.9318,0.0137,0.0055,1.258,0.1475,0.9705,1.5
"2-3","children_i >=   1.00 & expedited_i >=   1.00 & unc_rawben_rel_max >=   1.01 & utilities >= 493.00","xgboost",313,0.92652,0.89843,155,140,0.9032,0.0156,0.0116,1.478,0.1475,0.9705,1.5
"2-3","rawben_rel_max >=   0.834 & total_deductions_by_hh_size >= 387.000 & unc_rawben_rel_max >=   1.030 & unc_rawben_rel_max <   1.500","xgboost",437,0.9222,0.89843,218,198,0.9083,0.0221,0.0162,2.078,0.1475,0.9705,1.5
"2-3","cat_elig < 1.000 & children_i < 1.000 & months_since_cert_n < 8.000 & rawben_rel_max >= 0.551","xgboost",290,0.92759,0.8984,160,139,0.8688,0.0155,0.0117,1.525,0.1475,0.9705,1.5
"2-3","cat_elig < 1.000 & rawben_rel_max >= 0.734","xgboost",1875,0.90987,0.89839,894,831,0.9295,0.0928,0.0383,8.522,0.1475,0.9705,1.5
"2-3","HH_size_n > 2.500 & months_since_cert_n <= 5.500 & unc_rawben_rel_max > 0.997","ranger",2166,0.90905,0.89837,1082,984,0.9094,0.1099,0.0881,10.315,0.1475,0.9705,1.5
"2-3","cat_elig <=   0.5 & HH_size_n <=   2.5 & homeless <=   0.5 & medical_deductions <= 102.0","ranger",1498,0.91121,0.89837,717,664,0.9261,0.0742,0.0299,6.835,0.1475,0.9705,1.5
"2-3","HH_size_n <   3.000 & rawben_rel_max >=   0.859 & utilities < 388.000","xgboost",3137,0.90724,0.89836,1582,1425,0.9008,0.1592,0.1336,15.081,0.1475,0.9705,1.5
"2-3","months_since_cert_n >   7.500 & shelter_expenses_by_hh_size <= 628.000 & unc_rawben_rel_max >   0.997 & unc_rawben_rel_max <=   1.730","ranger",1266,0.91232,0.89835,690,619,0.8971,0.0691,0.0624,6.578,0.1475,0.9705,1.5
"2-3","rawben_rel_max <= 0.961 & total_deductions_by_hh_size <= 1.050 & unc_rawben_rel_max <= 0.975","ranger",1508,0.91114,0.89834,760,687,0.9039,0.0767,0.0435,7.245,0.1475,0.9705,1.5
"2-3","children_i <=   0.500 & percent_abawd <=   0.167 & shelter_expenses_by_hh_size <= 280.000 & total_deductions_by_hh_size <=  31.300","ranger",689,0.91727,0.89833,352,329,0.9347,0.0368,0.0174,3.356,0.1475,0.9705,1.5
"2-3","HH_size_n <=   2.500 & medical_deductions <= 128.000 & percent_abawd <=   0.167 & shelter_expenses_by_hh_size <= 306.000","ranger",4651,0.90561,0.89832,2374,2120,0.893,0.2368,0.1718,22.631,0.1475,0.9705,1.5
"2-3","elderly_disabled_i >   0.500 & total_deductions_by_hh_size >  55.300 & total_deductions_by_hh_size <= 581.000 & unc_rawben_rel_max <=   0.145","ranger",580,0.91897,0.89832,264,237,0.8977,0.0265,0.0188,2.517,0.1475,0.9705,1.5
"2-3","rawben_rel_max > 0.017 & total_deductions_by_hh_size <= 1.050 & unc_rawben_rel_max <= 1.020","ranger",1644,0.91058,0.89832,814,738,0.9066,0.0824,0.0453,7.76,0.1475,0.9705,1.5
"2-3","cat_elig >   1.500 & children_i >   0.500 & medical_deductions <= 650.000 & rawben_rel_max >   0.997","ranger",2486,0.90829,0.89831,284,258,0.9085,0.0288,0.0226,2.707,0.1475,0.9705,1.5
"2-3","children_i <   1.000 & total_deductions_by_hh_size <  59.000 & unc_rawben_rel_max <   0.787 & utilities < 496.000","xgboost",743,0.91655,0.89831,399,372,0.9323,0.0416,0.018,3.804,0.1475,0.9705,1.5
"2-3","expedited_i >=   1 & total_deductions_by_hh_size < 103 & utilities <  48","xgboost",947,0.91447,0.89831,495,460,0.9293,0.0514,0.0255,4.719,0.1475,0.9705,1.5
"2-3","cat_elig <=    0.5 & children_i <=    0.5 & medical_deductions <= 2570.0","ranger",525,0.92,0.8983,279,247,0.8853,0.0276,0.0166,2.66,0.1475,0.9705,1.5
"2-3","elderly_disabled_i <= 0.500 & married <= 0.500 & months_since_cert_n > 5.500 & unc_rawben_rel_max > 0.969","ranger",1790,0.91006,0.8983,964,863,0.8952,0.0964,0.0864,9.19,0.1475,0.9705,1.5
"2-3","homeless > 0.500 & percent_abawd <= 1.750 & unc_rawben_rel_max > 0.996","ranger",220,0.93182,0.8983,120,115,0.9583,0.0128,0.0029,1.144,0.1475,0.9705,1.5
"2-3","months_since_cert_n >=  1.0 & shelter_expenses_by_hh_size < 27.5","xgboost",3720,0.90645,0.8983,1836,1658,0.9031,0.1852,0.1181,17.502,0.1475,0.9705,1.5
"2-3","elderly_disabled_i < 1.000 & rawben_rel_max >= 0.874","xgboost",8199,0.90377,0.89828,4200,3781,0.9002,0.4224,0.3414,40.038,0.1475,0.9705,1.5
"2-3","percent_abawd < 0.667 & rawben_rel_max >= 0.961","xgboost",7967,0.90385,0.89828,4053,3648,0.9001,0.4075,0.352,38.637,0.1475,0.9705,1.5
"2-3","elderly_disabled_i <  1 & months_since_cert_n >=  2 & months_since_cert_n < 11 & shelter_expenses_by_hh_size < 15","xgboost",2547,0.90813,0.89827,1187,1072,0.9031,0.1197,0.0765,11.316,0.1475,0.9705,1.4
"2-3","cat_elig >  0.5 & total_deductions_by_hh_size <= 69.4","ranger",4729,0.90548,0.89824,2393,2151,0.8989,0.2403,0.1611,22.812,0.1475,0.9705,1.4
"2-3","rawben_rel_max >   0.999 & shelter_expenses_by_hh_size <= 545.000 & unc_rawben_rel_max >   0.997 & utilities >  30.500","ranger",3266,0.90692,0.89822,1665,1493,0.8967,0.1668,0.1609,15.872,0.1475,0.9705,1.4
"2-3","rawben_rel_max >=   0.89 & total_deductions_by_hh_size >=   4.10 & total_deductions_by_hh_size < 184.00","xgboost",1527,0.91094,0.89821,827,725,0.8767,0.081,0.0842,7.884,0.1475,0.9705,1.4
"2-3","expedited_i <=   0.5 & medical_deductions <= 650.0 & shelter_expenses_by_hh_size <= 252.0 & utilities <=  30.5","ranger",3573,0.90652,0.8982,1821,1618,0.8885,0.1807,0.1373,17.359,0.1475,0.9705,1.4
"2-3","expedited_i <=   0.5 & shelter_expenses_by_hh_size <= 252.0 & utilities <=  33.5","ranger",3614,0.90647,0.8982,1836,1630,0.8878,0.1821,0.1395,17.502,0.1475,0.9705,1.4
"2-3","cat_elig <   1 & total_deductions_by_hh_size < 265 & utilities < 412","xgboost",1788,0.90996,0.89819,818,744,0.9095,0.0831,0.0436,7.798,0.1475,0.9705,1.4
"2-3","cat_elig >   0.500 & expedited_i <=   0.500 & medical_deductions <= 148.000 & unc_rawben_rel_max >   0.998","ranger",4898,0.90527,0.89816,2508,2253,0.8983,0.2517,0.2305,23.908,0.1475,0.9705,1.4
"2-3","shelter_expenses_by_hh_size >= 180.00 & shelter_expenses_by_hh_size < 385.00 & total_deductions_by_hh_size >= 169.00 & unc_rawben_rel_max >=   1.01","xgboost",1589,0.91064,0.89815,803,730,0.9091,0.0815,0.0637,7.655,0.1475,0.9705,1.4
"2-3","cat_elig >   0.5 & months_since_cert_n >   5.5 & shelter_expenses_by_hh_size <= 543.0 & total_deductions_by_hh_size <=   1.0","ranger",1126,0.91297,0.89814,567,518,0.9136,0.0579,0.0348,5.405,0.1475,0.9705,1.4
"2-3","expedited_i <=   0.500 & months_since_cert_n >   5.500 & rawben_rel_max >   0.995 & total_deductions_by_hh_size <= 414.000","ranger",1599,0.91057,0.89813,825,740,0.897,0.0827,0.0829,7.865,0.1475,0.9705,1.4
"2-3","cat_elig <=   0.5 & children_i <=   0.5 & medical_deductions <= 138.0 & shelter_expenses_by_hh_size > 280.0","ranger",243,0.93004,0.89812,123,109,0.8862,0.0122,0.0072,1.173,0.1475,0.9705,1.4
"2-3","count_divisible_by_100 >= 1.000 & percent_abawd < 0.333 & unc_rawben_rel_max >= 1.000 & unc_rawben_rel_max < 1.300","xgboost",502,0.92032,0.89811,260,232,0.8923,0.0259,0.0238,2.479,0.1475,0.9705,1.4
"2-3","children_i >  0.50 & count_divisible_by_100 <=  0.50 & percent_abawd <=  1.75 & utilities <= 33.50","ranger",3957,0.90599,0.89808,2022,1807,0.8937,0.2019,0.1491,19.276,0.1475,0.9705,1.4
"2-3","children_i >  0.5 & HH_size_n <=  2.5 & utilities <= 80.5","ranger",2819,0.90741,0.89804,1411,1261,0.8937,0.1409,0.1077,13.451,0.1475,0.9705,1.4
"2-3","cat_elig <=  0.500 & medical_deductions <= 17.000 & rawben_rel_max >  0.999 & utilities > 46.000","ranger",611,0.91817,0.89803,262,243,0.9275,0.0271,0.0131,2.498,0.1475,0.9705,1.4
"2-3","cat_elig >   0.500 & expedited_i <=   0.500 & medical_deductions <= 122.000 & unc_rawben_rel_max >   0.997","ranger",4891,0.90513,0.89801,2504,2251,0.899,0.2515,0.2286,23.87,0.1475,0.9705,1.4
"2-3","children_i >   0.5 & HH_size_n <=   2.5 & shelter_expenses_by_hh_size <= 280.0","ranger",3505,0.90642,0.89801,1811,1617,0.8929,0.1806,0.1344,17.264,0.1475,0.9705,1.4
"2-3","HH_size_n <=   2.500 & rawben_rel_max >   0.996 & total_deductions_by_hh_size > 197.000 & unc_rawben_rel_max <=   1.550","ranger",2292,0.90838,0.89798,1136,1052,0.9261,0.1175,0.0778,10.829,0.1475,0.9705,1.4
"2-3","elderly_disabled_i >  0.500 & percent_abawd <=  0.167 & rawben_rel_max <=  0.901 & total_deductions_by_hh_size <= 62.000","ranger",1628,0.91032,0.89798,810,735,0.9074,0.0821,0.0431,7.722,0.1475,0.9705,1.4
"2-3","expedited_i >  0.500 & married >  0.500 & unc_rawben_rel_max >  0.997 & utilities > 78.500","ranger",110,0.94545,0.89798,54,45,0.8333,0.005,0.0086,0.515,0.1475,0.9705,1.4
"2-3","percent_abawd <=  1.420 & unc_rawben_rel_max >  0.997 & unc_rawben_rel_max <=  1.630 & utilities > 22.000","ranger",4431,0.90544,0.89796,2231,2002,0.8974,0.2236,0.2096,21.268,0.1475,0.9705,1.4
"2-3","elderly_disabled_i <=   0.5 & months_since_cert_n <=   5.5 & shelter_expenses_by_hh_size <= 169.0","ranger",3840,0.90599,0.89795,1890,1686,0.8921,0.1883,0.1374,18.017,0.1475,0.9705,1.4
"2-3","HH_size_n <  3 & homeless <  1 & shelter_expenses_by_hh_size < 21","xgboost",2229,0.90848,0.89793,1121,1014,0.9045,0.1133,0.0736,10.686,0.1475,0.9705,1.4
"2-3","expedited_i >  0.5 & shelter_expenses_by_hh_size <= 24.5","ranger",954,0.91405,0.89792,489,450,0.9202,0.0503,0.0291,4.662,0.1475,0.9705,1.4
"2-3","married > 0.500 & percent_abawd <= 0.167 & unc_rawben_rel_max > 0.996 & unc_rawben_rel_max <= 1.520","ranger",740,0.91622,0.89791,355,326,0.9183,0.0364,0.0253,3.384,0.1475,0.9705,1.4
"2-3","cat_elig >=   2.00 & rawben_rel_max >=   0.85 & shelter_expenses_by_hh_size < 281.00 & total_deductions_by_hh_size < 271.00","xgboost",2011,0.909,0.89789,273,244,0.8938,0.0273,0.0265,2.602,0.1475,0.9705,1.4
"2-3","percent_abawd <=   0.167 & rawben_rel_max <=   0.129 & shelter_expenses_by_hh_size <= 629.000","ranger",975,0.91385,0.89789,445,414,0.9303,0.0462,0.021,4.242,0.1475,0.9705,1.4
"2-3","cat_elig >  0.5 & children_i >  0.5 & HH_size_n >  2.5 & total_deductions_by_hh_size <= 30.0","ranger",1365,0.91136,0.89787,648,577,0.8904,0.0645,0.0508,6.177,0.1475,0.9705,1.4
"2-3","expedited_i <=   0.500 & medical_deductions > 128.000 & rawben_rel_max <=   0.158 & unc_rawben_rel_max >  -0.180","ranger",135,0.94074,0.89787,75,70,0.9333,0.0078,0.0035,0.715,0.1475,0.9705,1.4
"2-3","rawben_rel_max >=   0.682 & shelter_expenses_by_hh_size < 230.000","xgboost",5644,0.9045,0.89787,2930,2609,0.8904,0.2914,0.228,27.931,0.1475,0.9705,1.4
"2-3","HH_size_n <   3 & months_since_cert_n <   9 & shelter_expenses_by_hh_size < 253","xgboost",3683,0.90605,0.89785,1874,1676,0.8943,0.1872,0.1374,17.865,0.1475,0.9705,1.4
"2-3","HH_size_n <   3.0 & medical_deductions >= 123.0 & rawben_rel_max <   0.2 & shelter_expenses_by_hh_size < 659.0","xgboost",219,0.93151,0.89784,97,91,0.9381,0.0102,0.004,0.925,0.1475,0.9705,1.4
"2-3","cat_elig >  1.5 & HH_size_n >  2.5 & total_deductions_by_hh_size <= 13.3","ranger",599,0.9182,0.89784,83,78,0.9398,0.0087,0.0034,0.791,0.1475,0.9705,1.4
"2-3","count_divisible_by_100 <=  0.5 & months_since_cert_n >  6.5 & total_deductions_by_hh_size <= 62.0 & utilities <= 28.5","ranger",793,0.91551,0.89782,448,405,0.904,0.0452,0.0306,4.271,0.1475,0.9705,1.4
"2-3","expedited_i >   0.5 & shelter_expenses_by_hh_size <= 250.0 & total_deductions_by_hh_size <= 319.0 & utilities <=  80.5","ranger",1059,0.91313,0.89781,533,490,0.9193,0.0547,0.0313,5.081,0.1475,0.9705,1.4
"2-3","elderly_disabled_i <  1 & months_since_cert_n >=  1 & months_since_cert_n <  2 & utilities < 31","xgboost",577,0.91854,0.8978,331,308,0.9305,0.0344,0.0151,3.155,0.1475,0.9705,1.4
"2-3","HH_size_n <  3 & months_since_cert_n <  7 & shelter_expenses_by_hh_size < 21 & utilities < 61","xgboost",1864,0.90933,0.89779,921,836,0.9077,0.0934,0.0578,8.78,0.1475,0.9705,1.4
"2-3","HH_size_n >   2.5 & medical_deductions <= 122.0 & shelter_expenses_by_hh_size <= 194.0 & utilities <=  38.5","ranger",1781,0.9096,0.89779,895,793,0.886,0.0886,0.0653,8.532,0.1475,0.9705,1.4
"2-3","cat_elig <=  0.500 & homeless >  0.500 & rawben_rel_max >  0.997 & utilities <= 33.500","ranger",41,0.97561,0.89779,21,21,1,0.0023,0,0.2,0.1475,0.9705,1.4
"2-3","cat_elig <= 0.50 & HH_size_n <= 2.50 & homeless > 0.50 & unc_rawben_rel_max <= 1.38","ranger",41,0.97561,0.89779,19,19,1,0.0021,0,0.181,0.1475,0.9705,1.4
"2-3","elderly_disabled_i >  0.5 & months_since_cert_n <= 27.5 & shelter_expenses_by_hh_size > 50.5 & total_deductions_by_hh_size <= 62.2","ranger",1458,0.91084,0.89779,725,662,0.9131,0.0739,0.037,6.911,0.1475,0.9705,1.4
"2-3","percent_abawd <   0.333 & rawben_rel_max >=   0.865 & total_deductions_by_hh_size < 412.000 & unc_rawben_rel_max >=   0.845","xgboost",8150,0.90331,0.89779,4050,3631,0.8965,0.4056,0.3391,38.608,0.1475,0.9705,1.4
"2-3","rawben_rel_max <    0.815 & total_deductions_by_hh_size >=  349.000 & utilities >= 1020.000","xgboost",41,0.97561,0.89779,75,65,0.8667,0.0073,0.0056,0.715,0.1475,0.9705,1.4
"2-3","cat_elig <   1 & elderly_disabled_i >=   1 & total_deductions_by_hh_size < 137","xgboost",423,0.92199,0.89775,224,202,0.9018,0.0226,0.011,2.135,0.1475,0.9705,1.4
"2-3","cat_elig <= 0.500 & HH_size_n > 2.500 & percent_abawd <= 0.167 & unc_rawben_rel_max > 0.963","ranger",544,0.91912,0.89775,256,242,0.9453,0.027,0.0099,2.44,0.1475,0.9705,1.4
"2-3","cat_elig >   0.500 & months_since_cert_n >   7.500 & shelter_expenses_by_hh_size <= 280.000 & unc_rawben_rel_max >   0.997","ranger",685,0.91679,0.89775,373,335,0.8981,0.0374,0.0354,3.556,0.1475,0.9705,1.4
"2-3","children_i <= 0.500 & percent_abawd <= 0.417 & rawben_rel_max <= 0.158","ranger",771,0.91569,0.89774,378,345,0.9127,0.0385,0.0253,3.603,0.1475,0.9705,1.4
"2-3","cat_elig <=   0.5 & expedited_i >   0.5 & total_deductions_by_hh_size > 135.0","ranger",207,0.93237,0.89772,103,97,0.9417,0.0108,0.0042,0.982,0.1475,0.9705,1.4
"2-3","HH_size_n <=   2.5 & months_since_cert_n <=   5.5 & shelter_expenses_by_hh_size <= 501.0 & utilities <=  22.0","ranger",2059,0.90869,0.89771,1067,961,0.9007,0.1074,0.0738,10.172,0.1475,0.9705,1.4
"2-3","cat_elig <=  0.500 & children_i <=  0.500 & months_since_cert_n <= 19.500 & rawben_rel_max >  0.149","ranger",500,0.92,0.89771,264,234,0.8864,0.0261,0.0157,2.517,0.1475,0.9705,1.4
"2-3","count_divisible_by_100 < 2.000 & unc_rawben_rel_max >= 0.965","xgboost",8073,0.90326,0.89771,4111,3707,0.9017,0.4141,0.3481,39.19,0.1475,0.9705,1.4
"2-3","unc_rawben_rel_max >  0.997 & unc_rawben_rel_max <=  1.620 & utilities > 22.000","ranger",4430,0.90519,0.8977,2236,2007,0.8976,0.2242,0.2096,21.316,0.1475,0.9705,1.4
"2-3","count_divisible_by_100 <=  1.500 & rawben_rel_max >  0.996 & unc_rawben_rel_max <=  1.510 & utilities > 30.500","ranger",4318,0.90528,0.89769,2184,1971,0.9025,0.2202,0.1935,20.82,0.1475,0.9705,1.4
"2-3","total_deductions_by_hh_size < 401.00 & unc_rawben_rel_max >=   0.96 & utilities >= 452.00","xgboost",2409,0.90785,0.89769,1176,1076,0.915,0.1202,0.0874,11.211,0.1475,0.9705,1.4
"2-3","cat_elig <=   0.5 & count_divisible_by_100 <=   1.5 & homeless >   0.5 & shelter_expenses_by_hh_size <= 138.0","ranger",56,0.96429,0.89766,25,25,1,0.0028,0,0.238,0.1475,0.9705,1.4
"2-3","months_since_cert_n >=  22.000 & rawben_rel_max >=   0.753 & shelter_expenses_by_hh_size < 355.000","xgboost",56,0.96429,0.89766,11,10,0.9091,0.0011,4e-04,0.105,0.1475,0.9705,1.4
"2-3","percent_abawd <   0.667 & rawben_rel_max >=   0.086 & shelter_expenses_by_hh_size < 297.000 & utilities <  47.000","xgboost",4711,0.9049,0.89764,2427,2160,0.89,0.2413,0.1814,23.136,0.1475,0.9705,1.4
"2-3","HH_size_n <=   2.500 & rawben_rel_max >   0.997 & total_deductions_by_hh_size <= 577.000 & utilities > 112.000","ranger",2284,0.90806,0.89762,1141,1045,0.9159,0.1167,0.0895,10.877,0.1475,0.9705,1.4
"2-3","cat_elig <   1 & expedited_i >=   1 & months_since_cert_n <   3 & total_deductions_by_hh_size < 477","xgboost",195,0.93333,0.89762,97,94,0.9691,0.0105,0.0026,0.925,0.1475,0.9705,1.4
"2-3","cat_elig >  0.500 & percent_abawd <=  0.417 & shelter_expenses_by_hh_size <= 62.800","ranger",3247,0.90638,0.89762,1642,1465,0.8922,0.1637,0.1232,15.653,0.1475,0.9705,1.4
"2-3","months_since_cert_n >   5.500 & total_deductions_by_hh_size <= 540.000 & unc_rawben_rel_max >   0.996","ranger",2088,0.90852,0.89761,1083,967,0.8929,0.108,0.1051,10.324,0.1475,0.9705,1.4
"2-3","unc_rawben_rel_max >=   1.07 & utilities < 850.00","xgboost",6073,0.904,0.8976,2977,2679,0.8999,0.2993,0.2641,28.379,0.1475,0.9705,1.4
"2-3","cat_elig >= 2.0 & months_since_cert_n >= 2.0 & total_deductions_by_hh_size < 4.1","xgboost",1225,0.91184,0.89759,155,142,0.9161,0.0159,0.011,1.478,0.1475,0.9705,1.4
"2-3","children_i >  0.5 & count_divisible_by_100 <=  0.5 & months_since_cert_n <= 23.5 & utilities <= 38.5","ranger",4009,0.90546,0.89759,2058,1837,0.8926,0.2052,0.1526,19.619,0.1475,0.9705,1.4
"2-3","months_since_cert_n >=  2.00 & shelter_expenses_by_hh_size < 25.00 & unc_rawben_rel_max >= -0.71","xgboost",3113,0.90652,0.89758,1512,1358,0.8981,0.1517,0.1036,14.414,0.1475,0.9705,1.4
"2-3","elderly_disabled_i > 0.500 & unc_rawben_rel_max <= 0.129","ranger",887,0.91432,0.89757,434,399,0.9194,0.0446,0.0232,4.137,0.1475,0.9705,1.4
"2-3","HH_size_n <=  2.50 & months_since_cert_n <=  7.50 & unc_rawben_rel_max <=  1.45 & utilities <= 80.50","ranger",2867,0.90687,0.89756,1417,1265,0.8927,0.1413,0.1051,13.508,0.1475,0.9705,1.4
"2-3","homeless >   0.5 & total_deductions_by_hh_size <=  43.4 & utilities <= 130.0","ranger",230,0.93043,0.89754,128,120,0.9375,0.0134,0.0047,1.22,0.1475,0.9705,1.4
"2-3","medical_deductions >=  13.0000 & rawben_rel_max <   0.0523 & total_deductions_by_hh_size < 517.0000","xgboost",230,0.93043,0.89754,102,97,0.951,0.0108,0.0031,0.972,0.1475,0.9705,1.4
"2-3","cat_elig <=  0.5 & months_since_cert_n >  2.5 & months_since_cert_n <=  5.5 & utilities <= 51.5","ranger",411,0.92214,0.89753,173,154,0.8902,0.0172,0.0125,1.649,0.1475,0.9705,1.4
"2-3","HH_size_n >= 3.00 & months_since_cert_n < 5.00 & unc_rawben_rel_max >= 1.01 & unc_rawben_rel_max < 1.49","xgboost",1797,0.90929,0.89752,885,805,0.9096,0.0899,0.0714,8.437,0.1475,0.9705,1.4
"2-3","months_since_cert_n <=   5.5 & shelter_expenses_by_hh_size <= 363.0 & utilities <=  78.5","ranger",3995,0.90538,0.89749,1998,1784,0.8929,0.1993,0.1408,19.047,0.1475,0.9705,1.4
"2-3","cat_elig <=   0.5 & children_i <=   0.5 & count_divisible_by_100 <=   0.5 & shelter_expenses_by_hh_size > 276.0","ranger",253,0.92885,0.89748,132,114,0.8636,0.0127,0.0091,1.258,0.1475,0.9705,1.4
"2-3","children_i <=    0.500 & expedited_i <=    0.500 & rawben_rel_max <=    0.151 & shelter_expenses_by_hh_size <= 1100.000","ranger",801,0.91511,0.89748,392,360,0.9184,0.0402,0.0226,3.737,0.1475,0.9705,1.4
"2-3","medical_deductions < 145 & total_deductions_by_hh_size <  90","xgboost",6397,0.9037,0.89747,3229,2909,0.9009,0.325,0.2029,30.782,0.1475,0.9705,1.4
"2-3","months_since_cert_n >=   2.00 & percent_abawd <   0.75 & shelter_expenses_by_hh_size < 122.00","xgboost",3628,0.90573,0.89745,1828,1620,0.8862,0.181,0.141,17.426,0.1475,0.9705,1.4
"2-3","cat_elig <=   0.500 & rawben_rel_max >   0.997 & shelter_expenses_by_hh_size > 100.000 & utilities > 124.000","ranger",564,0.91844,0.89742,253,235,0.9289,0.0263,0.0127,2.412,0.1475,0.9705,1.4
"2-3","total_deductions_by_hh_size >   0.217 & total_deductions_by_hh_size <= 509.000 & unc_rawben_rel_max >   0.997","ranger",4691,0.90471,0.89742,2399,2163,0.9016,0.2416,0.2131,22.869,0.1475,0.9705,1.4
"2-3","cat_elig <= 1.500 & children_i > 0.500 & months_since_cert_n > 6.500 & rawben_rel_max > 0.997","ranger",896,0.91406,0.89739,686,602,0.8776,0.0672,0.0753,6.54,0.1475,0.9705,1.4
"2-3","medical_deductions > 138.000 & shelter_expenses_by_hh_size <= 855.000 & unc_rawben_rel_max <=   0.177","ranger",218,0.93119,0.89738,92,85,0.9239,0.0095,0.0041,0.877,0.1475,0.9705,1.4
"2-3","cat_elig >= 1.000 & children_i >= 1.000 & unc_rawben_rel_max >= 0.881 & unc_rawben_rel_max < 1.490","xgboost",6361,0.90363,0.89737,3405,3029,0.8896,0.3384,0.3202,32.459,0.1475,0.9705,1.4
"2-3","shelter_expenses_by_hh_size < 122 & total_deductions_by_hh_size < 470","xgboost",4820,0.90456,0.89737,2476,2205,0.8905,0.2463,0.1848,23.603,0.1475,0.9705,1.4
"2-3","expedited_i <   1.00 & total_deductions_by_hh_size < 311.00 & unc_rawben_rel_max <   0.18","xgboost",1285,0.91128,0.89736,621,559,0.9002,0.0624,0.0405,5.92,0.1475,0.9705,1.4
"2-3","elderly_disabled_i >  0.500 & percent_abawd <=  0.833 & total_deductions_by_hh_size <= 31.400 & utilities <= 30.500","ranger",399,0.92231,0.89731,228,206,0.9035,0.023,0.0139,2.173,0.1475,0.9705,1.4
"2-3","cat_elig <=   0.500 & rawben_rel_max >   0.997 & utilities > 124.000","ranger",585,0.91795,0.8973,253,235,0.9289,0.0263,0.0127,2.412,0.1475,0.9705,1.4
"2-3","cat_elig <= 0.5 & HH_size_n <= 2.5 & homeless <= 0.5","ranger",1555,0.90997,0.8973,753,693,0.9203,0.0774,0.0331,7.178,0.1475,0.9705,1.4
"2-3","elderly_disabled_i >  0.5000 & rawben_rel_max >  0.0189 & total_deductions_by_hh_size <= 58.8000 & unc_rawben_rel_max <=  0.9140","ranger",1669,0.90953,0.8973,851,769,0.9036,0.0859,0.0472,8.112,0.1475,0.9705,1.4
"2-3","cat_elig <=  1.500 & children_i >  0.500 & unc_rawben_rel_max >  0.996 & utilities > 22.000","ranger",2461,0.90735,0.89729,1801,1609,0.8934,0.1797,0.1804,17.169,0.1475,0.9705,1.4
"2-3","homeless <   1 & months_since_cert_n <   8 & total_deductions_by_hh_size < 140 & utilities < 361","xgboost",4503,0.90473,0.89729,2197,1957,0.8908,0.2186,0.1593,20.944,0.1475,0.9705,1.4
"2-3","elderly_disabled_i <   1.000 & rawben_rel_max >=   0.834 & shelter_expenses_by_hh_size < 814.000 & unc_rawben_rel_max <   1.500","xgboost",8036,0.90281,0.89724,4226,3801,0.8994,0.4246,0.3307,40.286,0.1475,0.9705,1.4
"2-3","unc_rawben_rel_max >= 0.965","xgboost",8126,0.90278,0.89724,4133,3722,0.9006,0.4158,0.3552,39.399,0.1475,0.9705,1.4
"2-3","months_since_cert_n <   4 & shelter_expenses_by_hh_size < 184","xgboost",3143,0.90614,0.89723,1569,1401,0.8929,0.1565,0.1102,14.957,0.1475,0.9705,1.4
"2-3","rawben_rel_max >   0.997 & shelter_expenses_by_hh_size >  94.600 & shelter_expenses_by_hh_size <= 293.000 & total_deductions_by_hh_size > 199.000","ranger",617,0.91734,0.89723,357,323,0.9048,0.0361,0.0286,3.403,0.1475,0.9705,1.4
"2-3","rawben_rel_max >=   0.978 & shelter_expenses_by_hh_size < 501.000 & utilities >= 612.000","xgboost",703,0.91607,0.89723,437,401,0.9176,0.0448,0.0278,4.166,0.1475,0.9705,1.4
"2-3","HH_size_n <   3.00 & months_since_cert_n <   2.00 & total_deductions_by_hh_size < 143.00 & unc_rawben_rel_max <   1.19","xgboost",958,0.91336,0.89722,527,479,0.9089,0.0535,0.0325,5.024,0.1475,0.9705,1.4
"2-3","months_since_cert_n >=  2 & months_since_cert_n < 11 & shelter_expenses_by_hh_size < 15","xgboost",2725,0.90679,0.89722,1301,1168,0.8978,0.1305,0.0849,12.402,0.1475,0.9705,1.4
"2-3","shelter_expenses_by_hh_size < 746.00 & total_deductions_by_hh_size < 360.00 & unc_rawben_rel_max >=   0.97 & utilities >= 645.00","xgboost",799,0.91489,0.89722,454,424,0.9339,0.0474,0.0247,4.328,0.1475,0.9705,1.4
"2-3","married >   0.500 & percent_abawd <=   0.167 & rawben_rel_max <=   0.160 & shelter_expenses_by_hh_size <= 834.000","ranger",606,0.91749,0.8972,285,266,0.9333,0.0297,0.0142,2.717,0.1475,0.9705,1.4
"2-3","months_since_cert_n >=  4.00 & months_since_cert_n < 21.00 & total_deductions_by_hh_size < 56.30 & unc_rawben_rel_max <  1.11","xgboost",2018,0.90833,0.8972,1092,973,0.891,0.1087,0.0773,10.41,0.1475,0.9705,1.4
"2-3","cat_elig >=   2.00 & shelter_expenses_by_hh_size < 847.00 & total_deductions_by_hh_size < 533.00 & unc_rawben_rel_max >=   1.01","xgboost",2612,0.90697,0.89719,298,269,0.9027,0.03,0.0248,2.841,0.1475,0.9705,1.4
"2-3","count_divisible_by_100 <= 0.500 & months_since_cert_n <= 5.500 & total_deductions_by_hh_size > 1.770 & unc_rawben_rel_max > 0.997","ranger",3091,0.90618,0.89719,1522,1370,0.9001,0.153,0.1414,14.509,0.1475,0.9705,1.4
"2-3","months_since_cert_n >   5.5 & shelter_expenses_by_hh_size <= 147.0 & total_deductions_by_hh_size <=  45.0","ranger",1126,0.91208,0.89719,570,512,0.8982,0.0572,0.0401,5.434,0.1475,0.9705,1.4
"2-3","count_divisible_by_100 <   1 & total_deductions_by_hh_size < 115","xgboost",6680,0.90329,0.89718,3413,3060,0.8966,0.3418,0.2267,32.536,0.1475,0.9705,1.4
"2-3","rawben_rel_max >   0.997 & unc_rawben_rel_max <=   1.550 & utilities > 124.000","ranger",4074,0.90501,0.89718,2078,1880,0.9047,0.21,0.1793,19.809,0.1475,0.9705,1.4
"2-3","months_since_cert_n <   6.000 & rawben_rel_max >=   0.242 & shelter_expenses_by_hh_size < 172.000","xgboost",4195,0.90489,0.89717,2092,1864,0.891,0.2082,0.1531,19.943,0.1475,0.9705,1.4
"2-3","months_since_cert_n >=   2 & shelter_expenses_by_hh_size < 149 & utilities < 229","xgboost",3628,0.90546,0.89716,1787,1589,0.8892,0.1775,0.1302,17.035,0.1475,0.9705,1.4
"2-3","cat_elig <=   0.5 & elderly_disabled_i <=   0.5 & HH_size_n <=   2.5 & total_deductions_by_hh_size <= 614.0","ranger",1094,0.91225,0.89714,491,459,0.9348,0.0513,0.0183,4.681,0.1475,0.9705,1.4
"2-3","medical_deductions > 128.000 & rawben_rel_max <=   0.179 & total_deductions_by_hh_size >  66.200","ranger",275,0.92727,0.89714,121,111,0.9174,0.0124,0.0062,1.153,0.1475,0.9705,1.4
"2-3","medical_deductions < 133.000 & months_since_cert_n >=   5.000 & unc_rawben_rel_max >=   0.998","xgboost",2905,0.90637,0.8971,1527,1370,0.8972,0.153,0.1383,14.557,0.1475,0.9705,1.4
"2-3","rawben_rel_max <   0.122 & total_deductions_by_hh_size < 378.000 & utilities >=  28.000 & utilities < 469.000","xgboost",497,0.91952,0.8971,221,204,0.9231,0.0228,0.0136,2.107,0.1475,0.9705,1.4
"2-3","elderly_disabled_i >  0.5 & months_since_cert_n <= 36.0 & total_deductions_by_hh_size <= 62.0","ranger",1810,0.90884,0.89709,924,837,0.9058,0.0935,0.053,8.808,0.1475,0.9705,1.4
"2-3","rawben_rel_max <    0.0763 & shelter_expenses_by_hh_size < 1020.0000 & total_deductions_by_hh_size <  246.0000 & unc_rawben_rel_max <    0.2420","xgboost",702,0.91595,0.89709,336,310,0.9226,0.0346,0.0216,3.203,0.1475,0.9705,1.4
"2-3","cat_elig >=  2.000 & rawben_rel_max >=  0.282 & total_deductions_by_hh_size < 54.000 & unc_rawben_rel_max >=  1.090","xgboost",659,0.91654,0.89707,89,78,0.8764,0.0087,0.0094,0.848,0.1475,0.9705,1.4
"2-3","children_i > 0.500 & expedited_i <= 0.500 & HH_size_n > 2.500 & rawben_rel_max > 0.997","ranger",2333,0.90742,0.89707,1163,1035,0.8899,0.1156,0.1137,11.087,0.1475,0.9705,1.4
"2-3","elderly_disabled_i <=  0.500 & percent_abawd <=  1.750 & unc_rawben_rel_max >  0.997 & utilities > 22.000","ranger",3908,0.90507,0.89707,1948,1752,0.8994,0.1957,0.1828,18.57,0.1475,0.9705,1.4
"2-3","medical_deductions < 315 & months_since_cert_n <   4 & shelter_expenses_by_hh_size < 188 & total_deductions_by_hh_size < 229","xgboost",3128,0.90601,0.89707,1565,1396,0.892,0.1559,0.112,14.919,0.1475,0.9705,1.4
"2-3","rawben_rel_max < 0.954 & total_deductions_by_hh_size < 2.500 & unc_rawben_rel_max < 0.998","xgboost",1510,0.90993,0.89707,764,691,0.9045,0.0772,0.0435,7.283,0.1475,0.9705,1.4
"2-3","children_i <= 0.50 & count_divisible_by_100 <= 0.50 & total_deductions_by_hh_size <= 1.77","ranger",872,0.91399,0.89706,469,440,0.9382,0.0492,0.0211,4.471,0.1475,0.9705,1.4
"2-3","total_deductions_by_hh_size <  72.3 & utilities >= 370.0 & utilities < 459.0","xgboost",475,0.92,0.89706,303,279,0.9208,0.0312,0.0141,2.888,0.1475,0.9705,1.4
"2-3","months_since_cert_n <  21.000 & rawben_rel_max >=   0.166 & total_deductions_by_hh_size <  96.600 & utilities < 724.000","xgboost",5870,0.90358,0.89705,3025,2707,0.8949,0.3024,0.201,28.837,0.1475,0.9705,1.4
"2-3","medical_deductions < 144.000 & rawben_rel_max >=   0.902 & unc_rawben_rel_max <   1.550","xgboost",8888,0.90234,0.89704,4499,4047,0.8995,0.4521,0.376,42.888,0.1475,0.9705,1.4
"2-3","count_divisible_by_100 <=  1.500 & elderly_disabled_i <=  0.500 & rawben_rel_max >  0.997 & utilities > 22.000","ranger",3876,0.90506,0.89703,1936,1744,0.9008,0.1948,0.1771,18.456,0.1475,0.9705,1.4
"2-3","months_since_cert_n <  10.00 & percent_abawd <   0.75 & shelter_expenses_by_hh_size < 145.00","xgboost",4683,0.90433,0.89703,2321,2064,0.8893,0.2306,0.1782,22.126,0.1475,0.9705,1.4
"2-3","cat_elig <   1.00 & shelter_expenses_by_hh_size < 251.00 & unc_rawben_rel_max <   1.17","xgboost",1447,0.91016,0.89702,731,660,0.9029,0.0737,0.0394,6.969,0.1475,0.9705,1.4
"2-3","count_divisible_by_100 <= 0.50 & homeless > 0.50 & months_since_cert_n <= 6.50 & rawben_rel_max > 0.89","ranger",182,0.93407,0.897,101,94,0.9307,0.0105,0.0038,0.963,0.1475,0.9705,1.4
"2-3","homeless > 0.500 & months_since_cert_n <= 5.500 & rawben_rel_max > 0.918","ranger",182,0.93407,0.897,92,86,0.9348,0.0096,0.0035,0.877,0.1475,0.9705,1.4
"2-3","rawben_rel_max >   0.999 & total_deductions_by_hh_size >   0.217 & total_deductions_by_hh_size <= 509.000 & unc_rawben_rel_max >   0.997","ranger",4671,0.9043,0.89699,2385,2150,0.9015,0.2402,0.2115,22.736,0.1475,0.9705,1.4
"2-3","shelter_expenses_by_hh_size < 242.000 & total_deductions_by_hh_size >= 135.000 & unc_rawben_rel_max >=   0.833","xgboost",1040,0.9125,0.89699,563,496,0.881,0.0554,0.0565,5.367,0.1475,0.9705,1.4
"2-3","HH_size_n >  2.500 & homeless <=  0.500 & months_since_cert_n <= 15.500 & rawben_rel_max >  0.997","ranger",2922,0.90623,0.89698,1500,1340,0.8933,0.1497,0.1439,14.299,0.1475,0.9705,1.4
"2-3","unc_rawben_rel_max >  0.997 & unc_rawben_rel_max <=  1.630 & utilities > 30.500","ranger",4398,0.9045,0.89696,2225,1998,0.898,0.2232,0.2087,21.211,0.1475,0.9705,1.4
"2-3","medical_deductions >= 146.000 & rawben_rel_max <   0.161 & shelter_expenses_by_hh_size >= 210.000","xgboost",170,0.93529,0.89693,89,83,0.9326,0.0093,0.0037,0.848,0.1475,0.9705,1.4
"2-3","cat_elig <  2.000 & months_since_cert_n <  3.000 & rawben_rel_max >=  0.497 & utilities < 28.000","xgboost",955,0.91309,0.8969,782,704,0.9003,0.0786,0.0566,7.455,0.1475,0.9705,1.4
"2-3","cat_elig <=  1.500 & children_i >  0.500 & rawben_rel_max >  0.997 & utilities > 33.500","ranger",2421,0.90706,0.8969,1782,1594,0.8945,0.1781,0.177,16.988,0.1475,0.9705,1.4
"2-3","cat_elig <= 0.500 & children_i <= 0.500 & percent_abawd > 0.417 & unc_rawben_rel_max > 0.777","ranger",83,0.95181,0.8969,51,47,0.9216,0.0053,0.0023,0.486,0.1475,0.9705,1.4
"2-3","expedited_i >  0.5 & HH_size_n >  2.5 & total_deductions_by_hh_size <= 24.7 & utilities <= 14.5","ranger",297,0.92593,0.8969,163,157,0.9632,0.0175,0.0048,1.554,0.1475,0.9705,1.4
"2-3","cat_elig <   1 & months_since_cert_n >=   2 & total_deductions_by_hh_size < 162 & utilities < 469","xgboost",1154,0.91161,0.89689,561,502,0.8948,0.0561,0.0333,5.348,0.1475,0.9705,1.4
"2-3","HH_size_n >   2.5 & shelter_expenses_by_hh_size <= 189.0 & utilities <=  22.0","ranger",1693,0.90904,0.89688,852,758,0.8897,0.0847,0.0607,8.122,0.1475,0.9705,1.4
"2-3","HH_size_n <   3 & total_deductions_by_hh_size < 137","xgboost",4625,0.90422,0.89686,2354,2120,0.9006,0.2368,0.1461,22.44,0.1475,0.9705,1.4
"2-3","expedited_i <=   0.5 & HH_size_n >   2.5 & total_deductions_by_hh_size <= 490.0 & unc_rawben_rel_max >   1.0","ranger",2318,0.90725,0.89686,1164,1040,0.8935,0.1162,0.1102,11.096,0.1475,0.9705,1.4
"2-3","expedited_i >=  1.0 & total_deductions_by_hh_size < 56.3","xgboost",986,0.91278,0.89684,507,468,0.9231,0.0523,0.028,4.833,0.1475,0.9705,1.4
"2-3","rawben_rel_max >=   0.766 & shelter_expenses_by_hh_size < 340.000","xgboost",6706,0.90292,0.89681,3435,3078,0.8961,0.3438,0.261,32.745,0.1475,0.9705,1.4
"2-3","cat_elig <=   0.500 & rawben_rel_max >   0.996 & unc_rawben_rel_max >   0.999 & utilities > 270.000","ranger",582,0.91753,0.89678,250,232,0.928,0.0259,0.0127,2.383,0.1475,0.9705,1.4
"2-3","shelter_expenses_by_hh_size < 385.00 & total_deductions_by_hh_size >= 169.00 & unc_rawben_rel_max >=   1.01","xgboost",1681,0.90898,0.89678,859,779,0.9069,0.087,0.0696,8.189,0.1475,0.9705,1.4
"2-3","elderly_disabled_i <= 0.500 & months_since_cert_n > 5.500 & unc_rawben_rel_max > 0.981","ranger",1917,0.90819,0.89676,1014,907,0.8945,0.1013,0.094,9.666,0.1475,0.9705,1.4
"2-3","expedited_i < 1.00 & unc_rawben_rel_max >= 1.12 & unc_rawben_rel_max < 1.42","xgboost",2091,0.9077,0.89675,1056,939,0.8892,0.1049,0.1061,10.067,0.1475,0.9705,1.4
"2-3","cat_elig >   0.5 & count_divisible_by_100 <=   0.5 & shelter_expenses_by_hh_size <= 119.0","ranger",3502,0.9052,0.89674,1863,1649,0.8851,0.1842,0.1514,17.76,0.1475,0.9705,1.4
"2-3","count_divisible_by_100 <=  0.500 & HH_size_n <=  2.500 & percent_abawd <=  0.167 & utilities <= 30.500","ranger",2570,0.90661,0.89674,1335,1210,0.9064,0.1352,0.0941,12.726,0.1475,0.9705,1.4
"2-3","cat_elig <=  1.500 & children_i >  0.500 & rawben_rel_max >  0.996 & utilities > 30.500","ranger",2437,0.90685,0.89671,1791,1601,0.8939,0.1788,0.1794,17.073,0.1475,0.9705,1.4
"2-3","cat_elig >   0.5 & expedited_i >   0.5 & medical_deductions <= 144.0 & total_deductions_by_hh_size <=  25.5","ranger",710,0.91549,0.8967,380,352,0.9263,0.0393,0.0214,3.622,0.1475,0.9705,1.4
"2-3","married <=   0.5 & shelter_expenses_by_hh_size <= 251.0 & utilities <= 252.0","ranger",4798,0.90392,0.89669,2420,2143,0.8855,0.2394,0.1899,23.07,0.1475,0.9705,1.4
"2-3","elderly_disabled_i >  0.5 & total_deductions_by_hh_size <= 62.0","ranger",1813,0.90844,0.89668,928,841,0.9062,0.0939,0.053,8.847,0.1475,0.9705,1.4
"2-3","shelter_expenses_by_hh_size <= 252.0 & utilities <=  86.5","ranger",5258,0.90358,0.89667,2668,2373,0.8894,0.2651,0.1963,25.434,0.1475,0.9705,1.4
"2-3","percent_abawd <=   0.167 & unc_rawben_rel_max >   0.997 & utilities > 360.000","ranger",3348,0.90532,0.89666,1742,1564,0.8978,0.1747,0.1602,16.606,0.1475,0.9705,1.4
"2-3","cat_elig >=  1.00000 & percent_abawd <  0.75000 & unc_rawben_rel_max < -0.00871","xgboost",699,0.91559,0.89665,364,332,0.9121,0.0371,0.0296,3.47,0.1475,0.9705,1.4
"2-3","percent_abawd <   0.333 & shelter_expenses_by_hh_size < 163.000","xgboost",5377,0.90348,0.89665,2673,2379,0.89,0.2658,0.2046,25.481,0.1475,0.9705,1.4
"2-3","cat_elig >  0.500 & children_i <=  0.500 & rawben_rel_max <=  0.158 & utilities > 33.500","ranger",752,0.91489,0.89663,389,351,0.9023,0.0392,0.0281,3.708,0.1475,0.9705,1.4
"2-3","count_divisible_by_100 <=  1.500 & elderly_disabled_i <=  0.500 & rawben_rel_max >  0.997 & total_deductions_by_hh_size > 23.000","ranger",4102,0.90444,0.89662,2093,1890,0.903,0.2111,0.1862,19.952,0.1475,0.9705,1.4
"2-3","cat_elig <=   0.500 & rawben_rel_max >   0.998 & total_deductions_by_hh_size <= 900.000 & utilities > 270.000","ranger",581,0.91738,0.8966,249,231,0.9277,0.0258,0.0127,2.374,0.1475,0.9705,1.4
"2-3","elderly_disabled_i <=  0.500 & rawben_rel_max >  0.997 & utilities > 22.000","ranger",3910,0.9046,0.89659,1949,1753,0.8994,0.1958,0.1828,18.58,0.1475,0.9705,1.4
"2-3","total_deductions_by_hh_size <= 451.000 & unc_rawben_rel_max >   0.997 & utilities >  25.500","ranger",4131,0.90438,0.89659,2090,1875,0.8971,0.2095,0.1974,19.924,0.1475,0.9705,1.4
"2-3","shelter_expenses_by_hh_size <= 354.0 & utilities <=  30.5","ranger",4732,0.90385,0.89656,2425,2171,0.8953,0.2425,0.1717,23.117,0.1475,0.9705,1.4
"2-3","count_divisible_by_100 <=   1.500 & rawben_rel_max >   0.997 & total_deductions_by_hh_size <= 534.000 & utilities >  22.000","ranger",4230,0.90426,0.89655,2135,1918,0.8984,0.2143,0.198,20.353,0.1475,0.9705,1.4
"2-3","cat_elig >   0.50 & rawben_rel_max >   0.91 & shelter_expenses_by_hh_size <= 306.00 & total_deductions_by_hh_size >  21.70","ranger",1943,0.90787,0.89651,974,856,0.8789,0.0956,0.1023,9.285,0.1475,0.9705,1.4
"2-3","rawben_rel_max <= 0.972 & total_deductions_by_hh_size <= 0.217","ranger",1512,0.90939,0.89651,765,694,0.9072,0.0775,0.0425,7.293,0.1475,0.9705,1.4
"2-3","count_divisible_by_100 <= 0.500 & months_since_cert_n > 5.500 & rawben_rel_max > 0.996 & unc_rawben_rel_max <= 1.650","ranger",1953,0.90783,0.8965,1030,931,0.9039,0.104,0.0907,9.819,0.1475,0.9705,1.4
"2-3","rawben_rel_max <   0.856 & total_deductions_by_hh_size <   2.500 & utilities < 643.000","xgboost",1274,0.91052,0.89648,662,597,0.9018,0.0667,0.0389,6.311,0.1475,0.9705,1.4
"2-3","cat_elig > 1.500 & unc_rawben_rel_max > 0.997 & unc_rawben_rel_max <= 1.690","ranger",2847,0.90587,0.89647,311,282,0.9068,0.0315,0.0248,2.965,0.1475,0.9705,1.4
"2-3","expedited_i >  0.500 & medical_deductions <= 26.500 & rawben_rel_max >  0.998 & total_deductions_by_hh_size > 26.800","ranger",930,0.9129,0.89647,478,427,0.8933,0.0477,0.0442,4.557,0.1475,0.9705,1.4
"2-3","cat_elig >=  2.000 & percent_abawd <  0.333 & total_deductions_by_hh_size < 59.000","xgboost",1850,0.90811,0.89646,252,228,0.9048,0.0255,0.0169,2.402,0.1475,0.9705,1.4
"2-3","medical_deductions <= 1330 & shelter_expenses_by_hh_size <=  256 & utilities <=  138","ranger",5297,0.90334,0.89646,2688,2391,0.8895,0.2671,0.1974,25.624,0.1475,0.9705,1.4
"2-3","elderly_disabled_i <= 0.500 & homeless > 0.500 & rawben_rel_max > 0.997","ranger",216,0.93056,0.89645,115,110,0.9565,0.0123,0.0029,1.096,0.1475,0.9705,1.4
"2-3","shelter_expenses_by_hh_size > 531.000 & total_deductions_by_hh_size <= 996.000 & unc_rawben_rel_max >   0.997 & unc_rawben_rel_max <=   1.340","ranger",687,0.91557,0.89645,393,362,0.9211,0.0404,0.0292,3.746,0.1475,0.9705,1.4
"2-3","rawben_rel_max >=   0.865 & shelter_expenses_by_hh_size < 670.000 & total_deductions_by_hh_size < 428.000","xgboost",8408,0.90188,0.89641,4287,3854,0.899,0.4305,0.346,40.867,0.1475,0.9705,1.4
"2-3","cat_elig <=   1.5 & children_i <=   0.5 & shelter_expenses_by_hh_size <= 300.0 & total_deductions_by_hh_size <=  27.0","ranger",612,0.91667,0.8964,444,413,0.9302,0.0461,0.0216,4.233,0.1475,0.9705,1.4
"2-3","children_i >  0.5 & months_since_cert_n >  0.5 & utilities <= 38.5","ranger",3973,0.90435,0.8964,1998,1782,0.8919,0.1991,0.1439,19.047,0.1475,0.9705,1.4
"2-3","elderly_disabled_i >=   1.0 & shelter_expenses_by_hh_size >= 140.0 & total_deductions_by_hh_size <  48.4 & utilities >= 344.0","xgboost",676,0.91568,0.8964,382,347,0.9084,0.0388,0.021,3.642,0.1475,0.9705,1.4
"2-3","total_deductions_by_hh_size <= 545.000 & unc_rawben_rel_max >  -0.929 & unc_rawben_rel_max <=   0.129","ranger",1242,0.91063,0.8964,595,543,0.9126,0.0607,0.0419,5.672,0.1475,0.9705,1.4
"2-3","unc_rawben_rel_max >=   0.898 & utilities < 452.000","xgboost",5803,0.90298,0.8964,3034,2707,0.8922,0.3024,0.2694,28.923,0.1475,0.9705,1.4
"2-3","HH_size_n <=   2.500 & rawben_rel_max <=   0.201 & total_deductions_by_hh_size <= 378.000 & unc_rawben_rel_max <=   0.999","ranger",1335,0.91011,0.89639,624,572,0.9167,0.0639,0.0348,5.949,0.1475,0.9705,1.4
"2-3","cat_elig < 1 & children_i < 1","xgboost",526,0.91825,0.89639,279,247,0.8853,0.0276,0.0166,2.66,0.1475,0.9705,1.4
"2-3","cat_elig <= 0.5 & count_divisible_by_100 <= 2.5 & elderly_disabled_i > 0.5 & months_since_cert_n <= 4.5","ranger",461,0.91974,0.89639,235,209,0.8894,0.0233,0.0134,2.24,0.1475,0.9705,1.4
"2-3","shelter_expenses_by_hh_size < 324 & utilities <  34","xgboost",4724,0.90368,0.89639,2412,2156,0.8939,0.2408,0.1729,22.993,0.1475,0.9705,1.4
"2-3","expedited_i >  0.5 & months_since_cert_n <=  6.5 & utilities <= 12.5","ranger",824,0.91383,0.89637,417,387,0.9281,0.0432,0.0213,3.975,0.1475,0.9705,1.4
"2-3","total_deductions_by_hh_size >= 79.50 & unc_rawben_rel_max >=  1.00 & unc_rawben_rel_max <  1.55","xgboost",4483,0.90386,0.89637,2280,2061,0.9039,0.2302,0.1986,21.735,0.1475,0.9705,1.4
"2-3","HH_size_n >   2.500 & rawben_rel_max >   0.923 & shelter_expenses_by_hh_size >  13.300 & shelter_expenses_by_hh_size <= 262.000","ranger",1044,0.91188,0.89636,523,461,0.8815,0.0515,0.0556,4.986,0.1475,0.9705,1.4
"2-3","medical_deductions <=  17.000 & rawben_rel_max >   0.997 & total_deductions_by_hh_size >   1.050 & total_deductions_by_hh_size <= 345.000","ranger",4102,0.90419,0.89636,2096,1888,0.9008,0.2109,0.1902,19.981,0.1475,0.9705,1.4
"2-3","percent_abawd <=   0.167 & rawben_rel_max >   0.997 & unc_rawben_rel_max <=   1.800 & utilities > 284.000","ranger",3700,0.90459,0.89635,1891,1702,0.9001,0.1901,0.1729,18.027,0.1475,0.9705,1.4
"2-3","expedited_i >   0.5 & medical_deductions <= 650.0 & shelter_expenses_by_hh_size <= 252.0 & utilities <=  30.5","ranger",981,0.91233,0.89632,508,468,0.9213,0.0523,0.028,4.843,0.1475,0.9705,1.4
"2-3","cat_elig <   1.0 & children_i <   1.0 & shelter_expenses_by_hh_size >=  99.3 & total_deductions_by_hh_size < 652.0","xgboost",417,0.92086,0.8963,220,193,0.8773,0.0216,0.0145,2.097,0.1475,0.9705,1.4
"2-3","cat_elig <=  0.500 & count_divisible_by_100 <=  0.500 & rawben_rel_max >  0.975 & utilities > 46.000","ranger",590,0.91695,0.8963,247,229,0.9271,0.0256,0.0104,2.355,0.1475,0.9705,1.4
"2-3","medical_deductions > 128.000 & percent_abawd <=   0.417 & shelter_expenses_by_hh_size <= 907.000 & unc_rawben_rel_max <=   0.204","ranger",284,0.92606,0.8963,129,118,0.9147,0.0132,0.0054,1.23,0.1475,0.9705,1.4
"2-3","cat_elig < 1.000 & children_i < 1.000 & percent_abawd < 0.667 & rawben_rel_max >= 0.660","xgboost",250,0.928,0.89628,148,129,0.8716,0.0144,0.0105,1.411,0.1475,0.9705,1.4
"2-3","elderly_disabled_i >=   1.000 & rawben_rel_max <   0.194 & total_deductions_by_hh_size < 466.000","xgboost",1116,0.91129,0.89628,501,461,0.9202,0.0515,0.0241,4.776,0.1475,0.9705,1.4
"2-3","medical_deductions < 103 & months_since_cert_n <   6 & total_deductions_by_hh_size < 124 & utilities < 445","xgboost",4429,0.90382,0.89628,2237,2004,0.8958,0.2239,0.1476,21.325,0.1475,0.9705,1.4
"2-3","months_since_cert_n <   1.000 & rawben_rel_max >=   0.967 & total_deductions_by_hh_size < 225.000 & unc_rawben_rel_max <   1.090","xgboost",157,0.93631,0.89628,108,99,0.9167,0.0111,0.008,1.03,0.1475,0.9705,1.4
"2-3","months_since_cert_n >   0.5 & shelter_expenses_by_hh_size <= 268.0 & utilities <= 144.0","ranger",4819,0.90351,0.89628,2429,2162,0.8901,0.2415,0.174,23.155,0.1475,0.9705,1.4
"2-3","HH_size_n <=  2.500 & percent_abawd <=  0.167 & utilities <= 22.000","ranger",2700,0.90593,0.89627,1380,1240,0.8986,0.1385,0.1019,13.155,0.1475,0.9705,1.4
"2-3","cat_elig > 0.500 & HH_size_n > 2.500 & married <= 0.500 & unc_rawben_rel_max > 0.997","ranger",2244,0.90686,0.89627,1168,1037,0.8878,0.1158,0.1174,11.134,0.1475,0.9705,1.4
"2-3","count_divisible_by_100 <   1.00 & months_since_cert_n <   8.00 & total_deductions_by_hh_size < 145.00 & unc_rawben_rel_max <   1.14","xgboost",5556,0.90299,0.89626,2774,2477,0.8929,0.2767,0.1847,26.444,0.1475,0.9705,1.4
"2-3","elderly_disabled_i <   1 & total_deductions_by_hh_size < 115 & utilities < 367","xgboost",4348,0.90386,0.89626,2168,1949,0.899,0.2177,0.1456,20.667,0.1475,0.9705,1.4
"2-3","children_i >=   1.000 & HH_size_n >=   3.000 & shelter_expenses_by_hh_size < 347.000 & unc_rawben_rel_max >=   0.881","xgboost",2760,0.9058,0.89625,1384,1240,0.896,0.1385,0.1134,13.194,0.1475,0.9705,1.4
"2-3","shelter_expenses_by_hh_size >  13.800 & total_deductions_by_hh_size <= 468.000 & unc_rawben_rel_max >   0.997 & utilities >  39.500","ranger",4077,0.9041,0.89624,2070,1859,0.8981,0.2077,0.1944,19.733,0.1475,0.9705,1.4
"2-3","HH_size_n <=   2.5 & shelter_expenses_by_hh_size <= 252.0 & total_deductions_by_hh_size <= 378.0","ranger",4407,0.90379,0.89623,2267,2022,0.8919,0.2259,0.1668,21.611,0.1475,0.9705,1.4
"2-3","elderly_disabled_i <= 0.500 & expedited_i <= 0.500 & months_since_cert_n > 5.500 & rawben_rel_max > 0.977","ranger",1549,0.90897,0.89623,795,717,0.9019,0.0801,0.0732,7.579,0.1475,0.9705,1.4
"2-3","months_since_cert_n <=   5.500 & percent_abawd <=   0.167 & shelter_expenses_by_hh_size <= 251.000 & total_deductions_by_hh_size <= 465.000","ranger",5475,0.90301,0.89623,2636,2341,0.8881,0.2615,0.1936,25.129,0.1475,0.9705,1.4
"2-3","cat_elig >   1.500 & months_since_cert_n <=  32.000 & rawben_rel_max >   0.997 & total_deductions_by_hh_size <= 829.000","ranger",2840,0.90563,0.89622,311,282,0.9068,0.0315,0.0248,2.965,0.1475,0.9705,1.4
"2-3","children_i >   0.5 & elderly_disabled_i <=   0.5 & homeless >   0.5 & shelter_expenses_by_hh_size <= 280.0","ranger",227,0.92952,0.89622,117,111,0.9487,0.0124,0.0033,1.115,0.1475,0.9705,1.4
"2-3","shelter_expenses_by_hh_size < 284 & total_deductions_by_hh_size < 215 & utilities < 136","xgboost",5225,0.90316,0.89622,2658,2364,0.8894,0.2641,0.1926,25.338,0.1475,0.9705,1.4
"2-3","rawben_rel_max >   0.997 & total_deductions_by_hh_size >   1.050 & total_deductions_by_hh_size <= 345.000","ranger",4106,0.90404,0.89621,2099,1891,0.9009,0.2112,0.1902,20.01,0.1475,0.9705,1.4
"2-3","total_deductions_by_hh_size < 652.00 & unc_rawben_rel_max >=   0.97 & unc_rawben_rel_max <   1.49 & utilities >= 875.00","xgboost",295,0.92542,0.89621,224,204,0.9107,0.0228,0.0195,2.135,0.1475,0.9705,1.4
"2-3","elderly_disabled_i >= 1.000 & unc_rawben_rel_max >= 0.998 & unc_rawben_rel_max < 1.290","xgboost",471,0.91932,0.8962,280,257,0.9179,0.0287,0.0218,2.669,0.1475,0.9705,1.4
"2-3","cat_elig <   2 & months_since_cert_n >=   4 & shelter_expenses_by_hh_size < 108 & total_deductions_by_hh_size < 240","xgboost",1353,0.90983,0.89619,1010,892,0.8832,0.0996,0.0804,9.628,0.1475,0.9705,1.4
"2-3","rawben_rel_max >   0.997 & total_deductions_by_hh_size <= 862.000 & utilities > 340.000","ranger",3654,0.90449,0.89619,2013,1805,0.8967,0.2016,0.1873,19.19,0.1475,0.9705,1.4
"2-3","unc_rawben_rel_max >= 0.881 & unc_rawben_rel_max < 1.490","xgboost",8904,0.9015,0.89619,4719,4219,0.894,0.4713,0.405,44.986,0.1475,0.9705,1.4
"2-3","cat_elig > 1.500 & expedited_i > 0.500 & months_since_cert_n <= 5.500 & rawben_rel_max > 0.997","ranger",460,0.91957,0.89617,44,40,0.9091,0.0045,0.0028,0.419,0.1475,0.9705,1.4
"2-3","count_divisible_by_100 <= 1.500 & elderly_disabled_i <= 0.500 & months_since_cert_n > 5.500 & unc_rawben_rel_max > 0.981","ranger",1906,0.90766,0.89617,1007,900,0.8937,0.1005,0.094,9.6,0.1475,0.9705,1.4
"2-3","elderly_disabled_i >  0.500 & total_deductions_by_hh_size <= 58.800 & unc_rawben_rel_max <=  0.914","ranger",1671,0.90844,0.89616,851,769,0.9036,0.0859,0.0472,8.112,0.1475,0.9705,1.4
"2-3","children_i >=   1 & elderly_disabled_i >=   1 & shelter_expenses_by_hh_size < 132","xgboost",306,0.92484,0.89615,172,142,0.8256,0.0159,0.0207,1.64,0.1475,0.9705,1.4
"2-3","cat_elig >=   2.00 & shelter_expenses_by_hh_size <  15.00 & unc_rawben_rel_max >=   1.11 & utilities < 912.00","xgboost",589,0.91681,0.89613,81,73,0.9012,0.0082,0.0063,0.772,0.1475,0.9705,1.4
"2-3","count_divisible_by_100 <=   0.500 & months_since_cert_n <=   6.500 & percent_abawd <=   0.167 & shelter_expenses_by_hh_size <= 286.000","ranger",5897,0.90266,0.89613,2885,2573,0.8919,0.2874,0.2085,27.502,0.1475,0.9705,1.4
"2-3","shelter_expenses_by_hh_size < 170 & total_deductions_by_hh_size < 117","xgboost",5121,0.90314,0.89613,2566,2290,0.8924,0.2558,0.1879,24.461,0.1475,0.9705,1.4
"2-3","children_i >  0.50 & months_since_cert_n >  5.50 & percent_abawd <=  1.75 & total_deductions_by_hh_size <= 52.00","ranger",1197,0.91061,0.8961,605,530,0.876,0.0592,0.0491,5.767,0.1475,0.9705,1.4
"2-3","count_divisible_by_100 <=   0.500 & expedited_i >   0.500 & rawben_rel_max >   0.981 & utilities > 144.000","ranger",748,0.91444,0.89608,379,339,0.8945,0.0379,0.0333,3.613,0.1475,0.9705,1.4
"2-3","months_since_cert_n <  15.000 & rawben_rel_max >=   0.786 & total_deductions_by_hh_size < 265.000 & utilities < 450.000","xgboost",5437,0.90289,0.89608,2872,2580,0.8983,0.2882,0.2234,27.378,0.1475,0.9705,1.4
"2-3","rawben_rel_max >=  0.0763 & total_deductions_by_hh_size < 92.9000","xgboost",6113,0.9025,0.89608,3111,2793,0.8978,0.312,0.2015,29.657,0.1475,0.9705,1.4
"2-3","percent_abawd <=   0.833 & rawben_rel_max >   0.997 & total_deductions_by_hh_size <= 577.000 & utilities >  22.000","ranger",4210,0.9038,0.89606,2115,1892,0.8946,0.2113,0.2059,20.162,0.1475,0.9705,1.4
"2-3","children_i >  0.5 & elderly_disabled_i <=  0.5 & utilities <= 25.5","ranger",3869,0.90411,0.89604,1941,1742,0.8975,0.1946,0.1375,18.503,0.1475,0.9705,1.4
"2-3","children_i >  0.500 & HH_size_n <=  2.500 & total_deductions_by_hh_size > 23.900 & unc_rawben_rel_max >  0.995","ranger",2168,0.90683,0.89604,1073,977,0.9105,0.1091,0.092,10.229,0.1475,0.9705,1.4
"2-3","elderly_disabled_i <=  0.500 & unc_rawben_rel_max >  0.997 & utilities > 33.500","ranger",3859,0.90412,0.89604,1931,1738,0.9001,0.1941,0.1802,18.408,0.1475,0.9705,1.4
"2-3","cat_elig <=   2.500 & homeless >   0.500 & rawben_rel_max >   0.784 & shelter_expenses_by_hh_size <= 945.000","ranger",272,0.92647,0.89603,152,143,0.9408,0.016,0.0055,1.449,0.1475,0.9705,1.4
"2-3","expedited_i >   0.5 & shelter_expenses_by_hh_size <=  92.0 & total_deductions_by_hh_size <= 433.0","ranger",999,0.91191,0.89603,513,471,0.9181,0.0526,0.0319,4.89,0.1475,0.9705,1.4
"2-3","children_i <  1.000 & rawben_rel_max <  0.675 & total_deductions_by_hh_size < 15.500","xgboost",631,0.91601,0.89602,324,305,0.9414,0.0341,0.0131,3.089,0.1475,0.9705,1.4
"2-3","expedited_i <  1.0 & months_since_cert_n <  3.0 & total_deductions_by_hh_size < 23.0 & unc_rawben_rel_max >=  1.1","xgboost",361,0.92244,0.89601,206,193,0.9369,0.0216,0.0104,1.964,0.1475,0.9705,1.4
"2-3","children_i <= 0.500 & expedited_i <= 0.500 & homeless <= 0.500 & rawben_rel_max <= 0.159","ranger",821,0.91352,0.89599,410,372,0.9073,0.0416,0.0262,3.908,0.1475,0.9705,1.4
"2-3","cat_elig >= 2.0 & HH_size_n >= 3.0 & months_since_cert_n < 3.0 & total_deductions_by_hh_size < 2.5","xgboost",215,0.93023,0.89598,24,22,0.9167,0.0025,4e-04,0.229,0.1475,0.9705,1.4
"2-3","elderly_disabled_i >   0.500 & percent_abawd <=   0.833 & shelter_expenses_by_hh_size <= 627.000 & total_deductions_by_hh_size <=  31.300","ranger",1381,0.90949,0.89597,726,661,0.9105,0.0738,0.0401,6.921,0.1475,0.9705,1.4
"2-3","elderly_disabled_i <=   0.500 & months_since_cert_n <=   7.500 & unc_rawben_rel_max >   0.996 & utilities > 286.000","ranger",2833,0.9054,0.89596,1431,1303,0.9106,0.1456,0.1204,13.642,0.1475,0.9705,1.4
"2-3","cat_elig <=   0.500 & medical_deductions <= 140.000 & rawben_rel_max >   0.996 & utilities >  80.500","ranger",588,0.91667,0.89595,252,234,0.9286,0.0261,0.0127,2.402,0.1475,0.9705,1.4
"2-3","cat_elig >= 2.0 & count_divisible_by_100 < 1.0 & months_since_cert_n < 3.0 & total_deductions_by_hh_size < 2.5","xgboost",513,0.91813,0.89595,56,50,0.8929,0.0056,0.003,0.534,0.1475,0.9705,1.4
"2-3","married >   0.500 & rawben_rel_max >   0.995 & total_deductions_by_hh_size <= 465.000 & utilities <= 978.000","ranger",768,0.91406,0.89594,372,336,0.9032,0.0375,0.0314,3.546,0.1475,0.9705,1.4
"2-3","medical_deductions <=   3.000 & rawben_rel_max >   0.997 & total_deductions_by_hh_size <= 449.000 & utilities >  38.500","ranger",4035,0.90384,0.89593,2056,1846,0.8979,0.2062,0.1942,19.6,0.1475,0.9705,1.4
"2-3","shelter_expenses_by_hh_size > 322.000 & total_deductions_by_hh_size > 306.000 & unc_rawben_rel_max >   0.997 & unc_rawben_rel_max <=   1.640","ranger",1401,0.90935,0.89593,940,853,0.9074,0.0953,0.0788,8.961,0.1475,0.9705,1.4
"2-3","medical_deductions < 264 & months_since_cert_n <  21 & shelter_expenses_by_hh_size < 124","xgboost",4832,0.90315,0.89592,2476,2203,0.8897,0.2461,0.1869,23.603,0.1475,0.9705,1.4
"2-3","HH_size_n <=   2.500 & rawben_rel_max <=   0.996 & shelter_expenses_by_hh_size <= 625.000 & unc_rawben_rel_max <=   0.177","ranger",1081,0.91119,0.89591,517,479,0.9265,0.0535,0.0233,4.929,0.1475,0.9705,1.4
"2-3","cat_elig <   2.00 & shelter_expenses_by_hh_size < 503.00 & unc_rawben_rel_max >=   1.27 & utilities >= 431.00","xgboost",545,0.91743,0.89591,405,357,0.8815,0.0399,0.044,3.861,0.1475,0.9705,1.4
"2-3","children_i >  0.500 & HH_size_n <=  2.500 & rawben_rel_max >  0.997 & utilities > 49.500","ranger",1942,0.90731,0.89591,954,871,0.913,0.0973,0.0777,9.094,0.1475,0.9705,1.4
"2-3","elderly_disabled_i <=  0.500 & unc_rawben_rel_max >  0.996 & utilities > 22.000","ranger",3924,0.90392,0.89591,1951,1754,0.899,0.1959,0.1835,18.599,0.1475,0.9705,1.4
"2-3","months_since_cert_n <=  32.000 & unc_rawben_rel_max >   0.997 & unc_rawben_rel_max <=   1.630 & utilities > 124.000","ranger",4114,0.90374,0.89591,2097,1891,0.9018,0.2112,0.1871,19.99,0.1475,0.9705,1.4
"2-3","rawben_rel_max <   0.19 & total_deductions_by_hh_size < 204.00 & utilities >= 844.00","xgboost",55,0.96364,0.8959,24,20,0.8333,0.0022,0.0019,0.229,0.1475,0.9705,1.4
"2-3","cat_elig <   3 & shelter_expenses_by_hh_size < 128","xgboost",4850,0.90309,0.89588,2542,2262,0.8899,0.2527,0.1946,24.233,0.1475,0.9705,1.4
"2-3","children_i <   1.0 & homeless <   1.0 & shelter_expenses_by_hh_size < 958.0 & total_deductions_by_hh_size <   2.5","xgboost",841,0.9132,0.89587,443,417,0.9413,0.0466,0.0188,4.223,0.1475,0.9705,1.4
"2-3","months_since_cert_n < 21.000 & rawben_rel_max >=  0.166 & total_deductions_by_hh_size < 96.600","xgboost",5902,0.90241,0.89587,3036,2717,0.8949,0.3035,0.2016,28.942,0.1475,0.9705,1.4
"2-3","rawben_rel_max >   0.997 & total_deductions_by_hh_size <= 457.000 & utilities >  38.500","ranger",4062,0.90374,0.89586,2067,1856,0.8979,0.2073,0.1944,19.704,0.1475,0.9705,1.4
"2-3","shelter_expenses_by_hh_size <= 251 & utilities <= 252","ranger",5334,0.9027,0.89582,2701,2398,0.8878,0.2679,0.2022,25.748,0.1475,0.9705,1.4
"2-3","cat_elig <= 0.5 & elderly_disabled_i > 0.5 & months_since_cert_n <= 5.5","ranger",523,0.91778,0.89581,259,231,0.8919,0.0258,0.014,2.469,0.1475,0.9705,1.4
"2-3","expedited_i >   0.500 & months_since_cert_n >   4.500 & rawben_rel_max >   0.723 & shelter_expenses_by_hh_size <= 331.000","ranger",480,0.91875,0.89581,258,228,0.8837,0.0255,0.0154,2.459,0.1475,0.9705,1.4
"2-3","expedited_i > 0.500 & homeless > 0.500 & rawben_rel_max > 0.923","ranger",95,0.94737,0.89581,50,49,0.98,0.0055,8e-04,0.477,0.1475,0.9705,1.4
"2-3","months_since_cert_n >  16.500 & rawben_rel_max >   0.999 & total_deductions_by_hh_size <= 411.000 & unc_rawben_rel_max >   0.997","ranger",95,0.94737,0.89581,38,33,0.8684,0.0037,0.0044,0.362,0.1475,0.9705,1.4
"2-3","expedited_i <=   0.500 & shelter_expenses_by_hh_size <= 252.000 & total_deductions_by_hh_size <=   2.830 & unc_rawben_rel_max <=   0.997","ranger",1245,0.91004,0.8958,615,548,0.8911,0.0612,0.0416,5.863,0.1475,0.9705,1.4
"2-3","cat_elig <   2.0 & homeless >=   1.0 & shelter_expenses_by_hh_size < 958.0 & total_deductions_by_hh_size <   2.5","xgboost",120,0.94167,0.89578,104,98,0.9423,0.0109,0.004,0.991,0.1475,0.9705,1.4
"2-3","cat_elig <= 0.500 & HH_size_n <= 2.500 & homeless <= 0.500 & percent_abawd <= 0.417","ranger",1440,0.90903,0.89578,678,627,0.9248,0.07,0.0283,6.463,0.1475,0.9705,1.4
"2-3","percent_abawd <   0.667 & total_deductions_by_hh_size < 105.000","xgboost",6758,0.90189,0.89578,3431,3084,0.8989,0.3445,0.2204,32.707,0.1475,0.9705,1.4
"2-3","count_divisible_by_100 <   1 & months_since_cert_n <   8 & total_deductions_by_hh_size < 145","xgboost",5767,0.90238,0.89576,2858,2547,0.8912,0.2845,0.1991,27.245,0.1475,0.9705,1.4
"2-3","elderly_disabled_i <=   0.500 & unc_rawben_rel_max >   0.996 & unc_rawben_rel_max <=   1.710 & utilities > 124.000","ranger",3599,0.90414,0.89576,1815,1642,0.9047,0.1834,0.1593,17.302,0.1475,0.9705,1.4
"2-3","months_since_cert_n <  2.00 & shelter_expenses_by_hh_size < 25.00 & unc_rawben_rel_max >= -0.71","xgboost",934,0.91221,0.89576,524,475,0.9065,0.0531,0.0354,4.995,0.1475,0.9705,1.4
"2-3","cat_elig <=  0.5 & expedited_i >  0.5 & utilities <= 58.5","ranger",260,0.92692,0.89575,116,112,0.9655,0.0125,0.0028,1.106,0.1475,0.9705,1.4
"2-3","cat_elig <=  0.500 & count_divisible_by_100 <=  0.500 & rawben_rel_max <=  0.997 & total_deductions_by_hh_size <= 56.600","ranger",382,0.92147,0.89575,199,176,0.8844,0.0197,0.0117,1.897,0.1475,0.9705,1.4
"2-3","count_divisible_by_100 <=  0.500 & months_since_cert_n <=  5.500 & rawben_rel_max >  0.997 & utilities > 30.500","ranger",2817,0.90522,0.89575,1364,1225,0.8981,0.1368,0.1324,13.003,0.1475,0.9705,1.4
"2-3","children_i >  0.5 & married <=  0.5 & utilities <= 30.5","ranger",4117,0.90357,0.89574,2064,1845,0.8939,0.2061,0.1496,19.676,0.1475,0.9705,1.4
"2-3","count_divisible_by_100 <= 0.500 & homeless > 0.500 & months_since_cert_n <= 6.500 & unc_rawben_rel_max > 0.997","ranger",168,0.93452,0.89574,84,79,0.9405,0.0088,0.0029,0.801,0.1475,0.9705,1.4
"2-3","shelter_expenses_by_hh_size >= 256.0 & total_deductions_by_hh_size <   2.5 & utilities >= 376.0","xgboost",168,0.93452,0.89574,87,85,0.977,0.0095,5e-04,0.829,0.1475,0.9705,1.4
"2-3","cat_elig <=  0.5 & children_i >  0.5 & HH_size_n >  2.5 & total_deductions_by_hh_size <= 38.7","ranger",360,0.92222,0.89573,186,173,0.9301,0.0193,0.0075,1.773,0.1475,0.9705,1.4
"2-3","months_since_cert_n < 17.000 & percent_abawd <  0.333 & total_deductions_by_hh_size < 79.500 & unc_rawben_rel_max <  1.100","xgboost",4057,0.90362,0.89573,2002,1791,0.8946,0.2001,0.1288,19.085,0.1475,0.9705,1.4
"2-3","elderly_disabled_i >   0.500 & medical_deductions <= 623.000 & rawben_rel_max <=   0.158 & utilities >  56.500","ranger",892,0.91256,0.89572,427,392,0.918,0.0438,0.0226,4.071,0.1475,0.9705,1.4
"2-3","HH_size_n >    2.500 & months_since_cert_n <=    4.500 & rawben_rel_max >    0.997 & total_deductions_by_hh_size <= 1000.000","ranger",1867,0.90734,0.8957,926,842,0.9093,0.0941,0.0756,8.827,0.1475,0.9705,1.4
"2-3","months_since_cert_n <  12.000 & total_deductions_by_hh_size < 101.000 & unc_rawben_rel_max <   0.373","xgboost",1027,0.91139,0.8957,474,438,0.9241,0.0489,0.0179,4.519,0.1475,0.9705,1.4
"2-3","shelter_expenses_by_hh_size >= 256.0 & total_deductions_by_hh_size <   2.5 & utilities >= 376.0 & utilities < 496.0","xgboost",82,0.95122,0.89569,37,37,1,0.0041,0,0.353,0.1475,0.9705,1.4
"2-3","total_deductions_by_hh_size < 765.0000 & unc_rawben_rel_max <  -0.0566","xgboost",629,0.91574,0.89569,321,291,0.9065,0.0325,0.0283,3.06,0.1475,0.9705,1.4
"2-3","cat_elig <= 0.5 & elderly_disabled_i <= 0.5 & HH_size_n <= 2.5","ranger",1099,0.91083,0.89566,494,462,0.9352,0.0516,0.0183,4.709,0.1475,0.9705,1.4
"2-3","count_divisible_by_100 <=  0.5 & months_since_cert_n <=  3.5 & utilities <= 48.5","ranger",2503,0.90571,0.89566,1287,1151,0.8943,0.1286,0.0928,12.269,0.1475,0.9705,1.4
"2-3","count_divisible_by_100 <=  1.5 & months_since_cert_n >  5.5 & total_deductions_by_hh_size <= 34.6","ranger",1581,0.90829,0.89564,807,734,0.9095,0.082,0.048,7.693,0.1475,0.9705,1.4
"2-3","cat_elig >=   1.000 & shelter_expenses_by_hh_size < 242.000 & total_deductions_by_hh_size >= 135.000 & unc_rawben_rel_max >=   0.833","xgboost",839,0.91299,0.89563,453,398,0.8786,0.0445,0.0478,4.318,0.1475,0.9705,1.4
"2-3","medical_deductions < 264 & shelter_expenses_by_hh_size < 124","xgboost",4888,0.90282,0.89563,2493,2219,0.8901,0.2479,0.1873,23.765,0.1475,0.9705,1.4
"2-3","medical_deductions < 315 & total_deductions_by_hh_size >= 229 & total_deductions_by_hh_size < 234","xgboost",156,0.9359,0.89563,79,71,0.8987,0.0079,0.0046,0.753,0.1475,0.9705,1.4
"2-3","rawben_rel_max >   0.997 & unc_rawben_rel_max <=   1.630 & utilities > 286.000","ranger",3993,0.90358,0.89562,2084,1879,0.9016,0.2099,0.1853,19.867,0.1475,0.9705,1.4
"2-3","children_i >   0.5 & medical_deductions <= 210.0 & utilities <=  22.0","ranger",4152,0.90342,0.89561,2119,1889,0.8915,0.211,0.1551,20.2,0.1475,0.9705,1.4
"2-3","percent_abawd <=   1.750 & total_deductions_by_hh_size <= 444.000 & unc_rawben_rel_max >   0.997 & utilities > 124.000","ranger",3803,0.90376,0.8956,1952,1760,0.9016,0.1966,0.1749,18.608,0.1475,0.9705,1.4
"2-3","cat_elig >   0.500 & rawben_rel_max >   0.997 & shelter_expenses_by_hh_size <= 528.000 & utilities > 124.000","ranger",2471,0.90571,0.89559,1298,1167,0.8991,0.1304,0.1225,12.374,0.1475,0.9705,1.4
"2-3","cat_elig > 0.500 & expedited_i > 0.500 & HH_size_n <= 2.500 & unc_rawben_rel_max > 0.997","ranger",870,0.91264,0.89559,446,403,0.9036,0.045,0.0349,4.252,0.1475,0.9705,1.4
"2-3","months_since_cert_n <=   5.500 & shelter_expenses_by_hh_size > 276.000 & unc_rawben_rel_max >   0.997 & utilities > 428.000","ranger",1437,0.90884,0.89557,730,664,0.9096,0.0742,0.0627,6.959,0.1475,0.9705,1.4
"2-3","total_deductions_by_hh_size <= 468.000 & unc_rawben_rel_max >   0.997 & utilities >  39.500","ranger",4080,0.90343,0.89556,2072,1861,0.8982,0.2079,0.1944,19.752,0.1475,0.9705,1.4
"2-3","cat_elig <   3.00 & total_deductions_by_hh_size < 225.00 & unc_rawben_rel_max >=   1.11","xgboost",2952,0.90481,0.89555,1554,1390,0.8945,0.1553,0.1444,14.814,0.1475,0.9705,1.4
"2-3","total_deductions_by_hh_size <= 578.0000 & unc_rawben_rel_max <=   0.0271","ranger",807,0.91326,0.89555,407,367,0.9017,0.041,0.0348,3.88,0.1475,0.9705,1.4
"2-3","count_divisible_by_100 <=   0.500 & unc_rawben_rel_max >   0.997 & utilities > 360.000","ranger",3282,0.90433,0.89554,1744,1569,0.8997,0.1753,0.1558,16.625,0.1475,0.9705,1.4
"2-3","months_since_cert_n < 11.0 & shelter_expenses_by_hh_size >= 21.0 & total_deductions_by_hh_size <  4.1","xgboost",786,0.91349,0.89554,410,377,0.9195,0.0421,0.0213,3.908,0.1475,0.9705,1.4
"2-3","months_since_cert_n <=  36.500 & shelter_expenses_by_hh_size <= 475.000 & unc_rawben_rel_max >   0.967 & utilities >  22.000","ranger",3171,0.90445,0.89551,1596,1431,0.8966,0.1599,0.1439,15.214,0.1475,0.9705,1.4
"2-3","months_since_cert_n >   5.500 & months_since_cert_n <=  20.500 & total_deductions_by_hh_size <= 540.000 & unc_rawben_rel_max >   0.996","ranger",2015,0.9067,0.89549,1069,954,0.8924,0.1066,0.1039,10.191,0.1475,0.9705,1.4
"2-3","homeless <  1 & months_since_cert_n <  2 & shelter_expenses_by_hh_size < 21","xgboost",869,0.91254,0.89547,485,439,0.9052,0.049,0.0337,4.623,0.1475,0.9705,1.4
"2-3","cat_elig >   1.500 & expedited_i >   0.500 & rawben_rel_max >   0.997 & total_deductions_by_hh_size <= 732.000","ranger",617,0.91572,0.89546,66,58,0.8788,0.0065,0.0057,0.629,0.1475,0.9705,1.4
"2-3","rawben_rel_max >=   0.086 & shelter_expenses_by_hh_size < 297.000 & utilities <  47.000","xgboost",4820,0.9027,0.89545,2481,2206,0.8892,0.2464,0.1855,23.651,0.1475,0.9705,1.4
"2-3","cat_elig <=   0.5 & elderly_disabled_i >   0.5 & HH_size_n <=   2.5 & shelter_expenses_by_hh_size <= 848.0","ranger",489,0.9182,0.89544,270,244,0.9037,0.0273,0.0144,2.574,0.1475,0.9705,1.4
"2-3","cat_elig >   0.5 & count_divisible_by_100 <=   0.5 & shelter_expenses_by_hh_size <= 252.0 & utilities <=  38.5","ranger",3438,0.90401,0.89543,1801,1600,0.8884,0.1787,0.1403,17.169,0.1475,0.9705,1.4
"2-3","cat_elig <   1.000 & months_since_cert_n >=   3.000 & percent_abawd >=   0.333 & total_deductions_by_hh_size >= 176.000","xgboost",40,0.975,0.8954,19,16,0.8421,0.0018,0.0015,0.181,0.1475,0.9705,1.4
"2-3","cat_elig >  2.500 & unc_rawben_rel_max >  0.997 & utilities > 22.000","ranger",40,0.975,0.8954,0,0,NA,0,0,0,0.1475,0.9705,1.4
"2-3","rawben_rel_max >=   1.00 & total_deductions_by_hh_size >= 290.00 & unc_rawben_rel_max <   1.42 & utilities >= 703.00","xgboost",435,0.91954,0.8954,226,210,0.9292,0.0235,0.0131,2.154,0.1475,0.9705,1.4
"2-3","children_i >  0.500 & homeless <=  0.500 & percent_abawd <=  0.167 & utilities <= 22.000","ranger",3845,0.90351,0.89539,1931,1721,0.8912,0.1922,0.1414,18.408,0.1475,0.9705,1.4
"2-3","elderly_disabled_i >   0.500 & percent_abawd <=   0.583 & total_deductions_by_hh_size <= 100.000","ranger",2335,0.90578,0.89536,1193,1077,0.9028,0.1203,0.0667,11.373,0.1475,0.9705,1.4
"2-3","cat_elig < 2.0 & married >= 1.0 & total_deductions_by_hh_size < 2.5","xgboost",467,0.91863,0.89533,337,325,0.9644,0.0363,0.0063,3.213,0.1475,0.9705,1.4
"2-3","children_i >  0.50 & elderly_disabled_i <=  0.50 & percent_abawd <=  1.75 & utilities <= 38.50","ranger",4071,0.90322,0.89533,2051,1839,0.8966,0.2054,0.1465,19.552,0.1475,0.9705,1.4
"2-3","married <=   0.500 & medical_deductions <= 150.000 & months_since_cert_n >   5.500 & unc_rawben_rel_max >   0.996","ranger",1880,0.90691,0.8953,997,886,0.8887,0.099,0.0972,9.504,0.1475,0.9705,1.4
"2-3","cat_elig <=  0.500 & count_divisible_by_100 <=  0.500 & rawben_rel_max >  0.975 & total_deductions_by_hh_size > 52.200","ranger",616,0.91558,0.89529,262,244,0.9313,0.0273,0.0103,2.498,0.1475,0.9705,1.4
"2-3","rawben_rel_max >   0.997 & total_deductions_by_hh_size >  27.000 & total_deductions_by_hh_size <= 468.000","ranger",4367,0.90291,0.89529,2243,2017,0.8992,0.2253,0.2052,21.382,0.1475,0.9705,1.4
"2-3","elderly_disabled_i <   1.00 & unc_rawben_rel_max >=   1.22 & unc_rawben_rel_max <   1.34 & utilities < 534.00","xgboost",637,0.91523,0.89527,441,379,0.8594,0.0423,0.0575,4.204,0.1475,0.9705,1.4
"2-3","shelter_expenses_by_hh_size < 281.00 & total_deductions_by_hh_size < 105.00 & unc_rawben_rel_max <   1.22","xgboost",6006,0.90176,0.89527,3084,2761,0.8953,0.3084,0.2082,29.399,0.1475,0.9705,1.4
"2-3","months_since_cert_n >=  17 & total_deductions_by_hh_size < 231 & utilities >= 452","xgboost",202,0.93069,0.89525,54,48,0.8889,0.0054,0.0036,0.515,0.1475,0.9705,1.4
"2-3","rawben_rel_max >= 0.856 & unc_rawben_rel_max < 1.310","xgboost",7891,0.9009,0.89523,4059,3645,0.898,0.4072,0.3091,38.694,0.1475,0.9705,1.4
"2-3","cat_elig <= 0.5 & expedited_i > 0.5 & months_since_cert_n > 5.5","ranger",107,0.94393,0.89522,41,40,0.9756,0.0045,7e-04,0.391,0.1475,0.9705,1.4
"2-3","expedited_i <= 0.500 & HH_size_n > 2.500 & rawben_rel_max > 0.997","ranger",2402,0.9055,0.89522,1202,1069,0.8894,0.1194,0.1173,11.459,0.1475,0.9705,1.4
"2-3","expedited_i > 0.50 & homeless > 0.50 & percent_abawd <= 0.75","ranger",107,0.94393,0.89522,56,55,0.9821,0.0061,8e-04,0.534,0.1475,0.9705,1.4
"2-3","elderly_disabled_i <= 0.500 & homeless > 0.500 & rawben_rel_max > 0.617","ranger",281,0.92527,0.89521,162,153,0.9444,0.0171,0.0052,1.544,0.1475,0.9705,1.4
"2-3","rawben_rel_max <=   0.177 & total_deductions_by_hh_size <= 325.000 & unc_rawben_rel_max <=   0.997","ranger",1330,0.90902,0.89521,648,583,0.8997,0.0651,0.0433,6.177,0.1475,0.9705,1.4
"2-3","count_divisible_by_100 <   1.0 & total_deductions_by_hh_size >=  15.5 & unc_rawben_rel_max >=   1.0 & utilities >= 361.0","xgboost",3271,0.904,0.89519,1734,1560,0.8997,0.1743,0.1541,16.53,0.1475,0.9705,1.4
"2-3","children_i >  0.5 & utilities <= 22.0","ranger",4154,0.90299,0.89517,2119,1889,0.8915,0.211,0.1551,20.2,0.1475,0.9705,1.4
"2-3","married <   1.0000 & total_deductions_by_hh_size < 588.0000 & unc_rawben_rel_max <  -0.0566","xgboost",292,0.92466,0.89517,149,135,0.906,0.0151,0.0145,1.42,0.1475,0.9705,1.4
"2-3","shelter_expenses_by_hh_size >= 414.000 & total_deductions_by_hh_size < 151.000 & unc_rawben_rel_max <   0.118","xgboost",236,0.92797,0.89516,108,97,0.8981,0.0108,0.0062,1.03,0.1475,0.9705,1.4
"2-3","children_i <   1.0 & shelter_expenses_by_hh_size >= 340.0 & shelter_expenses_by_hh_size < 771.0 & total_deductions_by_hh_size <  87.5","xgboost",303,0.92409,0.89514,140,130,0.9286,0.0145,0.0051,1.335,0.1475,0.9705,1.4
"2-3","count_divisible_by_100 <   1 & shelter_expenses_by_hh_size < 918 & total_deductions_by_hh_size < 340 & utilities <  34","xgboost",4539,0.90262,0.89514,2356,2108,0.8947,0.2355,0.1711,22.459,0.1475,0.9705,1.4
"2-3","elderly_disabled_i <=  0.500 & percent_abawd <=  0.167 & utilities <= 30.500","ranger",4044,0.90307,0.89514,2014,1803,0.8952,0.2014,0.1467,19.199,0.1475,0.9705,1.4
"2-3","rawben_rel_max <   0.322 & shelter_expenses_by_hh_size >= 262.000 & total_deductions_by_hh_size >=  20.600 & total_deductions_by_hh_size <  96.600","xgboost",303,0.92409,0.89514,119,105,0.8824,0.0117,0.0074,1.134,0.1475,0.9705,1.4
"2-3","months_since_cert_n >=  10.00 & total_deductions_by_hh_size < 225.00 & unc_rawben_rel_max >=   1.11 & utilities < 318.00","xgboost",167,0.93413,0.89513,98,90,0.9184,0.0101,0.0067,0.934,0.1475,0.9705,1.4
"2-3","rawben_rel_max >=   0.856 & shelter_expenses_by_hh_size < 340.000 & total_deductions_by_hh_size < 208.000 & utilities >= 361.000","xgboost",918,0.91176,0.89513,467,409,0.8758,0.0457,0.0489,4.452,0.1475,0.9705,1.4
"2-3","elderly_disabled_i >=   1.0 & expedited_i <   1.0 & total_deductions_by_hh_size <  42.3 & utilities >= 370.0","xgboost",562,0.91637,0.89511,286,265,0.9266,0.0296,0.0116,2.726,0.1475,0.9705,1.4
"2-3","cat_elig >   0.500 & percent_abawd <=   0.583 & shelter_expenses_by_hh_size <= 254.000 & utilities <=  25.500","ranger",3447,0.90368,0.8951,1793,1593,0.8885,0.1779,0.1398,17.092,0.1475,0.9705,1.4
"2-3","rawben_rel_max >= 0.942","xgboost",8487,0.90055,0.89508,4295,3854,0.8973,0.4305,0.3802,40.944,0.1475,0.9705,1.4
"2-3","expedited_i >   0.500 & percent_abawd <=   0.167 & shelter_expenses_by_hh_size <= 252.000","ranger",1226,0.90946,0.89506,642,585,0.9112,0.0653,0.0424,6.12,0.1475,0.9705,1.4
"2-3","percent_abawd <   0.500 & rawben_rel_max <   0.961 & shelter_expenses_by_hh_size < 256.000 & total_deductions_by_hh_size <   2.500","xgboost",1226,0.90946,0.89506,608,540,0.8882,0.0603,0.0419,5.796,0.1475,0.9705,1.4
"2-3","rawben_rel_max <   0.0436 & shelter_expenses_by_hh_size < 836.0000","xgboost",824,0.91262,0.89506,11,8,0.7273,9e-04,0.0025,0.105,0.1475,0.9705,1.4
"2-3","rawben_rel_max >   0.997 & utilities > 430.000","ranger",2868,0.90446,0.89505,1453,1309,0.9009,0.1462,0.1295,13.851,0.1475,0.9705,1.4
"2-3","count_divisible_by_100 >   0.500 & percent_abawd <=   0.167 & shelter_expenses_by_hh_size <= 293.000 & unc_rawben_rel_max >   0.914","ranger",455,0.91868,0.89504,220,192,0.8727,0.0214,0.0221,2.097,0.1475,0.9705,1.4
"2-3","months_since_cert_n <   5.000 & rawben_rel_max >=   0.548 & total_deductions_by_hh_size < 145.000","xgboost",3574,0.90347,0.89504,1756,1572,0.8952,0.1756,0.1248,16.74,0.1475,0.9705,1.4
"2-3","HH_size_n <   3.000 & rawben_rel_max <   0.161 & unc_rawben_rel_max >=  -0.710 & utilities < 645.000","xgboost",1010,0.91089,0.89503,504,469,0.9306,0.0524,0.0257,4.805,0.1475,0.9705,1.4
"2-3","children_i <= 0.500 & total_deductions_by_hh_size <= 0.217","ranger",886,0.91196,0.89502,473,444,0.9387,0.0496,0.0211,4.509,0.1475,0.9705,1.4
"2-3","medical_deductions < 179.000 & rawben_rel_max >=   0.541 & total_deductions_by_hh_size < 120.000 & utilities < 462.000","xgboost",5096,0.90208,0.89502,2670,2376,0.8899,0.2654,0.1963,25.453,0.1475,0.9705,1.4
"2-3","months_since_cert_n <=  32.500 & unc_rawben_rel_max >   0.997 & unc_rawben_rel_max <=   1.340 & utilities > 673.000","ranger",667,0.91454,0.89502,407,375,0.9214,0.0419,0.0267,3.88,0.1475,0.9705,1.4
"2-3","cat_elig <= 0.50 & elderly_disabled_i <= 0.50 & HH_size_n <= 2.50 & percent_abawd <= 0.75","ranger",1051,0.91056,0.89501,471,442,0.9384,0.0494,0.0168,4.49,0.1475,0.9705,1.4
"2-3","married <=   0.500 & unc_rawben_rel_max >   0.997 & utilities > 340.000","ranger",3106,0.90406,0.89501,1721,1543,0.8966,0.1724,0.1581,16.406,0.1475,0.9705,1.4
"2-3","children_i >  0.500 & percent_abawd <=  0.167 & utilities <= 38.500","ranger",4276,0.90271,0.895,2157,1920,0.8901,0.2145,0.1584,20.562,0.1475,0.9705,1.4
"2-3","children_i >  0.500 & percent_abawd <=  0.167 & unc_rawben_rel_max >  0.997 & utilities > 30.500","ranger",3642,0.90335,0.89499,1787,1602,0.8965,0.179,0.172,17.035,0.1475,0.9705,1.4
"2-3","HH_size_n >=  3.000 & unc_rawben_rel_max >=  0.748 & utilities < 48.000","xgboost",1642,0.90743,0.89498,814,736,0.9042,0.0822,0.055,7.76,0.1475,0.9705,1.4
"2-3","months_since_cert_n >=   1.000 & rawben_rel_max >=   0.967 & unc_rawben_rel_max <   1.500 & utilities >= 600.000","xgboost",1235,0.90931,0.89496,768,696,0.9062,0.0777,0.06,7.321,0.1475,0.9705,1.4
"2-3","cat_elig >=  2.0 & count_divisible_by_100 <  1.0 & HH_size_n <  3.0 & total_deductions_by_hh_size < 56.3","xgboost",1153,0.9098,0.89495,142,128,0.9014,0.0143,0.0099,1.354,0.1475,0.9705,1.4
"2-3","count_divisible_by_100 <=   0.5 & homeless <=   0.5 & months_since_cert_n <=   5.5 & shelter_expenses_by_hh_size <= 252.0","ranger",5201,0.90194,0.89495,2544,2246,0.8829,0.2509,0.2005,24.252,0.1475,0.9705,1.4
"2-3","cat_elig >=   2.000 & medical_deductions >= 123.000 & rawben_rel_max <   0.161","xgboost",119,0.94118,0.89494,1,1,1,1e-04,0,0.01,0.1475,0.9705,1.4
"2-3","cat_elig >= 2.000 & months_since_cert_n < 1.000 & rawben_rel_max >= 0.529 & total_deductions_by_hh_size < 8.300","xgboost",119,0.94118,0.89494,16,15,0.9375,0.0017,2e-04,0.153,0.1475,0.9705,1.4
"2-3","months_since_cert_n <= 36.500 & total_deductions_by_hh_size <=  1.270 & unc_rawben_rel_max <=  0.915","ranger",1408,0.90838,0.89494,724,654,0.9033,0.0731,0.0411,6.902,0.1475,0.9705,1.4
"2-3","rawben_rel_max <=  0.957 & total_deductions_by_hh_size <=  1.570 & unc_rawben_rel_max <=  0.997 & utilities <= 22.000","ranger",635,0.91496,0.89494,325,288,0.8862,0.0322,0.0215,3.098,0.1475,0.9705,1.4
"2-3","cat_elig <   1.00 & unc_rawben_rel_max <   1.38 & utilities < 412.00","xgboost",1974,0.90628,0.89493,905,824,0.9105,0.092,0.047,8.627,0.1475,0.9705,1.4
"2-3","married >   0.500 & shelter_expenses_by_hh_size <= 329.000 & unc_rawben_rel_max >   0.997","ranger",433,0.91917,0.89493,206,188,0.9126,0.021,0.0138,1.964,0.1475,0.9705,1.4
"2-3","percent_abawd < 0.3330 & rawben_rel_max < 0.0436","xgboost",823,0.91252,0.89493,10,8,0.8,9e-04,0.0022,0.095,0.1475,0.9705,1.4
"2-3","cat_elig <=  0.500 & elderly_disabled_i >  0.500 & months_since_cert_n <= 10.500 & unc_rawben_rel_max <=  0.997","ranger",582,0.91581,0.8949,302,267,0.8841,0.0298,0.0166,2.879,0.1475,0.9705,1.4
"2-3","count_divisible_by_100 <=   0.500 & rawben_rel_max >   0.997 & total_deductions_by_hh_size >  62.200 & total_deductions_by_hh_size <= 467.000","ranger",3787,0.90309,0.89489,1950,1760,0.9026,0.1966,0.1725,18.589,0.1475,0.9705,1.4
"2-3","cat_elig >=   1.00 & shelter_expenses_by_hh_size < 118.00 & total_deductions_by_hh_size <  40.00 & unc_rawben_rel_max <   1.07","xgboost",1101,0.91008,0.89488,541,476,0.8799,0.0532,0.0408,5.157,0.1475,0.9705,1.4
"2-3","children_i >=   1 & HH_size_n <   3 & shelter_expenses_by_hh_size < 350","xgboost",4053,0.90279,0.89486,2075,1854,0.8935,0.2071,0.15,19.781,0.1475,0.9705,1.4
"2-3","rawben_rel_max >=   0.701 & total_deductions_by_hh_size < 194.000 & unc_rawben_rel_max >=  -0.108 & unc_rawben_rel_max <   1.120","xgboost",5098,0.90192,0.89486,2663,2377,0.8926,0.2655,0.1838,25.386,0.1475,0.9705,1.4
"2-3","cat_elig >=   2.00 & total_deductions_by_hh_size < 533.00 & unc_rawben_rel_max >=   1.01","xgboost",2693,0.90457,0.89484,299,270,0.903,0.0302,0.0248,2.85,0.1475,0.9705,1.4
"2-3","children_i >=  1 & months_since_cert_n < 17 & utilities < 31","xgboost",4220,0.90261,0.89484,2162,1927,0.8913,0.2153,0.1575,20.61,0.1475,0.9705,1.4
"2-3","elderly_disabled_i > 0.500 & married > 0.500 & unc_rawben_rel_max > 0.997 & unc_rawben_rel_max <= 1.610","ranger",280,0.925,0.89484,146,133,0.911,0.0149,0.0117,1.392,0.1475,0.9705,1.4
"2-3","medical_deductions >= 155.000 & rawben_rel_max <   0.214 & shelter_expenses_by_hh_size < 583.000 & unc_rawben_rel_max <   1.200","xgboost",131,0.93893,0.89484,57,53,0.9298,0.0059,0.0029,0.543,0.1475,0.9705,1.4
"2-3","rawben_rel_max <   0.0436 & shelter_expenses_by_hh_size >= 409.0000 & total_deductions_by_hh_size < 103.0000 & utilities >=  55.0000","xgboost",131,0.93893,0.89484,0,0,NA,0,0,0,0.1475,0.9705,1.4
"2-3","expedited_i >  0.5 & shelter_expenses_by_hh_size <= 13.2 & utilities <= 14.5","ranger",905,0.9116,0.89483,467,432,0.9251,0.0483,0.0257,4.452,0.1475,0.9705,1.4
"2-3","rawben_rel_max >=   0.551 & shelter_expenses_by_hh_size < 233.000 & total_deductions_by_hh_size < 240.000","xgboost",6236,0.90122,0.89483,3256,2885,0.8861,0.3223,0.2617,31.039,0.1475,0.9705,1.4
"2-3","cat_elig <= 0.5 & elderly_disabled_i > 0.5 & homeless <= 0.5 & months_since_cert_n <= 5.5","ranger",518,0.91699,0.89481,257,229,0.8911,0.0256,0.014,2.45,0.1475,0.9705,1.4
"2-3","elderly_disabled_i >  0.500 & percent_abawd <=  0.833 & total_deductions_by_hh_size <= 31.300","ranger",1386,0.90837,0.89481,730,665,0.911,0.0743,0.0401,6.959,0.1475,0.9705,1.4
"2-3","cat_elig <=   0.50 & months_since_cert_n <=   5.50 & percent_abawd <=   1.42 & shelter_expenses_by_hh_size <= 325.00","ranger",1538,0.90767,0.8948,751,675,0.8988,0.0754,0.0447,7.159,0.1475,0.9705,1.4
"2-3","cat_elig <=  0.500 & medical_deductions <= 17.000 & rawben_rel_max >  0.909 & utilities > 26.000","ranger",770,0.91299,0.8948,349,322,0.9226,0.036,0.0166,3.327,0.1475,0.9705,1.4
"2-3","children_i <=  0.500 & expedited_i <=  0.500 & total_deductions_by_hh_size <= 30.300 & unc_rawben_rel_max > -0.513","ranger",946,0.91121,0.8948,481,450,0.9356,0.0503,0.0207,4.585,0.1475,0.9705,1.4
"2-3","married >=   1.0000 & total_deductions_by_hh_size < 588.0000 & unc_rawben_rel_max <  -0.0566","xgboost",324,0.92284,0.8948,160,148,0.925,0.0165,0.0092,1.525,0.1475,0.9705,1.4
"2-3","children_i <  1.000 & total_deductions_by_hh_size < 59.000 & unc_rawben_rel_max <  0.787","xgboost",884,0.91176,0.89479,463,430,0.9287,0.048,0.021,4.414,0.1475,0.9705,1.4
"2-3","count_divisible_by_100 <   1 & shelter_expenses_by_hh_size >= 208 & total_deductions_by_hh_size <  70","xgboost",1018,0.91061,0.89479,499,459,0.9198,0.0513,0.0213,4.757,0.1475,0.9705,1.4
"2-3","count_divisible_by_100 <=  0.5 & months_since_cert_n <=  5.5 & utilities <= 78.5","ranger",3912,0.90286,0.89479,1958,1745,0.8912,0.1949,0.1447,18.665,0.1475,0.9705,1.4
"2-3","cat_elig >  0.5 & children_i >  0.5 & expedited_i >  0.5 & utilities <= 51.5","ranger",749,0.91322,0.89477,388,353,0.9098,0.0394,0.0258,3.699,0.1475,0.9705,1.4
"2-3","expedited_i >   0.5 & shelter_expenses_by_hh_size <= 252.0 & utilities <=  33.5","ranger",987,0.91084,0.89477,510,470,0.9216,0.0525,0.028,4.862,0.1475,0.9705,1.4
"2-3","cat_elig <   1 & months_since_cert_n >=   2 & total_deductions_by_hh_size < 162","xgboost",1202,0.90932,0.89476,565,506,0.8956,0.0565,0.0333,5.386,0.1475,0.9705,1.4
"2-3","cat_elig <=   0.500 & expedited_i <=   0.500 & unc_rawben_rel_max >   0.997 & utilities > 124.000","ranger",443,0.91874,0.89475,181,167,0.9227,0.0187,0.0099,1.725,0.1475,0.9705,1.4
"2-3","elderly_disabled_i >=  1.000 & total_deductions_by_hh_size < 68.000 & unc_rawben_rel_max <  0.998","xgboost",1840,0.90652,0.89475,932,840,0.9013,0.0938,0.0518,8.885,0.1475,0.9705,1.4
"2-3","cat_elig <= 0.500 & percent_abawd > 0.167 & rawben_rel_max > 0.883","ranger",94,0.94681,0.89474,54,52,0.963,0.0058,0.001,0.515,0.1475,0.9705,1.4
"2-3","homeless >=   1.000 & rawben_rel_max >=   0.913 & shelter_expenses_by_hh_size < 170.000","xgboost",201,0.93035,0.89474,110,105,0.9545,0.0117,0.0029,1.049,0.1475,0.9705,1.4
"2-3","cat_elig <=   0.500 & children_i <=   0.500 & percent_abawd <=   0.167 & shelter_expenses_by_hh_size > 251.000","ranger",235,0.92766,0.89473,121,108,0.8926,0.0121,0.0061,1.153,0.1475,0.9705,1.4
"2-3","medical_deductions < 123.000 & rawben_rel_max >=   0.923","xgboost",8722,0.90014,0.89473,4396,3941,0.8965,0.4402,0.3847,41.907,0.1475,0.9705,1.4
"2-3","months_since_cert_n <   8 & total_deductions_by_hh_size < 118","xgboost",5524,0.90152,0.89473,2736,2443,0.8929,0.2729,0.1853,26.082,0.1475,0.9705,1.4
"2-3","months_since_cert_n >   7.500 & shelter_expenses_by_hh_size <= 628.000 & unc_rawben_rel_max >   0.997","ranger",1273,0.90888,0.89473,695,621,0.8935,0.0694,0.0653,6.625,0.1475,0.9705,1.4
"2-3","rawben_rel_max <   0.137 & shelter_expenses_by_hh_size < 390.000 & total_deductions_by_hh_size <  31.500 & unc_rawben_rel_max <   1.550","xgboost",235,0.92766,0.89473,125,123,0.984,0.0137,0.001,1.192,0.1475,0.9705,1.4
"2-3","rawben_rel_max >=   0.52 & shelter_expenses_by_hh_size < 242.00 & total_deductions_by_hh_size < 117.00","xgboost",5131,0.90177,0.89473,2639,2350,0.8905,0.2625,0.1952,25.157,0.1475,0.9705,1.4
"2-3","cat_elig >   0.500 & expedited_i >   0.500 & percent_abawd <=   0.167 & shelter_expenses_by_hh_size <= 252.000","ranger",935,0.91123,0.89472,499,448,0.8978,0.05,0.0379,4.757,0.1475,0.9705,1.4
"2-3","rawben_rel_max >=   0.598 & shelter_expenses_by_hh_size < 242.000 & utilities < 424.000","xgboost",5464,0.90154,0.89471,2829,2511,0.8876,0.2805,0.2227,26.969,0.1475,0.9705,1.4
"2-3","months_since_cert_n <  24 & shelter_expenses_by_hh_size < 771 & total_deductions_by_hh_size < 105","xgboost",6756,0.90083,0.89469,3448,3096,0.8979,0.3458,0.2234,32.869,0.1475,0.9705,1.4
"2-3","expedited_i >  0.500 & rawben_rel_max >  0.997 & total_deductions_by_hh_size > 55.000","ranger",914,0.91138,0.89468,474,424,0.8945,0.0474,0.0437,4.519,0.1475,0.9705,1.4
"2-3","total_deductions_by_hh_size < 113.000 & unc_rawben_rel_max >=   0.514","xgboost",5286,0.90163,0.89468,2725,2428,0.891,0.2712,0.1988,25.977,0.1475,0.9705,1.4
"2-3","HH_size_n <   3 & months_since_cert_n >=   2 & total_deductions_by_hh_size < 107 & utilities < 361","xgboost",2559,0.90465,0.89467,1266,1145,0.9044,0.1279,0.0764,12.069,0.1475,0.9705,1.4
"2-3","married <   1 & months_since_cert_n <  24 & shelter_expenses_by_hh_size < 771 & total_deductions_by_hh_size < 105","xgboost",5501,0.90147,0.89466,2809,2499,0.8896,0.2792,0.204,26.778,0.1475,0.9705,1.4
"2-3","percent_abawd <=  0.167 & shelter_expenses_by_hh_size <= 50.500 & utilities > 66.500","ranger",68,0.95588,0.89464,31,24,0.7742,0.0027,0.0036,0.296,0.1475,0.9705,1.4
"2-3","shelter_expenses_by_hh_size <= 270.0 & utilities <=  68.5","ranger",5215,0.90163,0.89464,2648,2358,0.8905,0.2634,0.1938,25.243,0.1475,0.9705,1.4
"2-3","cat_elig >   0.500 & months_since_cert_n <=   0.500 & rawben_rel_max >   0.912 & shelter_expenses_by_hh_size <= 289.000","ranger",367,0.92098,0.89462,211,191,0.9052,0.0213,0.0216,2.011,0.1475,0.9705,1.4
"2-3","percent_abawd <=   1.420 & shelter_expenses_by_hh_size >  92.000 & total_deductions_by_hh_size <= 433.000 & unc_rawben_rel_max >   0.997","ranger",4152,0.90246,0.89462,2133,1919,0.8997,0.2144,0.1961,20.334,0.1475,0.9705,1.4
"2-3","shelter_expenses_by_hh_size >  94.600 & shelter_expenses_by_hh_size <= 252.000 & total_deductions_by_hh_size <=   2.830 & unc_rawben_rel_max <=   0.912","ranger",591,0.9154,0.89462,299,271,0.9064,0.0303,0.0196,2.85,0.1475,0.9705,1.4
"2-3","months_since_cert_n >=  4.00 & total_deductions_by_hh_size < 56.30 & unc_rawben_rel_max <  1.11","xgboost",2148,0.90549,0.89459,1136,1015,0.8935,0.1134,0.0783,10.829,0.1475,0.9705,1.4
"2-3","cat_elig <   1.000 & percent_abawd <   0.667 & total_deductions_by_hh_size < 213.000","xgboost",1927,0.90607,0.89456,958,867,0.905,0.0968,0.0514,9.133,0.1475,0.9705,1.4
"2-3","cat_elig <= 1.5 & homeless > 0.5","ranger",212,0.92925,0.89455,184,167,0.9076,0.0187,0.0099,1.754,0.1475,0.9705,1.4
"2-3","children_i <  1.00 & months_since_cert_n <  8.00 & total_deductions_by_hh_size < 48.40 & unc_rawben_rel_max <  1.55","xgboost",768,0.91276,0.89453,412,375,0.9102,0.0419,0.0261,3.928,0.1475,0.9705,1.4
"2-3","children_i >  0.5 & months_since_cert_n <= 12.5 & utilities <= 22.0","ranger",4050,0.90247,0.89453,2071,1846,0.8914,0.2062,0.1517,19.743,0.1475,0.9705,1.4
"2-3","HH_size_n >   2.500 & medical_deductions <= 308.000 & months_since_cert_n <=   5.500 & rawben_rel_max >   0.972","ranger",2306,0.90503,0.89451,1164,1053,0.9046,0.1176,0.0943,11.096,0.1475,0.9705,1.4
"2-3","count_divisible_by_100 >=   1.000 & months_since_cert_n >=   2.000 & shelter_expenses_by_hh_size < 326.000 & unc_rawben_rel_max >=   0.998","xgboost",334,0.92216,0.89451,152,131,0.8618,0.0146,0.0173,1.449,0.1475,0.9705,1.4
"2-3","expedited_i <=   0.5 & shelter_expenses_by_hh_size <= 250.0 & utilities <=  80.5","ranger",4187,0.90232,0.89451,2102,1856,0.883,0.2073,0.1626,20.038,0.1475,0.9705,1.4
"2-3","homeless <=   0.5000 & total_deductions_by_hh_size <= 578.0000 & unc_rawben_rel_max <=   0.0271","ranger",799,0.91239,0.89451,405,365,0.9012,0.0408,0.0348,3.861,0.1475,0.9705,1.4
"2-3","HH_size_n <=  2.5 & homeless <=  0.5 & months_since_cert_n <=  6.5 & utilities <= 22.0","ranger",2106,0.90551,0.8945,1072,959,0.8946,0.1071,0.0811,10.219,0.1475,0.9705,1.4
"2-3","cat_elig >=  1 & months_since_cert_n <  6 & shelter_expenses_by_hh_size < 15","xgboost",2166,0.90536,0.8945,1087,974,0.896,0.1088,0.0761,10.362,0.1475,0.9705,1.4
"2-3","elderly_disabled_i >=   1.000 & shelter_expenses_by_hh_size >= 150.000 & total_deductions_by_hh_size < 101.000 & unc_rawben_rel_max >=  -0.497","xgboost",1715,0.90671,0.8945,866,785,0.9065,0.0877,0.0445,8.255,0.1475,0.9705,1.4
"2-3","medical_deductions <= 134.000 & months_since_cert_n <=   7.500 & percent_abawd <=   0.167 & utilities <=  80.500","ranger",4482,0.90205,0.8945,2158,1923,0.8911,0.2148,0.157,20.572,0.1475,0.9705,1.4
"2-3","months_since_cert_n < 11.000 & rawben_rel_max >=  0.122 & total_deductions_by_hh_size < 99.500","xgboost",5561,0.90128,0.8945,2829,2534,0.8957,0.2831,0.1883,26.969,0.1475,0.9705,1.4
"2-3","HH_size_n <=   2.500 & rawben_rel_max <=   0.129 & shelter_expenses_by_hh_size <= 911.000 & unc_rawben_rel_max <=   1.000","ranger",1148,0.90941,0.89449,560,517,0.9232,0.0578,0.0322,5.338,0.1475,0.9705,1.4
"2-3","HH_size_n >=   3 & total_deductions_by_hh_size <  54 & utilities < 385","xgboost",1805,0.90637,0.89448,898,799,0.8898,0.0893,0.0689,8.561,0.1475,0.9705,1.4
"2-3","cat_elig >  0.5 & children_i >  0.5 & HH_size_n <=  2.5 & utilities <= 26.0","ranger",1845,0.90623,0.89447,983,876,0.8911,0.0979,0.0783,9.371,0.1475,0.9705,1.4
"2-3","count_divisible_by_100 <=  1.500 & months_since_cert_n >  7.500 & rawben_rel_max >  0.997 & utilities <= 30.500","ranger",548,0.91606,0.89447,286,264,0.9231,0.0295,0.0205,2.726,0.1475,0.9705,1.4
"2-3","elderly_disabled_i <=  0.500 & percent_abawd <=  0.167 & utilities <= 39.500","ranger",4156,0.90231,0.89447,2074,1855,0.8944,0.2072,0.1533,19.771,0.1475,0.9705,1.4
"2-3","elderly_disabled_i >   0.500 & shelter_expenses_by_hh_size > 370.000 & total_deductions_by_hh_size <= 347.000 & unc_rawben_rel_max >   0.996","ranger",81,0.95062,0.89446,35,33,0.9429,0.0037,0.0017,0.334,0.1475,0.9705,1.4
"2-3","married <= 0.500 & months_since_cert_n > 5.500 & unc_rawben_rel_max > 0.996","ranger",1885,0.9061,0.89446,999,888,0.8889,0.0992,0.0972,9.523,0.1475,0.9705,1.4
"2-3","months_since_cert_n < 3.000 & rawben_rel_max >= 0.647 & unc_rawben_rel_max >= 0.941","xgboost",3070,0.90358,0.89446,1540,1399,0.9084,0.1563,0.1246,14.681,0.1475,0.9705,1.4
"2-3","HH_size_n <   3.000 & rawben_rel_max <   0.194 & total_deductions_by_hh_size < 563.000 & unc_rawben_rel_max >=  -0.373","xgboost",1229,0.90887,0.89445,597,546,0.9146,0.061,0.0335,5.691,0.1475,0.9705,1.4
"2-3","homeless >   0.500 & shelter_expenses_by_hh_size <= 215.000 & unc_rawben_rel_max >   0.997 & utilities <= 129.000","ranger",189,0.93122,0.89445,101,96,0.9505,0.0107,0.0029,0.963,0.1475,0.9705,1.4
"2-3","cat_elig <   2 & shelter_expenses_by_hh_size < 200","xgboost",4263,0.90218,0.89444,3122,2744,0.8789,0.3065,0.257,29.762,0.1475,0.9705,1.4
"2-3","count_divisible_by_100 <=  0.500 & HH_size_n <=  2.500 & percent_abawd <=  0.167 & utilities <= 80.500","ranger",3069,0.90355,0.89443,1554,1396,0.8983,0.1559,0.1174,14.814,0.1475,0.9705,1.4
"2-3","medical_deductions <= 584.0 & total_deductions_by_hh_size <= 489.0 & unc_rawben_rel_max >   1.0 & utilities >  78.5","ranger",3869,0.90256,0.89443,1982,1784,0.9001,0.1993,0.1787,18.894,0.1475,0.9705,1.4
"2-3","cat_elig <   1 & elderly_disabled_i <   1 & months_since_cert_n <   3 & shelter_expenses_by_hh_size < 357","xgboost",684,0.91374,0.89441,345,317,0.9188,0.0354,0.0169,3.289,0.1475,0.9705,1.4
"2-3","medical_deductions < 139.000 & months_since_cert_n >=   5.000 & rawben_rel_max >=   0.692 & shelter_expenses_by_hh_size < 153.000","xgboost",1633,0.90692,0.89441,863,763,0.8841,0.0852,0.0717,8.227,0.1475,0.9705,1.4
"2-3","count_divisible_by_100 <=   0.500 & months_since_cert_n <=   5.500 & unc_rawben_rel_max >   0.997 & utilities > 138.000","ranger",2612,0.90429,0.8944,1286,1158,0.9005,0.1294,0.1212,12.259,0.1475,0.9705,1.4
"2-3","shelter_expenses_by_hh_size < 165 & utilities < 361","xgboost",5360,0.90131,0.8944,2682,2382,0.8881,0.2661,0.2033,25.567,0.1475,0.9705,1.4
"2-3","elderly_disabled_i <=   0.500 & medical_deductions <= 130.000 & percent_abawd <=   0.583 & utilities <=  22.000","ranger",4103,0.90227,0.89437,2079,1860,0.8947,0.2078,0.1536,19.819,0.1475,0.9705,1.4
"2-3","expedited_i >=   1.000 & months_since_cert_n <   4.000 & rawben_rel_max >=   0.902 & shelter_expenses_by_hh_size >= 165.000","xgboost",484,0.91736,0.89437,242,221,0.9132,0.0247,0.0192,2.307,0.1475,0.9705,1.4
"2-3","months_since_cert_n <=  5.500 & total_deductions_by_hh_size <=  1.570 & unc_rawben_rel_max <=  0.998 & utilities <= 26.000","ranger",484,0.91736,0.89437,233,210,0.9013,0.0235,0.0147,2.221,0.1475,0.9705,1.4
"2-3","total_deductions_by_hh_size < 115 & utilities < 367","xgboost",5652,0.9011,0.89437,2849,2550,0.8951,0.2849,0.197,27.159,0.1475,0.9705,1.4
"2-3","medical_deductions <= 159.000 & percent_abawd <=   0.167 & rawben_rel_max >   0.997 & utilities >  25.500","ranger",4142,0.90222,0.89436,2050,1833,0.8941,0.2048,0.1977,19.542,0.1475,0.9705,1.4
"2-3","HH_size_n <   3.000 & rawben_rel_max >=   0.877 & shelter_expenses_by_hh_size < 281.000 & total_deductions_by_hh_size >=  61.500","xgboost",839,0.9118,0.89434,480,426,0.8875,0.0476,0.0482,4.576,0.1475,0.9705,1.4
"2-3","cat_elig <=  0.500 & rawben_rel_max >  0.909 & utilities > 26.000","ranger",777,0.91248,0.89434,354,325,0.9181,0.0363,0.0175,3.375,0.1475,0.9705,1.4
"2-3","count_divisible_by_100 <=   0.500 & percent_abawd <=   0.167 & shelter_expenses_by_hh_size <= 251.000","ranger",7065,0.90035,0.89434,3548,3133,0.883,0.35,0.2814,33.823,0.1475,0.9705,1.4
"2-3","count_divisible_by_100 <=  1.500 & expedited_i >  0.500 & rawben_rel_max >  0.996 & utilities > 80.500","ranger",808,0.91213,0.89434,423,379,0.896,0.0423,0.0373,4.032,0.1475,0.9705,1.4
"2-3","HH_size_n <=  2.5 & homeless <=  0.5 & months_since_cert_n <=  7.5 & utilities <= 38.5","ranger",2352,0.90476,0.89433,1196,1069,0.8938,0.1194,0.0905,11.401,0.1475,0.9705,1.4
"2-3","shelter_expenses_by_hh_size < 496 & total_deductions_by_hh_size < 105 & utilities < 784","xgboost",6743,0.90049,0.89433,3423,3071,0.8972,0.3431,0.2238,32.631,0.1475,0.9705,1.4
"2-3","unc_rawben_rel_max >=   1.15 & unc_rawben_rel_max <   1.45 & utilities >= 360.00 & utilities < 502.00","xgboost",880,0.91136,0.89432,443,386,0.8713,0.0431,0.0497,4.223,0.1475,0.9705,1.4
"2-3","HH_size_n >=   3.000 & months_since_cert_n >=   6.000 & total_deductions_by_hh_size < 470.000 & unc_rawben_rel_max >=   0.998","xgboost",849,0.91166,0.8943,453,393,0.8675,0.0439,0.0552,4.318,0.1475,0.9705,1.4
"2-3","cat_elig <=   0.5 & count_divisible_by_100 <=   0.5 & shelter_expenses_by_hh_size <= 334.0","ranger",1822,0.90615,0.8943,887,800,0.9019,0.0894,0.0496,8.456,0.1475,0.9705,1.4
"2-3","shelter_expenses_by_hh_size < 153 & total_deductions_by_hh_size < 271","xgboost",5482,0.90113,0.8943,2794,2481,0.888,0.2771,0.2166,26.635,0.1475,0.9705,1.4
"2-3","cat_elig <   1 & married <   1 & total_deductions_by_hh_size < 254","xgboost",1922,0.90583,0.89429,916,831,0.9072,0.0928,0.0474,8.732,0.1475,0.9705,1.4
"2-3","count_divisible_by_100 <   2.000 & rawben_rel_max <   0.129 & shelter_expenses_by_hh_size < 357.000","xgboost",473,0.91755,0.89429,234,220,0.9402,0.0246,0.0117,2.231,0.1475,0.9705,1.4
"2-3","children_i >   0.5 & count_divisible_by_100 <=   0.5 & months_since_cert_n <=   6.5 & utilities <= 284.0","ranger",4011,0.90227,0.89428,1835,1640,0.8937,0.1832,0.1298,17.493,0.1475,0.9705,1.4
"2-3","medical_deductions <= 610 & shelter_expenses_by_hh_size <= 262 & utilities <= 286","ranger",5569,0.90106,0.89428,2722,2417,0.888,0.27,0.2028,25.949,0.1475,0.9705,1.4
"2-3","months_since_cert_n > 4.500 & percent_abawd <= 1.670 & rawben_rel_max > 0.996","ranger",2956,0.90359,0.89428,1545,1383,0.8951,0.1545,0.1418,14.728,0.1475,0.9705,1.4
"2-3","cat_elig <=   0.500 & HH_size_n <=   2.500 & rawben_rel_max <=   0.767 & shelter_expenses_by_hh_size <= 140.000","ranger",106,0.9434,0.89427,42,38,0.9048,0.0042,0.0014,0.4,0.1475,0.9705,1.4
"2-3","cat_elig <= 0.500 & children_i <= 0.500 & married <= 0.500 & unc_rawben_rel_max > 0.975","ranger",106,0.9434,0.89427,55,53,0.9636,0.0059,0.0016,0.524,0.1475,0.9705,1.4
"2-3","expedited_i >   0.5 & shelter_expenses_by_hh_size <= 250.0 & utilities <=  80.5","ranger",1064,0.90977,0.89427,535,492,0.9196,0.055,0.0313,5.1,0.1475,0.9705,1.4
"2-3","medical_deductions >= 150.0000 & rawben_rel_max <   0.0479 & shelter_expenses_by_hh_size >= 300.0000 & total_deductions_by_hh_size < 331.0000","xgboost",106,0.9434,0.89427,49,48,0.9796,0.0054,8e-04,0.467,0.1475,0.9705,1.4
"2-3","rawben_rel_max >=   0.806 & shelter_expenses_by_hh_size < 456.000 & total_deductions_by_hh_size < 405.000","xgboost",7732,0.90003,0.89427,3935,3535,0.8983,0.3949,0.3099,37.512,0.1475,0.9705,1.4
"2-3","HH_size_n <=   2.5 & shelter_expenses_by_hh_size <= 500.0 & utilities <=  22.0","ranger",2876,0.90369,0.89425,1488,1338,0.8992,0.1495,0.1082,14.185,0.1475,0.9705,1.4
"2-3","cat_elig >   0.5 & months_since_cert_n <=   5.5 & shelter_expenses_by_hh_size <= 252.0 & utilities <=  39.5","ranger",2638,0.90409,0.89424,1337,1191,0.8908,0.133,0.0963,12.745,0.1475,0.9705,1.4
"2-3","elderly_disabled_i <=   0.500 & rawben_rel_max >   0.996 & utilities > 138.000","ranger",3616,0.90265,0.89424,1821,1646,0.9039,0.1839,0.1619,17.359,0.1475,0.9705,1.4
"2-3","homeless >  0.500 & unc_rawben_rel_max >  0.893 & utilities <= 80.500","ranger",200,0.93,0.89423,111,105,0.9459,0.0117,0.0035,1.058,0.1475,0.9705,1.4
"2-3","HH_size_n >   2.500 & shelter_expenses_by_hh_size <= 336.000 & unc_rawben_rel_max >   0.989 & utilities >  33.500","ranger",1094,0.90951,0.89421,551,489,0.8875,0.0546,0.0549,5.253,0.1475,0.9705,1.4
"2-3","months_since_cert_n <   3 & shelter_expenses_by_hh_size < 230","xgboost",2746,0.90386,0.8942,1399,1252,0.8949,0.1399,0.1005,13.337,0.1475,0.9705,1.4
"2-3","cat_elig <  1.00 & married <  1.00 & total_deductions_by_hh_size < 40.00 & unc_rawben_rel_max <  1.06","xgboost",333,0.92192,0.89419,178,161,0.9045,0.018,0.0098,1.697,0.1475,0.9705,1.4
"2-3","cat_elig <=  1.500 & months_since_cert_n <=  5.500 & rawben_rel_max >  0.997 & utilities > 38.500","ranger",1980,0.90556,0.89418,1428,1280,0.8964,0.143,0.1419,13.613,0.1475,0.9705,1.4
"2-3","children_i <= 0.500 & expedited_i <= 0.500 & rawben_rel_max <= 0.154","ranger",817,0.91187,0.89417,407,371,0.9115,0.0414,0.0258,3.88,0.1475,0.9705,1.4
"2-3","expedited_i >  0.500 & unc_rawben_rel_max >  0.997 & utilities > 78.500","ranger",817,0.91187,0.89417,425,380,0.8941,0.0424,0.0389,4.051,0.1475,0.9705,1.4
"2-3","homeless <=   0.5 & shelter_expenses_by_hh_size <= 139.0","ranger",4918,0.90138,0.89417,2508,2226,0.8876,0.2487,0.1962,23.908,0.1475,0.9705,1.4
"2-3","months_since_cert_n < 7.000 & rawben_rel_max >= 0.811 & unc_rawben_rel_max < 1.340","xgboost",6655,0.90038,0.89417,3514,3150,0.8964,0.3519,0.2739,33.499,0.1475,0.9705,1.4
"2-3","total_deductions_by_hh_size < 105","xgboost",6869,0.90028,0.89417,3490,3134,0.898,0.3501,0.2256,33.27,0.1475,0.9705,1.4
"2-3","rawben_rel_max <   0.20 & shelter_expenses_by_hh_size < 266.00 & total_deductions_by_hh_size < 192.00 & unc_rawben_rel_max <   1.38","xgboost",322,0.92236,0.89416,146,138,0.9452,0.0154,0.0039,1.392,0.1475,0.9705,1.4
"2-3","shelter_expenses_by_hh_size < 771 & total_deductions_by_hh_size < 105","xgboost",6868,0.90026,0.89416,3487,3131,0.8979,0.3498,0.2256,33.241,0.1475,0.9705,1.4
"2-3","cat_elig <=   1.500 & total_deductions_by_hh_size > 193.000 & unc_rawben_rel_max >   0.996 & unc_rawben_rel_max <=   1.620","ranger",2318,0.90466,0.89415,1777,1602,0.9015,0.179,0.1584,16.94,0.1475,0.9705,1.4
"2-3","rawben_rel_max <  1.000 & unc_rawben_rel_max >= -0.497 & unc_rawben_rel_max <  0.131","xgboost",1195,0.90879,0.89415,588,536,0.9116,0.0599,0.042,5.605,0.1475,0.9705,1.4
"2-3","rawben_rel_max >=   0.667 & total_deductions_by_hh_size < 126.000","xgboost",4741,0.9015,0.89415,2445,2189,0.8953,0.2445,0.1724,23.308,0.1475,0.9705,1.4
"2-3","cat_elig <   1 & shelter_expenses_by_hh_size < 300 & utilities < 469","xgboost",1759,0.9062,0.89413,888,801,0.902,0.0895,0.0489,8.465,0.1475,0.9705,1.4
"2-3","elderly_disabled_i <=   0.500 & medical_deductions <= 218.000 & percent_abawd <=   0.583 & utilities <=  25.500","ranger",4113,0.90202,0.89413,2079,1860,0.8947,0.2078,0.1536,19.819,0.1475,0.9705,1.4
"2-3","elderly_disabled_i >  0.5 & shelter_expenses_by_hh_size > 50.5 & total_deductions_by_hh_size <= 62.2","ranger",1498,0.90721,0.89413,738,675,0.9146,0.0754,0.037,7.035,0.1475,0.9705,1.4
"2-3","months_since_cert_n >  5.500 & months_since_cert_n <= 32.500 & percent_abawd <=  0.167 & rawben_rel_max >  0.996","ranger",1989,0.90548,0.89413,1034,920,0.8897,0.1028,0.1009,9.857,0.1475,0.9705,1.4
"2-3","cat_elig <=   0.5 & children_i <=   0.5 & shelter_expenses_by_hh_size > 276.0","ranger",267,0.92509,0.89412,143,125,0.8741,0.014,0.0091,1.363,0.1475,0.9705,1.4
"2-3","cat_elig <=   0.500 & months_since_cert_n >   5.500 & percent_abawd <=   0.417 & shelter_expenses_by_hh_size <= 222.000","ranger",267,0.92509,0.89412,128,115,0.8984,0.0128,0.0071,1.22,0.1475,0.9705,1.4
"2-3","elderly_disabled_i <= 0.500 & expedited_i > 0.500 & unc_rawben_rel_max > 0.812 & unc_rawben_rel_max <= 1.590","ranger",1849,0.9059,0.89412,964,874,0.9066,0.0976,0.0704,9.19,0.1475,0.9705,1.4
"2-3","shelter_expenses_by_hh_size < 145 & utilities < 750","xgboost",5336,0.90105,0.89412,2688,2390,0.8891,0.267,0.2059,25.624,0.1475,0.9705,1.4
"2-3","expedited_i >   0.500 & HH_size_n >   2.500 & medical_deductions <= 138.000 & unc_rawben_rel_max >   0.923","ranger",682,0.91349,0.89411,373,340,0.9115,0.038,0.0307,3.556,0.1475,0.9705,1.4
"2-3","cat_elig < 1.000 & children_i >= 1.000 & rawben_rel_max >= 0.743","xgboost",1598,0.90676,0.8941,746,694,0.9303,0.0775,0.0328,7.112,0.1475,0.9705,1.4
"2-3","children_i <= 0.500 & married > 0.500 & percent_abawd <= 0.417 & rawben_rel_max <= 0.158","ranger",588,0.91497,0.89409,292,270,0.9247,0.0302,0.0144,2.784,0.1475,0.9705,1.4
"2-3","expedited_i >   0.500 & months_since_cert_n <=  36.000 & percent_abawd <=   0.417 & shelter_expenses_by_hh_size <= 252.000","ranger",1245,0.90843,0.89409,654,595,0.9098,0.0665,0.0442,6.235,0.1475,0.9705,1.4
"2-3","cat_elig <   2.0 & expedited_i >=   1.0 & total_deductions_by_hh_size >= 300.0 & unc_rawben_rel_max >=   1.1","xgboost",118,0.94068,0.89408,183,160,0.8743,0.0179,0.0204,1.745,0.1475,0.9705,1.4
"2-3","months_since_cert_n >   6.500 & percent_abawd <=   1.420 & rawben_rel_max >   0.996 & total_deductions_by_hh_size <= 467.000","ranger",1658,0.90651,0.89408,884,783,0.8857,0.0875,0.093,8.427,0.1475,0.9705,1.4
"2-3","cat_elig <=   0.500 & percent_abawd >   0.167 & rawben_rel_max >   0.341 & shelter_expenses_by_hh_size <= 135.000","ranger",54,0.96296,0.89407,28,27,0.9643,0.003,4e-04,0.267,0.1475,0.9705,1.4
"2-3","cat_elig <= 0.500 & homeless > 0.500 & percent_abawd <= 0.417","ranger",54,0.96296,0.89407,24,24,1,0.0027,0,0.229,0.1475,0.9705,1.4
"2-3","elderly_disabled_i <   1 & expedited_i >=   1 & total_deductions_by_hh_size < 225 & utilities <  61","xgboost",1011,0.90999,0.89407,498,456,0.9157,0.0509,0.0309,4.747,0.1475,0.9705,1.4
"2-3","cat_elig <=   1.5 & homeless >   0.5 & medical_deductions <= 203.0","ranger",211,0.92891,0.89406,184,167,0.9076,0.0187,0.0099,1.754,0.1475,0.9705,1.4
"2-3","elderly_disabled_i >=    1.00 & total_deductions_by_hh_size <   13.30 & unc_rawben_rel_max <    1.49 & utilities < 1010.00","xgboost",1194,0.90871,0.89406,648,594,0.9167,0.0664,0.0344,6.177,0.1475,0.9705,1.4
"2-3","shelter_expenses_by_hh_size >=  467.0 & shelter_expenses_by_hh_size <  755.0 & total_deductions_by_hh_size >=   87.5 & utilities >= 1010.0","xgboost",130,0.93846,0.89406,150,135,0.9,0.0151,0.0111,1.43,0.1475,0.9705,1.4
"2-3","expedited_i >   0.500 & medical_deductions <= 102.000 & rawben_rel_max >   0.997 & utilities >  22.000","ranger",888,0.91104,0.89405,447,397,0.8881,0.0443,0.0455,4.261,0.1475,0.9705,1.4
"2-3","rawben_rel_max >=   0.77 & shelter_expenses_by_hh_size < 362.00","xgboost",6968,0.90011,0.89405,3577,3202,0.8952,0.3577,0.2766,34.099,0.1475,0.9705,1.4
"2-3","cat_elig < 2.0 & expedited_i >= 1.0 & unc_rawben_rel_max >= 1.1","xgboost",816,0.91176,0.89404,603,545,0.9038,0.0609,0.0491,5.748,0.1475,0.9705,1.4
"2-3","rawben_rel_max <=   0.154 & shelter_expenses_by_hh_size <= 943.000 & unc_rawben_rel_max >  -0.929","ranger",1396,0.90759,0.89404,678,617,0.91,0.0689,0.0451,6.463,0.1475,0.9705,1.4
"2-3","children_i <=  0.500 & count_divisible_by_100 <=  0.500 & percent_abawd <=  0.167 & total_deductions_by_hh_size <= 28.500","ranger",857,0.91132,0.89402,427,402,0.9415,0.0449,0.0189,4.071,0.1475,0.9705,1.4
"2-3","shelter_expenses_by_hh_size >  92.000 & total_deductions_by_hh_size <= 433.000 & unc_rawben_rel_max >   0.997","ranger",4158,0.90188,0.89402,2138,1924,0.8999,0.2149,0.1961,20.381,0.1475,0.9705,1.4
"2-3","expedited_i <   1.000 & shelter_expenses_by_hh_size < 755.000 & unc_rawben_rel_max <   0.131","xgboost",1163,0.90886,0.89401,549,504,0.918,0.0563,0.0317,5.234,0.1475,0.9705,1.4
"2-3","shelter_expenses_by_hh_size >= 27.5000 & unc_rawben_rel_max < -0.0566","xgboost",598,0.91472,0.89401,311,282,0.9068,0.0315,0.0279,2.965,0.1475,0.9705,1.4
"2-3","total_deductions_by_hh_size < 113 & utilities < 651","xgboost",6985,0.90007,0.89401,3525,3156,0.8953,0.3525,0.2355,33.603,0.1475,0.9705,1.4
"2-3","count_divisible_by_100 <=   0.5 & medical_deductions <= 132.0 & utilities <=  22.0","ranger",4402,0.90164,0.894,2300,2055,0.8935,0.2296,0.1714,21.926,0.1475,0.9705,1.4
"2-3","count_divisible_by_100 >= 1.000 & rawben_rel_max >= 0.942 & unc_rawben_rel_max >= 0.998 & unc_rawben_rel_max < 1.300","xgboost",556,0.91547,0.89399,279,250,0.8961,0.0279,0.0242,2.66,0.1475,0.9705,1.4
"2-3","months_since_cert_n < 25.00000 & shelter_expenses_by_hh_size >= 15.00000 & unc_rawben_rel_max < -0.00871","xgboost",650,0.91385,0.89398,349,320,0.9169,0.0357,0.028,3.327,0.1475,0.9705,1.4
"2-3","elderly_disabled_i <=   0.500 & rawben_rel_max >   0.958 & total_deductions_by_hh_size <= 439.000 & utilities >  30.500","ranger",4038,0.90193,0.89396,2049,1845,0.9004,0.2061,0.1871,19.533,0.1475,0.9705,1.4
"2-3","shelter_expenses_by_hh_size < 847.0 & total_deductions_by_hh_size <   2.5 & unc_rawben_rel_max <   1.0","xgboost",1616,0.90656,0.89396,800,726,0.9075,0.0811,0.0439,7.626,0.1475,0.9705,1.4
"2-3","HH_size_n <=   2.5 & shelter_expenses_by_hh_size <= 252.0","ranger",4438,0.90153,0.89393,2282,2034,0.8913,0.2272,0.1693,21.754,0.1475,0.9705,1.4
"2-3","months_since_cert_n > 7.500 & rawben_rel_max > 0.999 & unc_rawben_rel_max > 0.997 & unc_rawben_rel_max <= 1.490","ranger",1324,0.90785,0.89393,764,689,0.9018,0.077,0.0682,7.283,0.1475,0.9705,1.4
"2-3","cat_elig <=   0.500 & rawben_rel_max >   0.997 & shelter_expenses_by_hh_size > 138.000","ranger",587,0.91482,0.89391,256,240,0.9375,0.0268,0.0113,2.44,0.1475,0.9705,1.4
"2-3","homeless >  0.500 & percent_abawd <=  0.750 & unc_rawben_rel_max >  0.893 & utilities <= 80.500","ranger",188,0.93085,0.8939,101,98,0.9703,0.0109,0.0017,0.963,0.1475,0.9705,1.4
"2-3","HH_size_n <= 2.500 & total_deductions_by_hh_size > 1.270 & unc_rawben_rel_max > 0.997","ranger",2945,0.90323,0.89389,1489,1346,0.904,0.1504,0.1321,14.194,0.1475,0.9705,1.4
"2-3","count_divisible_by_100 <=   0.500 & expedited_i >   0.500 & shelter_expenses_by_hh_size > 222.000 & unc_rawben_rel_max >   0.997","ranger",639,0.91393,0.89389,328,295,0.8994,0.033,0.0281,3.127,0.1475,0.9705,1.4
"2-3","months_since_cert_n >=   6 & months_since_cert_n <  29 & shelter_expenses_by_hh_size < 452 & total_deductions_by_hh_size <  59","xgboost",1705,0.90616,0.89389,890,799,0.8978,0.0893,0.0613,8.484,0.1475,0.9705,1.4
"2-3","shelter_expenses_by_hh_size >= 421.000 & shelter_expenses_by_hh_size < 572.000 & total_deductions_by_hh_size < 147.000 & unc_rawben_rel_max <   0.131","xgboost",165,0.93333,0.89389,73,63,0.863,0.007,0.0054,0.696,0.1475,0.9705,1.4
"2-3","shelter_expenses_by_hh_size < 721.0000 & total_deductions_by_hh_size >=  74.5000 & unc_rawben_rel_max <   0.0106","xgboost",418,0.91866,0.89388,221,199,0.9005,0.0222,0.0188,2.107,0.1475,0.9705,1.4
"2-3","months_since_cert_n <   3 & shelter_expenses_by_hh_size < 233 & total_deductions_by_hh_size < 624","xgboost",2767,0.90351,0.89387,1413,1266,0.896,0.1414,0.1005,13.47,0.1475,0.9705,1.4
"2-3","elderly_disabled_i <=   0.50 & percent_abawd <=   1.42 & rawben_rel_max >   0.97 & utilities > 252.00","ranger",3779,0.90209,0.89385,1926,1736,0.9013,0.1939,0.1702,18.36,0.1475,0.9705,1.4
"2-3","elderly_disabled_i <=  0.5 & months_since_cert_n >  0.5 & utilities <= 22.0","ranger",3808,0.90205,0.89384,1909,1715,0.8984,0.1916,0.1346,18.198,0.1475,0.9705,1.4
"2-3","married <=   0.5 & shelter_expenses_by_hh_size <= 475.0 & utilities <=  22.0","ranger",4239,0.90163,0.89384,2170,1937,0.8926,0.2164,0.1636,20.686,0.1475,0.9705,1.4
"2-3","HH_size_n <=   2.5 & months_since_cert_n <=  31.5 & total_deductions_by_hh_size <= 413.0 & utilities <=  22.0","ranger",2894,0.90325,0.89383,1502,1348,0.8975,0.1506,0.1094,14.318,0.1475,0.9705,1.4
"2-3","expedited_i >  0.5 & HH_size_n >  2.5 & total_deductions_by_hh_size <= 24.7","ranger",321,0.92212,0.89383,171,163,0.9532,0.0182,0.0075,1.63,0.1475,0.9705,1.4
"2-3","months_since_cert_n >  5.500 & months_since_cert_n <= 26.500 & percent_abawd <=  0.167 & unc_rawben_rel_max >  0.996","ranger",1973,0.90522,0.89381,1029,917,0.8912,0.1024,0.0997,9.809,0.1475,0.9705,1.4
"2-3","rawben_rel_max >=   0.129 & shelter_expenses_by_hh_size < 149.000","xgboost",5301,0.90077,0.89381,2692,2392,0.8886,0.2672,0.2065,25.663,0.1475,0.9705,1.4
"2-3","children_i <=   0.500 & total_deductions_by_hh_size >  35.800 & total_deductions_by_hh_size <= 540.000 & unc_rawben_rel_max <=   0.145","ranger",534,0.91573,0.8938,254,228,0.8976,0.0255,0.0212,2.421,0.1475,0.9705,1.4
"2-3","count_divisible_by_100 >   0.500 & medical_deductions <= 159.000 & unc_rawben_rel_max >   0.998 & unc_rawben_rel_max <=   1.300","ranger",555,0.91532,0.8938,278,249,0.8957,0.0278,0.0242,2.65,0.1475,0.9705,1.4
"2-3","HH_size_n <=  2.5 & months_since_cert_n <=  7.5 & utilities <= 38.5","ranger",2508,0.90391,0.89379,1277,1144,0.8958,0.1278,0.0946,12.173,0.1475,0.9705,1.4
"2-3","count_divisible_by_100 <= 0.500 & medical_deductions > 5.000 & rawben_rel_max <= 0.997 & unc_rawben_rel_max <= 0.183","ranger",310,0.92258,0.89379,142,131,0.9225,0.0146,0.0057,1.354,0.1475,0.9705,1.4
"2-3","homeless <= 0.500 & married <= 0.500 & months_since_cert_n > 5.500 & unc_rawben_rel_max > 0.996","ranger",1843,0.90559,0.89378,969,858,0.8854,0.0958,0.0972,9.237,0.1475,0.9705,1.4
"2-3","cat_elig > 0.500 & HH_size_n > 2.500 & months_since_cert_n <= 5.500 & rawben_rel_max > 0.997","ranger",1743,0.90591,0.89377,885,797,0.9006,0.089,0.0798,8.437,0.1475,0.9705,1.4
"2-3","expedited_i >   0.500 & medical_deductions <= 584.000 & total_deductions_by_hh_size >  23.000 & unc_rawben_rel_max >   0.996","ranger",947,0.91024,0.89377,485,434,0.8948,0.0485,0.0442,4.623,0.1475,0.9705,1.4
"2-3","shelter_expenses_by_hh_size < 149","xgboost",5406,0.90067,0.89377,2742,2438,0.8891,0.2723,0.2096,26.139,0.1475,0.9705,1.4
"2-3","elderly_disabled_i >=  1.0 & months_since_cert_n <  5.0 & total_deductions_by_hh_size >= 15.5 & total_deductions_by_hh_size < 65.9","xgboost",299,0.92308,0.89376,126,112,0.8889,0.0125,0.0068,1.201,0.1475,0.9705,1.4
"2-3","expedited_i >=  1.0 & months_since_cert_n <  5.0 & total_deductions_by_hh_size < 56.3","xgboost",659,0.91351,0.89376,337,317,0.9407,0.0354,0.0173,3.213,0.1475,0.9705,1.4
"2-3","months_since_cert_n >  5.50 & months_since_cert_n <=  9.50 & unc_rawben_rel_max >  0.82 & utilities <= 22.00","ranger",607,0.91433,0.89376,281,252,0.8968,0.0282,0.024,2.679,0.1475,0.9705,1.4
"2-3","months_since_cert_n >=  1.00000 & unc_rawben_rel_max < -0.00871","xgboost",659,0.91351,0.89376,344,315,0.9157,0.0352,0.0264,3.279,0.1475,0.9705,1.4
"2-3","medical_deductions > 122.000 & rawben_rel_max <=   0.182","ranger",288,0.92361,0.89374,133,120,0.9023,0.0134,0.0073,1.268,0.1475,0.9705,1.4
"2-3","homeless <   1 & medical_deductions <   7 & shelter_expenses_by_hh_size < 145 & total_deductions_by_hh_size < 533","xgboost",5014,0.90088,0.89372,2526,2242,0.8876,0.2504,0.1981,24.08,0.1475,0.9705,1.4
"2-3","months_since_cert_n >   5.500 & percent_abawd <=   1.250 & shelter_expenses_by_hh_size <= 593.000 & unc_rawben_rel_max >   0.958","ranger",2031,0.90497,0.89372,1064,945,0.8882,0.1056,0.1049,10.143,0.1475,0.9705,1.4
"2-3","HH_size_n <  3 & months_since_cert_n <  7 & utilities < 61","xgboost",2674,0.90352,0.89371,1318,1177,0.893,0.1315,0.0983,12.564,0.1475,0.9705,1.4
"2-3","HH_size_n <=   2.5 & total_deductions_by_hh_size <= 335.0 & utilities <= 112.0","ranger",3490,0.90229,0.89371,1795,1596,0.8891,0.1783,0.139,17.112,0.1475,0.9705,1.4
"2-3","children_i >  0.500 & count_divisible_by_100 <=  0.500 & rawben_rel_max >  0.997 & total_deductions_by_hh_size > 31.300","ranger",3529,0.90224,0.8937,1792,1606,0.8962,0.1794,0.1756,17.083,0.1475,0.9705,1.4
"2-3","medical_deductions <= 144.000 & total_deductions_by_hh_size > 197.000 & unc_rawben_rel_max >   0.997 & utilities > 430.000","ranger",2585,0.90368,0.8937,1298,1173,0.9037,0.131,0.1099,12.374,0.1475,0.9705,1.4
"2-3","married <   1.000 & months_since_cert_n >=   6.000 & rawben_rel_max >=   0.957 & total_deductions_by_hh_size < 439.000","xgboost",1921,0.90526,0.89369,1054,937,0.889,0.1047,0.1033,10.048,0.1475,0.9705,1.4
"2-3","children_i >  0.50 & percent_abawd <=  1.75 & utilities <= 38.50","ranger",4408,0.90132,0.89368,2250,2002,0.8898,0.2236,0.1664,21.449,0.1475,0.9705,1.4
"2-3","shelter_expenses_by_hh_size < 317.000 & total_deductions_by_hh_size >=  54.000 & unc_rawben_rel_max >=   0.903","xgboost",2288,0.90428,0.89368,1172,1036,0.884,0.1157,0.1125,11.173,0.1475,0.9705,1.4
"2-3","children_i >   0.500 & elderly_disabled_i <=   0.500 & unc_rawben_rel_max >   0.971 & utilities > 256.000","ranger",3430,0.90233,0.89367,1740,1569,0.9017,0.1753,0.1551,16.587,0.1475,0.9705,1.4
"2-3","children_i >   0.500 & shelter_expenses_by_hh_size <= 852.000 & unc_rawben_rel_max >   0.997 & utilities >  39.500","ranger",3567,0.90216,0.89367,1813,1621,0.8941,0.1811,0.1794,17.283,0.1475,0.9705,1.4
"2-3","cat_elig <=   0.500 & medical_deductions <= 112.000 & shelter_expenses_by_hh_size >  62.500 & unc_rawben_rel_max >   0.996","ranger",648,0.91358,0.89366,280,262,0.9357,0.0293,0.0127,2.669,0.1475,0.9705,1.4
"2-3","months_since_cert_n <=   2.5 & shelter_expenses_by_hh_size <= 251.0","ranger",2968,0.90296,0.89366,1502,1343,0.8941,0.15,0.1096,14.318,0.1475,0.9705,1.4
"2-3","cat_elig <=   0.5 & elderly_disabled_i >   0.5 & expedited_i <=   0.5 & shelter_expenses_by_hh_size <= 138.0","ranger",93,0.94624,0.89365,53,46,0.8679,0.0051,0.0041,0.505,0.1475,0.9705,1.4
"2-3","cat_elig <=   0.5 & elderly_disabled_i >   0.5 & homeless <=   0.5 & shelter_expenses_by_hh_size <= 138.0","ranger",93,0.94624,0.89365,59,52,0.8814,0.0058,0.0041,0.562,0.1475,0.9705,1.4
"2-3","cat_elig <= 0.500 & percent_abawd > 0.417 & unc_rawben_rel_max > 0.777","ranger",93,0.94624,0.89365,58,54,0.931,0.006,0.0023,0.553,0.1475,0.9705,1.4
"2-3","cat_elig >  1.500 & homeless <=  0.500 & months_since_cert_n <= 31.000 & rawben_rel_max >  0.997","ranger",2771,0.90328,0.89365,298,269,0.9027,0.03,0.0248,2.841,0.1475,0.9705,1.4
"2-3","medical_deductions >= 174.0000 & shelter_expenses_by_hh_size >= 326.0000 & shelter_expenses_by_hh_size < 870.0000 & unc_rawben_rel_max <   0.0405","xgboost",93,0.94624,0.89365,44,43,0.9773,0.0048,8e-04,0.419,0.1475,0.9705,1.4
"2-3","elderly_disabled_i <=   0.5 & shelter_expenses_by_hh_size <= 156.0","ranger",4913,0.90088,0.89364,2493,2218,0.8897,0.2478,0.1918,23.765,0.1475,0.9705,1.4
"2-3","medical_deductions < 126 & shelter_expenses_by_hh_size < 447 & utilities <  34","xgboost",4864,0.9009,0.89363,2485,2223,0.8946,0.2483,0.1782,23.689,0.1475,0.9705,1.4
"2-3","total_deductions_by_hh_size >= 151.000 & total_deductions_by_hh_size < 267.000 & unc_rawben_rel_max <   0.118","xgboost",342,0.92105,0.89363,146,132,0.9041,0.0147,0.0149,1.392,0.1475,0.9705,1.4
"2-3","months_since_cert_n <   2 & total_deductions_by_hh_size < 118 & utilities < 412","xgboost",1310,0.90763,0.89362,724,650,0.8978,0.0726,0.0528,6.902,0.1475,0.9705,1.4
"2-3","HH_size_n <=   2.5 & total_deductions_by_hh_size <= 413.0 & utilities <=  22.0","ranger",2897,0.903,0.89358,1506,1352,0.8977,0.151,0.1094,14.357,0.1475,0.9705,1.4
"2-3","cat_elig <   2 & shelter_expenses_by_hh_size < 498 & total_deductions_by_hh_size < 202 & utilities < 288","xgboost",3750,0.90187,0.89358,2459,2176,0.8849,0.2431,0.1848,23.441,0.1475,0.9705,1.4
"2-3","cat_elig <=   0.5 & expedited_i >   0.5 & medical_deductions <= 144.0 & shelter_expenses_by_hh_size <= 719.0","ranger",438,0.91781,0.89357,216,208,0.963,0.0232,0.0059,2.059,0.1475,0.9705,1.4
"2-3","children_i >   0.5 & count_divisible_by_100 <=   0.5 & married <=   0.5 & shelter_expenses_by_hh_size <= 262.0","ranger",6201,0.90002,0.89357,3122,2754,0.8821,0.3076,0.2513,29.762,0.1475,0.9705,1.4
"2-3","count_divisible_by_100 <=   0.500 & medical_deductions > 138.000 & shelter_expenses_by_hh_size <= 855.000 & unc_rawben_rel_max <=   0.177","ranger",210,0.92857,0.89356,88,81,0.9205,0.009,0.0041,0.839,0.1475,0.9705,1.4
"2-3","expedited_i >  0.500 & rawben_rel_max >  0.998 & utilities > 51.500","ranger",843,0.91103,0.89356,431,385,0.8933,0.043,0.0395,4.109,0.1475,0.9705,1.4
"2-3","expedited_i <=   0.5 & HH_size_n <=   2.5 & shelter_expenses_by_hh_size <= 247.0 & total_deductions_by_hh_size <= 468.0","ranger",3504,0.90211,0.89354,1809,1611,0.8905,0.18,0.1335,17.245,0.1475,0.9705,1.4
"2-3","cat_elig <   1 & utilities >= 478","xgboost",320,0.92188,0.89351,76,74,0.9737,0.0083,6e-04,0.724,0.1475,0.9705,1.4
"2-3","elderly_disabled_i <=   0.500 & homeless <=   0.500 & rawben_rel_max >   0.989 & utilities > 284.000","ranger",3542,0.90203,0.89351,1828,1651,0.9032,0.1844,0.1621,17.426,0.1475,0.9705,1.4
"2-3","months_since_cert_n >= 3.000 & months_since_cert_n < 7.000 & rawben_rel_max >= 0.798 & unc_rawben_rel_max < 1.340","xgboost",3630,0.90193,0.89351,1880,1680,0.8936,0.1877,0.147,17.922,0.1475,0.9705,1.4
"2-3","months_since_cert_n <   7.000 & rawben_rel_max >=   0.726 & shelter_expenses_by_hh_size < 363.000","xgboost",5664,0.90025,0.8935,2822,2539,0.8997,0.2836,0.2063,26.902,0.1475,0.9705,1.4
"2-3","months_since_cert_n >=   3.00 & shelter_expenses_by_hh_size < 411.00 & unc_rawben_rel_max >=   1.09 & utilities < 488.00","xgboost",1838,0.90533,0.8935,896,804,0.8973,0.0898,0.0757,8.541,0.1475,0.9705,1.4
"2-3","shelter_expenses_by_hh_size < 814.00 & total_deductions_by_hh_size >= 194.00 & unc_rawben_rel_max >=   1.04 & utilities >= 424.00","xgboost",2185,0.90435,0.89349,1064,954,0.8966,0.1066,0.0942,10.143,0.1475,0.9705,1.4
"2-3","cat_elig <=  1.500 & count_divisible_by_100 <=  2.500 & rawben_rel_max >  0.996 & utilities > 30.500","ranger",2894,0.9029,0.89347,2157,1918,0.8892,0.2143,0.2214,20.562,0.1475,0.9705,1.4
"2-3","children_i >  0.5 & utilities <= 38.5","ranger",4409,0.90111,0.89347,2250,2002,0.8898,0.2236,0.1664,21.449,0.1475,0.9705,1.4
"2-3","cat_elig <= 2.500 & homeless > 0.500 & married <= 0.500 & rawben_rel_max > 0.864","ranger",221,0.9276,0.89346,124,118,0.9516,0.0132,0.0036,1.182,0.1475,0.9705,1.4
"2-3","rawben_rel_max >   0.997 & total_deductions_by_hh_size <= 548.000 & utilities >  80.500","ranger",3980,0.90151,0.89346,2042,1838,0.9001,0.2053,0.1859,19.466,0.1475,0.9705,1.4
"2-3","expedited_i >  0.500 & unc_rawben_rel_max >  0.997 & utilities > 30.500","ranger",883,0.91053,0.89345,445,396,0.8899,0.0442,0.0452,4.242,0.1475,0.9705,1.4
"2-3","months_since_cert_n <  22.000 & total_deductions_by_hh_size < 271.000 & unc_rawben_rel_max >=  -0.497 & utilities <  34.000","xgboost",4739,0.90082,0.89345,2438,2177,0.8929,0.2432,0.1754,23.241,0.1475,0.9705,1.4
"2-3","months_since_cert_n >=   2.000 & rawben_rel_max <   0.161 & total_deductions_by_hh_size < 304.000","xgboost",1005,0.90945,0.89344,480,437,0.9104,0.0488,0.0311,4.576,0.1475,0.9705,1.4
"2-3","rawben_rel_max <   0.112 & shelter_expenses_by_hh_size < 870.000 & utilities < 612.000","xgboost",903,0.9103,0.89341,397,363,0.9144,0.0405,0.0259,3.785,0.1475,0.9705,1.4
"2-3","cat_elig <= 0.500 & children_i <= 0.500 & rawben_rel_max > 0.149","ranger",511,0.91585,0.89339,275,243,0.8836,0.0271,0.0166,2.622,0.1475,0.9705,1.4
"2-3","expedited_i <=   0.500 & rawben_rel_max >   0.997 & total_deductions_by_hh_size <= 199.000 & utilities > 495.000","ranger",232,0.92672,0.89339,60,56,0.9333,0.0063,0.0045,0.572,0.1475,0.9705,1.4
"2-3","months_since_cert_n >=  5.0 & total_deductions_by_hh_size < 65.9","xgboost",2400,0.90375,0.89339,1259,1131,0.8983,0.1263,0.0846,12.002,0.1475,0.9705,1.4
"2-3","cat_elig >   0.500 & medical_deductions > 122.000 & unc_rawben_rel_max >  -0.899 & unc_rawben_rel_max <=   0.199","ranger",287,0.92334,0.89338,129,118,0.9147,0.0132,0.006,1.23,0.1475,0.9705,1.4
"2-3","cat_elig <   1.000 & expedited_i <   1.000 & percent_abawd <   0.667 & total_deductions_by_hh_size < 213.000","xgboost",1617,0.906,0.89337,800,714,0.8925,0.0798,0.0477,7.626,0.1475,0.9705,1.4
"2-3","rawben_rel_max >   0.996 & total_deductions_by_hh_size <= 298.000 & unc_rawben_rel_max <=   1.490 & utilities >  49.500","ranger",2380,0.90378,0.89337,1200,1067,0.8892,0.1192,0.1216,11.439,0.1475,0.9705,1.4
"2-3","cat_elig <= 0.500 & elderly_disabled_i > 0.500 & percent_abawd <= 0.167 & unc_rawben_rel_max <= 0.642","ranger",384,0.91927,0.89336,183,164,0.8962,0.0183,0.0074,1.745,0.1475,0.9705,1.4
"2-3","months_since_cert_n >= 5.000 & percent_abawd < 0.500 & unc_rawben_rel_max >= 0.894 & unc_rawben_rel_max < 1.420","xgboost",3028,0.90258,0.89335,1625,1440,0.8862,0.1609,0.1481,15.491,0.1475,0.9705,1.4
"2-3","cat_elig >= 2.000 & count_divisible_by_100 < 1.000 & unc_rawben_rel_max >= 0.998","xgboost",2585,0.90329,0.8933,278,253,0.9101,0.0283,0.0213,2.65,0.1475,0.9705,1.4
"2-3","rawben_rel_max <   0.6950 & unc_rawben_rel_max <  -0.0566 & utilities >= 385.0000","xgboost",458,0.91703,0.8933,222,203,0.9144,0.0227,0.0189,2.116,0.1475,0.9705,1.4
"2-3","medical_deductions <= 251.0 & months_since_cert_n <=   5.5 & utilities <=  26.0","ranger",3495,0.90186,0.89327,1772,1585,0.8945,0.1771,0.1246,16.892,0.1475,0.9705,1.4
"2-3","cat_elig <   1 & HH_size_n >=   3 & months_since_cert_n <   2 & utilities < 136","xgboost",129,0.93798,0.89326,64,61,0.9531,0.0068,0.0012,0.61,0.1475,0.9705,1.4
"2-3","cat_elig >=   1.0000 & unc_rawben_rel_max >=  -0.4970 & unc_rawben_rel_max <   0.0106 & utilities < 344.0000","xgboost",164,0.93293,0.89326,65,59,0.9077,0.0066,0.0046,0.62,0.1475,0.9705,1.4
"2-3","cat_elig <=  1.500 & months_since_cert_n <= 28.500 & unc_rawben_rel_max >  0.996 & utilities > 30.500","ranger",2888,0.9027,0.89325,2152,1914,0.8894,0.2138,0.2211,20.515,0.1475,0.9705,1.4
"2-3","elderly_disabled_i >   0.500 & total_deductions_by_hh_size <= 452.000 & unc_rawben_rel_max >   0.997 & unc_rawben_rel_max <=   1.290","ranger",330,0.92121,0.89325,205,188,0.9171,0.021,0.0169,1.954,0.1475,0.9705,1.4
"2-3","HH_size_n <=  2.500 & rawben_rel_max <=  0.148 & unc_rawben_rel_max > -0.967","ranger",1235,0.90769,0.89324,628,572,0.9108,0.0639,0.0453,5.987,0.1475,0.9705,1.4
"2-3","cat_elig <=  1.5 & months_since_cert_n >  5.5 & total_deductions_by_hh_size <= 55.3","ranger",1084,0.90867,0.89324,803,721,0.8979,0.0805,0.0538,7.655,0.1475,0.9705,1.4
"2-3","homeless <=   0.5 & months_since_cert_n >   4.5 & shelter_expenses_by_hh_size <= 185.0 & utilities <=  42.5","ranger",1595,0.90596,0.89324,831,735,0.8845,0.0821,0.0665,7.922,0.1475,0.9705,1.4
"2-3","count_divisible_by_100 <=  1.50 & months_since_cert_n >  5.50 & percent_abawd <=  1.42 & total_deductions_by_hh_size <= 51.90","ranger",1724,0.90545,0.89322,894,801,0.896,0.0895,0.0619,8.522,0.1475,0.9705,1.4
"2-3","elderly_disabled_i >   0.500 & percent_abawd <=   0.833 & shelter_expenses_by_hh_size <= 252.000 & total_deductions_by_hh_size <=  95.300","ranger",1405,0.90676,0.89321,736,652,0.8859,0.0728,0.0499,7.016,0.1475,0.9705,1.4
"2-3","rawben_rel_max <   0.183 & total_deductions_by_hh_size < 336.000 & utilities < 511.000","xgboost",942,0.90977,0.89321,415,382,0.9205,0.0427,0.0205,3.956,0.1475,0.9705,1.4
"2-3","rawben_rel_max >   0.999 & total_deductions_by_hh_size >  22.400 & total_deductions_by_hh_size <= 626.000 & unc_rawben_rel_max >   0.996","ranger",4602,0.9007,0.89321,2346,2108,0.8986,0.2355,0.2168,22.364,0.1475,0.9705,1.4
"2-3","cat_elig <=   0.500 & percent_abawd >   0.167 & shelter_expenses_by_hh_size <= 218.000","ranger",80,0.95,0.89319,52,45,0.8654,0.005,0.0039,0.496,0.1475,0.9705,1.4
"2-3","count_divisible_by_100 <  1.0 & months_since_cert_n >=  3.0 & total_deductions_by_hh_size <  2.5 & utilities >= 54.0","xgboost",510,0.91569,0.89319,280,262,0.9357,0.0293,0.0121,2.669,0.1475,0.9705,1.4
"2-3","cat_elig <=   0.50 & total_deductions_by_hh_size >   2.95 & utilities > 476.00","ranger",319,0.92163,0.89318,76,74,0.9737,0.0083,6e-04,0.724,0.1475,0.9705,1.4
"2-3","cat_elig >   0.5 & shelter_expenses_by_hh_size <=  74.7 & total_deductions_by_hh_size <= 450.0","ranger",3492,0.90178,0.89318,1789,1592,0.8899,0.1778,0.1357,17.054,0.1475,0.9705,1.4
"2-3","cat_elig > 1.500 & count_divisible_by_100 <= 0.500 & rawben_rel_max > 0.999 & unc_rawben_rel_max > 0.997","ranger",2582,0.90318,0.89318,278,253,0.9101,0.0283,0.0213,2.65,0.1475,0.9705,1.4
"2-3","HH_size_n <=   2.5 & medical_deductions <= 628.0 & months_since_cert_n <=  31.5 & shelter_expenses_by_hh_size <= 262.0","ranger",4523,0.90073,0.89317,2361,2103,0.8907,0.2349,0.1737,22.507,0.1475,0.9705,1.4
"2-3","cat_elig <=   2.500 & rawben_rel_max <=   0.129 & total_deductions_by_hh_size <= 456.000 & unc_rawben_rel_max <=   1.000","ranger",1234,0.90762,0.89315,588,539,0.9167,0.0602,0.0376,5.605,0.1475,0.9705,1.4
"2-3","cat_elig >=   2.000 & months_since_cert_n <   7.000 & rawben_rel_max >=   0.834 & utilities < 284.000","xgboost",1254,0.9075,0.89315,144,134,0.9306,0.015,0.0075,1.373,0.1475,0.9705,1.4
"2-3","rawben_rel_max >   0.997 & utilities > 360.000","ranger",3647,0.90156,0.89315,1937,1736,0.8962,0.1939,0.1808,18.465,0.1475,0.9705,1.4
"2-3","cat_elig >   2.500 & months_since_cert_n <=   5.500 & shelter_expenses_by_hh_size <= 331.000 & unc_rawben_rel_max >   0.997","ranger",67,0.95522,0.89314,0,0,NA,0,0,0,0.1475,0.9705,1.4
"2-3","months_since_cert_n <=   5.500 & total_deductions_by_hh_size <= 764.000 & unc_rawben_rel_max >   0.997 & utilities > 286.000","ranger",2747,0.9028,0.89311,1405,1272,0.9053,0.1421,0.122,13.394,0.1475,0.9705,1.4
"2-3","cat_elig <  2 & married <  1 & utilities < 44","xgboost",2835,0.90265,0.8931,2146,1901,0.8858,0.2124,0.1705,20.458,0.1475,0.9705,1.4
"2-3","HH_size_n >=   3 & shelter_expenses_by_hh_size <  80 & utilities < 426","xgboost",1722,0.90534,0.89309,869,772,0.8884,0.0862,0.0665,8.284,0.1475,0.9705,1.4
"2-3","expedited_i <=   0.500 & HH_size_n >   2.500 & rawben_rel_max >   0.961 & total_deductions_by_hh_size <= 471.000","ranger",2580,0.9031,0.89309,1303,1159,0.8895,0.1295,0.121,12.421,0.1475,0.9705,1.4
"2-3","rawben_rel_max <  0.3420 & unc_rawben_rel_max < -0.0566 & utilities >= 41.0000","xgboost",572,0.91434,0.89308,293,265,0.9044,0.0296,0.0274,2.793,0.1475,0.9705,1.4
"2-3","count_divisible_by_100 <=   0.500 & homeless >   0.500 & medical_deductions <= 149.000 & rawben_rel_max >   0.997","ranger",209,0.92823,0.89307,114,109,0.9561,0.0122,0.0029,1.087,0.1475,0.9705,1.4
"2-3","expedited_i <=   0.5 & shelter_expenses_by_hh_size > 252.0 & shelter_expenses_by_hh_size <= 329.0 & unc_rawben_rel_max >   1.0","ranger",478,0.91632,0.89307,258,238,0.9225,0.0266,0.0155,2.459,0.1475,0.9705,1.4
"2-3","months_since_cert_n <=  7.500 & percent_abawd <=  0.167 & utilities <= 80.500","ranger",4509,0.90064,0.89307,2170,1930,0.8894,0.2156,0.1592,20.686,0.1475,0.9705,1.4
"2-3","rawben_rel_max >=   0.74 & unc_rawben_rel_max <   1.10 & utilities < 313.00","xgboost",2746,0.90277,0.89307,1350,1201,0.8896,0.1342,0.0996,12.869,0.1475,0.9705,1.4
"2-3","shelter_expenses_by_hh_size >= 208 & total_deductions_by_hh_size <  70","xgboost",1062,0.90866,0.89306,521,476,0.9136,0.0532,0.0233,4.967,0.1475,0.9705,1.4
"2-3","rawben_rel_max <   0.183 & shelter_expenses_by_hh_size < 650.000 & total_deductions_by_hh_size < 336.000 & utilities < 511.000","xgboost",900,0.91,0.89305,397,364,0.9169,0.0407,0.0205,3.785,0.1475,0.9705,1.4
"2-3","cat_elig < 1.000 & elderly_disabled_i >= 1.000 & months_since_cert_n < 7.000 & percent_abawd < 0.667","xgboost",551,0.9147,0.89304,271,241,0.8893,0.0269,0.0147,2.583,0.1475,0.9705,1.4
"2-3","elderly_disabled_i >=   1.00 & shelter_expenses_by_hh_size < 734.00 & unc_rawben_rel_max >=   1.00 & unc_rawben_rel_max <   1.29","xgboost",404,0.91832,0.89302,241,219,0.9087,0.0245,0.021,2.297,0.1475,0.9705,1.4
"2-3","medical_deductions <=   2.500 & rawben_rel_max >   0.997 & shelter_expenses_by_hh_size > 280.000 & shelter_expenses_by_hh_size <= 332.000","ranger",404,0.91832,0.89302,195,182,0.9333,0.0203,0.0083,1.859,0.1475,0.9705,1.4
"2-3","medical_deductions < 156.00 & total_deductions_by_hh_size >=  65.90 & unc_rawben_rel_max >=   1.05 & unc_rawben_rel_max <   1.51","xgboost",3953,0.90109,0.893,1993,1789,0.8976,0.1998,0.1854,18.999,0.1475,0.9705,1.4
"2-3","rawben_rel_max <=   0.128 & shelter_expenses_by_hh_size <= 625.000 & unc_rawben_rel_max <=   0.996","ranger",1021,0.90891,0.893,487,451,0.9261,0.0504,0.0253,4.643,0.1475,0.9705,1.4
"2-3","HH_size_n < 3.00 & rawben_rel_max >= 0.92","xgboost",5212,0.90004,0.89299,2647,2384,0.9006,0.2663,0.2241,25.234,0.1475,0.9705,1.4
"2-3","cat_elig <   2.00 & months_since_cert_n >=   1.00 & shelter_expenses_by_hh_size < 200.00 & unc_rawben_rel_max <   1.12","xgboost",3437,0.90166,0.89298,2505,2208,0.8814,0.2466,0.1881,23.88,0.1475,0.9705,1.4
"2-3","count_divisible_by_100 <=   0.500 & months_since_cert_n >   6.500 & rawben_rel_max >   0.996 & shelter_expenses_by_hh_size <= 632.000","ranger",1422,0.90647,0.89298,771,689,0.8936,0.077,0.0739,7.35,0.1475,0.9705,1.4
"2-3","expedited_i > 0.500 & rawben_rel_max > 0.997 & unc_rawben_rel_max > 1.100 & unc_rawben_rel_max <= 1.550","ranger",1242,0.90741,0.89298,634,575,0.9069,0.0642,0.0491,6.044,0.1475,0.9705,1.4
"2-3","months_since_cert_n >=  6 & months_since_cert_n < 29 & total_deductions_by_hh_size < 59","xgboost",1740,0.90517,0.89298,916,822,0.8974,0.0918,0.0627,8.732,0.1475,0.9705,1.4
"2-3","HH_size_n < 3.00 & rawben_rel_max >= 1.00 & unc_rawben_rel_max >= 1.11","xgboost",3709,0.90132,0.89297,1868,1694,0.9069,0.1892,0.1607,17.807,0.1475,0.9705,1.4
"2-3","cat_elig >=   1.00 & months_since_cert_n >=   2.00 & percent_abawd <   0.75 & shelter_expenses_by_hh_size < 122.00","xgboost",2939,0.90235,0.89297,1507,1329,0.8819,0.1485,0.1222,14.366,0.1475,0.9705,1.4
"2-3","cat_elig <   2.0 & total_deductions_by_hh_size <   4.1 & utilities >= 136.0","xgboost",488,0.91598,0.89296,341,318,0.9326,0.0355,0.0152,3.251,0.1475,0.9705,1.4
"2-3","rawben_rel_max <=   0.997 & shelter_expenses_by_hh_size <= 600.000 & total_deductions_by_hh_size <=  98.900 & unc_rawben_rel_max <=   0.329","ranger",1071,0.9085,0.89296,477,440,0.9224,0.0492,0.0181,4.547,0.1475,0.9705,1.4
"2-3","cat_elig <= 0.5 & expedited_i > 0.5","ranger",467,0.91649,0.89295,224,215,0.9598,0.024,0.0062,2.135,0.1475,0.9705,1.4
"2-3","cat_elig > 1.500 & married <= 0.500 & percent_abawd <= 1.250 & unc_rawben_rel_max > 0.997","ranger",2517,0.90306,0.89292,289,263,0.91,0.0294,0.0224,2.755,0.1475,0.9705,1.4
"2-3","rawben_rel_max <   0.264 & shelter_expenses_by_hh_size < 484.000 & total_deductions_by_hh_size < 153.000 & utilities < 612.000","xgboost",787,0.91105,0.89292,333,305,0.9159,0.0341,0.013,3.174,0.1475,0.9705,1.4
"2-3","HH_size_n <   3 & months_since_cert_n <   2 & total_deductions_by_hh_size < 238 & utilities < 361","xgboost",919,0.90968,0.8929,513,467,0.9103,0.0522,0.032,4.89,0.1475,0.9705,1.4
"2-3","cat_elig <=   0.500 & married <=   0.500 & percent_abawd >   0.583 & total_deductions_by_hh_size <= 452.000","ranger",39,0.97436,0.8929,25,20,0.8,0.0022,0.003,0.238,0.1475,0.9705,1.4
"2-3","cat_elig >  2.500 & children_i >  0.500 & rawben_rel_max >  0.997 & utilities > 22.000","ranger",39,0.97436,0.8929,0,0,NA,0,0,0,0.1475,0.9705,1.4
"2-3","months_since_cert_n >   5.500 & shelter_expenses_by_hh_size <= 593.000 & unc_rawben_rel_max >   0.958","ranger",2035,0.90418,0.8929,1065,946,0.8883,0.1057,0.1049,10.153,0.1475,0.9705,1.4
"2-3","total_deductions_by_hh_size <= 570.000 & unc_rawben_rel_max >   0.997 & unc_rawben_rel_max <=   1.600 & utilities > 660.000","ranger",1010,0.90891,0.8929,551,504,0.9147,0.0563,0.0397,5.253,0.1475,0.9705,1.4
"2-3","HH_size_n <=   2.5 & medical_deductions <= 128.0 & shelter_expenses_by_hh_size <= 295.0","ranger",4888,0.90016,0.89289,2564,2284,0.8908,0.2551,0.1898,24.442,0.1475,0.9705,1.4
"2-3","children_i >   0.500 & rawben_rel_max >   0.997 & shelter_expenses_by_hh_size <= 858.000 & total_deductions_by_hh_size >  36.600","ranger",3813,0.90113,0.89289,1962,1757,0.8955,0.1963,0.1892,18.704,0.1475,0.9705,1.4
"2-3","children_i >=  1 & utilities < 41","xgboost",4424,0.90054,0.89289,2276,2023,0.8888,0.226,0.1691,21.697,0.1475,0.9705,1.4
"2-3","expedited_i >   0.5 & shelter_expenses_by_hh_size <= 252.0 & total_deductions_by_hh_size <= 301.0","ranger",1321,0.90689,0.89289,696,632,0.908,0.0706,0.0489,6.635,0.1475,0.9705,1.4
"2-3","months_since_cert_n <=  5.500 & unc_rawben_rel_max >  0.997 & utilities > 30.500","ranger",3132,0.90198,0.89289,1530,1373,0.8974,0.1534,0.1499,14.585,0.1475,0.9705,1.4
"2-3","months_since_cert_n >=  9.00 & months_since_cert_n < 12.00 & rawben_rel_max >=  1.00 & unc_rawben_rel_max <  1.34","xgboost",633,0.91311,0.89289,410,377,0.9195,0.0421,0.0302,3.908,0.1475,0.9705,1.4
"2-3","cat_elig >=  1.0 & shelter_expenses_by_hh_size < 17.5 & utilities < 28.0","xgboost",3005,0.90216,0.89288,1537,1377,0.8959,0.1538,0.1097,14.652,0.1475,0.9705,1.4
"2-3","months_since_cert_n <=  8.500 & percent_abawd <=  1.420 & rawben_rel_max >  0.997 & utilities > 22.000","ranger",3831,0.90107,0.89285,1877,1676,0.8929,0.1872,0.1909,17.893,0.1475,0.9705,1.4
"2-3","months_since_cert_n >   5.500 & rawben_rel_max <=   0.154 & total_deductions_by_hh_size <= 307.000","ranger",550,0.91455,0.89285,271,247,0.9114,0.0276,0.0205,2.583,0.1475,0.9705,1.4
"2-3","children_i >  0.500 & total_deductions_by_hh_size > 12.800 & unc_rawben_rel_max >  0.997","ranger",4170,0.90072,0.89284,2122,1900,0.8954,0.2122,0.2064,20.229,0.1475,0.9705,1.4
"2-3","months_since_cert_n <   9.0000 & rawben_rel_max <   0.0523 & total_deductions_by_hh_size < 443.0000","xgboost",581,0.91394,0.89283,298,268,0.8993,0.0299,0.0222,2.841,0.1475,0.9705,1.4
"2-3","months_since_cert_n <=  32.500 & rawben_rel_max >   0.997 & utilities > 340.000","ranger",3704,0.90119,0.89283,2040,1823,0.8936,0.2036,0.197,19.447,0.1475,0.9705,1.4
"2-3","expedited_i <   1.000 & rawben_rel_max <   0.351 & total_deductions_by_hh_size < 135.000","xgboost",1350,0.90667,0.89282,606,556,0.9175,0.0621,0.0229,5.777,0.1475,0.9705,1.4
"2-3","months_since_cert_n <  7.0000 & rawben_rel_max >=  0.0523 & utilities < 34.0000","xgboost",3810,0.90105,0.89281,1912,1710,0.8944,0.191,0.1346,18.227,0.1475,0.9705,1.4
"2-3","unc_rawben_rel_max >=  -0.0566 & utilities >= 886.0000 & utilities < 912.0000","xgboost",186,0.93011,0.89279,0,0,NA,0,0,0,0.1475,0.9705,1.4
"2-3","cat_elig > 1.500 & expedited_i > 0.500 & rawben_rel_max > 0.997","ranger",622,0.91318,0.89278,66,58,0.8788,0.0065,0.0057,0.629,0.1475,0.9705,1.4
"2-3","children_i >  0.5 & expedited_i >  0.5 & HH_size_n >  2.5 & total_deductions_by_hh_size <= 13.6","ranger",307,0.92182,0.89278,160,153,0.9562,0.0171,0.0051,1.525,0.1475,0.9705,1.4
"2-3","homeless <=   0.500 & months_since_cert_n >   7.500 & unc_rawben_rel_max >   0.997 & utilities <= 129.000","ranger",560,0.91429,0.89278,291,263,0.9038,0.0294,0.0256,2.774,0.1475,0.9705,1.4
"2-3","count_divisible_by_100 > 0.500 & unc_rawben_rel_max > 0.997 & unc_rawben_rel_max <= 1.320","ranger",591,0.91371,0.89277,285,256,0.8982,0.0286,0.0242,2.717,0.1475,0.9705,1.4
"2-3","cat_elig <=   2.500 & rawben_rel_max >   0.997 & total_deductions_by_hh_size <= 548.000 & utilities >  80.500","ranger",3944,0.90086,0.89276,2042,1838,0.9001,0.2053,0.1859,19.466,0.1475,0.9705,1.4
"2-3","elderly_disabled_i <= 0.500 & expedited_i > 0.500 & unc_rawben_rel_max > 0.812","ranger",1855,0.90458,0.89276,966,876,0.9068,0.0979,0.0704,9.209,0.1475,0.9705,1.4
"2-3","elderly_disabled_i <=  0.500 & expedited_i <=  0.500 & unc_rawben_rel_max >  0.989 & utilities > 30.500","ranger",3157,0.90181,0.89275,1574,1417,0.9003,0.1583,0.1469,15.005,0.1475,0.9705,1.4
"2-3","months_since_cert_n <  11.00 & shelter_expenses_by_hh_size < 755.00 & unc_rawben_rel_max >=   1.09","xgboost",4679,0.90019,0.89275,2326,2103,0.9041,0.2349,0.2002,22.173,0.1475,0.9705,1.4
"2-3","children_i >   0.5 & count_divisible_by_100 <=   0.5 & elderly_disabled_i <=   0.5 & utilities <= 284.0","ranger",4514,0.90031,0.89273,2167,1924,0.8879,0.2149,0.1683,20.658,0.1475,0.9705,1.4
"2-3","expedited_i >   0.500 & rawben_rel_max >   0.996 & shelter_expenses_by_hh_size > 262.000 & utilities > 342.000","ranger",539,0.91466,0.89273,297,265,0.8923,0.0296,0.0273,2.831,0.1475,0.9705,1.4
"2-3","HH_size_n <  3.000 & rawben_rel_max <  0.161 & unc_rawben_rel_max >= -0.710","xgboost",1269,0.90701,0.89272,640,581,0.9078,0.0649,0.0448,6.101,0.1475,0.9705,1.4
"2-3","medical_deductions <= 130.000 & percent_abawd <=   0.583 & utilities <=  22.000","ranger",4668,0.90017,0.89272,2414,2154,0.8923,0.2406,0.179,23.012,0.1475,0.9705,1.4
"2-3","HH_size_n <=  2.5 & married <=  0.5 & total_deductions_by_hh_size > 55.3 & unc_rawben_rel_max >  1.0","ranger",2277,0.90338,0.89271,1154,1045,0.9055,0.1167,0.1002,11.001,0.1475,0.9705,1.4
"2-3","rawben_rel_max >   0.997 & total_deductions_by_hh_size <= 571.000 & utilities > 286.000","ranger",3874,0.90088,0.8927,2018,1817,0.9004,0.203,0.1828,19.237,0.1475,0.9705,1.4
"2-3","cat_elig <   1 & elderly_disabled_i >=   1 & months_since_cert_n <  19 & total_deductions_by_hh_size < 837","xgboost",724,0.9116,0.89268,379,337,0.8892,0.0376,0.0224,3.613,0.1475,0.9705,1.4
"2-3","count_divisible_by_100 <=   1.500 & unc_rawben_rel_max >   0.997 & utilities > 340.000","ranger",3679,0.90106,0.89267,2032,1817,0.8942,0.203,0.1948,19.371,0.1475,0.9705,1.4
"2-3","months_since_cert_n >  5.50 & percent_abawd <=  1.42 & total_deductions_by_hh_size <= 51.90","ranger",1725,0.90493,0.89267,896,803,0.8962,0.0897,0.0619,8.541,0.1475,0.9705,1.4
"2-3","rawben_rel_max <   0.146 & total_deductions_by_hh_size < 346.000 & utilities < 445.000","xgboost",580,0.91379,0.89265,289,267,0.9239,0.0298,0.0153,2.755,0.1475,0.9705,1.4
"2-3","cat_elig >  0.5 & shelter_expenses_by_hh_size <= 94.6","ranger",3552,0.90118,0.89264,1825,1624,0.8899,0.1814,0.1378,17.398,0.1475,0.9705,1.4
"2-3","elderly_disabled_i >=  1.0 & months_since_cert_n <  5.0 & total_deductions_by_hh_size < 65.9","xgboost",866,0.90993,0.89262,412,371,0.9005,0.0414,0.0255,3.928,0.1475,0.9705,1.4
"2-3","HH_size_n <=   2.5 & months_since_cert_n <=  31.5 & shelter_expenses_by_hh_size <= 262.0","ranger",4528,0.90018,0.89261,2363,2105,0.8908,0.2351,0.1737,22.526,0.1475,0.9705,1.4
"2-3","cat_elig <=   0.5 & children_i <=   0.5 & expedited_i <=   0.5 & total_deductions_by_hh_size <= 573.0","ranger",455,0.91648,0.89261,233,206,0.8841,0.023,0.0141,2.221,0.1475,0.9705,1.4
"2-3","cat_elig <  2.00 & rawben_rel_max >=  0.19 & utilities < 28.00","xgboost",2851,0.90214,0.8926,2192,1945,0.8873,0.2173,0.169,20.896,0.1475,0.9705,1.4
"2-3","count_divisible_by_100 > 0.500 & percent_abawd <= 1.170 & unc_rawben_rel_max > 0.997 & unc_rawben_rel_max <= 1.320","ranger",590,0.91356,0.89259,285,256,0.8982,0.0286,0.0242,2.717,0.1475,0.9705,1.4
"2-3","months_since_cert_n >  0.500 & percent_abawd <=  0.833 & utilities <= 30.500","ranger",4382,0.90027,0.89258,2237,2004,0.8958,0.2239,0.1563,21.325,0.1475,0.9705,1.4
"2-3","shelter_expenses_by_hh_size < 1120.000 & unc_rawben_rel_max >=   -0.710 & unc_rawben_rel_max <    0.131","xgboost",1257,0.90692,0.89255,609,557,0.9146,0.0622,0.0415,5.806,0.1475,0.9705,1.4
"2-3","cat_elig <=   0.5 & elderly_disabled_i >   0.5 & shelter_expenses_by_hh_size <= 848.0 & utilities > 476.0","ranger",92,0.94565,0.89254,21,21,1,0.0023,0,0.2,0.1475,0.9705,1.4
"2-3","medical_deductions <= 149.000 & percent_abawd <=   0.167 & unc_rawben_rel_max >   0.997 & utilities > 116.000","ranger",3849,0.90075,0.89254,1925,1726,0.8966,0.1928,0.1812,18.351,0.1475,0.9705,1.4
"2-3","children_i <=  0.500 & total_deductions_by_hh_size <= 62.000 & unc_rawben_rel_max <=  0.998","ranger",946,0.90909,0.89253,503,468,0.9304,0.0523,0.0237,4.795,0.1475,0.9705,1.4
"2-3","shelter_expenses_by_hh_size >= 326.0000 & shelter_expenses_by_hh_size < 870.0000 & unc_rawben_rel_max <   0.0405","xgboost",569,0.91388,0.89253,274,250,0.9124,0.0279,0.0184,2.612,0.1475,0.9705,1.4
"2-3","months_since_cert_n <   8.00 & shelter_expenses_by_hh_size <  15.00 & unc_rawben_rel_max <   1.11 & utilities < 912.00","xgboost",1959,0.90403,0.89252,936,829,0.8857,0.0926,0.0655,8.923,0.1475,0.9705,1.4
"2-3","shelter_expenses_by_hh_size >= 227.00 & total_deductions_by_hh_size >= 340.00 & unc_rawben_rel_max >=   1.00 & unc_rawben_rel_max <   1.74","xgboost",855,0.90994,0.89252,429,384,0.8951,0.0429,0.04,4.09,0.1475,0.9705,1.4
"2-3","homeless > 0.500 & percent_abawd <= 0.167 & rawben_rel_max > 0.886","ranger",219,0.92694,0.89251,120,116,0.9667,0.013,0.002,1.144,0.1475,0.9705,1.4
"2-3","shelter_expenses_by_hh_size <= 858.00 & total_deductions_by_hh_size <= 609.00 & unc_rawben_rel_max <=   0.15","ranger",1376,0.90625,0.89251,665,605,0.9098,0.0676,0.0426,6.339,0.1475,0.9705,1.4
"2-3","HH_size_n <   3 & shelter_expenses_by_hh_size < 478 & total_deductions_by_hh_size < 155 & utilities < 583","xgboost",4591,0.90002,0.8925,2349,2113,0.8995,0.236,0.1494,22.393,0.1475,0.9705,1.4
"2-3","cat_elig <=   0.5 & expedited_i >   0.5 & medical_deductions <= 144.0","ranger",465,0.91613,0.8925,224,215,0.9598,0.024,0.0062,2.135,0.1475,0.9705,1.4
"2-3","cat_elig <=   1.50 & shelter_expenses_by_hh_size <= 182.00 & total_deductions_by_hh_size <=   1.42 & unc_rawben_rel_max <=   1.02","ranger",794,0.91058,0.8925,506,449,0.8874,0.0502,0.0346,4.824,0.1475,0.9705,1.4
"2-3","cat_elig <= 0.5 & count_divisible_by_100 <= 1.5 & expedited_i > 0.5","ranger",465,0.91613,0.8925,223,215,0.9641,0.024,0.0045,2.126,0.1475,0.9705,1.4
"2-3","children_i >  0.500 & rawben_rel_max >  0.997 & utilities > 22.000","ranger",3835,0.90065,0.89242,1922,1714,0.8918,0.1915,0.1948,18.322,0.1475,0.9705,1.4
"2-3","months_since_cert_n <=  3.500 & percent_abawd <=  0.833 & utilities <= 47.500","ranger",2632,0.90236,0.89242,1350,1207,0.8941,0.1348,0.0945,12.869,0.1475,0.9705,1.4
"2-3","cat_elig >   1.500 & rawben_rel_max >   0.996 & total_deductions_by_hh_size <= 939.000","ranger",2875,0.90191,0.89241,312,283,0.9071,0.0316,0.0248,2.974,0.1475,0.9705,1.4
"2-3","rawben_rel_max >   0.996 & shelter_expenses_by_hh_size > 252.000 & total_deductions_by_hh_size <= 862.000 & utilities > 451.000","ranger",2202,0.90327,0.89241,1104,1002,0.9076,0.1119,0.0896,10.524,0.1475,0.9705,1.4
"2-3","children_i <= 0.500 & percent_abawd <= 0.167 & rawben_rel_max > 0.997 & unc_rawben_rel_max <= 1.340","ranger",475,0.91579,0.8924,276,255,0.9239,0.0285,0.0148,2.631,0.1475,0.9705,1.4
"2-3","expedited_i <   1.00 & total_deductions_by_hh_size < 401.00 & unc_rawben_rel_max >=   0.96 & utilities >= 452.00","xgboost",1947,0.90395,0.8924,969,889,0.9174,0.0993,0.0709,9.237,0.1475,0.9705,1.4
"2-3","homeless <=  0.5 & months_since_cert_n <=  6.5 & utilities <= 22.0","ranger",3515,0.901,0.8924,1762,1574,0.8933,0.1758,0.1275,16.797,0.1475,0.9705,1.4
"2-3","rawben_rel_max >=  1.0 & total_deductions_by_hh_size >=  2.5 & utilities < 28.0","xgboost",475,0.91579,0.8924,270,252,0.9333,0.0282,0.0132,2.574,0.1475,0.9705,1.4
"2-3","months_since_cert_n <=  5.500 & rawben_rel_max >  0.997 & total_deductions_by_hh_size > 31.300","ranger",3292,0.90128,0.89239,1641,1476,0.8995,0.1649,0.1535,15.643,0.1475,0.9705,1.4
"2-3","count_divisible_by_100 <=   0.500 & medical_deductions <= 159.000 & rawben_rel_max >   0.997 & utilities >  33.500","ranger",4017,0.90042,0.89238,2028,1814,0.8945,0.2026,0.1944,19.333,0.1475,0.9705,1.4
"2-3","expedited_i >   0.500 & percent_abawd <=   0.583 & rawben_rel_max >   0.998 & utilities > 135.000","ranger",783,0.9106,0.89238,407,365,0.8968,0.0408,0.0363,3.88,0.1475,0.9705,1.4
"2-3","months_since_cert_n <=   5.5 & total_deductions_by_hh_size <= 456.0 & utilities <=  78.5","ranger",4210,0.90024,0.89238,2102,1873,0.8911,0.2092,0.1523,20.038,0.1475,0.9705,1.4
"2-3","percent_abawd <=   0.167 & rawben_rel_max >   0.997 & shelter_expenses_by_hh_size <= 322.000 & total_deductions_by_hh_size > 236.000","ranger",391,0.91816,0.89238,149,136,0.9128,0.0152,0.0131,1.42,0.1475,0.9705,1.4
"2-3","cat_elig <   1 & expedited_i >=   1 & total_deductions_by_hh_size < 477","xgboost",454,0.9163,0.89237,218,210,0.9633,0.0235,0.0059,2.078,0.1475,0.9705,1.4
"2-3","cat_elig <=   0.500 & homeless <=   0.500 & rawben_rel_max >   0.898 & utilities > 270.000","ranger",732,0.9112,0.89236,337,310,0.9199,0.0346,0.0168,3.213,0.1475,0.9705,1.4
"2-3","rawben_rel_max <=  0.997 & total_deductions_by_hh_size <= 98.900 & unc_rawben_rel_max <=  0.329","ranger",1095,0.90776,0.89236,488,451,0.9242,0.0504,0.0181,4.652,0.1475,0.9705,1.4
"2-3","months_since_cert_n <  11.0 & shelter_expenses_by_hh_size >=  21.0 & shelter_expenses_by_hh_size < 230.0 & total_deductions_by_hh_size <   4.1","xgboost",506,0.91502,0.89235,264,239,0.9053,0.0267,0.0183,2.517,0.1475,0.9705,1.4
"2-3","months_since_cert_n >= 5.000 & percent_abawd < 0.333 & rawben_rel_max < 0.567 & total_deductions_by_hh_size < 8.300","xgboost",506,0.91502,0.89235,286,265,0.9266,0.0296,0.0105,2.726,0.1475,0.9705,1.4
"2-3","children_i > 0.500 & months_since_cert_n > 6.500 & rawben_rel_max > 0.997","ranger",1463,0.90567,0.89234,777,682,0.8777,0.0762,0.0861,7.407,0.1475,0.9705,1.4
"2-3","elderly_disabled_i >=   1.000 & total_deductions_by_hh_size < 101.000 & unc_rawben_rel_max >=  -0.497","xgboost",2318,0.90293,0.89234,1189,1070,0.8999,0.1195,0.0694,11.335,0.1475,0.9705,1.4
"2-3","medical_deductions <= 148.000 & months_since_cert_n <=   8.500 & rawben_rel_max >   0.996 & total_deductions_by_hh_size >  29.900","ranger",4006,0.9004,0.89234,1993,1791,0.8986,0.2001,0.188,18.999,0.1475,0.9705,1.4
"2-3","total_deductions_by_hh_size <  79.50 & unc_rawben_rel_max <   1.11 & utilities < 385.00","xgboost",3639,0.9008,0.89234,1817,1618,0.8905,0.1807,0.1235,17.321,0.1475,0.9705,1.4
"2-3","children_i >  0.5 & count_divisible_by_100 <=  0.5 & expedited_i <=  0.5 & utilities <= 26.0","ranger",2970,0.90168,0.89233,1521,1344,0.8836,0.1501,0.1234,14.5,0.1475,0.9705,1.4
"2-3","months_since_cert_n >   5.500 & rawben_rel_max >   0.996 & total_deductions_by_hh_size <= 766.000","ranger",2171,0.90327,0.89233,1141,1017,0.8913,0.1136,0.1114,10.877,0.1475,0.9705,1.4
"2-3","unc_rawben_rel_max >   0.996 & unc_rawben_rel_max <=   1.710 & utilities > 124.000","ranger",4169,0.90022,0.89232,2116,1903,0.8993,0.2126,0.1948,20.172,0.1475,0.9705,1.4
"2-3","elderly_disabled_i >  0.500 & rawben_rel_max <=  0.904 & total_deductions_by_hh_size <= 67.200 & utilities <= 22.000","ranger",359,0.91922,0.89231,211,187,0.8863,0.0209,0.0133,2.011,0.1475,0.9705,1.4
"2-3","HH_size_n <=   2.500 & rawben_rel_max >   0.997 & shelter_expenses_by_hh_size > 251.000 & unc_rawben_rel_max <=   1.730","ranger",2092,0.90344,0.89229,1050,967,0.921,0.108,0.0796,10.01,0.1475,0.9705,1.4
"2-3","elderly_disabled_i <=   0.500 & months_since_cert_n >   6.500 & rawben_rel_max >   0.997 & total_deductions_by_hh_size <= 564.000","ranger",1492,0.9055,0.89229,803,714,0.8892,0.0798,0.0806,7.655,0.1475,0.9705,1.4
"2-3","expedited_i >   0.5 & medical_deductions <= 163.0 & shelter_expenses_by_hh_size <= 332.0 & utilities <=  80.5","ranger",1084,0.90775,0.89226,549,504,0.918,0.0563,0.0324,5.234,0.1475,0.9705,1.4
"2-3","shelter_expenses_by_hh_size > 262.000 & total_deductions_by_hh_size <= 478.000 & unc_rawben_rel_max >   0.982 & utilities > 450.000","ranger",2003,0.90364,0.89225,1018,928,0.9116,0.1037,0.0768,9.704,0.1475,0.9705,1.4
"2-3","married >   0.500 & percent_abawd <=   0.417 & shelter_expenses_by_hh_size <= 397.000 & unc_rawben_rel_max >   0.997","ranger",443,0.91648,0.89224,202,183,0.9059,0.0204,0.0158,1.926,0.1475,0.9705,1.4
"2-3","medical_deductions < 102.000 & months_since_cert_n >=   4.000 & rawben_rel_max >=   0.964","xgboost",4108,0.90019,0.89224,2120,1897,0.8948,0.2119,0.1919,20.21,0.1475,0.9705,1.4
"2-3","cat_elig <=   2.500 & rawben_rel_max <=   0.997 & shelter_expenses_by_hh_size <= 868.000 & unc_rawben_rel_max <=   0.130","ranger",1263,0.90657,0.89222,611,559,0.9149,0.0624,0.0397,5.825,0.1475,0.9705,1.4
"2-3","children_i <=    0.500 & rawben_rel_max <=    0.151 & shelter_expenses_by_hh_size <= 1100.000","ranger",812,0.9101,0.8922,401,366,0.9127,0.0409,0.0271,3.823,0.1475,0.9705,1.4
"2-3","count_divisible_by_100 <=   0.500 & shelter_expenses_by_hh_size <= 280.000 & total_deductions_by_hh_size <=  26.800 & unc_rawben_rel_max <=   0.972","ranger",1540,0.90519,0.89219,774,686,0.8863,0.0766,0.0519,7.378,0.1475,0.9705,1.4
"2-3","elderly_disabled_i >   0.5000 & expedited_i <=   0.5000 & rawben_rel_max >   0.0237 & total_deductions_by_hh_size <= 128.0000","ranger",2636,0.90212,0.89219,1318,1177,0.893,0.1315,0.0775,12.564,0.1475,0.9705,1.4
"2-3","cat_elig <   1 & total_deductions_by_hh_size < 273","xgboost",2295,0.90283,0.89218,1117,1007,0.9015,0.1125,0.0613,10.648,0.1475,0.9705,1.4
"2-3","cat_elig <=  0.5 & homeless >  0.5 & utilities <= 38.5","ranger",53,0.96226,0.89218,25,25,1,0.0028,0,0.238,0.1475,0.9705,1.4
"2-3","children_i <   1.0000 & medical_deductions >= 264.0000 & months_since_cert_n >=   7.0000 & rawben_rel_max <   0.0479","xgboost",53,0.96226,0.89218,27,27,1,0.003,0,0.257,0.1475,0.9705,1.4
"2-3","months_since_cert_n <=  32.000 & total_deductions_by_hh_size <= 630.000 & unc_rawben_rel_max >   0.997 & utilities > 112.000","ranger",4048,0.9002,0.89218,2059,1852,0.8995,0.2069,0.1902,19.628,0.1475,0.9705,1.4
"2-3","months_since_cert_n >=  1 & months_since_cert_n <  2 & utilities < 31","xgboost",639,0.91236,0.89218,366,339,0.9262,0.0379,0.0163,3.489,0.1475,0.9705,1.4
"2-3","months_since_cert_n <=  19.500 & shelter_expenses_by_hh_size <= 251.000 & total_deductions_by_hh_size <=   0.217 & unc_rawben_rel_max <=   0.893","ranger",1043,0.90796,0.89216,535,473,0.8841,0.0528,0.0379,5.1,0.1475,0.9705,1.4
"2-3","unc_rawben_rel_max >   0.997 & utilities > 340.000","ranger",3710,0.90054,0.89216,2043,1826,0.8938,0.204,0.197,19.476,0.1475,0.9705,1.4
"2-3","cat_elig <   1 & married <   1 & utilities >= 478","xgboost",262,0.92366,0.89214,63,62,0.9841,0.0069,4e-04,0.601,0.1475,0.9705,1.4
"2-3","cat_elig <=  1.500 & rawben_rel_max >  0.996 & utilities > 48.500","ranger",2829,0.90173,0.89214,2104,1872,0.8897,0.2091,0.2123,20.057,0.1475,0.9705,1.4
"2-3","percent_abawd <=  0.167 & rawben_rel_max >  0.997 & utilities > 25.500","ranger",4162,0.90005,0.89214,2067,1842,0.8911,0.2058,0.2063,19.704,0.1475,0.9705,1.4
"2-3","rawben_rel_max <   0.183 & total_deductions_by_hh_size < 336.000","xgboost",1391,0.90582,0.89214,666,598,0.8979,0.0668,0.0445,6.349,0.1475,0.9705,1.4
"2-3","HH_size_n <  3.0 & total_deductions_by_hh_size >= 42.3 & total_deductions_by_hh_size < 59.0","xgboost",196,0.92857,0.89212,110,92,0.8364,0.0103,0.0123,1.049,0.1475,0.9705,1.4
"2-3","married <= 0.5000 & rawben_rel_max > 0.0764 & rawben_rel_max <= 0.1290","ranger",196,0.92857,0.89212,88,84,0.9545,0.0094,0.0014,0.839,0.1475,0.9705,1.4
"2-3","cat_elig <   1.00 & count_divisible_by_100 <   1.00 & shelter_expenses_by_hh_size < 542.00 & unc_rawben_rel_max <   1.36","xgboost",2303,0.90274,0.8921,1100,989,0.8991,0.1105,0.0616,10.486,0.1475,0.9705,1.4
"2-3","children_i >    0.500 & total_deductions_by_hh_size >   34.200 & total_deductions_by_hh_size <= 1100.000 & unc_rawben_rel_max >    0.997","ranger",3997,0.90018,0.8921,2044,1828,0.8943,0.2042,0.2013,19.485,0.1475,0.9705,1.4
"2-3","expedited_i <= 0.500 & percent_abawd <= 0.167 & rawben_rel_max <= 0.997 & unc_rawben_rel_max <= 0.129","ranger",1202,0.90682,0.8921,578,526,0.91,0.0588,0.0417,5.51,0.1475,0.9705,1.4
"2-3","homeless > 0.500 & months_since_cert_n <= 6.500 & unc_rawben_rel_max > 0.511 & unc_rawben_rel_max <= 1.470","ranger",251,0.9243,0.89209,134,123,0.9179,0.0137,0.0069,1.277,0.1475,0.9705,1.4
"2-3","HH_size_n <=  2.500 & rawben_rel_max <=  0.993 & total_deductions_by_hh_size <= 23.600","ranger",1311,0.90618,0.89208,647,597,0.9227,0.0667,0.0291,6.168,0.1475,0.9705,1.4
"2-3","children_i >  0.500 & married <=  0.500 & rawben_rel_max >  0.997 & utilities > 33.500","ranger",3475,0.90072,0.89206,1761,1577,0.8955,0.1762,0.1708,16.787,0.1475,0.9705,1.4
"2-3","cat_elig >=  2.000 & rawben_rel_max >=  0.269 & shelter_expenses_by_hh_size < 12.300","xgboost",1459,0.90541,0.89205,200,185,0.925,0.0207,0.0106,1.907,0.1475,0.9705,1.4
"2-3","HH_size_n <=  2.500 & percent_abawd <=  0.583 & rawben_rel_max <=  0.989 & total_deductions_by_hh_size <= 59.600","ranger",1656,0.90459,0.89204,842,767,0.9109,0.0857,0.0436,8.027,0.1475,0.9705,1.4
"2-3","expedited_i <=  0.500 & rawben_rel_max <=  0.997 & unc_rawben_rel_max > -0.929 & unc_rawben_rel_max <=  0.129","ranger",1241,0.90653,0.89204,613,558,0.9103,0.0623,0.0446,5.844,0.1475,0.9705,1.4
"2-3","cat_elig <   1 & months_since_cert_n <  16 & utilities < 345","xgboost",1754,0.90422,0.89203,803,727,0.9054,0.0812,0.0442,7.655,0.1475,0.9705,1.4
"2-3","elderly_disabled_i >=  1.0 & expedited_i <  1.0 & total_deductions_by_hh_size < 42.3","xgboost",1488,0.90524,0.89201,755,686,0.9086,0.0766,0.0422,7.197,0.1475,0.9705,1.4
"2-3","count_divisible_by_100 <=   0.500 & expedited_i >   0.500 & rawben_rel_max >   0.998 & shelter_expenses_by_hh_size > 250.000","ranger",597,0.9129,0.892,309,277,0.8964,0.0309,0.0277,2.946,0.1475,0.9705,1.4
"2-3","percent_abawd <=   0.167 & rawben_rel_max <=   0.145 & total_deductions_by_hh_size <= 577.000","ranger",1300,0.90615,0.89199,611,553,0.9051,0.0618,0.0442,5.825,0.1475,0.9705,1.4
"2-3","elderly_disabled_i >=  1.000 & rawben_rel_max >=  0.294 & total_deductions_by_hh_size < 56.300","xgboost",1091,0.90742,0.89196,603,533,0.8839,0.0595,0.0449,5.748,0.1475,0.9705,1.4
"2-3","children_i >  0.500 & rawben_rel_max >  0.999 & unc_rawben_rel_max >  0.997 & utilities > 22.000","ranger",3818,0.90021,0.89194,1912,1705,0.8917,0.1905,0.1931,18.227,0.1475,0.9705,1.4
"2-3","cat_elig >   0.5 & months_since_cert_n <=   7.5 & shelter_expenses_by_hh_size <= 287.0 & utilities <=  80.5","ranger",3413,0.90067,0.89193,1708,1512,0.8852,0.1689,0.1319,16.282,0.1475,0.9705,1.4
"2-3","children_i >   0.500 & medical_deductions <= 209.000 & unc_rawben_rel_max >   0.998 & utilities >  33.500","ranger",3779,0.90024,0.89193,1896,1693,0.8929,0.1891,0.1905,18.074,0.1475,0.9705,1.4
"2-3","count_divisible_by_100 <=   0.500 & rawben_rel_max <=   0.178 & total_deductions_by_hh_size <= 347.000 & unc_rawben_rel_max <=   0.996","ranger",1319,0.90599,0.89193,622,566,0.91,0.0632,0.0389,5.929,0.1475,0.9705,1.4
"2-3","elderly_disabled_i >   0.5 & shelter_expenses_by_hh_size <= 252.0 & total_deductions_by_hh_size <=  95.3","ranger",1408,0.90554,0.89193,737,652,0.8847,0.0728,0.051,7.026,0.1475,0.9705,1.4
"2-3","children_i >  0.500 & unc_rawben_rel_max >  0.997 & utilities > 30.500","ranger",3798,0.90021,0.89192,1911,1705,0.8922,0.1905,0.1938,18.217,0.1475,0.9705,1.4
"2-3","HH_size_n <=   2.5 & homeless <=   0.5 & medical_deductions <= 230.0 & utilities <=  22.0","ranger",2765,0.90163,0.89191,1432,1280,0.8939,0.143,0.1092,13.651,0.1475,0.9705,1.4
"2-3","HH_size_n <=  2.500 & percent_abawd <=  0.167 & utilities <= 80.500","ranger",3335,0.90075,0.8919,1653,1475,0.8923,0.1648,0.1278,15.758,0.1475,0.9705,1.4
"2-3","children_i >   0.500 & months_since_cert_n >  13.500 & rawben_rel_max >   0.997 & shelter_expenses_by_hh_size <= 342.000","ranger",79,0.94937,0.8919,31,26,0.8387,0.0029,0.004,0.296,0.1475,0.9705,1.4
"2-3","cat_elig >  0.500 & elderly_disabled_i >  0.500 & rawben_rel_max <=  0.888 & total_deductions_by_hh_size <= 62.200","ranger",1447,0.90532,0.89189,744,671,0.9019,0.075,0.043,7.092,0.1475,0.9705,1.4
"2-3","rawben_rel_max <   0.312 & total_deductions_by_hh_size < 184.000 & utilities < 612.000","xgboost",1368,0.9057,0.89189,596,541,0.9077,0.0604,0.028,5.682,0.1475,0.9705,1.4
"2-3","cat_elig >   0.5 & shelter_expenses_by_hh_size <= 258.0 & utilities <=  30.5","ranger",3652,0.90033,0.89188,1896,1684,0.8882,0.1881,0.1459,18.074,0.1475,0.9705,1.4
"2-3","married <=  0.500 & months_since_cert_n <=  4.500 & rawben_rel_max >  0.997 & utilities > 33.500","ranger",2308,0.90251,0.89188,1120,1007,0.8991,0.1125,0.1067,10.677,0.1475,0.9705,1.4
"2-3","total_deductions_by_hh_size < 140.000 & unc_rawben_rel_max <   0.338","xgboost",1358,0.90574,0.89188,613,562,0.9168,0.0628,0.0246,5.844,0.1475,0.9705,1.4
"2-3","expedited_i >=   1.000 & rawben_rel_max >=   0.717 & shelter_expenses_by_hh_size < 568.000","xgboost",1761,0.90403,0.89186,931,844,0.9066,0.0943,0.0657,8.875,0.1475,0.9705,1.4
"2-3","expedited_i >=  1.00 & unc_rawben_rel_max >=  1.11 & utilities < 31.00","xgboost",514,0.9144,0.89186,275,255,0.9273,0.0285,0.0138,2.622,0.1475,0.9705,1.4
"2-3","rawben_rel_max >=   0.954 & total_deductions_by_hh_size < 236.000 & utilities >= 344.000","xgboost",1594,0.90464,0.89185,940,831,0.884,0.0928,0.1023,8.961,0.1475,0.9705,1.4
"2-3","months_since_cert_n <=  3.5 & utilities <= 48.5","ranger",2705,0.90166,0.89184,1391,1244,0.8943,0.139,0.097,13.26,0.1475,0.9705,1.4
"2-3","HH_size_n <=   2.5 & medical_deductions <= 213.0 & months_since_cert_n <=  31.5 & utilities <=  22.0","ranger",2937,0.90126,0.89183,1526,1366,0.8952,0.1526,0.1145,14.547,0.1475,0.9705,1.4
"2-3","cat_elig <=   1.500 & rawben_rel_max <=   0.127 & shelter_expenses_by_hh_size <= 858.000","ranger",789,0.91001,0.89182,582,534,0.9175,0.0597,0.0359,5.548,0.1475,0.9705,1.4
"2-3","elderly_disabled_i >   0.500 & percent_abawd <=   0.167 & shelter_expenses_by_hh_size <= 720.000 & total_deductions_by_hh_size <= 112.000","ranger",2374,0.90227,0.89179,1174,1054,0.8978,0.1177,0.0708,11.192,0.1475,0.9705,1.4
"2-3","shelter_expenses_by_hh_size < 714.00 & unc_rawben_rel_max >=   1.12 & unc_rawben_rel_max <   1.74 & utilities >= 361.00","xgboost",2277,0.9025,0.89179,1195,1068,0.8937,0.1193,0.115,11.392,0.1475,0.9705,1.4
"2-3","homeless >  0.500 & months_since_cert_n >  0.500 & unc_rawben_rel_max >  0.998 & utilities <= 39.500","ranger",173,0.93064,0.89178,95,90,0.9474,0.0101,0.0029,0.906,0.1475,0.9705,1.4
"2-3","cat_elig <=   0.500 & HH_size_n <=   2.500 & rawben_rel_max >   0.882 & shelter_expenses_by_hh_size > 221.000","ranger",357,0.91877,0.89171,149,142,0.953,0.0159,0.0035,1.42,0.1475,0.9705,1.4
"2-3","medical_deductions <= 1310.00 & months_since_cert_n <=    4.50 & unc_rawben_rel_max <=    1.34 & utilities <=   86.50","ranger",3636,0.90017,0.89169,1818,1620,0.8911,0.181,0.1297,17.331,0.1475,0.9705,1.4
"2-3","rawben_rel_max <=   0.129 & total_deductions_by_hh_size <= 456.000 & unc_rawben_rel_max <=   1.000","ranger",1237,0.90622,0.89169,588,539,0.9167,0.0602,0.0376,5.605,0.1475,0.9705,1.4
"2-3","cat_elig >   0.500 & HH_size_n <=   2.500 & percent_abawd <=   0.167 & shelter_expenses_by_hh_size <= 263.000","ranger",3347,0.90051,0.89167,1755,1557,0.8872,0.1739,0.1339,16.73,0.1475,0.9705,1.4
"2-3","expedited_i <=   0.500 & rawben_rel_max <=   0.154 & shelter_expenses_by_hh_size <= 852.000 & unc_rawben_rel_max <=   0.998","ranger",1365,0.90549,0.89166,658,599,0.9103,0.0669,0.0403,6.273,0.1475,0.9705,1.4
"2-3","percent_abawd <=   0.833 & rawben_rel_max <=   0.998 & total_deductions_by_hh_size <= 182.000 & unc_rawben_rel_max <=   0.312","ranger",1552,0.90464,0.89166,697,633,0.9082,0.0707,0.0323,6.644,0.1475,0.9705,1.4
"2-3","months_since_cert_n >=  11 & total_deductions_by_hh_size < 186 & utilities >= 445 & utilities < 844","xgboost",325,0.92,0.89164,90,83,0.9222,0.0093,0.0038,0.858,0.1475,0.9705,1.4
"2-3","rawben_rel_max <   0.2880 & total_deductions_by_hh_size < 588.0000 & unc_rawben_rel_max <   0.0405","xgboost",848,0.9092,0.89164,428,385,0.8995,0.043,0.0359,4.08,0.1475,0.9705,1.4
"2-3","rawben_rel_max <   0.342 & total_deductions_by_hh_size < 145.000","xgboost",1414,0.90523,0.89164,633,578,0.9131,0.0646,0.0265,6.034,0.1475,0.9705,1.4
"2-3","rawben_rel_max <   0.961 & shelter_expenses_by_hh_size < 256.000 & total_deductions_by_hh_size <   2.500","xgboost",1276,0.90596,0.89164,633,564,0.891,0.063,0.0422,6.034,0.1475,0.9705,1.4
"2-3","elderly_disabled_i >=   1 & HH_size_n <   3 & months_since_cert_n <  20 & total_deductions_by_hh_size < 132","xgboost",1728,0.90394,0.89163,912,833,0.9134,0.0931,0.0475,8.694,0.1475,0.9705,1.4
"2-3","cat_elig <   2 & total_deductions_by_hh_size >= 221 & total_deductions_by_hh_size < 234","xgboost",430,0.91628,0.89162,205,170,0.8293,0.019,0.0214,1.954,0.1475,0.9705,1.4
"2-3","total_deductions_by_hh_size <  90 & utilities >= 370 & utilities < 600","xgboost",958,0.90814,0.89162,509,459,0.9018,0.0513,0.0264,4.852,0.1475,0.9705,1.4
"2-3","elderly_disabled_i < 1.0 & expedited_i < 1.0 & unc_rawben_rel_max >= 1.1","xgboost",3547,0.9002,0.89161,1756,1581,0.9003,0.1766,0.1593,16.74,0.1475,0.9705,1.4
"2-3","cat_elig < 1.000 & months_since_cert_n < 3.000 & rawben_rel_max >= 0.624 & unc_rawben_rel_max < 1.280","xgboost",747,0.91031,0.8916,395,369,0.9342,0.0412,0.0155,3.765,0.1475,0.9705,1.4
"2-3","HH_size_n <=   2.5 & medical_deductions <= 213.0 & utilities <=  22.0","ranger",2940,0.90102,0.89159,1531,1371,0.8955,0.1532,0.1145,14.595,0.1475,0.9705,1.4
"2-3","HH_size_n >   2.5 & homeless >   0.5 & shelter_expenses_by_hh_size <= 120.0 & total_deductions_by_hh_size <=  43.4","ranger",66,0.95455,0.89159,39,36,0.9231,0.004,0.0015,0.372,0.1475,0.9705,1.4
"2-3","cat_elig <=  0.500 & elderly_disabled_i >  0.500 & unc_rawben_rel_max >  0.997 & utilities > 38.000","ranger",66,0.95455,0.89159,30,27,0.9,0.003,0.002,0.286,0.1475,0.9705,1.4
"2-3","cat_elig <= 0.500 & elderly_disabled_i > 0.500 & months_since_cert_n <= 5.500 & percent_abawd <= 0.167","ranger",492,0.91463,0.89158,227,203,0.8943,0.0227,0.0114,2.164,0.1475,0.9705,1.4
"2-3","months_since_cert_n <  10.0000 & rawben_rel_max <   0.0436 & shelter_expenses_by_hh_size < 847.0000 & total_deductions_by_hh_size >=  34.5000","xgboost",461,0.9154,0.89158,7,6,0.8571,7e-04,2e-04,0.067,0.1475,0.9705,1.4
"2-3","cat_elig <   1.000 & rawben_rel_max >=   0.146 & total_deductions_by_hh_size < 231.000 & utilities < 524.000","xgboost",2039,0.90289,0.89157,1003,905,0.9023,0.1011,0.0553,9.561,0.1475,0.9705,1.4
"2-3","months_since_cert_n <=   5.5 & shelter_expenses_by_hh_size >  22.2 & shelter_expenses_by_hh_size <= 115.0 & total_deductions_by_hh_size <=  13.6","ranger",150,0.93333,0.89157,64,55,0.8594,0.0061,0.0052,0.61,0.1475,0.9705,1.4
"2-3","children_i >=  1.0000 & rawben_rel_max <  0.0860 & unc_rawben_rel_max < -0.0566","xgboost",206,0.92718,0.89155,111,101,0.9099,0.0113,0.0112,1.058,0.1475,0.9705,1.4
"2-3","count_divisible_by_100 > 0.500 & months_since_cert_n > 5.500 & percent_abawd <= 0.167 & rawben_rel_max > 0.979","ranger",206,0.92718,0.89155,97,79,0.8144,0.0088,0.0158,0.925,0.1475,0.9705,1.4
"2-3","elderly_disabled_i <=  0.500 & expedited_i <=  0.500 & percent_abawd <=  0.167 & utilities <= 26.000","ranger",3045,0.90082,0.89155,1503,1333,0.8869,0.1489,0.1188,14.328,0.1475,0.9705,1.4
"2-3","months_since_cert_n <=   6.500 & percent_abawd <=   0.417 & unc_rawben_rel_max >   0.998 & utilities > 129.000","ranger",2939,0.90099,0.89155,1439,1298,0.902,0.145,0.1286,13.718,0.1475,0.9705,1.4
"2-3","shelter_expenses_by_hh_size >= 338.0000 & unc_rawben_rel_max >=  -0.7100 & unc_rawben_rel_max <   0.0405","xgboost",533,0.9137,0.89154,270,245,0.9074,0.0274,0.022,2.574,0.1475,0.9705,1.4
"2-3","cat_elig <= 0.5 & expedited_i > 0.5 & homeless <= 0.5","ranger",440,0.91591,0.89152,209,200,0.9569,0.0223,0.0062,1.992,0.1475,0.9705,1.4
"2-3","elderly_disabled_i >   0.5 & expedited_i <=   0.5 & total_deductions_by_hh_size <= 128.0","ranger",2639,0.90148,0.89152,1318,1177,0.893,0.1315,0.0775,12.564,0.1475,0.9705,1.4
"2-3","months_since_cert_n <  18.0000 & shelter_expenses_by_hh_size >= 338.0000 & unc_rawben_rel_max >=  -0.7100 & unc_rawben_rel_max <   0.0405","xgboost",471,0.91507,0.8915,245,224,0.9143,0.025,0.0185,2.336,0.1475,0.9705,1.4
"2-3","months_since_cert_n >=   1.00000 & unc_rawben_rel_max <  -0.00871 & utilities < 601.00000","xgboost",471,0.91507,0.8915,234,217,0.9274,0.0242,0.0151,2.231,0.1475,0.9705,1.4
"2-3","rawben_rel_max <=   0.151 & shelter_expenses_by_hh_size <= 902.000 & total_deductions_by_hh_size <= 506.000","ranger",1363,0.90536,0.8915,647,587,0.9073,0.0656,0.0444,6.168,0.1475,0.9705,1.4
"2-3","children_i >= 1.000 & elderly_disabled_i < 1.000 & expedited_i >= 1.000 & rawben_rel_max >= 0.708","xgboost",1735,0.90375,0.89146,899,815,0.9066,0.091,0.0646,8.57,0.1475,0.9705,1.4
"2-3","HH_size_n >=  3 & homeless <  1 & shelter_expenses_by_hh_size < 21","xgboost",1500,0.90467,0.89145,749,667,0.8905,0.0745,0.0568,7.14,0.1475,0.9705,1.4
"2-3","cat_elig <=   1.500 & rawben_rel_max >   0.996 & shelter_expenses_by_hh_size <= 852.000 & utilities > 114.000","ranger",2579,0.90151,0.89144,1899,1695,0.8926,0.1893,0.1879,18.103,0.1475,0.9705,1.4
"2-3","elderly_disabled_i >   0.500 & percent_abawd <=   0.167 & total_deductions_by_hh_size <= 112.000","ranger",2376,0.90194,0.89144,1178,1058,0.8981,0.1182,0.0708,11.23,0.1475,0.9705,1.4
"2-3","months_since_cert_n >   5.500 & shelter_expenses_by_hh_size <= 544.000 & total_deductions_by_hh_size >   0.217 & unc_rawben_rel_max >   0.996","ranger",1145,0.90655,0.89143,612,537,0.8775,0.06,0.0685,5.834,0.1475,0.9705,1.4
"2-3","cat_elig <= 0.5 & expedited_i <= 0.5 & HH_size_n <= 2.5","ranger",1303,0.9056,0.89142,636,583,0.9167,0.0651,0.0293,6.063,0.1475,0.9705,1.4
"2-3","expedited_i >=  1.0 & months_since_cert_n <  5.0 & shelter_expenses_by_hh_size < 12.3","xgboost",614,0.91205,0.8914,308,287,0.9318,0.0321,0.0157,2.936,0.1475,0.9705,1.4
"2-3","months_since_cert_n >=  14.000 & rawben_rel_max >=   0.916 & shelter_expenses_by_hh_size < 308.000","xgboost",115,0.93913,0.8914,49,40,0.8163,0.0045,0.0051,0.467,0.1475,0.9705,1.4
"2-3","cat_elig <=  0.5 & HH_size_n >  2.5 & shelter_expenses_by_hh_size <= 12.4","ranger",303,0.92079,0.89139,155,145,0.9355,0.0162,0.0064,1.478,0.1475,0.9705,1.4
"2-3","cat_elig >   0.500 & months_since_cert_n >   5.500 & rawben_rel_max >   0.996 & total_deductions_by_hh_size <= 457.000","ranger",1792,0.90346,0.89137,962,852,0.8857,0.0952,0.1007,9.171,0.1475,0.9705,1.4
"2-3","expedited_i <=   0.500 & shelter_expenses_by_hh_size <= 848.000 & unc_rawben_rel_max <=   0.154","ranger",1361,0.90522,0.89134,656,597,0.9101,0.0667,0.0403,6.254,0.1475,0.9705,1.4
"2-3","count_divisible_by_100 > 0.500 & elderly_disabled_i <= 0.500 & unc_rawben_rel_max > 0.959 & unc_rawben_rel_max <= 1.300","ranger",583,0.91252,0.89132,293,258,0.8805,0.0288,0.0292,2.793,0.1475,0.9705,1.4
"2-3","expedited_i <= 0.500 & months_since_cert_n > 4.500 & rawben_rel_max > 0.996","ranger",2383,0.9018,0.89132,1228,1102,0.8974,0.1231,0.1158,11.706,0.1475,0.9705,1.4
"2-3","cat_elig <=   0.5 & children_i <=   0.5 & shelter_expenses_by_hh_size > 251.0","ranger",292,0.92123,0.89126,160,140,0.875,0.0156,0.0099,1.525,0.1475,0.9705,1.4
"2-3","cat_elig <=  0.500 & HH_size_n >  2.500 & rawben_rel_max >  0.428 & total_deductions_by_hh_size <= 52.200","ranger",366,0.91803,0.89126,190,175,0.9211,0.0195,0.0093,1.811,0.1475,0.9705,1.4
"2-3","medical_deductions <= 340.000 & months_since_cert_n >   5.500 & percent_abawd <=   1.250 & rawben_rel_max >   0.996","ranger",2198,0.90218,0.89126,1156,1028,0.8893,0.1148,0.1125,11.02,0.1475,0.9705,1.4
"2-3","months_since_cert_n >=   1.0000 & rawben_rel_max <   0.0436 & shelter_expenses_by_hh_size >= 414.0000 & unc_rawben_rel_max >=  -0.4970","xgboost",366,0.91803,0.89126,3,3,1,3e-04,0,0.029,0.1475,0.9705,1.4
"2-3","months_since_cert_n >=   7.000 & total_deductions_by_hh_size <  95.000 & unc_rawben_rel_max <   0.998 & utilities >= 361.000","xgboost",552,0.91304,0.89125,297,275,0.9259,0.0307,0.0115,2.831,0.1475,0.9705,1.4
"2-3","rawben_rel_max <=   0.997 & total_deductions_by_hh_size <= 666.000 & unc_rawben_rel_max >  -0.615 & unc_rawben_rel_max <=   0.158","ranger",1409,0.9049,0.89125,689,624,0.9057,0.0697,0.0468,6.568,0.1475,0.9705,1.4
"2-3","elderly_disabled_i > 0.500 & rawben_rel_max <= 0.192","ranger",1133,0.90644,0.89123,523,476,0.9101,0.0532,0.0289,4.986,0.1475,0.9705,1.4
"2-3","shelter_expenses_by_hh_size > 278.000 & total_deductions_by_hh_size <= 764.000 & unc_rawben_rel_max >   0.996 & utilities > 430.000","ranger",2178,0.9022,0.89123,1100,994,0.9036,0.111,0.0911,10.486,0.1475,0.9705,1.4
"2-3","months_since_cert_n >=   1.00 & percent_abawd <   0.50 & unc_rawben_rel_max >=   1.03 & utilities >= 502.00","xgboost",1643,0.90383,0.8912,874,779,0.8913,0.087,0.0841,8.332,0.1475,0.9705,1.4
"2-3","HH_size_n <=  2.500 & months_since_cert_n <= 32.500 & unc_rawben_rel_max >  0.995 & utilities > 22.000","ranger",2679,0.90108,0.89119,1330,1197,0.9,0.1337,0.1237,12.679,0.1475,0.9705,1.4
"2-3","count_divisible_by_100 <   1.000 & rawben_rel_max >=   0.269 & shelter_expenses_by_hh_size >= 208.000 & total_deductions_by_hh_size <  70.000","xgboost",521,0.91363,0.89118,271,244,0.9004,0.0273,0.0151,2.583,0.1475,0.9705,1.4
"2-3","children_i >=  1.00000 & unc_rawben_rel_max < -0.00871","xgboost",238,0.92437,0.89116,127,116,0.9134,0.013,0.0119,1.211,0.1475,0.9705,1.4
"2-3","children_i <=   0.5 & count_divisible_by_100 <=   0.5 & shelter_expenses_by_hh_size <= 248.0 & total_deductions_by_hh_size <=  29.9","ranger",764,0.90969,0.89115,414,381,0.9203,0.0426,0.0236,3.947,0.1475,0.9705,1.4
"2-3","shelter_expenses_by_hh_size < 12.30 & unc_rawben_rel_max <  1.11 & utilities < 48.00","xgboost",2360,0.90169,0.89115,1170,1034,0.8838,0.1155,0.0858,11.153,0.1475,0.9705,1.4
"2-3","rawben_rel_max >=   0.902 & shelter_expenses_by_hh_size < 334.000 & utilities >= 612.000","xgboost",281,0.92171,0.89114,194,177,0.9124,0.0198,0.0103,1.849,0.1475,0.9705,1.4
"2-3","months_since_cert_n <=  18.500 & rawben_rel_max >   0.997 & shelter_expenses_by_hh_size > 250.000 & utilities > 437.000","ranger",2262,0.90186,0.89108,1176,1064,0.9048,0.1189,0.0988,11.211,0.1475,0.9705,1.4
"2-3","count_divisible_by_100 <=  0.5 & HH_size_n <=  2.5 & utilities <= 30.5","ranger",2800,0.90071,0.89103,1480,1334,0.9014,0.149,0.1074,14.109,0.1475,0.9705,1.4
"2-3","count_divisible_by_100 <= 0.500 & elderly_disabled_i <= 0.500 & homeless > 0.500 & rawben_rel_max > 0.997","ranger",205,0.92683,0.89103,110,105,0.9545,0.0117,0.0029,1.049,0.1475,0.9705,1.4
"2-3","children_i > 0.500 & married <= 0.500 & months_since_cert_n > 7.500 & unc_rawben_rel_max > 0.996","ranger",1121,0.90633,0.89102,612,540,0.8824,0.0603,0.0637,5.834,0.1475,0.9705,1.4
"2-3","elderly_disabled_i <=   0.500 & months_since_cert_n >   5.500 & shelter_expenses_by_hh_size <= 631.000 & unc_rawben_rel_max >   0.894","ranger",1980,0.90253,0.891,1068,941,0.8811,0.1051,0.1025,10.181,0.1475,0.9705,1.4
"2-3","HH_size_n <=  2.5 & homeless <=  0.5 & utilities <= 22.0","ranger",2770,0.90072,0.89098,1434,1281,0.8933,0.1431,0.11,13.67,0.1475,0.9705,1.4
"2-3","shelter_expenses_by_hh_size > 332.000 & unc_rawben_rel_max >   0.997 & unc_rawben_rel_max <=   1.770 & utilities > 430.000","ranger",1902,0.90273,0.89098,971,874,0.9001,0.0976,0.0893,9.256,0.1475,0.9705,1.4
"2-3","cat_elig >   0.500 & shelter_expenses_by_hh_size <= 858.000 & unc_rawben_rel_max <=   0.128","ranger",1238,0.90549,0.89092,600,551,0.9183,0.0616,0.0363,5.72,0.1475,0.9705,1.4
"2-3","shelter_expenses_by_hh_size < 501.00 & unc_rawben_rel_max >=   1.09 & utilities >= 488.00 & utilities < 724.00","xgboost",682,0.91056,0.89092,331,305,0.9215,0.0341,0.0294,3.155,0.1475,0.9705,1.4
"2-3","cat_elig >  1.500 & months_since_cert_n <= 32.000 & unc_rawben_rel_max >  0.996","ranger",2893,0.90045,0.89091,313,284,0.9073,0.0317,0.0248,2.984,0.1475,0.9705,1.4
"2-3","cat_elig <   1.000 & rawben_rel_max >=   0.419 & utilities < 288.000","xgboost",1414,0.90453,0.89089,510,473,0.9275,0.0528,0.022,4.862,0.1475,0.9705,1.4
"2-3","medical_deductions <= 1310.000 & months_since_cert_n <=    4.500 & rawben_rel_max >    0.997 & utilities >   86.500","ranger",2518,0.90111,0.89089,1227,1100,0.8965,0.1229,0.1185,11.697,0.1475,0.9705,1.4
"2-3","cat_elig <=    0.5 & count_divisible_by_100 <=    0.5 & elderly_disabled_i >    0.5 & total_deductions_by_hh_size <= 1550.0","ranger",732,0.90984,0.89088,382,337,0.8822,0.0376,0.0234,3.642,0.1475,0.9705,1.4
"2-3","cat_elig <= 0.5 & elderly_disabled_i <= 0.5 & expedited_i > 0.5","ranger",427,0.91569,0.89087,201,194,0.9652,0.0217,0.0051,1.916,0.1475,0.9705,1.4
"2-3","children_i <=   0.500 & total_deductions_by_hh_size <= 184.000 & unc_rawben_rel_max <=   0.405","ranger",1139,0.90606,0.89086,548,509,0.9288,0.0569,0.0201,5.224,0.1475,0.9705,1.4
"2-3","count_divisible_by_100 <= 1.500 & elderly_disabled_i > 0.500 & rawben_rel_max > 0.997 & unc_rawben_rel_max <= 1.390","ranger",550,0.91273,0.89086,304,276,0.9079,0.0308,0.0257,2.898,0.1475,0.9705,1.4
"2-3","cat_elig <= 0.5 & children_i <= 0.5 & months_since_cert_n <= 5.5","ranger",375,0.91733,0.89084,193,170,0.8808,0.019,0.0129,1.84,0.1475,0.9705,1.4
"2-3","count_divisible_by_100 <=  0.5 & expedited_i >  0.5 & utilities <= 22.0","ranger",951,0.90747,0.89083,498,459,0.9217,0.0513,0.0282,4.747,0.1475,0.9705,1.4
"2-3","months_since_cert_n <  10.0 & unc_rawben_rel_max >=   1.1 & utilities < 313.0","xgboost",1909,0.90257,0.89083,907,831,0.9162,0.0928,0.0636,8.646,0.1475,0.9705,1.4
"2-3","cat_elig <=  0.5 & children_i <=  0.5 & married <=  0.5 & months_since_cert_n <= 28.0","ranger",248,0.92339,0.89081,138,123,0.8913,0.0137,0.0086,1.316,0.1475,0.9705,1.4
"2-3","HH_size_n <=  2.500 & rawben_rel_max >  0.995 & utilities > 27.500","ranger",2679,0.90071,0.8908,1331,1198,0.9001,0.1338,0.1237,12.688,0.1475,0.9705,1.4
"2-3","rawben_rel_max <=   0.997 & shelter_expenses_by_hh_size <= 868.000 & unc_rawben_rel_max <=   0.130","ranger",1266,0.90521,0.89079,611,559,0.9149,0.0624,0.0397,5.825,0.1475,0.9705,1.4
"2-3","expedited_i >   0.500 & medical_deductions <= 330.000 & percent_abawd <=   0.167 & utilities <=  39.500","ranger",970,0.90722,0.89074,502,461,0.9183,0.0515,0.0287,4.786,0.1475,0.9705,1.3
"2-3","months_since_cert_n >=  2.00000 & rawben_rel_max <  0.16600 & unc_rawben_rel_max < -0.00871","xgboost",590,0.91186,0.89074,311,284,0.9132,0.0317,0.0251,2.965,0.1475,0.9705,1.3
"2-3","children_i <= 0.5000 & rawben_rel_max > 0.0359 & rawben_rel_max <= 0.1490","ranger",811,0.90875,0.89073,407,369,0.9066,0.0412,0.0302,3.88,0.1475,0.9705,1.3
"2-3","HH_size_n <=  2.5 & utilities <= 22.0","ranger",2945,0.90017,0.89071,1533,1372,0.895,0.1533,0.1152,14.614,0.1475,0.9705,1.3
"2-3","percent_abawd <=   0.167 & total_deductions_by_hh_size <= 609.000 & unc_rawben_rel_max <=   0.158","ranger",1392,0.90445,0.8907,663,599,0.9035,0.0669,0.0472,6.32,0.1475,0.9705,1.3
"2-3","cat_elig <   2 & months_since_cert_n >=   4 & months_since_cert_n <  19 & shelter_expenses_by_hh_size < 184","xgboost",1935,0.90233,0.89066,1440,1254,0.8708,0.1401,0.1317,13.727,0.1475,0.9705,1.3
"2-3","HH_size_n >=   3.00 & shelter_expenses_by_hh_size < 108.00 & unc_rawben_rel_max >=   0.29","xgboost",1857,0.90253,0.89062,926,822,0.8877,0.0918,0.0707,8.827,0.1475,0.9705,1.3
"2-3","married >  0.50 & total_deductions_by_hh_size <= 22.80 & unc_rawben_rel_max > -1.72","ranger",810,0.90864,0.8906,391,376,0.9616,0.042,0.0071,3.727,0.1475,0.9705,1.3
"2-3","expedited_i >  0.500 & percent_abawd <=  0.167 & utilities <= 26.000","ranger",939,0.90735,0.89059,489,451,0.9223,0.0504,0.0264,4.662,0.1475,0.9705,1.3
"2-3","HH_size_n <  3.000 & rawben_rel_max <  0.200 & unc_rawben_rel_max >= -0.497","xgboost",1371,0.90445,0.89058,684,621,0.9079,0.0694,0.0424,6.52,0.1475,0.9705,1.3
"2-3","elderly_disabled_i >  0.500 & rawben_rel_max <=  0.997 & unc_rawben_rel_max <=  0.189 & utilities > 80.500","ranger",998,0.90681,0.89056,468,428,0.9145,0.0478,0.0246,4.461,0.1475,0.9705,1.3
"2-3","months_since_cert_n <=  4.500 & rawben_rel_max >  0.997 & utilities > 80.500","ranger",2520,0.90079,0.89056,1239,1109,0.8951,0.1239,0.1227,11.811,0.1475,0.9705,1.3
"2-3","cat_elig < 1 & children_i >= 1 & HH_size_n < 3","xgboost",1116,0.90591,0.89054,518,486,0.9382,0.0543,0.0192,4.938,0.1475,0.9705,1.3
"2-3","cat_elig <=  1.500 & rawben_rel_max >  0.995 & utilities > 78.000","ranger",2768,0.90029,0.89053,2079,1848,0.8889,0.2064,0.2102,19.819,0.1475,0.9705,1.3
"2-3","count_divisible_by_100 <   1.00 & shelter_expenses_by_hh_size >=  27.50 & shelter_expenses_by_hh_size < 113.00 & unc_rawben_rel_max <   1.55","xgboost",477,0.91405,0.89053,223,188,0.843,0.021,0.0223,2.126,0.1475,0.9705,1.3
"2-3","cat_elig < 2.000 & months_since_cert_n < 1.000 & rawben_rel_max >= 0.529 & total_deductions_by_hh_size < 8.300","xgboost",204,0.92647,0.89051,167,152,0.9102,0.017,0.0156,1.592,0.1475,0.9705,1.3
"2-3","HH_size_n <   3.000 & shelter_expenses_by_hh_size >= 421.000 & unc_rawben_rel_max >=   0.998 & unc_rawben_rel_max <   1.550","xgboost",1409,0.90419,0.8905,721,665,0.9223,0.0743,0.0503,6.873,0.1475,0.9705,1.3
"2-3","cat_elig <=   0.5 & children_i <=   0.5 & shelter_expenses_by_hh_size <= 328.0 & utilities <=  48.5","ranger",114,0.9386,0.89048,64,61,0.9531,0.0068,0.0021,0.61,0.1475,0.9705,1.3
"2-3","rawben_rel_max >   0.997 & total_deductions_by_hh_size > 437.000 & unc_rawben_rel_max <=   1.420","ranger",311,0.91961,0.89048,136,124,0.9118,0.0139,0.0081,1.296,0.1475,0.9705,1.3
"2-3","cat_elig > 1.500 & expedited_i > 0.500 & married <= 0.500 & unc_rawben_rel_max > 0.998","ranger",548,0.91241,0.89046,57,52,0.9123,0.0058,0.0033,0.543,0.1475,0.9705,1.3
"2-3","cat_elig <=  0.5 & count_divisible_by_100 <=  0.5 & months_since_cert_n <= 12.5","ranger",2546,0.90063,0.89045,1200,1085,0.9042,0.1212,0.0628,11.439,0.1475,0.9705,1.3
"2-3","cat_elig <= 0.5 & elderly_disabled_i > 0.5 & HH_size_n <= 2.5","ranger",497,0.91348,0.89043,278,250,0.8993,0.0279,0.0149,2.65,0.1475,0.9705,1.3
"2-3","cat_elig <  2.000 & rawben_rel_max >=  0.942 & total_deductions_by_hh_size >=  8.300 & utilities < 42.000","xgboost",363,0.91736,0.89038,310,275,0.8871,0.0307,0.0291,2.955,0.1475,0.9705,1.3
"2-3","rawben_rel_max >=   0.996 & total_deductions_by_hh_size >= 439.000 & unc_rawben_rel_max <   1.360","xgboost",279,0.92115,0.89038,129,119,0.9225,0.0133,0.0076,1.23,0.1475,0.9705,1.3
"2-3","children_i >=  1.000 & elderly_disabled_i >=  1.000 & rawben_rel_max >=  0.294 & total_deductions_by_hh_size < 56.300","xgboost",608,0.91118,0.89034,312,265,0.8494,0.0296,0.0291,2.974,0.1475,0.9705,1.3
"2-3","cat_elig < 1.00 & count_divisible_by_100 < 1.00 & unc_rawben_rel_max < 1.36","xgboost",2505,0.9006,0.89033,1183,1064,0.8994,0.1189,0.0652,11.277,0.1475,0.9705,1.3
"2-3","cat_elig <=  1.500 & months_since_cert_n >  7.500 & unc_rawben_rel_max >  0.997 & utilities <= 30.500","ranger",300,0.92,0.89032,233,217,0.9313,0.0242,0.0149,2.221,0.1475,0.9705,1.3
"2-3","cat_elig <=  0.5 & children_i >  0.5 & HH_size_n >  2.5 & shelter_expenses_by_hh_size <= 43.0","ranger",321,0.919,0.89031,164,151,0.9207,0.0169,0.0082,1.563,0.1475,0.9705,1.3
"2-3","elderly_disabled_i >    0.500 & shelter_expenses_by_hh_size >  252.000 & shelter_expenses_by_hh_size <= 1210.000 & unc_rawben_rel_max <=    0.149","ranger",768,0.90885,0.8903,363,330,0.9091,0.0369,0.0224,3.46,0.1475,0.9705,1.3
"2-3","cat_elig <=  0.5 & HH_size_n <=  2.5 & homeless >  0.5 & shelter_expenses_by_hh_size <= 12.4","ranger",38,0.97368,0.89028,16,16,1,0.0018,0,0.153,0.1475,0.9705,1.3
"2-3","homeless > 0.500 & months_since_cert_n > 7.500 & unc_rawben_rel_max > 0.865","ranger",38,0.97368,0.89028,24,24,1,0.0027,0,0.229,0.1475,0.9705,1.3
"2-3","percent_abawd >   0.167 & unc_rawben_rel_max >   0.921 & utilities > 880.000","ranger",38,0.97368,0.89028,28,25,0.8929,0.0028,0.0024,0.267,0.1475,0.9705,1.3
"2-3","rawben_rel_max > 0.997 & rawben_rel_max <= 0.999","ranger",38,0.97368,0.89028,16,15,0.9375,0.0017,0.0017,0.153,0.1475,0.9705,1.3
"2-3","cat_elig <=   0.500 & children_i <=   0.500 & rawben_rel_max >   0.914 & total_deductions_by_hh_size <= 223.000","ranger",102,0.94118,0.89027,58,56,0.9655,0.0063,0.0016,0.553,0.1475,0.9705,1.3
"2-3","months_since_cert_n >=   4 & shelter_expenses_by_hh_size >= 222 & shelter_expenses_by_hh_size < 238 & total_deductions_by_hh_size < 128","xgboost",102,0.94118,0.89027,55,49,0.8909,0.0055,0.003,0.524,0.1475,0.9705,1.3
"2-3","rawben_rel_max <   0.279 & shelter_expenses_by_hh_size < 140.000 & total_deductions_by_hh_size < 145.000","xgboost",102,0.94118,0.89027,38,33,0.8684,0.0037,0.0027,0.362,0.1475,0.9705,1.3
"2-3","cat_elig <  2.000 & rawben_rel_max <  0.294 & total_deductions_by_hh_size < 56.300","xgboost",486,0.91358,0.89026,304,287,0.9441,0.0321,0.0089,2.898,0.1475,0.9705,1.3
"2-3","count_divisible_by_100 <=  0.500 & married >  0.500 & rawben_rel_max >  0.998 & utilities <= 48.500","ranger",236,0.92373,0.89026,133,125,0.9398,0.014,0.0037,1.268,0.1475,0.9705,1.3
"2-3","medical_deductions <= 174.000 & months_since_cert_n >   5.500 & months_since_cert_n <=  28.500 & unc_rawben_rel_max >   0.996","ranger",2187,0.90123,0.89024,1147,1021,0.8901,0.1141,0.1119,10.934,0.1475,0.9705,1.3
"2-3","medical_deductions >  34.5 & medical_deductions <= 124.0 & unc_rawben_rel_max <=   1.3 & utilities <= 726.0","ranger",90,0.94444,0.89024,44,41,0.9318,0.0046,0.0012,0.419,0.1475,0.9705,1.3
"2-3","cat_elig <  1.00 & months_since_cert_n < 11.00 & unc_rawben_rel_max <  1.49","xgboost",2646,0.90023,0.89023,1268,1149,0.9062,0.1284,0.0647,12.088,0.1475,0.9705,1.3
"2-3","cat_elig <=   0.5 & homeless >   0.5 & shelter_expenses_by_hh_size <= 280.0 & utilities <=  33.5","ranger",52,0.96154,0.89023,25,25,1,0.0028,0,0.238,0.1475,0.9705,1.3
"2-3","cat_elig <= 0.5 & count_divisible_by_100 <= 0.5 & homeless > 0.5","ranger",52,0.96154,0.89023,27,27,1,0.003,0,0.257,0.1475,0.9705,1.3
"2-3","rawben_rel_max <=  0.997 & unc_rawben_rel_max > -0.929 & unc_rawben_rel_max <=  0.129","ranger",1279,0.90461,0.89023,633,575,0.9084,0.0642,0.0481,6.034,0.1475,0.9705,1.3
"2-3","HH_size_n <=  2.500 & rawben_rel_max >  0.995 & utilities > 22.000","ranger",2684,0.90015,0.89022,1333,1200,0.9002,0.134,0.1237,12.707,0.1475,0.9705,1.3
"2-3","cat_elig <= 0.50 & elderly_disabled_i > 0.50 & HH_size_n <= 2.50 & percent_abawd <= 0.75","ranger",496,0.91331,0.89022,277,249,0.8989,0.0278,0.0149,2.641,0.1475,0.9705,1.3
"2-3","percent_abawd <=  0.167 & rawben_rel_max <=  0.163 & unc_rawben_rel_max > -1.160","ranger",1405,0.90391,0.89019,680,614,0.9029,0.0686,0.0511,6.482,0.1475,0.9705,1.3
"2-3","rawben_rel_max >=   0.89 & total_deductions_by_hh_size >=   4.10 & total_deductions_by_hh_size < 184.00 & utilities < 376.00","xgboost",1073,0.90587,0.89017,585,511,0.8735,0.0571,0.0578,5.577,0.1475,0.9705,1.3
"2-3","cat_elig >   0.500 & cat_elig <=   1.500 & medical_deductions > 122.000 & unc_rawben_rel_max <=   0.159","ranger",148,0.93243,0.89015,123,114,0.9268,0.0127,0.0061,1.173,0.1475,0.9705,1.3
"2-3","expedited_i <=   0.500 & rawben_rel_max >   0.997 & total_deductions_by_hh_size >  55.000 & utilities > 451.000","ranger",2166,0.9012,0.89015,1065,965,0.9061,0.1078,0.0932,10.153,0.1475,0.9705,1.3
"2-3","married <=  0.500 & unc_rawben_rel_max <=  0.154 & utilities <= 58.500","ranger",148,0.93243,0.89015,67,60,0.8955,0.0067,0.0064,0.639,0.1475,0.9705,1.3
"2-3","HH_size_n >   2.5 & shelter_expenses_by_hh_size <= 267.0 & utilities <=  39.5","ranger",1897,0.90195,0.89014,966,852,0.882,0.0952,0.07,9.209,0.1475,0.9705,1.3
"2-3","cat_elig <  1.00 & medical_deductions <  8.00 & months_since_cert_n < 11.00 & unc_rawben_rel_max <  1.49","xgboost",2577,0.90027,0.89014,1229,1119,0.9105,0.125,0.0611,11.716,0.1475,0.9705,1.3
"2-3","medical_deductions <= 710.000 & months_since_cert_n >   5.500 & percent_abawd <=   1.750 & rawben_rel_max >   0.996","ranger",2203,0.90104,0.89008,1159,1031,0.8896,0.1152,0.1125,11.049,0.1475,0.9705,1.3
"2-3","cat_elig <=  1.5 & count_divisible_by_100 <=  0.5 & expedited_i <=  0.5 & utilities <= 78.5","ranger",2661,0.90004,0.89006,2011,1755,0.8727,0.196,0.1712,19.171,0.1475,0.9705,1.3
"2-3","expedited_i >  0.500 & months_since_cert_n <=  8.500 & unc_rawben_rel_max >  0.997 & utilities > 30.500","ranger",786,0.9084,0.89004,379,341,0.8997,0.0381,0.0381,3.613,0.1475,0.9705,1.3
"2-3","HH_size_n <=   2.50 & percent_abawd <=   1.42 & unc_rawben_rel_max >   1.00 & utilities > 188.00","ranger",2441,0.90045,0.89003,1236,1118,0.9045,0.1249,0.1077,11.783,0.1475,0.9705,1.3
"2-3","count_divisible_by_100 <=   0.5 & shelter_expenses_by_hh_size >  10.8 & shelter_expenses_by_hh_size <= 333.0 & total_deductions_by_hh_size <=  23.6","ranger",1218,0.90476,0.89001,591,531,0.8985,0.0593,0.0353,5.634,0.1475,0.9705,1.3
"2-3","total_deductions_by_hh_size >= 264 & total_deductions_by_hh_size < 288 & utilities >= 819","xgboost",65,0.95385,0.89001,40,33,0.825,0.0037,0.0035,0.381,0.1475,0.9705,1.3
"2-3","rawben_rel_max >=   0.916 & shelter_expenses_by_hh_size < 608.000 & total_deductions_by_hh_size < 381.000 & utilities >= 414.000","xgboost",2564,0.90016,0.88999,1200,1092,0.91,0.122,0.0888,11.439,0.1475,0.9705,1.3
"2-3","expedited_i >   0.500 & months_since_cert_n <=   4.500 & rawben_rel_max >   0.996 & shelter_expenses_by_hh_size > 339.000","ranger",372,0.91667,0.88998,180,162,0.9,0.0181,0.0163,1.716,0.1475,0.9705,1.3
"2-3","rawben_rel_max <=   0.155 & shelter_expenses_by_hh_size <= 858.000 & total_deductions_by_hh_size <= 673.000","ranger",1412,0.90368,0.88998,678,616,0.9086,0.0688,0.0431,6.463,0.1475,0.9705,1.3
"2-3","cat_elig <=  0.5 & children_i <=  0.5 & utilities <= 48.5","ranger",125,0.936,0.88996,70,66,0.9429,0.0074,0.003,0.667,0.1475,0.9705,1.3
"2-3","medical_deductions >=  13.0000 & rawben_rel_max <   0.0523 & total_deductions_by_hh_size >= 153.0000 & total_deductions_by_hh_size < 517.0000","xgboost",125,0.936,0.88996,47,44,0.9362,0.0049,0.002,0.448,0.1475,0.9705,1.3
"2-3","rawben_rel_max <   0.312 & total_deductions_by_hh_size < 184.000","xgboost",1576,0.90292,0.88995,711,644,0.9058,0.0719,0.0343,6.778,0.1475,0.9705,1.3
"2-3","cat_elig <=   0.500 & expedited_i >   0.500 & total_deductions_by_hh_size <= 135.000 & unc_rawben_rel_max >   0.717","ranger",246,0.92276,0.88994,112,109,0.9732,0.0122,0.0019,1.068,0.1475,0.9705,1.3
"2-3","elderly_disabled_i <=   0.500 & married >   0.500 & unc_rawben_rel_max >   0.997 & utilities <= 124.000","ranger",192,0.92708,0.88993,110,101,0.9182,0.0113,0.0042,1.049,0.1475,0.9705,1.3
"2-3","homeless >   0.500 & unc_rawben_rel_max >   0.997 & utilities <= 129.000","ranger",192,0.92708,0.88993,103,98,0.9515,0.0109,0.0029,0.982,0.1475,0.9705,1.3
"2-3","children_i <=   0.50 & total_deductions_by_hh_size <= 578.00 & unc_rawben_rel_max <=   0.18","ranger",874,0.90732,0.88991,431,388,0.9002,0.0433,0.0305,4.109,0.1475,0.9705,1.3
"2-3","HH_size_n >   2.5 & medical_deductions <= 130.0 & shelter_expenses_by_hh_size <= 112.0","ranger",1960,0.90153,0.8899,952,845,0.8876,0.0944,0.0722,9.075,0.1475,0.9705,1.3
"2-3","months_since_cert_n <   4.00 & shelter_expenses_by_hh_size < 113.00 & unc_rawben_rel_max <   1.05 & utilities >=  47.00","xgboost",181,0.92818,0.8899,64,52,0.8125,0.0058,0.0053,0.61,0.1475,0.9705,1.3
"2-3","rawben_rel_max <=   0.998 & total_deductions_by_hh_size <= 182.000 & unc_rawben_rel_max <=   0.312","ranger",1556,0.90296,0.8899,702,637,0.9074,0.0712,0.0335,6.692,0.1475,0.9705,1.3
"2-3","total_deductions_by_hh_size <= 1.220 & unc_rawben_rel_max > 0.129 & unc_rawben_rel_max <= 1.000","ranger",1343,0.90395,0.8899,653,582,0.8913,0.065,0.0423,6.225,0.1475,0.9705,1.3
"2-3","percent_abawd <   0.500 & rawben_rel_max <   0.137 & total_deductions_by_hh_size < 575.000","xgboost",1265,0.90435,0.88987,602,544,0.9037,0.0608,0.0459,5.739,0.1475,0.9705,1.3
"2-3","rawben_rel_max <   0.103 & total_deductions_by_hh_size >= 117.000 & total_deductions_by_hh_size < 314.000","xgboost",474,0.9135,0.88985,240,216,0.9,0.0241,0.023,2.288,0.1475,0.9705,1.3
"2-3","children_i <=  0.5 & homeless <=  0.5 & months_since_cert_n <= 36.5 & total_deductions_by_hh_size <= 62.0","ranger",1216,0.90461,0.88984,651,603,0.9263,0.0674,0.0336,6.206,0.1475,0.9705,1.3
"2-3","cat_elig <= 0.5 & months_since_cert_n <= 2.5","ranger",1167,0.90488,0.88981,595,548,0.921,0.0612,0.0271,5.672,0.1475,0.9705,1.3
"2-3","children_i >  0.500 & rawben_rel_max <=  0.998 & total_deductions_by_hh_size <=  1.570 & utilities <= 30.500","ranger",595,0.91092,0.88981,294,259,0.881,0.0289,0.02,2.803,0.1475,0.9705,1.3
"2-3","homeless >  0.5 & total_deductions_by_hh_size <= 23.6","ranger",235,0.9234,0.8898,128,119,0.9297,0.0133,0.0053,1.22,0.1475,0.9705,1.3
"2-3","rawben_rel_max <=   0.9970 & shelter_expenses_by_hh_size > 263.0000 & total_deductions_by_hh_size <= 552.0000 & unc_rawben_rel_max <=   0.0408","ranger",665,0.90977,0.8898,322,287,0.8913,0.0321,0.0288,3.07,0.1475,0.9705,1.3
"2-3","married >=  1.0 & total_deductions_by_hh_size < 61.5","xgboost",991,0.90616,0.88979,517,490,0.9478,0.0547,0.0124,4.929,0.1475,0.9705,1.3
"2-3","expedited_i <=   0.5 & HH_size_n <=   2.5 & total_deductions_by_hh_size <= 452.0 & utilities <=  30.5","ranger",2330,0.90043,0.88976,1206,1080,0.8955,0.1206,0.0906,11.497,0.1475,0.9705,1.3
"2-3","count_divisible_by_100 <=  0.500 & HH_size_n <=  2.500 & rawben_rel_max >  0.997 & utilities > 80.500","ranger",2253,0.90058,0.88972,1142,1035,0.9063,0.1156,0.0995,10.887,0.1475,0.9705,1.3
"2-3","expedited_i >   0.5 & months_since_cert_n <=   2.5 & shelter_expenses_by_hh_size <= 252.0 & utilities <=  33.5","ranger",402,0.91542,0.88972,220,209,0.95,0.0233,0.0093,2.097,0.1475,0.9705,1.3
"2-3","cat_elig <   2 & elderly_disabled_i >=   1 & married >=   1 & total_deductions_by_hh_size < 155","xgboost",892,0.90695,0.8897,610,561,0.9197,0.0627,0.0261,5.815,0.1475,0.9705,1.3
"2-3","months_since_cert_n <=   0.500 & rawben_rel_max >   0.895 & utilities <= 144.000","ranger",371,0.91644,0.88969,209,192,0.9187,0.0214,0.0167,1.992,0.1475,0.9705,1.3
"2-3","children_i >= 1.000 & expedited_i >= 1.000 & rawben_rel_max >= 0.708","xgboost",1822,0.90176,0.88968,947,857,0.905,0.0957,0.069,9.028,0.1475,0.9705,1.3
"2-3","cat_elig < 3.000 & rawben_rel_max < 0.112 & total_deductions_by_hh_size < 5.670","xgboost",256,0.92188,0.88966,138,134,0.971,0.015,0.0019,1.316,0.1475,0.9705,1.3
"2-3","HH_size_n <  3.000 & months_since_cert_n >=  3.000 & rawben_rel_max <  0.692 & total_deductions_by_hh_size < 10.800","xgboost",654,0.90979,0.88963,341,321,0.9413,0.0359,0.0122,3.251,0.1475,0.9705,1.3
"2-3","cat_elig <= 0.500 & count_divisible_by_100 <= 0.500 & percent_abawd > 0.167 & unc_rawben_rel_max > 0.377","ranger",136,0.93382,0.88962,93,79,0.8495,0.0088,0.0076,0.887,0.1475,0.9705,1.3
"2-3","percent_abawd <=   0.417 & rawben_rel_max <=   0.181 & shelter_expenses_by_hh_size <= 629.000 & unc_rawben_rel_max <=   0.997","ranger",1233,0.9043,0.88962,575,520,0.9043,0.0581,0.0335,5.481,0.1475,0.9705,1.3
"2-3","count_divisible_by_100 <   1 & elderly_disabled_i >=   1 & shelter_expenses_by_hh_size < 262 & total_deductions_by_hh_size < 261","xgboost",1628,0.90233,0.88956,857,750,0.8751,0.0838,0.0664,8.17,0.1475,0.9705,1.3
"2-3","HH_size_n <=   2.500 & shelter_expenses_by_hh_size > 278.000 & total_deductions_by_hh_size <= 452.000 & unc_rawben_rel_max >   0.995","ranger",1724,0.90197,0.88955,859,791,0.9208,0.0884,0.064,8.189,0.1475,0.9705,1.3
"2-3","cat_elig <   1 & utilities < 345","xgboost",1791,0.90173,0.88955,811,735,0.9063,0.0821,0.0442,7.731,0.1475,0.9705,1.3
"2-3","cat_elig <= 0.5 & count_divisible_by_100 <= 0.5 & elderly_disabled_i > 0.5","ranger",733,0.90859,0.88955,382,337,0.8822,0.0376,0.0234,3.642,0.1475,0.9705,1.3
"2-3","children_i <=  0.500 & percent_abawd <=  0.167 & total_deductions_by_hh_size <= 28.500","ranger",881,0.90692,0.88955,434,408,0.9401,0.0456,0.0192,4.137,0.1475,0.9705,1.3
"2-3","children_i >=   1.000 & elderly_disabled_i >=   1.000 & rawben_rel_max >=   0.493 & shelter_expenses_by_hh_size < 132.000","xgboost",213,0.92488,0.88955,117,98,0.8376,0.0109,0.0163,1.115,0.1475,0.9705,1.3
"2-3","children_i <= 0.500 & rawben_rel_max <= 0.149","ranger",812,0.90764,0.88954,408,370,0.9069,0.0413,0.0302,3.889,0.1475,0.9705,1.3
"2-3","cat_elig <=   0.5 & shelter_expenses_by_hh_size <= 339.0","ranger",2001,0.90105,0.88952,978,884,0.9039,0.0987,0.054,9.323,0.1475,0.9705,1.3
"2-3","expedited_i >   0.500 & total_deductions_by_hh_size <= 457.000 & unc_rawben_rel_max >   0.961 & utilities >  78.500","ranger",802,0.90773,0.88952,422,381,0.9028,0.0426,0.0342,4.023,0.1475,0.9705,1.3
"2-3","children_i <= 0.500 & rawben_rel_max > 0.996 & unc_rawben_rel_max <= 1.300","ranger",683,0.90922,0.88949,393,365,0.9288,0.0408,0.0191,3.746,0.1475,0.9705,1.3
"2-3","rawben_rel_max <   0.129 & unc_rawben_rel_max >=  -0.710 & utilities >= 361.000","xgboost",900,0.90667,0.88947,457,414,0.9059,0.0462,0.0365,4.357,0.1475,0.9705,1.3
"2-3","expedited_i >   0.5 & shelter_expenses_by_hh_size <= 252.0","ranger",1328,0.90361,0.88946,701,637,0.9087,0.0712,0.0489,6.683,0.1475,0.9705,1.3
"2-3","count_divisible_by_100 >   0.500 & elderly_disabled_i <=   0.500 & rawben_rel_max >   0.997 & total_deductions_by_hh_size <= 197.000","ranger",308,0.91883,0.88944,154,135,0.8766,0.0151,0.0162,1.468,0.1475,0.9705,1.3
"2-3","count_divisible_by_100 > 0.500 & unc_rawben_rel_max > 0.996 & unc_rawben_rel_max <= 1.330","ranger",603,0.91045,0.88944,287,258,0.899,0.0288,0.0242,2.736,0.1475,0.9705,1.3
"2-3","cat_elig >=   2.0000 & rawben_rel_max <   0.0763 & shelter_expenses_by_hh_size < 900.0000 & utilities >= 392.0000","xgboost",266,0.92105,0.88942,9,9,1,0.001,0,0.086,0.1475,0.9705,1.3
"2-3","married >  0.5 & total_deductions_by_hh_size <= 22.8","ranger",811,0.90752,0.88941,392,377,0.9617,0.0421,0.0071,3.737,0.1475,0.9705,1.3
"2-3","cat_elig <=   0.50 & shelter_expenses_by_hh_size <=  73.50 & total_deductions_by_hh_size <= 370.00 & unc_rawben_rel_max <=   1.08","ranger",411,0.91484,0.88939,240,216,0.9,0.0241,0.0138,2.288,0.1475,0.9705,1.3
"2-3","months_since_cert_n >=   9.000 & rawben_rel_max <   0.253 & total_deductions_by_hh_size < 210.000 & utilities >= 344.000","xgboost",339,0.9174,0.88938,138,125,0.9058,0.014,0.0076,1.316,0.1475,0.9705,1.3
"2-3","rawben_rel_max <=   0.0457 & shelter_expenses_by_hh_size <= 943.0000 & unc_rawben_rel_max <=   0.2420","ranger",860,0.90698,0.88938,429,390,0.9091,0.0436,0.0313,4.09,0.1475,0.9705,1.3
"2-3","months_since_cert_n >   7.500 & rawben_rel_max >   0.997 & total_deductions_by_hh_size <= 831.000 & unc_rawben_rel_max <=   1.800","ranger",1433,0.903,0.88937,786,704,0.8957,0.0786,0.0727,7.493,0.1475,0.9705,1.3
"2-3","cat_elig <=   1.500 & expedited_i >   0.500 & percent_abawd <=   0.583 & utilities <= 135.000","ranger",702,0.90883,0.88936,533,485,0.9099,0.0542,0.0371,5.081,0.1475,0.9705,1.3
"2-3","cat_elig <   2.0 & rawben_rel_max >=   0.9 & unc_rawben_rel_max >=   1.1 & utilities < 478.0","xgboost",2131,0.90052,0.88934,1587,1417,0.8929,0.1583,0.1546,15.129,0.1475,0.9705,1.3
"2-3","married >=  1.000 & percent_abawd <  0.333 & total_deductions_by_hh_size < 42.300","xgboost",840,0.90714,0.88934,418,402,0.9617,0.0449,0.0072,3.985,0.1475,0.9705,1.3
"2-3","elderly_disabled_i <   1.00 & months_since_cert_n >=   2.00 & unc_rawben_rel_max >=   1.07 & utilities >= 875.00","xgboost",180,0.92778,0.88931,108,99,0.9167,0.0111,0.0071,1.03,0.1475,0.9705,1.3
"2-3","cat_elig < 1 & months_since_cert_n < 4","xgboost",1605,0.90218,0.8893,788,720,0.9137,0.0804,0.0408,7.512,0.1475,0.9705,1.3
"2-3","months_since_cert_n > 5.500 & percent_abawd <= 1.750 & rawben_rel_max > 0.996","ranger",2206,0.90027,0.88928,1160,1031,0.8888,0.1152,0.1138,11.058,0.1475,0.9705,1.3
"2-3","cat_elig <=  0.500 & expedited_i <=  0.500 & rawben_rel_max >  0.931 & utilities > 46.000","ranger",562,0.91103,0.88926,244,222,0.9098,0.0248,0.0137,2.326,0.1475,0.9705,1.3
"2-3","cat_elig > 0.500 & percent_abawd <= 0.167 & rawben_rel_max <= 0.997 & unc_rawben_rel_max <= 0.129","ranger",1229,0.90399,0.88926,594,539,0.9074,0.0602,0.0452,5.663,0.1475,0.9705,1.3
"2-3","elderly_disabled_i > 0.500 & rawben_rel_max > 0.997 & unc_rawben_rel_max <= 1.390","ranger",552,0.91123,0.88926,304,276,0.9079,0.0308,0.0257,2.898,0.1475,0.9705,1.3
"2-3","elderly_disabled_i >=   1 & shelter_expenses_by_hh_size < 200 & utilities >= 284","xgboost",441,0.91383,0.88925,252,218,0.8651,0.0244,0.022,2.402,0.1475,0.9705,1.3
"2-3","cat_elig <=  0.5 & HH_size_n >  2.5 & homeless <=  0.5 & total_deductions_by_hh_size <= 52.2","ranger",390,0.91538,0.88924,204,187,0.9167,0.0209,0.0098,1.945,0.1475,0.9705,1.3
"2-3","children_i > 0.5 & count_divisible_by_100 <= 0.5 & homeless > 0.5","ranger",255,0.92157,0.88924,139,128,0.9209,0.0143,0.0067,1.325,0.1475,0.9705,1.3
"2-3","elderly_disabled_i >   0.500 & rawben_rel_max <=   0.197 & utilities > 252.000","ranger",1025,0.90537,0.88924,471,431,0.9151,0.0481,0.0246,4.49,0.1475,0.9705,1.3
"2-3","elderly_disabled_i > 0.500 & married > 0.500 & rawben_rel_max > 0.997 & unc_rawben_rel_max <= 1.760","ranger",297,0.91919,0.88923,159,143,0.8994,0.016,0.015,1.516,0.1475,0.9705,1.3
"2-3","medical_deductions <= 710.000 & months_since_cert_n >   5.500 & rawben_rel_max >   0.996","ranger",2205,0.90023,0.88923,1159,1031,0.8896,0.1152,0.1125,11.049,0.1475,0.9705,1.3
"2-3","cat_elig <=   0.500 & rawben_rel_max <=   0.428 & shelter_expenses_by_hh_size <= 334.000 & total_deductions_by_hh_size <=  52.200","ranger",101,0.94059,0.88922,55,51,0.9273,0.0057,0.0016,0.524,0.1475,0.9705,1.3
"2-3","children_i <   1.000 & rawben_rel_max <   0.207 & shelter_expenses_by_hh_size >= 180.000 & shelter_expenses_by_hh_size < 670.000","xgboost",711,0.90858,0.88922,343,314,0.9155,0.0351,0.0179,3.27,0.1475,0.9705,1.3
"2-3","children_i >  0.50 & months_since_cert_n > 12.50 & unc_rawben_rel_max <=  1.43 & utilities <= 22.00","ranger",101,0.94059,0.88922,46,41,0.8913,0.0046,0.0034,0.439,0.1475,0.9705,1.3
"2-3","rawben_rel_max <   0.137 & shelter_expenses_by_hh_size < 900.000 & utilities >= 875.000","xgboost",77,0.94805,0.88921,40,39,0.975,0.0044,3e-04,0.381,0.1475,0.9705,1.3
"2-3","cat_elig < 2.00 & months_since_cert_n >= 6.00 & unc_rawben_rel_max >= 1.11 & unc_rawben_rel_max < 1.12","xgboost",223,0.92377,0.88919,170,160,0.9412,0.0179,0.0081,1.621,0.1475,0.9705,1.3
"2-3","children_i >   0.500 & HH_size_n <=   2.500 & rawben_rel_max >   0.997 & total_deductions_by_hh_size > 197.000","ranger",1823,0.90126,0.88917,889,817,0.919,0.0913,0.0713,8.475,0.1475,0.9705,1.3
"2-3","children_i <=  0.5 & homeless <=  0.5 & total_deductions_by_hh_size <= 62.0","ranger",1218,0.90394,0.88914,653,605,0.9265,0.0676,0.0336,6.225,0.1475,0.9705,1.3
"2-3","cat_elig >   1.500 & expedited_i <=   0.500 & medical_deductions <= 232.000 & unc_rawben_rel_max >   0.997","ranger",2250,0.9,0.88911,246,225,0.9146,0.0251,0.0191,2.345,0.1475,0.9705,1.3
"2-3","cat_elig >   1.500 & rawben_rel_max >   0.997 & total_deductions_by_hh_size > 437.000 & unc_rawben_rel_max <=   1.420","ranger",124,0.93548,0.8891,4,3,0.75,3e-04,7e-04,0.038,0.1475,0.9705,1.3
"2-3","children_i < 1.000 & expedited_i >= 1.000 & married >= 1.000 & rawben_rel_max >= 0.695","xgboost",124,0.93548,0.8891,72,64,0.8889,0.0071,0.0057,0.686,0.1475,0.9705,1.3
"2-3","elderly_disabled_i <=   0.500 & HH_size_n <=   2.500 & shelter_expenses_by_hh_size > 252.000 & unc_rawben_rel_max >   0.988","ranger",1736,0.9015,0.8891,864,803,0.9294,0.0897,0.0603,8.236,0.1475,0.9705,1.3
"2-3","elderly_disabled_i >   0.5 & medical_deductions <=   5.5 & shelter_expenses_by_hh_size <= 299.0","ranger",1898,0.90095,0.88909,1015,888,0.8749,0.0992,0.0796,9.676,0.1475,0.9705,1.3
"2-3","married >   0.500 & shelter_expenses_by_hh_size <= 397.000 & unc_rawben_rel_max >   0.997","ranger",511,0.91194,0.88909,239,216,0.9038,0.0241,0.0189,2.278,0.1475,0.9705,1.3
"2-3","medical_deductions < 194.000 & rawben_rel_max >=   0.269 & shelter_expenses_by_hh_size >= 150.000 & total_deductions_by_hh_size <  31.500","xgboost",531,0.91149,0.88907,284,251,0.8838,0.028,0.0196,2.707,0.1475,0.9705,1.3
"2-3","months_since_cert_n >=   1.000 & rawben_rel_max <   0.647 & total_deductions_by_hh_size <  54.000 & utilities >= 385.000","xgboost",581,0.9105,0.88907,266,242,0.9098,0.027,0.0147,2.536,0.1475,0.9705,1.3
"2-3","count_divisible_by_100 <=   1.500 & months_since_cert_n >  18.500 & total_deductions_by_hh_size <= 532.000 & unc_rawben_rel_max >   0.998","ranger",89,0.94382,0.88906,20,18,0.9,0.002,0.0015,0.191,0.1475,0.9705,1.3
"2-3","months_since_cert_n >=  17.000 & rawben_rel_max <   0.398 & total_deductions_by_hh_size <  92.900 & utilities >= 436.000","xgboost",89,0.94382,0.88906,21,19,0.9048,0.0021,7e-04,0.2,0.1475,0.9705,1.3
"2-3","cat_elig <   1 & months_since_cert_n <   7 & shelter_expenses_by_hh_size < 363 & total_deductions_by_hh_size < 470","xgboost",1716,0.90152,0.88904,843,762,0.9039,0.0851,0.047,8.036,0.1475,0.9705,1.3
"2-3","cat_elig <   1 & shelter_expenses_by_hh_size < 363 & total_deductions_by_hh_size < 470","xgboost",2077,0.90034,0.889,1021,924,0.905,0.1032,0.0556,9.733,0.1475,0.9705,1.3
"2-3","cat_elig <=  1.500 & percent_abawd <=  0.583 & total_deductions_by_hh_size <= 22.000 & utilities > 32.500","ranger",788,0.90736,0.88895,529,475,0.8979,0.0531,0.0337,5.043,0.1475,0.9705,1.3
"2-3","children_i <= 0.500 & rawben_rel_max <= 0.158","ranger",837,0.90681,0.88894,421,380,0.9026,0.0424,0.0307,4.013,0.1475,0.9705,1.3
"2-3","months_since_cert_n >=   1.0 & months_since_cert_n <   8.0 & unc_rawben_rel_max >=   1.1 & utilities < 331.0","xgboost",1638,0.90171,0.88894,747,680,0.9103,0.076,0.0571,7.121,0.1475,0.9705,1.3
"2-3","elderly_disabled_i >   0.500 & rawben_rel_max <=   0.188 & utilities >  30.500 & utilities <= 864.000","ranger",954,0.90566,0.88893,441,401,0.9093,0.0448,0.0245,4.204,0.1475,0.9705,1.3
"2-3","cat_elig < 1 & children_i < 1 & months_since_cert_n >= 5","xgboost",201,0.92537,0.88891,103,92,0.8932,0.0103,0.0048,0.982,0.1475,0.9705,1.3
"2-3","months_since_cert_n < 10.000 & unc_rawben_rel_max < -0.108","xgboost",399,0.91479,0.88891,212,191,0.9009,0.0213,0.019,2.021,0.1475,0.9705,1.3
"2-3","medical_deductions > 128.000 & percent_abawd <=   0.417 & unc_rawben_rel_max <=   0.204","ranger",296,0.91892,0.88887,134,121,0.903,0.0135,0.0073,1.277,0.1475,0.9705,1.3
"2-3","rawben_rel_max <   0.403 & total_deductions_by_hh_size < 113.000 & unc_rawben_rel_max <   0.998","xgboost",1455,0.90241,0.88885,664,610,0.9187,0.0681,0.0274,6.33,0.1475,0.9705,1.3
"2-3","expedited_i >   0.500 & total_deductions_by_hh_size > 336.000 & total_deductions_by_hh_size <= 755.000 & unc_rawben_rel_max >   0.998","ranger",135,0.93333,0.88883,70,64,0.9143,0.0071,0.006,0.667,0.1475,0.9705,1.3
"2-3","expedited_i >=   1.00 & shelter_expenses_by_hh_size < 208.00 & unc_rawben_rel_max >=   1.16 & unc_rawben_rel_max <   1.36","xgboost",135,0.93333,0.88883,66,60,0.9091,0.0067,0.0062,0.629,0.1475,0.9705,1.3
"2-3","HH_size_n >   2.5 & married <=   0.5 & shelter_expenses_by_hh_size <= 334.0 & utilities <=  37.5","ranger",1779,0.90107,0.88881,874,770,0.881,0.086,0.0651,8.332,0.1475,0.9705,1.3
"2-3","homeless > 0.500 & months_since_cert_n <= 6.500 & unc_rawben_rel_max > 0.511","ranger",254,0.92126,0.88881,135,124,0.9185,0.0139,0.0069,1.287,0.1475,0.9705,1.3
"2-3","months_since_cert_n >=  5 & shelter_expenses_by_hh_size < 80","xgboost",1617,0.90167,0.88881,861,760,0.8827,0.0849,0.0696,8.208,0.1475,0.9705,1.3
"2-3","cat_elig <=   0.500 & rawben_rel_max >   0.927 & shelter_expenses_by_hh_size <= 331.000 & total_deductions_by_hh_size > 114.000","ranger",368,0.91576,0.8888,169,155,0.9172,0.0173,0.01,1.611,0.1475,0.9705,1.3
"2-3","cat_elig <= 1.500 & percent_abawd <= 0.167 & rawben_rel_max <= 0.128 & unc_rawben_rel_max <= 0.996","ranger",777,0.90734,0.88878,588,533,0.9065,0.0595,0.0452,5.605,0.1475,0.9705,1.3
"2-3","cat_elig <   1.000 & count_divisible_by_100 <   1.000 & shelter_expenses_by_hh_size < 390.000 & unc_rawben_rel_max >=   0.338","xgboost",1864,0.90075,0.88877,916,826,0.9017,0.0923,0.0514,8.732,0.1475,0.9705,1.3
"2-3","elderly_disabled_i > 0.500 & rawben_rel_max <= 0.197 & unc_rawben_rel_max <= 0.993","ranger",1156,0.90398,0.88877,527,480,0.9108,0.0536,0.0289,5.024,0.1475,0.9705,1.3
"2-3","months_since_cert_n >=  3.000 & rawben_rel_max <  0.137 & unc_rawben_rel_max >= -0.497","xgboost",865,0.90636,0.88877,439,400,0.9112,0.0447,0.0328,4.185,0.1475,0.9705,1.3
"2-3","rawben_rel_max <   0.176 & shelter_expenses_by_hh_size >= 208.000 & shelter_expenses_by_hh_size < 554.000","xgboost",865,0.90636,0.88877,416,373,0.8966,0.0417,0.0249,3.966,0.1475,0.9705,1.3
"2-3","total_deductions_by_hh_size <= 545.000 & unc_rawben_rel_max <=   0.129","ranger",1281,0.9032,0.88875,615,558,0.9073,0.0623,0.0455,5.863,0.1475,0.9705,1.3
"2-3","cat_elig <=   1.500 & medical_deductions > 116.000 & rawben_rel_max <=   0.163 & utilities <= 718.000","ranger",146,0.93151,0.88869,104,99,0.9519,0.0111,0.0022,0.991,0.1475,0.9705,1.3
"2-3","cat_elig <=  0.500 & months_since_cert_n >  5.500 & total_deductions_by_hh_size > 48.600 & unc_rawben_rel_max >  0.996","ranger",146,0.93151,0.88869,56,52,0.9286,0.0058,0.0028,0.534,0.1475,0.9705,1.3
"2-3","expedited_i <=  0.50 & months_since_cert_n > 12.50 & percent_abawd <=  0.75 & utilities <= 22.00","ranger",146,0.93151,0.88869,73,67,0.9178,0.0075,0.0043,0.696,0.1475,0.9705,1.3
"2-3","months_since_cert_n <  10.0000 & rawben_rel_max <   0.0436 & shelter_expenses_by_hh_size < 847.0000 & total_deductions_by_hh_size <  34.5000","xgboost",146,0.93151,0.88869,2,1,0.5,1e-04,3e-04,0.019,0.1475,0.9705,1.3
"2-3","expedited_i <=  0.500 & percent_abawd <=  0.167 & total_deductions_by_hh_size <= 21.700 & unc_rawben_rel_max <=  0.998","ranger",1729,0.9011,0.88865,856,765,0.8937,0.0855,0.0546,8.16,0.1475,0.9705,1.3
"2-3","homeless > 0.500 & months_since_cert_n > 0.500 & rawben_rel_max > 0.918 & total_deductions_by_hh_size <= 2.130","ranger",157,0.92994,0.88864,88,84,0.9545,0.0094,0.0027,0.839,0.1475,0.9705,1.3
"2-3","count_divisible_by_100 <= 0.500 & months_since_cert_n > 7.500 & unc_rawben_rel_max > 0.997 & unc_rawben_rel_max <= 1.540","ranger",1270,0.90315,0.88863,701,639,0.9116,0.0714,0.0572,6.683,0.1475,0.9705,1.3
"2-3","shelter_expenses_by_hh_size <= 858.00 & unc_rawben_rel_max <=   0.15","ranger",1385,0.90253,0.88862,666,606,0.9099,0.0677,0.0426,6.349,0.1475,0.9705,1.3
"2-3","cat_elig <=  1.5 & months_since_cert_n >  2.5 & utilities <= 22.0","ranger",1880,0.90053,0.8886,1390,1223,0.8799,0.1366,0.1123,13.251,0.1475,0.9705,1.3
"2-3","cat_elig < 1.0 & children_i < 1.0 & percent_abawd >= 0.5","xgboost",112,0.9375,0.88859,82,69,0.8415,0.0077,0.0074,0.782,0.1475,0.9705,1.3
"2-3","children_i >= 1.000 & count_divisible_by_100 < 1.000 & expedited_i >= 1.000 & rawben_rel_max >= 0.434","xgboost",1785,0.90084,0.88859,908,818,0.9009,0.0914,0.0666,8.656,0.1475,0.9705,1.3
"2-3","expedited_i >=   1.000 & months_since_cert_n <   5.000 & rawben_rel_max >=   0.717 & shelter_expenses_by_hh_size < 568.000","xgboost",1154,0.90381,0.88858,587,544,0.9267,0.0608,0.0384,5.596,0.1475,0.9705,1.3
"2-3","married >  0.500 & medical_deductions <= 56.500 & months_since_cert_n <= 14.500 & unc_rawben_rel_max >  0.997","ranger",844,0.9064,0.88858,425,381,0.8965,0.0426,0.0393,4.051,0.1475,0.9705,1.3
"2-3","children_i <=   0.5 & shelter_expenses_by_hh_size <= 300.0 & total_deductions_by_hh_size <=  27.0","ranger",902,0.90576,0.88853,471,438,0.9299,0.0489,0.023,4.49,0.1475,0.9705,1.3
"2-3","rawben_rel_max <   0.214 & total_deductions_by_hh_size < 340.000 & unc_rawben_rel_max >=  -0.497","xgboost",1489,0.90195,0.88853,709,636,0.897,0.071,0.0434,6.759,0.1475,0.9705,1.3
"2-3","HH_size_n <=   2.500 & rawben_rel_max >   0.997 & total_deductions_by_hh_size <= 197.000 & utilities >  49.000","ranger",295,0.91864,0.8885,156,133,0.8526,0.0149,0.0183,1.487,0.1475,0.9705,1.3
"2-3","married >   0.500 & rawben_rel_max >   0.904 & total_deductions_by_hh_size <= 563.000 & utilities <=  78.500","ranger",295,0.91864,0.8885,153,140,0.915,0.0156,0.006,1.459,0.1475,0.9705,1.3
"2-3","HH_size_n <= 2.500 & percent_abawd <= 0.167 & rawben_rel_max <= 0.184 & unc_rawben_rel_max <= 0.996","ranger",1364,0.90249,0.88847,656,594,0.9055,0.0664,0.0467,6.254,0.1475,0.9705,1.3
"2-3","shelter_expenses_by_hh_size > 150.000 & total_deductions_by_hh_size <= 100.000 & unc_rawben_rel_max <=   0.989 & utilities > 373.000","ranger",1124,0.90391,0.88847,593,534,0.9005,0.0597,0.03,5.653,0.1475,0.9705,1.3
"2-3","HH_size_n <   3.00 & shelter_expenses_by_hh_size < 337.00 & unc_rawben_rel_max <   1.55 & utilities >= 370.00","xgboost",1354,0.90251,0.88844,796,696,0.8744,0.0777,0.0621,7.588,0.1475,0.9705,1.3
"2-3","expedited_i <   1.000 & rawben_rel_max <   0.427 & total_deductions_by_hh_size < 128.000","xgboost",1621,0.9013,0.88843,741,680,0.9177,0.076,0.0289,7.064,0.1475,0.9705,1.3
"2-3","total_deductions_by_hh_size <  2.50000 & unc_rawben_rel_max >= -0.00871 & unc_rawben_rel_max <  0.99800","xgboost",1459,0.90199,0.88843,714,641,0.8978,0.0716,0.0431,6.806,0.1475,0.9705,1.3
"2-3","months_since_cert_n >=   3.0 & shelter_expenses_by_hh_size < 680.0 & unc_rawben_rel_max >=   1.2 & utilities >= 735.0","xgboost",232,0.92241,0.88841,116,103,0.8879,0.0115,0.0079,1.106,0.1475,0.9705,1.3
"2-3","months_since_cert_n >= 9.000 & rawben_rel_max >= 0.996 & unc_rawben_rel_max < 1.090","xgboost",336,0.91667,0.88841,206,194,0.9417,0.0217,0.0136,1.964,0.1475,0.9705,1.3
"2-3","months_since_cert_n <   2 & total_deductions_by_hh_size < 162 & utilities < 339","xgboost",1363,0.90242,0.88839,707,632,0.8939,0.0706,0.0501,6.74,0.1475,0.9705,1.3
"2-3","married >  0.500 & rawben_rel_max >  0.998 & utilities <= 48.500","ranger",253,0.92095,0.88838,136,128,0.9412,0.0143,0.0037,1.296,0.1475,0.9705,1.3
"2-3","cat_elig < 1.000 & children_i < 1.000 & months_since_cert_n >= 8.000 & rawben_rel_max >= 0.551","xgboost",64,0.95312,0.88837,43,39,0.907,0.0044,0.0022,0.41,0.1475,0.9705,1.3
"2-3","count_divisible_by_100 > 0.500 & count_divisible_by_100 <= 1.500 & rawben_rel_max <= 0.135","ranger",64,0.95312,0.88837,37,31,0.8378,0.0035,0.0049,0.353,0.1475,0.9705,1.3
"2-3","months_since_cert_n >=  16.00000 & total_deductions_by_hh_size < 517.00000 & unc_rawben_rel_max >=  -0.37300 & unc_rawben_rel_max <  -0.00871","xgboost",64,0.95312,0.88837,19,18,0.9474,0.002,8e-04,0.181,0.1475,0.9705,1.3
"2-3","cat_elig <=   0.5 & elderly_disabled_i >   0.5 & shelter_expenses_by_hh_size <= 848.0","ranger",764,0.90707,0.88832,398,353,0.8869,0.0394,0.0236,3.794,0.1475,0.9705,1.3
"2-3","expedited_i >= 1.000 & married < 1.000 & rawben_rel_max >= 0.808 & unc_rawben_rel_max >= 0.462","xgboost",1790,0.90056,0.88831,928,839,0.9041,0.0937,0.0699,8.847,0.1475,0.9705,1.3
"2-3","cat_elig <   2.00 & rawben_rel_max <   0.71 & total_deductions_by_hh_size <  40.00 & utilities >= 361.00","xgboost",417,0.91367,0.88829,311,286,0.9196,0.0319,0.0146,2.965,0.1475,0.9705,1.3
"2-3","cat_elig <= 0.5 & expedited_i > 0.5 & married <= 0.5","ranger",417,0.91367,0.88829,198,192,0.9697,0.0214,0.0045,1.888,0.1475,0.9705,1.3
"2-3","expedited_i >  0.5 & married <=  0.5 & utilities <= 24.0","ranger",929,0.90527,0.88827,469,430,0.9168,0.048,0.028,4.471,0.1475,0.9705,1.3
"2-3","rawben_rel_max <=   0.996 & shelter_expenses_by_hh_size <= 854.000 & total_deductions_by_hh_size <= 609.000 & unc_rawben_rel_max <=   0.162","ranger",1447,0.90187,0.88824,699,634,0.907,0.0708,0.044,6.663,0.1475,0.9705,1.3
"2-3","elderly_disabled_i <= 0.500 & HH_size_n <= 2.500 & homeless > 0.500 & rawben_rel_max > 0.682","ranger",189,0.92593,0.88822,109,103,0.945,0.0115,0.0043,1.039,0.1475,0.9705,1.3
"2-3","homeless >   0.500 & medical_deductions <= 399.000 & rawben_rel_max >   0.997 & total_deductions_by_hh_size <= 122.000","ranger",189,0.92593,0.88822,102,97,0.951,0.0108,0.0029,0.972,0.1475,0.9705,1.3
"2-3","count_divisible_by_100 >   0.500 & rawben_rel_max <=   0.142 & shelter_expenses_by_hh_size <= 625.000 & unc_rawben_rel_max <=   0.966","ranger",51,0.96078,0.8882,26,23,0.8846,0.0026,0.0016,0.248,0.1475,0.9705,1.3
"2-3","married >=   1.00 & percent_abawd <   0.50 & shelter_expenses_by_hh_size < 847.00 & unc_rawben_rel_max <   0.19","xgboost",675,0.90815,0.8882,308,283,0.9188,0.0316,0.0166,2.936,0.1475,0.9705,1.3
"2-3","percent_abawd <=  0.167 & rawben_rel_max <=  0.133 & unc_rawben_rel_max > -2.630","ranger",1265,0.90277,0.88819,608,549,0.903,0.0613,0.0476,5.796,0.1475,0.9705,1.3
"2-3","rawben_rel_max <=   0.997 & shelter_expenses_by_hh_size <= 852.000 & unc_rawben_rel_max <=   0.151","ranger",1389,0.90209,0.88818,666,606,0.9099,0.0677,0.0426,6.349,0.1475,0.9705,1.3
"2-3","cat_elig <=  0.500 & months_since_cert_n <= 15.500 & rawben_rel_max <=  0.420 & unc_rawben_rel_max <=  0.995","ranger",325,0.91692,0.88816,135,126,0.9333,0.0141,0.0048,1.287,0.1475,0.9705,1.3
"2-3","cat_elig >   0.5 & expedited_i >   0.5 & shelter_expenses_by_hh_size <= 252.0 & total_deductions_by_hh_size <= 336.0","ranger",1015,0.90443,0.88816,546,488,0.8938,0.0545,0.0444,5.205,0.1475,0.9705,1.3
"2-3","homeless <=   0.500 & rawben_rel_max <=   0.154 & total_deductions_by_hh_size <= 468.000","ranger",1379,0.9021,0.88814,657,595,0.9056,0.0665,0.0457,6.263,0.1475,0.9705,1.3
"2-3","expedited_i >   0.5 & married <=   0.5 & months_since_cert_n <=  12.0 & utilities <= 120.0","ranger",1034,0.90426,0.88813,521,471,0.904,0.0526,0.0384,4.967,0.1475,0.9705,1.3
"2-3","children_i <=   0.500 & HH_size_n <=   2.500 & medical_deductions <= 578.000 & rawben_rel_max <=   0.159","ranger",821,0.90621,0.88811,408,368,0.902,0.0411,0.0304,3.889,0.1475,0.9705,1.3
"2-3","shelter_expenses_by_hh_size <= 852.000 & unc_rawben_rel_max <=   0.154","ranger",1407,0.90192,0.88809,679,617,0.9087,0.0689,0.0431,6.473,0.1475,0.9705,1.3
"2-3","HH_size_n >   2.50 & rawben_rel_max >   0.97 & shelter_expenses_by_hh_size > 246.00 & unc_rawben_rel_max <=   1.30","ranger",811,0.90629,0.88808,428,379,0.8855,0.0423,0.0367,4.08,0.1475,0.9705,1.3
"2-3","cat_elig <=   1.500 & months_since_cert_n <=   5.500 & rawben_rel_max >   0.995 & utilities > 284.000","ranger",1786,0.90034,0.88806,1361,1221,0.8971,0.1364,0.1311,12.974,0.1475,0.9705,1.3
"2-3","count_divisible_by_100 >   0.500 & rawben_rel_max >   0.909 & total_deductions_by_hh_size <= 198.000","ranger",406,0.91379,0.88805,189,164,0.8677,0.0183,0.0207,1.802,0.1475,0.9705,1.3
"2-3","rawben_rel_max <   0.647 & total_deductions_by_hh_size <  54.000 & utilities >= 385.000","xgboost",625,0.9088,0.88805,284,258,0.9085,0.0288,0.0159,2.707,0.1475,0.9705,1.3
"2-3","count_divisible_by_100 <=  0.500 & expedited_i >  0.500 & unc_rawben_rel_max >  0.923 & utilities > 30.500","ranger",869,0.90564,0.88804,438,392,0.895,0.0438,0.0394,4.175,0.1475,0.9705,1.3
"2-3","children_i <=  0.5 & total_deductions_by_hh_size <= 62.0","ranger",1282,0.9025,0.88801,693,641,0.925,0.0716,0.0362,6.606,0.1475,0.9705,1.3
"2-3","children_i >   0.500 & count_divisible_by_100 >   0.500 & shelter_expenses_by_hh_size <= 262.000 & unc_rawben_rel_max >   0.996","ranger",345,0.91594,0.88801,186,163,0.8763,0.0182,0.0189,1.773,0.1475,0.9705,1.3
"2-3","cat_elig <=   0.5 & HH_size_n >   2.5 & shelter_expenses_by_hh_size <= 140.0","ranger",496,0.91129,0.888,243,220,0.9053,0.0246,0.0134,2.316,0.1475,0.9705,1.3
"2-3","cat_elig <=   0.50 & children_i <=   0.50 & percent_abawd <=   1.75 & shelter_expenses_by_hh_size > 401.00","ranger",167,0.92814,0.888,90,78,0.8667,0.0087,0.0054,0.858,0.1475,0.9705,1.3
"2-3","cat_elig >=  2.00 & months_since_cert_n <  4.00 & rawben_rel_max >=  0.19 & utilities < 28.00","xgboost",917,0.90513,0.88799,107,99,0.9252,0.0111,0.0036,1.02,0.1475,0.9705,1.3
"2-3","count_divisible_by_100 <  1.000 & months_since_cert_n >=  9.000 & percent_abawd <  0.333 & total_deductions_by_hh_size < 61.500","xgboost",936,0.90491,0.88795,521,469,0.9002,0.0524,0.0351,4.967,0.1475,0.9705,1.3
"2-3","cat_elig <=   0.500 & rawben_rel_max <=   0.999 & total_deductions_by_hh_size <=  58.600 & utilities <= 270.000","ranger",231,0.92208,0.88794,115,101,0.8783,0.0113,0.0073,1.096,0.1475,0.9705,1.3
"2-3","elderly_disabled_i >   0.500 & shelter_expenses_by_hh_size > 252.000 & unc_rawben_rel_max <=   0.149","ranger",771,0.90661,0.88793,368,334,0.9076,0.0373,0.0234,3.508,0.1475,0.9705,1.3
"2-3","count_divisible_by_100 <=   1.500 & rawben_rel_max <=   0.154 & shelter_expenses_by_hh_size <= 892.000 & unc_rawben_rel_max <=   0.997","ranger",1423,0.90162,0.88786,683,620,0.9078,0.0693,0.0442,6.511,0.1475,0.9705,1.3
"2-3","months_since_cert_n >=  6.0 & months_since_cert_n < 13.0 & total_deductions_by_hh_size < 70.0 & unc_rawben_rel_max <  1.3","xgboost",1480,0.90135,0.88786,805,720,0.8944,0.0804,0.0564,7.674,0.1475,0.9705,1.3
"2-3","cat_elig <= 0.5 & children_i > 0.5 & expedited_i > 0.5 & months_since_cert_n > 5.5","ranger",88,0.94318,0.88785,36,35,0.9722,0.0039,7e-04,0.343,0.1475,0.9705,1.3
"2-3","cat_elig <=   0.500 & rawben_rel_max >   0.892 & shelter_expenses_by_hh_size <= 135.000 & utilities >  52.000","ranger",76,0.94737,0.88782,31,28,0.9032,0.0031,0.0018,0.296,0.1475,0.9705,1.3
"2-3","children_i <=   0.500 & rawben_rel_max <=   0.993 & total_deductions_by_hh_size <=  23.000 & utilities <= 476.000","ranger",604,0.90894,0.88782,313,295,0.9425,0.033,0.0121,2.984,0.1475,0.9705,1.3
"2-3","HH_size_n <=  2.500 & rawben_rel_max <=  0.894 & total_deductions_by_hh_size <= 27.000","ranger",1213,0.90272,0.88781,600,553,0.9217,0.0618,0.0268,5.72,0.1475,0.9705,1.3
"2-3","homeless >  0.500 & months_since_cert_n <= 10.500 & rawben_rel_max >  0.786","ranger",262,0.91985,0.88777,143,134,0.9371,0.015,0.0055,1.363,0.1475,0.9705,1.3
"2-3","cat_elig <=  0.5 & HH_size_n >  2.5 & total_deductions_by_hh_size <= 54.7","ranger",415,0.91325,0.88776,213,195,0.9155,0.0218,0.0101,2.031,0.1475,0.9705,1.3
"2-3","expedited_i <= 0.500 & months_since_cert_n > 6.500 & rawben_rel_max > 0.996 & unc_rawben_rel_max <= 1.800","ranger",1450,0.90138,0.88774,755,675,0.894,0.0754,0.0785,7.197,0.1475,0.9705,1.3
"2-3","cat_elig >=   2 & months_since_cert_n <   7 & shelter_expenses_by_hh_size < 140","xgboost",1516,0.90106,0.88772,189,173,0.9153,0.0193,0.012,1.802,0.1475,0.9705,1.3
"2-3","months_since_cert_n >=   1.0000 & rawben_rel_max <   0.0436 & shelter_expenses_by_hh_size < 414.0000","xgboost",344,0.9157,0.88769,8,5,0.625,6e-04,0.0025,0.076,0.1475,0.9705,1.3
"2-3","HH_size_n <   3.000 & rawben_rel_max >=   0.859 & total_deductions_by_hh_size < 543.000 & utilities >= 560.000","xgboost",1173,0.90281,0.88765,619,563,0.9095,0.0629,0.0423,5.901,0.1475,0.9705,1.3
"2-3","cat_elig <   1 & elderly_disabled_i >=   1 & total_deductions_by_hh_size < 837","xgboost",769,0.90637,0.88764,403,357,0.8859,0.0399,0.0238,3.842,0.1475,0.9705,1.3
"2-3","rawben_rel_max <   0.282 & shelter_expenses_by_hh_size < 218.000 & total_deductions_by_hh_size <  54.000","xgboost",188,0.92553,0.88764,89,86,0.9663,0.0096,0.0023,0.848,0.1475,0.9705,1.3
"2-3","cat_elig <= 0.500 & expedited_i > 0.500 & months_since_cert_n > 1.500 & unc_rawben_rel_max > 0.975","ranger",272,0.91912,0.88761,131,126,0.9618,0.0141,0.0038,1.249,0.1475,0.9705,1.3
"2-3","shelter_expenses_by_hh_size < 280 & utilities >= 425 & utilities < 469","xgboost",514,0.91051,0.88759,349,301,0.8625,0.0336,0.0297,3.327,0.1475,0.9705,1.3
"2-3","HH_size_n <=   2.500 & rawben_rel_max <=   0.164 & total_deductions_by_hh_size <= 663.000","ranger",1353,0.9017,0.88757,673,607,0.9019,0.0678,0.0486,6.416,0.1475,0.9705,1.3
"2-3","elderly_disabled_i >   0.500 & expedited_i <=   0.500 & rawben_rel_max <=   0.928 & shelter_expenses_by_hh_size <= 252.000","ranger",1457,0.90117,0.88755,733,642,0.8759,0.0717,0.0491,6.988,0.1475,0.9705,1.3
"2-3","cat_elig >=   2.0 & shelter_expenses_by_hh_size < 155.0 & total_deductions_by_hh_size <  81.5","xgboost",1674,0.90024,0.88754,236,212,0.8983,0.0237,0.0176,2.25,0.1475,0.9705,1.3
"2-3","count_divisible_by_100 <=   0.500 & married >   0.500 & rawben_rel_max >   0.882 & shelter_expenses_by_hh_size <= 262.000","ranger",384,0.91406,0.88754,199,181,0.9095,0.0202,0.0131,1.897,0.1475,0.9705,1.3
"2-3","cat_elig <= 0.5 & expedited_i > 0.5 & homeless <= 0.5 & married <= 0.5","ranger",394,0.91371,0.88752,185,179,0.9676,0.02,0.0045,1.764,0.1475,0.9705,1.3
"2-3","cat_elig >=  1.0 & months_since_cert_n >=  6.0 & total_deductions_by_hh_size < 63.3","xgboost",1617,0.90043,0.88751,850,762,0.8965,0.0851,0.0588,8.103,0.1475,0.9705,1.3
"2-3","cat_elig < 1.0 & children_i < 1.0 & percent_abawd < 0.5","xgboost",414,0.91304,0.8875,197,178,0.9036,0.0199,0.0091,1.878,0.1475,0.9705,1.3
"2-3","HH_size_n <=   2.500 & months_since_cert_n <=   5.500 & shelter_expenses_by_hh_size > 250.000 & unc_rawben_rel_max >   0.996","ranger",1456,0.9011,0.88748,712,646,0.9073,0.0722,0.065,6.787,0.1475,0.9705,1.3
"2-3","elderly_disabled_i >=   1.0 & shelter_expenses_by_hh_size >= 170.0 & shelter_expenses_by_hh_size < 197.0 & total_deductions_by_hh_size <  87.5","xgboost",177,0.92655,0.88748,121,105,0.8678,0.0117,0.0094,1.153,0.1475,0.9705,1.3
"2-3","homeless >   0.500 & married <=   0.500 & rawben_rel_max >   0.997 & shelter_expenses_by_hh_size <= 252.000","ranger",177,0.92655,0.88748,88,84,0.9545,0.0094,0.0027,0.839,0.1475,0.9705,1.3
"2-3","HH_size_n >   2.500 & months_since_cert_n >   6.500 & unc_rawben_rel_max >   0.998 & utilities <= 902.000","ranger",690,0.90725,0.88745,359,305,0.8496,0.0341,0.0486,3.422,0.1475,0.9705,1.3
"2-3","cat_elig <=   2.5 & count_divisible_by_100 <=   0.5 & expedited_i >   0.5 & shelter_expenses_by_hh_size <= 305.0","ranger",1323,0.90174,0.88744,697,631,0.9053,0.0705,0.0463,6.644,0.1475,0.9705,1.3
"2-3","expedited_i >=   1.000 & months_since_cert_n >=   4.000 & rawben_rel_max >=   0.902 & utilities < 524.000","xgboost",680,0.90735,0.88741,358,322,0.8994,0.036,0.029,3.413,0.1475,0.9705,1.3
"2-3","cat_elig >=   2.000 & total_deductions_by_hh_size >= 248.000 & unc_rawben_rel_max >=   0.998 & unc_rawben_rel_max <   1.490","xgboost",883,0.90487,0.88737,53,49,0.9245,0.0055,0.0017,0.505,0.1475,0.9705,1.3
"2-3","HH_size_n <   3.00 & months_since_cert_n <   4.00 & unc_rawben_rel_max >=   1.13 & utilities >= 707.00","xgboost",166,0.92771,0.88734,82,76,0.9268,0.0085,0.0082,0.782,0.1475,0.9705,1.3
"2-3","cat_elig <= 0.500 & count_divisible_by_100 > 0.500 & percent_abawd <= 0.167 & rawben_rel_max > 0.923","ranger",122,0.93443,0.88734,63,60,0.9524,0.0067,0.0032,0.601,0.1475,0.9705,1.3
"2-3","elderly_disabled_i <=  0.5 & expedited_i >  0.5 & utilities <= 30.5","ranger",998,0.90381,0.88734,502,460,0.9163,0.0514,0.0291,4.786,0.1475,0.9705,1.3
"2-3","expedited_i >   0.500 & percent_abawd <=   0.583 & utilities <= 135.000","ranger",1103,0.90299,0.88733,576,523,0.908,0.0584,0.0404,5.491,0.1475,0.9705,1.3
"2-3","cat_elig <=  1.500 & months_since_cert_n <=  8.500 & total_deductions_by_hh_size <= 29.900 & unc_rawben_rel_max <=  0.898","ranger",921,0.90445,0.88731,608,546,0.898,0.061,0.0371,5.796,0.1475,0.9705,1.3
"2-3","rawben_rel_max <   0.312 & total_deductions_by_hh_size < 184.000 & unc_rawben_rel_max >=  -0.211 & utilities < 612.000","xgboost",1217,0.90222,0.88731,531,479,0.9021,0.0535,0.0262,5.062,0.1475,0.9705,1.3
"2-3","expedited_i >= 1.00 & unc_rawben_rel_max >= 1.12 & unc_rawben_rel_max < 1.42","xgboost",552,0.90942,0.88728,290,259,0.8931,0.0289,0.0291,2.765,0.1475,0.9705,1.3
"2-3","children_i <= 0.50 & months_since_cert_n <= 6.50 & unc_rawben_rel_max <= 0.19","ranger",463,0.91145,0.88727,233,206,0.8841,0.023,0.0186,2.221,0.1475,0.9705,1.3
"2-3","children_i >   0.500 & homeless >   0.500 & rawben_rel_max >   0.569 & total_deductions_by_hh_size <= 138.000","ranger",198,0.92424,0.88727,109,104,0.9541,0.0116,0.0027,1.039,0.1475,0.9705,1.3
"2-3","elderly_disabled_i >   0.500 & medical_deductions <= 575.000 & rawben_rel_max <=   0.996 & shelter_expenses_by_hh_size <= 252.000","ranger",1510,0.90066,0.88727,767,668,0.8709,0.0746,0.0569,7.312,0.1475,0.9705,1.3
"2-3","married >  0.500 & months_since_cert_n <=  4.500 & rawben_rel_max >  0.752 & utilities <= 78.500","ranger",198,0.92424,0.88727,120,104,0.8667,0.0116,0.0081,1.144,0.1475,0.9705,1.3
"2-3","months_since_cert_n <   2.000 & rawben_rel_max <   0.161 & total_deductions_by_hh_size < 304.000","xgboost",198,0.92424,0.88727,105,95,0.9048,0.0106,0.0058,1.001,0.1475,0.9705,1.3
"2-3","rawben_rel_max >=   0.993 & total_deductions_by_hh_size < 677.000 & unc_rawben_rel_max <   1.360 & utilities >= 819.000","xgboost",383,0.91384,0.88725,273,249,0.9121,0.0278,0.0212,2.602,0.1475,0.9705,1.3
"2-3","rawben_rel_max <   0.129 & unc_rawben_rel_max >=  -0.710 & utilities >= 361.000 & utilities < 452.000","xgboost",219,0.92237,0.88721,113,105,0.9292,0.0117,0.0088,1.077,0.1475,0.9705,1.3
"2-3","count_divisible_by_100 <= 1.500 & percent_abawd <= 0.167 & unc_rawben_rel_max <= 0.150","ranger",1358,0.90133,0.8872,657,592,0.9011,0.0661,0.05,6.263,0.1475,0.9705,1.3
"2-3","HH_size_n <=  2.500 & total_deductions_by_hh_size <= 55.000 & unc_rawben_rel_max <=  0.875","ranger",1424,0.90098,0.88719,729,661,0.9067,0.0738,0.0376,6.949,0.1475,0.9705,1.3
"2-3","rawben_rel_max <=  0.272 & shelter_expenses_by_hh_size >  0.500 & total_deductions_by_hh_size > 55.300 & utilities <= 53.000","ranger",144,0.93056,0.88719,72,58,0.8056,0.0065,0.0078,0.686,0.1475,0.9705,1.3
"2-3","cat_elig <   2.0 & expedited_i >=   1.0 & total_deductions_by_hh_size < 300.0 & unc_rawben_rel_max >=   1.1","xgboost",698,0.90688,0.88718,420,385,0.9167,0.043,0.0287,4.004,0.1475,0.9705,1.3
"2-3","cat_elig <   2.0000 & rawben_rel_max <   0.0436 & total_deductions_by_hh_size < 563.0000 & unc_rawben_rel_max <   0.1180","xgboost",522,0.90996,0.88718,12,9,0.75,0.001,0.0025,0.114,0.1475,0.9705,1.3
"2-3","HH_size_n <   3.000 & rawben_rel_max <   0.194 & total_deductions_by_hh_size < 563.000","xgboost",1452,0.90083,0.88717,697,631,0.9053,0.0705,0.0463,6.644,0.1475,0.9705,1.3
"2-3","expedited_i >   0.500 & medical_deductions <= 104.000 & percent_abawd <=   0.167 & shelter_expenses_by_hh_size <= 396.000","ranger",1499,0.9006,0.88716,782,707,0.9041,0.079,0.054,7.455,0.1475,0.9705,1.3
"2-3","children_i >=   1 & shelter_expenses_by_hh_size < 245 & total_deductions_by_hh_size >=  85 & utilities >= 417","xgboost",756,0.90608,0.88715,384,330,0.8594,0.0369,0.0372,3.661,0.1475,0.9705,1.3
"2-3","cat_elig <  2 & months_since_cert_n >=  6 & total_deductions_by_hh_size < 70","xgboost",1177,0.90229,0.88712,879,787,0.8953,0.0879,0.0586,8.379,0.1475,0.9705,1.3
"2-3","cat_elig <=   0.5 & HH_size_n >   2.5 & medical_deductions <=  61.5 & shelter_expenses_by_hh_size <= 140.0","ranger",492,0.91057,0.8871,242,219,0.905,0.0245,0.0134,2.307,0.1475,0.9705,1.3
"2-3","count_divisible_by_100 >=   1.000 & rawben_rel_max >=   0.942 & total_deductions_by_hh_size < 490.000 & unc_rawben_rel_max <   1.080","xgboost",332,0.91566,0.88709,146,124,0.8493,0.0139,0.0206,1.392,0.1475,0.9705,1.3
"2-3","percent_abawd <=   0.167 & total_deductions_by_hh_size > 342.000 & total_deductions_by_hh_size <= 626.000 & unc_rawben_rel_max >   1.000","ranger",678,0.90708,0.88709,314,281,0.8949,0.0314,0.0291,2.993,0.1475,0.9705,1.3
"2-3","cat_elig <=   0.5 & expedited_i >   0.5 & shelter_expenses_by_hh_size <= 138.0","ranger",250,0.92,0.88707,116,113,0.9741,0.0126,0.0019,1.106,0.1475,0.9705,1.3
"2-3","cat_elig <=   0.500 & children_i <=   0.500 & rawben_rel_max >   0.972 & shelter_expenses_by_hh_size <= 262.000","ranger",99,0.93939,0.88707,55,53,0.9636,0.0059,0.0016,0.524,0.1475,0.9705,1.3
"2-3","cat_elig <=   0.500 & rawben_rel_max <=   0.997 & shelter_expenses_by_hh_size <= 979.000 & utilities > 644.000","ranger",99,0.93939,0.88707,35,35,1,0.0039,0,0.334,0.1475,0.9705,1.3
"2-3","expedited_i >  0.500 & married <=  0.500 & unc_rawben_rel_max >  0.997 & utilities > 78.500","ranger",707,0.90665,0.88707,371,335,0.903,0.0374,0.0303,3.537,0.1475,0.9705,1.3
"2-3","expedited_i <=   0.500 & rawben_rel_max <=   0.163 & shelter_expenses_by_hh_size <= 898.000","ranger",1441,0.90076,0.88705,688,624,0.907,0.0697,0.0437,6.559,0.1475,0.9705,1.3
"2-3","elderly_disabled_i <=   0.500 & rawben_rel_max >   0.989 & shelter_expenses_by_hh_size <= 252.000 & unc_rawben_rel_max >   1.190","ranger",813,0.90529,0.88703,391,344,0.8798,0.0384,0.0453,3.727,0.1475,0.9705,1.3
"2-3","expedited_i > 0.500 & HH_size_n > 2.500 & unc_rawben_rel_max > 0.782 & unc_rawben_rel_max <= 1.300","ranger",629,0.90779,0.88703,346,314,0.9075,0.0351,0.0257,3.298,0.1475,0.9705,1.3
"2-3","months_since_cert_n >=   2.000 & rawben_rel_max <   0.342 & total_deductions_by_hh_size < 145.000","xgboost",1176,0.90221,0.88703,520,474,0.9115,0.0529,0.0211,4.957,0.1475,0.9705,1.3
"2-3","months_since_cert_n >   7.500 & total_deductions_by_hh_size <= 565.000 & unc_rawben_rel_max >   0.996","ranger",1403,0.90093,0.88702,759,677,0.892,0.0756,0.073,7.235,0.1475,0.9705,1.3
"2-3","cat_elig <=  0.5 & HH_size_n >  2.5 & married <=  0.5 & utilities <= 78.5","ranger",422,0.91232,0.88697,212,194,0.9151,0.0217,0.0102,2.021,0.1475,0.9705,1.3
"2-3","cat_elig >  0.50 & total_deductions_by_hh_size <= 22.40 & unc_rawben_rel_max <=  0.38","ranger",716,0.90642,0.88696,337,324,0.9614,0.0362,0.0069,3.213,0.1475,0.9705,1.3
"2-3","cat_elig >=   2 & HH_size_n <   3 & total_deductions_by_hh_size <  54 & utilities < 385","xgboost",1061,0.90292,0.88693,135,121,0.8963,0.0135,0.0103,1.287,0.1475,0.9705,1.3
"2-3","elderly_disabled_i >   0.500 & months_since_cert_n <=   7.500 & shelter_expenses_by_hh_size <= 263.000 & unc_rawben_rel_max <=   0.901","ranger",1042,0.90307,0.88693,523,463,0.8853,0.0517,0.0331,4.986,0.1475,0.9705,1.3
"2-3","months_since_cert_n >=   3.00 & months_since_cert_n <   5.00 & shelter_expenses_by_hh_size < 184.00 & unc_rawben_rel_max >=   1.09","xgboost",560,0.90893,0.88691,246,223,0.9065,0.0249,0.0206,2.345,0.1475,0.9705,1.3
"2-3","rawben_rel_max <=   0.151 & total_deductions_by_hh_size <= 506.000","ranger",1392,0.90086,0.8869,665,600,0.9023,0.067,0.0494,6.339,0.1475,0.9705,1.3
"2-3","total_deductions_by_hh_size <  34.500 & unc_rawben_rel_max <   0.462 & utilities >= 366.000","xgboost",501,0.91018,0.8869,236,221,0.9364,0.0247,0.0077,2.25,0.1475,0.9705,1.3
"2-3","cat_elig <   1.000 & percent_abawd <   0.667 & rawben_rel_max <   0.660 & total_deductions_by_hh_size < 156.000","xgboost",491,0.91039,0.88687,235,206,0.8766,0.023,0.0136,2.24,0.1475,0.9705,1.3
"2-3","cat_elig >   0.500 & rawben_rel_max <=   0.997 & total_deductions_by_hh_size <= 490.000 & unc_rawben_rel_max <=   0.150","ranger",1354,0.90103,0.88687,651,589,0.9048,0.0658,0.0457,6.206,0.1475,0.9705,1.3
"2-3","cat_elig <=  0.500 & children_i >  0.500 & total_deductions_by_hh_size > 52.200 & unc_rawben_rel_max >  0.975","ranger",589,0.90832,0.88685,273,254,0.9304,0.0284,0.0125,2.602,0.1475,0.9705,1.3
"2-3","cat_elig <=  0.500 & expedited_i <=  0.500 & shelter_expenses_by_hh_size > 12.400 & unc_rawben_rel_max >  0.949","ranger",589,0.90832,0.88685,249,229,0.9197,0.0256,0.0124,2.374,0.1475,0.9705,1.3
"2-3","cat_elig >   0.500 & shelter_expenses_by_hh_size <= 852.000 & unc_rawben_rel_max <=   0.154","ranger",1382,0.90087,0.88685,672,610,0.9077,0.0681,0.0431,6.406,0.1475,0.9705,1.3
"2-3","elderly_disabled_i <=   0.500 & shelter_expenses_by_hh_size > 326.000 & unc_rawben_rel_max >   0.997 & utilities > 437.000","ranger",1485,0.90034,0.88681,743,679,0.9139,0.0758,0.0556,7.083,0.1475,0.9705,1.3
"2-3","cat_elig <=    0.500 & shelter_expenses_by_hh_size >  135.000 & total_deductions_by_hh_size <= 1680.000 & unc_rawben_rel_max >    0.922","ranger",715,0.90629,0.8868,329,305,0.9271,0.0341,0.015,3.136,0.1475,0.9705,1.3
"2-3","expedited_i >   0.500 & months_since_cert_n >   4.500 & unc_rawben_rel_max >   0.942 & utilities <= 628.000","ranger",520,0.90962,0.88676,287,255,0.8885,0.0285,0.0232,2.736,0.1475,0.9705,1.3
"2-3","count_divisible_by_100 >=   1.000 & total_deductions_by_hh_size < 563.000 & unc_rawben_rel_max >=   0.998 & unc_rawben_rel_max <   1.210","xgboost",441,0.91156,0.88674,220,197,0.8955,0.022,0.0211,2.097,0.1475,0.9705,1.3
"2-3","children_i <=  0.500 & total_deductions_by_hh_size <= 30.300 & unc_rawben_rel_max > -0.513","ranger",1059,0.90274,0.88672,553,515,0.9313,0.0575,0.0262,5.272,0.1475,0.9705,1.3
"2-3","elderly_disabled_i >=   1.00 & total_deductions_by_hh_size >= 304.00 & unc_rawben_rel_max >=   1.01 & unc_rawben_rel_max <   1.42","xgboost",341,0.91496,0.88672,191,172,0.9005,0.0192,0.0143,1.821,0.1475,0.9705,1.3
"2-3","rawben_rel_max >   0.00457 & shelter_expenses_by_hh_size <= 869.00000 & unc_rawben_rel_max <=   0.16200","ranger",1465,0.90034,0.88672,702,636,0.906,0.071,0.0447,6.692,0.1475,0.9705,1.3
"2-3","cat_elig < 1.000 & elderly_disabled_i >= 1.000 & rawben_rel_max < 0.667","xgboost",421,0.91211,0.8867,205,185,0.9024,0.0207,0.0078,1.954,0.1475,0.9705,1.3
"2-3","married >   0.5 & medical_deductions <= 131.0 & months_since_cert_n <=   5.5 & utilities <= 263.0","ranger",421,0.91211,0.8867,218,188,0.8624,0.021,0.0158,2.078,0.1475,0.9705,1.3
"2-3","cat_elig <=   0.500 & months_since_cert_n <=  15.500 & shelter_expenses_by_hh_size > 170.000 & unc_rawben_rel_max >   0.995","ranger",500,0.91,0.88668,211,199,0.9431,0.0222,0.0081,2.011,0.1475,0.9705,1.3
"2-3","months_since_cert_n <   10.00000 & total_deductions_by_hh_size >=    4.10000 & unc_rawben_rel_max <   -0.00871 & utilities < 1010.00000","xgboost",401,0.91272,0.88668,207,185,0.8937,0.0207,0.0196,1.973,0.1475,0.9705,1.3
"2-3","HH_size_n <=   2.500 & medical_deductions <= 116.000 & rawben_rel_max <=   0.894 & total_deductions_by_hh_size <=  31.200","ranger",1229,0.90155,0.88667,619,569,0.9192,0.0636,0.0279,5.901,0.1475,0.9705,1.3
"2-3","expedited_i >   0.500 & homeless >   0.500 & rawben_rel_max >   0.472 & total_deductions_by_hh_size <= 378.000","ranger",110,0.93636,0.88664,57,56,0.9825,0.0063,8e-04,0.543,0.1475,0.9705,1.3
"2-3","medical_deductions > 274.000 & months_since_cert_n <=  11.500 & unc_rawben_rel_max <=   0.366","ranger",110,0.93636,0.88664,63,56,0.8889,0.0063,0.0037,0.601,0.1475,0.9705,1.3
"2-3","percent_abawd >=   0.333 & total_deductions_by_hh_size >= 225.000 & unc_rawben_rel_max >=   0.998 & unc_rawben_rel_max <   1.340","xgboost",110,0.93636,0.88664,100,94,0.94,0.0105,0.0037,0.953,0.1475,0.9705,1.3
"2-3","months_since_cert_n <   8.0000 & rawben_rel_max <   0.0436 & utilities >= 688.0000","xgboost",87,0.94253,0.88661,3,3,1,3e-04,0,0.029,0.1475,0.9705,1.3
"2-3","count_divisible_by_100 <= 0.500 & percent_abawd <= 0.167 & rawben_rel_max <= 0.997 & unc_rawben_rel_max <= 0.129","ranger",1181,0.90178,0.8866,565,516,0.9133,0.0576,0.0393,5.386,0.1475,0.9705,1.3
"2-3","children_i <=   0.500 & medical_deductions <= 148.000 & unc_rawben_rel_max >   0.997 & unc_rawben_rel_max <=   1.340","ranger",704,0.90625,0.88659,422,392,0.9289,0.0438,0.0211,4.023,0.1475,0.9705,1.3
"2-3","cat_elig <=   0.500 & HH_size_n >   2.500 & percent_abawd <=   0.167 & shelter_expenses_by_hh_size <= 135.000","ranger",470,0.91064,0.88658,236,213,0.9025,0.0238,0.0134,2.25,0.1475,0.9705,1.3
"2-3","months_since_cert_n >=   6.000 & rawben_rel_max >=   0.649 & shelter_expenses_by_hh_size < 138.000","xgboost",1124,0.90214,0.88658,589,522,0.8862,0.0583,0.0477,5.615,0.1475,0.9705,1.3
"2-3","total_deductions_by_hh_size < 563.000 & unc_rawben_rel_max <   0.118","xgboost",1228,0.90147,0.88658,582,525,0.9021,0.0586,0.046,5.548,0.1475,0.9705,1.3
"2-3","cat_elig < 1.000 & months_since_cert_n < 3.000 & rawben_rel_max >= 0.624","xgboost",867,0.90427,0.88655,441,413,0.9365,0.0461,0.0161,4.204,0.1475,0.9705,1.3
"2-3","shelter_expenses_by_hh_size >= 385.00 & total_deductions_by_hh_size < 200.00 & unc_rawben_rel_max <   1.11 & utilities >= 493.00","xgboost",519,0.90944,0.88654,216,188,0.8704,0.021,0.0138,2.059,0.1475,0.9705,1.3
"2-3","cat_elig <   2.000 & medical_deductions >= 123.000 & rawben_rel_max <   0.161","xgboost",154,0.92857,0.88653,125,115,0.92,0.0128,0.0063,1.192,0.1475,0.9705,1.3
"2-3","homeless >   0.5 & shelter_expenses_by_hh_size <= 945.0 & total_deductions_by_hh_size <= 152.0 & utilities <= 358.0","ranger",259,0.91892,0.8865,150,138,0.92,0.0154,0.0069,1.43,0.1475,0.9705,1.3
"2-3","HH_size_n <   3 & shelter_expenses_by_hh_size < 615 & total_deductions_by_hh_size < 401 & utilities >= 875","xgboost",186,0.92473,0.88647,110,98,0.8909,0.0109,0.0076,1.049,0.1475,0.9705,1.3
"2-3","children_i >   0.5 & homeless >   0.5 & shelter_expenses_by_hh_size <= 285.0 & utilities <=  30.5","ranger",186,0.92473,0.88647,94,87,0.9255,0.0097,0.0041,0.896,0.1475,0.9705,1.3
"2-3","count_divisible_by_100 <= 0.500 & homeless > 0.500 & married <= 0.500 & unc_rawben_rel_max > 0.997","ranger",186,0.92473,0.88647,97,93,0.9588,0.0104,0.0027,0.925,0.1475,0.9705,1.3
"2-3","elderly_disabled_i <= 0.500 & homeless > 0.500 & months_since_cert_n <= 7.500 & rawben_rel_max > 0.997","ranger",186,0.92473,0.88647,94,89,0.9468,0.0099,0.0029,0.896,0.1475,0.9705,1.3
"2-3","HH_size_n <= 2.500 & percent_abawd <= 0.167 & rawben_rel_max <= 0.997 & unc_rawben_rel_max <= 0.197","ranger",1424,0.90028,0.88645,683,618,0.9048,0.069,0.0475,6.511,0.1475,0.9705,1.3
"2-3","count_divisible_by_100 >  0.500 & unc_rawben_rel_max >  0.823 & unc_rawben_rel_max <=  1.060 & utilities <= 85.500","ranger",207,0.92271,0.88643,72,66,0.9167,0.0074,0.0061,0.686,0.1475,0.9705,1.3
"2-3","homeless >   0.5 & months_since_cert_n <=   3.5 & shelter_expenses_by_hh_size <= 160.0","ranger",143,0.93007,0.88642,71,66,0.9296,0.0074,0.0035,0.677,0.1475,0.9705,1.3
"2-3","months_since_cert_n >   7.50 & months_since_cert_n <=  15.50 & rawben_rel_max >   0.88 & utilities <= 340.00","ranger",674,0.90653,0.88642,346,304,0.8786,0.034,0.0374,3.298,0.1475,0.9705,1.3
"2-3","count_divisible_by_100 >   0.500 & medical_deductions <= 571.000 & shelter_expenses_by_hh_size <= 263.000 & unc_rawben_rel_max >   0.972","ranger",400,0.9125,0.8864,206,182,0.8835,0.0203,0.0192,1.964,0.1475,0.9705,1.3
"2-3","shelter_expenses_by_hh_size >= 262.000 & shelter_expenses_by_hh_size < 274.000 & total_deductions_by_hh_size <  79.500 & unc_rawben_rel_max >=  -0.497","xgboost",75,0.94667,0.88639,32,30,0.9375,0.0034,0.0013,0.305,0.1475,0.9705,1.3
"2-3","HH_size_n <=  2.500 & homeless <=  0.500 & total_deductions_by_hh_size <= 55.000 & unc_rawben_rel_max <=  0.875","ranger",1395,0.90036,0.88638,718,652,0.9081,0.0728,0.0363,6.845,0.1475,0.9705,1.3
"2-3","married >=  1.00 & total_deductions_by_hh_size < 61.50 & unc_rawben_rel_max >=  1.09","xgboost",132,0.93182,0.88638,69,66,0.9565,0.0074,0.0013,0.658,0.1475,0.9705,1.3
"2-3","rawben_rel_max >=   0.166 & total_deductions_by_hh_size <   2.500 & utilities >= 424.000","xgboost",132,0.93182,0.88638,54,47,0.8704,0.0053,0.0038,0.515,0.1475,0.9705,1.3
"2-3","count_divisible_by_100 <   1.000 & rawben_rel_max <   0.877 & shelter_expenses_by_hh_size < 204.000 & total_deductions_by_hh_size <   2.500","xgboost",856,0.90421,0.88636,443,390,0.8804,0.0436,0.0327,4.223,0.1475,0.9705,1.3
"2-3","rawben_rel_max < 0.902 & total_deductions_by_hh_size < 4.100","xgboost",1460,0.9,0.88634,740,668,0.9027,0.0746,0.0416,7.054,0.1475,0.9705,1.3
"2-3","children_i > 0.500 & months_since_cert_n > 7.500 & unc_rawben_rel_max > 0.996","ranger",1197,0.90142,0.88633,645,569,0.8822,0.0636,0.0666,6.149,0.1475,0.9705,1.3
"2-3","elderly_disabled_i >   0.500 & shelter_expenses_by_hh_size >  62.100 & shelter_expenses_by_hh_size <= 252.000 & unc_rawben_rel_max <=   0.997","ranger",1244,0.90113,0.88632,606,532,0.8779,0.0594,0.0446,5.777,0.1475,0.9705,1.3
"2-3","months_since_cert_n <   2.000 & rawben_rel_max <   0.342 & total_deductions_by_hh_size < 145.000","xgboost",238,0.92017,0.88632,112,103,0.9196,0.0115,0.0053,1.068,0.1475,0.9705,1.3
"2-3","cat_elig <=   0.500 & rawben_rel_max >   0.997 & shelter_expenses_by_hh_size <= 954.000 & total_deductions_by_hh_size > 193.000","ranger",459,0.91068,0.8863,186,178,0.957,0.0199,0.0056,1.773,0.1475,0.9705,1.3
"2-3","months_since_cert_n >=   1.0 & months_since_cert_n <   9.0 & shelter_expenses_by_hh_size >=  17.5 & shelter_expenses_by_hh_size < 137.0","xgboost",865,0.90405,0.88629,475,411,0.8653,0.0459,0.0442,4.528,0.1475,0.9705,1.3
"2-3","cat_elig <= 0.500 & expedited_i > 0.500 & percent_abawd <= 0.167","ranger",439,0.91116,0.88623,212,204,0.9623,0.0228,0.0053,2.021,0.1475,0.9705,1.3
"2-3","expedited_i >   0.500 & shelter_expenses_by_hh_size <= 252.000 & unc_rawben_rel_max >   0.872 & utilities >  86.500","ranger",217,0.92166,0.8862,132,118,0.8939,0.0132,0.0131,1.258,0.1475,0.9705,1.3
"2-3","homeless >=   1 & months_since_cert_n <   7 & total_deductions_by_hh_size < 115","xgboost",217,0.92166,0.8862,115,105,0.913,0.0117,0.0058,1.096,0.1475,0.9705,1.3
"2-3","count_divisible_by_100 <=  0.5 & expedited_i >  0.5 & medical_deductions <= 70.0 & utilities <= 78.5","ranger",1054,0.90228,0.88619,541,496,0.9168,0.0554,0.0343,5.157,0.1475,0.9705,1.3
"2-3","expedited_i <=    0.500 & shelter_expenses_by_hh_size <= 1170.000 & unc_rawben_rel_max <=    0.129","ranger",1280,0.90078,0.88618,625,568,0.9088,0.0634,0.0425,5.958,0.1475,0.9705,1.3
"2-3","months_since_cert_n <=   4.500 & shelter_expenses_by_hh_size <= 263.000 & unc_rawben_rel_max <=   0.185","ranger",196,0.92347,0.88615,101,93,0.9208,0.0104,0.0057,0.963,0.1475,0.9705,1.3
"2-3","homeless > 0.500 & rawben_rel_max > 0.569","ranger",309,0.91586,0.88613,175,163,0.9314,0.0182,0.0076,1.668,0.1475,0.9705,1.3
"2-3","months_since_cert_n >=  11.000 & rawben_rel_max >=   0.828 & shelter_expenses_by_hh_size < 619.000 & unc_rawben_rel_max <   1.280","xgboost",517,0.90909,0.88611,321,274,0.8536,0.0306,0.0327,3.06,0.1475,0.9705,1.3
"2-3","rawben_rel_max <=   0.904 & shelter_expenses_by_hh_size <= 344.000 & total_deductions_by_hh_size <=   2.830 & utilities <=  25.500","ranger",556,0.90827,0.88611,288,254,0.8819,0.0284,0.0191,2.745,0.1475,0.9705,1.3
"2-3","months_since_cert_n >=   7 & shelter_expenses_by_hh_size >= 207 & total_deductions_by_hh_size <  70","xgboost",468,0.91026,0.8861,248,228,0.9194,0.0255,0.0111,2.364,0.1475,0.9705,1.3
"2-3","cat_elig <=   0.500 & percent_abawd >   0.167 & shelter_expenses_by_hh_size <=  73.500 & total_deductions_by_hh_size <= 466.000","ranger",50,0.96,0.88609,28,27,0.9643,0.003,4e-04,0.267,0.1475,0.9705,1.3
"2-3","months_since_cert_n <   11.000 & rawben_rel_max >=    0.974 & shelter_expenses_by_hh_size < 1020.000 & unc_rawben_rel_max <    1.050","xgboost",1072,0.90205,0.88609,576,524,0.9097,0.0585,0.0392,5.491,0.1475,0.9705,1.3
"2-3","expedited_i >   0.5 & months_since_cert_n >   2.5 & shelter_expenses_by_hh_size <= 252.0 & utilities <=  33.5","ranger",585,0.90769,0.88608,289,260,0.8997,0.029,0.0187,2.755,0.1475,0.9705,1.3
"2-3","children_i <=   0.50 & total_deductions_by_hh_size <= 546.00 & unc_rawben_rel_max <=   1.76 & utilities > 880.00","ranger",227,0.9207,0.88601,165,149,0.903,0.0166,0.011,1.573,0.1475,0.9705,1.3
"2-3","percent_abawd <= 0.167 & unc_rawben_rel_max <= 0.150","ranger",1362,0.90015,0.88598,659,593,0.8998,0.0662,0.0515,6.282,0.1475,0.9705,1.3
"2-3","months_since_cert_n < 31.0000 & rawben_rel_max <  0.0953 & unc_rawben_rel_max >= -0.7100","xgboost",1042,0.90211,0.88591,523,473,0.9044,0.0528,0.0437,4.986,0.1475,0.9705,1.3
"2-3","cat_elig <=   0.5 & utilities >  22.0 & utilities <= 130.0","ranger",185,0.92432,0.88587,74,67,0.9054,0.0075,0.0034,0.705,0.1475,0.9705,1.3
"2-3","months_since_cert_n >   4.50 & total_deductions_by_hh_size <= 398.00 & unc_rawben_rel_max >   1.04 & utilities >  38.50","ranger",1370,0.9,0.88587,730,643,0.8808,0.0718,0.078,6.959,0.1475,0.9705,1.3
"2-3","percent_abawd <    0.333 & rawben_rel_max <    0.153 & shelter_expenses_by_hh_size < 1260.000","xgboost",1370,0.9,0.88587,661,595,0.9002,0.0665,0.0511,6.301,0.1475,0.9705,1.3
"2-3","months_since_cert_n >=   5.000 & total_deductions_by_hh_size < 140.000 & unc_rawben_rel_max <   0.338","xgboost",776,0.90464,0.88586,357,329,0.9216,0.0368,0.0127,3.403,0.1475,0.9705,1.3
"2-3","cat_elig >  1.500 & married >  0.500 & rawben_rel_max <=  0.159 & unc_rawben_rel_max > -0.724","ranger",237,0.91983,0.88585,4,4,1,4e-04,0,0.038,0.1475,0.9705,1.3
"2-3","HH_size_n <   3.0 & medical_deductions >= 123.0 & rawben_rel_max <   0.2","xgboost",288,0.91667,0.88584,132,120,0.9091,0.0134,0.007,1.258,0.1475,0.9705,1.3
"2-3","expedited_i >=   1.000 & rawben_rel_max >=   0.996 & total_deductions_by_hh_size >= 311.000","xgboost",288,0.91667,0.88584,209,185,0.8852,0.0207,0.0211,1.992,0.1475,0.9705,1.3
"2-3","rawben_rel_max <   0.137 & shelter_expenses_by_hh_size < 900.000","xgboost",1323,0.90023,0.88584,639,582,0.9108,0.065,0.0426,6.092,0.1475,0.9705,1.3
"2-3","shelter_expenses_by_hh_size >= 138.00 & total_deductions_by_hh_size <   5.67 & unc_rawben_rel_max <   1.08","xgboost",804,0.90423,0.88578,416,389,0.9351,0.0435,0.0151,3.966,0.1475,0.9705,1.3
"2-3","cat_elig <  1 & HH_size_n >=  3 & months_since_cert_n <  9 & total_deductions_by_hh_size < 23","xgboost",318,0.91509,0.88575,163,153,0.9387,0.0171,0.0062,1.554,0.1475,0.9705,1.3
"2-3","expedited_i >   0.500 & months_since_cert_n <=  32.500 & unc_rawben_rel_max >   0.996 & utilities > 504.000","ranger",328,0.91463,0.88574,176,159,0.9034,0.0178,0.0126,1.678,0.1475,0.9705,1.3
"2-3","months_since_cert_n >=   7.000 & rawben_rel_max >=   0.743 & shelter_expenses_by_hh_size < 172.000","xgboost",965,0.90259,0.88574,524,468,0.8931,0.0523,0.0446,4.995,0.1475,0.9705,1.3
"2-3","cat_elig <=   2.500 & homeless >   0.500 & percent_abawd <=   0.167 & shelter_expenses_by_hh_size <= 160.000","ranger",247,0.91903,0.88573,122,114,0.9344,0.0127,0.0049,1.163,0.1475,0.9705,1.3
"2-3","expedited_i >  0.5 & utilities <= 22.0","ranger",1021,0.90206,0.88568,533,490,0.9193,0.0547,0.0302,5.081,0.1475,0.9705,1.3
"2-3","percent_abawd <   0.333 & shelter_expenses_by_hh_size < 870.000 & unc_rawben_rel_max <   0.190 & utilities < 688.000","xgboost",1302,0.90015,0.88565,625,564,0.9024,0.063,0.0378,5.958,0.1475,0.9705,1.3
"2-3","expedited_i >   0.500 & rawben_rel_max >   0.904 & shelter_expenses_by_hh_size > 207.000 & shelter_expenses_by_hh_size <= 276.000","ranger",109,0.93578,0.88563,61,58,0.9508,0.0065,0.0028,0.582,0.1475,0.9705,1.3
"2-3","cat_elig <   1.0 & shelter_expenses_by_hh_size < 165.0 & unc_rawben_rel_max <   1.1 & utilities < 361.0","xgboost",736,0.90489,0.88559,368,331,0.8995,0.037,0.0195,3.508,0.1475,0.9705,1.3
"2-3","shelter_expenses_by_hh_size >= 104.0000 & unc_rawben_rel_max <   0.0106","xgboost",736,0.90489,0.88559,389,349,0.8972,0.039,0.0362,3.708,0.1475,0.9705,1.3
"2-3","cat_elig <=   0.5 & expedited_i >   0.5 & homeless <=   0.5 & shelter_expenses_by_hh_size > 335.0","ranger",131,0.9313,0.88554,59,56,0.9492,0.0063,0.0017,0.562,0.1475,0.9705,1.3
"2-3","cat_elig <= 0.500 & count_divisible_by_100 > 0.500 & rawben_rel_max > 0.904","ranger",131,0.9313,0.88554,70,67,0.9571,0.0075,0.0032,0.667,0.1475,0.9705,1.3
"2-3","cat_elig <= 0.500 & percent_abawd > 0.417","ranger",131,0.9313,0.88554,93,80,0.8602,0.0089,0.0074,0.887,0.1475,0.9705,1.3
"2-3","months_since_cert_n >  13.500 & rawben_rel_max >   0.997 & unc_rawben_rel_max <=   1.640 & utilities <= 590.000","ranger",131,0.9313,0.88554,58,51,0.8793,0.0057,0.0069,0.553,0.1475,0.9705,1.3
"2-3","cat_elig < 1.000 & HH_size_n >= 3.000 & unc_rawben_rel_max >= 0.881 & unc_rawben_rel_max < 1.490","xgboost",659,0.90592,0.88551,319,296,0.9279,0.0331,0.0136,3.041,0.1475,0.9705,1.3
"2-3","months_since_cert_n <   5.000 & total_deductions_by_hh_size < 140.000 & unc_rawben_rel_max <   0.338","xgboost",582,0.90722,0.8855,255,232,0.9098,0.0259,0.0119,2.431,0.1475,0.9705,1.3
"2-3","cat_elig <=   0.5 & HH_size_n >   2.5 & medical_deductions <= 223.0 & utilities <=  22.0","ranger",377,0.91247,0.88549,201,185,0.9204,0.0207,0.0096,1.916,0.1475,0.9705,1.3
"2-3","shelter_expenses_by_hh_size < 230.0 & total_deductions_by_hh_size <  10.8 & utilities >= 287.0","xgboost",367,0.91281,0.88546,211,191,0.9052,0.0213,0.0148,2.011,0.1475,0.9705,1.3
"2-3","cat_elig <=  0.500 & percent_abawd <=  0.167 & shelter_expenses_by_hh_size > 43.000 & unc_rawben_rel_max >  0.908","ranger",754,0.90451,0.88543,348,321,0.9224,0.0359,0.0164,3.317,0.1475,0.9705,1.3
"2-3","cat_elig <   2.000 & months_since_cert_n <   4.000 & rawben_rel_max <   0.257 & utilities >= 376.000","xgboost",347,0.91354,0.88542,257,215,0.8366,0.024,0.0213,2.45,0.1475,0.9705,1.3
"2-3","cat_elig <   2.000 & total_deductions_by_hh_size < 563.000 & unc_rawben_rel_max <   0.118","xgboost",773,0.90427,0.88542,568,511,0.8996,0.0571,0.046,5.415,0.1475,0.9705,1.3
"2-3","children_i <   1.000 & rawben_rel_max <   0.207 & shelter_expenses_by_hh_size < 670.000","xgboost",792,0.90404,0.88542,376,344,0.9149,0.0384,0.0207,3.584,0.1475,0.9705,1.3
"2-3","count_divisible_by_100 <=  0.5 & expedited_i >  0.5 & utilities <= 78.5","ranger",1056,0.90152,0.88539,543,497,0.9153,0.0555,0.0347,5.176,0.1475,0.9705,1.3
"2-3","percent_abawd <= 0.167 & rawben_rel_max <= 0.133","ranger",1271,0.90008,0.88538,612,552,0.902,0.0617,0.0483,5.834,0.1475,0.9705,1.3
"2-3","expedited_i >= 1.00 & HH_size_n < 3.00 & unc_rawben_rel_max >= 1.19","xgboost",416,0.91106,0.88536,205,182,0.8878,0.0203,0.0197,1.954,0.1475,0.9705,1.3
"2-3","expedited_i >  0.50 & homeless >  0.50 & percent_abawd <=  0.75 & utilities <= 17.50","ranger",86,0.94186,0.88534,46,45,0.9783,0.005,8e-04,0.439,0.1475,0.9705,1.3
"2-3","cat_elig <=   1.500 & total_deductions_by_hh_size <=  62.000 & unc_rawben_rel_max <=   0.997 & utilities > 370.000","ranger",494,0.90891,0.88532,385,351,0.9117,0.0392,0.0194,3.67,0.1475,0.9705,1.3
"2-3","elderly_disabled_i >   0.500 & medical_deductions <= 128.000 & rawben_rel_max <=   0.128 & unc_rawben_rel_max <=   0.997","ranger",629,0.9062,0.8853,318,289,0.9088,0.0323,0.0191,3.031,0.1475,0.9705,1.3
"2-3","cat_elig < 1 & elderly_disabled_i >= 1","xgboost",772,0.90415,0.88528,406,359,0.8842,0.0401,0.024,3.87,0.1475,0.9705,1.3
"2-3","children_i <=   0.5 & HH_size_n <=   2.5 & shelter_expenses_by_hh_size <= 599.0 & total_deductions_by_hh_size <=  29.9","ranger",1008,0.90179,0.88527,518,484,0.9344,0.0541,0.0229,4.938,0.1475,0.9705,1.3
"2-3","children_i > 0.5 & count_divisible_by_100 <= 0.5 & homeless > 0.5 & married <= 0.5","ranger",246,0.9187,0.88527,130,121,0.9308,0.0135,0.0055,1.239,0.1475,0.9705,1.3
"2-3","children_i > 0.500 & count_divisible_by_100 <= 0.500 & homeless > 0.500 & percent_abawd <= 0.167","ranger",246,0.9187,0.88527,130,119,0.9154,0.0133,0.0067,1.239,0.1475,0.9705,1.3
"2-3","cat_elig <= 0.500 & children_i <= 0.500 & percent_abawd <= 1.750 & rawben_rel_max > 0.286","ranger",474,0.90928,0.8852,255,224,0.8784,0.025,0.0156,2.431,0.1475,0.9705,1.3
"2-3","expedited_i >=  1.0 & homeless <  1.0 & months_since_cert_n <  5.0 & total_deductions_by_hh_size < 56.3","xgboost",590,0.90678,0.88519,311,292,0.9389,0.0326,0.0165,2.965,0.1475,0.9705,1.3
"2-3","rawben_rel_max <   0.4340 & unc_rawben_rel_max <  -0.0566 & utilities < 770.0000","xgboost",561,0.90731,0.88517,289,266,0.9204,0.0297,0.022,2.755,0.1475,0.9705,1.3
"2-3","expedited_i >   0.500 & rawben_rel_max >   0.854 & shelter_expenses_by_hh_size >  24.500 & shelter_expenses_by_hh_size <= 394.000","ranger",532,0.90789,0.88516,275,247,0.8982,0.0276,0.021,2.622,0.1475,0.9705,1.3
"2-3","homeless >=   1.0 & shelter_expenses_by_hh_size < 958.0 & total_deductions_by_hh_size <   2.5","xgboost",215,0.92093,0.88516,117,109,0.9316,0.0122,0.0052,1.115,0.1475,0.9705,1.3
"2-3","married >=   1.000 & total_deductions_by_hh_size < 290.000 & unc_rawben_rel_max <   0.484 & utilities >= 643.000","xgboost",215,0.92093,0.88516,88,79,0.8977,0.0088,0.0088,0.839,0.1475,0.9705,1.3
"2-3","shelter_expenses_by_hh_size > 251.00 & total_deductions_by_hh_size >   5.75 & total_deductions_by_hh_size <=  97.20 & utilities <= 450.00","ranger",366,0.91257,0.88515,192,178,0.9271,0.0199,0.0072,1.83,0.1475,0.9705,1.3
"2-3","cat_elig <=   0.500 & count_divisible_by_100 <=   0.500 & rawben_rel_max >   0.997 & shelter_expenses_by_hh_size > 252.000","ranger",346,0.91329,0.88509,135,129,0.9556,0.0144,0.0031,1.287,0.1475,0.9705,1.3
"2-3","married >  0.5 & medical_deductions <=  5.5 & shelter_expenses_by_hh_size <= 50.5 & total_deductions_by_hh_size <= 62.2","ranger",336,0.91369,0.88507,174,165,0.9483,0.0184,0.0035,1.659,0.1475,0.9705,1.3
"2-3","cat_elig <  1.000 & rawben_rel_max >=  0.872 & unc_rawben_rel_max <  1.740 & utilities >= 70.000","xgboost",780,0.90385,0.88506,361,331,0.9169,0.037,0.0181,3.441,0.1475,0.9705,1.3
"2-3","cat_elig >   0.500 & months_since_cert_n <=   0.500 & unc_rawben_rel_max >   0.901 & utilities <= 112.000","ranger",286,0.91608,0.88506,162,147,0.9074,0.0164,0.0155,1.544,0.1475,0.9705,1.3
"2-3","cat_elig <=   0.500 & months_since_cert_n <=   5.500 & rawben_rel_max <=   0.941 & utilities <= 114.000","ranger",326,0.91411,0.88505,156,134,0.859,0.015,0.0119,1.487,0.1475,0.9705,1.3
"2-3","HH_size_n <   3.000 & shelter_expenses_by_hh_size >= 281.000 & unc_rawben_rel_max >=  -0.497 & unc_rawben_rel_max <   0.180","xgboost",959,0.90198,0.88504,463,416,0.8985,0.0465,0.0328,4.414,0.1475,0.9705,1.3
"2-3","married >  0.500 & rawben_rel_max >  0.904 & utilities <= 78.500","ranger",296,0.91554,0.88504,153,140,0.915,0.0156,0.006,1.459,0.1475,0.9705,1.3
"2-3","married <=   0.5 & medical_deductions <= 121.0 & months_since_cert_n >   5.5 & shelter_expenses_by_hh_size <=  97.2","ranger",1062,0.90113,0.88503,556,489,0.8795,0.0546,0.0471,5.3,0.1475,0.9705,1.3
"2-3","elderly_disabled_i <   1.00 & unc_rawben_rel_max >=   1.22 & unc_rawben_rel_max <   1.34 & utilities >= 534.00","xgboost",225,0.92,0.88502,243,218,0.8971,0.0244,0.0213,2.316,0.1475,0.9705,1.3
"2-3","rawben_rel_max <=  0.904 & total_deductions_by_hh_size <=  2.830 & utilities <= 25.500","ranger",560,0.90714,0.88496,291,257,0.8832,0.0287,0.0191,2.774,0.1475,0.9705,1.3
"2-3","cat_elig <=   0.5 & expedited_i >   0.5 & medical_deductions <= 128.0 & shelter_expenses_by_hh_size > 222.0","ranger",173,0.92486,0.88495,82,78,0.9512,0.0087,0.0033,0.782,0.1475,0.9705,1.3
"2-3","married >= 1.000 & percent_abawd >= 0.333 & unc_rawben_rel_max >= 1.000 & unc_rawben_rel_max < 1.300","xgboost",74,0.94595,0.88492,47,43,0.9149,0.0048,0.0018,0.448,0.1475,0.9705,1.3
"2-3","cat_elig <   2.00 & shelter_expenses_by_hh_size < 216.00 & unc_rawben_rel_max <   1.74 & utilities >= 361.00","xgboost",722,0.90443,0.88489,593,508,0.8567,0.0567,0.0581,5.653,0.1475,0.9705,1.3
"2-3","married <= 0.500 & months_since_cert_n > 8.500 & percent_abawd <= 1.250 & unc_rawben_rel_max > 0.996","ranger",939,0.90202,0.88489,533,471,0.8837,0.0526,0.0538,5.081,0.1475,0.9705,1.3
"2-3","months_since_cert_n >=   1.000 & shelter_expenses_by_hh_size >=  12.300 & shelter_expenses_by_hh_size < 271.000 & unc_rawben_rel_max <   0.394","xgboost",854,0.90281,0.88484,403,365,0.9057,0.0408,0.0207,3.842,0.1475,0.9705,1.3
"2-3","rawben_rel_max <   0.525 & total_deductions_by_hh_size < 290.000 & utilities >= 757.000","xgboost",245,0.91837,0.88482,126,105,0.8333,0.0117,0.0133,1.201,0.1475,0.9705,1.3
"2-3","shelter_expenses_by_hh_size <= 958.000 & unc_rawben_rel_max <=   0.158 & utilities <= 644.000","ranger",1181,0.90008,0.8848,572,523,0.9143,0.0584,0.0338,5.453,0.1475,0.9705,1.3
"2-3","shelter_expenses_by_hh_size >= 210.000 & total_deductions_by_hh_size <  76.000 & unc_rawben_rel_max >=  -0.497 & utilities < 414.000","xgboost",472,0.9089,0.88472,282,261,0.9255,0.0292,0.0107,2.688,0.1475,0.9705,1.3
"2-3","cat_elig <=   1.500 & rawben_rel_max <=   0.278 & shelter_expenses_by_hh_size <= 519.000 & unc_rawben_rel_max <=   0.997","ranger",1087,0.90064,0.88471,726,636,0.876,0.071,0.0488,6.921,0.1475,0.9705,1.3
"2-3","cat_elig < 1 & children_i < 1 & months_since_cert_n < 5","xgboost",325,0.91385,0.8847,176,155,0.8807,0.0173,0.0117,1.678,0.1475,0.9705,1.3
"2-3","cat_elig <=   0.5 & children_i <=   0.5 & medical_deductions <= 191.0 & total_deductions_by_hh_size <= 285.0","ranger",394,0.91117,0.8847,211,189,0.8957,0.0211,0.0122,2.011,0.1475,0.9705,1.3
"2-3","elderly_disabled_i <= 0.500 & married > 0.500 & unc_rawben_rel_max > 0.997","ranger",597,0.9062,0.88469,293,266,0.9078,0.0297,0.0249,2.793,0.1475,0.9705,1.3
"2-3","cat_elig <   1 & shelter_expenses_by_hh_size >= 409 & total_deductions_by_hh_size >= 309 & total_deductions_by_hh_size < 496","xgboost",305,0.91475,0.88467,136,127,0.9338,0.0142,0.005,1.296,0.1475,0.9705,1.3
"2-3","elderly_disabled_i < 1.000 & homeless >= 1.000 & rawben_rel_max >= 0.291","xgboost",305,0.91475,0.88467,170,157,0.9235,0.0175,0.0081,1.621,0.1475,0.9705,1.3
"2-3","rawben_rel_max <  0.614 & total_deductions_by_hh_size < 48.400 & utilities >= 28.000","xgboost",1161,0.90009,0.88466,582,529,0.9089,0.0591,0.0315,5.548,0.1475,0.9705,1.3
"2-3","rawben_rel_max >=   0.0436 & rawben_rel_max <   0.1290 & utilities < 551.0000","xgboost",285,0.91579,0.88466,403,377,0.9355,0.0421,0.022,3.842,0.1475,0.9705,1.3
"2-3","cat_elig <=   0.5 & shelter_expenses_by_hh_size > 116.0 & shelter_expenses_by_hh_size <= 138.0 & total_deductions_by_hh_size >  44.7","ranger",36,0.97222,0.88464,24,20,0.8333,0.0022,0.0018,0.229,0.1475,0.9705,1.3
"2-3","cat_elig >   2.500 & rawben_rel_max >   0.997 & total_deductions_by_hh_size <= 548.000 & utilities >  80.500","ranger",36,0.97222,0.88464,0,0,NA,0,0,0,0.1475,0.9705,1.3
"2-3","children_i <=   0.5 & shelter_expenses_by_hh_size <= 248.0 & total_deductions_by_hh_size <=  29.9","ranger",796,0.90327,0.88464,421,388,0.9216,0.0433,0.0236,4.013,0.1475,0.9705,1.3
"2-3","cat_elig <= 0.500 & homeless <= 0.500 & married <= 0.500 & percent_abawd > 0.167","ranger",108,0.93519,0.88461,76,66,0.8684,0.0074,0.005,0.724,0.1475,0.9705,1.3
"2-3","count_divisible_by_100 >   0.500 & shelter_expenses_by_hh_size <= 339.000 & unc_rawben_rel_max >   0.966","ranger",481,0.90852,0.88456,239,212,0.887,0.0237,0.0217,2.278,0.1475,0.9705,1.3
"2-3","cat_elig >=  1.000 & months_since_cert_n >= 11.000 & rawben_rel_max >=  0.247 & total_deductions_by_hh_size < 40.000","xgboost",364,0.91209,0.88453,201,181,0.9005,0.0202,0.0114,1.916,0.1475,0.9705,1.3
"2-3","children_i >=   1.000 & count_divisible_by_100 >=   1.000 & rawben_rel_max >=   0.985 & shelter_expenses_by_hh_size < 274.000","xgboost",364,0.91209,0.88453,197,173,0.8782,0.0193,0.0192,1.878,0.1475,0.9705,1.3
"2-3","married <=  0.5 & months_since_cert_n >  5.5 & shelter_expenses_by_hh_size <= 97.2","ranger",1066,0.90056,0.88446,557,489,0.8779,0.0546,0.0475,5.31,0.1475,0.9705,1.3
"2-3","expedited_i >=   1.00 & total_deductions_by_hh_size < 120.00 & unc_rawben_rel_max <   1.12 & utilities < 493.00","xgboost",1010,0.90099,0.88444,543,498,0.9171,0.0556,0.0333,5.176,0.1475,0.9705,1.3
"2-3","cat_elig <=   0.500 & expedited_i <=   0.500 & unc_rawben_rel_max <=   0.997 & utilities <= 270.000","ranger",432,0.90972,0.88442,205,177,0.8634,0.0198,0.0137,1.954,0.1475,0.9705,1.3
"2-3","rawben_rel_max >=   0.806 & shelter_expenses_by_hh_size < 599.000 & utilities >= 750.000","xgboost",709,0.90409,0.88433,364,321,0.8819,0.0359,0.0276,3.47,0.1475,0.9705,1.3
"2-3","cat_elig <= 0.5 & children_i <= 0.5 & medical_deductions <= 5.0 & months_since_cert_n > 4.5","ranger",172,0.92442,0.8843,83,77,0.9277,0.0086,0.0028,0.791,0.1475,0.9705,1.3
"2-3","married >=  1.00 & total_deductions_by_hh_size < 61.50 & unc_rawben_rel_max <  1.09","xgboost",859,0.90221,0.88426,448,424,0.9464,0.0474,0.0111,4.271,0.1475,0.9705,1.3
"2-3","expedited_i >   0.500 & medical_deductions <= 234.000 & shelter_expenses_by_hh_size > 251.000 & unc_rawben_rel_max >   0.997","ranger",661,0.90469,0.88422,339,301,0.8879,0.0336,0.0325,3.232,0.1475,0.9705,1.3
"2-3","expedited_i >   0.5 & married <=   0.5 & utilities <= 120.0","ranger",1045,0.90048,0.8842,526,476,0.9049,0.0532,0.0384,5.014,0.1475,0.9705,1.3
"2-3","rawben_rel_max <   0.176 & shelter_expenses_by_hh_size < 554.000","xgboost",1110,0.9,0.8842,534,479,0.897,0.0535,0.0343,5.091,0.1475,0.9705,1.3
"2-3","cat_elig <= 0.500 & elderly_disabled_i <= 0.500 & expedited_i > 0.500 & percent_abawd <= 0.167","ranger",402,0.91045,0.88419,194,187,0.9639,0.0209,0.0051,1.849,0.1475,0.9705,1.3
"2-3","percent_abawd <  0.750 & rawben_rel_max <  0.448 & total_deductions_by_hh_size < 13.300","xgboost",821,0.90256,0.88419,418,393,0.9402,0.0439,0.014,3.985,0.1475,0.9705,1.3
"2-3","cat_elig <= 0.500 & elderly_disabled_i > 0.500 & rawben_rel_max > 0.149","ranger",755,0.90331,0.88415,400,353,0.8825,0.0394,0.024,3.813,0.1475,0.9705,1.3
"2-3","cat_elig <=  0.5 & count_divisible_by_100 <=  1.5 & HH_size_n >  2.5 & utilities <= 38.5","ranger",392,0.91071,0.88412,202,186,0.9208,0.0208,0.0096,1.926,0.1475,0.9705,1.3
"2-3","count_divisible_by_100 >   0.500 & count_divisible_by_100 <=   2.500 & shelter_expenses_by_hh_size <= 339.000 & unc_rawben_rel_max >   0.966","ranger",479,0.90814,0.88408,238,212,0.8908,0.0237,0.0209,2.269,0.1475,0.9705,1.3
"2-3","count_divisible_by_100 <  1.000 & percent_abawd <  0.333 & total_deductions_by_hh_size >= 42.300 & total_deductions_by_hh_size < 63.300","xgboost",421,0.90974,0.88407,207,174,0.8406,0.0194,0.0201,1.973,0.1475,0.9705,1.3
"2-3","HH_size_n >=  3.000 & months_since_cert_n >= 11.000 & rawben_rel_max >=  0.632 & unc_rawben_rel_max >=  1.080","xgboost",140,0.92857,0.88406,50,39,0.78,0.0044,0.0071,0.477,0.1475,0.9705,1.3
"2-3","cat_elig <= 0.500 & elderly_disabled_i > 0.500 & HH_size_n <= 2.500 & unc_rawben_rel_max <= 0.997","ranger",450,0.90889,0.88406,249,224,0.8996,0.025,0.0122,2.374,0.1475,0.9705,1.3
"2-3","HH_size_n <   3 & shelter_expenses_by_hh_size >= 372 & total_deductions_by_hh_size < 140 & utilities >= 361","xgboost",382,0.91099,0.88405,186,172,0.9247,0.0192,0.0062,1.773,0.1475,0.9705,1.3
"2-3","cat_elig > 0.500 & expedited_i > 0.500 & homeless > 0.500 & unc_rawben_rel_max > 0.448","ranger",85,0.94118,0.88405,43,42,0.9767,0.0047,8e-04,0.41,0.1475,0.9705,1.3
"2-3","expedited_i > 0.500 & homeless > 0.500 & married <= 0.500 & rawben_rel_max > 0.923","ranger",85,0.94118,0.88405,42,41,0.9762,0.0046,8e-04,0.4,0.1475,0.9705,1.3
"2-3","rawben_rel_max >   0.996 & shelter_expenses_by_hh_size > 280.000 & total_deductions_by_hh_size > 348.000 & total_deductions_by_hh_size <= 577.000","ranger",660,0.90455,0.88404,328,294,0.8963,0.0328,0.0285,3.127,0.1475,0.9705,1.3
"2-3","total_deductions_by_hh_size <  87.5 & utilities >= 376.0","xgboost",1071,0.90009,0.884,546,491,0.8993,0.0548,0.0275,5.205,0.1475,0.9705,1.3
"2-3","count_divisible_by_100 >   0.500 & rawben_rel_max >   0.941 & shelter_expenses_by_hh_size <= 276.000","ranger",440,0.90909,0.88398,217,190,0.8756,0.0212,0.0219,2.069,0.1475,0.9705,1.3
"2-3","children_i <   1.000 & married >=   1.000 & rawben_rel_max >=   0.974 & shelter_expenses_by_hh_size < 332.000","xgboost",233,0.91845,0.88394,112,104,0.9286,0.0116,0.0041,1.068,0.1475,0.9705,1.3
"2-3","children_i <   1.000 & married >=   1.000 & shelter_expenses_by_hh_size < 302.000 & unc_rawben_rel_max >=   0.898","xgboost",233,0.91845,0.88394,115,107,0.9304,0.012,0.0037,1.096,0.1475,0.9705,1.3
"2-3","cat_elig <= 0.500 & count_divisible_by_100 <= 0.500 & homeless > 0.500 & percent_abawd <= 0.417","ranger",49,0.95918,0.8839,23,23,1,0.0026,0,0.219,0.1475,0.9705,1.3
"2-3","expedited_i >   0.500 & rawben_rel_max >   0.996 & shelter_expenses_by_hh_size > 355.000 & unc_rawben_rel_max <=   1.630","ranger",507,0.9073,0.88389,267,238,0.8914,0.0266,0.0254,2.545,0.1475,0.9705,1.3
"2-3","months_since_cert_n >=   5.000 & rawben_rel_max <   0.153 & total_deductions_by_hh_size < 381.000","xgboost",678,0.90413,0.88389,336,310,0.9226,0.0346,0.0216,3.203,0.1475,0.9705,1.3
"2-3","cat_elig <=   0.5 & expedited_i >   0.5 & medical_deductions <= 194.0 & shelter_expenses_by_hh_size <= 139.0","ranger",253,0.917,0.88386,116,113,0.9741,0.0126,0.0019,1.106,0.1475,0.9705,1.3
"2-3","children_i >   0.5 & homeless >   0.5 & shelter_expenses_by_hh_size <= 351.0 & total_deductions_by_hh_size <= 636.0","ranger",253,0.917,0.88386,132,122,0.9242,0.0136,0.0056,1.258,0.1475,0.9705,1.3
"2-3","rawben_rel_max >=   1.00 & unc_rawben_rel_max <   1.49 & utilities >= 612.00 & utilities < 784.00","xgboost",526,0.90684,0.88386,315,296,0.9397,0.0331,0.0191,3.003,0.1475,0.9705,1.3
"2-3","cat_elig < 3.000 & expedited_i < 1.000 & rawben_rel_max < 0.064 & total_deductions_by_hh_size < 2.500","xgboost",192,0.92188,0.88384,112,109,0.9732,0.0122,0.0016,1.068,0.1475,0.9705,1.3
"2-3","months_since_cert_n <  15 & shelter_expenses_by_hh_size >= 165 & shelter_expenses_by_hh_size < 253 & utilities >= 425","xgboost",921,0.90119,0.88383,478,416,0.8703,0.0465,0.0403,4.557,0.1475,0.9705,1.3
"2-3","total_deductions_by_hh_size <=  62.000 & unc_rawben_rel_max <=   0.997 & utilities > 370.000","ranger",781,0.90269,0.88383,420,381,0.9071,0.0426,0.0215,4.004,0.1475,0.9705,1.3
"2-3","cat_elig <   1 & months_since_cert_n >=   7 & shelter_expenses_by_hh_size < 138 & utilities < 339","xgboost",129,0.93023,0.88382,66,60,0.9091,0.0067,0.0034,0.629,0.1475,0.9705,1.3
"2-3","cat_elig < 1 & elderly_disabled_i < 1 & months_since_cert_n < 3","xgboost",893,0.90146,0.88382,433,401,0.9261,0.0448,0.019,4.128,0.1475,0.9705,1.3
"2-3","count_divisible_by_100 <   1.000 & rawben_rel_max <   0.269 & shelter_expenses_by_hh_size >= 208.000 & total_deductions_by_hh_size <  70.000","xgboost",497,0.90744,0.8838,228,215,0.943,0.024,0.0062,2.173,0.1475,0.9705,1.3
"2-3","months_since_cert_n <=   5.5 & shelter_expenses_by_hh_size > 252.0 & total_deductions_by_hh_size <=  81.8","ranger",420,0.90952,0.8838,202,189,0.9356,0.0211,0.0062,1.926,0.1475,0.9705,1.3
"2-3","total_deductions_by_hh_size >=   4.1 & utilities >= 580.0 & utilities < 596.0","xgboost",420,0.90952,0.8838,118,92,0.7797,0.0103,0.0129,1.125,0.1475,0.9705,1.3
"2-3","HH_size_n <=   2.500 & shelter_expenses_by_hh_size <= 334.000 & total_deductions_by_hh_size > 247.000 & unc_rawben_rel_max >   0.882","ranger",342,0.91228,0.88377,161,147,0.913,0.0164,0.0148,1.535,0.1475,0.9705,1.3
"2-3","cat_elig <  1.00000 & rawben_rel_max <  0.41900 & unc_rawben_rel_max >= -0.00871","xgboost",342,0.91228,0.88377,147,136,0.9252,0.0152,0.0052,1.401,0.1475,0.9705,1.3
"2-3","cat_elig <  2.0 & months_since_cert_n <  2.0 & rawben_rel_max >=  1.0 & total_deductions_by_hh_size >= 61.5","xgboost",649,0.90447,0.88377,482,439,0.9108,0.049,0.0409,4.595,0.1475,0.9705,1.3
"2-3","expedited_i <=   0.500 & rawben_rel_max >   0.997 & shelter_expenses_by_hh_size > 236.000 & shelter_expenses_by_hh_size <= 293.000","ranger",410,0.90976,0.88371,184,163,0.8859,0.0182,0.0161,1.754,0.1475,0.9705,1.3
"2-3","cat_elig <=   0.5 & HH_size_n >   2.5 & months_since_cert_n <=   5.5 & utilities <= 284.0","ranger",487,0.9076,0.8837,190,174,0.9158,0.0194,0.0092,1.811,0.1475,0.9705,1.3
"2-3","children_i >  0.5 & homeless >  0.5 & utilities <= 78.5","ranger",202,0.92079,0.88368,104,95,0.9135,0.0106,0.0057,0.991,0.1475,0.9705,1.3
"2-3","cat_elig <=  0.5 & children_i <=  0.5 & shelter_expenses_by_hh_size <= 43.0","ranger",96,0.9375,0.88367,53,50,0.9434,0.0056,0.0016,0.505,0.1475,0.9705,1.3
"2-3","cat_elig >=   2 & medical_deductions >=   9 & months_since_cert_n <   6 & total_deductions_by_hh_size < 316","xgboost",96,0.9375,0.88367,10,6,0.6,7e-04,0.0014,0.095,0.1475,0.9705,1.3
"2-3","count_divisible_by_100 <   1 & shelter_expenses_by_hh_size < 286 & total_deductions_by_hh_size >= 188 & total_deductions_by_hh_size < 247","xgboost",789,0.90241,0.88363,441,384,0.8707,0.0429,0.0399,4.204,0.1475,0.9705,1.3
"2-3","unc_rawben_rel_max < 0.0106","xgboost",789,0.90241,0.88363,410,367,0.8951,0.041,0.0391,3.908,0.1475,0.9705,1.3
"2-3","cat_elig <=   0.5 & HH_size_n <=   2.5 & shelter_expenses_by_hh_size >  73.5 & total_deductions_by_hh_size <= 466.0","ranger",1012,0.9002,0.88361,507,466,0.9191,0.0521,0.0221,4.833,0.1475,0.9705,1.3
"2-3","cat_elig >=  2 & expedited_i <  1 & months_since_cert_n <  4 & utilities < 59","xgboost",882,0.90136,0.8836,103,94,0.9126,0.0105,0.0062,0.982,0.1475,0.9705,1.3
"2-3","expedited_i <=  0.5 & months_since_cert_n > 12.5 & utilities <= 22.0","ranger",150,0.92667,0.88359,73,67,0.9178,0.0075,0.0043,0.696,0.1475,0.9705,1.3
"2-3","cat_elig <= 1.500 & rawben_rel_max <= 0.128 & unc_rawben_rel_max <= 0.996","ranger",826,0.90194,0.88358,646,581,0.8994,0.0649,0.0535,6.158,0.1475,0.9705,1.3
"2-3","cat_elig <   1.000 & children_i <   1.000 & rawben_rel_max >=   0.913 & shelter_expenses_by_hh_size < 295.000","xgboost",107,0.93458,0.88357,58,56,0.9655,0.0063,0.0016,0.553,0.1475,0.9705,1.3
"2-3","months_since_cert_n >= 16.000 & months_since_cert_n < 22.000 & rawben_rel_max <  0.701 & total_deductions_by_hh_size < 31.500","xgboost",107,0.93458,0.88357,43,39,0.907,0.0044,0.002,0.41,0.1475,0.9705,1.3
"2-3","shelter_expenses_by_hh_size <= 531.0 & total_deductions_by_hh_size >  25.4 & total_deductions_by_hh_size <=  36.6 & utilities <= 138.0","ranger",107,0.93458,0.88357,49,39,0.7959,0.0044,0.0057,0.467,0.1475,0.9705,1.3
"2-3","shelter_expenses_by_hh_size >= 170 & shelter_expenses_by_hh_size < 197 & total_deductions_by_hh_size >= 188","xgboost",107,0.93458,0.88357,74,63,0.8514,0.007,0.0084,0.705,0.1475,0.9705,1.3
"2-3","shelter_expenses_by_hh_size >= 428 & total_deductions_by_hh_size < 129 & utilities >= 524 & utilities < 956","xgboost",107,0.93458,0.88357,59,52,0.8814,0.0058,0.0033,0.562,0.1475,0.9705,1.3
"2-3","count_divisible_by_100 >   0.500 & medical_deductions <= 104.000 & rawben_rel_max >   0.996 & shelter_expenses_by_hh_size <= 339.000","ranger",448,0.90848,0.88355,215,192,0.893,0.0214,0.0189,2.05,0.1475,0.9705,1.3
"2-3","expedited_i <  1.0000 & months_since_cert_n < 29.0000 & rawben_rel_max <  0.0436 & unc_rawben_rel_max <  1.3400","xgboost",835,0.9018,0.88354,12,9,0.75,0.001,0.0025,0.114,0.1475,0.9705,1.3
"2-3","shelter_expenses_by_hh_size >= 163.0 & total_deductions_by_hh_size <  15.5","xgboost",751,0.9028,0.88354,401,372,0.9277,0.0416,0.018,3.823,0.1475,0.9705,1.3
"2-3","cat_elig <= 0.500 & unc_rawben_rel_max <= 0.424","ranger",351,0.91168,0.88351,149,138,0.9262,0.0154,0.0052,1.42,0.1475,0.9705,1.3
"2-3","rawben_rel_max <   0.06400 & unc_rawben_rel_max <  -0.00871 & utilities >= 473.00000","xgboost",351,0.91168,0.88351,159,142,0.8931,0.0159,0.0148,1.516,0.1475,0.9705,1.3
"2-3","rawben_rel_max >=   0.964 & shelter_expenses_by_hh_size < 857.000 & utilities >= 844.000","xgboost",467,0.90792,0.8835,326,294,0.9018,0.0328,0.0274,3.108,0.1475,0.9705,1.3
"2-3","rawben_rel_max >=   0.913 & total_deductions_by_hh_size < 238.000 & utilities >= 487.000","xgboost",816,0.90196,0.88348,418,374,0.8947,0.0418,0.0377,3.985,0.1475,0.9705,1.3
"2-3","HH_size_n > 2.500 & months_since_cert_n > 6.500 & unc_rawben_rel_max > 0.998","ranger",713,0.90323,0.88346,386,327,0.8472,0.0365,0.0535,3.68,0.1475,0.9705,1.3
"2-3","married >  0.500 & rawben_rel_max >  0.961 & total_deductions_by_hh_size <= 62.000 & unc_rawben_rel_max >  0.878","ranger",232,0.9181,0.88345,126,120,0.9524,0.0134,0.0022,1.201,0.1475,0.9705,1.3
"2-3","children_i > 0.5 & homeless > 0.5","ranger",272,0.91544,0.88343,150,137,0.9133,0.0153,0.0076,1.43,0.1475,0.9705,1.3
"2-3","cat_elig <= 0.500 & elderly_disabled_i > 0.500 & unc_rawben_rel_max > 0.997","ranger",73,0.94521,0.88342,42,38,0.9048,0.0042,0.0033,0.4,0.1475,0.9705,1.3
"2-3","homeless >=   1 & medical_deductions < 199 & total_deductions_by_hh_size <  90","xgboost",262,0.91603,0.88342,144,134,0.9306,0.015,0.0057,1.373,0.1475,0.9705,1.3
"2-3","expedited_i >=   1.00 & total_deductions_by_hh_size < 460.00 & unc_rawben_rel_max >=   1.17","xgboost",628,0.90446,0.88339,321,287,0.8941,0.0321,0.0313,3.06,0.1475,0.9705,1.3
"2-3","elderly_disabled_i >=   1.0 & months_since_cert_n <  10.0 & total_deductions_by_hh_size <   4.1 & utilities < 281.0","xgboost",370,0.91081,0.88336,203,182,0.8966,0.0203,0.0129,1.935,0.1475,0.9705,1.3
"2-3","medical_deductions < 174.0000 & shelter_expenses_by_hh_size >= 326.0000 & shelter_expenses_by_hh_size < 870.0000 & unc_rawben_rel_max <   0.0405","xgboost",476,0.90756,0.88336,230,207,0.9,0.0231,0.0176,2.193,0.1475,0.9705,1.3
"2-3","percent_abawd <   0.500 & total_deductions_by_hh_size >=  59.000 & total_deductions_by_hh_size < 606.000 & unc_rawben_rel_max <   0.155","xgboost",982,0.9002,0.88335,455,400,0.8791,0.0447,0.044,4.337,0.1475,0.9705,1.3
"2-3","elderly_disabled_i >=   1.000 & shelter_expenses_by_hh_size >= 478.000 & unc_rawben_rel_max >=   0.998 & unc_rawben_rel_max <   1.740","xgboost",360,0.91111,0.88327,189,168,0.8889,0.0188,0.0223,1.802,0.1475,0.9705,1.3
"2-3","rawben_rel_max <   0.06400 & unc_rawben_rel_max <  -0.00871 & utilities < 473.00000","xgboost",360,0.91111,0.88327,213,197,0.9249,0.022,0.0156,2.031,0.1475,0.9705,1.3
"2-3","children_i < 1.000 & expedited_i < 1.000 & rawben_rel_max < 0.200 & unc_rawben_rel_max < 0.886","xgboost",935,0.90053,0.88326,455,409,0.8989,0.0457,0.0289,4.337,0.1475,0.9705,1.3
"2-3","rawben_rel_max <   0.04360 & unc_rawben_rel_max <  -0.00871 & utilities >= 288.00000 & utilities < 688.00000","xgboost",466,0.90773,0.88326,2,1,0.5,1e-04,0.0019,0.019,0.1475,0.9705,1.3
"2-3","expedited_i >=   1.000 & HH_size_n <   3.000 & percent_abawd <   0.333 & total_deductions_by_hh_size < 277.000","xgboost",805,0.90186,0.88324,421,377,0.8955,0.0421,0.0284,4.013,0.1475,0.9705,1.3
"2-3","married >  0.500 & months_since_cert_n <= 14.500 & unc_rawben_rel_max >  0.997","ranger",870,0.90115,0.88324,445,396,0.8899,0.0442,0.045,4.242,0.1475,0.9705,1.3
"2-3","rawben_rel_max <   0.0436 & total_deductions_by_hh_size <  72.3000 & utilities >= 325.0000 & utilities < 601.0000","xgboost",160,0.925,0.88324,1,0,0,0,3e-04,0.01,0.1475,0.9705,1.3
"2-3","elderly_disabled_i >   0.500 & medical_deductions <= 464.000 & rawben_rel_max >   0.996 & unc_rawben_rel_max <=   1.390","ranger",561,0.90553,0.88322,303,277,0.9142,0.0309,0.024,2.888,0.1475,0.9705,1.3
"2-3","months_since_cert_n >=  10 & shelter_expenses_by_hh_size >= 153 & shelter_expenses_by_hh_size < 338 & utilities >= 361","xgboost",504,0.90675,0.88321,287,243,0.8467,0.0271,0.0263,2.736,0.1475,0.9705,1.3
"2-3","cat_elig <= 0.500 & children_i <= 0.500 & rawben_rel_max <= 0.301 & unc_rawben_rel_max <= 0.996","ranger",61,0.95082,0.88316,27,26,0.963,0.0029,9e-04,0.257,0.1475,0.9705,1.3
"2-3","cat_elig >   0.5 & medical_deductions >  17.5 & medical_deductions <= 112.0 & utilities > 114.0","ranger",61,0.95082,0.88316,33,32,0.9697,0.0036,2e-04,0.315,0.1475,0.9705,1.3
"2-3","cat_elig >  0.5 & elderly_disabled_i <=  0.5 & homeless >  0.5 & utilities > 80.5","ranger",61,0.95082,0.88316,44,40,0.9091,0.0045,0.0019,0.419,0.1475,0.9705,1.3
"2-3","children_i <=    0.500 & rawben_rel_max >    0.998 & shelter_expenses_by_hh_size <= 1170.000 & utilities >  880.000","ranger",61,0.95082,0.88316,61,57,0.9344,0.0064,0.0039,0.582,0.1475,0.9705,1.3
"2-3","months_since_cert_n >= 16.000 & rawben_rel_max >=  0.701 & total_deductions_by_hh_size < 31.500","xgboost",61,0.95082,0.88316,28,28,1,0.0031,0,0.267,0.1475,0.9705,1.3
"2-3","expedited_i >   0.5 & months_since_cert_n <=   4.5 & shelter_expenses_by_hh_size <= 278.0","ranger",897,0.90078,0.88314,461,426,0.9241,0.0476,0.0304,4.395,0.1475,0.9705,1.3
"2-3","shelter_expenses_by_hh_size < 245 & total_deductions_by_hh_size >=  85 & utilities >= 417","xgboost",832,0.90144,0.88312,419,359,0.8568,0.0401,0.0415,3.994,0.1475,0.9705,1.3
"2-3","expedited_i >   0.500 & rawben_rel_max >   0.998 & shelter_expenses_by_hh_size > 250.000","ranger",664,0.90361,0.8831,341,303,0.8886,0.0338,0.0325,3.251,0.1475,0.9705,1.3
"2-3","cat_elig <= 0.500 & elderly_disabled_i > 0.500 & homeless <= 0.500 & rawben_rel_max > 0.149","ranger",748,0.90241,0.88308,395,348,0.881,0.0389,0.024,3.765,0.1475,0.9705,1.3
"2-3","married >   0.500 & medical_deductions <= 159.000 & months_since_cert_n <=  32.000 & unc_rawben_rel_max >   0.996","ranger",915,0.90055,0.88307,465,415,0.8925,0.0464,0.0441,4.433,0.1475,0.9705,1.3
"2-3","married >   0.500 & medical_deductions <= 159.000 & rawben_rel_max >   0.997","ranger",915,0.90055,0.88307,466,417,0.8948,0.0466,0.0433,4.442,0.1475,0.9705,1.3
"2-3","months_since_cert_n >=  10.000 & percent_abawd <   0.750 & shelter_expenses_by_hh_size < 702.000 & unc_rawben_rel_max >=   0.935","xgboost",813,0.9016,0.88306,472,413,0.875,0.0461,0.0453,4.5,0.1475,0.9705,1.3
"2-3","expedited_i >  0.500 & unc_rawben_rel_max >  0.923 & utilities > 30.500","ranger",961,0.9001,0.88305,496,440,0.8871,0.0492,0.0503,4.728,0.1475,0.9705,1.3
"2-3","expedited_i >   0.500 & months_since_cert_n <=  15.500 & shelter_expenses_by_hh_size > 278.000 & unc_rawben_rel_max >   0.998","ranger",626,0.90415,0.88302,324,286,0.8827,0.0319,0.0325,3.089,0.1475,0.9705,1.3
"2-3","married <  1.000 & months_since_cert_n < 11.000 & percent_abawd <  0.500 & rawben_rel_max <  0.122","xgboost",560,0.90536,0.88302,264,237,0.8977,0.0265,0.023,2.517,0.1475,0.9705,1.3
"2-3","cat_elig <=  0.5 & expedited_i >  0.5 & shelter_expenses_by_hh_size > 12.4 & total_deductions_by_hh_size > 88.6","ranger",221,0.91855,0.88298,111,105,0.9459,0.0117,0.0042,1.058,0.1475,0.9705,1.3
"2-3","married >=   1.0 & total_deductions_by_hh_size <  34.5 & unc_rawben_rel_max <   1.5 & utilities >= 415.0","xgboost",221,0.91855,0.88298,90,84,0.9333,0.0094,0.0026,0.858,0.1475,0.9705,1.3
"2-3","cat_elig <=   0.5 & children_i <=   0.5 & shelter_expenses_by_hh_size <= 857.0 & total_deductions_by_hh_size >  23.6","ranger",359,0.91086,0.88295,192,166,0.8646,0.0185,0.0137,1.83,0.1475,0.9705,1.3
"2-3","married >   0.500 & months_since_cert_n >   2.500 & rawben_rel_max >   0.996 & shelter_expenses_by_hh_size <= 252.000","ranger",231,0.91775,0.88295,113,104,0.9204,0.0116,0.007,1.077,0.1475,0.9705,1.3
"2-3","married >  0.500 & percent_abawd <=  0.583 & rawben_rel_max >  0.997 & utilities <= 49.500","ranger",231,0.91775,0.88295,121,115,0.9504,0.0128,0.0033,1.153,0.1475,0.9705,1.3
"2-3","children_i > 0.500 & homeless <= 0.500 & months_since_cert_n > 8.500 & rawben_rel_max > 0.997","ranger",877,0.9008,0.88294,494,436,0.8826,0.0487,0.05,4.709,0.1475,0.9705,1.3
"2-3","cat_elig <= 0.500 & elderly_disabled_i > 0.500 & percent_abawd <= 0.167","ranger",728,0.90247,0.88287,361,319,0.8837,0.0356,0.0211,3.441,0.1475,0.9705,1.3
"2-3","cat_elig <=   0.5 & children_i <=   0.5 & utilities > 270.0","ranger",378,0.91005,0.88284,198,172,0.8687,0.0192,0.0121,1.888,0.1475,0.9705,1.3
"2-3","cat_elig <=  0.5 & HH_size_n >  2.5 & utilities <= 22.0","ranger",378,0.91005,0.88284,201,185,0.9204,0.0207,0.0096,1.916,0.1475,0.9705,1.3
"2-3","expedited_i >=   1.000 & months_since_cert_n >=   5.000 & rawben_rel_max >=   0.717 & shelter_expenses_by_hh_size < 568.000","xgboost",606,0.90429,0.8828,342,298,0.8713,0.0333,0.0273,3.26,0.1475,0.9705,1.3
"2-3","expedited_i >   0.500 & shelter_expenses_by_hh_size > 251.000 & unc_rawben_rel_max >   0.997","ranger",662,0.90332,0.88275,339,301,0.8879,0.0336,0.0325,3.232,0.1475,0.9705,1.3
"2-3","cat_elig <=   0.500 & count_divisible_by_100 >   0.500 & unc_rawben_rel_max >   0.906 & utilities <= 338.000","ranger",84,0.94048,0.88273,33,33,1,0.0037,0,0.315,0.1475,0.9705,1.3
"2-3","count_divisible_by_100 <= 0.5 & HH_size_n > 2.5 & homeless > 0.5 & months_since_cert_n <= 6.5","ranger",84,0.94048,0.88273,46,41,0.8913,0.0046,0.0026,0.439,0.1475,0.9705,1.3
"2-3","expedited_i <   1 & months_since_cert_n >=  10 & months_since_cert_n <  19 & total_deductions_by_hh_size < 118","xgboost",755,0.90199,0.88272,434,383,0.8825,0.0428,0.0303,4.137,0.1475,0.9705,1.3
"2-3","HH_size_n <    3 & shelter_expenses_by_hh_size <  825 & utilities >= 1010","xgboost",117,0.93162,0.88269,119,110,0.9244,0.0123,0.0059,1.134,0.1475,0.9705,1.3
"2-3","cat_elig <   1.000 & children_i >=   1.000 & rawben_rel_max <   0.471 & utilities < 284.000","xgboost",117,0.93162,0.88269,40,38,0.95,0.0042,0.001,0.381,0.1475,0.9705,1.3
"2-3","months_since_cert_n >=  2.000 & rawben_rel_max >=  0.122 & total_deductions_by_hh_size < 56.300 & unc_rawben_rel_max <  0.409","xgboost",549,0.90528,0.88269,267,251,0.9401,0.028,0.0081,2.545,0.1475,0.9705,1.3
"2-3","expedited_i >   0.500 & rawben_rel_max >   0.996 & shelter_expenses_by_hh_size > 262.000","ranger",652,0.90337,0.88264,337,299,0.8872,0.0334,0.0325,3.213,0.1475,0.9705,1.3
"2-3","elderly_disabled_i <=   0.5 & homeless >   0.5 & medical_deductions <= 102.0 & total_deductions_by_hh_size <= 592.0","ranger",319,0.91223,0.88258,173,160,0.9249,0.0179,0.0076,1.649,0.1475,0.9705,1.3
"2-3","homeless >   0.5 & married <=   0.5 & shelter_expenses_by_hh_size <= 402.0 & total_deductions_by_hh_size <=  22.2","ranger",200,0.92,0.88255,109,101,0.9266,0.0113,0.0052,1.039,0.1475,0.9705,1.3
"2-3","rawben_rel_max <   0.137 & total_deductions_by_hh_size < 170.000 & utilities >= 524.000","xgboost",200,0.92,0.88255,104,95,0.9135,0.0106,0.0043,0.991,0.1475,0.9705,1.3
"2-3","expedited_i >=   1.00 & percent_abawd <   0.50 & rawben_rel_max >=   0.89 & utilities >= 385.00","xgboost",670,0.90299,0.88252,365,325,0.8904,0.0363,0.0323,3.48,0.1475,0.9705,1.3
"2-3","shelter_expenses_by_hh_size < 99.3 & total_deductions_by_hh_size >=  8.3 & total_deductions_by_hh_size < 72.3 & utilities >= 55.0","xgboost",95,0.93684,0.88249,33,25,0.7576,0.0028,0.0048,0.315,0.1475,0.9705,1.3
"2-3","count_divisible_by_100 <=   1.500 & married >   0.500 & rawben_rel_max >   0.997 & shelter_expenses_by_hh_size <= 651.000","ranger",744,0.90188,0.88246,361,324,0.8975,0.0362,0.0345,3.441,0.1475,0.9705,1.3
"2-3","cat_elig <  1 & children_i <  1 & months_since_cert_n >=  5 & total_deductions_by_hh_size >= 45","xgboost",138,0.92754,0.88243,76,66,0.8684,0.0074,0.0046,0.724,0.1475,0.9705,1.3
"2-3","cat_elig <= 0.5 & homeless <= 0.5 & months_since_cert_n <= 1.5","ranger",725,0.90207,0.88239,370,343,0.927,0.0383,0.0157,3.527,0.1475,0.9705,1.3
"2-3","HH_size_n <=  2.500 & percent_abawd <=  0.833 & shelter_expenses_by_hh_size > 50.500 & total_deductions_by_hh_size <= 30.300","ranger",882,0.90023,0.88238,450,420,0.9333,0.0469,0.0189,4.29,0.1475,0.9705,1.3
"2-3","cat_elig <=   0.500 & elderly_disabled_i >   0.500 & medical_deductions <= 860.000 & rawben_rel_max <=   0.997","ranger",697,0.90244,0.88236,363,320,0.8815,0.0357,0.0207,3.46,0.1475,0.9705,1.3
"2-3","cat_elig <  1.00 & months_since_cert_n <  6.00 & unc_rawben_rel_max <  1.04 & utilities < 70.00","xgboost",386,0.90933,0.88235,184,160,0.8696,0.0179,0.0127,1.754,0.1475,0.9705,1.3
"2-3","children_i <  1.000 & married >=  1.000 & unc_rawben_rel_max >=  0.881 & utilities < 41.000","xgboost",169,0.92308,0.8823,81,76,0.9383,0.0085,0.0018,0.772,0.1475,0.9705,1.3
"2-3","months_since_cert_n >=   1.0000 & rawben_rel_max <   0.0436 & shelter_expenses_by_hh_size < 414.0000 & utilities >= 385.0000","xgboost",169,0.92308,0.8823,5,4,0.8,4e-04,3e-04,0.048,0.1475,0.9705,1.3
"2-3","cat_elig >   1.500 & rawben_rel_max <=   0.154 & total_deductions_by_hh_size <= 468.000","ranger",500,0.906,0.88229,15,15,1,0.0017,0,0.143,0.1475,0.9705,1.3
"2-3","rawben_rel_max >   0.94 & shelter_expenses_by_hh_size <= 248.00 & total_deductions_by_hh_size >  29.90 & utilities <= 360.00","ranger",696,0.9023,0.8822,352,304,0.8636,0.034,0.043,3.356,0.1475,0.9705,1.3
"2-3","married >  0.50 & percent_abawd <=  1.75 & total_deductions_by_hh_size <= 29.80 & utilities > 30.50","ranger",490,0.90612,0.88216,231,221,0.9567,0.0247,0.0049,2.202,0.1475,0.9705,1.3
"2-3","months_since_cert_n >=   3.0 & total_deductions_by_hh_size <  34.5 & utilities >= 361.0","xgboost",471,0.90658,0.88214,248,230,0.9274,0.0257,0.0105,2.364,0.1475,0.9705,1.3
"2-3","count_divisible_by_100 > 0.500 & percent_abawd <= 0.167 & unc_rawben_rel_max > 0.923 & unc_rawben_rel_max <= 1.350","ranger",714,0.90196,0.88211,347,300,0.8646,0.0335,0.0385,3.308,0.1475,0.9705,1.3
"2-3","months_since_cert_n >=   3.000 & rawben_rel_max <   0.269 & total_deductions_by_hh_size < 155.000","xgboost",797,0.90088,0.88209,381,347,0.9108,0.0388,0.0155,3.632,0.1475,0.9705,1.3
"2-3","married >  0.5 & shelter_expenses_by_hh_size <= 50.5 & total_deductions_by_hh_size <= 62.2","ranger",337,0.91098,0.88208,176,166,0.9432,0.0185,0.0038,1.678,0.1475,0.9705,1.3
"2-3","count_divisible_by_100 <= 0.500 & elderly_disabled_i <= 0.500 & married > 0.500 & rawben_rel_max > 0.996","ranger",546,0.90476,0.88206,280,254,0.9071,0.0284,0.0228,2.669,0.1475,0.9705,1.3
"2-3","children_i >   0.5 & homeless >   0.5 & medical_deductions <= 128.0 & shelter_expenses_by_hh_size <= 333.0","ranger",249,0.91566,0.88204,130,120,0.9231,0.0134,0.0056,1.239,0.1475,0.9705,1.3
"2-3","count_divisible_by_100 <=   0.500 & shelter_expenses_by_hh_size <= 247.000 & unc_rawben_rel_max <=   0.132","ranger",249,0.91566,0.88204,137,127,0.927,0.0142,0.0083,1.306,0.1475,0.9705,1.3
"2-3","rawben_rel_max <   0.129 & shelter_expenses_by_hh_size < 242.000 & unc_rawben_rel_max <   0.422","xgboost",249,0.91566,0.88204,136,128,0.9412,0.0143,0.007,1.296,0.1475,0.9705,1.3
"2-3","children_i >   0.500 & count_divisible_by_100 >   0.500 & rawben_rel_max >   0.997 & shelter_expenses_by_hh_size <= 340.000","ranger",404,0.90842,0.88201,205,182,0.8878,0.0203,0.0189,1.954,0.1475,0.9705,1.3
"2-3","months_since_cert_n >=  10 & shelter_expenses_by_hh_size < 338 & utilities >= 361","xgboost",555,0.9045,0.88198,326,275,0.8436,0.0307,0.0312,3.108,0.1475,0.9705,1.2
"2-3","expedited_i >=  1.0 & months_since_cert_n >=  5.0 & total_deductions_by_hh_size < 56.3","xgboost",327,0.91131,0.88196,169,150,0.8876,0.0168,0.0107,1.611,0.1475,0.9705,1.2
"2-3","total_deductions_by_hh_size <  34.500 & unc_rawben_rel_max >=   0.259 & unc_rawben_rel_max <   0.462 & utilities >= 366.000","xgboost",209,0.91866,0.88194,84,74,0.881,0.0083,0.0052,0.801,0.1475,0.9705,1.2
"2-3","months_since_cert_n >=  5.000 & rawben_rel_max >=  0.667 & shelter_expenses_by_hh_size < 15.000 & unc_rawben_rel_max <  1.080","xgboost",517,0.90522,0.88187,346,303,0.8757,0.0338,0.0294,3.298,0.1475,0.9705,1.2
"2-3","cat_elig <=   0.500 & elderly_disabled_i >   0.500 & rawben_rel_max <=   0.997 & shelter_expenses_by_hh_size <= 858.000","ranger",694,0.90202,0.88186,360,318,0.8833,0.0355,0.0205,3.432,0.1475,0.9705,1.2
"2-3","rawben_rel_max >   0.997 & total_deductions_by_hh_size <= 310.000 & unc_rawben_rel_max <=   1.300 & utilities > 644.000","ranger",317,0.91167,0.88185,147,141,0.9592,0.0158,0.0049,1.401,0.1475,0.9705,1.2
"2-3","count_divisible_by_100 <= 0.500 & married <= 0.500 & months_since_cert_n > 8.500 & unc_rawben_rel_max > 0.996","ranger",832,0.90024,0.88183,482,429,0.89,0.0479,0.0472,4.595,0.1475,0.9705,1.2
"2-3","months_since_cert_n <=  30.000 & shelter_expenses_by_hh_size <= 251.000 & unc_rawben_rel_max <=   0.293","ranger",647,0.90263,0.88174,297,267,0.899,0.0298,0.0193,2.831,0.1475,0.9705,1.2
"2-3","percent_abawd <=   0.417 & rawben_rel_max <=   0.292 & shelter_expenses_by_hh_size <= 251.000","ranger",619,0.90307,0.88172,277,250,0.9025,0.0279,0.0177,2.641,0.1475,0.9705,1.2
"2-3","expedited_i > 0.5 & homeless > 0.5","ranger",116,0.93103,0.88171,58,57,0.9828,0.0064,8e-04,0.553,0.1475,0.9705,1.2
"2-3","months_since_cert_n >=  15.000 & rawben_rel_max <   0.333 & total_deductions_by_hh_size >=  54.000 & total_deductions_by_hh_size < 199.000","xgboost",116,0.93103,0.88171,38,28,0.7368,0.0031,0.0052,0.362,0.1475,0.9705,1.2
"2-3","elderly_disabled_i >   0.5 & married >   0.5 & shelter_expenses_by_hh_size <= 262.0 & total_deductions_by_hh_size <= 446.0","ranger",656,0.90244,0.8817,318,291,0.9151,0.0325,0.0141,3.031,0.1475,0.9705,1.2
"2-3","months_since_cert_n >=  10 & months_since_cert_n <  19 & total_deductions_by_hh_size < 118","xgboost",831,0.90012,0.88169,495,438,0.8848,0.0489,0.0341,4.719,0.1475,0.9705,1.2
"2-3","HH_size_n >  2.500 & homeless >  0.500 & rawben_rel_max >  0.904 & utilities <= 25.500","ranger",48,0.95833,0.88163,30,28,0.9333,0.0031,9e-04,0.286,0.1475,0.9705,1.2
"2-3","cat_elig <= 0.5 & homeless > 0.5 & months_since_cert_n <= 5.5","ranger",48,0.95833,0.88163,21,21,1,0.0023,0,0.2,0.1475,0.9705,1.2
"2-3","cat_elig > 2.500 & children_i > 0.500 & total_deductions_by_hh_size > 5.650 & unc_rawben_rel_max > 0.997","ranger",48,0.95833,0.88163,0,0,NA,0,0,0,0.1475,0.9705,1.2
"2-3","months_since_cert_n >=  16 & shelter_expenses_by_hh_size >= 511 & total_deductions_by_hh_size < 231 & utilities >= 643","xgboost",48,0.95833,0.88163,12,9,0.75,0.001,0.0023,0.114,0.1475,0.9705,1.2
"2-3","cat_elig >   0.500 & medical_deductions > 122.000 & unc_rawben_rel_max <=   0.199","ranger",297,0.91246,0.88162,134,121,0.903,0.0135,0.0073,1.277,0.1475,0.9705,1.2
"2-3","count_divisible_by_100 <=   0.5 & elderly_disabled_i <=   0.5 & homeless >   0.5 & total_deductions_by_hh_size <= 636.0","ranger",297,0.91246,0.88162,166,154,0.9277,0.0172,0.0075,1.582,0.1475,0.9705,1.2
"2-3","children_i > 0.500 & homeless > 0.500 & months_since_cert_n > 5.500 & unc_rawben_rel_max > 0.996","ranger",35,0.97143,0.88159,25,25,1,0.0028,0,0.238,0.1475,0.9705,1.2
"2-3","medical_deductions <= 138.000 & rawben_rel_max >   0.997 & rawben_rel_max <=   0.999 & shelter_expenses_by_hh_size <= 310.000","ranger",35,0.97143,0.88159,9,9,1,0.001,0,0.086,0.1475,0.9705,1.2
"2-3","total_deductions_by_hh_size <  10.8 & utilities >= 385.0 & utilities < 789.0","xgboost",393,0.9084,0.88159,183,170,0.929,0.019,0.0077,1.745,0.1475,0.9705,1.2
"2-3","married >   0.500 & total_deductions_by_hh_size <=  55.000 & unc_rawben_rel_max >   0.875 & utilities <= 180.000","ranger",248,0.91532,0.88157,132,126,0.9545,0.0141,0.0022,1.258,0.1475,0.9705,1.2
"2-3","months_since_cert_n <  7.000 & rawben_rel_max <  0.628 & total_deductions_by_hh_size < 31.500","xgboost",775,0.90065,0.88155,381,346,0.9081,0.0387,0.0228,3.632,0.1475,0.9705,1.2
"2-3","children_i <=  0.500 & rawben_rel_max >  0.996 & unc_rawben_rel_max <=  1.630 & utilities > 30.500","ranger",655,0.90229,0.88152,338,304,0.8994,0.034,0.028,3.222,0.1475,0.9705,1.2
"2-3","cat_elig <=   0.5 & HH_size_n >   2.5 & homeless <=   0.5 & utilities <= 270.0","ranger",459,0.90632,0.8815,225,204,0.9067,0.0228,0.0114,2.145,0.1475,0.9705,1.2
"2-3","months_since_cert_n <   5.000 & rawben_rel_max <   0.122 & utilities < 551.000","xgboost",440,0.90682,0.88147,185,170,0.9189,0.019,0.0113,1.764,0.1475,0.9705,1.2
"2-3","children_i <   1 & married >=   1 & shelter_expenses_by_hh_size < 276","xgboost",811,0.90012,0.88145,403,371,0.9206,0.0414,0.0155,3.842,0.1475,0.9705,1.2
"2-3","count_divisible_by_100 <   2.000 & rawben_rel_max <   0.129 & shelter_expenses_by_hh_size >= 262.000 & shelter_expenses_by_hh_size < 357.000","xgboost",188,0.92021,0.88143,81,75,0.9259,0.0084,0.0046,0.772,0.1475,0.9705,1.2
"2-3","children_i >  0.500 & rawben_rel_max >  0.899 & utilities > 22.000 & utilities <= 48.500","ranger",208,0.91827,0.88139,90,77,0.8556,0.0086,0.0142,0.858,0.1475,0.9705,1.2
"2-3","expedited_i >   0.500 & shelter_expenses_by_hh_size > 264.000 & total_deductions_by_hh_size >  62.000 & unc_rawben_rel_max >   0.997","ranger",645,0.90233,0.88138,335,297,0.8866,0.0332,0.0325,3.194,0.1475,0.9705,1.2
"2-3","cat_elig <=   1.500 & medical_deductions > 186.000 & rawben_rel_max <=   0.177","ranger",83,0.93976,0.88137,74,70,0.9459,0.0078,0.0025,0.705,0.1475,0.9705,1.2
"2-3","months_since_cert_n >=   3 & shelter_expenses_by_hh_size < 459 & utilities >= 875 & utilities < 912","xgboost",83,0.93976,0.88137,0,0,NA,0,0,0,0.1475,0.9705,1.2
"2-3","cat_elig <   2.000 & rawben_rel_max <   0.161 & shelter_expenses_by_hh_size < 588.000","xgboost",737,0.90095,0.88136,533,484,0.9081,0.0541,0.0318,5.081,0.1475,0.9705,1.2
"2-3","HH_size_n <   3 & shelter_expenses_by_hh_size >= 295 & shelter_expenses_by_hh_size < 304 & total_deductions_by_hh_size >= 225","xgboost",60,0.95,0.88132,8,6,0.75,7e-04,4e-04,0.076,0.1475,0.9705,1.2
"2-3","rawben_rel_max <   0.71 & total_deductions_by_hh_size <  40.00 & utilities >= 361.00","xgboost",663,0.90196,0.8813,328,300,0.9146,0.0335,0.0162,3.127,0.1475,0.9705,1.2
"2-3","count_divisible_by_100 <   2.00 & unc_rawben_rel_max >=   1.07 & unc_rawben_rel_max <   1.34 & utilities >= 912.00","xgboost",94,0.93617,0.88129,133,124,0.9323,0.0139,0.0076,1.268,0.1475,0.9705,1.2
"2-3","cat_elig <= 0.500 & HH_size_n <= 2.500 & rawben_rel_max > 0.859 & unc_rawben_rel_max <= 0.996","ranger",147,0.92517,0.88128,81,73,0.9012,0.0082,0.0042,0.772,0.1475,0.9705,1.2
"2-3","cat_elig <=   0.5 & elderly_disabled_i >   0.5 & shelter_expenses_by_hh_size <= 848.0 & utilities <= 476.0","ranger",672,0.90179,0.88126,377,332,0.8806,0.0371,0.0236,3.594,0.1475,0.9705,1.2
"2-3","cat_elig <=   0.500 & elderly_disabled_i <=   0.500 & rawben_rel_max >   0.927 & shelter_expenses_by_hh_size > 138.000","ranger",598,0.90301,0.88125,270,254,0.9407,0.0284,0.0105,2.574,0.1475,0.9705,1.2
"2-3","count_divisible_by_100 <  1.0 & HH_size_n <  3.0 & months_since_cert_n >=  9.0 & total_deductions_by_hh_size < 61.5","xgboost",690,0.90145,0.88119,364,334,0.9176,0.0373,0.0186,3.47,0.1475,0.9705,1.2
"2-3","cat_elig <= 0.500 & count_divisible_by_100 > 0.500 & homeless <= 0.500 & rawben_rel_max > 0.904","ranger",126,0.92857,0.88115,69,66,0.9565,0.0074,0.0032,0.658,0.1475,0.9705,1.2
"2-3","count_divisible_by_100 >   0.500 & unc_rawben_rel_max >   0.996 & unc_rawben_rel_max <=   1.310 & utilities > 140.000","ranger",363,0.90909,0.88115,166,151,0.9096,0.0169,0.015,1.582,0.1475,0.9705,1.2
"2-3","married >   0.500 & shelter_expenses_by_hh_size <= 329.000 & total_deductions_by_hh_size <= 247.000 & unc_rawben_rel_max >   0.997","ranger",382,0.90838,0.88114,189,173,0.9153,0.0193,0.0124,1.802,0.1475,0.9705,1.2
"2-3","HH_size_n <= 2.500 & homeless > 0.500 & unc_rawben_rel_max > 0.995","ranger",157,0.92357,0.88107,89,85,0.9551,0.0095,0.0026,0.848,0.1475,0.9705,1.2
"2-3","rawben_rel_max >=   0.967 & total_deductions_by_hh_size < 378.000 & utilities >= 469.000 & utilities < 560.000","xgboost",726,0.90083,0.88106,269,248,0.9219,0.0277,0.0206,2.564,0.1475,0.9705,1.2
"2-3","shelter_expenses_by_hh_size > 251.0 & total_deductions_by_hh_size <=  97.2 & utilities <= 450.0","ranger",532,0.90414,0.88105,289,273,0.9446,0.0305,0.008,2.755,0.1475,0.9705,1.2
"2-3","count_divisible_by_100 <  1.00 & elderly_disabled_i >=  1.00 & shelter_expenses_by_hh_size < 93.50 & unc_rawben_rel_max <  1.09","xgboost",305,0.91148,0.88097,169,145,0.858,0.0162,0.0135,1.611,0.1475,0.9705,1.2
"2-3","expedited_i <  1.00 & months_since_cert_n <  4.00 & total_deductions_by_hh_size < 13.30 & unc_rawben_rel_max <  1.02","xgboost",762,0.90026,0.88096,342,303,0.886,0.0338,0.0241,3.26,0.1475,0.9705,1.2
"2-3","medical_deductions <= 860.000 & rawben_rel_max <=   0.307 & shelter_expenses_by_hh_size <= 252.000","ranger",707,0.90099,0.88096,339,306,0.9027,0.0342,0.0209,3.232,0.1475,0.9705,1.2
"2-3","medical_deductions < 262.00000 & rawben_rel_max <   0.06400 & unc_rawben_rel_max <  -0.00871","xgboost",624,0.90224,0.88091,327,294,0.8991,0.0328,0.0304,3.117,0.1475,0.9705,1.2
"2-3","cat_elig <   2.00 & unc_rawben_rel_max >=   1.13 & utilities < 287.00","xgboost",324,0.91049,0.88089,188,164,0.8723,0.0183,0.0238,1.792,0.1475,0.9705,1.2
"2-3","expedited_i >=   1 & utilities >= 361 & utilities < 417","xgboost",177,0.9209,0.88085,175,150,0.8571,0.0168,0.0196,1.668,0.1475,0.9705,1.2
"2-3","married <   1.00000 & medical_deductions < 262.00000 & rawben_rel_max <   0.06400 & unc_rawben_rel_max <  -0.00871","xgboost",343,0.90962,0.88085,176,158,0.8977,0.0176,0.0188,1.678,0.1475,0.9705,1.2
"2-3","cat_elig <= 0.5 & expedited_i > 0.5 & months_since_cert_n > 3.5","ranger",197,0.91878,0.88081,85,83,0.9765,0.0093,0.0015,0.81,0.1475,0.9705,1.2
"2-3","cat_elig <=   0.5 & elderly_disabled_i >   0.5 & shelter_expenses_by_hh_size > 138.0 & shelter_expenses_by_hh_size <= 726.0","ranger",651,0.90169,0.8808,333,295,0.8859,0.033,0.0194,3.174,0.1475,0.9705,1.2
"2-3","months_since_cert_n >=   5.000 & percent_abawd <   0.333 & rawben_rel_max <   0.307 & shelter_expenses_by_hh_size < 370.000","xgboost",540,0.9037,0.88076,263,240,0.9125,0.0268,0.0121,2.507,0.1475,0.9705,1.2
"2-3","rawben_rel_max <   0.122 & utilities >=  28.000 & utilities < 469.000","xgboost",540,0.9037,0.88076,247,225,0.9109,0.0251,0.0201,2.355,0.1475,0.9705,1.2
"2-3","rawben_rel_max <  0.957 & shelter_expenses_by_hh_size < 65.300 & total_deductions_by_hh_size <  5.670 & unc_rawben_rel_max <  1.080","xgboost",660,0.90152,0.88076,320,279,0.8719,0.0312,0.0223,3.051,0.1475,0.9705,1.2
"2-3","rawben_rel_max <   0.355 & total_deductions_by_hh_size >=  65.900 & total_deductions_by_hh_size <  87.500 & utilities >= 376.000","xgboost",115,0.93043,0.88072,45,39,0.8667,0.0044,0.0022,0.429,0.1475,0.9705,1.2
"2-3","rawben_rel_max <=   0.897 & shelter_expenses_by_hh_size <= 259.000 & unc_rawben_rel_max <=   0.308","ranger",733,0.90041,0.88072,364,330,0.9066,0.0369,0.0211,3.47,0.1475,0.9705,1.2
"2-3","elderly_disabled_i >=   1.000 & percent_abawd <   0.667 & shelter_expenses_by_hh_size < 108.000 & utilities <  31.000","xgboost",333,0.90991,0.88069,199,175,0.8794,0.0195,0.0155,1.897,0.1475,0.9705,1.2
"2-3","count_divisible_by_100 > 0.500 & months_since_cert_n > 0.500 & percent_abawd <= 0.167 & unc_rawben_rel_max > 0.997","ranger",595,0.90252,0.88066,290,251,0.8655,0.028,0.033,2.765,0.1475,0.9705,1.2
"2-3","elderly_disabled_i >   0.500 & total_deductions_by_hh_size <= 142.000 & unc_rawben_rel_max >  -0.486 & utilities <=  22.000","ranger",502,0.90438,0.88057,304,273,0.898,0.0305,0.0198,2.898,0.1475,0.9705,1.2
"2-3","homeless >   0.5 & shelter_expenses_by_hh_size <= 160.0","ranger",275,0.91273,0.88056,145,133,0.9172,0.0149,0.0072,1.382,0.1475,0.9705,1.2
"2-3","children_i <  1.000 & rawben_rel_max >=  0.282 & total_deductions_by_hh_size < 54.000 & unc_rawben_rel_max <  1.090","xgboost",539,0.90353,0.88055,300,273,0.91,0.0305,0.0188,2.86,0.1475,0.9705,1.2
"2-3","months_since_cert_n >=   2.0 & total_deductions_by_hh_size <  81.5 & utilities >= 385.0 & utilities < 723.0","xgboost",741,0.90013,0.88054,380,344,0.9053,0.0384,0.019,3.622,0.1475,0.9705,1.2
"2-3","medical_deductions >  128.000 & medical_deductions <= 1190.000 & shelter_expenses_by_hh_size <=  872.000 & unc_rawben_rel_max <=    0.286","ranger",323,0.91022,0.88053,159,142,0.8931,0.0159,0.0079,1.516,0.1475,0.9705,1.2
"2-3","shelter_expenses_by_hh_size >= 17.500 & shelter_expenses_by_hh_size < 93.500 & unc_rawben_rel_max >= -0.497","xgboost",511,0.90411,0.88051,248,215,0.8669,0.024,0.0197,2.364,0.1475,0.9705,1.2
"2-3","rawben_rel_max <   0.333 & total_deductions_by_hh_size < 124.000 & utilities < 340.000","xgboost",455,0.90549,0.88048,146,132,0.9041,0.0147,0.0072,1.392,0.1475,0.9705,1.2
"2-3","months_since_cert_n <   6.000 & rawben_rel_max <   0.122 & total_deductions_by_hh_size < 652.000","xgboost",704,0.90057,0.88045,321,287,0.8941,0.0321,0.0243,3.06,0.1475,0.9705,1.2
"2-3","expedited_i >=  1.0 & months_since_cert_n >=  5.0 & shelter_expenses_by_hh_size < 12.3","xgboost",294,0.91156,0.88044,155,139,0.8968,0.0155,0.0108,1.478,0.1475,0.9705,1.2
"2-3","HH_size_n >=  3.0 & months_since_cert_n >=  8.0 & shelter_expenses_by_hh_size < 99.3 & total_deductions_by_hh_size <  8.3","xgboost",226,0.91593,0.88043,124,110,0.8871,0.0123,0.012,1.182,0.1475,0.9705,1.2
"2-3","expedited_i > 0.500 & months_since_cert_n > 4.500 & unc_rawben_rel_max > 0.942","ranger",603,0.90216,0.88042,340,301,0.8853,0.0336,0.0274,3.241,0.1475,0.9705,1.2
"2-3","months_since_cert_n <   3 & total_deductions_by_hh_size >= 147 & total_deductions_by_hh_size < 240 & utilities >= 502","xgboost",436,0.90596,0.8804,269,230,0.855,0.0257,0.0205,2.564,0.1475,0.9705,1.2
"2-3","cat_elig <=  0.5 & HH_size_n >  2.5 & utilities <= 78.5","ranger",464,0.90517,0.88039,231,211,0.9134,0.0236,0.0111,2.202,0.1475,0.9705,1.2
"2-3","cat_elig >   1.500 & married >   0.500 & rawben_rel_max >   0.933 & shelter_expenses_by_hh_size <= 848.000","ranger",389,0.90746,0.88039,27,23,0.8519,0.0026,0.0027,0.257,0.1475,0.9705,1.2
"2-3","cat_elig <= 0.500 & children_i <= 0.500 & HH_size_n <= 2.500 & unc_rawben_rel_max <= 0.997","ranger",332,0.90964,0.88034,184,159,0.8641,0.0178,0.0122,1.754,0.1475,0.9705,1.2
"2-3","rawben_rel_max <   0.856 & total_deductions_by_hh_size <   2.500 & utilities >= 493.000 & utilities < 643.000","xgboost",104,0.93269,0.88034,47,44,0.9362,0.0049,0.0011,0.448,0.1475,0.9705,1.2
"2-3","HH_size_n <=   2.500 & homeless >   0.500 & rawben_rel_max >   0.997 & shelter_expenses_by_hh_size <= 844.000","ranger",156,0.92308,0.88033,89,85,0.9551,0.0095,0.0026,0.848,0.1475,0.9705,1.2
"2-3","rawben_rel_max <=  0.18 & shelter_expenses_by_hh_size >  3.17 & utilities <= 57.50","ranger",156,0.92308,0.88033,65,59,0.9077,0.0066,0.0047,0.62,0.1475,0.9705,1.2
"2-3","rawben_rel_max <   0.086 & shelter_expenses_by_hh_size >= 382.000 & utilities >= 875.000","xgboost",71,0.94366,0.88029,42,38,0.9048,0.0042,0.0038,0.4,0.1475,0.9705,1.2
"2-3","medical_deductions < 264 & shelter_expenses_by_hh_size >= 417 & total_deductions_by_hh_size < 147","xgboost",398,0.90704,0.88027,182,160,0.8791,0.0179,0.0097,1.735,0.1475,0.9705,1.2
"2-3","cat_elig > 0.5000 & months_since_cert_n > 1.5000 & unc_rawben_rel_max <= 0.0428","ranger",721,0.90014,0.88025,389,347,0.892,0.0388,0.0363,3.708,0.1475,0.9705,1.2
"2-3","cat_elig <   1 & expedited_i >=   1 & months_since_cert_n <  31 & shelter_expenses_by_hh_size >= 359","xgboost",125,0.928,0.88023,57,54,0.9474,0.006,0.0017,0.543,0.1475,0.9705,1.2
"2-3","elderly_disabled_i <=  0.5 & homeless >  0.5 & months_since_cert_n <=  5.5 & total_deductions_by_hh_size <= 23.6","ranger",166,0.92169,0.88023,81,75,0.9259,0.0084,0.0035,0.772,0.1475,0.9705,1.2
"2-3","months_since_cert_n >=  7.000 & months_since_cert_n <  8.000 & rawben_rel_max >=  0.817 & total_deductions_by_hh_size < 31.500","xgboost",125,0.928,0.88023,60,54,0.9,0.006,0.0036,0.572,0.1475,0.9705,1.2
"2-3","shelter_expenses_by_hh_size < 414.000 & total_deductions_by_hh_size >= 151.000 & total_deductions_by_hh_size < 267.000 & unc_rawben_rel_max <   0.118","xgboost",166,0.92169,0.88023,75,66,0.88,0.0074,0.0114,0.715,0.1475,0.9705,1.2
"2-3","cat_elig <=   1.5 & months_since_cert_n >   6.5 & shelter_expenses_by_hh_size <=  25.8 & total_deductions_by_hh_size <= 418.0","ranger",519,0.90366,0.88021,430,383,0.8907,0.0428,0.0308,4.099,0.1475,0.9705,1.2
"2-3","elderly_disabled_i <  1.0000 & percent_abawd <  0.3330 & unc_rawben_rel_max >= -0.7100 & unc_rawben_rel_max <  0.0405","xgboost",196,0.91837,0.88021,103,86,0.835,0.0096,0.0199,0.982,0.1475,0.9705,1.2
"2-3","cat_elig > 0.500 & count_divisible_by_100 <= 1.500 & homeless > 0.500 & rawben_rel_max > 0.996","ranger",176,0.92045,0.88019,99,94,0.9495,0.0105,0.0029,0.944,0.1475,0.9705,1.2
"2-3","shelter_expenses_by_hh_size >= 414.000 & total_deductions_by_hh_size >= 151.000 & total_deductions_by_hh_size < 267.000 & unc_rawben_rel_max <   0.118","xgboost",176,0.92045,0.88019,71,66,0.9296,0.0074,0.0035,0.677,0.1475,0.9705,1.2
"2-3","shelter_expenses_by_hh_size < 108.0 & total_deductions_by_hh_size >=   2.5 & total_deductions_by_hh_size <  63.3 & utilities >=  42.0","xgboost",186,0.91935,0.88018,75,62,0.8267,0.0069,0.0104,0.715,0.1475,0.9705,1.2
"2-3","cat_elig <=  0.5 & children_i <=  0.5 & total_deductions_by_hh_size > 52.9","ranger",341,0.90909,0.88016,188,160,0.8511,0.0179,0.0142,1.792,0.1475,0.9705,1.2
"2-3","cat_elig <   1 & HH_size_n <   3 & months_since_cert_n >=   8 & total_deductions_by_hh_size < 466","xgboost",245,0.91429,0.88015,137,125,0.9124,0.014,0.0065,1.306,0.1475,0.9705,1.2
"2-3","rawben_rel_max >=   0.97 & total_deductions_by_hh_size >=   2.50 & unc_rawben_rel_max <   1.30 & utilities >= 724.00","xgboost",583,0.90223,0.8801,330,307,0.9303,0.0343,0.0179,3.146,0.1475,0.9705,1.2
"2-3","homeless >   0.50 & percent_abawd <=   0.75 & shelter_expenses_by_hh_size <= 252.00 & utilities <=  30.50","ranger",235,0.91489,0.88003,126,117,0.9286,0.0131,0.0054,1.201,0.1475,0.9705,1.2
"2-3","children_i <   1.00 & total_deductions_by_hh_size >=  25.00 & total_deductions_by_hh_size < 496.00 & unc_rawben_rel_max <   0.19","xgboost",610,0.90164,0.88,291,257,0.8832,0.0287,0.0237,2.774,0.1475,0.9705,1.2
"2-3","rawben_rel_max <   0.322 & shelter_expenses_by_hh_size >= 262.000 & total_deductions_by_hh_size <  96.600","xgboost",610,0.90164,0.88,262,240,0.916,0.0268,0.0108,2.498,0.1475,0.9705,1.2
"2-3","cat_elig <= 0.5 & children_i <= 0.5 & expedited_i <= 0.5 & months_since_cert_n <= 5.5","ranger",331,0.90937,0.87998,161,141,0.8758,0.0158,0.0112,1.535,0.1475,0.9705,1.2
"2-3","elderly_disabled_i >  0.5 & HH_size_n >  2.5 & months_since_cert_n >  0.5 & total_deductions_by_hh_size <= 29.9","ranger",331,0.90937,0.87998,175,143,0.8171,0.016,0.0167,1.668,0.1475,0.9705,1.2
"2-3","shelter_expenses_by_hh_size >=  27.50 & shelter_expenses_by_hh_size < 113.00 & unc_rawben_rel_max <   1.55","xgboost",573,0.90227,0.87993,271,232,0.8561,0.0259,0.0235,2.583,0.1475,0.9705,1.2
"2-3","cat_elig <=  0.5 & children_i <=  0.5 & homeless <=  0.5 & total_deductions_by_hh_size > 52.9","ranger",340,0.90882,0.87981,187,159,0.8503,0.0178,0.0142,1.783,0.1475,0.9705,1.2
"2-3","medical_deductions > 128.000 & unc_rawben_rel_max <=   0.204","ranger",302,0.9106,0.87981,136,123,0.9044,0.0137,0.0073,1.296,0.1475,0.9705,1.2
"2-3","shelter_expenses_by_hh_size >=  33.5 & total_deductions_by_hh_size <  74.5 & utilities < 287.0","xgboost",682,0.90029,0.87981,311,271,0.8714,0.0303,0.0233,2.965,0.1475,0.9705,1.2
"2-3","rawben_rel_max <  0.604 & total_deductions_by_hh_size < 90.000 & unc_rawben_rel_max >=  0.563","xgboost",215,0.91628,0.8798,113,97,0.8584,0.0108,0.012,1.077,0.1475,0.9705,1.2
"2-3","count_divisible_by_100 <  1.0 & elderly_disabled_i >=  1.0 & shelter_expenses_by_hh_size < 93.5","xgboost",368,0.90761,0.87971,212,184,0.8679,0.0206,0.019,2.021,0.1475,0.9705,1.2
"2-3","expedited_i >   0.5 & homeless >   0.5 & total_deductions_by_hh_size <= 378.0","ranger",114,0.92982,0.87971,58,57,0.9828,0.0064,8e-04,0.553,0.1475,0.9705,1.2
"2-3","medical_deductions >= 168.0000 & shelter_expenses_by_hh_size >= 104.0000 & unc_rawben_rel_max <   0.0106","xgboost",114,0.92982,0.87971,54,52,0.963,0.0058,0.0017,0.515,0.1475,0.9705,1.2
"2-3","cat_elig <   1 & children_i <   1 & shelter_expenses_by_hh_size < 347","xgboost",311,0.90997,0.87961,167,148,0.8862,0.0165,0.0104,1.592,0.1475,0.9705,1.2
"2-3","months_since_cert_n <   5.0000 & rawben_rel_max <   0.0763 & shelter_expenses_by_hh_size < 628.0000","xgboost",377,0.90716,0.87959,166,150,0.9036,0.0168,0.0108,1.582,0.1475,0.9705,1.2
"2-3","rawben_rel_max <   0.0436 & shelter_expenses_by_hh_size < 409.0000 & total_deductions_by_hh_size < 103.0000 & utilities >=  55.0000","xgboost",155,0.92258,0.87958,2,1,0.5,1e-04,3e-04,0.019,0.1475,0.9705,1.2
"2-3","rawben_rel_max >=   0.936 & total_deductions_by_hh_size < 452.000 & utilities >= 912.000","xgboost",185,0.91892,0.87955,219,200,0.9132,0.0223,0.019,2.088,0.1475,0.9705,1.2
"2-3","shelter_expenses_by_hh_size > 494.0 & total_deductions_by_hh_size <= 146.0 & utilities >  30.5","ranger",165,0.92121,0.87953,90,84,0.9333,0.0094,0.0022,0.858,0.1475,0.9705,1.2
"2-3","shelter_expenses_by_hh_size >= 240 & shelter_expenses_by_hh_size < 251","xgboost",386,0.90674,0.87948,144,118,0.8194,0.0132,0.0151,1.373,0.1475,0.9705,1.2
"2-3","cat_elig <=   0.5 & elderly_disabled_i >   0.5 & utilities <= 284.0","ranger",282,0.91135,0.87945,96,87,0.9062,0.0097,0.0058,0.915,0.1475,0.9705,1.2
"2-3","elderly_disabled_i < 1 & homeless >= 1","xgboost",320,0.90938,0.87943,174,160,0.9195,0.0179,0.0084,1.659,0.1475,0.9705,1.2
"2-3","expedited_i >=   1.00 & total_deductions_by_hh_size < 357.00 & unc_rawben_rel_max >=   1.25 & utilities >=  47.00","xgboost",451,0.90466,0.87943,232,207,0.8922,0.0231,0.0229,2.212,0.1475,0.9705,1.2
"2-3","count_divisible_by_100 > 0.500 & percent_abawd <= 0.250 & rawben_rel_max <= 0.129","ranger",59,0.94915,0.87941,34,28,0.8235,0.0031,0.0059,0.324,0.1475,0.9705,1.2
"2-3","children_i <=   0.500 & married >   0.500 & shelter_expenses_by_hh_size <= 851.000 & unc_rawben_rel_max >   0.997","ranger",469,0.90405,0.87931,228,205,0.8991,0.0229,0.0205,2.173,0.1475,0.9705,1.2
"2-3","shelter_expenses_by_hh_size >= 340.0 & shelter_expenses_by_hh_size < 771.0 & total_deductions_by_hh_size <  87.5","xgboost",432,0.90509,0.87931,199,185,0.9296,0.0207,0.0065,1.897,0.1475,0.9705,1.2
"2-3","homeless <=  0.500 & months_since_cert_n <=  0.500 & unc_rawben_rel_max >  0.704 & utilities <= 38.500","ranger",376,0.90691,0.87928,216,193,0.8935,0.0216,0.0207,2.059,0.1475,0.9705,1.2
"2-3","cat_elig <=  0.500 & married <=  0.500 & percent_abawd >  0.167 & total_deductions_by_hh_size <= 62.000","ranger",47,0.95745,0.87927,33,33,1,0.0037,0,0.315,0.1475,0.9705,1.2
"2-3","count_divisible_by_100 <   2.00 & percent_abawd >=   0.75 & shelter_expenses_by_hh_size >= 340.00 & utilities >= 724.00","xgboost",47,0.95745,0.87927,20,17,0.85,0.0019,0.0016,0.191,0.1475,0.9705,1.2
"2-3","HH_size_n <= 2.500 & married > 0.500 & rawben_rel_max <= 0.145","ranger",588,0.90136,0.87926,298,274,0.9195,0.0306,0.0177,2.841,0.1475,0.9705,1.2
"2-3","elderly_disabled_i > 0.500 & months_since_cert_n > 4.500 & rawben_rel_max <= 0.128","ranger",524,0.90267,0.87926,276,256,0.9275,0.0286,0.0136,2.631,0.1475,0.9705,1.2
"2-3","cat_elig <   1.000 & months_since_cert_n >=   4.000 & rawben_rel_max >=   0.701 & utilities < 339.000","xgboost",478,0.90377,0.87925,210,189,0.9,0.0211,0.0124,2.002,0.1475,0.9705,1.2
"2-3","married >   0.50 & shelter_expenses_by_hh_size <= 592.00 & total_deductions_by_hh_size >   1.05 & unc_rawben_rel_max >   0.94","ranger",606,0.90099,0.87921,269,234,0.8699,0.0261,0.0316,2.564,0.1475,0.9705,1.2
"2-3","cat_elig < 1.00 & elderly_disabled_i >= 1.00 & HH_size_n < 3.00 & rawben_rel_max < 0.89","xgboost",413,0.90557,0.87919,230,208,0.9043,0.0232,0.0106,2.193,0.1475,0.9705,1.2
"2-3","count_divisible_by_100 >   0.500 & homeless <=   0.500 & shelter_expenses_by_hh_size <= 263.000 & unc_rawben_rel_max >   0.897","ranger",450,0.90444,0.87917,222,194,0.8739,0.0217,0.0221,2.116,0.1475,0.9705,1.2
"2-3","rawben_rel_max <=  0.961 & total_deductions_by_hh_size <= 62.000 & unc_rawben_rel_max >  0.878","ranger",262,0.91221,0.87908,114,101,0.886,0.0113,0.0086,1.087,0.1475,0.9705,1.2
"2-3","shelter_expenses_by_hh_size < 280.00 & unc_rawben_rel_max <   1.18 & utilities >= 425.00 & utilities < 469.00","xgboost",394,0.90609,0.87907,274,235,0.8577,0.0263,0.0222,2.612,0.1475,0.9705,1.2
"2-3","elderly_disabled_i < 1 & homeless >= 1 & months_since_cert_n < 9","xgboost",281,0.91103,0.87903,148,135,0.9122,0.0151,0.0076,1.411,0.1475,0.9705,1.2
"2-3","rawben_rel_max >=   0.501 & shelter_expenses_by_hh_size < 496.000 & utilities >= 784.000","xgboost",495,0.90303,0.87891,303,262,0.8647,0.0293,0.0263,2.888,0.1475,0.9705,1.2
"2-3","cat_elig <=  0.5 & count_divisible_by_100 <=  0.5 & married >  0.5 & months_since_cert_n <= 28.0","ranger",412,0.90534,0.8789,208,179,0.8606,0.02,0.0155,1.983,0.1475,0.9705,1.2
"2-3","cat_elig <=   0.500 & medical_deductions <=   2.500 & percent_abawd >   0.167 & total_deductions_by_hh_size <= 348.000","ranger",144,0.92361,0.87889,101,86,0.8515,0.0096,0.0079,0.963,0.1475,0.9705,1.2
"2-3","cat_elig <=  0.50 & elderly_disabled_i >  0.50 & percent_abawd <=  1.75 & utilities <= 57.00","ranger",144,0.92361,0.87889,76,69,0.9079,0.0077,0.0044,0.724,0.1475,0.9705,1.2
"2-3","rawben_rel_max <=  0.941 & unc_rawben_rel_max <=  0.265 & utilities >  9.500 & utilities <= 78.500","ranger",144,0.92361,0.87889,68,55,0.8088,0.0061,0.0074,0.648,0.1475,0.9705,1.2
"2-3","cat_elig <=   0.5 & expedited_i >   0.5 & homeless <=   0.5 & shelter_expenses_by_hh_size <= 335.0","ranger",309,0.90939,0.87885,150,144,0.96,0.0161,0.0045,1.43,0.1475,0.9705,1.2
"2-3","married >   0.500 & shelter_expenses_by_hh_size > 326.000 & unc_rawben_rel_max >   0.996 & unc_rawben_rel_max <=   1.680","ranger",458,0.90393,0.87885,239,215,0.8996,0.024,0.0248,2.278,0.1475,0.9705,1.2
"2-3","rawben_rel_max <   0.064 & total_deductions_by_hh_size <  65.900 & utilities >= 376.000","xgboost",174,0.91954,0.87885,93,87,0.9355,0.0097,0.0027,0.887,0.1475,0.9705,1.2
"2-3","shelter_expenses_by_hh_size < 118.0 & total_deductions_by_hh_size >=   2.5 & utilities >=  55.0","xgboost",309,0.90939,0.87885,177,144,0.8136,0.0161,0.0246,1.687,0.1475,0.9705,1.2
"2-3","HH_size_n > 2.500 & homeless <= 0.500 & months_since_cert_n > 7.500 & rawben_rel_max > 0.996","ranger",595,0.90084,0.87883,308,264,0.8571,0.0295,0.0392,2.936,0.1475,0.9705,1.2
"2-3","months_since_cert_n >= 3.000 & months_since_cert_n < 4.000 & rawben_rel_max < 0.129","xgboost",154,0.92208,0.87882,59,53,0.8983,0.0059,0.0034,0.562,0.1475,0.9705,1.2
"2-3","rawben_rel_max >=   0.756 & shelter_expenses_by_hh_size < 473.000 & unc_rawben_rel_max <   1.490 & utilities >= 875.000","xgboost",154,0.92208,0.87882,87,77,0.8851,0.0086,0.0059,0.829,0.1475,0.9705,1.2
"2-3","HH_size_n <   3.0 & shelter_expenses_by_hh_size >= 245.0 & total_deductions_by_hh_size >=  56.3 & total_deductions_by_hh_size <  76.0","xgboost",164,0.92073,0.87881,72,65,0.9028,0.0073,0.0041,0.686,0.1475,0.9705,1.2
"2-3","medical_deductions >= 133.0000 & months_since_cert_n <  26.0000 & rawben_rel_max <   0.0523 & shelter_expenses_by_hh_size >= 281.0000","xgboost",164,0.92073,0.87881,72,70,0.9722,0.0078,0.0012,0.686,0.1475,0.9705,1.2
"2-3","shelter_expenses_by_hh_size >=  528 & total_deductions_by_hh_size <  533 & utilities >= 1010","xgboost",164,0.92073,0.87881,165,153,0.9273,0.0171,0.0069,1.573,0.1475,0.9705,1.2
"2-3","medical_deductions < 168.0000 & shelter_expenses_by_hh_size >= 104.0000 & unc_rawben_rel_max <   0.0106","xgboost",622,0.90032,0.87879,335,297,0.8866,0.0332,0.0345,3.194,0.1475,0.9705,1.2
"2-3","elderly_disabled_i >=   1.000 & rawben_rel_max <   0.902 & shelter_expenses_by_hh_size >= 230.000 & total_deductions_by_hh_size <   4.100","xgboost",337,0.90801,0.87876,172,165,0.9593,0.0184,0.0028,1.64,0.1475,0.9705,1.2
"2-3","cat_elig >=   2.000 & shelter_expenses_by_hh_size >= 144.000 & total_deductions_by_hh_size <   2.500 & unc_rawben_rel_max <   0.998","xgboost",213,0.91549,0.87869,15,13,0.8667,0.0015,8e-04,0.143,0.1475,0.9705,1.2
"2-3","cat_elig <= 0.500 & homeless <= 0.500 & percent_abawd > 0.167 & rawben_rel_max > 0.693","ranger",113,0.9292,0.87868,74,66,0.8919,0.0074,0.0043,0.705,0.1475,0.9705,1.2
"2-3","children_i <=   0.500 & percent_abawd <=   0.167 & total_deductions_by_hh_size <= 572.000 & utilities > 934.000","ranger",113,0.9292,0.87868,110,100,0.9091,0.0112,0.0069,1.049,0.1475,0.9705,1.2
"2-3","elderly_disabled_i > 0.500 & expedited_i > 0.500 & months_since_cert_n <= 7.500 & rawben_rel_max > 0.996","ranger",70,0.94286,0.87866,44,38,0.8636,0.0042,0.0046,0.419,0.1475,0.9705,1.2
"2-3","expedited_i > 0.500 & HH_size_n <= 2.500 & homeless > 0.500 & percent_abawd <= 0.833","ranger",70,0.94286,0.87866,36,35,0.9722,0.0039,8e-04,0.343,0.1475,0.9705,1.2
"2-3","medical_deductions >  11.500 & medical_deductions <= 122.000 & rawben_rel_max <=   0.536","ranger",70,0.94286,0.87866,30,28,0.9333,0.0031,7e-04,0.286,0.1475,0.9705,1.2
"2-3","cat_elig >=   1.000 & married >=   1.000 & shelter_expenses_by_hh_size < 583.000 & unc_rawben_rel_max >=   0.998","xgboost",585,0.90085,0.87865,293,263,0.8976,0.0294,0.0279,2.793,0.1475,0.9705,1.2
"2-3","cat_elig >  0.5 & married >  0.5 & shelter_expenses_by_hh_size > 50.5 & total_deductions_by_hh_size <= 46.1","ranger",512,0.90234,0.8786,267,256,0.9588,0.0286,0.0055,2.545,0.1475,0.9705,1.2
"2-3","rawben_rel_max <  0.137 & total_deductions_by_hh_size < 31.500 & unc_rawben_rel_max <  1.550","xgboost",327,0.90826,0.87854,169,163,0.9645,0.0182,0.0031,1.611,0.1475,0.9705,1.2
"2-3","shelter_expenses_by_hh_size <= 94.6 & utilities > 54.5","ranger",203,0.91626,0.87854,70,58,0.8286,0.0065,0.0075,0.667,0.1475,0.9705,1.2
"2-3","rawben_rel_max >=   0.731 & shelter_expenses_by_hh_size >=  12.300 & shelter_expenses_by_hh_size < 113.000","xgboost",575,0.90087,0.87845,273,236,0.8645,0.0264,0.0252,2.602,0.1475,0.9705,1.2
"2-3","count_divisible_by_100 > 0.500 & elderly_disabled_i <= 0.500 & percent_abawd <= 0.167 & rawben_rel_max > 0.997","ranger",584,0.90068,0.87844,290,253,0.8724,0.0283,0.0298,2.765,0.1475,0.9705,1.2
"2-3","children_i <   1.000 & rawben_rel_max <   0.675 & total_deductions_by_hh_size <  15.500 & utilities < 376.000","xgboost",364,0.90659,0.87842,192,182,0.9479,0.0203,0.0075,1.83,0.1475,0.9705,1.2
"2-3","married <=   0.500 & rawben_rel_max <=   0.999 & shelter_expenses_by_hh_size <= 329.000 & unc_rawben_rel_max >   0.997","ranger",34,0.97059,0.87838,8,8,1,9e-04,0,0.076,0.1475,0.9705,1.2
"2-3","rawben_rel_max >   0.00457 & unc_rawben_rel_max <=   0.14800 & utilities > 984.00000","ranger",34,0.97059,0.87838,39,36,0.9231,0.004,0.004,0.372,0.1475,0.9705,1.2
"2-3","cat_elig <= 0.500 & count_divisible_by_100 > 0.500 & medical_deductions <= 4.500 & unc_rawben_rel_max > 0.927","ranger",123,0.92683,0.87834,67,64,0.9552,0.0071,0.0032,0.639,0.1475,0.9705,1.2
"2-3","months_since_cert_n <  1.000 & rawben_rel_max >=  0.879 & unc_rawben_rel_max <  1.080 & utilities < 31.000","xgboost",123,0.92683,0.87834,92,81,0.8804,0.009,0.0109,0.877,0.1475,0.9705,1.2
"2-3","children_i <= 0.500 & married <= 0.500 & percent_abawd <= 0.417 & rawben_rel_max <= 0.158","ranger",183,0.91803,0.87827,86,75,0.8721,0.0084,0.0109,0.82,0.1475,0.9705,1.2
"2-3","cat_elig >   0.500 & homeless >   0.500 & shelter_expenses_by_hh_size <= 826.000 & unc_rawben_rel_max >   0.617","ranger",241,0.91286,0.87821,147,137,0.932,0.0153,0.0058,1.401,0.1475,0.9705,1.2
"2-3","children_i <  1.000 & elderly_disabled_i >=  1.000 & rawben_rel_max >=  0.294 & total_deductions_by_hh_size < 56.300","xgboost",483,0.90269,0.87821,291,268,0.921,0.0299,0.0158,2.774,0.1475,0.9705,1.2
"2-3","months_since_cert_n >=   7.000 & rawben_rel_max >=   0.942 & shelter_expenses_by_hh_size >= 172.000 & shelter_expenses_by_hh_size < 377.000","xgboost",483,0.90269,0.87821,252,214,0.8492,0.0239,0.0285,2.402,0.1475,0.9705,1.2
"2-3","HH_size_n >=   3.00 & shelter_expenses_by_hh_size < 281.00 & total_deductions_by_hh_size >= 181.00 & unc_rawben_rel_max >=   1.05","xgboost",326,0.90798,0.87818,178,158,0.8876,0.0176,0.0146,1.697,0.1475,0.9705,1.2
"2-3","count_divisible_by_100 <=  0.500 & homeless >  0.500 & unc_rawben_rel_max >  0.997 & utilities <= 30.500","ranger",173,0.91908,0.87817,97,92,0.9485,0.0103,0.0029,0.925,0.1475,0.9705,1.2
"2-3","homeless >   0.500 & rawben_rel_max >   0.569 & total_deductions_by_hh_size <= 138.000","ranger",260,0.91154,0.87817,145,136,0.9379,0.0152,0.0053,1.382,0.1475,0.9705,1.2
"2-3","months_since_cert_n >= 19.000 & percent_abawd <  0.333 & rawben_rel_max <  0.176 & unc_rawben_rel_max <  0.422","xgboost",133,0.92481,0.87815,54,47,0.8704,0.0053,0.0036,0.515,0.1475,0.9705,1.2
"2-3","children_i <= 0.50 & married <= 0.50 & rawben_rel_max <= 0.89 & total_deductions_by_hh_size <= 1.05","ranger",163,0.92025,0.87809,90,82,0.9111,0.0092,0.0066,0.858,0.1475,0.9705,1.2
"2-3","children_i <   1.0 & shelter_expenses_by_hh_size >= 271.0 & total_deductions_by_hh_size <   2.5","xgboost",143,0.92308,0.87807,78,76,0.9744,0.0085,8e-04,0.744,0.1475,0.9705,1.2
"2-3","HH_size_n <= 2.50 & homeless > 0.50 & unc_rawben_rel_max > 1.00 & unc_rawben_rel_max <= 1.49","ranger",153,0.92157,0.87805,89,85,0.9551,0.0095,0.0026,0.848,0.1475,0.9705,1.2
"2-3","homeless >=   1.000 & rawben_rel_max >=   0.723 & total_deductions_by_hh_size < 140.000 & utilities < 361.000","xgboost",231,0.91342,0.878,125,118,0.944,0.0132,0.0038,1.192,0.1475,0.9705,1.2
"2-3","HH_size_n >   2.5 & months_since_cert_n >   6.5 & shelter_expenses_by_hh_size <= 325.0 & total_deductions_by_hh_size <=  17.7","ranger",381,0.90551,0.87792,213,188,0.8826,0.021,0.0181,2.031,0.1475,0.9705,1.2
"2-3","cat_elig <=  0.5 & count_divisible_by_100 <=  0.5 & HH_size_n >  2.5 & utilities <= 78.5","ranger",427,0.90398,0.87792,214,195,0.9112,0.0218,0.0109,2.04,0.1475,0.9705,1.2
"2-3","months_since_cert_n <   1.000 & total_deductions_by_hh_size < 425.000 & unc_rawben_rel_max >=   0.881 & unc_rawben_rel_max <   1.230","xgboost",590,0.9,0.87782,333,297,0.8919,0.0332,0.0314,3.174,0.1475,0.9705,1.2
"2-3","elderly_disabled_i <=  0.5 & homeless >  0.5 & months_since_cert_n <=  5.5 & shelter_expenses_by_hh_size <= 94.0","ranger",192,0.91667,0.87778,90,82,0.9111,0.0092,0.0048,0.858,0.1475,0.9705,1.2
"2-3","months_since_cert_n >=   8.000 & total_deductions_by_hh_size < 416.000 & unc_rawben_rel_max <  -0.108 & utilities < 992.000","xgboost",192,0.91667,0.87778,87,84,0.9655,0.0094,0.0031,0.829,0.1475,0.9705,1.2
"2-3","married >  0.5 & medical_deductions <=  5.5 & total_deductions_by_hh_size <= 39.1 & utilities <= 30.5","ranger",362,0.90608,0.87776,182,175,0.9615,0.0195,0.0029,1.735,0.1475,0.9705,1.2
"2-3","months_since_cert_n >=   5.000 & total_deductions_by_hh_size >=   2.500 & total_deductions_by_hh_size < 147.000 & unc_rawben_rel_max >=   0.849","xgboost",472,0.90254,0.87774,290,254,0.8759,0.0284,0.0272,2.765,0.1475,0.9705,1.2
"2-3","months_since_cert_n >=   4.00 & shelter_expenses_by_hh_size < 113.00 & total_deductions_by_hh_size <   2.50 & unc_rawben_rel_max <   1.05","xgboost",481,0.90229,0.87771,227,201,0.8855,0.0225,0.0131,2.164,0.1475,0.9705,1.2
"2-3","elderly_disabled_i >   0.500 & total_deductions_by_hh_size <= 433.000 & unc_rawben_rel_max >   0.997 & unc_rawben_rel_max <=   1.550","ranger",371,0.90566,0.87768,223,197,0.8834,0.022,0.0245,2.126,0.1475,0.9705,1.2
"2-3","medical_deductions < 367.00 & shelter_expenses_by_hh_size < 528.00 & unc_rawben_rel_max >=   1.33 & utilities >= 580.00","xgboost",371,0.90566,0.87768,206,186,0.9029,0.0208,0.0148,1.964,0.1475,0.9705,1.2
"2-3","cat_elig <=   0.5 & months_since_cert_n >   5.5 & months_since_cert_n <=  12.5 & shelter_expenses_by_hh_size <= 794.0","ranger",535,0.90093,0.87763,258,232,0.8992,0.0259,0.012,2.459,0.1475,0.9705,1.2
"2-3","months_since_cert_n >=  17 & months_since_cert_n <  24 & shelter_expenses_by_hh_size < 306","xgboost",182,0.91758,0.87762,100,84,0.84,0.0094,0.0076,0.953,0.1475,0.9705,1.2
"2-3","rawben_rel_max >=   0.624 & unc_rawben_rel_max >=   1.030 & unc_rawben_rel_max <   1.420 & utilities >= 886.000","xgboost",182,0.91758,0.87762,159,149,0.9371,0.0166,0.0093,1.516,0.1475,0.9705,1.2
"2-3","homeless > 0.500 & percent_abawd <= 0.250 & rawben_rel_max > 0.527","ranger",287,0.90941,0.87758,152,143,0.9408,0.016,0.0058,1.449,0.1475,0.9705,1.2
"2-3","count_divisible_by_100 >  0.500 & rawben_rel_max >  0.997 & unc_rawben_rel_max <=  1.340 & utilities <= 37.500","ranger",211,0.91469,0.87757,97,87,0.8969,0.0097,0.0047,0.925,0.1475,0.9705,1.2
"2-3","cat_elig < 1.000 & months_since_cert_n >= 3.000 & percent_abawd >= 0.333","xgboost",91,0.93407,0.87754,45,39,0.8667,0.0044,0.0034,0.429,0.1475,0.9705,1.2
"2-3","cat_elig <=   0.500 & percent_abawd >   0.167 & shelter_expenses_by_hh_size <= 264.000","ranger",91,0.93407,0.87754,63,55,0.873,0.0061,0.0042,0.601,0.1475,0.9705,1.2
"2-3","cat_elig <=  0.5 & children_i <=  0.5 & HH_size_n <=  2.5 & shelter_expenses_by_hh_size <= 43.0","ranger",91,0.93407,0.87754,48,45,0.9375,0.005,0.0016,0.458,0.1475,0.9705,1.2
"2-3","medical_deductions >  34.5 & medical_deductions <= 124.0 & utilities <= 726.0","ranger",91,0.93407,0.87754,46,43,0.9348,0.0048,0.0012,0.439,0.1475,0.9705,1.2
"2-3","cat_elig <   1 & utilities >=  28 & utilities < 284","xgboost",462,0.9026,0.87751,82,74,0.9024,0.0083,0.0036,0.782,0.1475,0.9705,1.2
"2-3","cat_elig <  2.000 & rawben_rel_max >=  0.103 & rawben_rel_max <  0.294 & total_deductions_by_hh_size < 56.300","xgboost",268,0.91045,0.8775,150,143,0.9533,0.016,0.0037,1.43,0.1475,0.9705,1.2
"2-3","rawben_rel_max >=   0.466 & shelter_expenses_by_hh_size < 118.000 & total_deductions_by_hh_size >=   2.500 & utilities >=  55.000","xgboost",268,0.91045,0.8775,152,125,0.8224,0.014,0.0206,1.449,0.1475,0.9705,1.2
"2-3","married >  0.500 & total_deductions_by_hh_size <= 55.000 & unc_rawben_rel_max >  0.875","ranger",249,0.91165,0.87746,133,127,0.9549,0.0142,0.0022,1.268,0.1475,0.9705,1.2
"2-3","HH_size_n >   2.500 & percent_abawd >   0.167 & unc_rawben_rel_max >   0.997 & utilities <= 286.000","ranger",58,0.94828,0.87744,41,39,0.9512,0.0044,0.0025,0.391,0.1475,0.9705,1.2
"2-3","cat_elig <=   0.5 & shelter_expenses_by_hh_size > 116.0 & shelter_expenses_by_hh_size <= 138.0","ranger",58,0.94828,0.87744,32,28,0.875,0.0031,0.0018,0.305,0.1475,0.9705,1.2
"2-3","cat_elig <= 1.5 & count_divisible_by_100 <= 0.5 & HH_size_n > 2.5 & homeless > 0.5","ranger",58,0.94828,0.87744,56,50,0.8929,0.0056,0.0032,0.534,0.1475,0.9705,1.2
"2-3","count_divisible_by_100 >= 1.00 & months_since_cert_n < 4.00 & unc_rawben_rel_max >= 1.16 & unc_rawben_rel_max < 1.24","xgboost",58,0.94828,0.87744,27,25,0.9259,0.0028,0.0026,0.257,0.1475,0.9705,1.2
"2-3","months_since_cert_n <  12.0 & total_deductions_by_hh_size <  18.4 & utilities >= 385.0","xgboost",324,0.90741,0.87744,161,149,0.9255,0.0166,0.0082,1.535,0.1475,0.9705,1.2
"2-3","cat_elig < 1.000 & children_i < 1.000 & HH_size_n < 3.000 & rawben_rel_max < 0.886","xgboost",296,0.90878,0.87743,168,145,0.8631,0.0162,0.0113,1.602,0.1475,0.9705,1.2
"2-3","children_i >   0.5 & HH_size_n <=   2.5 & homeless >   0.5 & medical_deductions <= 194.0","ranger",162,0.91975,0.87736,89,84,0.9438,0.0094,0.0035,0.848,0.1475,0.9705,1.2
"2-3","rawben_rel_max <   0.153 & shelter_expenses_by_hh_size >= 418.000 & unc_rawben_rel_max >=  -0.497 & utilities < 707.000","xgboost",488,0.90164,0.8772,242,216,0.8926,0.0241,0.0201,2.307,0.1475,0.9705,1.2
"2-3","cat_elig <=   0.500 & shelter_expenses_by_hh_size > 248.000 & unc_rawben_rel_max >   0.879","ranger",551,0.90018,0.87718,234,219,0.9359,0.0245,0.0071,2.231,0.1475,0.9705,1.2
"2-3","months_since_cert_n >=  16.0 & shelter_expenses_by_hh_size <  12.3 & utilities < 445.0","xgboost",80,0.9375,0.87712,32,31,0.9688,0.0035,4e-04,0.305,0.1475,0.9705,1.2
"2-3","count_divisible_by_100 >   0.500 & rawben_rel_max >   0.916 & shelter_expenses_by_hh_size <= 205.000","ranger",369,0.90515,0.87703,186,164,0.8817,0.0183,0.0174,1.773,0.1475,0.9705,1.2
"2-3","rawben_rel_max >   0.998 & total_deductions_by_hh_size > 468.000 & unc_rawben_rel_max <=   1.630","ranger",295,0.90847,0.87702,139,125,0.8993,0.014,0.0122,1.325,0.1475,0.9705,1.2
"2-3","rawben_rel_max >=   0.964 & shelter_expenses_by_hh_size < 857.000 & unc_rawben_rel_max >=   1.120 & utilities >= 844.000","xgboost",295,0.90847,0.87702,204,180,0.8824,0.0201,0.0197,1.945,0.1475,0.9705,1.2
"2-3","count_divisible_by_100 >  0.500 & unc_rawben_rel_max >  0.997 & unc_rawben_rel_max <=  1.340 & utilities <= 30.500","ranger",210,0.91429,0.877,96,86,0.8958,0.0096,0.0047,0.915,0.1475,0.9705,1.2
"2-3","count_divisible_by_100 <=   0.5 & homeless >   0.5 & total_deductions_by_hh_size <= 636.0","ranger",332,0.90663,0.87697,190,173,0.9105,0.0193,0.0102,1.811,0.1475,0.9705,1.2
"2-3","married >  0.500 & rawben_rel_max >  0.884 & total_deductions_by_hh_size <= 22.000 & utilities <= 32.500","ranger",229,0.91266,0.87696,120,115,0.9583,0.0128,0.0019,1.144,0.1475,0.9705,1.2
"2-3","elderly_disabled_i >= 1.000 & total_deductions_by_hh_size >= 2.500 & unc_rawben_rel_max >= 0.998 & unc_rawben_rel_max < 1.480","xgboost",514,0.90078,0.87694,279,249,0.8925,0.0278,0.0242,2.66,0.1475,0.9705,1.2
"2-3","medical_deductions >  35.0 & medical_deductions <= 122.0 & months_since_cert_n <=  29.5","ranger",101,0.93069,0.87692,49,46,0.9388,0.0051,0.0012,0.467,0.1475,0.9705,1.2
"2-3","months_since_cert_n <   7.00 & shelter_expenses_by_hh_size < 734.00 & unc_rawben_rel_max >=   1.42 & utilities >= 714.00","xgboost",101,0.93069,0.87692,53,52,0.9811,0.0058,2e-04,0.505,0.1475,0.9705,1.2
"2-3","shelter_expenses_by_hh_size > 300.0000 & total_deductions_by_hh_size <=  27.0000 & unc_rawben_rel_max <=  -0.0318","ranger",101,0.93069,0.87692,45,45,1,0.005,0,0.429,0.1475,0.9705,1.2
"2-3","shelter_expenses_by_hh_size >= 501 & total_deductions_by_hh_size < 192","xgboost",304,0.90789,0.8769,149,137,0.9195,0.0153,0.0065,1.42,0.1475,0.9705,1.2
"2-3","months_since_cert_n >=   3 & shelter_expenses_by_hh_size < 262 & total_deductions_by_hh_size >= 199 & total_deductions_by_hh_size < 319","xgboost",405,0.9037,0.87684,205,172,0.839,0.0192,0.0246,1.954,0.1475,0.9705,1.2
"2-3","cat_elig <=   1.500 & expedited_i >   0.500 & shelter_expenses_by_hh_size > 334.000 & unc_rawben_rel_max >   0.995","ranger",350,0.90571,0.87682,280,248,0.8857,0.0277,0.0296,2.669,0.1475,0.9705,1.2
"2-3","cat_elig <= 0.500 & rawben_rel_max <= 0.465","ranger",414,0.90338,0.87681,194,176,0.9072,0.0197,0.0078,1.849,0.1475,0.9705,1.2
"2-3","medical_deductions >  11.500 & medical_deductions <= 122.000 & months_since_cert_n <=   8.500 & rawben_rel_max <=   0.536","ranger",46,0.95652,0.87681,22,20,0.9091,0.0022,7e-04,0.21,0.1475,0.9705,1.2
"2-3","HH_size_n <=   2.5 & homeless >   0.5 & shelter_expenses_by_hh_size <= 843.0 & total_deductions_by_hh_size <=  57.0","ranger",171,0.91813,0.87678,91,85,0.9341,0.0095,0.0039,0.867,0.1475,0.9705,1.2
"2-3","cat_elig < 1 & expedited_i >= 1 & married < 1 & months_since_cert_n >= 4","xgboost",171,0.91813,0.87678,78,76,0.9744,0.0085,0.0015,0.744,0.1475,0.9705,1.2
"2-3","cat_elig >=   1.000 & percent_abawd <   0.667 & total_deductions_by_hh_size < 363.000 & unc_rawben_rel_max <  -0.290","xgboost",257,0.91051,0.87678,104,94,0.9038,0.0105,0.0089,0.991,0.1475,0.9705,1.2
"2-3","medical_deductions >= 129.000 & shelter_expenses_by_hh_size < 708.000 & total_deductions_by_hh_size >= 137.000 & unc_rawben_rel_max <   0.283","xgboost",171,0.91813,0.87678,91,83,0.9121,0.0093,0.0044,0.867,0.1475,0.9705,1.2
"2-3","months_since_cert_n >=   9.000 & rawben_rel_max <   0.253 & total_deductions_by_hh_size < 210.000","xgboost",441,0.90249,0.87674,192,168,0.875,0.0188,0.0124,1.83,0.1475,0.9705,1.2
"2-3","cat_elig <   1 & children_i <   1 & months_since_cert_n >=   2 & shelter_expenses_by_hh_size < 347","xgboost",238,0.91176,0.87671,122,108,0.8852,0.0121,0.0068,1.163,0.1475,0.9705,1.2
"2-3","unc_rawben_rel_max >=   0.97 & unc_rawben_rel_max <   1.49 & utilities >= 875.00","xgboost",322,0.90683,0.87669,244,223,0.9139,0.0249,0.02,2.326,0.1475,0.9705,1.2
"2-3","elderly_disabled_i <=   0.500 & rawben_rel_max >   0.899 & rawben_rel_max <=   0.997 & shelter_expenses_by_hh_size <= 159.000","ranger",377,0.90451,0.87665,201,177,0.8806,0.0198,0.0178,1.916,0.1475,0.9705,1.2
"2-3","children_i >=   1.000 & rawben_rel_max <   0.207 & shelter_expenses_by_hh_size < 670.000 & utilities <  61.000","xgboost",161,0.91925,0.87662,76,68,0.8947,0.0076,0.0036,0.724,0.1475,0.9705,1.2
"2-3","shelter_expenses_by_hh_size < 242 & utilities >= 496","xgboost",386,0.90415,0.87661,206,177,0.8592,0.0198,0.0202,1.964,0.1475,0.9705,1.2
"2-3","homeless >=   1 & total_deductions_by_hh_size < 140 & utilities < 361","xgboost",266,0.90977,0.8766,149,137,0.9195,0.0153,0.0069,1.42,0.1475,0.9705,1.2
"2-3","cat_elig <= 0.500 & count_divisible_by_100 <= 0.500 & percent_abawd > 0.167","ranger",151,0.92053,0.87648,98,84,0.8571,0.0094,0.0076,0.934,0.1475,0.9705,1.2
"2-3","rawben_rel_max >=   0.902 & shelter_expenses_by_hh_size < 334.000 & unc_rawben_rel_max >=   1.190 & utilities >= 612.000","xgboost",151,0.92053,0.87648,114,106,0.9298,0.0118,0.0049,1.087,0.1475,0.9705,1.2
"2-3","cat_elig <=   0.500 & count_divisible_by_100 <=   1.500 & rawben_rel_max >   0.997 & shelter_expenses_by_hh_size > 275.000","ranger",349,0.90544,0.87647,143,137,0.958,0.0153,0.0031,1.363,0.1475,0.9705,1.2
"2-3","months_since_cert_n >=  13.00 & shelter_expenses_by_hh_size < 511.00 & unc_rawben_rel_max <   1.45 & utilities >= 452.00","xgboost",275,0.90909,0.87645,70,62,0.8857,0.0069,0.0051,0.667,0.1475,0.9705,1.2
"2-3","cat_elig <=  0.500 & total_deductions_by_hh_size >  0.217 & total_deductions_by_hh_size <= 55.000","ranger",228,0.91228,0.87643,111,97,0.8739,0.0108,0.0066,1.058,0.1475,0.9705,1.2
"2-3","expedited_i <=   0.50 & homeless >   0.50 & rawben_rel_max >   0.89 & total_deductions_by_hh_size <= 468.00","ranger",141,0.92199,0.87639,89,83,0.9326,0.0093,0.003,0.848,0.1475,0.9705,1.2
"2-3","married >=   1.00 & unc_rawben_rel_max >=   1.09 & unc_rawben_rel_max <   1.12 & utilities < 424.00","xgboost",141,0.92199,0.87639,71,66,0.9296,0.0074,0.0024,0.677,0.1475,0.9705,1.2
"2-3","medical_deductions > 264.000 & rawben_rel_max <=   0.265 & utilities >  32.500","ranger",141,0.92199,0.87639,75,68,0.9067,0.0076,0.0035,0.715,0.1475,0.9705,1.2
"2-3","rawben_rel_max >=   0.852 & unc_rawben_rel_max >=   1.070 & utilities >= 956.000","xgboost",131,0.92366,0.87635,143,130,0.9091,0.0145,0.0129,1.363,0.1475,0.9705,1.2
"2-3","cat_elig <   2.00 & total_deductions_by_hh_size <  25.00 & unc_rawben_rel_max <   0.19 & utilities >= 318.00","xgboost",180,0.91667,0.8763,144,138,0.9583,0.0154,0.0031,1.373,0.1475,0.9705,1.2
"2-3","cat_elig >= 2.00 & expedited_i >= 1.00 & unc_rawben_rel_max >= 1.11 & unc_rawben_rel_max < 1.12","xgboost",180,0.91667,0.8763,21,18,0.8571,0.002,0.0026,0.2,0.1475,0.9705,1.2
"2-3","cat_elig <=   0.5 & married >   0.5 & total_deductions_by_hh_size <= 452.0","ranger",412,0.90291,0.87622,208,180,0.8654,0.0201,0.0148,1.983,0.1475,0.9705,1.2
"2-3","months_since_cert_n <   8.0 & shelter_expenses_by_hh_size >= 300.0 & total_deductions_by_hh_size <  56.3","xgboost",218,0.91284,0.87614,108,100,0.9259,0.0112,0.0039,1.03,0.1475,0.9705,1.2
"2-3","cat_elig >   0.500 & count_divisible_by_100 >   0.500 & shelter_expenses_by_hh_size <= 256.000 & unc_rawben_rel_max >   0.924","ranger",357,0.90476,0.87608,171,146,0.8538,0.0163,0.0189,1.63,0.1475,0.9705,1.2
"2-3","medical_deductions > 274.000 & total_deductions_by_hh_size >  22.800 & total_deductions_by_hh_size <= 519.000 & unc_rawben_rel_max <=   0.789","ranger",170,0.91765,0.87608,91,84,0.9231,0.0094,0.0039,0.867,0.1475,0.9705,1.2
"2-3","rawben_rel_max >=   1.00 & shelter_expenses_by_hh_size >= 918.00 & unc_rawben_rel_max <   1.55","xgboost",170,0.91765,0.87608,92,88,0.9565,0.0098,0.0033,0.877,0.1475,0.9705,1.2
"2-3","homeless >   0.500 & months_since_cert_n <=   5.500 & percent_abawd <=   0.167 & shelter_expenses_by_hh_size <= 945.000","ranger",246,0.91057,0.876,115,105,0.913,0.0117,0.0061,1.096,0.1475,0.9705,1.2
"2-3","cat_elig <=   0.500 & shelter_expenses_by_hh_size > 233.000 & unc_rawben_rel_max >   0.996","ranger",411,0.90268,0.87593,160,153,0.9562,0.0171,0.0039,1.525,0.1475,0.9705,1.2
"2-3","cat_elig <= 0.500 & homeless <= 0.500 & rawben_rel_max <= 0.465","ranger",411,0.90268,0.87593,192,174,0.9062,0.0194,0.0078,1.83,0.1475,0.9705,1.2
"2-3","months_since_cert_n <  26.0 & shelter_expenses_by_hh_size >=  27.5 & shelter_expenses_by_hh_size < 104.0 & total_deductions_by_hh_size < 677.0","xgboost",447,0.90157,0.87592,248,213,0.8589,0.0238,0.0216,2.364,0.1475,0.9705,1.2
"2-3","months_since_cert_n >=  4.000 & months_since_cert_n <  5.000 & rawben_rel_max >=  0.667 & shelter_expenses_by_hh_size < 15.000","xgboost",429,0.9021,0.87591,185,170,0.9189,0.019,0.0099,1.764,0.1475,0.9705,1.2
"2-3","homeless >= 1 & months_since_cert_n >= 1","xgboost",329,0.90578,0.87587,180,165,0.9167,0.0184,0.0093,1.716,0.1475,0.9705,1.2
"2-3","percent_abawd <    0.333 & rawben_rel_max <    0.153 & shelter_expenses_by_hh_size < 1260.000 & total_deductions_by_hh_size <   20.600","xgboost",329,0.90578,0.87587,170,164,0.9647,0.0183,0.0031,1.621,0.1475,0.9705,1.2
"2-3","married >=   1.000 & percent_abawd <   0.667 & rawben_rel_max >=   0.893 & total_deductions_by_hh_size < 194.000","xgboost",338,0.90533,0.87582,175,160,0.9143,0.0179,0.0106,1.668,0.1475,0.9705,1.2
"2-3","cat_elig <   1 & shelter_expenses_by_hh_size >= 366 & utilities >= 469","xgboost",292,0.90753,0.87578,58,57,0.9828,0.0064,2e-04,0.553,0.1475,0.9705,1.2
"2-3","homeless >=   1 & total_deductions_by_hh_size < 606","xgboost",356,0.90449,0.87573,200,182,0.91,0.0203,0.0104,1.907,0.1475,0.9705,1.2
"2-3","cat_elig <=   0.500 & elderly_disabled_i <=   0.500 & rawben_rel_max >   0.999 & total_deductions_by_hh_size > 198.000","ranger",401,0.90274,0.87563,161,154,0.9565,0.0172,0.0044,1.535,0.1475,0.9705,1.2
"2-3","cat_elig <=  0.500 & children_i >  0.500 & rawben_rel_max <=  0.427 & total_deductions_by_hh_size > 35.800","ranger",179,0.9162,0.87563,66,59,0.8939,0.0066,0.0036,0.629,0.1475,0.9705,1.2
"2-3","children_i >  0.5 & elderly_disabled_i <=  0.5 & homeless >  0.5 & utilities <= 22.0","ranger",179,0.9162,0.87563,92,87,0.9457,0.0097,0.0034,0.877,0.1475,0.9705,1.2
"2-3","count_divisible_by_100 <   2.00 & unc_rawben_rel_max >=   1.07 & utilities >= 912.00","xgboost",179,0.9162,0.87563,195,173,0.8872,0.0193,0.0208,1.859,0.1475,0.9705,1.2
"2-3","expedited_i >   0.500 & married >   0.500 & rawben_rel_max >   0.997 & shelter_expenses_by_hh_size > 340.000","ranger",79,0.93671,0.87563,43,35,0.814,0.0039,0.0073,0.41,0.1475,0.9705,1.2
"2-3","expedited_i >  0.500 & homeless >  0.500 & unc_rawben_rel_max >  0.998 & utilities <= 30.500","ranger",79,0.93671,0.87563,42,41,0.9762,0.0046,8e-04,0.4,0.1475,0.9705,1.2
"2-3","months_since_cert_n >=  15.000 & rawben_rel_max >=   0.786 & total_deductions_by_hh_size < 366.000 & utilities <  31.000","xgboost",79,0.93671,0.87563,25,24,0.96,0.0027,4e-04,0.238,0.1475,0.9705,1.2
"2-3","cat_elig <   1.000 & expedited_i >=   1.000 & percent_abawd <   0.667 & total_deductions_by_hh_size < 213.000","xgboost",310,0.90645,0.87562,158,153,0.9684,0.0171,0.0037,1.506,0.1475,0.9705,1.2
"2-3","cat_elig <   2.000 & HH_size_n <   3.000 & rawben_rel_max <   0.064 & shelter_expenses_by_hh_size < 370.000","xgboost",217,0.91244,0.87559,171,159,0.9298,0.0178,0.0095,1.63,0.1475,0.9705,1.2
"2-3","rawben_rel_max <   0.525 & shelter_expenses_by_hh_size < 727.000 & total_deductions_by_hh_size < 290.000 & utilities >= 757.000","xgboost",217,0.91244,0.87559,111,90,0.8108,0.0101,0.0133,1.058,0.1475,0.9705,1.2
"2-3","count_divisible_by_100 >   0.500 & count_divisible_by_100 <=   2.500 & rawben_rel_max >   0.966 & utilities > 495.000","ranger",198,0.91414,0.87555,83,70,0.8434,0.0078,0.0122,0.791,0.1475,0.9705,1.2
"2-3","children_i <= 0.5000 & HH_size_n <= 2.5000 & months_since_cert_n <= 8.5000 & rawben_rel_max <= 0.0447","ranger",328,0.90549,0.8755,190,169,0.8895,0.0189,0.0167,1.811,0.1475,0.9705,1.2
"2-3","rawben_rel_max >=   0.902 & shelter_expenses_by_hh_size < 334.000 & unc_rawben_rel_max <   1.190 & utilities >= 612.000","xgboost",130,0.92308,0.87543,80,71,0.8875,0.0079,0.0054,0.763,0.1475,0.9705,1.2
"2-3","months_since_cert_n <   5.0000 & shelter_expenses_by_hh_size < 326.0000 & unc_rawben_rel_max <   0.0405","xgboost",120,0.925,0.87541,66,58,0.8788,0.0065,0.0066,0.629,0.1475,0.9705,1.2
"2-3","shelter_expenses_by_hh_size < 280.00 & unc_rawben_rel_max >=   1.18 & utilities >= 425.00 & utilities < 469.00","xgboost",120,0.925,0.87541,75,66,0.88,0.0074,0.0074,0.715,0.1475,0.9705,1.2
"2-3","cat_elig <=   0.500 & rawben_rel_max <=   0.999 & unc_rawben_rel_max <=   0.996 & utilities <= 270.000","ranger",463,0.90065,0.8754,225,195,0.8667,0.0218,0.0153,2.145,0.1475,0.9705,1.2
"2-3","cat_elig > 0.500 & count_divisible_by_100 <= 0.500 & homeless > 0.500 & rawben_rel_max > 0.617","ranger",226,0.9115,0.87536,141,131,0.9291,0.0146,0.0058,1.344,0.1475,0.9705,1.2
"2-3","cat_elig >=  1.000 & rawben_rel_max <  0.747 & total_deductions_by_hh_size >= 40.000 & total_deductions_by_hh_size < 63.300","xgboost",291,0.90722,0.87536,137,117,0.854,0.0131,0.0099,1.306,0.1475,0.9705,1.2
"2-3","homeless >   0.5 & months_since_cert_n <=   7.5 & shelter_expenses_by_hh_size <= 110.0","ranger",226,0.9115,0.87536,113,104,0.9204,0.0116,0.0053,1.077,0.1475,0.9705,1.2
"2-3","count_divisible_by_100 <=   0.500 & homeless >   0.500 & percent_abawd <=   0.167 & total_deductions_by_hh_size <= 471.000","ranger",300,0.90667,0.87529,160,148,0.925,0.0165,0.0072,1.525,0.1475,0.9705,1.2
"2-3","cat_elig <   2 & shelter_expenses_by_hh_size >= 385 & total_deductions_by_hh_size < 194 & utilities >= 534","xgboost",207,0.91304,0.87526,175,151,0.8629,0.0169,0.0122,1.668,0.1475,0.9705,1.2
"2-3","medical_deductions > 196.000 & percent_abawd <=   0.167 & rawben_rel_max <=   0.164 & unc_rawben_rel_max >  -0.180","ranger",68,0.94118,0.87526,44,41,0.9318,0.0046,0.0021,0.419,0.1475,0.9705,1.2
"2-3","cat_elig <=   0.500 & elderly_disabled_i >   0.500 & shelter_expenses_by_hh_size > 252.000 & unc_rawben_rel_max >   0.149","ranger",444,0.9009,0.87509,237,208,0.8776,0.0232,0.0148,2.259,0.1475,0.9705,1.2
"2-3","medical_deductions < 367 & utilities >= 370 & utilities < 385","xgboost",426,0.90141,0.87505,600,481,0.8017,0.0537,0.0834,5.72,0.1475,0.9705,1.2
"2-3","shelter_expenses_by_hh_size < 308 & total_deductions_by_hh_size >= 218 & utilities >= 469","xgboost",381,0.90289,0.87502,128,117,0.9141,0.0131,0.0101,1.22,0.1475,0.9705,1.2
"2-3","children_i <=   0.500 & percent_abawd >   0.417 & rawben_rel_max <=   0.158 & total_deductions_by_hh_size <= 305.000","ranger",33,0.9697,0.87499,26,22,0.8462,0.0025,0.0022,0.248,0.1475,0.9705,1.2
"2-3","homeless >  0.50 & months_since_cert_n >  5.50 & shelter_expenses_by_hh_size >  7.25 & utilities > 14.50","ranger",33,0.9697,0.87499,20,19,0.95,0.0021,3e-04,0.191,0.1475,0.9705,1.2
"2-3","shelter_expenses_by_hh_size < 286.00 & unc_rawben_rel_max >=   1.33 & utilities >= 447.00 & utilities < 850.00","xgboost",197,0.91371,0.87494,83,77,0.9277,0.0086,0.0076,0.791,0.1475,0.9705,1.2
"2-3","cat_elig > 0.5 & expedited_i > 0.5 & homeless > 0.5","ranger",89,0.93258,0.8749,43,42,0.9767,0.0047,8e-04,0.41,0.1475,0.9705,1.2
"2-3","months_since_cert_n <=   5.500 & rawben_rel_max <=   0.278 & shelter_expenses_by_hh_size > 182.000 & utilities <=  51.500","ranger",89,0.93258,0.8749,44,36,0.8182,0.004,0.0039,0.419,0.1475,0.9705,1.2
"2-3","homeless > 0.50 & married <= 0.50 & rawben_rel_max > 0.89 & total_deductions_by_hh_size <= 1.05","ranger",149,0.91946,0.87488,83,79,0.9518,0.0088,0.0027,0.791,0.1475,0.9705,1.2
"2-3","homeless >=  1.00 & months_since_cert_n < 26.00 & percent_abawd <  0.75 & unc_rawben_rel_max >=  1.08","xgboost",149,0.91946,0.87488,71,70,0.9859,0.0078,8e-04,0.677,0.1475,0.9705,1.2
"2-3","medical_deductions < 140.000 & months_since_cert_n <   1.000 & rawben_rel_max >=   0.701 & utilities < 136.000","xgboost",443,0.90068,0.87481,248,220,0.8871,0.0246,0.0241,2.364,0.1475,0.9705,1.2
"2-3","cat_elig <= 0.500 & rawben_rel_max <= 0.997 & unc_rawben_rel_max <= 0.469","ranger",425,0.90118,0.87477,196,178,0.9082,0.0199,0.0078,1.868,0.1475,0.9705,1.2
"2-3","cat_elig <  1.00000 & rawben_rel_max <  0.46600 & unc_rawben_rel_max >= -0.00871","xgboost",416,0.90144,0.87475,194,176,0.9072,0.0197,0.0078,1.849,0.1475,0.9705,1.2
"2-3","homeless >   0.5 & total_deductions_by_hh_size <= 468.0","ranger",353,0.90368,0.8747,199,181,0.9095,0.0202,0.0104,1.897,0.1475,0.9705,1.2
"2-3","shelter_expenses_by_hh_size >= 172.000 & total_deductions_by_hh_size <   8.300 & unc_rawben_rel_max <   0.277","xgboost",389,0.90231,0.8747,194,187,0.9639,0.0209,0.003,1.849,0.1475,0.9705,1.2
"2-3","shelter_expenses_by_hh_size < 535.000 & total_deductions_by_hh_size >= 314.000 & unc_rawben_rel_max >=   0.521 & utilities >= 783.000","xgboost",206,0.91262,0.87467,87,66,0.7586,0.0074,0.0144,0.829,0.1475,0.9705,1.2
"2-3","rawben_rel_max >  0.475 & shelter_expenses_by_hh_size <= 94.600 & utilities > 54.500","ranger",168,0.91667,0.87464,60,49,0.8167,0.0055,0.0072,0.572,0.1475,0.9705,1.2
"2-3","shelter_expenses_by_hh_size < 447.0 & unc_rawben_rel_max >=   1.1 & utilities >= 844.0 & utilities < 992.0","xgboost",99,0.92929,0.87453,44,39,0.8864,0.0044,0.002,0.419,0.1475,0.9705,1.2
"2-3","cat_elig > 0.500 & homeless > 0.500 & unc_rawben_rel_max > 0.617","ranger",243,0.90947,0.87451,147,137,0.932,0.0153,0.0058,1.401,0.1475,0.9705,1.2
"2-3","cat_elig <=   0.500 & HH_size_n <=   2.500 & medical_deductions <= 128.000 & percent_abawd >   0.167","ranger",119,0.92437,0.8744,79,69,0.8734,0.0077,0.005,0.753,0.1475,0.9705,1.2
"2-3","months_since_cert_n >=   2.0000 & unc_rawben_rel_max <   0.0106 & utilities < 469.0000","xgboost",316,0.90506,0.8744,167,152,0.9102,0.017,0.0142,1.592,0.1475,0.9705,1.2
"2-3","count_divisible_by_100 <= 0.5 & expedited_i > 0.5 & homeless > 0.5","ranger",109,0.92661,0.87439,56,55,0.9821,0.0061,8e-04,0.534,0.1475,0.9705,1.2
"2-3","months_since_cert_n <   9.0000 & rawben_rel_max >=   0.0523 & total_deductions_by_hh_size < 338.0000 & utilities >= 875.0000","xgboost",388,0.90206,0.87438,247,212,0.8583,0.0237,0.022,2.355,0.1475,0.9705,1.2
"2-3","cat_elig <=   0.500 & medical_deductions <= 246.000 & unc_rawben_rel_max <=   0.901 & utilities <=  80.500","ranger",379,0.90237,0.87437,180,155,0.8611,0.0173,0.0128,1.716,0.1475,0.9705,1.2
"2-3","cat_elig <=   2.5 & homeless >   0.5 & shelter_expenses_by_hh_size <= 945.0","ranger",352,0.90341,0.87435,201,182,0.9055,0.0203,0.0111,1.916,0.1475,0.9705,1.2
"2-3","homeless >   0.5 & medical_deductions <= 102.0 & total_deductions_by_hh_size <= 592.0","ranger",352,0.90341,0.87435,198,180,0.9091,0.0201,0.0104,1.888,0.1475,0.9705,1.2
"2-3","elderly_disabled_i <= 0.50 & homeless > 0.50 & total_deductions_by_hh_size <= 1.05 & unc_rawben_rel_max > 1.02","ranger",158,0.91772,0.87434,89,86,0.9663,0.0096,0.0019,0.848,0.1475,0.9705,1.2
"2-3","months_since_cert_n >=   4.00 & shelter_expenses_by_hh_size < 149.00 & unc_rawben_rel_max >=   1.12 & unc_rawben_rel_max <   1.30","xgboost",158,0.91772,0.87434,79,69,0.8734,0.0077,0.0092,0.753,0.1475,0.9705,1.2
"2-3","rawben_rel_max <   0.647 & shelter_expenses_by_hh_size < 245.000 & total_deductions_by_hh_size <  85.000 & utilities >= 417.000","xgboost",224,0.91071,0.87427,94,82,0.8723,0.0092,0.0075,0.896,0.1475,0.9705,1.2
"2-3","cat_elig <=   1.5 & HH_size_n >   2.5 & homeless >   0.5 & shelter_expenses_by_hh_size <= 100.0","ranger",45,0.95556,0.87425,38,34,0.8947,0.0038,0.0023,0.362,0.1475,0.9705,1.2
"2-3","elderly_disabled_i >  0.50 & months_since_cert_n > 27.50 & unc_rawben_rel_max <=  0.31 & utilities > 78.50","ranger",45,0.95556,0.87425,20,15,0.75,0.0017,0.0027,0.191,0.1475,0.9705,1.2
"2-3","cat_elig <= 0.500 & children_i <= 0.500 & months_since_cert_n <= 4.500 & percent_abawd > 0.417","ranger",78,0.9359,0.87411,64,54,0.8438,0.006,0.006,0.61,0.1475,0.9705,1.2
"2-3","cat_elig <=    0.500 & medical_deductions <= 1190.000 & total_deductions_by_hh_size <=   62.000 & unc_rawben_rel_max <=    0.901","ranger",396,0.90152,0.87409,194,173,0.8918,0.0193,0.0101,1.849,0.1475,0.9705,1.2
"2-3","married >=  1.000 & rawben_rel_max >=  0.856 & unc_rawben_rel_max <  1.310 & utilities < 50.000","xgboost",288,0.90625,0.87409,153,143,0.9346,0.016,0.0042,1.459,0.1475,0.9705,1.2
"2-3","rawben_rel_max <   0.228 & shelter_expenses_by_hh_size < 428.000 & total_deductions_by_hh_size <  42.300","xgboost",396,0.90152,0.87409,205,200,0.9756,0.0223,0.0028,1.954,0.1475,0.9705,1.2
"2-3","cat_elig <= 1.500 & months_since_cert_n <= 5.500 & percent_abawd > 0.417 & rawben_rel_max > 0.997","ranger",205,0.9122,0.87408,197,174,0.8832,0.0194,0.0208,1.878,0.1475,0.9705,1.2
"2-3","HH_size_n <=   2.500 & homeless >   0.500 & rawben_rel_max >   0.889 & utilities <= 140.000","ranger",148,0.91892,0.87406,82,78,0.9512,0.0087,0.0026,0.782,0.1475,0.9705,1.2
"2-3","homeless >=   1.000 & rawben_rel_max >=   0.601 & utilities < 462.000","xgboost",251,0.90837,0.8739,144,134,0.9306,0.015,0.0058,1.373,0.1475,0.9705,1.2
"2-3","months_since_cert_n >=   7.000 & rawben_rel_max <   0.183 & total_deductions_by_hh_size < 336.000 & utilities >= 511.000","xgboost",214,0.91121,0.87388,118,103,0.8729,0.0115,0.0119,1.125,0.1475,0.9705,1.2
"2-3","months_since_cert_n >=  16.0 & shelter_expenses_by_hh_size >= 197.0 & total_deductions_by_hh_size <  96.6","xgboost",214,0.91121,0.87388,81,74,0.9136,0.0083,0.004,0.772,0.1475,0.9705,1.2
"2-3","cat_elig <=   0.500 & count_divisible_by_100 >   0.500 & total_deductions_by_hh_size <= 829.000 & unc_rawben_rel_max >   0.882","ranger",138,0.92029,0.87379,73,70,0.9589,0.0078,0.0032,0.696,0.1475,0.9705,1.2
"2-3","count_divisible_by_100 <=  0.5 & total_deductions_by_hh_size > 91.3 & total_deductions_by_hh_size <= 96.4","ranger",138,0.92029,0.87379,73,62,0.8493,0.0069,0.0053,0.696,0.1475,0.9705,1.2
"2-3","total_deductions_by_hh_size <  25.00 & unc_rawben_rel_max <   0.19 & utilities >= 318.00","xgboost",278,0.90647,0.8737,148,142,0.9595,0.0159,0.0031,1.411,0.1475,0.9705,1.2
"2-3","shelter_expenses_by_hh_size >= 297.00 & shelter_expenses_by_hh_size < 382.00 & unc_rawben_rel_max >=   1.03 & utilities >= 610.00","xgboost",195,0.91282,0.87369,140,131,0.9357,0.0146,0.0081,1.335,0.1475,0.9705,1.2
"2-3","cat_elig <   1.0 & months_since_cert_n <  13.0 & shelter_expenses_by_hh_size >=  12.3 & utilities >= 469.0","xgboost",421,0.90024,0.8736,76,74,0.9737,0.0083,6e-04,0.724,0.1475,0.9705,1.2
"2-3","cat_elig <= 0.500 & percent_abawd > 0.167","ranger",157,0.9172,0.87357,107,92,0.8598,0.0103,0.0079,1.02,0.1475,0.9705,1.2
"2-3","married >   0.5 & shelter_expenses_by_hh_size <= 388.0 & utilities >  22.0 & utilities <= 130.0","ranger",128,0.92188,0.87355,70,63,0.9,0.007,0.0044,0.667,0.1475,0.9705,1.2
"2-3","months_since_cert_n <  12.000 & rawben_rel_max <   0.161 & total_deductions_by_hh_size <  18.400 & utilities >= 385.000","xgboost",128,0.92188,0.87355,74,71,0.9595,0.0079,0.0014,0.705,0.1475,0.9705,1.2
"2-3","cat_elig <=  0.50 & count_divisible_by_100 >  0.50 & months_since_cert_n <= 12.50 & unc_rawben_rel_max >  1.01","ranger",88,0.93182,0.87353,55,52,0.9455,0.0058,0.0032,0.524,0.1475,0.9705,1.2
"2-3","cat_elig <= 2.5 & HH_size_n > 2.5 & homeless > 0.5 & months_since_cert_n <= 6.5","ranger",88,0.93182,0.87353,48,42,0.875,0.0047,0.0029,0.458,0.1475,0.9705,1.2
"2-3","HH_size_n > 2.500 & homeless > 0.500 & percent_abawd <= 0.167 & rawben_rel_max > 0.886","ranger",67,0.9403,0.87349,35,32,0.9143,0.0036,0.0012,0.334,0.1475,0.9705,1.2
"2-3","HH_size_n >=   3 & homeless >=   1 & shelter_expenses_by_hh_size < 638 & total_deductions_by_hh_size <  23","xgboost",67,0.9403,0.87349,39,36,0.9231,0.004,0.0015,0.372,0.1475,0.9705,1.2
"2-3","count_divisible_by_100 > 0.500 & rawben_rel_max <= 0.135","ranger",67,0.9403,0.87349,39,32,0.8205,0.0036,0.0065,0.372,0.1475,0.9705,1.2
"2-3","rawben_rel_max >=   0.936 & shelter_expenses_by_hh_size < 488.000 & total_deductions_by_hh_size < 452.000 & utilities >= 912.000","xgboost",67,0.9403,0.87349,74,70,0.9459,0.0078,0.0018,0.705,0.1475,0.9705,1.2
"2-3","unc_rawben_rel_max <   0.0106 & utilities < 469.0000","xgboost",394,0.90102,0.87346,207,188,0.9082,0.021,0.0184,1.973,0.1475,0.9705,1.2
"2-3","homeless >   0.5 & shelter_expenses_by_hh_size <= 252.0 & utilities <=  30.5","ranger",250,0.908,0.87341,135,123,0.9111,0.0137,0.0072,1.287,0.1475,0.9705,1.2
"2-3","married >=  1.0 & medical_deductions <  6.0 & shelter_expenses_by_hh_size < 41.5","xgboost",376,0.9016,0.87338,194,180,0.9278,0.0201,0.0061,1.849,0.1475,0.9705,1.2
"2-3","expedited_i < 1.000 & homeless >= 1.000 & unc_rawben_rel_max >= 0.998 & unc_rawben_rel_max < 1.360","xgboost",118,0.92373,0.87337,71,67,0.9437,0.0075,0.0021,0.677,0.1475,0.9705,1.2
"2-3","count_divisible_by_100 <=   1.500 & elderly_disabled_i >   0.500 & rawben_rel_max >   0.997 & total_deductions_by_hh_size <= 408.000","ranger",358,0.90223,0.87332,210,185,0.881,0.0207,0.0218,2.002,0.1475,0.9705,1.2
"2-3","expedited_i >   0.500 & rawben_rel_max >   0.997 & total_deductions_by_hh_size <= 199.000 & utilities > 495.000","ranger",56,0.94643,0.87331,10,9,0.9,0.001,0.0011,0.095,0.1475,0.9705,1.2
"2-3","medical_deductions < 168.0000 & shelter_expenses_by_hh_size >= 104.0000 & unc_rawben_rel_max <   0.0106 & utilities >= 850.0000","xgboost",56,0.94643,0.87331,35,30,0.8571,0.0034,0.0047,0.334,0.1475,0.9705,1.2
"2-3","months_since_cert_n <=   4.500 & shelter_expenses_by_hh_size > 265.000 & shelter_expenses_by_hh_size <= 280.000 & unc_rawben_rel_max >   0.997","ranger",56,0.94643,0.87331,55,50,0.9091,0.0056,0.0034,0.524,0.1475,0.9705,1.2
"2-3","months_since_cert_n >=  17 & months_since_cert_n <  24 & shelter_expenses_by_hh_size < 306 & utilities <  28","xgboost",56,0.94643,0.87331,24,23,0.9583,0.0026,9e-04,0.229,0.1475,0.9705,1.2
"2-3","months_since_cert_n > 13.500 & rawben_rel_max >  0.997 & unc_rawben_rel_max <=  1.640","ranger",185,0.91351,0.87328,80,69,0.8625,0.0077,0.0099,0.763,0.1475,0.9705,1.2
"2-3","count_divisible_by_100 >=   1.000 & months_since_cert_n >=   5.000 & unc_rawben_rel_max >=   0.998 & utilities < 340.000","xgboost",108,0.92593,0.87327,55,46,0.8364,0.0051,0.0054,0.524,0.1475,0.9705,1.2
"2-3","rawben_rel_max <   0.086 & utilities >= 819.000","xgboost",108,0.92593,0.87327,61,55,0.9016,0.0061,0.005,0.582,0.1475,0.9705,1.2
"2-3","homeless > 0.500 & percent_abawd <= 0.833","ranger",340,0.90294,0.87326,189,173,0.9153,0.0193,0.0093,1.802,0.1475,0.9705,1.2
"2-3","homeless > 0.5 & months_since_cert_n <= 6.5","ranger",286,0.90559,0.87323,148,133,0.8986,0.0149,0.0087,1.411,0.1475,0.9705,1.2
"2-3","cat_elig <=   0.500 & percent_abawd >   0.167 & total_deductions_by_hh_size <= 348.000","ranger",147,0.91837,0.87322,101,86,0.8515,0.0096,0.0079,0.963,0.1475,0.9705,1.2
"2-3","count_divisible_by_100 <= 0.500 & HH_size_n <= 2.500 & homeless > 0.500 & unc_rawben_rel_max > 0.995","ranger",147,0.91837,0.87322,84,80,0.9524,0.0089,0.0026,0.801,0.1475,0.9705,1.2
"2-3","rawben_rel_max <   0.19 & utilities >= 844.00","xgboost",147,0.91837,0.87322,94,83,0.883,0.0093,0.0078,0.896,0.1475,0.9705,1.2
"2-3","homeless > 0.500 & percent_abawd <= 0.167 & rawben_rel_max > 0.320","ranger",304,0.90461,0.87321,164,150,0.9146,0.0168,0.0085,1.563,0.1475,0.9705,1.2
"2-3","HH_size_n >   2.500 & married >   0.500 & total_deductions_by_hh_size <= 533.000 & unc_rawben_rel_max >   0.933","ranger",384,0.90104,0.8731,189,165,0.873,0.0184,0.0214,1.802,0.1475,0.9705,1.2
"2-3","cat_elig <   1.0 & unc_rawben_rel_max <   1.1 & utilities >=  28.0 & utilities < 284.0","xgboost",384,0.90104,0.8731,71,63,0.8873,0.007,0.0036,0.677,0.1475,0.9705,1.2
"2-3","medical_deductions >   7.000 & medical_deductions <= 296.000 & rawben_rel_max <=   0.131 & unc_rawben_rel_max <=   0.997","ranger",194,0.91237,0.87305,91,85,0.9341,0.0095,0.0041,0.867,0.1475,0.9705,1.2
"2-3","homeless >   0.5 & shelter_expenses_by_hh_size <= 945.0","ranger",357,0.90196,0.87297,201,182,0.9055,0.0203,0.0111,1.916,0.1475,0.9705,1.2
"2-3","children_i > 0.5 & HH_size_n <= 2.5 & homeless > 0.5 & months_since_cert_n <= 8.5","ranger",137,0.91971,0.87289,76,72,0.9474,0.008,0.0028,0.724,0.1475,0.9705,1.2
"2-3","months_since_cert_n >= 19.000 & rawben_rel_max <  0.176","xgboost",137,0.91971,0.87289,55,48,0.8727,0.0054,0.0036,0.524,0.1475,0.9705,1.2
"2-3","total_deductions_by_hh_size > 444.000 & unc_rawben_rel_max >   0.997 & unc_rawben_rel_max <=   1.630","ranger",330,0.90303,0.87286,153,139,0.9085,0.0155,0.0122,1.459,0.1475,0.9705,1.2
"2-3","count_divisible_by_100 <= 0.500 & homeless > 0.500 & percent_abawd <= 0.167","ranger",303,0.90429,0.8728,162,149,0.9198,0.0166,0.0079,1.544,0.1475,0.9705,1.2
"2-3","rawben_rel_max >=   0.190 & shelter_expenses_by_hh_size < 242.000 & total_deductions_by_hh_size <   2.500 & unc_rawben_rel_max <   0.422","xgboost",285,0.90526,0.8728,131,121,0.9237,0.0135,0.0061,1.249,0.1475,0.9705,1.2
"2-3","cat_elig <=   0.500 & medical_deductions <= 128.000 & percent_abawd >   0.167","ranger",156,0.91667,0.87278,107,92,0.8598,0.0103,0.0079,1.02,0.1475,0.9705,1.2
"2-3","cat_elig < 1 & married >= 1 & months_since_cert_n >= 4","xgboost",212,0.91038,0.87272,106,90,0.8491,0.0101,0.0079,1.01,0.1475,0.9705,1.2
"2-3","cat_elig >=   2.0000 & rawben_rel_max <   0.0763 & shelter_expenses_by_hh_size < 900.0000","xgboost",374,0.90107,0.87272,11,11,1,0.0012,0,0.105,0.1475,0.9705,1.2
"2-3","homeless >    0.500 & medical_deductions <= 1080.000 & rawben_rel_max >    0.722 & utilities <=   25.500","ranger",212,0.91038,0.87272,117,109,0.9316,0.0122,0.0052,1.115,0.1475,0.9705,1.2
"2-3","cat_elig <=  0.500 & homeless <=  0.500 & total_deductions_by_hh_size >  0.217 & total_deductions_by_hh_size <= 55.000","ranger",221,0.9095,0.87261,110,96,0.8727,0.0107,0.0066,1.049,0.1475,0.9705,1.2
"2-3","expedited_i >=   1.000 & rawben_rel_max >=   0.695 & total_deductions_by_hh_size >= 160.000 & total_deductions_by_hh_size < 200.000","xgboost",184,0.91304,0.87261,44,38,0.8636,0.0042,0.0038,0.419,0.1475,0.9705,1.2
"2-3","cat_elig <= 0.500 & elderly_disabled_i > 0.500 & expedited_i <= 0.500 & unc_rawben_rel_max > 0.975","ranger",77,0.93506,0.87255,37,33,0.8919,0.0037,0.0034,0.353,0.1475,0.9705,1.2
"2-3","medical_deductions >= 204.000 & rawben_rel_max <   0.288 & shelter_expenses_by_hh_size < 727.000 & utilities < 551.000","xgboost",77,0.93506,0.87255,39,37,0.9487,0.0041,9e-04,0.372,0.1475,0.9705,1.2
"2-3","shelter_expenses_by_hh_size < 253 & total_deductions_by_hh_size < 357 & utilities >= 524","xgboost",338,0.90237,0.87253,191,164,0.8586,0.0183,0.0167,1.821,0.1475,0.9705,1.2
"2-3","months_since_cert_n <=   5.5 & shelter_expenses_by_hh_size >  27.2 & shelter_expenses_by_hh_size <= 115.0 & total_deductions_by_hh_size >  13.6","ranger",329,0.90274,0.87249,180,156,0.8667,0.0174,0.015,1.716,0.1475,0.9705,1.2
"2-3","cat_elig <= 2.500 & homeless > 0.500 & percent_abawd <= 0.167","ranger",320,0.90312,0.87245,172,157,0.9128,0.0175,0.0088,1.64,0.1475,0.9705,1.2
"2-3","months_since_cert_n >=   7.000 & rawben_rel_max <   0.346 & shelter_expenses_by_hh_size < 362.000 & utilities >= 325.000","xgboost",320,0.90312,0.87245,179,163,0.9106,0.0182,0.0092,1.706,0.1475,0.9705,1.2
"2-3","cat_elig <=   0.500 & rawben_rel_max <=   0.997 & utilities > 490.000","ranger",165,0.91515,0.87243,39,38,0.9744,0.0042,2e-04,0.372,0.1475,0.9705,1.2
"2-3","medical_deductions > 274.000 & total_deductions_by_hh_size <= 500.000 & unc_rawben_rel_max <=   0.789","ranger",165,0.91515,0.87243,89,82,0.9213,0.0092,0.0039,0.848,0.1475,0.9705,1.2
"2-3","medical_deductions >= 105.000 & months_since_cert_n <   5.000 & rawben_rel_max <   0.448 & total_deductions_by_hh_size < 273.000","xgboost",146,0.91781,0.87238,56,48,0.8571,0.0054,0.0039,0.534,0.1475,0.9705,1.2
"2-3","count_divisible_by_100 <= 0.5 & homeless > 0.5 & months_since_cert_n <= 6.5","ranger",266,0.90602,0.87236,139,126,0.9065,0.0141,0.0078,1.325,0.1475,0.9705,1.2
"2-3","elderly_disabled_i <  1.000 & months_since_cert_n >= 11.000 & rawben_rel_max >=  0.874 & unc_rawben_rel_max <  1.120","xgboost",284,0.90493,0.87236,188,167,0.8883,0.0187,0.0123,1.792,0.1475,0.9705,1.2
"2-3","homeless >   0.5 & shelter_expenses_by_hh_size <= 945.0 & utilities <= 358.0","ranger",284,0.90493,0.87236,161,145,0.9006,0.0162,0.0098,1.535,0.1475,0.9705,1.2
"2-3","cat_elig >  1.50 & expedited_i >  0.50 & unc_rawben_rel_max >  1.01 & utilities > 48.50","ranger",275,0.90545,0.87235,25,21,0.84,0.0023,0.0029,0.238,0.1475,0.9705,1.2
"2-3","homeless >   0.50 & percent_abawd <=   1.75 & utilities <= 762.00","ranger",337,0.90208,0.87216,184,166,0.9022,0.0185,0.0108,1.754,0.1475,0.9705,1.2
"2-3","months_since_cert_n >=   5 & shelter_expenses_by_hh_size >= 230 & shelter_expenses_by_hh_size < 238","xgboost",87,0.93103,0.87214,45,43,0.9556,0.0048,0.0012,0.429,0.1475,0.9705,1.2
"2-3","expedited_i > 0.500 & HH_size_n > 2.500 & months_since_cert_n > 8.500 & unc_rawben_rel_max > 0.395","ranger",107,0.92523,0.87213,66,57,0.8636,0.0064,0.0037,0.629,0.1475,0.9705,1.2
"2-3","children_i > 0.5 & count_divisible_by_100 <= 0.5 & HH_size_n <= 2.5 & homeless > 0.5","ranger",155,0.91613,0.87198,82,78,0.9512,0.0087,0.0029,0.782,0.1475,0.9705,1.2
"2-3","months_since_cert_n <  11.000 & rawben_rel_max >=   0.996 & total_deductions_by_hh_size >= 496.000 & unc_rawben_rel_max <   1.740","xgboost",229,0.9083,0.87198,120,103,0.8583,0.0115,0.0192,1.144,0.1475,0.9705,1.2
"2-3","shelter_expenses_by_hh_size >= 514.00000 & total_deductions_by_hh_size < 517.00000 & unc_rawben_rel_max <  -0.00871","xgboost",301,0.90365,0.87197,139,126,0.9065,0.0141,0.0126,1.325,0.1475,0.9705,1.2
"2-3","months_since_cert_n >=  12.000 & rawben_rel_max <   0.176 & total_deductions_by_hh_size < 517.000","xgboost",238,0.90756,0.87193,105,93,0.8857,0.0104,0.0084,1.001,0.1475,0.9705,1.2
"2-3","cat_elig <= 0.500 & children_i <= 0.500 & months_since_cert_n <= 4.500 & percent_abawd <= 0.417","ranger",247,0.90688,0.8719,112,101,0.9018,0.0113,0.0058,1.068,0.1475,0.9705,1.2
"2-3","homeless > 0.500 & months_since_cert_n <= 5.500 & percent_abawd <= 0.167","ranger",247,0.90688,0.8719,115,105,0.913,0.0117,0.0061,1.096,0.1475,0.9705,1.2
"2-3","months_since_cert_n <=   7.500 & rawben_rel_max >   0.997 & total_deductions_by_hh_size <= 193.000 & unc_rawben_rel_max >   1.200","ranger",380,0.9,0.87179,158,133,0.8418,0.0149,0.0235,1.506,0.1475,0.9705,1.2
"2-3","homeless >   0.5 & shelter_expenses_by_hh_size <= 351.0 & total_deductions_by_hh_size <= 636.0","ranger",327,0.90214,0.87172,178,162,0.9101,0.0181,0.0091,1.697,0.1475,0.9705,1.1
"2-3","cat_elig >=   2.0 & months_since_cert_n <   1.0 & total_deductions_by_hh_size <  34.5 & utilities < 651.0","xgboost",164,0.91463,0.87167,21,20,0.9524,0.0022,2e-04,0.2,0.1475,0.9705,1.1
"2-3","homeless <=  0.500 & rawben_rel_max >  0.996 & utilities > 41.500 & utilities <= 47.500","ranger",66,0.93939,0.87167,29,22,0.7586,0.0025,0.0095,0.276,0.1475,0.9705,1.1
"2-3","cat_elig <   1.000 & shelter_expenses_by_hh_size < 242.000 & total_deductions_by_hh_size >= 135.000 & unc_rawben_rel_max >=   0.833","xgboost",201,0.91045,0.87164,110,98,0.8909,0.0109,0.0087,1.049,0.1475,0.9705,1.1
"2-3","cat_elig <= 2.5 & homeless > 0.5","ranger",353,0.90085,0.87156,201,182,0.9055,0.0203,0.0111,1.916,0.1475,0.9705,1.1
"2-3","married > 0.500 & rawben_rel_max > 0.957 & total_deductions_by_hh_size <= 1.270 & unc_rawben_rel_max > 0.915","ranger",210,0.90952,0.87154,113,109,0.9646,0.0122,0.0017,1.077,0.1475,0.9705,1.1
"2-3","months_since_cert_n <   1.000 & rawben_rel_max <   0.653 & total_deductions_by_hh_size < 105.000","xgboost",210,0.90952,0.87154,103,95,0.9223,0.0106,0.0042,0.982,0.1475,0.9705,1.1
"2-3","homeless >   0.500 & percent_abawd <=   0.417 & shelter_expenses_by_hh_size <= 262.000","ranger",282,0.90426,0.87147,140,130,0.9286,0.0145,0.0058,1.335,0.1475,0.9705,1.1
"2-3","cat_elig <=  0.500 & months_since_cert_n >  8.500 & months_since_cert_n <= 12.500 & percent_abawd <=  0.417","ranger",246,0.9065,0.87139,133,120,0.9023,0.0134,0.0064,1.268,0.1475,0.9705,1.1
"2-3","homeless >   0.5 & medical_deductions <= 625.0 & shelter_expenses_by_hh_size <= 341.0","ranger",326,0.90184,0.87133,176,160,0.9091,0.0179,0.0091,1.678,0.1475,0.9705,1.1
"2-3","cat_elig <= 0.500 & children_i <= 0.500 & unc_rawben_rel_max <= 0.996","ranger",361,0.90028,0.87128,202,173,0.8564,0.0193,0.0148,1.926,0.1475,0.9705,1.1
"2-3","cat_elig <   2.00 & shelter_expenses_by_hh_size < 409.00 & unc_rawben_rel_max >=   1.07 & utilities >= 735.00","xgboost",116,0.92241,0.87126,80,71,0.8875,0.0079,0.0051,0.763,0.1475,0.9705,1.1
"2-3","cat_elig < 3.000 & homeless >= 1.000 & months_since_cert_n < 5.000 & rawben_rel_max >= 0.682","xgboost",182,0.91209,0.87125,97,92,0.9485,0.0103,0.004,0.925,0.1475,0.9705,1.1
"2-3","cat_elig <=   1.5 & HH_size_n >   2.5 & homeless >   0.5 & utilities <= 481.0","ranger",55,0.94545,0.87114,50,44,0.88,0.0049,0.0032,0.477,0.1475,0.9705,1.1
"2-3","count_divisible_by_100 <= 0.500 & expedited_i <= 0.500 & homeless > 0.500 & rawben_rel_max > 0.886","ranger",135,0.91852,0.87107,84,78,0.9286,0.0087,0.003,0.801,0.1475,0.9705,1.1
"2-3","shelter_expenses_by_hh_size >= 344.0 & total_deductions_by_hh_size >=  42.3 & total_deductions_by_hh_size < 107.0 & utilities < 452.0","xgboost",135,0.91852,0.87107,69,62,0.8986,0.0069,0.0031,0.658,0.1475,0.9705,1.1
"2-3","count_divisible_by_100 <= 0.5 & homeless > 0.5","ranger",334,0.9012,0.87103,190,173,0.9105,0.0193,0.0102,1.811,0.1475,0.9705,1.1
"2-3","homeless >   0.500 & percent_abawd <=   0.167 & shelter_expenses_by_hh_size <= 262.000 & total_deductions_by_hh_size <= 471.000","ranger",281,0.90391,0.87102,135,125,0.9259,0.014,0.0058,1.287,0.1475,0.9705,1.1
"2-3","count_divisible_by_100 >   0.50 & shelter_expenses_by_hh_size > 205.00 & shelter_expenses_by_hh_size <= 252.00 & unc_rawben_rel_max <=   1.37","ranger",106,0.92453,0.87097,60,45,0.75,0.005,0.0087,0.572,0.1475,0.9705,1.1
"2-3","cat_elig >=   2.000 & medical_deductions >= 204.000 & rawben_rel_max <   0.351","xgboost",76,0.93421,0.87095,1,1,1,1e-04,0,0.01,0.1475,0.9705,1.1
"2-3","medical_deductions < 137.000 & unc_rawben_rel_max <  -0.157 & utilities >= 643.000","xgboost",76,0.93421,0.87095,42,34,0.8095,0.0038,0.0086,0.4,0.1475,0.9705,1.1
"2-3","total_deductions_by_hh_size < 197.00000 & unc_rawben_rel_max <  -0.00871 & utilities >= 645.00000","xgboost",76,0.93421,0.87095,34,32,0.9412,0.0036,0.0015,0.324,0.1475,0.9705,1.1
"2-3","months_since_cert_n <  10.000 & rawben_rel_max >=   0.902 & shelter_expenses_by_hh_size >= 702.000 & shelter_expenses_by_hh_size < 781.000","xgboost",209,0.90909,0.87094,106,89,0.8396,0.0099,0.0159,1.01,0.1475,0.9705,1.1
"2-3","homeless >=   1.000 & rawben_rel_max >=   0.601 & unc_rawben_rel_max <   1.120 & utilities < 462.000","xgboost",227,0.90749,0.87088,135,125,0.9259,0.014,0.0058,1.287,0.1475,0.9705,1.1
"2-3","cat_elig <=   0.5 & children_i <=   0.5 & HH_size_n <=   2.5 & utilities > 330.0","ranger",236,0.90678,0.87087,132,115,0.8712,0.0128,0.0073,1.258,0.1475,0.9705,1.1
"2-3","homeless >   0.500 & married <=   0.500 & shelter_expenses_by_hh_size <= 262.000 & unc_rawben_rel_max >   0.591","ranger",236,0.90678,0.87087,121,114,0.9421,0.0127,0.004,1.153,0.1475,0.9705,1.1
"2-3","months_since_cert_n <  12.00000 & shelter_expenses_by_hh_size >= 514.00000 & total_deductions_by_hh_size < 517.00000 & unc_rawben_rel_max <  -0.00871","xgboost",236,0.90678,0.87087,118,109,0.9237,0.0122,0.0086,1.125,0.1475,0.9705,1.1
"2-3","cat_elig <   2.0 & shelter_expenses_by_hh_size < 300.0 & total_deductions_by_hh_size >=  42.3 & utilities >= 530.0","xgboost",351,0.90028,0.87084,342,294,0.8596,0.0328,0.0296,3.26,0.1475,0.9705,1.1
"2-3","homeless >  0.5 & months_since_cert_n <= 12.5","ranger",351,0.90028,0.87084,193,174,0.9016,0.0194,0.0111,1.84,0.1475,0.9705,1.1
"2-3","rawben_rel_max <   0.122 & unc_rawben_rel_max <   1.420 & utilities < 339.000","xgboost",307,0.90228,0.87079,124,112,0.9032,0.0125,0.0088,1.182,0.1475,0.9705,1.1
"2-3","rawben_rel_max <   0.291 & shelter_expenses_by_hh_size >= 140.000 & total_deductions_by_hh_size >= 150.000 & total_deductions_by_hh_size < 162.000","xgboost",86,0.93023,0.87072,36,33,0.9167,0.0037,0.003,0.343,0.1475,0.9705,1.1
"2-3","cat_elig <  1 & married >=  1 & months_since_cert_n >=  4 & utilities >= 28","xgboost",172,0.91279,0.87071,96,80,0.8333,0.0089,0.0079,0.915,0.1475,0.9705,1.1
"2-3","expedited_i <=  0.500 & homeless >  0.500 & months_since_cert_n <= 32.500 & rawben_rel_max >  0.997","ranger",125,0.92,0.87062,71,67,0.9437,0.0075,0.0021,0.677,0.1475,0.9705,1.1
"2-3","months_since_cert_n >=  16 & shelter_expenses_by_hh_size < 417 & total_deductions_by_hh_size < 425 & utilities >= 459","xgboost",125,0.92,0.87062,30,27,0.9,0.003,0.0034,0.286,0.1475,0.9705,1.1
"2-3","cat_elig <   2 & HH_size_n >=   3 & shelter_expenses_by_hh_size < 370 & utilities >= 723","xgboost",181,0.9116,0.87056,156,137,0.8782,0.0153,0.0092,1.487,0.1475,0.9705,1.1
"2-3","rawben_rel_max <   0.664 & shelter_expenses_by_hh_size >= 478.000 & total_deductions_by_hh_size < 277.000 & utilities >= 750.000","xgboost",190,0.91053,0.87045,86,73,0.8488,0.0082,0.0081,0.82,0.1475,0.9705,1.1
"2-3","shelter_expenses_by_hh_size >= 194 & shelter_expenses_by_hh_size < 253 & total_deductions_by_hh_size < 357 & utilities >= 524","xgboost",262,0.90458,0.87045,134,113,0.8433,0.0126,0.012,1.277,0.1475,0.9705,1.1
"2-3","homeless > 0.500 & married <= 0.500 & percent_abawd <= 0.250 & rawben_rel_max > 0.527","ranger",253,0.90514,0.8704,135,127,0.9407,0.0142,0.0051,1.287,0.1475,0.9705,1.1
"2-3","cat_elig <=    0.5 & medical_deductions <= 2570.0 & shelter_expenses_by_hh_size <=  221.0 & utilities >  330.0","ranger",199,0.90955,0.87038,134,118,0.8806,0.0132,0.0087,1.277,0.1475,0.9705,1.1
"2-3","cat_elig <= 0.500 & homeless <= 0.500 & percent_abawd > 0.167","ranger",153,0.91503,0.87036,103,88,0.8544,0.0098,0.0079,0.982,0.1475,0.9705,1.1
"2-3","cat_elig >   0.5 & cat_elig <=   1.5 & homeless >   0.5 & medical_deductions <= 203.0","ranger",153,0.91503,0.87036,156,139,0.891,0.0155,0.0099,1.487,0.1475,0.9705,1.1
"2-3","cat_elig >  0.500 & homeless >  0.500 & months_since_cert_n <= 10.500 & rawben_rel_max >  0.786","ranger",217,0.90783,0.87032,121,112,0.9256,0.0125,0.0055,1.153,0.1475,0.9705,1.1
"2-3","children_i <   1 & married >=   1 & months_since_cert_n <   4 & utilities < 339","xgboost",297,0.90236,0.87029,107,98,0.9159,0.0109,0.0054,1.02,0.1475,0.9705,1.1
"2-3","shelter_expenses_by_hh_size <= 1040.000 & total_deductions_by_hh_size >  468.000 & unc_rawben_rel_max >    0.998 & unc_rawben_rel_max <=    1.710","ranger",288,0.90278,0.8702,140,121,0.8643,0.0135,0.0175,1.335,0.1475,0.9705,1.1
"2-3","married > 0.500 & rawben_rel_max > 0.396 & total_deductions_by_hh_size <= 1.050 & unc_rawben_rel_max > 0.388","ranger",323,0.90093,0.87016,172,164,0.9535,0.0183,0.0046,1.64,0.1475,0.9705,1.1
"2-3","cat_elig >=   1.000 & months_since_cert_n >=  13.000 & rawben_rel_max >=   0.879 & utilities < 392.000","xgboost",134,0.91791,0.87014,84,70,0.8333,0.0078,0.0119,0.801,0.1475,0.9705,1.1
"2-3","rawben_rel_max <=   0.349 & utilities >  41.500 & utilities <= 140.000","ranger",162,0.91358,0.87013,81,63,0.7778,0.007,0.0088,0.772,0.1475,0.9705,1.1
"2-3","shelter_expenses_by_hh_size >= 501.0 & total_deductions_by_hh_size >=  74.5 & total_deductions_by_hh_size < 192.0","xgboost",243,0.90535,0.86984,122,111,0.9098,0.0124,0.0058,1.163,0.1475,0.9705,1.1
"2-3","count_divisible_by_100 <=   0.500 & medical_deductions > 196.000 & unc_rawben_rel_max >  -0.180 & unc_rawben_rel_max <=   0.163","ranger",65,0.93846,0.8698,43,40,0.9302,0.0045,0.0021,0.41,0.1475,0.9705,1.1
"2-3","months_since_cert_n >= 17 & total_deductions_by_hh_size < 25 & utilities < 41","xgboost",65,0.93846,0.8698,29,28,0.9655,0.0031,9e-04,0.276,0.1475,0.9705,1.1
"2-3","shelter_expenses_by_hh_size >=  484 & shelter_expenses_by_hh_size < 1260 & total_deductions_by_hh_size <  105","xgboost",105,0.92381,0.86978,56,55,0.9821,0.0061,7e-04,0.534,0.1475,0.9705,1.1
"2-3","months_since_cert_n <   5.000 & rawben_rel_max >=   0.993 & unc_rawben_rel_max <   1.200 & utilities >= 723.000","xgboost",198,0.90909,0.86974,101,95,0.9406,0.0106,0.0046,0.963,0.1475,0.9705,1.1
"2-3","rawben_rel_max <   0.257 & shelter_expenses_by_hh_size >= 501.000 & total_deductions_by_hh_size >=  74.500 & total_deductions_by_hh_size < 192.000","xgboost",198,0.90909,0.86974,94,86,0.9149,0.0096,0.0045,0.896,0.1475,0.9705,1.1
"2-3","rawben_rel_max <   0.689 & shelter_expenses_by_hh_size < 128.000 & total_deductions_by_hh_size <   2.500 & unc_rawben_rel_max <   0.894","xgboost",313,0.90096,0.86965,167,147,0.8802,0.0164,0.0145,1.592,0.1475,0.9705,1.1
"2-3","cat_elig <   1.000 & months_since_cert_n <  17.000 & percent_abawd >=   0.333 & shelter_expenses_by_hh_size < 702.000","xgboost",152,0.91447,0.86953,105,90,0.8571,0.0101,0.0079,1.001,0.1475,0.9705,1.1
"2-3","cat_elig <=   0.5 & expedited_i >   0.5 & total_deductions_by_hh_size <= 135.0","ranger",260,0.90385,0.86948,121,118,0.9752,0.0132,0.0019,1.153,0.1475,0.9705,1.1
"2-3","expedited_i >  0.5 & homeless >  0.5 & utilities <= 32.5","ranger",95,0.92632,0.86946,48,47,0.9792,0.0053,8e-04,0.458,0.1475,0.9705,1.1
"2-3","medical_deductions >= 116.0000 & months_since_cert_n >=   9.0000 & rawben_rel_max <   0.0479","xgboost",95,0.92632,0.86946,39,35,0.8974,0.0039,0.0031,0.372,0.1475,0.9705,1.1
"2-3","cat_elig <   1.0 & shelter_expenses_by_hh_size >= 366.0 & unc_rawben_rel_max <   1.3 & utilities < 424.0","xgboost",295,0.90169,0.86942,131,121,0.9237,0.0135,0.0051,1.249,0.1475,0.9705,1.1
"2-3","cat_elig >= 2.0 & HH_size_n < 3.0 & months_since_cert_n < 3.0 & total_deductions_by_hh_size < 2.5","xgboost",321,0.90031,0.86937,35,31,0.8857,0.0035,0.0026,0.334,0.1475,0.9705,1.1
"2-3","expedited_i >   0.5 & shelter_expenses_by_hh_size > 526.0 & unc_rawben_rel_max >   1.0 & utilities >  22.0","ranger",286,0.9021,0.86931,137,117,0.854,0.0131,0.0177,1.306,0.1475,0.9705,1.1
"2-3","homeless >= 1.000 & unc_rawben_rel_max >= 0.409 & unc_rawben_rel_max < 1.120","xgboost",286,0.9021,0.86931,170,154,0.9059,0.0172,0.0098,1.621,0.1475,0.9705,1.1
"2-3","months_since_cert_n >=  17.000 & rawben_rel_max >=   0.882 & utilities < 452.000","xgboost",85,0.92941,0.86926,49,41,0.8367,0.0046,0.0063,0.467,0.1475,0.9705,1.1
"2-3","months_since_cert_n > 11.500 & rawben_rel_max <=  0.996 & unc_rawben_rel_max <=  0.159","ranger",233,0.90558,0.86925,104,92,0.8846,0.0103,0.0093,0.991,0.1475,0.9705,1.1
"2-3","cat_elig <=   0.5 & elderly_disabled_i >   0.5 & shelter_expenses_by_hh_size > 340.0 & utilities > 270.0","ranger",312,0.90064,0.86924,153,133,0.8693,0.0149,0.0092,1.459,0.1475,0.9705,1.1
"2-3","months_since_cert_n < 3.000 & percent_abawd >= 0.333 & unc_rawben_rel_max >= 0.998 & unc_rawben_rel_max < 1.290","xgboost",133,0.91729,0.8692,95,88,0.9263,0.0098,0.0043,0.906,0.1475,0.9705,1.1
"2-3","cat_elig >   0.5 & months_since_cert_n >  15.5 & shelter_expenses_by_hh_size > 119.0 & shelter_expenses_by_hh_size <= 306.0","ranger",206,0.90777,0.86911,97,80,0.8247,0.0089,0.0087,0.925,0.1475,0.9705,1.1
"2-3","months_since_cert_n >=   1.00000 & unc_rawben_rel_max <  -0.00871 & utilities >= 601.00000","xgboost",188,0.90957,0.86911,110,98,0.8909,0.0109,0.0112,1.049,0.1475,0.9705,1.1
"2-3","months_since_cert_n >=   5.0000 & rawben_rel_max <   0.0436 & utilities >= 511.0000","xgboost",197,0.90863,0.8691,1,1,1,1e-04,0,0.01,0.1475,0.9705,1.1
"2-3","married >=   1 & shelter_expenses_by_hh_size >= 304 & total_deductions_by_hh_size < 186 & utilities >= 524","xgboost",268,0.90299,0.86909,125,109,0.872,0.0122,0.0094,1.192,0.1475,0.9705,1.1
"2-3","cat_elig <=   0.5 & months_since_cert_n >   6.5 & months_since_cert_n <=  11.5 & utilities <= 270.0","ranger",142,0.91549,0.8689,73,68,0.9315,0.0076,0.0021,0.696,0.1475,0.9705,1.1
"2-3","cat_elig <=   0.500 & expedited_i >   0.500 & unc_rawben_rel_max >   0.997 & utilities > 124.000","ranger",142,0.91549,0.8689,72,68,0.9444,0.0076,0.0028,0.686,0.1475,0.9705,1.1
"2-3","married >   0.500 & percent_abawd >   0.167 & rawben_rel_max >   0.843 & utilities <= 334.000","ranger",54,0.94444,0.86889,29,27,0.931,0.003,4e-04,0.276,0.1475,0.9705,1.1
"2-3","months_since_cert_n >   0.5 & shelter_expenses_by_hh_size <= 346.0 & utilities >  47.5 & utilities <=  51.5","ranger",54,0.94444,0.86889,51,44,0.8627,0.0049,0.0041,0.486,0.1475,0.9705,1.1
"2-3","cat_elig <=   0.500 & expedited_i <=   0.500 & rawben_rel_max <=   0.892 & shelter_expenses_by_hh_size <= 135.000","ranger",250,0.904,0.86888,124,103,0.8306,0.0115,0.0098,1.182,0.1475,0.9705,1.1
"2-3","count_divisible_by_100 >  0.500 & unc_rawben_rel_max >  0.996 & utilities <= 80.500","ranger",250,0.904,0.86888,117,104,0.8889,0.0116,0.0083,1.115,0.1475,0.9705,1.1
"2-3","cat_elig > 1.50 & elderly_disabled_i > 0.50 & total_deductions_by_hh_size <= 1.42 & unc_rawben_rel_max <= 1.02","ranger",276,0.90217,0.86874,19,16,0.8421,0.0018,0.0021,0.181,0.1475,0.9705,1.1
"2-3","homeless >   0.5 & utilities <= 130.0","ranger",276,0.90217,0.86874,148,134,0.9054,0.015,0.0088,1.411,0.1475,0.9705,1.1
"2-3","rawben_rel_max <   0.0640 & unc_rawben_rel_max <   0.0106 & utilities >= 580.0000","xgboost",232,0.90517,0.8687,141,122,0.8652,0.0136,0.0172,1.344,0.1475,0.9705,1.1
"2-3","cat_elig <   1.0 & children_i <   1.0 & shelter_expenses_by_hh_size <  99.3 & total_deductions_by_hh_size < 652.0","xgboost",104,0.92308,0.86858,54,51,0.9444,0.0057,0.0016,0.515,0.1475,0.9705,1.1
"2-3","total_deductions_by_hh_size <  503 & utilities >= 1020","xgboost",104,0.92308,0.86858,232,213,0.9181,0.0238,0.0124,2.212,0.1475,0.9705,1.1
"2-3","cat_elig <   1 & months_since_cert_n <   1 & total_deductions_by_hh_size < 456","xgboost",293,0.90102,0.86855,160,147,0.9188,0.0164,0.008,1.525,0.1475,0.9705,1.1
"2-3","elderly_disabled_i <= 0.5 & HH_size_n <= 2.5 & homeless > 0.5","ranger",214,0.90654,0.86855,120,111,0.925,0.0124,0.0061,1.144,0.1475,0.9705,1.1
"2-3","cat_elig <   1 & expedited_i >=   1 & months_since_cert_n >=   3 & total_deductions_by_hh_size < 477","xgboost",258,0.9031,0.86849,121,116,0.9587,0.013,0.0033,1.153,0.1475,0.9705,1.1
"2-3","cat_elig <= 0.500 & HH_size_n <= 2.500 & rawben_rel_max <= 0.997 & unc_rawben_rel_max <= 0.469","ranger",258,0.9031,0.86849,127,117,0.9213,0.0131,0.0038,1.211,0.1475,0.9705,1.1
"2-3","months_since_cert_n >=  12.000 & shelter_expenses_by_hh_size < 118.000 & unc_rawben_rel_max >=  -0.497 & utilities < 414.000","xgboost",169,0.91124,0.86848,87,79,0.908,0.0088,0.005,0.829,0.1475,0.9705,1.1
"2-3","children_i <= 0.500 & expedited_i > 0.500 & months_since_cert_n <= 6.500 & rawben_rel_max > 0.997","ranger",178,0.91011,0.86844,89,77,0.8652,0.0086,0.0087,0.848,0.1475,0.9705,1.1
"2-3","cat_elig <=   1.500 & rawben_rel_max >   0.997 & total_deductions_by_hh_size > 437.000 & unc_rawben_rel_max <=   1.420","ranger",187,0.90909,0.86843,132,121,0.9167,0.0135,0.0074,1.258,0.1475,0.9705,1.1
"2-3","count_divisible_by_100 >=   1.00 & HH_size_n <   3.00 & shelter_expenses_by_hh_size < 825.00 & unc_rawben_rel_max >=   1.12","xgboost",187,0.90909,0.86843,104,87,0.8365,0.0097,0.0152,0.991,0.1475,0.9705,1.1
"2-3","months_since_cert_n <   5 & shelter_expenses_by_hh_size < 588 & utilities >= 844","xgboost",284,0.90141,0.86841,208,186,0.8942,0.0208,0.0122,1.983,0.1475,0.9705,1.1
"2-3","cat_elig <=  0.5 & expedited_i >  0.5 & shelter_expenses_by_hh_size > 12.4","ranger",240,0.90417,0.86825,124,118,0.9516,0.0132,0.0042,1.182,0.1475,0.9705,1.1
"2-3","months_since_cert_n >=  17 & total_deductions_by_hh_size >=  83 & total_deductions_by_hh_size < 231 & utilities >= 452","xgboost",132,0.91667,0.86824,37,33,0.8919,0.0037,0.0024,0.353,0.1475,0.9705,1.1
"2-3","children_i <   1.000 & shelter_expenses_by_hh_size >= 172.000 & total_deductions_by_hh_size <   8.300 & unc_rawben_rel_max <   0.277","xgboost",266,0.90226,0.86813,136,133,0.9779,0.0149,0.0016,1.296,0.1475,0.9705,1.1
"2-3","expedited_i >  0.500 & months_since_cert_n >  8.500 & unc_rawben_rel_max >  0.997 & utilities > 30.500","ranger",94,0.92553,0.86812,66,55,0.8333,0.0061,0.0071,0.629,0.1475,0.9705,1.1
"2-3","months_since_cert_n > 20.500 & rawben_rel_max <=  0.154 & unc_rawben_rel_max <=  0.997","ranger",94,0.92553,0.86812,39,33,0.8462,0.0037,0.0034,0.372,0.1475,0.9705,1.1
"2-3","cat_elig >=  1.0000 & percent_abawd <  0.5000 & rawben_rel_max <  0.0763 & utilities < 70.0000","xgboost",141,0.91489,0.868,59,51,0.8644,0.0057,0.0068,0.562,0.1475,0.9705,1.1
"2-3","elderly_disabled_i <=  0.500 & homeless >  0.500 & rawben_rel_max >  0.617 & utilities <= 14.500","ranger",213,0.9061,0.86794,120,112,0.9333,0.0125,0.0049,1.144,0.1475,0.9705,1.1
"2-3","total_deductions_by_hh_size <= 108.000 & unc_rawben_rel_max >   0.997 & utilities >  78.500 & utilities <= 340.000","ranger",64,0.9375,0.86787,26,23,0.8846,0.0026,0.0026,0.248,0.1475,0.9705,1.1
"2-3","rawben_rel_max >=   0.322 & shelter_expenses_by_hh_size >= 262.000 & total_deductions_by_hh_size <  96.600 & utilities >= 360.000","xgboost",204,0.90686,0.86786,125,118,0.944,0.0132,0.0041,1.192,0.1475,0.9705,1.1
"2-3","cat_elig <=    0.500 & percent_abawd >    0.167 & shelter_expenses_by_hh_size <= 1180.000 & total_deductions_by_hh_size <=  383.000","ranger",150,0.91333,0.86785,101,86,0.8515,0.0096,0.0079,0.963,0.1475,0.9705,1.1
"2-3","rawben_rel_max >=   1.00 & total_deductions_by_hh_size >= 496.00 & unc_rawben_rel_max <   1.74","xgboost",274,0.90146,0.8678,139,119,0.8561,0.0133,0.0212,1.325,0.1475,0.9705,1.1
"2-3","cat_elig > 0.5 & count_divisible_by_100 <= 0.5 & expedited_i > 0.5 & homeless > 0.5","ranger",84,0.92857,0.86777,41,40,0.9756,0.0045,8e-04,0.391,0.1475,0.9705,1.1
"2-3","months_since_cert_n >=  16 & shelter_expenses_by_hh_size <  21 & total_deductions_by_hh_size < 290","xgboost",84,0.92857,0.86777,34,33,0.9706,0.0037,4e-04,0.324,0.1475,0.9705,1.1
"2-3","cat_elig <   1.000 & rawben_rel_max <   0.624 & shelter_expenses_by_hh_size < 986.000 & total_deductions_by_hh_size <   5.670","xgboost",159,0.91195,0.86776,86,80,0.9302,0.0089,0.0031,0.82,0.1475,0.9705,1.1
"2-3","cat_elig <=   0.500 & HH_size_n <=   2.500 & shelter_expenses_by_hh_size <= 221.000 & unc_rawben_rel_max <=   0.892","ranger",239,0.90377,0.86772,124,109,0.879,0.0122,0.0063,1.182,0.1475,0.9705,1.1
"2-3","rawben_rel_max >= 0.103 & rawben_rel_max < 0.166 & unc_rawben_rel_max < 0.131","xgboost",168,0.91071,0.86772,84,79,0.9405,0.0088,0.0024,0.801,0.1475,0.9705,1.1
"2-3","medical_deductions > 122.000 & medical_deductions <= 296.000 & rawben_rel_max <=   0.157","ranger",177,0.9096,0.86771,83,75,0.9036,0.0084,0.0048,0.791,0.1475,0.9705,1.1
"2-3","rawben_rel_max <   0.695 & total_deductions_by_hh_size <  20.600 & unc_rawben_rel_max >=   0.180 & utilities >= 385.000","xgboost",265,0.90189,0.86764,113,99,0.8761,0.0111,0.0091,1.077,0.1475,0.9705,1.1
"2-3","cat_elig <=   1.5 & expedited_i >   0.5 & homeless >   0.5 & total_deductions_by_hh_size <= 468.0","ranger",74,0.93243,0.86763,54,53,0.9815,0.0059,8e-04,0.515,0.1475,0.9705,1.1
"2-3","homeless >   0.500 & medical_deductions <= 399.000 & rawben_rel_max >   0.997 & total_deductions_by_hh_size > 122.000","ranger",31,0.96774,0.86761,18,18,1,0.002,0,0.172,0.1475,0.9705,1.1
"2-3","rawben_rel_max <=   0.129 & unc_rawben_rel_max <=   0.997 & utilities >  78.500 & utilities <= 335.000","ranger",122,0.91803,0.86755,41,38,0.9268,0.0042,0.0018,0.391,0.1475,0.9705,1.1
"2-3","unc_rawben_rel_max >=   0.998 & unc_rawben_rel_max <   1.100 & utilities >= 331.000 & utilities < 392.000","xgboost",122,0.91803,0.86755,98,92,0.9388,0.0103,0.0043,0.934,0.1475,0.9705,1.1
"2-3","cat_elig <=   0.5 & children_i <=   0.5 & utilities > 270.0 & utilities <= 454.0","ranger",256,0.90234,0.86749,168,144,0.8571,0.0161,0.0114,1.602,0.1475,0.9705,1.1
"2-3","cat_elig <=   0.5 & count_divisible_by_100 >   0.5 & HH_size_n <=   2.5 & total_deductions_by_hh_size <= 465.0","ranger",103,0.92233,0.86735,72,69,0.9583,0.0077,0.0015,0.686,0.1475,0.9705,1.1
"2-3","count_divisible_by_100 <=   0.5 & expedited_i >   0.5 & homeless >   0.5 & utilities <= 820.0","ranger",103,0.92233,0.86735,52,51,0.9808,0.0057,8e-04,0.496,0.1475,0.9705,1.1
"2-3","expedited_i <=   0.500 & months_since_cert_n <=   0.500 & rawben_rel_max >   0.895 & utilities <= 144.000","ranger",273,0.9011,0.86733,145,132,0.9103,0.0147,0.012,1.382,0.1475,0.9705,1.1
"2-3","married >   0.50 & rawben_rel_max >   0.84 & shelter_expenses_by_hh_size <= 475.00 & utilities <=  22.00","ranger",273,0.9011,0.86733,144,133,0.9236,0.0149,0.0048,1.373,0.1475,0.9705,1.1
"2-3","cat_elig <   1.00 & shelter_expenses_by_hh_size >= 442.00 & unc_rawben_rel_max >=   1.13","xgboost",131,0.91603,0.86727,62,59,0.9516,0.0066,0.0014,0.591,0.1475,0.9705,1.1
"2-3","children_i >  0.5000 & rawben_rel_max <=  0.0481 & total_deductions_by_hh_size > 12.8000 & unc_rawben_rel_max <=  0.9970","ranger",290,0.9,0.86722,136,118,0.8676,0.0132,0.018,1.296,0.1475,0.9705,1.1
"2-3","count_divisible_by_100 <=   0.500 & total_deductions_by_hh_size > 444.000 & unc_rawben_rel_max >   0.997 & unc_rawben_rel_max <=   1.630","ranger",290,0.9,0.86722,135,123,0.9111,0.0137,0.0103,1.287,0.1475,0.9705,1.1
"2-3","homeless >=   1 & medical_deductions <   7 & total_deductions_by_hh_size < 533 & utilities < 361","xgboost",290,0.9,0.86722,158,143,0.9051,0.016,0.0091,1.506,0.1475,0.9705,1.1
"2-3","medical_deductions >= 204.000 & rawben_rel_max <   0.288 & shelter_expenses_by_hh_size < 727.000","xgboost",140,0.91429,0.86709,73,68,0.9315,0.0076,0.0028,0.696,0.1475,0.9705,1.1
"2-3","HH_size_n <   3.000 & months_since_cert_n >=  17.000 & total_deductions_by_hh_size < 288.000 & unc_rawben_rel_max >=   0.422","xgboost",185,0.90811,0.86704,101,87,0.8614,0.0097,0.0069,0.963,0.1475,0.9705,1.1
"2-3","HH_size_n <=   2.5 & homeless >   0.5 & shelter_expenses_by_hh_size <= 100.0","ranger",185,0.90811,0.86704,97,90,0.9278,0.0101,0.0043,0.925,0.1475,0.9705,1.1
"2-3","count_divisible_by_100 >  0.500 & elderly_disabled_i <=  0.500 & unc_rawben_rel_max >  0.997 & utilities <= 22.000","ranger",220,0.90455,0.86687,100,89,0.89,0.0099,0.0049,0.953,0.1475,0.9705,1.1
"2-3","homeless >=   1.000 & total_deductions_by_hh_size < 126.000 & unc_rawben_rel_max >=   0.409 & unc_rawben_rel_max <   1.120","xgboost",246,0.90244,0.8668,147,134,0.9116,0.015,0.0074,1.401,0.1475,0.9705,1.1
"2-3","children_i >=   1.000 & elderly_disabled_i >=   1.000 & rawben_rel_max <   0.493 & shelter_expenses_by_hh_size < 132.000","xgboost",93,0.92473,0.86676,55,44,0.8,0.0049,0.0044,0.524,0.1475,0.9705,1.1
"2-3","expedited_i >  0.50 & homeless >  0.50 & shelter_expenses_by_hh_size <=  4.83 & utilities <= 32.50","ranger",93,0.92473,0.86676,46,45,0.9783,0.005,8e-04,0.439,0.1475,0.9705,1.1
"2-3","medical_deductions > 128.0 & months_since_cert_n <=   7.5 & total_deductions_by_hh_size <= 699.0 & utilities > 628.0","ranger",93,0.92473,0.86676,42,36,0.8571,0.004,0.0033,0.4,0.1475,0.9705,1.1
"2-3","count_divisible_by_100 > 0.500 & married <= 0.500 & rawben_rel_max <= 0.923 & unc_rawben_rel_max <= 0.133","ranger",53,0.9434,0.86656,24,23,0.9583,0.0026,6e-04,0.229,0.1475,0.9705,1.1
"2-3","expedited_i >= 1.000 & percent_abawd >= 0.333 & unc_rawben_rel_max >= 1.250","xgboost",53,0.9434,0.86656,20,18,0.9,0.002,0.0025,0.191,0.1475,0.9705,1.1
"2-3","cat_elig >=  2 & married >=  1 & total_deductions_by_hh_size < 25","xgboost",271,0.90037,0.86637,15,15,1,0.0017,0,0.143,0.1475,0.9705,1.1
"2-3","shelter_expenses_by_hh_size < 771.00 & unc_rawben_rel_max >=   1.07 & utilities >= 912.00","xgboost",130,0.91538,0.86628,142,130,0.9155,0.0145,0.0095,1.354,0.1475,0.9705,1.1
"2-3","cat_elig > 1.500 & married > 0.500 & rawben_rel_max <= 0.159","ranger",245,0.90204,0.86627,4,4,1,4e-04,0,0.038,0.1475,0.9705,1.1
"2-3","medical_deductions >= 262.000 & rawben_rel_max <   0.591 & total_deductions_by_hh_size < 222.000","xgboost",83,0.92771,0.86625,34,33,0.9706,0.0037,5e-04,0.324,0.1475,0.9705,1.1
"2-3","medical_deductions >= 280 & total_deductions_by_hh_size < 246","xgboost",83,0.92771,0.86625,38,37,0.9737,0.0041,5e-04,0.362,0.1475,0.9705,1.1
"2-3","months_since_cert_n >=   1.0000 & rawben_rel_max <   0.0436 & shelter_expenses_by_hh_size < 414.0000 & utilities < 385.0000","xgboost",175,0.90857,0.86624,3,1,0.3333,1e-04,0.0022,0.029,0.1475,0.9705,1.1
"2-3","expedited_i <=   0.5 & homeless >   0.5 & shelter_expenses_by_hh_size <= 119.0 & total_deductions_by_hh_size <= 468.0","ranger",166,0.90964,0.86617,94,83,0.883,0.0093,0.0064,0.896,0.1475,0.9705,1.1
"2-3","children_i >   0.500 & married >   0.500 & rawben_rel_max >   0.998 & total_deductions_by_hh_size <= 198.000","ranger",139,0.91367,0.86616,79,70,0.8861,0.0078,0.0078,0.753,0.1475,0.9705,1.1
"2-3","cat_elig <=   0.500 & percent_abawd >   0.167 & shelter_expenses_by_hh_size <= 590.000","ranger",148,0.91216,0.86612,104,89,0.8558,0.0099,0.0079,0.991,0.1475,0.9705,1.1
"2-3","elderly_disabled_i >  0.50 & unc_rawben_rel_max <=  0.28 & utilities <= 58.50","ranger",148,0.91216,0.86612,74,61,0.8243,0.0068,0.0061,0.705,0.1475,0.9705,1.1
"2-3","count_divisible_by_100 <= 0.5 & HH_size_n > 2.5 & homeless > 0.5","ranger",102,0.92157,0.8661,61,54,0.8852,0.006,0.0038,0.582,0.1475,0.9705,1.1
"2-3","expedited_i >   0.5 & shelter_expenses_by_hh_size > 252.0 & shelter_expenses_by_hh_size <= 329.0 & unc_rawben_rel_max >   1.0","ranger",102,0.92157,0.8661,42,38,0.9048,0.0042,0.002,0.4,0.1475,0.9705,1.1
"2-3","medical_deductions >  35 & medical_deductions <= 122","ranger",102,0.92157,0.8661,49,46,0.9388,0.0051,0.0012,0.467,0.1475,0.9705,1.1
"2-3","months_since_cert_n <=   5.500 & rawben_rel_max >   0.997 & shelter_expenses_by_hh_size <= 319.000 & total_deductions_by_hh_size > 246.000","ranger",253,0.90119,0.86595,110,99,0.9,0.0111,0.0129,1.049,0.1475,0.9705,1.1
"2-3","count_divisible_by_100 <  1.0 & months_since_cert_n <  3.0 & percent_abawd >=  0.5 & total_deductions_by_hh_size < 15.5","xgboost",73,0.93151,0.8659,60,57,0.95,0.0064,0.0016,0.572,0.1475,0.9705,1.1
"2-3","cat_elig <=   0.500 & percent_abawd >   0.417 & shelter_expenses_by_hh_size > 334.000","ranger",42,0.95238,0.86588,29,27,0.931,0.003,0.0012,0.276,0.1475,0.9705,1.1
"2-3","cat_elig >= 2.000 & expedited_i < 1.000 & rawben_rel_max < 0.588 & total_deductions_by_hh_size < 2.500","xgboost",270,0.9,0.86588,21,17,0.8095,0.0019,0.0027,0.2,0.1475,0.9705,1.1
"2-3","count_divisible_by_100 >   0.5 & expedited_i >   0.5 & months_since_cert_n >   6.5 & total_deductions_by_hh_size <= 456.0","ranger",42,0.95238,0.86588,23,19,0.8261,0.0021,0.003,0.219,0.1475,0.9705,1.1
"2-3","homeless >   0.5 & married >   0.5 & total_deductions_by_hh_size <= 540.0","ranger",42,0.95238,0.86588,29,27,0.931,0.003,7e-04,0.276,0.1475,0.9705,1.1
"2-3","cat_elig < 1.000 & rawben_rel_max >= 0.516 & rawben_rel_max < 0.624","xgboost",244,0.90164,0.86574,118,103,0.8729,0.0115,0.0087,1.125,0.1475,0.9705,1.1
"2-3","medical_deductions >= 292.000 & months_since_cert_n <  13.000 & rawben_rel_max <   0.493 & utilities >= 361.000","xgboost",111,0.91892,0.86568,60,53,0.8833,0.0059,0.0036,0.572,0.1475,0.9705,1.1
"2-3","children_i >  0.50 & elderly_disabled_i <=  0.50 & total_deductions_by_hh_size >  1.42 & total_deductions_by_hh_size <= 12.80","ranger",174,0.90805,0.8655,77,69,0.8961,0.0077,0.004,0.734,0.1475,0.9705,1.1
"2-3","rawben_rel_max >=   0.493 & utilities >=  70.000 & utilities < 229.000","xgboost",174,0.90805,0.8655,108,86,0.7963,0.0096,0.0156,1.03,0.1475,0.9705,1.1
"2-3","cat_elig >=   1 & months_since_cert_n >=  18 & shelter_expenses_by_hh_size < 300 & utilities < 852","xgboost",209,0.90431,0.86548,85,72,0.8471,0.008,0.0073,0.81,0.1475,0.9705,1.1
"2-3","count_divisible_by_100 >=   1 & total_deductions_by_hh_size < 326 & utilities >= 534 & utilities < 956","xgboost",209,0.90431,0.86548,111,83,0.7477,0.0093,0.0182,1.058,0.1475,0.9705,1.1
"2-3","married >=   1.000 & months_since_cert_n <  11.000 & rawben_rel_max <   0.122 & utilities < 473.000","xgboost",200,0.905,0.86529,113,105,0.9292,0.0117,0.0056,1.077,0.1475,0.9705,1.1
"2-3","rawben_rel_max <   0.954 & shelter_expenses_by_hh_size < 314.000 & unc_rawben_rel_max >=   0.925 & unc_rawben_rel_max <   1.340","xgboost",200,0.905,0.86529,95,77,0.8105,0.0086,0.0125,0.906,0.1475,0.9705,1.1
"2-3","expedited_i <= 0.50 & homeless > 0.50 & total_deductions_by_hh_size <= 1.05","ranger",129,0.91473,0.86528,71,64,0.9014,0.0071,0.0044,0.677,0.1475,0.9705,1.1
"2-3","months_since_cert_n >  10.500 & rawben_rel_max >   0.997 & shelter_expenses_by_hh_size <= 534.000 & utilities > 428.000","ranger",138,0.91304,0.86523,61,52,0.8525,0.0058,0.0072,0.582,0.1475,0.9705,1.1
"2-3","elderly_disabled_i >=   1 & months_since_cert_n <   2 & utilities >= 496 & utilities < 651","xgboost",191,0.90576,0.8651,109,89,0.8165,0.0099,0.0117,1.039,0.1475,0.9705,1.1
"2-3","cat_elig >=   2.000 & rawben_rel_max <   0.161 & shelter_expenses_by_hh_size < 406.000","xgboost",217,0.90323,0.86507,10,10,1,0.0011,0,0.095,0.1475,0.9705,1.1
"2-3","count_divisible_by_100 <=   0.5 & utilities >  66.5 & utilities <= 112.0","ranger",182,0.90659,0.86491,88,71,0.8068,0.0079,0.0084,0.839,0.1475,0.9705,1.1
"2-3","cat_elig <   2.0 & shelter_expenses_by_hh_size < 145.0 & total_deductions_by_hh_size >=  81.5 & utilities >= 360.0","xgboost",101,0.92079,0.86483,89,78,0.8764,0.0087,0.01,0.848,0.1475,0.9705,1.1
"2-3","count_divisible_by_100 >   0.500 & rawben_rel_max >   0.997 & shelter_expenses_by_hh_size <= 774.000 & utilities <=  22.000","ranger",225,0.90222,0.86471,100,90,0.9,0.0101,0.0047,0.953,0.1475,0.9705,1.1
"2-3","children_i <   1.000 & rawben_rel_max <   0.194 & utilities >= 850.000","xgboost",82,0.92683,0.86469,54,48,0.8889,0.0054,0.0047,0.515,0.1475,0.9705,1.1
"2-3","medical_deductions >= 102.000 & rawben_rel_max <   0.419 & total_deductions_by_hh_size < 141.000 & utilities >= 415.000","xgboost",82,0.92683,0.86469,34,29,0.8529,0.0032,0.0015,0.324,0.1475,0.9705,1.1
"2-3","months_since_cert_n >=   5.0000 & rawben_rel_max <   0.0523 & utilities < 318.0000","xgboost",82,0.92683,0.86469,40,34,0.85,0.0038,0.0044,0.381,0.1475,0.9705,1.1
"2-3","cat_elig <=  0.500 & rawben_rel_max <=  0.428 & total_deductions_by_hh_size <= 52.200","ranger",110,0.91818,0.8645,59,55,0.9322,0.0061,0.0016,0.562,0.1475,0.9705,1.1
"2-3","cat_elig >=   3.000 & rawben_rel_max >=   0.874 & total_deductions_by_hh_size < 234.000 & utilities < 844.000","xgboost",110,0.91818,0.8645,0,0,NA,0,0,0,0.1475,0.9705,1.1
"2-3","rawben_rel_max <   0.0436 & utilities >= 688.0000","xgboost",155,0.90968,0.86445,3,3,1,3e-04,0,0.029,0.1475,0.9705,1.1
"2-3","months_since_cert_n <= 0.500 & unc_rawben_rel_max <= 0.134","ranger",119,0.91597,0.86433,57,50,0.8772,0.0056,0.0057,0.543,0.1475,0.9705,1.1
"2-3","shelter_expenses_by_hh_size >= 375.0 & total_deductions_by_hh_size >=  42.3 & total_deductions_by_hh_size < 103.0 & utilities >= 478.0","xgboost",119,0.91597,0.86433,47,41,0.8723,0.0046,0.003,0.448,0.1475,0.9705,1.1
"2-3","months_since_cert_n >=   5.0000 & shelter_expenses_by_hh_size < 326.0000 & unc_rawben_rel_max <   0.0405","xgboost",137,0.91241,0.86427,69,63,0.913,0.007,0.005,0.658,0.1475,0.9705,1.1
"2-3","months_since_cert_n >   4.500 & shelter_expenses_by_hh_size > 265.000 & shelter_expenses_by_hh_size <= 280.000 & unc_rawben_rel_max >   0.997","ranger",52,0.94231,0.86415,24,23,0.9583,0.0026,0.0016,0.229,0.1475,0.9705,1.1
"2-3","shelter_expenses_by_hh_size > 252.000 & total_deductions_by_hh_size >  14.000 & unc_rawben_rel_max <=   0.243 & utilities <=  38.500","ranger",52,0.94231,0.86415,23,20,0.8696,0.0022,0.0012,0.219,0.1475,0.9705,1.1
"2-3","HH_size_n <   3 & homeless >=   1 & shelter_expenses_by_hh_size < 638","xgboost",241,0.90041,0.8641,133,122,0.9173,0.0136,0.007,1.268,0.1475,0.9705,1.1
"2-3","cat_elig <=   0.5 & homeless <=   0.5 & months_since_cert_n >   5.5 & utilities <= 286.0","ranger",241,0.90041,0.8641,91,84,0.9231,0.0094,0.0036,0.867,0.1475,0.9705,1.1
"2-3","cat_elig <=   0.5 & children_i <=   0.5 & elderly_disabled_i >   0.5 & total_deductions_by_hh_size > 128.0","ranger",172,0.90698,0.86398,98,85,0.8673,0.0095,0.0066,0.934,0.1475,0.9705,1.1
"2-3","married >=   1 & months_since_cert_n >=  18 & shelter_expenses_by_hh_size < 475 & total_deductions_by_hh_size < 195","xgboost",172,0.90698,0.86398,80,76,0.95,0.0085,0.002,0.763,0.1475,0.9705,1.1
"2-3","medical_deductions > 128.000 & medical_deductions <= 296.000 & unc_rawben_rel_max <=   0.157","ranger",172,0.90698,0.86398,82,74,0.9024,0.0083,0.0048,0.782,0.1475,0.9705,1.1
"2-3","rawben_rel_max >=   0.964 & shelter_expenses_by_hh_size < 857.000 & unc_rawben_rel_max <   1.120 & utilities >= 844.000","xgboost",172,0.90698,0.86398,122,114,0.9344,0.0127,0.0077,1.163,0.1475,0.9705,1.1
"2-3","children_i >=  1.000 & months_since_cert_n >=  7.000 & rawben_rel_max <  0.675 & total_deductions_by_hh_size < 15.500","xgboost",198,0.90404,0.86396,112,97,0.8661,0.0108,0.007,1.068,0.1475,0.9705,1.1
"2-3","months_since_cert_n >=  1.000 & rawben_rel_max <  0.228 & shelter_expenses_by_hh_size >= 12.300 & utilities < 80.000","xgboost",198,0.90404,0.86396,89,78,0.8764,0.0087,0.0064,0.848,0.1475,0.9705,1.1
"2-3","count_divisible_by_100 >   0.500 & rawben_rel_max <=   0.909 & total_deductions_by_hh_size <= 482.000 & unc_rawben_rel_max <=   0.135","ranger",62,0.93548,0.86383,30,25,0.8333,0.0028,0.0047,0.286,0.1475,0.9705,1.1
"2-3","count_divisible_by_100 > 0.500 & HH_size_n <= 2.500 & rawben_rel_max <= 0.995 & unc_rawben_rel_max <= 0.137","ranger",62,0.93548,0.86383,37,30,0.8108,0.0034,0.0065,0.353,0.1475,0.9705,1.1
"2-3","months_since_cert_n <   2.000 & rawben_rel_max >=   0.064 & rawben_rel_max <   0.161 & total_deductions_by_hh_size < 304.000","xgboost",62,0.93548,0.86383,42,37,0.881,0.0041,0.0017,0.4,0.1475,0.9705,1.1
"2-3","HH_size_n <  3.00 & homeless >=  1.00 & unc_rawben_rel_max <  1.42 & utilities < 80.00","xgboost",189,0.90476,0.86371,99,91,0.9192,0.0102,0.0053,0.944,0.1475,0.9705,1.1
"2-3","cat_elig <= 0.500 & elderly_disabled_i <= 0.500 & rawben_rel_max <= 0.999 & unc_rawben_rel_max <= 0.247","ranger",30,0.96667,0.86358,4,3,0.75,3e-04,7e-04,0.038,0.1475,0.9705,1.1
"2-3","medical_deductions > 57.000 & months_since_cert_n > 20.500 & rawben_rel_max <=  0.154 & unc_rawben_rel_max <=  0.997","ranger",30,0.96667,0.86358,13,11,0.8462,0.0012,0.0013,0.124,0.1475,0.9705,1.1
"2-3","shelter_expenses_by_hh_size <= 248.0 & total_deductions_by_hh_size >  29.9 & utilities > 710.0","ranger",30,0.96667,0.86358,24,22,0.9167,0.0025,6e-04,0.229,0.1475,0.9705,1.1
"2-3","months_since_cert_n <  10 & shelter_expenses_by_hh_size >= 394 & total_deductions_by_hh_size < 124","xgboost",240,0.9,0.86355,128,116,0.9062,0.013,0.0054,1.22,0.1475,0.9705,1.1
"2-3","shelter_expenses_by_hh_size >= 583.0000 & total_deductions_by_hh_size < 503.0000 & unc_rawben_rel_max <   0.0106","xgboost",223,0.90135,0.86353,98,83,0.8469,0.0093,0.0154,0.934,0.1475,0.9705,1.1
"2-3","children_i >   0.5 & count_divisible_by_100 >   0.5 & shelter_expenses_by_hh_size > 194.0 & shelter_expenses_by_hh_size <= 252.0","ranger",145,0.91034,0.86343,76,60,0.7895,0.0067,0.0104,0.724,0.1475,0.9705,1.1
"2-3","months_since_cert_n >= 11.00 & shelter_expenses_by_hh_size < 15.00 & unc_rawben_rel_max <  1.09","xgboost",145,0.91034,0.86343,89,80,0.8989,0.0089,0.007,0.848,0.1475,0.9705,1.1
"2-3","expedited_i >=   1.00 & shelter_expenses_by_hh_size < 340.00 & unc_rawben_rel_max >=   1.12 & unc_rawben_rel_max <   1.25","xgboost",136,0.91176,0.86331,76,68,0.8947,0.0076,0.0056,0.724,0.1475,0.9705,1.1
"2-3","expedited_i > 0.500 & married > 0.500 & months_since_cert_n <= 8.500 & rawben_rel_max > 0.395","ranger",231,0.90043,0.86325,117,100,0.8547,0.0112,0.013,1.115,0.1475,0.9705,1.1
"2-3","cat_elig <   1 & months_since_cert_n >=   5 & months_since_cert_n <   8 & utilities >= 340","xgboost",214,0.90187,0.86323,85,75,0.8824,0.0084,0.0049,0.81,0.1475,0.9705,1.1
"2-3","rawben_rel_max >=   0.427 & shelter_expenses_by_hh_size >= 421.000 & shelter_expenses_by_hh_size < 467.000 & utilities >= 875.000","xgboost",81,0.92593,0.8631,39,33,0.8462,0.0037,0.003,0.372,0.1475,0.9705,1.1
"2-3","count_divisible_by_100 <=  0.500 & percent_abawd >  0.167 & percent_abawd <=  0.583 & total_deductions_by_hh_size <= 21.700","ranger",162,0.90741,0.86296,124,112,0.9032,0.0125,0.0075,1.182,0.1475,0.9705,1.1
"2-3","months_since_cert_n > 12.5 & utilities <= 22.0","ranger",162,0.90741,0.86296,80,74,0.925,0.0083,0.0043,0.763,0.1475,0.9705,1.1
"2-3","total_deductions_by_hh_size < 298.00 & unc_rawben_rel_max >=   1.36 & unc_rawben_rel_max <   1.74 & utilities >= 392.00","xgboost",162,0.90741,0.86296,56,51,0.9107,0.0057,0.0053,0.534,0.1475,0.9705,1.1
"2-3","homeless <   1.0 & shelter_expenses_by_hh_size >=  33.5 & shelter_expenses_by_hh_size < 113.0 & total_deductions_by_hh_size <  42.3","xgboost",205,0.90244,0.86292,80,67,0.8375,0.0075,0.0055,0.763,0.1475,0.9705,1.1
"2-3","count_divisible_by_100 >  0.500 & HH_size_n <=  2.500 & unc_rawben_rel_max >  0.996 & utilities <= 80.500","ranger",153,0.9085,0.86273,55,46,0.8364,0.0051,0.0041,0.524,0.1475,0.9705,1.1
"2-3","months_since_cert_n <   9 & shelter_expenses_by_hh_size >= 594 & total_deductions_by_hh_size < 482 & utilities >= 956","xgboost",153,0.9085,0.86273,136,120,0.8824,0.0134,0.0127,1.296,0.1475,0.9705,1.1
"2-3","HH_size_n >  2.500 & months_since_cert_n <=  0.500 & unc_rawben_rel_max >  0.996 & utilities <= 22.000","ranger",90,0.92222,0.86251,58,56,0.9655,0.0063,0.0028,0.553,0.1475,0.9705,1.1
"2-3","cat_elig <=   0.50 & children_i >   0.50 & rawben_rel_max <=   0.84 & utilities > 490.00","ranger",90,0.92222,0.86251,16,16,1,0.0018,0,0.153,0.1475,0.9705,1.1
"2-3","medical_deductions >= 123.000 & rawben_rel_max <   0.146 & shelter_expenses_by_hh_size >= 503.000","xgboost",135,0.91111,0.86233,65,61,0.9385,0.0068,0.003,0.62,0.1475,0.9705,1.1
"2-3","rawben_rel_max <   0.112 & total_deductions_by_hh_size < 208.000 & utilities >= 645.000","xgboost",117,0.91453,0.86209,52,47,0.9038,0.0053,0.0031,0.496,0.1475,0.9705,1.1
"2-3","medical_deductions < 103.00 & shelter_expenses_by_hh_size < 362.00 & unc_rawben_rel_max >=   1.12 & utilities <  41.00","xgboost",212,0.90094,0.86197,112,103,0.9196,0.0115,0.0074,1.068,0.1475,0.9705,1.1
"2-3","total_deductions_by_hh_size < 184.00 & unc_rawben_rel_max >=   1.20 & unc_rawben_rel_max <   1.74 & utilities >= 340.00","xgboost",212,0.90094,0.86197,112,95,0.8482,0.0106,0.0179,1.068,0.1475,0.9705,1.1
"2-3","total_deductions_by_hh_size >=   8.3 & total_deductions_by_hh_size <  72.3 & utilities >= 511.0","xgboost",152,0.90789,0.86186,76,63,0.8289,0.007,0.0061,0.724,0.1475,0.9705,1.1
"2-3","children_i >  0.5 & expedited_i >  0.5 & months_since_cert_n >  9.5 & utilities <= 22.0","ranger",61,0.93443,0.86172,44,39,0.8864,0.0044,0.0042,0.419,0.1475,0.9705,1.1
"2-3","count_divisible_by_100 >=   1.000 & rawben_rel_max <   0.307 & total_deductions_by_hh_size < 115.000","xgboost",51,0.94118,0.86164,23,18,0.7826,0.002,0.0021,0.219,0.1475,0.9705,1.1
"2-3","cat_elig <=   0.5 & months_since_cert_n >   4.5 & months_since_cert_n <=   7.5 & shelter_expenses_by_hh_size > 289.0","ranger",186,0.90323,0.86157,63,56,0.8889,0.0063,0.0025,0.601,0.1475,0.9705,1.1
"2-3","cat_elig <  2.0 & shelter_expenses_by_hh_size >= 21.0 & shelter_expenses_by_hh_size < 27.5","xgboost",80,0.925,0.86146,47,42,0.8936,0.0047,0.0026,0.448,0.1475,0.9705,1.1
"2-3","HH_size_n <   3 & homeless >=   1 & utilities < 318","xgboost",194,0.90206,0.86123,101,93,0.9208,0.0104,0.0053,0.963,0.1475,0.9705,1.1
"2-3","cat_elig <=   1.5 & months_since_cert_n >   5.5 & shelter_expenses_by_hh_size > 535.0 & total_deductions_by_hh_size <= 221.0","ranger",125,0.912,0.86112,122,105,0.8607,0.0117,0.011,1.163,0.1475,0.9705,1.1
"2-3","rawben_rel_max <   0.137 & shelter_expenses_by_hh_size < 900.000 & utilities >= 784.000","xgboost",125,0.912,0.86112,67,59,0.8806,0.0066,0.0059,0.639,0.1475,0.9705,1.1
"2-3","medical_deductions <  204.00 & rawben_rel_max >=    0.97 & utilities >= 1010.00","xgboost",89,0.92135,0.86103,109,102,0.9358,0.0114,0.0084,1.039,0.1475,0.9705,1.1
"2-3","cat_elig < 1.000 & elderly_disabled_i >= 1.000 & rawben_rel_max >= 0.874","xgboost",151,0.90728,0.86097,82,73,0.8902,0.0082,0.0061,0.782,0.1475,0.9705,1.1
"2-3","months_since_cert_n >=   5 & shelter_expenses_by_hh_size >= 155 & shelter_expenses_by_hh_size < 180 & total_deductions_by_hh_size >= 115","xgboost",107,0.91589,0.86085,63,53,0.8413,0.0059,0.0079,0.601,0.1475,0.9705,1.1
"2-3","months_since_cert_n <  5.0 & shelter_expenses_by_hh_size >= 12.3 & total_deductions_by_hh_size >= 63.3 & total_deductions_by_hh_size < 79.5","xgboost",185,0.9027,0.86084,92,80,0.8696,0.0089,0.0059,0.877,0.1475,0.9705,1.1
"2-3","shelter_expenses_by_hh_size >= 583.0000 & total_deductions_by_hh_size >= 105.0000 & total_deductions_by_hh_size < 503.0000 & unc_rawben_rel_max <   0.0106","xgboost",185,0.9027,0.86084,83,68,0.8193,0.0076,0.0154,0.791,0.1475,0.9705,1.1
"2-3","elderly_disabled_i <=   0.500 & rawben_rel_max <=   0.995 & shelter_expenses_by_hh_size <= 334.000 & unc_rawben_rel_max >   0.974","ranger",142,0.90845,0.86064,96,93,0.9688,0.0104,0.0024,0.915,0.1475,0.9705,1.1
"2-3","count_divisible_by_100 > 0.500 & unc_rawben_rel_max <= 0.142","ranger",70,0.92857,0.86044,39,32,0.8205,0.0036,0.0065,0.372,0.1475,0.9705,1.1
"2-3","months_since_cert_n <  22.0 & total_deductions_by_hh_size <  20.6 & utilities >= 445.0 & utilities < 577.0","xgboost",176,0.90341,0.86044,64,58,0.9062,0.0065,0.0043,0.61,0.1475,0.9705,1.1
"2-3","months_since_cert_n >  0.5 & utilities > 47.5 & utilities <= 51.5","ranger",70,0.92857,0.86044,56,48,0.8571,0.0054,0.0047,0.534,0.1475,0.9705,1.1
"2-3","medical_deductions >= 140.000 & rawben_rel_max <   0.242 & shelter_expenses_by_hh_size >= 104.000 & total_deductions_by_hh_size < 292.000","xgboost",184,0.90217,0.86011,67,62,0.9254,0.0069,0.0036,0.639,0.1475,0.9705,1.1
"2-3","expedited_i >   0.500 & percent_abawd >   0.417 & rawben_rel_max >   0.885 & shelter_expenses_by_hh_size <= 896.000","ranger",124,0.91129,0.86004,64,59,0.9219,0.0066,0.0052,0.61,0.1475,0.9705,1.1
"2-3","rawben_rel_max <   0.0523 & shelter_expenses_by_hh_size < 385.0000 & unc_rawben_rel_max <   0.2680 & utilities < 344.0000","xgboost",167,0.90419,0.86003,63,58,0.9206,0.0065,0.0037,0.601,0.1475,0.9705,1.1
"2-3","HH_size_n >   2.5 & homeless >   0.5 & shelter_expenses_by_hh_size <= 100.0","ranger",79,0.92405,0.85979,43,38,0.8837,0.0042,0.0029,0.41,0.1475,0.9705,1.1
"2-3","cat_elig <=  0.500 & percent_abawd <=  0.167 & total_deductions_by_hh_size > 31.400 & total_deductions_by_hh_size <= 52.900","ranger",79,0.92405,0.85979,41,36,0.878,0.004,0.0025,0.391,0.1475,0.9705,1.1
"2-3","elderly_disabled_i <    1.000 & rawben_rel_max >=    0.879 & shelter_expenses_by_hh_size >= 1060.000","xgboost",79,0.92405,0.85979,43,38,0.8837,0.0042,0.0048,0.41,0.1475,0.9705,1.1
"2-3","cat_elig <   2.00 & shelter_expenses_by_hh_size >= 814.00 & unc_rawben_rel_max >=   1.01 & unc_rawben_rel_max <   1.42","xgboost",115,0.91304,0.85978,101,94,0.9307,0.0105,0.0072,0.963,0.1475,0.9705,1.1
"2-3","count_divisible_by_100 >   0.5 & shelter_expenses_by_hh_size > 205.0 & shelter_expenses_by_hh_size <= 252.0","ranger",115,0.91304,0.85978,60,45,0.75,0.005,0.0087,0.572,0.1475,0.9705,1.1
"2-3","HH_size_n <  3.0 & married >=  1.0 & months_since_cert_n >= 11.0 & total_deductions_by_hh_size <  2.5","xgboost",141,0.9078,0.85969,75,74,0.9867,0.0083,2e-04,0.715,0.1475,0.9705,1.1
"2-3","rawben_rel_max >=   0.482 & total_deductions_by_hh_size >= 225.000 & unc_rawben_rel_max >=   1.070 & utilities >= 912.000","xgboost",141,0.9078,0.85969,160,140,0.875,0.0156,0.0196,1.525,0.1475,0.9705,1.1
"2-3","cat_elig <   1 & shelter_expenses_by_hh_size >= 300 & shelter_expenses_by_hh_size < 330 & total_deductions_by_hh_size < 181","xgboost",40,0.95,0.85966,25,21,0.84,0.0023,0.0029,0.238,0.1475,0.9705,1.1
"2-3","cat_elig <=   0.50 & count_divisible_by_100 <=   2.50 & shelter_expenses_by_hh_size > 195.00 & total_deductions_by_hh_size <=   2.95","ranger",40,0.95,0.85966,24,22,0.9167,0.0025,0.0012,0.229,0.1475,0.9705,1.1
"2-3","homeless >   0.5 & shelter_expenses_by_hh_size > 280.0 & total_deductions_by_hh_size > 162.0","ranger",40,0.95,0.85966,26,22,0.8462,0.0025,0.0026,0.248,0.1475,0.9705,1.1
"2-3","total_deductions_by_hh_size < 292.00 & unc_rawben_rel_max <   0.18 & utilities >= 534.00 & utilities < 645.00","xgboost",158,0.90506,0.8596,91,79,0.8681,0.0088,0.0069,0.867,0.1475,0.9705,1.1
"2-3","cat_elig <   1 & married >=   1 & utilities < 229","xgboost",106,0.91509,0.85959,48,45,0.9375,0.005,0.0018,0.458,0.1475,0.9705,1.1
"2-3","married <  1.000 & months_since_cert_n < 12.000 & total_deductions_by_hh_size < 25.000 & unc_rawben_rel_max <  0.259","xgboost",200,0.9,0.85959,105,100,0.9524,0.0112,0.0028,1.001,0.1475,0.9705,1.1
"2-3","months_since_cert_n >   5.5 & shelter_expenses_by_hh_size > 535.0 & total_deductions_by_hh_size <= 221.0","ranger",200,0.9,0.85959,124,107,0.8629,0.012,0.011,1.182,0.1475,0.9705,1.1
"2-3","cat_elig <=  0.5 & children_i <=  0.5 & elderly_disabled_i <=  0.5 & utilities <= 22.0","ranger",88,0.92045,0.85952,40,37,0.925,0.0041,0.0021,0.381,0.1475,0.9705,1
"2-3","cat_elig >  2.5 & children_i >  0.5 & total_deductions_by_hh_size <= 29.8","ranger",88,0.92045,0.85952,0,0,NA,0,0,0,0.1475,0.9705,1
"2-3","cat_elig >=    2 & total_deductions_by_hh_size <  324 & utilities >= 1010","xgboost",88,0.92045,0.85952,2,2,1,2e-04,0,0.019,0.1475,0.9705,1
"2-3","cat_elig >=  3.0 & elderly_disabled_i <  1.0 & shelter_expenses_by_hh_size < 93.5 & total_deductions_by_hh_size < 72.3","xgboost",88,0.92045,0.85952,0,0,NA,0,0,0,0.1475,0.9705,1
"2-3","elderly_disabled_i > 0.500 & expedited_i > 0.500 & rawben_rel_max > 0.997 & unc_rawben_rel_max <= 1.560","ranger",88,0.92045,0.85952,50,46,0.92,0.0051,0.0027,0.477,0.1475,0.9705,1
"2-3","elderly_disabled_i >   0.500 & married >   0.500 & shelter_expenses_by_hh_size <= 332.000 & unc_rawben_rel_max >   0.997","ranger",97,0.91753,0.85948,44,40,0.9091,0.0045,0.003,0.419,0.1475,0.9705,1
"2-3","rawben_rel_max >   0.998 & rawben_rel_max <=   0.999 & shelter_expenses_by_hh_size <= 331.000","ranger",29,0.96552,0.8593,3,3,1,3e-04,0,0.029,0.1475,0.9705,1
"2-3","shelter_expenses_by_hh_size >= 755 & shelter_expenses_by_hh_size < 884 & total_deductions_by_hh_size < 206","xgboost",29,0.96552,0.8593,5,5,1,6e-04,0,0.048,0.1475,0.9705,1
"2-3","HH_size_n <   3 & months_since_cert_n >=   4 & total_deductions_by_hh_size < 225 & utilities >= 707","xgboost",149,0.90604,0.85916,47,39,0.8298,0.0044,0.0054,0.448,0.1475,0.9705,1
"2-3","HH_size_n <=   2.5 & homeless >   0.5 & utilities <= 140.0","ranger",191,0.90052,0.85911,101,93,0.9208,0.0104,0.0053,0.963,0.1475,0.9705,1
"2-3","cat_elig <= 0.5 & expedited_i > 0.5 & married > 0.5","ranger",50,0.94,0.85905,26,23,0.8846,0.0026,0.0017,0.248,0.1475,0.9705,1
"2-3","cat_elig >= 3 & HH_size_n >= 3 & months_since_cert_n >= 4","xgboost",50,0.94,0.85905,0,0,NA,0,0,0,0.1475,0.9705,1
"2-3","cat_elig >=   2.000 & rawben_rel_max <   0.890 & shelter_expenses_by_hh_size < 276.000 & unc_rawben_rel_max <   0.155","xgboost",123,0.91057,0.85894,6,6,1,7e-04,0,0.057,0.1475,0.9705,1
"2-3","elderly_disabled_i >   0.500 & medical_deductions > 274.000 & total_deductions_by_hh_size <= 348.000 & unc_rawben_rel_max <=   0.974","ranger",123,0.91057,0.85894,63,59,0.9365,0.0066,0.0028,0.601,0.1475,0.9705,1
"2-3","cat_elig >  0.500 & unc_rawben_rel_max <=  0.127 & utilities <= 58.500","ranger",182,0.9011,0.85861,83,75,0.9036,0.0084,0.0063,0.791,0.1475,0.9705,1
"2-3","total_deductions_by_hh_size >=  48.40 & total_deductions_by_hh_size < 111.00 & unc_rawben_rel_max >=   1.05 & utilities >=  28.00","xgboost",69,0.92754,0.85852,31,27,0.871,0.003,0.0024,0.296,0.1475,0.9705,1
"2-3","cat_elig <   1.00 & married >=   1.00 & rawben_rel_max <   0.77 & total_deductions_by_hh_size < 254.00","xgboost",190,0.9,0.85839,102,88,0.8627,0.0098,0.0064,0.972,0.1475,0.9705,1
"2-3","homeless >   0.5 & total_deductions_by_hh_size <= 467.0 & utilities >  22.0","ranger",105,0.91429,0.8583,59,55,0.9322,0.0061,0.0016,0.562,0.1475,0.9705,1
"2-3","total_deductions_by_hh_size >=  2.5 & total_deductions_by_hh_size < 10.8 & utilities < 70.0","xgboost",131,0.9084,0.85827,73,64,0.8767,0.0071,0.0042,0.696,0.1475,0.9705,1
"2-3","months_since_cert_n >=  2.00000 & months_since_cert_n <  4.00000 & rawben_rel_max <  0.16600 & unc_rawben_rel_max < -0.00871","xgboost",148,0.90541,0.85824,62,56,0.9032,0.0063,0.0045,0.591,0.1475,0.9705,1
"2-3","medical_deductions > 274.0 & total_deductions_by_hh_size >  22.8 & total_deductions_by_hh_size <= 519.0","ranger",173,0.90173,0.85809,97,89,0.9175,0.0099,0.0053,0.925,0.1475,0.9705,1
"2-3","cat_elig <= 0.500 & count_divisible_by_100 > 0.500 & unc_rawben_rel_max > 0.997","ranger",96,0.91667,0.85808,57,54,0.9474,0.006,0.0032,0.543,0.1475,0.9705,1
"2-3","children_i <   1 & months_since_cert_n <   4 & shelter_expenses_by_hh_size >= 644 & unc_rawben_rel_max >=   1","xgboost",78,0.92308,0.85808,42,34,0.8095,0.0038,0.0082,0.4,0.1475,0.9705,1
"2-3","count_divisible_by_100 >=   1 & expedited_i <   1 & shelter_expenses_by_hh_size < 417 & utilities >= 600","xgboost",78,0.92308,0.85808,38,31,0.8158,0.0035,0.0055,0.362,0.1475,0.9705,1
"2-3","months_since_cert_n >=   4 & months_since_cert_n <   6 & utilities >= 956","xgboost",87,0.91954,0.85798,90,78,0.8667,0.0087,0.0107,0.858,0.1475,0.9705,1
"2-3","cat_elig <=   0.5 & expedited_i >   0.5 & months_since_cert_n >   1.5 & shelter_expenses_by_hh_size <= 138.0","ranger",181,0.90055,0.85786,81,78,0.963,0.0087,0.0019,0.772,0.1475,0.9705,1
"2-3","months_since_cert_n <  3.0 & total_deductions_by_hh_size >= 15.5 & total_deductions_by_hh_size < 34.5","xgboost",139,0.90647,0.85773,67,61,0.9104,0.0068,0.0037,0.639,0.1475,0.9705,1
"2-3","rawben_rel_max >=   0.996 & utilities >= 992.000","xgboost",139,0.90647,0.85773,147,135,0.9184,0.0151,0.0124,1.401,0.1475,0.9705,1
"2-3","cat_elig < 1.000 & elderly_disabled_i < 1.000 & percent_abawd >= 0.333","xgboost",113,0.9115,0.85739,62,52,0.8387,0.0058,0.0049,0.591,0.1475,0.9705,1
"2-3","homeless <   1.0000 & months_since_cert_n <   7.0000 & unc_rawben_rel_max <   0.0106 & utilities >= 577.0000","xgboost",113,0.9115,0.85739,67,58,0.8657,0.0065,0.0078,0.639,0.1475,0.9705,1
"2-3","months_since_cert_n >=  16 & total_deductions_by_hh_size < 165 & utilities <  31","xgboost",113,0.9115,0.85739,45,42,0.9333,0.0047,0.0017,0.429,0.1475,0.9705,1
"2-3","HH_size_n <=   2.500 & medical_deductions > 104.000 & medical_deductions <= 223.000 & rawben_rel_max <=   0.151","ranger",147,0.90476,0.85731,51,45,0.8824,0.005,0.0041,0.486,0.1475,0.9705,1
"2-3","count_divisible_by_100 >=   1 & expedited_i >=   1 & months_since_cert_n >=   5 & shelter_expenses_by_hh_size < 518","xgboost",59,0.9322,0.8573,32,27,0.8438,0.003,0.0038,0.305,0.1475,0.9705,1
"2-3","expedited_i > 0.5 & married > 0.5 & unc_rawben_rel_max > 1.3","ranger",59,0.9322,0.8573,28,23,0.8214,0.0026,0.0054,0.267,0.1475,0.9705,1
"2-3","children_i <=   0.500 & medical_deductions > 178.000 & rawben_rel_max <=   0.997 & total_deductions_by_hh_size <= 380.000","ranger",172,0.90116,0.85729,90,80,0.8889,0.0089,0.0058,0.858,0.1475,0.9705,1
"2-3","medical_deductions < 105 & months_since_cert_n >=  13 & shelter_expenses_by_hh_size < 144","xgboost",172,0.90116,0.85729,87,79,0.908,0.0088,0.0048,0.829,0.1475,0.9705,1
"2-3","rawben_rel_max >=    0.359 & shelter_expenses_by_hh_size <  900.000 & utilities >= 1010.000","xgboost",172,0.90116,0.85729,203,179,0.8818,0.02,0.0144,1.935,0.1475,0.9705,1
"2-3","married <   1.0000 & rawben_rel_max <   0.0436 & shelter_expenses_by_hh_size < 366.0000","xgboost",180,0.9,0.85709,3,2,0.6667,2e-04,0.0019,0.029,0.1475,0.9705,1
"2-3","rawben_rel_max >=   0.731 & shelter_expenses_by_hh_size >=  12.300 & shelter_expenses_by_hh_size < 113.000 & unc_rawben_rel_max >=   1.140","xgboost",104,0.91346,0.85699,45,38,0.8444,0.0042,0.0059,0.429,0.1475,0.9705,1
"2-3","homeless >=  1 & months_since_cert_n >=  3 & shelter_expenses_by_hh_size < 21","xgboost",155,0.90323,0.85697,82,74,0.9024,0.0083,0.0045,0.782,0.1475,0.9705,1
"2-3","cat_elig > 0.500 & count_divisible_by_100 <= 0.500 & homeless > 0.500 & total_deductions_by_hh_size <= 0.217","ranger",163,0.90184,0.85669,92,85,0.9239,0.0095,0.0046,0.877,0.1475,0.9705,1
"2-3","medical_deductions >= 151.000 & months_since_cert_n >=   5.000 & rawben_rel_max <   0.112 & shelter_expenses_by_hh_size >= 238.000","xgboost",95,0.91579,0.85665,52,50,0.9615,0.0056,0.0017,0.496,0.1475,0.9705,1
"2-3","shelter_expenses_by_hh_size < 550.0 & total_deductions_by_hh_size <   4.1 & utilities >= 475.0 & utilities < 560.0","xgboost",95,0.91579,0.85665,27,25,0.9259,0.0028,9e-04,0.257,0.1475,0.9705,1
"2-3","HH_size_n >   2.5 & married >   0.5 & total_deductions_by_hh_size <= 157.0 & utilities <=  80.5","ranger",171,0.90058,0.85648,104,95,0.9135,0.0106,0.0037,0.991,0.1475,0.9705,1
"2-3","HH_size_n >   2.5 & homeless >   0.5 & shelter_expenses_by_hh_size <= 120.0","ranger",86,0.9186,0.8564,45,40,0.8889,0.0045,0.0029,0.429,0.1475,0.9705,1
"2-3","cat_elig > 1.5 & children_i > 0.5 & homeless > 0.5 & months_since_cert_n <= 6.5","ranger",86,0.9186,0.8564,9,8,0.8889,9e-04,6e-04,0.086,0.1475,0.9705,1
"2-3","expedited_i >=  1 & months_since_cert_n >=  2 & months_since_cert_n <  3 & total_deductions_by_hh_size < 23","xgboost",146,0.90411,0.85636,69,66,0.9565,0.0074,0.0014,0.658,0.1475,0.9705,1
"2-3","months_since_cert_n >= 3.000 & months_since_cert_n < 4.000 & rawben_rel_max >= 0.548 & rawben_rel_max < 0.632","xgboost",146,0.90411,0.85636,83,67,0.8072,0.0075,0.0098,0.791,0.1475,0.9705,1
"2-3","cat_elig <=   0.5 & expedited_i >   0.5 & married >   0.5 & medical_deductions <= 104.0","ranger",49,0.93878,0.85635,25,22,0.88,0.0025,0.0017,0.238,0.1475,0.9705,1
"2-3","homeless >   0.500 & rawben_rel_max >   0.569 & total_deductions_by_hh_size > 138.000","ranger",49,0.93878,0.85635,30,27,0.9,0.003,0.0023,0.286,0.1475,0.9705,1
"2-3","medical_deductions <= 122.0 & shelter_expenses_by_hh_size > 412.0 & total_deductions_by_hh_size <=   2.9","ranger",49,0.93878,0.85635,22,22,1,0.0025,0,0.21,0.1475,0.9705,1
"2-3","medical_deductions >= 155 & shelter_expenses_by_hh_size < 262 & total_deductions_by_hh_size < 231","xgboost",49,0.93878,0.85635,24,21,0.875,0.0023,0.0011,0.229,0.1475,0.9705,1
"2-3","cat_elig <= 2.50 & homeless > 0.50 & married > 0.50 & rawben_rel_max > 0.34","ranger",39,0.94872,0.85632,29,26,0.8966,0.0029,0.0014,0.276,0.1475,0.9705,1
"2-3","elderly_disabled_i >   0.500 & months_since_cert_n >   5.500 & shelter_expenses_by_hh_size <= 326.000 & unc_rawben_rel_max >   0.997","ranger",77,0.92208,0.85632,35,30,0.8571,0.0034,0.0044,0.334,0.1475,0.9705,1
"2-3","expedited_i >  0.500 & percent_abawd >  0.167 & unc_rawben_rel_max >  1.000 & utilities > 22.000","ranger",77,0.92208,0.85632,36,32,0.8889,0.0036,0.0042,0.343,0.1475,0.9705,1
"2-3","homeless >= 1.00 & unc_rawben_rel_max >= 1.12","xgboost",39,0.94872,0.85632,17,17,1,0.0019,0,0.162,0.1475,0.9705,1
"2-3","months_since_cert_n >=  17.000 & rawben_rel_max <   0.146 & total_deductions_by_hh_size < 231.000 & utilities < 524.000","xgboost",77,0.92208,0.85632,25,23,0.92,0.0026,0.001,0.238,0.1475,0.9705,1
"2-3","rawben_rel_max >=   0.551 & unc_rawben_rel_max <   0.577 & utilities >= 651.000 & utilities < 789.000","xgboost",39,0.94872,0.85632,15,11,0.7333,0.0012,0.0024,0.143,0.1475,0.9705,1
"2-3","total_deductions_by_hh_size >=   2.50 & total_deductions_by_hh_size < 490.00 & unc_rawben_rel_max >=   1.49 & utilities >= 784.00","xgboost",39,0.94872,0.85632,4,2,0.5,2e-04,5e-04,0.038,0.1475,0.9705,1
"2-3","cat_elig <=   0.5 & total_deductions_by_hh_size > 345.0 & utilities > 471.0","ranger",103,0.91262,0.85566,23,22,0.9565,0.0025,2e-04,0.219,0.1475,0.9705,1
"2-3","cat_elig >   0.5 & medical_deductions >  17.5 & medical_deductions <= 122.0","ranger",103,0.91262,0.85566,42,40,0.9524,0.0045,7e-04,0.4,0.1475,0.9705,1
"2-3","expedited_i <=  0.500 & homeless >  0.500 & unc_rawben_rel_max >  0.998 & utilities <= 30.500","ranger",103,0.91262,0.85566,59,55,0.9322,0.0061,0.0021,0.562,0.1475,0.9705,1
"2-3","shelter_expenses_by_hh_size <  108.0 & total_deductions_by_hh_size >=   63.3 & utilities >=   42.0 & utilities < 1020.0","xgboost",170,0.9,0.85566,82,71,0.8659,0.0079,0.0071,0.782,0.1475,0.9705,1
"2-3","elderly_disabled_i <=  0.5 & HH_size_n >  2.5 & months_since_cert_n <=  0.5 & total_deductions_by_hh_size <= 29.9","ranger",120,0.90833,0.85554,76,71,0.9342,0.0079,0.0047,0.724,0.1475,0.9705,1
"2-3","shelter_expenses_by_hh_size < 734.00 & unc_rawben_rel_max >=   1.42 & utilities >= 714.00","xgboost",153,0.90196,0.85516,83,75,0.9036,0.0084,0.0045,0.791,0.1475,0.9705,1
"2-3","cat_elig <= 0.500 & children_i > 0.500 & married > 0.500 & rawben_rel_max > 0.997","ranger",58,0.93103,0.85498,24,21,0.875,0.0023,0.0023,0.229,0.1475,0.9705,1
"2-3","medical_deductions > 122.000 & medical_deductions <= 148.000 & rawben_rel_max <=   0.182 & shelter_expenses_by_hh_size <= 518.000","ranger",58,0.93103,0.85498,18,15,0.8333,0.0017,0.0013,0.172,0.1475,0.9705,1
"2-3","months_since_cert_n >=  12.000 & rawben_rel_max <   0.176 & total_deductions_by_hh_size < 517.000 & utilities < 469.000","xgboost",111,0.90991,0.85492,54,48,0.8889,0.0054,0.0045,0.515,0.1475,0.9705,1
"2-3","married > 0.500 & months_since_cert_n > 6.500 & months_since_cert_n <= 8.500 & unc_rawben_rel_max > 0.996","ranger",85,0.91765,0.85478,41,35,0.8537,0.0039,0.0054,0.391,0.1475,0.9705,1
"2-3","rawben_rel_max <   0.214 & total_deductions_by_hh_size >=  63.300 & total_deductions_by_hh_size < 394.000 & utilities >= 852.000","xgboost",85,0.91765,0.85478,51,44,0.8627,0.0049,0.0057,0.486,0.1475,0.9705,1
"2-3","cat_elig <  1.000 & children_i <  1.000 & months_since_cert_n >= 11.000 & rawben_rel_max >=  0.434","xgboost",28,0.96429,0.85475,22,20,0.9091,0.0022,9e-04,0.21,0.1475,0.9705,1
"2-3","cat_elig <=   0.500 & medical_deductions <= 223.000 & percent_abawd >   0.583 & utilities <=  78.500","ranger",28,0.96429,0.85475,12,11,0.9167,0.0012,4e-04,0.114,0.1475,0.9705,1
"2-3","cat_elig <= 0.5 & expedited_i > 0.5 & HH_size_n <= 2.5 & married > 0.5","ranger",28,0.96429,0.85475,17,14,0.8235,0.0016,0.0017,0.162,0.1475,0.9705,1
"2-3","children_i <=  0.500 & count_divisible_by_100 <=  0.500 & months_since_cert_n > 27.500 & rawben_rel_max <=  0.182","ranger",28,0.96429,0.85475,12,9,0.75,0.001,0.0019,0.114,0.1475,0.9705,1
"2-3","rawben_rel_max <   0.525 & shelter_expenses_by_hh_size >= 727.000 & total_deductions_by_hh_size < 290.000 & utilities >= 757.000","xgboost",28,0.96429,0.85475,15,15,1,0.0017,0,0.143,0.1475,0.9705,1
"2-3","rawben_rel_max <=   0.999 & shelter_expenses_by_hh_size <= 310.000 & unc_rawben_rel_max >   0.998","ranger",28,0.96429,0.85475,3,3,1,3e-04,0,0.029,0.1475,0.9705,1
"2-3","married >=   1.0000 & shelter_expenses_by_hh_size >= 525.0000 & total_deductions_by_hh_size < 588.0000 & unc_rawben_rel_max <  -0.0566","xgboost",136,0.90441,0.8547,69,63,0.913,0.007,0.0053,0.658,0.1475,0.9705,1
"2-3","cat_elig <= 0.500 & elderly_disabled_i > 0.500 & months_since_cert_n <= 6.500 & unc_rawben_rel_max > 0.972","ranger",67,0.92537,0.85451,34,31,0.9118,0.0035,0.0011,0.324,0.1475,0.9705,1
"2-3","cat_elig <= 1.5 & HH_size_n > 2.5 & homeless > 0.5","ranger",67,0.92537,0.85451,60,53,0.8833,0.0059,0.0035,0.572,0.1475,0.9705,1
"2-3","elderly_disabled_i <   1.000 & months_since_cert_n <   9.000 & unc_rawben_rel_max >=   0.849 & utilities >= 912.000","xgboost",144,0.90278,0.85443,178,161,0.9045,0.018,0.0158,1.697,0.1475,0.9705,1
"2-3","expedited_i <=   0.500 & medical_deductions > 138.000 & months_since_cert_n >   7.500 & rawben_rel_max <=   0.177","ranger",119,0.90756,0.85437,49,44,0.898,0.0049,0.0029,0.467,0.1475,0.9705,1
"2-3","elderly_disabled_i >    0.500 & expedited_i >    0.500 & rawben_rel_max >    0.997 & utilities <= 1020.000","ranger",102,0.91176,0.8543,60,51,0.85,0.0057,0.0078,0.572,0.1475,0.9705,1
"2-3","months_since_cert_n >  5.5 & total_deductions_by_hh_size >  3.3 & total_deductions_by_hh_size <= 45.8 & utilities <= 30.5","ranger",102,0.91176,0.8543,62,55,0.8871,0.0061,0.0033,0.591,0.1475,0.9705,1
"2-3","months_since_cert_n >=  19.000 & rawben_rel_max >=   0.701 & total_deductions_by_hh_size < 236.000 & unc_rawben_rel_max >=   0.636","xgboost",102,0.91176,0.8543,32,28,0.875,0.0031,0.0016,0.305,0.1475,0.9705,1
"2-3","married >   0.500 & medical_deductions > 296.000 & medical_deductions <= 650.000 & rawben_rel_max <=   0.997","ranger",152,0.90132,0.85423,66,54,0.8182,0.006,0.0059,0.629,0.1475,0.9705,1
"2-3","HH_size_n <   3 & total_deductions_by_hh_size < 256 & utilities >= 770","xgboost",160,0.9,0.85409,67,55,0.8209,0.0061,0.0071,0.639,0.1475,0.9705,1
"2-3","count_divisible_by_100 <=   0.5 & medical_deductions <= 134.0 & utilities >  44.5 & utilities <=  48.5","ranger",127,0.90551,0.85396,90,65,0.7222,0.0073,0.0168,0.858,0.1475,0.9705,1
"2-3","months_since_cert_n >=  12.000 & rawben_rel_max <   0.176 & total_deductions_by_hh_size < 517.000 & utilities >= 469.000","xgboost",127,0.90551,0.85396,51,45,0.8824,0.005,0.004,0.486,0.1475,0.9705,1
"2-3","percent_abawd <  0.75 & total_deductions_by_hh_size >= 13.30 & total_deductions_by_hh_size < 18.40","xgboost",127,0.90551,0.85396,74,66,0.8919,0.0074,0.0064,0.705,0.1475,0.9705,1
"2-3","count_divisible_by_100 <=   0.5 & HH_size_n >   2.5 & homeless >   0.5 & shelter_expenses_by_hh_size <= 280.0","ranger",93,0.91398,0.85369,58,52,0.8966,0.0058,0.0032,0.553,0.1475,0.9705,1
"2-3","count_divisible_by_100 >= 1.0 & months_since_cert_n >= 3.0 & rawben_rel_max >= 0.9 & total_deductions_by_hh_size < 2.5","xgboost",93,0.91398,0.85369,27,19,0.7037,0.0021,0.0037,0.257,0.1475,0.9705,1
"2-3","elderly_disabled_i <=  0.5 & expedited_i >  0.5 & months_since_cert_n <=  0.5 & utilities <= 22.0","ranger",93,0.91398,0.85369,57,50,0.8772,0.0056,0.0066,0.543,0.1475,0.9705,1
"2-3","cat_elig <  1 & married >=  1 & total_deductions_by_hh_size < 40","xgboost",110,0.90909,0.85365,53,50,0.9434,0.0056,0.001,0.505,0.1475,0.9705,1
"2-3","medical_deductions >  34.5 & medical_deductions <= 124.0","ranger",110,0.90909,0.85365,51,48,0.9412,0.0054,0.0012,0.486,0.1475,0.9705,1
"2-3","months_since_cert_n >  14.500 & shelter_expenses_by_hh_size > 216.000 & shelter_expenses_by_hh_size <= 285.000 & unc_rawben_rel_max <=   0.924","ranger",110,0.90909,0.85365,44,36,0.8182,0.004,0.0043,0.419,0.1475,0.9705,1
"2-3","children_i <= 0.500 & count_divisible_by_100 > 0.500 & elderly_disabled_i <= 0.500 & unc_rawben_rel_max > 0.971","ranger",48,0.9375,0.85355,11,10,0.9091,0.0011,5e-04,0.105,0.1475,0.9705,1
"2-3","elderly_disabled_i <= 0.500 & homeless > 0.500 & months_since_cert_n <= 3.500 & unc_rawben_rel_max <= 0.997","ranger",48,0.9375,0.85355,31,26,0.8387,0.0029,0.0032,0.296,0.1475,0.9705,1
"2-3","expedited_i <= 0.500 & homeless > 0.500 & months_since_cert_n > 2.500 & percent_abawd <= 0.833","ranger",151,0.90066,0.8533,79,70,0.8861,0.0078,0.0053,0.753,0.1475,0.9705,1
"2-3","medical_deductions >  11.5 & medical_deductions <= 122.0","ranger",118,0.90678,0.85318,55,52,0.9455,0.0058,0.0012,0.524,0.1475,0.9705,1
"2-3","rawben_rel_max >=   0.936 & shelter_expenses_by_hh_size >= 488.000 & total_deductions_by_hh_size < 452.000 & utilities >= 912.000","xgboost",118,0.90678,0.85318,145,130,0.8966,0.0145,0.0171,1.382,0.1475,0.9705,1
"2-3","cat_elig <=   0.500 & months_since_cert_n >   3.500 & rawben_rel_max <=   0.997 & utilities > 490.000","ranger",84,0.91667,0.85313,27,26,0.963,0.0029,2e-04,0.257,0.1475,0.9705,1
"2-3","cat_elig <   1.000 & percent_abawd >=   0.333 & unc_rawben_rel_max <   1.230 & utilities < 875.000","xgboost",126,0.90476,0.85285,100,85,0.85,0.0095,0.0079,0.953,0.1475,0.9705,1
"2-3","married >=   1.0000 & rawben_rel_max <   0.0640 & unc_rawben_rel_max <   0.0106 & utilities >= 580.0000","xgboost",126,0.90476,0.85285,75,65,0.8667,0.0073,0.0076,0.715,0.1475,0.9705,1
"2-3","months_since_cert_n >=  17 & months_since_cert_n <  24 & shelter_expenses_by_hh_size < 306 & utilities >=  28","xgboost",126,0.90476,0.85285,76,61,0.8026,0.0068,0.0067,0.724,0.1475,0.9705,1
"2-3","medical_deductions >= 218 & months_since_cert_n <   4 & utilities >= 487","xgboost",38,0.94737,0.85283,16,11,0.6875,0.0012,0.0054,0.153,0.1475,0.9705,1
"2-3","percent_abawd >   0.167 & total_deductions_by_hh_size <= 543.000 & unc_rawben_rel_max >   0.836 & utilities > 880.000","ranger",38,0.94737,0.85283,32,28,0.875,0.0031,0.0027,0.305,0.1475,0.9705,1
"2-3","elderly_disabled_i >   0.500 & shelter_expenses_by_hh_size <= 252.000 & total_deductions_by_hh_size <=  12.500 & unc_rawben_rel_max >   0.996","ranger",75,0.92,0.85268,46,43,0.9348,0.0048,0.004,0.439,0.1475,0.9705,1
"2-3","rawben_rel_max <   0.989 & shelter_expenses_by_hh_size >= 428.000 & total_deductions_by_hh_size <  42.300","xgboost",75,0.92,0.85268,35,33,0.9429,0.0037,7e-04,0.334,0.1475,0.9705,1
"2-3","homeless >= 1.00 & unc_rawben_rel_max >= 1.11","xgboost",134,0.90299,0.85261,76,74,0.9737,0.0083,0.0016,0.724,0.1475,0.9705,1
"2-3","children_i <   1.000 & percent_abawd >=   0.333 & shelter_expenses_by_hh_size >= 342.000 & shelter_expenses_by_hh_size < 390.000","xgboost",57,0.92982,0.85258,35,32,0.9143,0.0036,0.0027,0.334,0.1475,0.9705,1
"2-3","elderly_disabled_i <   1 & shelter_expenses_by_hh_size >= 330 & shelter_expenses_by_hh_size < 338 & utilities >= 469","xgboost",57,0.92982,0.85258,26,24,0.9231,0.0027,0.0012,0.248,0.1475,0.9705,1
"2-3","elderly_disabled_i > 0.500 & expedited_i > 0.500 & months_since_cert_n <= 2.500 & rawben_rel_max > 0.756","ranger",57,0.92982,0.85258,34,30,0.8824,0.0034,0.0022,0.324,0.1475,0.9705,1
"2-3","expedited_i >   0.500 & medical_deductions <= 148.000 & months_since_cert_n >  10.500 & unc_rawben_rel_max >   0.998","ranger",57,0.92982,0.85258,44,38,0.8636,0.0042,0.0054,0.419,0.1475,0.9705,1
"2-3","cat_elig <=   0.500 & percent_abawd >   0.167 & rawben_rel_max >   0.578 & shelter_expenses_by_hh_size > 218.000","ranger",66,0.92424,0.85243,47,41,0.8723,0.0046,0.0035,0.448,0.1475,0.9705,1
"2-3","months_since_cert_n <   8.000 & rawben_rel_max <   0.086 & utilities >= 819.000","xgboost",66,0.92424,0.85243,34,30,0.8824,0.0034,0.0034,0.324,0.1475,0.9705,1
"2-3","months_since_cert_n >=  4.00 & percent_abawd <  0.75 & total_deductions_by_hh_size >= 13.30 & total_deductions_by_hh_size < 18.40","xgboost",66,0.92424,0.85243,40,35,0.875,0.0039,0.0047,0.381,0.1475,0.9705,1
"2-3","elderly_disabled_i <   1 & utilities >= 370 & utilities < 376","xgboost",109,0.90826,0.85236,186,160,0.8602,0.0179,0.0176,1.773,0.1475,0.9705,1
"2-3","expedited_i <= 0.500 & homeless > 0.500 & months_since_cert_n <= 5.500 & rawben_rel_max > 0.918","ranger",109,0.90826,0.85236,63,58,0.9206,0.0065,0.0027,0.601,0.1475,0.9705,1
"2-3","homeless >  0.5 & utilities > 25.5","ranger",109,0.90826,0.85236,61,56,0.918,0.0063,0.0023,0.582,0.1475,0.9705,1
"2-3","shelter_expenses_by_hh_size >= 398.00 & total_deductions_by_hh_size >= 346.00 & total_deductions_by_hh_size < 452.00 & unc_rawben_rel_max >=   1.23","xgboost",109,0.90826,0.85236,53,44,0.8302,0.0049,0.0046,0.505,0.1475,0.9705,1
"2-3","children_i <= 0.500 & count_divisible_by_100 > 0.500 & rawben_rel_max > 0.838 & unc_rawben_rel_max <= 1.470","ranger",92,0.91304,0.85217,38,35,0.9211,0.0039,0.0029,0.362,0.1475,0.9705,1
"2-3","cat_elig >=   2.000 & rawben_rel_max <   0.294 & total_deductions_by_hh_size <  56.300 & utilities >= 361.000","xgboost",133,0.90226,0.85154,7,6,0.8571,7e-04,4e-04,0.067,0.1475,0.9705,1
"2-3","rawben_rel_max <  0.0523 & utilities < 59.0000","xgboost",133,0.90226,0.85154,61,53,0.8689,0.0059,0.0063,0.582,0.1475,0.9705,1
"2-3","unc_rawben_rel_max >=   1.1 & utilities >= 770.0 & utilities < 789.0","xgboost",100,0.91,0.85151,0,0,NA,0,0,0,0.1475,0.9705,1
"2-3","married >   0.500 & unc_rawben_rel_max >   0.997 & utilities >  22.000 & utilities <= 340.000","ranger",83,0.91566,0.85145,24,18,0.75,0.002,0.0057,0.229,0.1475,0.9705,1
"2-3","months_since_cert_n <   4.0 & shelter_expenses_by_hh_size < 140.0 & total_deductions_by_hh_size >=  81.5 & utilities >= 344.0","xgboost",83,0.91566,0.85145,57,47,0.8246,0.0053,0.0117,0.543,0.1475,0.9705,1
"2-3","months_since_cert_n >= 7.0000 & months_since_cert_n < 9.0000 & rawben_rel_max < 0.0479","xgboost",83,0.91566,0.85145,63,56,0.8889,0.0063,0.0063,0.601,0.1475,0.9705,1
"2-3","HH_size_n >  2.5 & homeless >  0.5 & months_since_cert_n <= 12.5","ranger",108,0.90741,0.85105,64,56,0.875,0.0063,0.0041,0.61,0.1475,0.9705,1
"2-3","cat_elig <= 2.5 & HH_size_n > 2.5 & homeless > 0.5","ranger",108,0.90741,0.85105,65,57,0.8769,0.0064,0.0041,0.62,0.1475,0.9705,1
"2-3","medical_deductions >= 264.000 & months_since_cert_n >=   2.000 & rawben_rel_max <   0.671 & total_deductions_by_hh_size < 331.000","xgboost",108,0.90741,0.85105,53,50,0.9434,0.0056,0.0025,0.505,0.1475,0.9705,1
"2-3","cat_elig <=   0.5 & count_divisible_by_100 >   0.5 & count_divisible_by_100 <=   1.5 & utilities <= 112.0","ranger",74,0.91892,0.85078,38,36,0.9474,0.004,6e-04,0.362,0.1475,0.9705,1
"2-3","children_i <=   0.500 & count_divisible_by_100 >   0.500 & rawben_rel_max >   0.942 & total_deductions_by_hh_size <= 553.000","ranger",74,0.91892,0.85078,22,19,0.8636,0.0021,0.0027,0.21,0.1475,0.9705,1
"2-3","months_since_cert_n >=   7.000 & rawben_rel_max <   0.312 & total_deductions_by_hh_size < 184.000 & utilities >= 612.000","xgboost",116,0.90517,0.85075,52,47,0.9038,0.0053,0.0029,0.496,0.1475,0.9705,1
"2-3","cat_elig <= 0.5 & expedited_i > 0.5 & married > 0.5 & percent_abawd <= 0.5","ranger",47,0.93617,0.85064,25,22,0.88,0.0025,0.0017,0.238,0.1475,0.9705,1
"2-3","months_since_cert_n <   1.000 & rawben_rel_max <   0.253 & shelter_expenses_by_hh_size >= 352.000 & total_deductions_by_hh_size < 195.000","xgboost",47,0.93617,0.85064,18,17,0.9444,0.0019,6e-04,0.172,0.1475,0.9705,1
"2-3","married >=  1.00 & months_since_cert_n <  8.00 & total_deductions_by_hh_size < 23.00 & unc_rawben_rel_max >=  1.11","xgboost",91,0.91209,0.85062,44,41,0.9318,0.0046,0.0013,0.419,0.1475,0.9705,1
"2-3","months_since_cert_n <   3 & shelter_expenses_by_hh_size < 284 & total_deductions_by_hh_size < 240 & utilities >= 601","xgboost",91,0.91209,0.85062,53,50,0.9434,0.0056,0.0014,0.505,0.1475,0.9705,1
"2-3","medical_deductions >= 168.000 & months_since_cert_n <   7.000 & rawben_rel_max <   0.726 & utilities >= 370.000","xgboost",124,0.90323,0.85056,63,51,0.8095,0.0057,0.0044,0.601,0.1475,0.9705,1
"2-3","children_i <=   0.500 & rawben_rel_max >   0.997 & shelter_expenses_by_hh_size <= 340.000 & total_deductions_by_hh_size > 253.000","ranger",65,0.92308,0.85028,27,23,0.8519,0.0026,0.0026,0.257,0.1475,0.9705,1
"2-3","months_since_cert_n <   3.00 & shelter_expenses_by_hh_size < 342.00 & unc_rawben_rel_max >=   1.42 & utilities < 724.00","xgboost",56,0.92857,0.8501,30,29,0.9667,0.0032,0.0015,0.286,0.1475,0.9705,1
"2-3","cat_elig <=   0.500 & months_since_cert_n >   6.500 & shelter_expenses_by_hh_size > 199.000 & unc_rawben_rel_max >   0.972","ranger",99,0.90909,0.85007,42,40,0.9524,0.0045,0.0018,0.4,0.1475,0.9705,1
"2-3","count_divisible_by_100 <=  0.5 & homeless >  0.5 & utilities > 22.0","ranger",99,0.90909,0.85007,56,53,0.9464,0.0059,0.0014,0.534,0.1475,0.9705,1
"2-3","months_since_cert_n <   1.00 & shelter_expenses_by_hh_size < 592.00 & unc_rawben_rel_max >=   1.25 & unc_rawben_rel_max <   1.38","xgboost",99,0.90909,0.85007,46,40,0.8696,0.0045,0.0048,0.439,0.1475,0.9705,1
"2-3","cat_elig <=   0.500 & percent_abawd >   0.167 & shelter_expenses_by_hh_size > 412.000","ranger",27,0.96296,0.84989,19,17,0.8947,0.0019,0.0012,0.181,0.1475,0.9705,1
"2-3","cat_elig <= 0.50 & count_divisible_by_100 <= 0.50 & homeless > 0.50 & unc_rawben_rel_max > 1.11","ranger",27,0.96296,0.84989,11,11,1,0.0012,0,0.105,0.1475,0.9705,1
"2-3","children_i <=   0.500 & months_since_cert_n >  13.500 & rawben_rel_max >   0.997 & shelter_expenses_by_hh_size <= 342.000","ranger",27,0.96296,0.84989,9,9,1,0.001,0,0.086,0.1475,0.9705,1
"2-3","elderly_disabled_i <=   0.500 & homeless >   0.500 & rawben_rel_max >   0.617 & shelter_expenses_by_hh_size > 252.000","ranger",27,0.96296,0.84989,25,24,0.96,0.0027,0.001,0.238,0.1475,0.9705,1
"2-3","expedited_i >   0.500 & shelter_expenses_by_hh_size >   4.830 & total_deductions_by_hh_size <= 100.000 & unc_rawben_rel_max >   0.989","ranger",82,0.91463,0.84972,39,36,0.9231,0.004,0.0033,0.372,0.1475,0.9705,1
"2-3","months_since_cert_n >=   1.00000 & shelter_expenses_by_hh_size < 579.00000 & unc_rawben_rel_max <  -0.00871 & utilities >= 601.00000","xgboost",82,0.91463,0.84972,47,44,0.9362,0.0049,0.0022,0.448,0.1475,0.9705,1
"2-3","shelter_expenses_by_hh_size >= 230.0 & shelter_expenses_by_hh_size < 271.0 & total_deductions_by_hh_size <  10.8 & utilities >= 385.0","xgboost",82,0.91463,0.84972,42,38,0.9048,0.0042,0.0029,0.4,0.1475,0.9705,1
"2-3","cat_elig >=   3.000 & unc_rawben_rel_max >=   0.898 & unc_rawben_rel_max <   1.340 & utilities < 452.000","xgboost",107,0.90654,0.84971,0,0,NA,0,0,0,0.1475,0.9705,1
"2-3","shelter_expenses_by_hh_size < 222.000 & unc_rawben_rel_max >=  -0.497 & utilities >= 450.000 & utilities < 469.000","xgboost",107,0.90654,0.84971,37,31,0.8378,0.0035,0.0048,0.353,0.1475,0.9705,1
"2-3","children_i >=   1.000 & shelter_expenses_by_hh_size >= 172.000 & total_deductions_by_hh_size <   8.300 & unc_rawben_rel_max <   0.277","xgboost",123,0.90244,0.84939,58,54,0.931,0.006,0.0014,0.553,0.1475,0.9705,1
"2-3","rawben_rel_max <   0.2790 & total_deductions_by_hh_size <  20.6000 & unc_rawben_rel_max <   0.0405 & utilities < 469.0000","xgboost",123,0.90244,0.84939,73,70,0.9589,0.0078,0.0017,0.696,0.1475,0.9705,1
"2-3","expedited_i >= 1.000 & months_since_cert_n < 1.000 & rawben_rel_max >= 0.967 & unc_rawben_rel_max >= 1.090","xgboost",131,0.90076,0.84935,78,72,0.9231,0.008,0.0051,0.744,0.1475,0.9705,1
"2-3","utilities >= 1020","xgboost",131,0.90076,0.84935,289,260,0.8997,0.029,0.0194,2.755,0.1475,0.9705,1
"2-3","count_divisible_by_100 > 0.500 & elderly_disabled_i > 0.500 & rawben_rel_max <= 0.142","ranger",37,0.94595,0.84916,19,14,0.7368,0.0016,0.0044,0.181,0.1475,0.9705,1
"2-3","expedited_i > 0.500 & HH_size_n > 2.500 & homeless > 0.500 & percent_abawd <= 0.833","ranger",37,0.94595,0.84916,20,20,1,0.0022,0,0.191,0.1475,0.9705,1
"2-3","expedited_i >   0.5 & married >   0.5 & shelter_expenses_by_hh_size <= 430.0 & utilities >  22.0","ranger",90,0.91111,0.84903,40,30,0.75,0.0034,0.0088,0.381,0.1475,0.9705,1
"2-3","HH_size_n <=  2.5 & homeless >  0.5 & utilities > 25.5","ranger",73,0.91781,0.84884,40,37,0.925,0.0041,0.0017,0.381,0.1475,0.9705,1
"2-3","shelter_expenses_by_hh_size >  13.6 & shelter_expenses_by_hh_size <= 295.0 & total_deductions_by_hh_size >  26.2 & total_deductions_by_hh_size <=  31.3","ranger",73,0.91781,0.84884,47,41,0.8723,0.0046,0.0034,0.448,0.1475,0.9705,1
"2-3","expedited_i <   1 & medical_deductions >= 220 & total_deductions_by_hh_size < 381 & utilities >= 452","xgboost",98,0.90816,0.8486,54,53,0.9815,0.0059,0.0013,0.515,0.1475,0.9705,1
"2-3","married <   1.0000 & rawben_rel_max <   0.0640 & unc_rawben_rel_max <   0.0106 & utilities >= 580.0000","xgboost",106,0.90566,0.84835,66,57,0.8636,0.0064,0.0096,0.629,0.1475,0.9705,1
"2-3","months_since_cert_n >=   1.00000 & shelter_expenses_by_hh_size >= 579.00000 & unc_rawben_rel_max <  -0.00871 & utilities >= 601.00000","xgboost",106,0.90566,0.84835,63,54,0.8571,0.006,0.009,0.601,0.1475,0.9705,1
"2-3","total_deductions_by_hh_size <  42.3000 & unc_rawben_rel_max <   0.0106 & utilities < 452.0000","xgboost",106,0.90566,0.84835,65,63,0.9692,0.007,0.0011,0.62,0.1475,0.9705,1
"2-3","cat_elig <   1 & count_divisible_by_100 >=   1 & expedited_i <   1 & utilities < 331","xgboost",114,0.90351,0.84823,50,47,0.94,0.0053,9e-04,0.477,0.1475,0.9705,1
"2-3","shelter_expenses_by_hh_size >= 342 & total_deductions_by_hh_size <  40 & utilities >= 361","xgboost",130,0.9,0.84823,70,67,0.9571,0.0075,0.0015,0.667,0.1475,0.9705,1
"2-3","total_deductions_by_hh_size >=   63.3 & utilities >= 1020.0","xgboost",130,0.9,0.84823,282,253,0.8972,0.0283,0.0194,2.688,0.1475,0.9705,1
"2-3","medical_deductions >= 123.000 & rawben_rel_max <   0.632 & shelter_expenses_by_hh_size < 490.000 & utilities >= 445.000","xgboost",122,0.90164,0.8482,53,48,0.9057,0.0054,0.0017,0.505,0.1475,0.9705,1
"2-3","months_since_cert_n <= 1.500 & percent_abawd > 0.167 & percent_abawd <= 1.750 & rawben_rel_max > 0.996","ranger",122,0.90164,0.8482,85,76,0.8941,0.0085,0.0071,0.81,0.1475,0.9705,1
"2-3","months_since_cert_n >=  17 & shelter_expenses_by_hh_size >= 306 & shelter_expenses_by_hh_size < 456 & utilities >= 415","xgboost",122,0.90164,0.8482,46,42,0.913,0.0047,0.0028,0.439,0.1475,0.9705,1
"2-3","homeless >   0.5 & shelter_expenses_by_hh_size <= 945.0 & utilities > 360.0","ranger",64,0.92188,0.84806,40,37,0.925,0.0041,0.0013,0.381,0.1475,0.9705,1
"2-3","married >  0.500 & rawben_rel_max <=  0.752 & utilities > 45.500 & utilities <= 78.500","ranger",64,0.92188,0.84806,33,29,0.8788,0.0032,0.0017,0.315,0.1475,0.9705,1
"2-3","months_since_cert_n >= 5.000 & months_since_cert_n < 6.000 & rawben_rel_max < 0.595 & total_deductions_by_hh_size < 2.500","xgboost",64,0.92188,0.84806,44,41,0.9318,0.0046,0.0018,0.419,0.1475,0.9705,1
"2-3","cat_elig <=   0.500 & months_since_cert_n <=   3.500 & rawben_rel_max <=   0.997 & utilities > 490.000","ranger",81,0.91358,0.84795,12,12,1,0.0013,0,0.114,0.1475,0.9705,1
"2-3","elderly_disabled_i >  0.500 & percent_abawd <=  0.167 & rawben_rel_max >  0.898 & total_deductions_by_hh_size <= 60.000","ranger",81,0.91358,0.84795,44,40,0.9091,0.0045,0.0056,0.419,0.1475,0.9705,1
"2-3","elderly_disabled_i <   1.000 & rawben_rel_max >=   0.913 & shelter_expenses_by_hh_size >= 986.000 & unc_rawben_rel_max <   1.220","xgboost",46,0.93478,0.84761,21,20,0.9524,0.0022,8e-04,0.2,0.1475,0.9705,1
"2-3","elderly_disabled_i >   0.5 & medical_deductions <= 122.0 & shelter_expenses_by_hh_size > 412.0 & total_deductions_by_hh_size <=   2.9","ranger",46,0.93478,0.84761,21,21,1,0.0023,0,0.2,0.1475,0.9705,1
"2-3","elderly_disabled_i >  0.500 & months_since_cert_n >  6.500 & rawben_rel_max >  0.996 & utilities <= 30.500","ranger",46,0.93478,0.84761,20,19,0.95,0.0021,0.0013,0.191,0.1475,0.9705,1
"2-3","count_divisible_by_100 > 0.5 & expedited_i > 0.5 & months_since_cert_n > 5.5","ranger",55,0.92727,0.84754,30,23,0.7667,0.0026,0.0053,0.286,0.1475,0.9705,1
"2-3","months_since_cert_n <  2.0 & percent_abawd >=  0.5 & total_deductions_by_hh_size < 20.6","xgboost",55,0.92727,0.84754,40,38,0.95,0.0042,9e-04,0.381,0.1475,0.9705,1
"2-3","rawben_rel_max <   0.269 & utilities >= 992.000","xgboost",55,0.92727,0.84754,53,48,0.9057,0.0054,0.0048,0.505,0.1475,0.9705,1
"2-3","HH_size_n >  2.5 & homeless >  0.5 & months_since_cert_n >  0.5 & months_since_cert_n <= 12.5","ranger",97,0.90722,0.84711,56,51,0.9107,0.0057,0.0028,0.534,0.1475,0.9705,1
"2-3","expedited_i >=   1.000 & medical_deductions < 581.000 & rawben_rel_max >=   0.222 & utilities >= 875.000","xgboost",97,0.90722,0.84711,48,40,0.8333,0.0045,0.0064,0.458,0.1475,0.9705,1
"2-3","cat_elig <=   0.500 & elderly_disabled_i <=   0.500 & percent_abawd >   0.167 & shelter_expenses_by_hh_size <= 590.000","ranger",105,0.90476,0.84697,59,49,0.8305,0.0055,0.0049,0.562,0.1475,0.9705,1
"2-3","months_since_cert_n >=  9.0000 & rawben_rel_max <  0.0763 & total_deductions_by_hh_size < 92.9000 & unc_rawben_rel_max <  0.0106","xgboost",105,0.90476,0.84697,45,43,0.9556,0.0048,0.0012,0.429,0.1475,0.9705,1
"2-3","months_since_cert_n <=  1.500 & percent_abawd >  0.167 & total_deductions_by_hh_size <= 32.200","ranger",72,0.91667,0.84685,48,44,0.9167,0.0049,0.0025,0.458,0.1475,0.9705,1
"2-3","count_divisible_by_100 > 0.500 & rawben_rel_max <= 0.162","ranger",80,0.9125,0.84614,44,35,0.7955,0.0039,0.007,0.419,0.1475,0.9705,1
"2-3","cat_elig <  1 & children_i <  1 & months_since_cert_n >=  5 & total_deductions_by_hh_size < 45","xgboost",63,0.92063,0.84579,27,26,0.963,0.0029,2e-04,0.257,0.1475,0.9705,1
"2-3","cat_elig <   2.00 & expedited_i >=   1.00 & unc_rawben_rel_max >=   1.34 & utilities >= 488.00","xgboost",120,0.9,0.84576,64,55,0.8594,0.0061,0.0079,0.61,0.1475,0.9705,1
"2-3","medical_deductions >= 180 & months_since_cert_n <  11 & total_deductions_by_hh_size < 324","xgboost",120,0.9,0.84576,63,56,0.8889,0.0063,0.0039,0.601,0.1475,0.9705,1
"2-3","cat_elig <=   0.50 & total_deductions_by_hh_size >   2.95 & total_deductions_by_hh_size <=  22.40 & utilities <= 476.00","ranger",88,0.90909,0.84575,46,39,0.8478,0.0044,0.0034,0.439,0.1475,0.9705,1
"2-3","HH_size_n > 2.5 & homeless > 0.5","ranger",112,0.90179,0.84562,65,57,0.8769,0.0064,0.0041,0.62,0.1475,0.9705,1
"2-3","cat_elig < 2.000 & HH_size_n >= 3.000 & rawben_rel_max >= 0.166 & rawben_rel_max < 0.235","xgboost",112,0.90179,0.84562,86,65,0.7558,0.0073,0.008,0.82,0.1475,0.9705,1
"2-3","married >= 1.000 & percent_abawd < 0.333 & unc_rawben_rel_max >= 1.190 & unc_rawben_rel_max < 1.340","xgboost",112,0.90179,0.84562,87,77,0.8851,0.0086,0.0116,0.829,0.1475,0.9705,1
"2-3","children_i <= 0.500 & count_divisible_by_100 > 0.500 & unc_rawben_rel_max > 0.878","ranger",96,0.90625,0.84558,38,33,0.8684,0.0037,0.005,0.362,0.1475,0.9705,1
"2-3","months_since_cert_n >=   4 & months_since_cert_n <   5 & shelter_expenses_by_hh_size < 204 & utilities >= 376","xgboost",96,0.90625,0.84558,47,43,0.9149,0.0048,0.0027,0.448,0.1475,0.9705,1
"2-3","cat_elig >=   2 & months_since_cert_n >=  19 & shelter_expenses_by_hh_size < 825 & total_deductions_by_hh_size < 145","xgboost",104,0.90385,0.84555,9,8,0.8889,9e-04,8e-04,0.086,0.1475,0.9705,1
"2-3","medical_deductions < 137.0000 & months_since_cert_n >=  14.0000 & rawben_rel_max <   0.0763","xgboost",104,0.90385,0.84555,45,38,0.8444,0.0042,0.0058,0.429,0.1475,0.9705,1
"2-3","HH_size_n <=   2.50 & medical_deductions > 144.00 & months_since_cert_n >  12.50 & unc_rawben_rel_max <=  -0.14","ranger",36,0.94444,0.8453,5,4,0.8,4e-04,9e-04,0.048,0.1475,0.9705,1
"2-3","cat_elig >   2.500 & HH_size_n >   2.500 & rawben_rel_max >   0.996 & total_deductions_by_hh_size <= 197.000","ranger",36,0.94444,0.8453,0,0,NA,0,0,0,0.1475,0.9705,1
"2-3","count_divisible_by_100 >   0.500 & elderly_disabled_i >   0.500 & rawben_rel_max <=   0.139 & total_deductions_by_hh_size <= 581.000","ranger",36,0.94444,0.8453,18,14,0.7778,0.0016,0.0034,0.172,0.1475,0.9705,1
"2-3","elderly_disabled_i <= 0.500 & homeless > 0.500 & rawben_rel_max <= 0.918 & utilities > 9.500","ranger",36,0.94444,0.8453,26,23,0.8846,0.0026,0.0016,0.248,0.1475,0.9705,1
"2-3","months_since_cert_n >=  5.000 & rawben_rel_max <  0.411 & shelter_expenses_by_hh_size < 17.500 & total_deductions_by_hh_size < 61.500","xgboost",36,0.94444,0.8453,26,23,0.8846,0.0026,0.0017,0.248,0.1475,0.9705,1
"2-3","cat_elig <   1.00 & shelter_expenses_by_hh_size >= 424.00 & shelter_expenses_by_hh_size < 825.00 & unc_rawben_rel_max >=   1.35","xgboost",71,0.91549,0.8448,34,33,0.9706,0.0037,6e-04,0.324,0.1475,0.9705,1
"2-3","elderly_disabled_i <=   0.5 & homeless >   0.5 & shelter_expenses_by_hh_size > 100.0","ranger",71,0.91549,0.8448,51,46,0.902,0.0051,0.0029,0.486,0.1475,0.9705,1
"2-3","months_since_cert_n >=  7.000 & months_since_cert_n <  8.000 & rawben_rel_max <  0.817 & total_deductions_by_hh_size < 31.500","xgboost",71,0.91549,0.8448,41,37,0.9024,0.0041,0.0017,0.391,0.1475,0.9705,1
"2-3","percent_abawd >   0.167 & rawben_rel_max >   0.838 & unc_rawben_rel_max <=   1.580 & utilities > 851.000","ranger",71,0.91549,0.8448,43,36,0.8372,0.004,0.0053,0.41,0.1475,0.9705,1
"2-3","count_divisible_by_100 > 0.500 & months_since_cert_n <= 4.500 & unc_rawben_rel_max <= 0.142","ranger",45,0.93333,0.84446,20,17,0.85,0.0019,0.0025,0.191,0.1475,0.9705,0.9
"2-3","rawben_rel_max <=   0.166 & shelter_expenses_by_hh_size > 353.000 & unc_rawben_rel_max >  -0.428 & utilities <= 230.000","ranger",45,0.93333,0.84446,19,15,0.7895,0.0017,0.0019,0.181,0.1475,0.9705,0.9
"2-3","HH_size_n >=   3 & homeless >=   1 & shelter_expenses_by_hh_size < 638","xgboost",111,0.9009,0.84429,65,57,0.8769,0.0064,0.0041,0.62,0.1475,0.9705,0.9
"2-3","HH_size_n >=   3 & homeless >=   1 & shelter_expenses_by_hh_size < 644 & utilities <  31","xgboost",79,0.91139,0.84429,45,39,0.8667,0.0044,0.0035,0.429,0.1475,0.9705,0.9
"2-3","cat_elig <=   0.5 & count_divisible_by_100 >   0.5 & utilities <= 112.0","ranger",79,0.91139,0.84429,40,38,0.95,0.0042,6e-04,0.381,0.1475,0.9705,0.9
"2-3","cat_elig >  2.500 & married <=  0.500 & rawben_rel_max >  0.886 & utilities <= 80.500","ranger",87,0.90805,0.84406,0,0,NA,0,0,0,0.1475,0.9705,0.9
"2-3","count_divisible_by_100 >   0.500 & shelter_expenses_by_hh_size > 107.000 & unc_rawben_rel_max <=   0.205","ranger",95,0.90526,0.84403,59,45,0.7627,0.005,0.0087,0.562,0.1475,0.9705,0.9
"2-3","expedited_i <    1 & shelter_expenses_by_hh_size <  918 & utilities >= 1020","xgboost",95,0.90526,0.84403,233,211,0.9056,0.0236,0.013,2.221,0.1475,0.9705,0.9
"2-3","medical_deductions >=   5.000 & rawben_rel_max <   0.242 & total_deductions_by_hh_size >= 292.000 & total_deductions_by_hh_size < 517.000","xgboost",62,0.91935,0.84344,35,29,0.8286,0.0032,0.0029,0.334,0.1475,0.9705,0.9
"2-3","rawben_rel_max <    0.852 & utilities >= 1020.000","xgboost",62,0.91935,0.84344,156,136,0.8718,0.0152,0.0105,1.487,0.1475,0.9705,0.9
"2-3","HH_size_n <=  2.5 & homeless >  0.5 & medical_deductions <= 65.0 & utilities > 25.5","ranger",70,0.91429,0.8427,40,37,0.925,0.0041,0.0017,0.381,0.1475,0.9705,0.9
"2-3","elderly_disabled_i > 0.50 & total_deductions_by_hh_size <= 1.05 & unc_rawben_rel_max > 1.02","ranger",70,0.91429,0.8427,45,42,0.9333,0.0047,0.004,0.429,0.1475,0.9705,0.9
"2-3","medical_deductions >= 305 & shelter_expenses_by_hh_size >= 118 & total_deductions_by_hh_size < 357 & utilities < 610","xgboost",70,0.91429,0.8427,25,23,0.92,0.0026,0.001,0.238,0.1475,0.9705,0.9
"2-3","months_since_cert_n <   1.000 & rawben_rel_max <   0.338 & total_deductions_by_hh_size < 378.000 & utilities >= 496.000","xgboost",70,0.91429,0.8427,39,32,0.8205,0.0036,0.0033,0.372,0.1475,0.9705,0.9
"2-3","homeless >  0.5 & months_since_cert_n <=  8.5 & utilities > 22.0","ranger",94,0.90426,0.84244,49,44,0.898,0.0049,0.0023,0.467,0.1475,0.9705,0.9
"2-3","rawben_rel_max <=   0.17 & shelter_expenses_by_hh_size > 250.00 & total_deductions_by_hh_size <= 531.00 & utilities <=  78.50","ranger",94,0.90426,0.84244,33,28,0.8485,0.0031,0.0039,0.315,0.1475,0.9705,0.9
"2-3","cat_elig <   1.0 & unc_rawben_rel_max >=   1.1 & utilities >=  28.0 & utilities < 284.0","xgboost",78,0.91026,0.84239,11,11,1,0.0012,0,0.105,0.1475,0.9705,0.9
"2-3","months_since_cert_n >=   4.000 & rawben_rel_max >=   0.954 & total_deductions_by_hh_size >= 425.000 & total_deductions_by_hh_size < 466.000","xgboost",78,0.91026,0.84239,21,16,0.7619,0.0018,0.0042,0.2,0.1475,0.9705,0.9
"2-3","shelter_expenses_by_hh_size < 583.0000 & total_deductions_by_hh_size < 503.0000 & unc_rawben_rel_max <   0.0106 & utilities >= 612.0000","xgboost",78,0.91026,0.84239,56,52,0.9286,0.0058,0.0031,0.534,0.1475,0.9705,0.9
"2-3","HH_size_n >   2.5 & homeless >   0.5 & shelter_expenses_by_hh_size <= 252.0 & total_deductions_by_hh_size <= 119.0","ranger",86,0.90698,0.84233,51,46,0.902,0.0051,0.0029,0.486,0.1475,0.9705,0.9
"2-3","cat_elig >   2.500 & rawben_rel_max >   0.931 & shelter_expenses_by_hh_size <= 382.000 & utilities <=  80.500","ranger",86,0.90698,0.84233,0,0,NA,0,0,0,0.1475,0.9705,0.9
"2-3","cat_elig >=  2 & married >=  1 & months_since_cert_n <  4 & utilities < 44","xgboost",86,0.90698,0.84233,6,5,0.8333,6e-04,4e-04,0.057,0.1475,0.9705,0.9
"2-3","shelter_expenses_by_hh_size < 155.0 & total_deductions_by_hh_size >=  92.9 & utilities >= 415.0 & utilities < 445.0","xgboost",86,0.90698,0.84233,46,38,0.8261,0.0042,0.0039,0.439,0.1475,0.9705,0.9
"2-3","shelter_expenses_by_hh_size < 281 & total_deductions_by_hh_size >= 221 & total_deductions_by_hh_size < 259 & utilities < 302","xgboost",86,0.90698,0.84233,41,34,0.8293,0.0038,0.0063,0.391,0.1475,0.9705,0.9
"2-3","cat_elig <=   0.5 & married >   0.5 & medical_deductions <= 610.0 & shelter_expenses_by_hh_size <=  70.8","ranger",53,0.92453,0.84214,30,29,0.9667,0.0032,4e-04,0.286,0.1475,0.9705,0.9
"2-3","count_divisible_by_100 >= 1.000 & expedited_i >= 1.000 & months_since_cert_n >= 6.000 & rawben_rel_max >= 0.434","xgboost",53,0.92453,0.84214,29,22,0.7586,0.0025,0.0053,0.276,0.1475,0.9705,0.9
"2-3","months_since_cert_n <   4.000 & total_deductions_by_hh_size >= 533.000 & unc_rawben_rel_max >=   0.998 & unc_rawben_rel_max <   1.290","xgboost",53,0.92453,0.84214,21,18,0.8571,0.002,0.0026,0.2,0.1475,0.9705,0.9
"2-3","count_divisible_by_100 >   0.5 & shelter_expenses_by_hh_size <= 270.0 & utilities > 580.0","ranger",35,0.94286,0.84124,9,7,0.7778,8e-04,9e-04,0.086,0.1475,0.9705,0.9
"2-3","expedited_i >   0.5 & HH_size_n >   2.5 & homeless >   0.5 & total_deductions_by_hh_size <= 161.0","ranger",35,0.94286,0.84124,19,19,1,0.0021,0,0.181,0.1475,0.9705,0.9
"2-3","homeless >  0.500 & rawben_rel_max >  0.997 & total_deductions_by_hh_size > 55.000","ranger",35,0.94286,0.84124,20,20,1,0.0022,0,0.191,0.1475,0.9705,0.9
"2-3","cat_elig >=  1.0 & children_i <  1.0 & months_since_cert_n >= 12.0 & shelter_expenses_by_hh_size < 17.5","xgboost",44,0.93182,0.84117,22,22,1,0.0025,0,0.21,0.1475,0.9705,0.9
"2-3","medical_deductions > 138.000 & rawben_rel_max <=   0.996 & shelter_expenses_by_hh_size <= 252.000 & unc_rawben_rel_max <=   0.308","ranger",44,0.93182,0.84117,16,13,0.8125,0.0015,0.0011,0.153,0.1475,0.9705,0.9
"2-3","total_deductions_by_hh_size < 208.000 & unc_rawben_rel_max <   0.748 & utilities >= 956.000","xgboost",44,0.93182,0.84117,30,29,0.9667,0.0032,5e-04,0.286,0.1475,0.9705,0.9
"2-3","months_since_cert_n >= 21.000 & total_deductions_by_hh_size >=  8.300 & unc_rawben_rel_max <  0.277","xgboost",101,0.90099,0.84116,41,33,0.8049,0.0037,0.0042,0.391,0.1475,0.9705,0.9
"2-3","total_deductions_by_hh_size < 176.000 & unc_rawben_rel_max <   0.557 & utilities >= 529.000 & utilities < 560.000","xgboost",101,0.90099,0.84116,39,34,0.8718,0.0038,0.0021,0.372,0.1475,0.9705,0.9
"2-3","cat_elig <=   0.500 & count_divisible_by_100 >   0.500 & unc_rawben_rel_max >   0.997 & utilities > 160.000","ranger",61,0.91803,0.84102,36,33,0.9167,0.0037,0.0032,0.343,0.1475,0.9705,0.9
"2-3","expedited_i >   0.500 & percent_abawd >   0.167 & shelter_expenses_by_hh_size > 331.000 & unc_rawben_rel_max >   0.901","ranger",61,0.91803,0.84102,28,26,0.9286,0.0029,0.002,0.267,0.1475,0.9705,0.9
"2-3","homeless >=   1 & medical_deductions <   7 & total_deductions_by_hh_size < 533 & utilities >= 361","xgboost",61,0.91803,0.84102,40,37,0.925,0.0041,0.0013,0.381,0.1475,0.9705,0.9
"2-3","months_since_cert_n <   1.000 & rawben_rel_max >=   0.954 & utilities >= 524.000 & utilities < 676.000","xgboost",61,0.91803,0.84102,31,30,0.9677,0.0034,8e-04,0.296,0.1475,0.9705,0.9
"2-3","cat_elig <=   1.500 & homeless >   0.500 & rawben_rel_max <=   0.997 & utilities <= 611.000","ranger",85,0.90588,0.84056,71,60,0.8451,0.0067,0.0067,0.677,0.1475,0.9705,0.9
"2-3","expedited_i >  0.5 & married >  0.5 & total_deductions_by_hh_size <= 30.9 & utilities <= 49.0","ranger",77,0.90909,0.84044,57,56,0.9825,0.0063,2e-04,0.543,0.1475,0.9705,0.9
"2-3","shelter_expenses_by_hh_size >= 1120 & total_deductions_by_hh_size <  408 & utilities <  875","xgboost",52,0.92308,0.8393,25,20,0.8,0.0022,0.0037,0.238,0.1475,0.9705,0.9
"2-3","cat_elig <=   0.500 & shelter_expenses_by_hh_size <= 852.000 & unc_rawben_rel_max <=   0.154","ranger",25,0.96,0.83912,7,7,1,8e-04,0,0.067,0.1475,0.9705,0.9
"2-3","cat_elig <= 0.5 & homeless > 0.5 & months_since_cert_n > 2.5 & months_since_cert_n <= 7.5","ranger",25,0.96,0.83912,13,13,1,0.0015,0,0.124,0.1475,0.9705,0.9
"2-3","cat_elig <= 0.50 & count_divisible_by_100 <= 0.50 & homeless > 0.50 & unc_rawben_rel_max <= 1.11","ranger",25,0.96,0.83912,16,16,1,0.0018,0,0.153,0.1475,0.9705,0.9
"2-3","cat_elig <= 1.500 & count_divisible_by_100 > 0.500 & elderly_disabled_i > 0.500 & rawben_rel_max <= 0.142","ranger",25,0.96,0.83912,19,14,0.7368,0.0016,0.0044,0.181,0.1475,0.9705,0.9
"2-3","months_since_cert_n <= 5.500 & rawben_rel_max > 0.997 & rawben_rel_max <= 0.999","ranger",25,0.96,0.83912,10,9,0.9,0.001,0.0017,0.095,0.1475,0.9705,0.9
"2-3","percent_abawd >   0.167 & shelter_expenses_by_hh_size > 480.000 & shelter_expenses_by_hh_size <= 494.000","ranger",25,0.96,0.83912,15,11,0.7333,0.0012,0.0042,0.143,0.1475,0.9705,0.9
"2-3","cat_elig >=   2.00 & total_deductions_by_hh_size < 188.00 & unc_rawben_rel_max >=   1.19 & utilities >= 361.00","xgboost",84,0.90476,0.83876,6,6,1,7e-04,0,0.057,0.1475,0.9705,0.9
"2-3","married >=   1 & months_since_cert_n >=  12 & months_since_cert_n <  19 & shelter_expenses_by_hh_size < 256","xgboost",84,0.90476,0.83876,43,39,0.907,0.0044,0.002,0.41,0.1475,0.9705,0.9
"2-3","cat_elig <=   0.500 & percent_abawd <=   0.167 & shelter_expenses_by_hh_size > 252.000 & shelter_expenses_by_hh_size <= 265.000","ranger",60,0.91667,0.83852,27,26,0.963,0.0029,2e-04,0.257,0.1475,0.9705,0.9
"2-3","expedited_i <=   0.500 & medical_deductions > 128.000 & months_since_cert_n >  11.500 & rawben_rel_max <=   0.153","ranger",60,0.91667,0.83852,29,26,0.8966,0.0029,0.0022,0.276,0.1475,0.9705,0.9
"2-3","cat_elig <= 0.5 & married > 0.5 & months_since_cert_n > 1.5 & total_deductions_by_hh_size <= 2.5","ranger",68,0.91176,0.83832,26,25,0.9615,0.0028,2e-04,0.248,0.1475,0.9705,0.9
"2-3","rawben_rel_max <   0.534 & utilities >= 770.000 & utilities < 784.000","xgboost",68,0.91176,0.83832,0,0,NA,0,0,0,0.1475,0.9705,0.9
"2-3","cat_elig <=   0.500 & elderly_disabled_i >   0.500 & percent_abawd >   0.167 & shelter_expenses_by_hh_size <= 590.000","ranger",43,0.93023,0.83774,45,40,0.8889,0.0045,0.0029,0.429,0.1475,0.9705,0.9
"2-3","cat_elig <=  0.500 & expedited_i <=  0.500 & percent_abawd >  0.167 & utilities <= 38.500","ranger",43,0.93023,0.83774,28,27,0.9643,0.003,4e-04,0.267,0.1475,0.9705,0.9
"2-3","expedited_i <=   0.5 & homeless >   0.5 & total_deductions_by_hh_size >  62.0 & utilities > 404.0","ranger",43,0.93023,0.83774,27,25,0.9259,0.0028,7e-04,0.257,0.1475,0.9705,0.9
"2-3","cat_elig >=  3.000 & percent_abawd <  0.667 & total_deductions_by_hh_size < 25.000","xgboost",91,0.9011,0.83748,0,0,NA,0,0,0,0.1475,0.9705,0.9
"2-3","cat_elig <   1 & total_deductions_by_hh_size >= 192 & total_deductions_by_hh_size < 199","xgboost",34,0.94118,0.83696,14,12,0.8571,0.0013,7e-04,0.133,0.1475,0.9705,0.9
"2-3","expedited_i <=   0.500 & months_since_cert_n <=   5.500 & percent_abawd >   0.167 & utilities > 884.000","ranger",34,0.94118,0.83696,29,25,0.8621,0.0028,0.0035,0.276,0.1475,0.9705,0.9
"2-3","expedited_i >   0.5 & shelter_expenses_by_hh_size <= 353.0 & utilities >  54.5 & utilities <= 230.0","ranger",34,0.94118,0.83696,20,16,0.8,0.0018,0.0031,0.191,0.1475,0.9705,0.9
"2-3","homeless > 0.500 & married > 0.500 & percent_abawd <= 0.250 & rawben_rel_max > 0.527","ranger",34,0.94118,0.83696,17,16,0.9412,0.0018,7e-04,0.162,0.1475,0.9705,0.9
"2-3","married >=   1.000 & months_since_cert_n <   2.000 & rawben_rel_max >=   0.877 & total_deductions_by_hh_size >= 333.000","xgboost",83,0.90361,0.83691,34,29,0.8529,0.0032,0.0059,0.324,0.1475,0.9705,0.9
"2-3","months_since_cert_n <   6.0 & shelter_expenses_by_hh_size >= 281.0 & total_deductions_by_hh_size <  15.5 & utilities >= 412.0","xgboost",83,0.90361,0.83691,28,24,0.8571,0.0027,0.0021,0.267,0.1475,0.9705,0.9
"2-3","shelter_expenses_by_hh_size >= 222.0 & total_deductions_by_hh_size >=  34.5 & total_deductions_by_hh_size <  65.9 & utilities >= 511.0","xgboost",75,0.90667,0.8364,41,36,0.878,0.004,0.0027,0.391,0.1475,0.9705,0.9
"2-3","cat_elig <   1 & expedited_i >=   1 & shelter_expenses_by_hh_size >= 544 & shelter_expenses_by_hh_size < 857","xgboost",51,0.92157,0.83635,19,18,0.9474,0.002,6e-04,0.181,0.1475,0.9705,0.9
"2-3","cat_elig < 1.00 & percent_abawd >= 0.75","xgboost",51,0.92157,0.83635,27,23,0.8519,0.0026,0.0025,0.257,0.1475,0.9705,0.9
"2-3","cat_elig <= 0.500 & count_divisible_by_100 > 0.500 & HH_size_n > 2.500 & unc_rawben_rel_max > 0.941","ranger",51,0.92157,0.83635,29,27,0.931,0.003,0.0025,0.276,0.1475,0.9705,0.9
"2-3","count_divisible_by_100 >  0.500 & married >  0.500 & rawben_rel_max >  0.965 & utilities > 13.500","ranger",67,0.91045,0.83604,28,24,0.8571,0.0027,0.0059,0.267,0.1475,0.9705,0.9
"2-3","cat_elig <   1.00 & married <   1.00 & unc_rawben_rel_max >=   1.12 & utilities < 229.00","xgboost",59,0.91525,0.83595,25,25,1,0.0028,0,0.238,0.1475,0.9705,0.9
"2-3","months_since_cert_n >=  4.000 & rawben_rel_max <  0.122 & utilities < 28.000","xgboost",59,0.91525,0.83595,40,36,0.9,0.004,0.0029,0.381,0.1475,0.9705,0.9
"2-3","HH_size_n >   2.500 & percent_abawd >   0.167 & rawben_rel_max >   0.880 & utilities <= 354.000","ranger",90,0.9,0.83576,61,56,0.918,0.0063,0.004,0.582,0.1475,0.9705,0.9
"2-3","total_deductions_by_hh_size >= 401.00 & total_deductions_by_hh_size < 428.00 & unc_rawben_rel_max >=   0.96 & utilities >= 452.00","xgboost",90,0.9,0.83576,49,42,0.8571,0.0047,0.0087,0.467,0.1475,0.9705,0.9
"2-3","cat_elig <=    0.5 & married >    0.5 & medical_deductions <= 2570.0 & shelter_expenses_by_hh_size <=  135.0","ranger",82,0.90244,0.83501,42,39,0.9286,0.0044,0.0017,0.4,0.1475,0.9705,0.9
"2-3","cat_elig >=   3.000 & rawben_rel_max >=   0.194 & total_deductions_by_hh_size <   2.500 & utilities < 483.000","xgboost",82,0.90244,0.83501,0,0,NA,0,0,0,0.1475,0.9705,0.9
"2-3","elderly_disabled_i >  0.500 & rawben_rel_max >  0.894 & total_deductions_by_hh_size <= 27.000","ranger",82,0.90244,0.83501,50,47,0.94,0.0053,0.004,0.477,0.1475,0.9705,0.9
"2-3","shelter_expenses_by_hh_size >=  608.0000 & unc_rawben_rel_max >=   -0.0566 & utilities >= 1020.0000","xgboost",82,0.90244,0.83501,146,131,0.8973,0.0146,0.0116,1.392,0.1475,0.9705,0.9
"2-3","cat_elig < 3.0 & expedited_i >= 1.0 & married >= 1.0 & total_deductions_by_hh_size < 2.5","xgboost",74,0.90541,0.83431,60,59,0.9833,0.0066,2e-04,0.572,0.1475,0.9705,0.9
"2-3","months_since_cert_n <   5.00 & shelter_expenses_by_hh_size < 340.00 & total_deductions_by_hh_size >= 277.00 & unc_rawben_rel_max >=   1.45","xgboost",42,0.92857,0.83416,22,20,0.9091,0.0022,0.0031,0.21,0.1475,0.9705,0.9
"2-3","months_since_cert_n >=   8.000 & rawben_rel_max <   0.086 & utilities >= 819.000","xgboost",42,0.92857,0.83416,27,25,0.9259,0.0028,0.0017,0.257,0.1475,0.9705,0.9
"2-3","percent_abawd >=   0.750 & unc_rawben_rel_max >=   0.886 & utilities >= 612.000","xgboost",42,0.92857,0.83416,22,21,0.9545,0.0023,2e-04,0.21,0.1475,0.9705,0.9
"2-3","cat_elig <=  0.500 & count_divisible_by_100 >  0.500 & rawben_rel_max >  0.389 & utilities <= 48.500","ranger",66,0.90909,0.83369,31,30,0.9677,0.0034,2e-04,0.296,0.1475,0.9705,0.9
"2-3","percent_abawd >   0.167 & utilities > 880.000","ranger",66,0.90909,0.83369,60,50,0.8333,0.0056,0.0075,0.572,0.1475,0.9705,0.9
"2-3","cat_elig <   1 & married >=   1 & utilities >= 478","xgboost",58,0.91379,0.83329,13,12,0.9231,0.0013,2e-04,0.124,0.1475,0.9705,0.9
"2-3","children_i >=   1.0000 & rawben_rel_max <   0.0436 & utilities >= 688.0000","xgboost",50,0.92,0.83329,2,2,1,2e-04,0,0.019,0.1475,0.9705,0.9
"2-3","count_divisible_by_100 <=   0.500 & percent_abawd >   0.833 & total_deductions_by_hh_size > 300.000 & unc_rawben_rel_max >   0.998","ranger",50,0.92,0.83329,34,33,0.9706,0.0037,4e-04,0.324,0.1475,0.9705,0.9
"2-3","homeless > 0.500 & months_since_cert_n > 5.500 & unc_rawben_rel_max > 0.996","ranger",50,0.92,0.83329,35,35,1,0.0039,0,0.334,0.1475,0.9705,0.9
"2-3","HH_size_n >  2.500 & unc_rawben_rel_max <=  0.276 & utilities <= 56.500","ranger",81,0.90123,0.83308,29,22,0.7586,0.0025,0.0026,0.276,0.1475,0.9705,0.9
"2-3","children_i >  0.5 & homeless >  0.5 & utilities > 38.5","ranger",81,0.90123,0.83308,50,46,0.92,0.0051,0.0019,0.477,0.1475,0.9705,0.9
"2-3","count_divisible_by_100 > 0.500 & married > 0.500 & rawben_rel_max > 0.965","ranger",81,0.90123,0.83308,32,28,0.875,0.0031,0.0059,0.305,0.1475,0.9705,0.9
"2-3","months_since_cert_n >=  17 & shelter_expenses_by_hh_size >= 602 & total_deductions_by_hh_size < 343","xgboost",81,0.90123,0.83308,34,29,0.8529,0.0032,0.0028,0.324,0.1475,0.9705,0.9
"2-3","rawben_rel_max <   0.46600 & shelter_expenses_by_hh_size >= 654.00000 & unc_rawben_rel_max <  -0.00871 & utilities >= 612.00000","xgboost",81,0.90123,0.83308,47,38,0.8085,0.0042,0.009,0.448,0.1475,0.9705,0.9
"2-3","shelter_expenses_by_hh_size >= 522 & shelter_expenses_by_hh_size < 579 & total_deductions_by_hh_size < 155","xgboost",81,0.90123,0.83308,51,48,0.9412,0.0054,8e-04,0.486,0.1475,0.9705,0.9
"2-3","cat_elig <   1 & months_since_cert_n <   3 & total_deductions_by_hh_size >= 304 & total_deductions_by_hh_size < 336","xgboost",33,0.93939,0.83245,38,37,0.9737,0.0041,9e-04,0.362,0.1475,0.9705,0.9
"2-3","percent_abawd <   0.667 & rawben_rel_max <   0.235 & total_deductions_by_hh_size >= 179.000 & total_deductions_by_hh_size < 184.000","xgboost",33,0.93939,0.83245,13,11,0.8462,0.0012,8e-04,0.124,0.1475,0.9705,0.9
"2-3","cat_elig <   1 & children_i <   1 & months_since_cert_n <   2 & shelter_expenses_by_hh_size < 347","xgboost",73,0.90411,0.83215,45,40,0.8889,0.0045,0.0036,0.429,0.1475,0.9705,0.9
"2-3","cat_elig >   1.500 & months_since_cert_n >  15.500 & rawben_rel_max <=   0.997 & shelter_expenses_by_hh_size <= 293.000","ranger",73,0.90411,0.83215,12,7,0.5833,8e-04,0.0024,0.114,0.1475,0.9705,0.9
"2-3","medical_deductions <  204.000 & months_since_cert_n >=    3.000 & rawben_rel_max <    0.558 & utilities >= 1010.000","xgboost",73,0.90411,0.83215,77,68,0.8831,0.0076,0.0056,0.734,0.1475,0.9705,0.9
"2-3","shelter_expenses_by_hh_size < 385 & total_deductions_by_hh_size >= 143 & total_deductions_by_hh_size < 156 & utilities >= 475","xgboost",73,0.90411,0.83215,37,29,0.7838,0.0032,0.0043,0.353,0.1475,0.9705,0.9
"2-3","children_i <=   0.5 & elderly_disabled_i >   0.5 & medical_deductions >  27.5 & medical_deductions <= 128.0","ranger",80,0.9,0.83109,28,26,0.9286,0.0029,7e-04,0.267,0.1475,0.9705,0.9
"2-3","utilities > 47.5 & utilities <= 51.5","ranger",80,0.9,0.83109,66,57,0.8636,0.0064,0.0055,0.629,0.1475,0.9705,0.9
"2-3","cat_elig >=   3 & total_deductions_by_hh_size >= 206 & utilities >=  55","xgboost",57,0.91228,0.83054,0,0,NA,0,0,0,0.1475,0.9705,0.9
"2-3","expedited_i <=   0.500 & percent_abawd >   0.583 & utilities > 718.000","ranger",57,0.91228,0.83054,35,32,0.9143,0.0036,0.0016,0.334,0.1475,0.9705,0.9
"2-3","cat_elig <= 0.50 & HH_size_n <= 2.50 & percent_abawd > 0.75","ranger",49,0.91837,0.83012,24,21,0.875,0.0023,0.0015,0.229,0.1475,0.9705,0.9
"2-3","homeless >   0.500 & months_since_cert_n >   5.500 & shelter_expenses_by_hh_size <= 543.000 & unc_rawben_rel_max >   0.996","ranger",49,0.91837,0.83012,35,35,1,0.0039,0,0.334,0.1475,0.9705,0.9
"2-3","medical_deductions > 138.000 & percent_abawd <=   0.417 & shelter_expenses_by_hh_size <= 204.000","ranger",49,0.91837,0.83012,18,14,0.7778,0.0016,0.0018,0.172,0.1475,0.9705,0.9
"2-3","medical_deductions >=   6.0000 & rawben_rel_max <   0.0479 & shelter_expenses_by_hh_size < 314.0000 & total_deductions_by_hh_size < 378.0000","xgboost",49,0.91837,0.83012,16,15,0.9375,0.0017,6e-04,0.153,0.1475,0.9705,0.9
"2-3","count_divisible_by_100 >=   1.00 & shelter_expenses_by_hh_size < 395.00 & unc_rawben_rel_max >=   1.07 & utilities >= 488.00","xgboost",64,0.90625,0.82879,20,18,0.9,0.002,0.0028,0.191,0.1475,0.9705,0.9
"2-3","elderly_disabled_i > 0.50 & HH_size_n <= 2.50 & total_deductions_by_hh_size <= 1.05 & unc_rawben_rel_max > 1.02","ranger",64,0.90625,0.82879,40,37,0.925,0.0041,0.004,0.381,0.1475,0.9705,0.9
"2-3","medical_deductions <= 57.000 & months_since_cert_n > 20.500 & rawben_rel_max <=  0.154 & unc_rawben_rel_max <=  0.997","ranger",64,0.90625,0.82879,26,22,0.8462,0.0025,0.0021,0.248,0.1475,0.9705,0.9
"2-3","months_since_cert_n <  26.00 & percent_abawd >=   0.75 & utilities >= 612.00","xgboost",64,0.90625,0.82879,40,32,0.8,0.0036,0.006,0.381,0.1475,0.9705,0.9
"2-3","months_since_cert_n >=   9.000 & rawben_rel_max >=   0.793 & rawben_rel_max <   0.916 & shelter_expenses_by_hh_size < 122.000","xgboost",56,0.91071,0.8277,42,34,0.8095,0.0038,0.005,0.4,0.1475,0.9705,0.9
"2-3","months_since_cert_n >=  27.00 & shelter_expenses_by_hh_size < 417.00 & total_deductions_by_hh_size >=   5.67","xgboost",56,0.91071,0.8277,18,16,0.8889,0.0018,0.0014,0.172,0.1475,0.9705,0.9
"2-3","children_i >  0.5 & homeless >  0.5 & months_since_cert_n <=  7.5 & utilities > 30.5","ranger",71,0.90141,0.82768,41,37,0.9024,0.0041,0.0019,0.391,0.1475,0.9705,0.9
"2-3","months_since_cert_n <   1 & shelter_expenses_by_hh_size >= 368 & total_deductions_by_hh_size < 199","xgboost",71,0.90141,0.82768,36,33,0.9167,0.0037,0.0022,0.343,0.1475,0.9705,0.9
"2-3","count_divisible_by_100 > 0.500 & expedited_i > 0.500 & months_since_cert_n > 5.500 & percent_abawd <= 0.167","ranger",48,0.91667,0.82682,28,21,0.75,0.0023,0.0053,0.267,0.1475,0.9705,0.9
"2-3","elderly_disabled_i <=  0.5 & homeless >  0.5 & months_since_cert_n <=  5.5 & shelter_expenses_by_hh_size > 94.0","ranger",48,0.91667,0.82682,32,28,0.875,0.0031,0.0026,0.305,0.1475,0.9705,0.9
"2-3","total_deductions_by_hh_size < 216 & utilities >= 956","xgboost",48,0.91667,0.82682,84,79,0.9405,0.0088,0.0027,0.801,0.1475,0.9705,0.9
"2-3","cat_elig <= 0.5 & elderly_disabled_i > 0.5 & expedited_i > 0.5","ranger",40,0.925,0.82651,23,21,0.913,0.0023,0.0011,0.219,0.1475,0.9705,0.9
"2-3","cat_elig <= 1.5 & children_i <= 0.5 & homeless > 0.5 & months_since_cert_n > 1.5","ranger",40,0.925,0.82651,39,35,0.8974,0.0039,0.0022,0.372,0.1475,0.9705,0.9
"2-3","cat_elig >   1.5 & expedited_i >   0.5 & homeless >   0.5 & total_deductions_by_hh_size <= 468.0","ranger",40,0.925,0.82651,4,4,1,4e-04,0,0.038,0.1475,0.9705,0.9
"2-3","count_divisible_by_100 >   0.5 & months_since_cert_n >  15.5 & shelter_expenses_by_hh_size <= 551.0","ranger",40,0.925,0.82651,16,13,0.8125,0.0015,0.0011,0.153,0.1475,0.9705,0.9
"2-3","count_divisible_by_100 >   0.500 & total_deductions_by_hh_size > 444.000 & unc_rawben_rel_max >   0.997 & unc_rawben_rel_max <=   1.630","ranger",40,0.925,0.82651,18,16,0.8889,0.0018,0.0019,0.172,0.1475,0.9705,0.9
"2-3","percent_abawd >   0.167 & shelter_expenses_by_hh_size > 480.000 & shelter_expenses_by_hh_size <= 503.000","ranger",40,0.925,0.82651,26,20,0.7692,0.0022,0.0054,0.248,0.1475,0.9705,0.9
"2-3","cat_elig <   1.00 & shelter_expenses_by_hh_size >= 628.00 & shelter_expenses_by_hh_size < 714.00 & unc_rawben_rel_max <   1.45","xgboost",63,0.90476,0.82623,25,25,1,0.0028,0,0.238,0.1475,0.9705,0.8
"2-3","cat_elig >=   2.000 & months_since_cert_n >=   8.000 & rawben_rel_max <   0.166 & shelter_expenses_by_hh_size < 363.000","xgboost",63,0.90476,0.82623,1,1,1,1e-04,0,0.01,0.1475,0.9705,0.8
"2-3","expedited_i >=   1.00 & rawben_rel_max >=   1.00 & shelter_expenses_by_hh_size >= 708.00 & unc_rawben_rel_max >=   1.42","xgboost",63,0.90476,0.82623,28,20,0.7143,0.0022,0.0064,0.267,0.1475,0.9705,0.8
"2-3","children_i >=   1.0 & shelter_expenses_by_hh_size >= 271.0 & total_deductions_by_hh_size <   2.5","xgboost",70,0.9,0.82535,30,29,0.9667,0.0032,3e-04,0.286,0.1475,0.9705,0.8
"2-3","rawben_rel_max <   0.253 & utilities >= 956.000","xgboost",70,0.9,0.82535,63,58,0.9206,0.0065,0.0048,0.601,0.1475,0.9705,0.8
"2-3","rawben_rel_max >=   0.815 & total_deductions_by_hh_size >= 234.000 & total_deductions_by_hh_size < 238.000 & unc_rawben_rel_max <   1.400","xgboost",70,0.9,0.82535,40,35,0.875,0.0039,0.0044,0.381,0.1475,0.9705,0.8
"2-3","cat_elig >=   1 & homeless >=   1 & months_since_cert_n >=   2 & total_deductions_by_hh_size >= 162","xgboost",55,0.90909,0.82477,22,19,0.8636,0.0021,0.0022,0.21,0.1475,0.9705,0.8
"2-3","months_since_cert_n <   5.000 & rawben_rel_max <   0.153 & shelter_expenses_by_hh_size >= 238.000 & shelter_expenses_by_hh_size < 295.000","xgboost",55,0.90909,0.82477,31,28,0.9032,0.0031,0.0022,0.296,0.1475,0.9705,0.8
"2-3","percent_abawd >   0.833 & total_deductions_by_hh_size > 300.000 & unc_rawben_rel_max >   0.998","ranger",55,0.90909,0.82477,34,33,0.9706,0.0037,4e-04,0.324,0.1475,0.9705,0.8
"2-3","homeless >=   1 & shelter_expenses_by_hh_size >= 225 & total_deductions_by_hh_size < 606","xgboost",62,0.90323,0.82359,40,35,0.875,0.0039,0.0029,0.381,0.1475,0.9705,0.8
"2-3","medical_deductions > 128.000 & months_since_cert_n >  11.500 & rawben_rel_max <=   0.153","ranger",62,0.90323,0.82359,29,26,0.8966,0.0029,0.0022,0.276,0.1475,0.9705,0.8
"2-3","months_since_cert_n <   4 & shelter_expenses_by_hh_size >= 222 & shelter_expenses_by_hh_size < 238 & utilities < 288","xgboost",62,0.90323,0.82359,27,24,0.8889,0.0027,0.0014,0.257,0.1475,0.9705,0.8
"2-3","months_since_cert_n >=  18.0000 & shelter_expenses_by_hh_size >= 338.0000 & unc_rawben_rel_max >=  -0.7100 & unc_rawben_rel_max <   0.0405","xgboost",62,0.90323,0.82359,24,20,0.8333,0.0022,0.0035,0.229,0.1475,0.9705,0.8
"2-3","rawben_rel_max <   0.122 & shelter_expenses_by_hh_size < 599.000 & utilities >= 750.000","xgboost",62,0.90323,0.82359,23,19,0.8261,0.0021,0.0042,0.219,0.1475,0.9705,0.8
"2-3","cat_elig <=   0.500 & count_divisible_by_100 >   0.500 & unc_rawben_rel_max >   0.906 & utilities > 338.000","ranger",47,0.91489,0.82339,37,34,0.9189,0.0038,0.0032,0.353,0.1475,0.9705,0.8
"2-3","cat_elig <=   0.500 & medical_deductions > 122.000 & rawben_rel_max >   0.182 & shelter_expenses_by_hh_size > 269.000","ranger",47,0.91489,0.82339,31,24,0.7742,0.0027,0.0031,0.296,0.1475,0.9705,0.8
"2-3","children_i >  0.500 & percent_abawd >  0.417 & rawben_rel_max >  0.997 & utilities <= 33.500","ranger",47,0.91489,0.82339,38,35,0.9211,0.0039,0.003,0.362,0.1475,0.9705,0.8
"2-3","expedited_i >=   1 & months_since_cert_n >=  11 & total_deductions_by_hh_size < 128","xgboost",47,0.91489,0.82339,41,37,0.9024,0.0041,0.002,0.391,0.1475,0.9705,0.8
"2-3","medical_deductions > 140.000 & medical_deductions <= 182.000 & rawben_rel_max <=   0.177","ranger",47,0.91489,0.82339,19,18,0.9474,0.002,3e-04,0.181,0.1475,0.9705,0.8
"2-3","months_since_cert_n <   5 & shelter_expenses_by_hh_size >= 550 & shelter_expenses_by_hh_size < 588 & utilities >= 844","xgboost",47,0.91489,0.82339,30,28,0.9333,0.0031,4e-04,0.286,0.1475,0.9705,0.8
"2-3","months_since_cert_n <  3.000 & percent_abawd >=  0.333 & total_deductions_by_hh_size < 34.500 & unc_rawben_rel_max <  1.080","xgboost",47,0.91489,0.82339,37,33,0.8919,0.0037,0.002,0.353,0.1475,0.9705,0.8
"2-3","homeless >   0.500 & percent_abawd <=   1.750 & shelter_expenses_by_hh_size > 100.000 & unc_rawben_rel_max >   0.996","ranger",31,0.93548,0.82263,19,19,1,0.0021,0,0.181,0.1475,0.9705,0.8
"2-3","shelter_expenses_by_hh_size >= 664 & total_deductions_by_hh_size >= 250 & total_deductions_by_hh_size < 269","xgboost",31,0.93548,0.82263,23,18,0.7826,0.002,0.0017,0.219,0.1475,0.9705,0.8
"2-3","cat_elig <=   1.5 & HH_size_n <=   2.5 & homeless >   0.5 & utilities > 114.0","ranger",39,0.92308,0.82241,31,29,0.9355,0.0032,0.0011,0.296,0.1475,0.9705,0.8
"2-3","cat_elig <= 0.500 & count_divisible_by_100 <= 2.500 & percent_abawd > 0.583 & total_deductions_by_hh_size > 2.950","ranger",39,0.92308,0.82241,30,23,0.7667,0.0026,0.0041,0.286,0.1475,0.9705,0.8
"2-3","children_i <=   0.500 & count_divisible_by_100 >   0.500 & unc_rawben_rel_max >   0.878 & utilities > 488.000","ranger",39,0.92308,0.82241,19,16,0.8421,0.0018,0.0031,0.181,0.1475,0.9705,0.8
"2-3","expedited_i >   0.500 & months_since_cert_n >  10.500 & total_deductions_by_hh_size <= 335.000 & unc_rawben_rel_max <=   0.997","ranger",39,0.92308,0.82241,32,25,0.7812,0.0028,0.0043,0.305,0.1475,0.9705,0.8
"2-3","homeless >   0.5 & married >   0.5 & medical_deductions <= 575.0 & shelter_expenses_by_hh_size <= 252.0","ranger",39,0.92308,0.82241,25,23,0.92,0.0026,7e-04,0.238,0.1475,0.9705,0.8
"2-3","rawben_rel_max >=   0.482 & total_deductions_by_hh_size < 225.000 & unc_rawben_rel_max >=   1.070 & utilities >= 912.000","xgboost",39,0.92308,0.82241,36,34,0.9444,0.0038,0.0011,0.343,0.1475,0.9705,0.8
"2-3","months_since_cert_n >=   8 & months_since_cert_n <  15 & shelter_expenses_by_hh_size < 165 & utilities >= 425","xgboost",54,0.90741,0.82173,26,21,0.8077,0.0023,0.005,0.248,0.1475,0.9705,0.8
"2-3","total_deductions_by_hh_size >=  45.0 & total_deductions_by_hh_size <  61.5 & utilities >= 503.0","xgboost",54,0.90741,0.82173,31,27,0.871,0.003,0.0021,0.296,0.1475,0.9705,0.8
"2-3","children_i <   1 & shelter_expenses_by_hh_size >= 194 & shelter_expenses_by_hh_size < 210 & utilities >= 361","xgboost",61,0.90164,0.82088,45,43,0.9556,0.0048,6e-04,0.429,0.1475,0.9705,0.8
"2-3","elderly_disabled_i >=   1 & total_deductions_by_hh_size >= 401 & total_deductions_by_hh_size < 709 & utilities >= 992","xgboost",61,0.90164,0.82088,71,56,0.7887,0.0063,0.0098,0.677,0.1475,0.9705,0.8
"2-3","married <   1.00 & unc_rawben_rel_max >=   1.49 & unc_rawben_rel_max <   1.55 & utilities >= 670.00","xgboost",61,0.90164,0.82088,3,2,0.6667,2e-04,6e-04,0.029,0.1475,0.9705,0.8
"2-3","shelter_expenses_by_hh_size < 118.00 & total_deductions_by_hh_size >=  85.00 & unc_rawben_rel_max >=   1.07 & utilities >=  31.00","xgboost",61,0.90164,0.82088,39,33,0.8462,0.0037,0.0071,0.372,0.1475,0.9705,0.8
"2-3","cat_elig <   1 & children_i <   1 & utilities >= 469 & utilities < 580","xgboost",53,0.90566,0.81858,0,0,NA,0,0,0,0.1475,0.9705,0.8
"2-3","cat_elig >=   1.000 & rawben_rel_max <   0.253 & total_deductions_by_hh_size >= 192.000 & total_deductions_by_hh_size < 199.000","xgboost",53,0.90566,0.81858,29,24,0.8276,0.0027,0.0022,0.276,0.1475,0.9705,0.8
"2-3","months_since_cert_n >=   1.000 & months_since_cert_n <   2.000 & rawben_rel_max >=   0.886 & total_deductions_by_hh_size >= 490.000","xgboost",53,0.90566,0.81858,25,22,0.88,0.0025,0.0034,0.238,0.1475,0.9705,0.8
"2-3","cat_elig <  2 & married <  1 & months_since_cert_n >= 19 & utilities < 28","xgboost",38,0.92105,0.81811,7,5,0.7143,6e-04,0.0013,0.067,0.1475,0.9705,0.8
"2-3","cat_elig <= 0.50 & HH_size_n <= 2.50 & months_since_cert_n <= 4.50 & percent_abawd > 0.75","ranger",38,0.92105,0.81811,22,20,0.9091,0.0022,0.0011,0.21,0.1475,0.9705,0.8
"2-3","count_divisible_by_100 >   1.500 & medical_deductions <= 138.000 & rawben_rel_max >   0.997 & unc_rawben_rel_max <=   1.290","ranger",38,0.92105,0.81811,16,12,0.75,0.0013,0.0054,0.153,0.1475,0.9705,0.8
"2-3","months_since_cert_n <   1.000 & rawben_rel_max >=   0.967 & shelter_expenses_by_hh_size < 506.000 & utilities >= 600.000","xgboost",60,0.9,0.81807,37,35,0.9459,0.0039,0.0019,0.353,0.1475,0.9705,0.8
"2-3","shelter_expenses_by_hh_size >= 794.00 & unc_rawben_rel_max >=   1.25 & utilities < 475.00","xgboost",60,0.9,0.81807,30,20,0.6667,0.0022,0.0094,0.286,0.1475,0.9705,0.8
"2-3","cat_elig > 1.500 & HH_size_n > 2.500 & homeless > 0.500 & unc_rawben_rel_max > 0.918","ranger",30,0.93333,0.81727,4,4,1,4e-04,0,0.038,0.1475,0.9705,0.8
"2-3","count_divisible_by_100 <=  0.5 & total_deductions_by_hh_size <= 40.0 & utilities > 33.5 & utilities <= 38.5","ranger",30,0.93333,0.81727,16,12,0.75,0.0013,0.0025,0.153,0.1475,0.9705,0.8
"2-3","cat_elig < 2.000 & children_i >= 1.000 & rawben_rel_max >= 0.146 & rawben_rel_max < 0.166","xgboost",45,0.91111,0.81611,36,34,0.9444,0.0038,0.0014,0.343,0.1475,0.9705,0.8
"2-3","cat_elig <=   0.500 & months_since_cert_n >   5.500 & shelter_expenses_by_hh_size > 397.000 & unc_rawben_rel_max >   0.997","ranger",45,0.91111,0.81611,17,15,0.8824,0.0017,0.0012,0.162,0.1475,0.9705,0.8
"2-3","cat_elig <= 2.5 & homeless > 0.5 & married > 0.5","ranger",45,0.91111,0.81611,30,27,0.9,0.003,0.0014,0.286,0.1475,0.9705,0.8
"2-3","cat_elig >   0.5 & cat_elig <=   1.5 & children_i <=   0.5 & utilities > 918.0","ranger",45,0.91111,0.81611,220,189,0.8591,0.0211,0.0206,2.097,0.1475,0.9705,0.8
"2-3","cat_elig >   0.5 & children_i >   0.5 & medical_deductions > 128.0 & shelter_expenses_by_hh_size <= 295.0","ranger",45,0.91111,0.81611,19,13,0.6842,0.0015,0.0028,0.181,0.1475,0.9705,0.8
"2-3","medical_deductions >= 125 & total_deductions_by_hh_size < 179 & utilities >= 610","xgboost",45,0.91111,0.81611,22,21,0.9545,0.0023,2e-04,0.21,0.1475,0.9705,0.8
"2-3","months_since_cert_n >= 3.000 & rawben_rel_max >= 0.288 & unc_rawben_rel_max >= 1.330 & unc_rawben_rel_max < 1.340","xgboost",45,0.91111,0.81611,182,153,0.8407,0.0171,0.0282,1.735,0.1475,0.9705,0.8
"2-3","cat_elig <=   2.500 & percent_abawd >   0.167 & shelter_expenses_by_hh_size > 264.000 & shelter_expenses_by_hh_size <= 293.000","ranger",52,0.90385,0.81533,41,30,0.7317,0.0034,0.0064,0.391,0.1475,0.9705,0.8
"2-3","homeless >   0.500 & months_since_cert_n >   5.500 & unc_rawben_rel_max >   0.816 & utilities <= 286.000","ranger",52,0.90385,0.81533,31,31,1,0.0035,0,0.296,0.1475,0.9705,0.8
"2-3","homeless >=   1 & total_deductions_by_hh_size >= 181","xgboost",52,0.90385,0.81533,32,27,0.8438,0.003,0.0032,0.305,0.1475,0.9705,0.8
"2-3","shelter_expenses_by_hh_size < 721.00 & total_deductions_by_hh_size < 147.00 & unc_rawben_rel_max >=   1.19 & utilities >= 385.00","xgboost",52,0.90385,0.81533,20,19,0.95,0.0021,8e-04,0.191,0.1475,0.9705,0.8
"2-3","cat_elig <=  0.5 & count_divisible_by_100 >  0.5 & HH_size_n >  2.5 & utilities <= 78.5","ranger",37,0.91892,0.8136,17,16,0.9412,0.0018,2e-04,0.162,0.1475,0.9705,0.8
"2-3","cat_elig <= 0.500 & count_divisible_by_100 <= 0.500 & HH_size_n > 2.500 & percent_abawd > 0.167","ranger",37,0.91892,0.8136,26,21,0.8077,0.0023,0.0028,0.248,0.1475,0.9705,0.8
"2-3","cat_elig <= 0.500 & percent_abawd > 0.417 & rawben_rel_max <= 0.773 & unc_rawben_rel_max <= 0.777","ranger",37,0.91892,0.8136,35,26,0.7429,0.0029,0.0052,0.334,0.1475,0.9705,0.8
"2-3","cat_elig >   0.500 & rawben_rel_max >   0.996 & rawben_rel_max <=   0.999 & shelter_expenses_by_hh_size <= 252.000","ranger",37,0.91892,0.8136,7,7,1,8e-04,0,0.067,0.1475,0.9705,0.8
"2-3","expedited_i >  0.500 & percent_abawd >  0.583 & rawben_rel_max >  0.846 & utilities > 37.500","ranger",37,0.91892,0.8136,14,12,0.8571,0.0013,0.002,0.133,0.1475,0.9705,0.8
"2-3","homeless > 0.50 & months_since_cert_n > 5.50 & shelter_expenses_by_hh_size > 7.25","ranger",37,0.91892,0.8136,22,21,0.9545,0.0023,3e-04,0.21,0.1475,0.9705,0.8
"2-3","cat_elig <   1.00 & shelter_expenses_by_hh_size >= 478.00 & unc_rawben_rel_max >=   1.38 & utilities < 478.00","xgboost",44,0.90909,0.81225,21,19,0.9048,0.0021,8e-04,0.2,0.1475,0.9705,0.8
"2-3","homeless >   0.500 & medical_deductions <= 128.000 & months_since_cert_n >   6.500 & rawben_rel_max >   0.916","ranger",44,0.90909,0.81225,30,30,1,0.0034,0,0.286,0.1475,0.9705,0.8
"2-3","medical_deductions >= 142.000 & rawben_rel_max <   0.207 & shelter_expenses_by_hh_size >= 670.000 & total_deductions_by_hh_size < 533.000","xgboost",44,0.90909,0.81225,22,18,0.8182,0.002,0.0018,0.21,0.1475,0.9705,0.8
"2-3","months_since_cert_n <   9.000 & percent_abawd >=   0.333 & unc_rawben_rel_max >=   1.190 & utilities < 339.000","xgboost",44,0.90909,0.81225,13,11,0.8462,0.0012,0.0028,0.124,0.1475,0.9705,0.8
"2-3","cat_elig <   1.000 & months_since_cert_n >=   3.000 & percent_abawd >=   0.333 & total_deductions_by_hh_size < 176.000","xgboost",51,0.90196,0.81195,26,23,0.8846,0.0026,0.0019,0.248,0.1475,0.9705,0.8
"2-3","cat_elig >   2.500 & HH_size_n <=   2.500 & rawben_rel_max >   0.996 & total_deductions_by_hh_size <= 197.000","ranger",51,0.90196,0.81195,0,0,NA,0,0,0,0.1475,0.9705,0.8
"2-3","married <   1 & medical_deductions >= 102 & shelter_expenses_by_hh_size < 312 & total_deductions_by_hh_size < 101","xgboost",51,0.90196,0.81195,16,13,0.8125,0.0015,0.0013,0.153,0.1475,0.9705,0.8
"2-3","married < 1.000 & months_since_cert_n < 2.000 & percent_abawd >= 0.667","xgboost",51,0.90196,0.81195,27,23,0.8519,0.0026,0.0023,0.257,0.1475,0.9705,0.8
"2-3","HH_size_n <=  2.500 & homeless >  0.500 & total_deductions_by_hh_size <= 55.000 & unc_rawben_rel_max <=  0.875","ranger",29,0.93103,0.81158,11,9,0.8182,0.001,0.0013,0.105,0.1475,0.9705,0.8
"2-3","cat_elig <= 0.5 & children_i <= 0.5 & medical_deductions > 5.0 & months_since_cert_n > 4.5","ranger",29,0.93103,0.81158,20,15,0.75,0.0017,0.002,0.191,0.1475,0.9705,0.8
"2-3","children_i >   0.500 & elderly_disabled_i >   0.500 & rawben_rel_max >   0.997 & total_deductions_by_hh_size <= 197.000","ranger",29,0.93103,0.81158,26,21,0.8077,0.0023,0.006,0.248,0.1475,0.9705,0.8
"2-3","count_divisible_by_100 >   0.5 & shelter_expenses_by_hh_size > 777.0 & shelter_expenses_by_hh_size <= 846.0","ranger",29,0.93103,0.81158,15,11,0.7333,0.0012,0.0014,0.143,0.1475,0.9705,0.8
"2-3","count_divisible_by_100 >  0.5 & months_since_cert_n >  9.5 & total_deductions_by_hh_size <= 14.7","ranger",29,0.93103,0.81158,6,6,1,7e-04,0,0.057,0.1475,0.9705,0.8
"2-3","homeless >   0.5 & shelter_expenses_by_hh_size > 351.0 & total_deductions_by_hh_size <= 636.0","ranger",29,0.93103,0.81158,23,20,0.8696,0.0022,0.002,0.219,0.1475,0.9705,0.8
"2-3","homeless > 0.500 & months_since_cert_n <= 3.500 & rawben_rel_max <= 0.918 & utilities <= 9.500","ranger",29,0.93103,0.81158,15,11,0.7333,0.0012,0.0029,0.143,0.1475,0.9705,0.8
"2-3","elderly_disabled_i >   0.500 & percent_abawd >   0.167 & shelter_expenses_by_hh_size <= 551.000 & total_deductions_by_hh_size > 300.000","ranger",36,0.91667,0.80887,23,21,0.913,0.0023,0.0011,0.219,0.1475,0.9705,0.8
"2-3","rawben_rel_max >=   0.555 & rawben_rel_max <   0.567 & utilities >= 707.000","xgboost",36,0.91667,0.80887,15,13,0.8667,0.0015,0.001,0.143,0.1475,0.9705,0.8
"2-3","cat_elig >   1.500 & elderly_disabled_i >   0.500 & unc_rawben_rel_max >   0.997 & utilities <= 124.000","ranger",50,0.9,0.80845,3,3,1,3e-04,0,0.029,0.1475,0.9705,0.8
"2-3","married <   1.000 & rawben_rel_max <   0.207 & shelter_expenses_by_hh_size >= 579.000 & shelter_expenses_by_hh_size < 624.000","xgboost",50,0.9,0.80845,17,16,0.9412,0.0018,4e-04,0.162,0.1475,0.9705,0.8
"2-3","months_since_cert_n <   5 & shelter_expenses_by_hh_size >= 155 & shelter_expenses_by_hh_size < 180 & utilities <  31","xgboost",50,0.9,0.80845,21,15,0.7143,0.0017,0.0039,0.2,0.1475,0.9705,0.8
"2-3","months_since_cert_n <=   3.500 & rawben_rel_max >   0.998 & total_deductions_by_hh_size > 467.000 & utilities <= 471.000","ranger",50,0.9,0.80845,39,27,0.6923,0.003,0.0112,0.372,0.1475,0.9705,0.8
"2-3","shelter_expenses_by_hh_size >= 771.00 & unc_rawben_rel_max >=   1.07 & utilities >= 912.00","xgboost",50,0.9,0.80845,54,44,0.8148,0.0049,0.0113,0.515,0.1475,0.9705,0.8
"2-3","cat_elig <   1 & months_since_cert_n <   1 & total_deductions_by_hh_size >= 273 & total_deductions_by_hh_size < 343","xgboost",28,0.92857,0.80553,16,15,0.9375,0.0017,9e-04,0.153,0.1475,0.9705,0.8
"2-3","cat_elig <=   0.5 & shelter_expenses_by_hh_size > 416.0 & utilities <=  80.5","ranger",28,0.92857,0.80553,15,14,0.9333,0.0016,9e-04,0.143,0.1475,0.9705,0.8
"2-3","homeless > 0.500 & months_since_cert_n > 5.500 & rawben_rel_max > 0.867 & shelter_expenses_by_hh_size <= 7.250","ranger",42,0.90476,0.804,29,29,1,0.0032,0,0.276,0.1475,0.9705,0.8
"2-3","medical_deductions >= 304.000 & rawben_rel_max <   0.288 & shelter_expenses_by_hh_size >= 550.000 & utilities < 819.000","xgboost",42,0.90476,0.804,18,16,0.8889,0.0018,6e-04,0.172,0.1475,0.9705,0.8
"2-3","months_since_cert_n >   23.500 & rawben_rel_max >    0.996 & total_deductions_by_hh_size <= 1150.000","ranger",42,0.90476,0.804,11,9,0.8182,0.001,0.0012,0.105,0.1475,0.9705,0.8
"2-3","rawben_rel_max <   0.183 & shelter_expenses_by_hh_size >= 650.000 & total_deductions_by_hh_size < 336.000 & utilities < 511.000","xgboost",42,0.90476,0.804,18,18,1,0.002,0,0.172,0.1475,0.9705,0.8
"2-3","rawben_rel_max >=   0.312 & shelter_expenses_by_hh_size >= 428.000 & total_deductions_by_hh_size < 184.000 & utilities >= 560.000","xgboost",42,0.90476,0.804,23,19,0.8261,0.0021,0.0019,0.219,0.1475,0.9705,0.8
"2-3","children_i <= 0.500 & count_divisible_by_100 > 0.500 & rawben_rel_max <= 0.205 & unc_rawben_rel_max <= 0.920","ranger",35,0.91429,0.80388,19,12,0.6316,0.0013,0.0048,0.181,0.1475,0.9705,0.8
"2-3","months_since_cert_n <  11 & shelter_expenses_by_hh_size < 334 & total_deductions_by_hh_size < 416 & utilities >= 892","xgboost",35,0.91429,0.80388,23,19,0.8261,0.0021,0.0028,0.219,0.1475,0.9705,0.8
"2-3","rawben_rel_max <=  0.475 & shelter_expenses_by_hh_size <= 94.600 & utilities > 54.500","ranger",35,0.91429,0.80388,10,9,0.9,0.001,3e-04,0.095,0.1475,0.9705,0.8
"2-3","homeless > 0.500 & months_since_cert_n > 6.500 & rawben_rel_max > 0.998 & unc_rawben_rel_max > 0.997","ranger",41,0.90244,0.7996,28,28,1,0.0031,0,0.267,0.1475,0.9705,0.7
"2-3","percent_abawd >=   0.75 & total_deductions_by_hh_size < 460.00 & unc_rawben_rel_max <   1.17 & utilities >= 529.00","xgboost",41,0.90244,0.7996,32,25,0.7812,0.0028,0.0033,0.305,0.1475,0.9705,0.7
"2-3","rawben_rel_max <   0.466 & shelter_expenses_by_hh_size < 118.000 & total_deductions_by_hh_size >=   2.500 & utilities >=  55.000","xgboost",41,0.90244,0.7996,25,19,0.76,0.0021,0.0041,0.238,0.1475,0.9705,0.7
"2-3","cat_elig <= 0.5 & expedited_i > 0.5 & homeless > 0.5","ranger",27,0.92593,0.79907,15,15,1,0.0017,0,0.143,0.1475,0.9705,0.7
"2-3","married <=   0.500 & medical_deductions > 122.000 & rawben_rel_max <=   0.182 & shelter_expenses_by_hh_size > 518.000","ranger",27,0.92593,0.79907,8,7,0.875,8e-04,5e-04,0.076,0.1475,0.9705,0.7
"2-3","months_since_cert_n < 1.00 & percent_abawd >= 0.75","xgboost",27,0.92593,0.79907,17,14,0.8235,0.0016,8e-04,0.162,0.1475,0.9705,0.7
"2-3","HH_size_n >  2.50 & homeless >  0.50 & total_deductions_by_hh_size >  4.83 & utilities > 25.50","ranger",34,0.91176,0.79863,18,16,0.8889,0.0018,6e-04,0.172,0.1475,0.9705,0.7
"2-3","cat_elig <=   0.5 & elderly_disabled_i >   0.5 & expedited_i >   0.5 & utilities <= 542.0","ranger",34,0.91176,0.79863,22,20,0.9091,0.0022,0.0011,0.21,0.1475,0.9705,0.7
"2-3","percent_abawd >=   0.333 & unc_rawben_rel_max >=   1.230 & utilities < 313.000","xgboost",34,0.91176,0.79863,14,12,0.8571,0.0013,0.0028,0.133,0.1475,0.9705,0.7
"2-3","cat_elig <  1 & married >=  1 & months_since_cert_n >=  4 & utilities < 28","xgboost",40,0.9,0.795,10,10,1,0.0011,0,0.095,0.1475,0.9705,0.7
"2-3","homeless >=   1.000 & total_deductions_by_hh_size >= 126.000 & unc_rawben_rel_max >=   0.409 & unc_rawben_rel_max <   1.120","xgboost",40,0.9,0.795,23,20,0.8696,0.0022,0.0023,0.219,0.1475,0.9705,0.7
"2-3","cat_elig <   2 & elderly_disabled_i >=   1 & expedited_i >=   1 & total_deductions_by_hh_size >= 496","xgboost",33,0.90909,0.79309,23,15,0.6522,0.0017,0.0072,0.219,0.1475,0.9705,0.7
"2-3","children_i <=  0.5000 & months_since_cert_n >  2.5000 & rawben_rel_max <=  0.0624 & utilities <= 30.5000","ranger",33,0.90909,0.79309,18,15,0.8333,0.0017,0.0026,0.172,0.1475,0.9705,0.7
"2-3","medical_deductions >  27.500 & medical_deductions <= 158.000 & unc_rawben_rel_max >   0.997","ranger",33,0.90909,0.79309,18,16,0.8889,0.0018,0.0019,0.172,0.1475,0.9705,0.7
"2-3","rawben_rel_max >=   1.00 & shelter_expenses_by_hh_size >=  15.00 & total_deductions_by_hh_size >= 709.00 & unc_rawben_rel_max <   1.25","xgboost",33,0.90909,0.79309,21,18,0.8571,0.002,0.0028,0.2,0.1475,0.9705,0.7
"2-3","cat_elig <=   0.5 & shelter_expenses_by_hh_size <= 280.0 & total_deductions_by_hh_size <=  21.9 & utilities > 338.0","ranger",26,0.92308,0.79218,16,13,0.8125,0.0015,0.0014,0.153,0.1475,0.9705,0.7
"2-3","medical_deductions > 144.000 & months_since_cert_n <=   7.500 & rawben_rel_max <=   0.302 & utilities > 708.000","ranger",26,0.92308,0.79218,12,9,0.75,0.001,0.0019,0.114,0.1475,0.9705,0.7
"2-3","months_since_cert_n <   1.000 & percent_abawd >=   0.667 & shelter_expenses_by_hh_size < 870.000","xgboost",26,0.92308,0.79218,17,14,0.8235,0.0016,8e-04,0.162,0.1475,0.9705,0.7
"2-3","rawben_rel_max <    0.595 & shelter_expenses_by_hh_size >=  825.000 & utilities >= 1010.000","xgboost",26,0.92308,0.79218,32,28,0.875,0.0031,0.002,0.305,0.1475,0.9705,0.7
"2-3","shelter_expenses_by_hh_size > 814.0000 & unc_rawben_rel_max >   0.0724 & unc_rawben_rel_max <=   0.1290","ranger",26,0.92308,0.79218,13,11,0.8462,0.0012,0.002,0.124,0.1475,0.9705,0.7
"2-3","cat_elig <   2.00 & total_deductions_by_hh_size >= 490.00 & unc_rawben_rel_max >=   1.51 & unc_rawben_rel_max <   1.74","xgboost",32,0.90625,0.78724,27,16,0.5926,0.0018,0.0151,0.257,0.1475,0.9705,0.7
"2-3","cat_elig <=   0.500 & percent_abawd >   0.167 & shelter_expenses_by_hh_size <= 218.000 & unc_rawben_rel_max <=   0.858","ranger",32,0.90625,0.78724,16,11,0.6875,0.0012,0.0029,0.153,0.1475,0.9705,0.7
"2-3","medical_deductions < 335 & months_since_cert_n <   1 & shelter_expenses_by_hh_size <  80 & utilities >=  44","xgboost",32,0.90625,0.78724,13,9,0.6923,0.001,0.0024,0.124,0.1475,0.9705,0.7
"2-3","cat_elig <= 0.5 & count_divisible_by_100 <= 0.5 & expedited_i > 0.5 & homeless > 0.5","ranger",25,0.92,0.78479,15,15,1,0.0017,0,0.143,0.1475,0.9705,0.7
"2-3","count_divisible_by_100 <=  0.5 & months_since_cert_n > 24.5 & utilities <= 38.5","ranger",25,0.92,0.78479,14,13,0.9286,0.0015,4e-04,0.133,0.1475,0.9705,0.7
"2-3","count_divisible_by_100 >   0.500 & rawben_rel_max <=   0.995 & shelter_expenses_by_hh_size > 339.000 & unc_rawben_rel_max >   0.966","ranger",25,0.92,0.78479,9,7,0.7778,8e-04,0.0015,0.086,0.1475,0.9705,0.7
"2-3","count_divisible_by_100 > 0.500 & months_since_cert_n > 4.500 & unc_rawben_rel_max <= 0.142","ranger",25,0.92,0.78479,19,15,0.7895,0.0017,0.004,0.181,0.1475,0.9705,0.7
"2-3","expedited_i > 0.500 & rawben_rel_max <= 0.997 & total_deductions_by_hh_size <= 0.900 & unc_rawben_rel_max > 0.901","ranger",25,0.92,0.78479,6,6,1,7e-04,0,0.057,0.1475,0.9705,0.7
"2-3","rawben_rel_max <   0.194 & total_deductions_by_hh_size >= 271.000 & unc_rawben_rel_max >=   0.180","xgboost",25,0.92,0.78479,13,12,0.9231,0.0013,3e-04,0.124,0.1475,0.9705,0.7
"2-3","elderly_disabled_i >   0.500 & expedited_i >   0.500 & total_deductions_by_hh_size <= 128.000 & unc_rawben_rel_max >   0.747","ranger",31,0.90323,0.78105,26,25,0.9615,0.0028,4e-04,0.248,0.1475,0.9705,0.7
"2-3","elderly_disabled_i >= 1.000 & months_since_cert_n >= 7.000 & rawben_rel_max >= 0.695 & rawben_rel_max < 0.708","xgboost",31,0.90323,0.78105,22,13,0.5909,0.0015,0.005,0.21,0.1475,0.9705,0.7
"2-3","homeless >   0.500 & percent_abawd >   0.167 & total_deductions_by_hh_size <= 383.000","ranger",31,0.90323,0.78105,27,23,0.8519,0.0026,0.0023,0.257,0.1475,0.9705,0.7
"2-3","rawben_rel_max >   0.997 & total_deductions_by_hh_size > 636.000 & unc_rawben_rel_max <=   1.430 & utilities <= 538.000","ranger",31,0.90323,0.78105,13,9,0.6923,0.001,0.0028,0.124,0.1475,0.9705,0.7
"2-3","rawben_rel_max >=   0.541 & rawben_rel_max <   0.555 & shelter_expenses_by_hh_size < 138.000","xgboost",31,0.90323,0.78105,17,12,0.7059,0.0013,0.0044,0.162,0.1475,0.9705,0.7
"2-3","expedited_i >=   1.000 & rawben_rel_max <   0.717 & shelter_expenses_by_hh_size < 568.000 & total_deductions_by_hh_size <   2.500","xgboost",30,0.9,0.77448,22,21,0.9545,0.0023,3e-04,0.21,0.1475,0.9705,0.7
"2-3","homeless >   0.5 & shelter_expenses_by_hh_size > 351.0","ranger",30,0.9,0.77448,23,20,0.8696,0.0022,0.002,0.219,0.1475,0.9705,0.7
"4+","expedited_i >   0.5 & unc_rawben_rel_max >   1.0 & utilities > 340.0 & utilities <= 428.0","ranger",71,1,0.96329,37,30,0.8108,0.0068,0.0073,0.669,0.2038,0.9592,5.6
"4+","children_i >   0.500 & expedited_i >   0.500 & rawben_rel_max >   0.998 & utilities > 568.000","ranger",70,1,0.96278,42,41,0.9762,0.0092,7e-04,0.76,0.2038,0.9592,5.5
"4+","expedited_i >  0.50 & unc_rawben_rel_max >  1.00 & unc_rawben_rel_max <=  1.18 & utilities > 55.50","ranger",136,0.98529,0.95653,70,65,0.9286,0.0146,0.0046,1.267,0.2038,0.9592,4.7
"4+","cat_elig >  1.500 & months_since_cert_n <=  1.500 & total_deductions_by_hh_size <= 11.800 & unc_rawben_rel_max >  0.956","ranger",91,0.98901,0.95223,11,10,0.9091,0.0023,8e-04,0.199,0.2038,0.9592,4.3
"4+","months_since_cert_n <=  2.500 & shelter_expenses_by_hh_size >  0.625 & unc_rawben_rel_max >  1.000 & utilities <= 30.500","ranger",50,1,0.94866,30,26,0.8667,0.0059,0.0042,0.543,0.2038,0.9592,4
"4+","HH_size_n <=  4.5000 & rawben_rel_max >  0.9980 & total_deductions_by_hh_size >  0.0686 & utilities <= 41.5000","ranger",108,0.98148,0.94557,55,48,0.8727,0.0108,0.0079,0.995,0.2038,0.9592,3.7
"4+","expedited_i >  0.500 & rawben_rel_max >  0.975 & shelter_expenses_by_hh_size > 58.800 & shelter_expenses_by_hh_size <= 98.700","ranger",47,1,0.94556,13,12,0.9231,0.0027,7e-04,0.235,0.2038,0.9592,3.7
"4+","expedited_i >   0.50 & total_deductions_by_hh_size >   1.85 & unc_rawben_rel_max >   1.00 & utilities <= 428.00","ranger",160,0.975,0.94547,62,55,0.8871,0.0124,0.0073,1.122,0.2038,0.9592,3.7
"4+","months_since_cert_n <= 23.500 & shelter_expenses_by_hh_size >  2.080 & unc_rawben_rel_max >  0.999 & utilities <= 30.500","ranger",129,0.97674,0.94323,67,57,0.8507,0.0128,0.0093,1.212,0.2038,0.9592,3.6
"4+","rawben_rel_max >  0.8610 & total_deductions_by_hh_size >  0.0686 & total_deductions_by_hh_size <= 12.6000 & utilities <= 30.5000","ranger",76,0.98684,0.94315,31,25,0.8065,0.0056,0.0041,0.561,0.2038,0.9592,3.6
"4+","expedited_i >   0.500 & rawben_rel_max >   0.998 & unc_rawben_rel_max <=   1.280 & utilities > 540.000","ranger",71,0.98592,0.9393,45,44,0.9778,0.0099,7e-04,0.814,0.2038,0.9592,3.4
"4+","expedited_i >   0.500 & rawben_rel_max >   0.991 & shelter_expenses_by_hh_size > 320.000 & unc_rawben_rel_max >   0.974","ranger",68,0.98529,0.93673,45,40,0.8889,0.009,0.0061,0.814,0.2038,0.9592,3.2
"4+","expedited_i >= 1.00 & unc_rawben_rel_max >= 1.00 & unc_rawben_rel_max < 1.05","xgboost",68,0.98529,0.93673,37,36,0.973,0.0081,4e-04,0.669,0.2038,0.9592,3.2
"4+","months_since_cert_n <= 17.500 & rawben_rel_max >  0.999 & total_deductions_by_hh_size > 12.600 & utilities <= 30.500","ranger",115,0.97391,0.93651,62,53,0.8548,0.0119,0.0085,1.122,0.2038,0.9592,3.2
"4+","expedited_i >=  1.000 & months_since_cert_n < 10.000 & unc_rawben_rel_max >=  0.998 & unc_rawben_rel_max <  1.170","xgboost",308,0.95779,0.93462,181,170,0.9392,0.0383,0.0128,3.275,0.2038,0.9592,3.1
"4+","cat_elig <=   0.500 & medical_deductions <=  67.500 & shelter_expenses_by_hh_size > 348.000 & unc_rawben_rel_max >   0.955","ranger",38,1,0.93352,23,21,0.913,0.0047,0.0016,0.416,0.2038,0.9592,3.1
"4+","children_i > 0.500 & expedited_i > 0.500 & homeless <= 0.500 & unc_rawben_rel_max > 0.998","ranger",497,0.95171,0.9333,258,240,0.9302,0.0541,0.0196,4.668,0.2038,0.9592,3.1
"4+","rawben_rel_max >   0.999 & shelter_expenses_by_hh_size <= 253.000 & utilities > 474.000 & utilities <= 494.000","ranger",64,0.98438,0.93294,1,0,0,0,9e-04,0.018,0.2038,0.9592,3
"4+","children_i > 0.500 & count_divisible_by_100 <= 1.500 & expedited_i > 0.500 & unc_rawben_rel_max > 0.997","ranger",506,0.95059,0.93221,269,251,0.9331,0.0565,0.0196,4.867,0.2038,0.9592,3
"4+","total_deductions_by_hh_size >  0.0686 & total_deductions_by_hh_size <= 12.6000 & utilities <= 30.5000","ranger",86,0.97674,0.93213,42,34,0.8095,0.0077,0.0086,0.76,0.2038,0.9592,3
"4+","expedited_i >   0.500 & medical_deductions <=  82.500 & rawben_rel_max >   0.999 & shelter_expenses_by_hh_size > 325.000","ranger",63,0.98413,0.93193,43,38,0.8837,0.0086,0.0061,0.778,0.2038,0.9592,3
"4+","expedited_i >   0.500 & rawben_rel_max >   0.892 & shelter_expenses_by_hh_size <= 105.000 & total_deductions_by_hh_size >   0.404","ranger",107,0.97196,0.9319,37,34,0.9189,0.0077,0.0018,0.669,0.2038,0.9592,3
"4+","expedited_i > 0.500 & percent_abawd <= 0.279 & rawben_rel_max > 0.999 & unc_rawben_rel_max <= 1.240","ranger",418,0.95215,0.93188,226,213,0.9425,0.048,0.0137,4.089,0.2038,0.9592,3
"4+","expedited_i > 0.500 & married <= 0.500 & percent_abawd <= 0.268 & rawben_rel_max > 0.998","ranger",383,0.953,0.93182,215,199,0.9256,0.0448,0.018,3.89,0.2038,0.9592,3
"4+","expedited_i > 0.500 & HH_size_n <= 6.500 & unc_rawben_rel_max > 0.998 & unc_rawben_rel_max <= 1.280","ranger",462,0.95022,0.93079,255,238,0.9333,0.0536,0.0188,4.614,0.2038,0.9592,2.9
"4+","children_i > 0.500 & expedited_i > 0.500 & rawben_rel_max > 0.997","ranger",508,0.94882,0.93022,269,251,0.9331,0.0565,0.0196,4.867,0.2038,0.9592,2.9
"4+","expedited_i >   0.500 & HH_size_n <=   5.500 & rawben_rel_max >   0.989 & total_deductions_by_hh_size > 171.000","ranger",36,1,0.93009,24,20,0.8333,0.0045,0.0041,0.434,0.2038,0.9592,2.9
"4+","HH_size_n < 6.00 & months_since_cert_n < 7.00 & unc_rawben_rel_max >= 1.04 & unc_rawben_rel_max < 1.06","xgboost",104,0.97115,0.93,52,50,0.9615,0.0113,0.0012,0.941,0.2038,0.9592,2.9
"4+","months_since_cert_n <= 23.500 & rawben_rel_max >  0.999 & shelter_expenses_by_hh_size > 54.000 & utilities <= 29.500","ranger",83,0.9759,0.92976,48,39,0.8125,0.0088,0.0085,0.868,0.2038,0.9592,2.9
"4+","children_i >   0.500 & expedited_i >   0.500 & total_deductions_by_hh_size <= 446.000 & unc_rawben_rel_max >   0.999","ranger",504,0.94841,0.92968,268,250,0.9328,0.0563,0.0196,4.849,0.2038,0.9592,2.9
"4+","children_i >   0.500 & expedited_i >   0.500 & total_deductions_by_hh_size <= 371.000 & unc_rawben_rel_max >   0.998","ranger",502,0.94821,0.9294,266,248,0.9323,0.0559,0.0196,4.813,0.2038,0.9592,2.9
"4+","children_i > 0.500 & expedited_i > 0.500 & HH_size_n <= 7.500 & rawben_rel_max > 0.998","ranger",502,0.94821,0.9294,265,248,0.9358,0.0559,0.0188,4.795,0.2038,0.9592,2.9
"4+","cat_elig <= 1.500 & expedited_i > 0.500 & homeless <= 0.500 & rawben_rel_max > 0.999","ranger",319,0.95298,0.92938,247,230,0.9312,0.0518,0.0193,4.469,0.2038,0.9592,2.9
"4+","children_i > 0.5 & expedited_i > 0.5 & HH_size_n <= 7.5 & unc_rawben_rel_max > 1.0","ranger",501,0.9481,0.92926,265,248,0.9358,0.0559,0.0188,4.795,0.2038,0.9592,2.9
"4+","rawben_rel_max >  0.9980 & total_deductions_by_hh_size >  0.0686 & utilities <= 41.5000","ranger",194,0.95876,0.92829,95,82,0.8632,0.0185,0.0123,1.719,0.2038,0.9592,2.8
"4+","expedited_i > 0.500 & HH_size_n <= 6.500 & percent_abawd <= 0.875 & unc_rawben_rel_max > 0.998","ranger",494,0.94737,0.92827,260,242,0.9308,0.0545,0.0198,4.704,0.2038,0.9592,2.8
"4+","expedited_i > 0.500 & HH_size_n <= 6.500 & percent_abawd <= 0.450 & rawben_rel_max > 0.997","ranger",492,0.94715,0.92798,259,241,0.9305,0.0543,0.0198,4.686,0.2038,0.9592,2.8
"4+","cat_elig <   1.00 & total_deductions_by_hh_size >= 113.00 & unc_rawben_rel_max >=   1.01 & unc_rawben_rel_max <   1.24","xgboost",120,0.96667,0.9278,57,50,0.8772,0.0113,0.0067,1.031,0.2038,0.9592,2.8
"4+","expedited_i >= 1.000 & married < 1.000 & months_since_cert_n < 9.000 & unc_rawben_rel_max >= 0.998","xgboost",345,0.95072,0.9278,192,177,0.9219,0.0399,0.0177,3.474,0.2038,0.9592,2.8
"4+","children_i > 0.5000 & expedited_i > 0.5000 & percent_abawd <= 0.0714 & rawben_rel_max > 0.9970","ranger",489,0.94683,0.92755,259,242,0.9344,0.0545,0.0188,4.686,0.2038,0.9592,2.8
"4+","elderly_disabled_i <= 0.5 & expedited_i > 0.5 & married <= 0.5 & unc_rawben_rel_max > 1.0","ranger",376,0.94947,0.92746,211,197,0.9336,0.0444,0.0155,3.818,0.2038,0.9592,2.8
"4+","expedited_i > 0.500 & HH_size_n <= 6.500 & married <= 0.500 & unc_rawben_rel_max > 0.999","ranger",375,0.94933,0.92727,213,198,0.9296,0.0446,0.0173,3.854,0.2038,0.9592,2.8
"4+","expedited_i > 0.500 & HH_size_n <= 4.500 & rawben_rel_max > 0.997 & unc_rawben_rel_max <= 1.220","ranger",225,0.95556,0.92703,140,131,0.9357,0.0295,0.0101,2.533,0.2038,0.9592,2.8
"4+","expedited_i >=   1.00 & total_deductions_by_hh_size < 140.00 & unc_rawben_rel_max >=   1.07","xgboost",155,0.96129,0.9269,51,50,0.9804,0.0113,8e-04,0.923,0.2038,0.9592,2.8
"4+","expedited_i > 0.500 & unc_rawben_rel_max > 0.997 & unc_rawben_rel_max <= 1.270","ranger",452,0.9469,0.92674,265,247,0.9321,0.0556,0.0196,4.795,0.2038,0.9592,2.8
"4+","cat_elig <= 1.500 & expedited_i > 0.500 & rawben_rel_max > 0.999","ranger",323,0.95046,0.92659,256,239,0.9336,0.0538,0.0193,4.632,0.2038,0.9592,2.8
"4+","expedited_i > 0.500 & unc_rawben_rel_max > 0.998 & unc_rawben_rel_max <= 1.280","ranger",482,0.94606,0.92651,264,246,0.9318,0.0554,0.0196,4.777,0.2038,0.9592,2.8
"4+","expedited_i >= 1.000 & months_since_cert_n < 7.000 & unc_rawben_rel_max >= 0.998","xgboost",418,0.94737,0.92635,211,197,0.9336,0.0444,0.0174,3.818,0.2038,0.9592,2.8
"4+","expedited_i >   0.500 & rawben_rel_max >   0.998 & utilities > 540.000","ranger",79,0.97468,0.92634,49,48,0.9796,0.0108,7e-04,0.887,0.2038,0.9592,2.8
"4+","expedited_i >=   1.00 & rawben_rel_max >=   0.99 & shelter_expenses_by_hh_size >= 309.00","xgboost",79,0.97468,0.92634,48,43,0.8958,0.0097,0.0061,0.868,0.2038,0.9592,2.8
"4+","expedited_i >   0.500 & HH_size_n <=   6.500 & rawben_rel_max >   0.998 & total_deductions_by_hh_size > 174.000","ranger",34,1,0.92628,21,18,0.8571,0.0041,0.0036,0.38,0.2038,0.9592,2.8
"4+","expedited_i > 0.500 & HH_size_n <= 6.500 & unc_rawben_rel_max > 0.999","ranger",495,0.94545,0.92611,262,244,0.9313,0.055,0.0198,4.74,0.2038,0.9592,2.8
"4+","expedited_i >   0.5 & unc_rawben_rel_max >   1.0 & utilities <= 428.0","ranger",335,0.94925,0.92568,177,162,0.9153,0.0365,0.0163,3.202,0.2038,0.9592,2.7
"4+","expedited_i >   0.500 & medical_deductions <=  72.500 & shelter_expenses_by_hh_size <= 240.000 & unc_rawben_rel_max >   0.998","ranger",382,0.94764,0.92555,200,189,0.945,0.0426,0.0115,3.619,0.2038,0.9592,2.7
"4+","expedited_i > 0.500 & homeless <= 0.500 & rawben_rel_max > 0.997 & unc_rawben_rel_max > 0.969","ranger",506,0.94466,0.92546,262,243,0.9275,0.0547,0.0205,4.74,0.2038,0.9592,2.7
"4+","expedited_i > 0.500 & HH_size_n <= 6.500 & months_since_cert_n <= 5.500 & rawben_rel_max > 0.997","ranger",381,0.94751,0.92536,188,177,0.9415,0.0399,0.0153,3.401,0.2038,0.9592,2.7
"4+","expedited_i >  0.500 & homeless <=  0.500 & months_since_cert_n <= 31.000 & rawben_rel_max >  0.998","ranger",505,0.94455,0.92531,261,242,0.9272,0.0545,0.0205,4.722,0.2038,0.9592,2.7
"4+","expedited_i >   0.500 & HH_size_n <=   6.500 & total_deductions_by_hh_size <= 319.000 & unc_rawben_rel_max >   0.998","ranger",488,0.94467,0.92507,258,240,0.9302,0.0541,0.0198,4.668,0.2038,0.9592,2.7
"4+","expedited_i >   0.500 & rawben_rel_max >   0.997 & shelter_expenses_by_hh_size <= 440.000 & utilities <= 424.000","ranger",331,0.94864,0.9248,171,158,0.924,0.0356,0.0139,3.094,0.2038,0.9592,2.7
"4+","expedited_i > 0.500 & rawben_rel_max > 0.998 & shelter_expenses_by_hh_size > 3.250","ranger",331,0.94864,0.9248,154,143,0.9286,0.0322,0.0115,2.786,0.2038,0.9592,2.7
"4+","count_divisible_by_100 <= 1.500 & expedited_i > 0.500 & unc_rawben_rel_max > 0.997","ranger",514,0.94358,0.9244,272,253,0.9301,0.057,0.0205,4.921,0.2038,0.9592,2.7
"4+","expedited_i > 0.500 & percent_abawd <= 0.875 & unc_rawben_rel_max > 0.998","ranger",514,0.94358,0.9244,269,250,0.9294,0.0563,0.0205,4.867,0.2038,0.9592,2.7
"4+","expedited_i >  0.500 & medical_deductions <= 72.500 & rawben_rel_max >  0.997","ranger",513,0.94347,0.92425,272,253,0.9301,0.057,0.0205,4.921,0.2038,0.9592,2.7
"4+","rawben_rel_max >  0.999 & shelter_expenses_by_hh_size >  0.625 & utilities <= 30.500","ranger",132,0.96212,0.92423,68,58,0.8529,0.0131,0.0093,1.23,0.2038,0.9592,2.7
"4+","cat_elig >   0.500 & medical_deductions >  41.500 & rawben_rel_max <=   0.975 & utilities > 446.000","ranger",33,1,0.92421,24,17,0.7083,0.0038,0.0063,0.434,0.2038,0.9592,2.7
"4+","children_i >   0.500 & expedited_i >   0.500 & rawben_rel_max >   0.999 & utilities <= 504.000","ranger",420,0.94524,0.92396,213,197,0.9249,0.0444,0.0169,3.854,0.2038,0.9592,2.7
"4+","count_divisible_by_100 <= 1.500 & expedited_i > 0.500 & rawben_rel_max > 0.999 & unc_rawben_rel_max <= 1.390","ranger",511,0.94325,0.92396,267,248,0.9288,0.0559,0.0205,4.831,0.2038,0.9592,2.7
"4+","HH_size_n >   4.500 & total_deductions_by_hh_size <=  12.700 & unc_rawben_rel_max >   0.372 & utilities > 456.000","ranger",56,0.98214,0.92383,19,16,0.8421,0.0036,0.0019,0.344,0.2038,0.9592,2.7
"4+","children_i > 0.500 & expedited_i > 0.500 & homeless <= 0.500 & unc_rawben_rel_max > 0.977","ranger",525,0.94286,0.92381,276,256,0.9275,0.0577,0.0205,4.994,0.2038,0.9592,2.7
"4+","cat_elig <= 1.500 & expedited_i > 0.500 & rawben_rel_max > 0.998 & shelter_expenses_by_hh_size > 3.250","ranger",215,0.95349,0.92371,147,138,0.9388,0.0311,0.0102,2.66,0.2038,0.9592,2.7
"4+","cat_elig <= 1.500 & expedited_i > 0.500 & HH_size_n <= 5.500 & rawben_rel_max > 0.998","ranger",279,0.94982,0.92367,229,213,0.9301,0.048,0.0185,4.143,0.2038,0.9592,2.7
"4+","medical_deductions <= 67.500 & rawben_rel_max >  0.999 & shelter_expenses_by_hh_size >  0.625 & utilities <= 30.500","ranger",131,0.96183,0.92367,68,58,0.8529,0.0131,0.0093,1.23,0.2038,0.9592,2.7
"4+","children_i >   0.500 & expedited_i >   0.500 & rawben_rel_max >   0.969 & utilities > 560.000","ranger",76,0.97368,0.92354,44,43,0.9773,0.0097,7e-04,0.796,0.2038,0.9592,2.7
"4+","count_divisible_by_100 <= 1.500 & expedited_i > 0.500 & months_since_cert_n <= 8.500 & rawben_rel_max > 0.997","ranger",463,0.94384,0.92353,242,224,0.9256,0.0505,0.0202,4.379,0.2038,0.9592,2.7
"4+","expedited_i > 0.500 & percent_abawd <= 0.279 & rawben_rel_max > 0.999","ranger",508,0.94291,0.92352,266,247,0.9286,0.0556,0.0205,4.813,0.2038,0.9592,2.7
"4+","total_deductions_by_hh_size > 11.8 & unc_rawben_rel_max >  1.0 & utilities <= 41.5","ranger",130,0.96154,0.9231,67,57,0.8507,0.0128,0.0101,1.212,0.2038,0.9592,2.7
"4+","children_i > 0.500 & count_divisible_by_100 <= 0.500 & expedited_i > 0.500 & rawben_rel_max > 0.974","ranger",505,0.94257,0.92307,258,241,0.9341,0.0543,0.0184,4.668,0.2038,0.9592,2.6
"4+","expedited_i >   0.500 & shelter_expenses_by_hh_size <= 240.000 & unc_rawben_rel_max >   0.998","ranger",384,0.94531,0.92292,200,189,0.945,0.0426,0.0115,3.619,0.2038,0.9592,2.6
"4+","children_i > 0.500 & expedited_i > 0.500 & married <= 0.500 & unc_rawben_rel_max > 0.982","ranger",398,0.94472,0.9227,225,207,0.92,0.0466,0.0189,4.071,0.2038,0.9592,2.6
"4+","expedited_i > 0.500 & months_since_cert_n <= 5.500 & rawben_rel_max > 0.997","ranger",398,0.94472,0.9227,194,183,0.9433,0.0412,0.0153,3.51,0.2038,0.9592,2.6
"4+","expedited_i >   0.500 & months_since_cert_n <=   5.500 & rawben_rel_max >   0.976 & total_deductions_by_hh_size > 150.000","ranger",75,0.97333,0.92256,61,57,0.9344,0.0128,0.0062,1.104,0.2038,0.9592,2.6
"4+","cat_elig > 0.5 & elderly_disabled_i <= 0.5 & expedited_i > 0.5 & unc_rawben_rel_max > 1.0","ranger",367,0.9455,0.92255,193,181,0.9378,0.0408,0.0144,3.492,0.2038,0.9592,2.6
"4+","cat_elig >  0.500 & expedited_i >  0.500 & months_since_cert_n <= 28.500 & unc_rawben_rel_max >  0.999","ranger",382,0.94503,0.92253,203,188,0.9261,0.0423,0.018,3.673,0.2038,0.9592,2.6
"4+","rawben_rel_max <=  0.999 & total_deductions_by_hh_size <= 12.700 & unc_rawben_rel_max >  0.963","ranger",55,0.98182,0.92251,23,20,0.8696,0.0045,0.0025,0.416,0.2038,0.9592,2.6
"4+","expedited_i > 0.500 & rawben_rel_max > 0.997","ranger",516,0.94186,0.9225,272,253,0.9301,0.057,0.0205,4.921,0.2038,0.9592,2.6
"4+","expedited_i >   0.500 & months_since_cert_n <=   9.500 & rawben_rel_max >   0.998 & total_deductions_by_hh_size <= 318.000","ranger",471,0.94268,0.9224,248,230,0.9274,0.0518,0.0202,4.487,0.2038,0.9592,2.6
"4+","expedited_i >= 1 & unc_rawben_rel_max >= 1","xgboost",515,0.94175,0.92235,271,252,0.9299,0.0568,0.0205,4.903,0.2038,0.9592,2.6
"4+","children_i >  0.500 & expedited_i >  0.500 & months_since_cert_n <= 10.500 & unc_rawben_rel_max >  0.977","ranger",514,0.94163,0.9222,275,256,0.9309,0.0577,0.02,4.976,0.2038,0.9592,2.6
"4+","expedited_i > 0.500 & rawben_rel_max > 0.989 & unc_rawben_rel_max <= 1.240","ranger",440,0.94318,0.92217,238,224,0.9412,0.0505,0.0142,4.306,0.2038,0.9592,2.6
"4+","count_divisible_by_100 <=   1.50 & shelter_expenses_by_hh_size > 201.00 & shelter_expenses_by_hh_size <= 275.00 & total_deductions_by_hh_size <=   1.59","ranger",32,1,0.92203,21,18,0.8571,0.0041,0.0016,0.38,0.2038,0.9592,2.6
"4+","expedited_i <=  0.500 & months_since_cert_n >  7.500 & rawben_rel_max >  0.999 & total_deductions_by_hh_size <= 70.600","ranger",128,0.96094,0.92193,70,63,0.9,0.0142,0.0095,1.267,0.2038,0.9592,2.6
"4+","expedited_i >   0.500 & total_deductions_by_hh_size <= 446.000 & unc_rawben_rel_max >   0.999","ranger",512,0.94141,0.9219,271,252,0.9299,0.0568,0.0205,4.903,0.2038,0.9592,2.6
"4+","expedited_i > 0.500 & rawben_rel_max > 0.939 & unc_rawben_rel_max > 0.998 & unc_rawben_rel_max <= 1.370","ranger",512,0.94141,0.9219,267,248,0.9288,0.0559,0.0205,4.831,0.2038,0.9592,2.6
"4+","count_divisible_by_100 <   1.000 & shelter_expenses_by_hh_size >= 108.000 & unc_rawben_rel_max >=   0.998 & unc_rawben_rel_max <   1.160","xgboost",584,0.94007,0.92179,302,282,0.9338,0.0635,0.0263,5.464,0.2038,0.9592,2.6
"4+","expedited_i >=   1.000 & shelter_expenses_by_hh_size < 314.000 & unc_rawben_rel_max >=   0.998 & unc_rawben_rel_max <   1.280","xgboost",423,0.94326,0.92179,223,210,0.9417,0.0473,0.0135,4.035,0.2038,0.9592,2.6
"4+","cat_elig <= 1.500 & expedited_i > 0.500 & rawben_rel_max > 0.989 & unc_rawben_rel_max <= 1.240","ranger",272,0.94853,0.92174,225,212,0.9422,0.0477,0.0136,4.071,0.2038,0.9592,2.6
"4+","expedited_i >   0.500 & HH_size_n <=   6.500 & total_deductions_by_hh_size <= 233.000 & unc_rawben_rel_max >   0.996","ranger",496,0.94153,0.92169,258,240,0.9302,0.0541,0.0181,4.668,0.2038,0.9592,2.6
"4+","children_i > 0.500 & expedited_i > 0.500 & unc_rawben_rel_max > 0.973","ranger",539,0.94063,0.92158,286,266,0.9301,0.0599,0.0205,5.175,0.2038,0.9592,2.6
"4+","children_i >  0.500 & expedited_i >  0.500 & total_deductions_by_hh_size > 10.200 & unc_rawben_rel_max >  0.976","ranger",347,0.94524,0.92149,164,152,0.9268,0.0342,0.0114,2.967,0.2038,0.9592,2.6
"4+","expedited_i >  0.5 & months_since_cert_n <=  9.5 & unc_rawben_rel_max >  1.0 & utilities > 46.5","ranger",271,0.94834,0.92146,131,120,0.916,0.027,0.0115,2.37,0.2038,0.9592,2.6
"4+","expedited_i >   0.500 & unc_rawben_rel_max >   0.997 & utilities > 156.000","ranger",286,0.94755,0.92137,135,124,0.9185,0.0279,0.0115,2.443,0.2038,0.9592,2.6
"4+","children_i >   0.500 & expedited_i >   0.500 & total_deductions_by_hh_size <= 140.000 & unc_rawben_rel_max >   0.969","ranger",391,0.94373,0.92134,195,184,0.9436,0.0414,0.011,3.528,0.2038,0.9592,2.6
"4+","cat_elig < 2.000 & expedited_i >= 1.000 & HH_size_n >= 5.000 & unc_rawben_rel_max >= 0.998","xgboost",127,0.96063,0.92133,87,83,0.954,0.0187,0.0036,1.574,0.2038,0.9592,2.6
"4+","expedited_i >   0.500 & total_deductions_by_hh_size <= 319.000 & unc_rawben_rel_max >   0.998","ranger",508,0.94094,0.92129,267,248,0.9288,0.0559,0.0205,4.831,0.2038,0.9592,2.6
"4+","cat_elig <= 1.500 & count_divisible_by_100 <= 1.500 & expedited_i > 0.500 & rawben_rel_max > 0.974","ranger",346,0.94509,0.92127,274,255,0.9307,0.0574,0.0202,4.957,0.2038,0.9592,2.6
"4+","cat_elig <=   1.500 & expedited_i >   0.500 & unc_rawben_rel_max >   0.997 & utilities > 156.000","ranger",192,0.95312,0.92113,130,121,0.9308,0.0273,0.0102,2.352,0.2038,0.9592,2.6
"4+","children_i > 0.500 & elderly_disabled_i <= 0.500 & expedited_i > 0.500 & rawben_rel_max > 0.969","ranger",521,0.9405,0.92107,274,257,0.938,0.0579,0.0174,4.957,0.2038,0.9592,2.6
"4+","expedited_i >  0.500 & married <=  0.500 & rawben_rel_max >  0.999 & utilities > 41.500","ranger",207,0.95169,0.92082,102,94,0.9216,0.0212,0.009,1.845,0.2038,0.9592,2.6
"4+","expedited_i >   0.500 & HH_size_n <=   6.500 & shelter_expenses_by_hh_size <= 176.000 & unc_rawben_rel_max >   0.997","ranger",313,0.94569,0.92054,167,158,0.9461,0.0356,0.0098,3.022,0.2038,0.9592,2.6
"4+","expedited_i > 0.500 & HH_size_n <= 5.500 & rawben_rel_max > 0.997","ranger",445,0.94157,0.92047,245,227,0.9265,0.0511,0.0198,4.433,0.2038,0.9592,2.6
"4+","expedited_i >=   1.00 & months_since_cert_n <  11.00 & unc_rawben_rel_max >=   1.01 & utilities < 452.00","xgboost",327,0.94495,0.92032,184,168,0.913,0.0378,0.0174,3.329,0.2038,0.9592,2.6
"4+","children_i > 0.500 & elderly_disabled_i <= 0.500 & expedited_i > 0.500 & unc_rawben_rel_max > 0.977","ranger",515,0.93981,0.92016,274,257,0.938,0.0579,0.0174,4.957,0.2038,0.9592,2.6
"4+","children_i >   0.500 & expedited_i >   0.500 & rawben_rel_max >   0.959 & shelter_expenses_by_hh_size <= 170.000","ranger",340,0.94412,0.9199,178,168,0.9438,0.0378,0.0105,3.221,0.2038,0.9592,2.5
"4+","total_deductions_by_hh_size >= 101.000 & unc_rawben_rel_max >=   0.998 & unc_rawben_rel_max <   1.190 & utilities < 703.000","xgboost",569,0.93849,0.91975,310,286,0.9226,0.0644,0.0329,5.609,0.2038,0.9592,2.5
"4+","expedited_i >   0.500 & rawben_rel_max >   0.997 & shelter_expenses_by_hh_size <= 440.000","ranger",498,0.93976,0.91973,254,239,0.9409,0.0538,0.0166,4.596,0.2038,0.9592,2.5
"4+","medical_deductions > 136.000 & shelter_expenses_by_hh_size >  59.900 & unc_rawben_rel_max <=   0.596","ranger",31,1,0.91972,11,8,0.7273,0.0018,0.0032,0.199,0.2038,0.9592,2.5
"4+","total_deductions_by_hh_size >= 99.50 & unc_rawben_rel_max >=  1.01 & unc_rawben_rel_max <  1.17","xgboost",611,0.93781,0.91972,325,303,0.9323,0.0682,0.0298,5.88,0.2038,0.9592,2.5
"4+","count_divisible_by_100 <= 0.500 & expedited_i > 0.500 & HH_size_n > 4.500 & rawben_rel_max > 0.998","ranger",204,0.95098,0.91968,83,79,0.9518,0.0178,0.0036,1.502,0.2038,0.9592,2.5
"4+","total_deductions_by_hh_size >  0.0361 & total_deductions_by_hh_size <= 12.4000 & utilities <= 30.5000","ranger",90,0.96667,0.91949,43,35,0.814,0.0079,0.0086,0.778,0.2038,0.9592,2.5
"4+","expedited_i >  0.500 & medical_deductions <= 72.500 & rawben_rel_max >  0.997 & unc_rawben_rel_max >  1.060","ranger",425,0.94118,0.91946,225,207,0.92,0.0466,0.0201,4.071,0.2038,0.9592,2.5
"4+","expedited_i >   0.500 & total_deductions_by_hh_size <= 140.000 & unc_rawben_rel_max >   0.969","ranger",395,0.94177,0.91922,196,185,0.9439,0.0417,0.011,3.546,0.2038,0.9592,2.5
"4+","children_i > 0.500 & expedited_i > 0.500 & homeless <= 0.500 & rawben_rel_max > 0.966","ranger",537,0.93855,0.9192,278,258,0.9281,0.0581,0.0205,5.03,0.2038,0.9592,2.5
"4+","shelter_expenses_by_hh_size >= 108.000 & unc_rawben_rel_max >=   0.998 & unc_rawben_rel_max <   1.160","xgboost",662,0.93656,0.91912,355,330,0.9296,0.0743,0.0323,6.423,0.2038,0.9592,2.5
"4+","children_i >   0.500 & expedited_i >   0.500 & rawben_rel_max >   0.998 & utilities <= 568.000","ranger",437,0.9405,0.91904,226,209,0.9248,0.0471,0.0188,4.089,0.2038,0.9592,2.5
"4+","count_divisible_by_100 <= 0.500 & expedited_i > 0.500 & HH_size_n <= 5.500 & rawben_rel_max > 0.997","ranger",422,0.94076,0.9189,221,206,0.9321,0.0464,0.0177,3.999,0.2038,0.9592,2.5
"4+","elderly_disabled_i <=  0.500 & total_deductions_by_hh_size <= 13.200 & unc_rawben_rel_max >  0.962 & unc_rawben_rel_max <=  1.010","ranger",89,0.96629,0.91862,30,27,0.9,0.0061,0.0028,0.543,0.2038,0.9592,2.5
"4+","elderly_disabled_i <= 0.500 & expedited_i > 0.500 & HH_size_n <= 6.500 & rawben_rel_max > 0.969","ranger",505,0.93861,0.9186,267,251,0.9401,0.0565,0.0167,4.831,0.2038,0.9592,2.5
"4+","expedited_i >   0.500 & rawben_rel_max >   0.999 & shelter_expenses_by_hh_size <= 325.000 & utilities > 570.000","ranger",52,0.98077,0.91828,30,30,1,0.0068,0,0.543,0.2038,0.9592,2.5
"4+","shelter_expenses_by_hh_size > 140.000 & unc_rawben_rel_max >   0.998 & utilities <=  40.500","ranger",52,0.98077,0.91828,30,24,0.8,0.0054,0.0052,0.543,0.2038,0.9592,2.5
"4+","cat_elig <= 1.500 & expedited_i > 0.500 & rawben_rel_max > 0.974","ranger",347,0.94236,0.91816,274,255,0.9307,0.0574,0.0202,4.957,0.2038,0.9592,2.5
"4+","expedited_i > 0.500 & HH_size_n <= 6.500 & rawben_rel_max > 0.969","ranger",530,0.93774,0.91815,280,260,0.9286,0.0586,0.0207,5.066,0.2038,0.9592,2.5
"4+","elderly_disabled_i <= 0.500 & expedited_i > 0.500 & percent_abawd <= 0.583 & unc_rawben_rel_max > 0.981","ranger",516,0.93798,0.91813,271,254,0.9373,0.0572,0.0174,4.903,0.2038,0.9592,2.5
"4+","count_divisible_by_100 <= 1.500 & expedited_i > 0.500 & percent_abawd <= 0.875 & rawben_rel_max > 0.976","ranger",543,0.93738,0.91802,287,266,0.9268,0.0599,0.0215,5.193,0.2038,0.9592,2.5
"4+","cat_elig > 0.500 & children_i > 0.500 & expedited_i > 0.500 & unc_rawben_rel_max > 0.973","ranger",403,0.94045,0.91796,212,197,0.9292,0.0444,0.0174,3.836,0.2038,0.9592,2.5
"4+","expedited_i >  0.500 & married <=  0.500 & shelter_expenses_by_hh_size > 93.100 & unc_rawben_rel_max >  0.999","ranger",184,0.95109,0.91777,95,89,0.9368,0.02,0.0075,1.719,0.2038,0.9592,2.5
"4+","count_divisible_by_100 <=  1.50 & expedited_i >  0.50 & months_since_cert_n <= 12.50 & unc_rawben_rel_max >  0.97","ranger",539,0.93692,0.91742,284,264,0.9296,0.0595,0.021,5.138,0.2038,0.9592,2.5
"4+","expedited_i >   0.500 & months_since_cert_n <=  12.500 & rawben_rel_max >   0.971 & shelter_expenses_by_hh_size <= 240.000","ranger",400,0.94,0.91735,206,195,0.9466,0.0439,0.0115,3.727,0.2038,0.9592,2.5
"4+","count_divisible_by_100 <=  0.500 & expedited_i >  0.500 & unc_rawben_rel_max >  0.998 & utilities > 30.500","ranger",286,0.94406,0.91726,128,118,0.9219,0.0266,0.011,2.316,0.2038,0.9592,2.5
"4+","total_deductions_by_hh_size > 0.0686 & total_deductions_by_hh_size <= 5.8200 & unc_rawben_rel_max > 0.9980","ranger",30,1,0.91726,11,11,1,0.0025,0,0.199,0.2038,0.9592,2.5
"4+","cat_elig <=   1.500 & expedited_i >   0.500 & medical_deductions <= 137.000 & unc_rawben_rel_max >   0.977","ranger",343,0.94169,0.91722,274,255,0.9307,0.0574,0.0202,4.957,0.2038,0.9592,2.5
"4+","cat_elig > 0.500 & expedited_i > 0.500 & HH_size_n <= 5.500 & rawben_rel_max > 0.997","ranger",328,0.94207,0.91702,183,168,0.918,0.0378,0.018,3.311,0.2038,0.9592,2.5
"4+","children_i >   0.500 & expedited_i >   0.500 & rawben_rel_max >   0.999 & utilities > 504.000","ranger",87,0.96552,0.91681,55,53,0.9636,0.0119,0.0027,0.995,0.2038,0.9592,2.4
"4+","months_since_cert_n <  4.00 & unc_rawben_rel_max >=  1.07 & utilities < 41.00","xgboost",51,0.98039,0.91676,27,22,0.8148,0.005,0.0059,0.489,0.2038,0.9592,2.4
"4+","cat_elig <= 1.500 & count_divisible_by_100 <= 1.500 & expedited_i > 0.500 & unc_rawben_rel_max > 0.962","ranger",355,0.94085,0.91672,278,259,0.9317,0.0583,0.0202,5.03,0.2038,0.9592,2.4
"4+","months_since_cert_n >=   4.000 & shelter_expenses_by_hh_size >= 106.000 & unc_rawben_rel_max >=   0.998 & unc_rawben_rel_max <   1.160","xgboost",355,0.94085,0.91672,200,186,0.93,0.0419,0.0191,3.619,0.2038,0.9592,2.4
"4+","count_divisible_by_100 <= 1.50 & expedited_i > 0.50 & unc_rawben_rel_max > 0.97","ranger",548,0.93613,0.91671,289,268,0.9273,0.0604,0.0215,5.229,0.2038,0.9592,2.4
"4+","expedited_i > 0.500 & homeless <= 0.500 & rawben_rel_max > 0.974 & unc_rawben_rel_max <= 1.370","ranger",534,0.93633,0.91665,275,254,0.9236,0.0572,0.0215,4.976,0.2038,0.9592,2.4
"4+","expedited_i > 0.500 & homeless <= 0.500 & unc_rawben_rel_max > 0.977","ranger",534,0.93633,0.91665,279,258,0.9247,0.0581,0.0215,5.048,0.2038,0.9592,2.4
"4+","percent_abawd <=  0.583 & rawben_rel_max >  0.998 & total_deductions_by_hh_size > 89.700 & unc_rawben_rel_max <=  1.170","ranger",708,0.93362,0.91651,387,361,0.9328,0.0813,0.0341,7.002,0.2038,0.9592,2.4
"4+","children_i >   0.500 & expedited_i >   0.500 & shelter_expenses_by_hh_size <= 480.000 & unc_rawben_rel_max >   0.966","ranger",533,0.93621,0.9165,276,259,0.9384,0.0583,0.0182,4.994,0.2038,0.9592,2.4
"4+","total_deductions_by_hh_size >=  99.50 & unc_rawben_rel_max >=   1.01 & unc_rawben_rel_max <   1.17 & utilities >= 367.00","xgboost",519,0.93642,0.91643,278,259,0.9317,0.0583,0.0275,5.03,0.2038,0.9592,2.4
"4+","expedited_i >   0.500 & percent_abawd <=   0.450 & total_deductions_by_hh_size <= 211.000 & unc_rawben_rel_max >   0.969","ranger",532,0.93609,0.91634,277,257,0.9278,0.0579,0.0193,5.012,0.2038,0.9592,2.4
"4+","expedited_i > 0.500 & HH_size_n <= 8.500 & homeless <= 0.500 & rawben_rel_max > 0.977","ranger",532,0.93609,0.91634,279,258,0.9247,0.0581,0.0215,5.048,0.2038,0.9592,2.4
"4+","expedited_i > 0.500 & HH_size_n <= 5.500 & percent_abawd <= 0.450 & rawben_rel_max > 0.982","ranger",462,0.93723,0.916,252,232,0.9206,0.0523,0.0207,4.559,0.2038,0.9592,2.4
"4+","expedited_i > 0.500 & HH_size_n <= 5.500 & homeless <= 0.500 & rawben_rel_max > 0.976","ranger",461,0.93709,0.91582,251,231,0.9203,0.052,0.0207,4.541,0.2038,0.9592,2.4
"4+","expedited_i > 0.500 & months_since_cert_n <= 5.500 & rawben_rel_max > 0.976","ranger",420,0.9381,0.91581,207,195,0.942,0.0439,0.0157,3.745,0.2038,0.9592,2.4
"4+","expedited_i > 0.500 & homeless <= 0.500 & months_since_cert_n <= 3.500 & unc_rawben_rel_max > 0.976","ranger",295,0.94237,0.91577,151,141,0.9338,0.0318,0.0124,2.732,0.2038,0.9592,2.4
"4+","expedited_i >   0.500 & months_since_cert_n <=   6.500 & rawben_rel_max >   0.977 & total_deductions_by_hh_size <= 230.000","ranger",433,0.93764,0.91568,220,206,0.9364,0.0464,0.0156,3.98,0.2038,0.9592,2.4
"4+","count_divisible_by_100 <= 0.500 & expedited_i > 0.500 & rawben_rel_max > 0.974","ranger",514,0.9358,0.91563,261,243,0.931,0.0547,0.0194,4.722,0.2038,0.9592,2.4
"4+","cat_elig < 2.000 & expedited_i >= 1.000 & months_since_cert_n >= 4.000 & rawben_rel_max >= 0.997","xgboost",149,0.95302,0.91555,115,107,0.9304,0.0241,0.0073,2.081,0.2038,0.9592,2.4
"4+","percent_abawd <=  0.0714 & rawben_rel_max >  0.9990 & total_deductions_by_hh_size >  9.0400 & utilities <= 27.5000","ranger",118,0.95763,0.91551,58,49,0.8448,0.011,0.0085,1.049,0.2038,0.9592,2.4
"4+","elderly_disabled_i <= 0.500 & expedited_i > 0.500 & rawben_rel_max > 0.969","ranger",526,0.93536,0.9154,276,259,0.9384,0.0583,0.0174,4.994,0.2038,0.9592,2.4
"4+","count_divisible_by_100 <= 1.500 & expedited_i > 0.500 & HH_size_n <= 7.500 & rawben_rel_max > 0.976","ranger",539,0.93506,0.91534,286,266,0.9301,0.0599,0.0207,5.175,0.2038,0.9592,2.4
"4+","expedited_i >   0.500 & months_since_cert_n <=  28.500 & shelter_expenses_by_hh_size <= 167.000 & unc_rawben_rel_max >   0.975","ranger",335,0.9403,0.91527,175,165,0.9429,0.0372,0.0105,3.166,0.2038,0.9592,2.4
"4+","expedited_i >=   1.00 & shelter_expenses_by_hh_size < 169.00 & total_deductions_by_hh_size < 109.00 & unc_rawben_rel_max >=   1.06","xgboost",222,0.94595,0.91519,130,120,0.9231,0.027,0.0105,2.352,0.2038,0.9592,2.4
"4+","months_since_cert_n <= 23.500 & rawben_rel_max >  0.999 & unc_rawben_rel_max >  1.140 & utilities <= 30.500","ranger",50,0.98,0.91519,25,20,0.8,0.0045,0.0053,0.452,0.2038,0.9592,2.4
"4+","children_i > 0.500 & expedited_i > 0.500 & rawben_rel_max > 0.962","ranger",551,0.93466,0.91513,291,271,0.9313,0.061,0.0205,5.265,0.2038,0.9592,2.4
"4+","expedited_i >= 1.000 & months_since_cert_n < 6.000 & rawben_rel_max >= 0.952 & unc_rawben_rel_max >= 1.040","xgboost",362,0.93923,0.91513,171,160,0.9357,0.036,0.0153,3.094,0.2038,0.9592,2.4
"4+","expedited_i >   0.500 & months_since_cert_n >   5.500 & unc_rawben_rel_max >   0.995 & utilities > 286.000","ranger",68,0.97059,0.91494,47,39,0.8298,0.0088,0.0055,0.85,0.2038,0.9592,2.4
"4+","expedited_i >  0.500 & months_since_cert_n <= 10.500 & unc_rawben_rel_max >  0.977","ranger",523,0.93499,0.91492,277,257,0.9278,0.0579,0.021,5.012,0.2038,0.9592,2.4
"4+","elderly_disabled_i <=  0.500 & expedited_i >  0.500 & months_since_cert_n <= 32.000 & unc_rawben_rel_max >  0.974","ranger",522,0.93487,0.91476,276,259,0.9384,0.0583,0.0174,4.994,0.2038,0.9592,2.4
"4+","elderly_disabled_i >   0.500 & shelter_expenses_by_hh_size > 200.000 & total_deductions_by_hh_size <=   0.675 & utilities <= 766.000","ranger",29,1,0.91465,14,12,0.8571,0.0027,8e-04,0.253,0.2038,0.9592,2.4
"4+","medical_deductions >   8.5 & months_since_cert_n <=   5.5 & shelter_expenses_by_hh_size >   6.1 & utilities > 483.0","ranger",29,1,0.91465,12,8,0.6667,0.0018,0.0029,0.217,0.2038,0.9592,2.4
"4+","medical_deductions >  23.50 & rawben_rel_max <=   0.97 & shelter_expenses_by_hh_size >  59.70 & shelter_expenses_by_hh_size <= 160.00","ranger",29,1,0.91465,20,16,0.8,0.0036,0.0063,0.362,0.2038,0.9592,2.4
"4+","children_i >   0.500 & expedited_i >   0.500 & rawben_rel_max >   0.969 & utilities <= 560.000","ranger",466,0.93562,0.91429,242,223,0.9215,0.0502,0.0198,4.379,0.2038,0.9592,2.4
"4+","expedited_i >  0.500 & HH_size_n <=  6.500 & rawben_rel_max >  0.999 & utilities <= 30.500","ranger",205,0.94634,0.91416,126,118,0.9365,0.0266,0.009,2.28,0.2038,0.9592,2.4
"4+","cat_elig > 0.500 & expedited_i > 0.500 & unc_rawben_rel_max > 0.969","ranger",411,0.93674,0.91399,215,199,0.9256,0.0448,0.0184,3.89,0.2038,0.9592,2.4
"4+","cat_elig >  0.500 & expedited_i >  0.500 & unc_rawben_rel_max >  0.956 & utilities <= 30.500","ranger",161,0.95031,0.91395,97,92,0.9485,0.0207,0.0072,1.755,0.2038,0.9592,2.4
"4+","expedited_i >   0.500 & rawben_rel_max >   0.969 & total_deductions_by_hh_size <= 226.000 & unc_rawben_rel_max >   0.956","ranger",542,0.93358,0.91374,281,261,0.9288,0.0588,0.0193,5.084,0.2038,0.9592,2.4
"4+","expedited_i >   0.500 & rawben_rel_max >   0.972 & shelter_expenses_by_hh_size >  50.800 & shelter_expenses_by_hh_size <= 257.000","ranger",204,0.94608,0.91374,87,83,0.954,0.0187,0.0029,1.574,0.2038,0.9592,2.4
"4+","expedited_i >  0.500 & HH_size_n <=  7.500 & months_since_cert_n <= 34.500 & unc_rawben_rel_max >  0.974","ranger",542,0.93358,0.91374,286,266,0.9301,0.0599,0.0207,5.175,0.2038,0.9592,2.4
"4+","cat_elig <= 1.500 & expedited_i > 0.500 & unc_rawben_rel_max > 0.962","ranger",356,0.9382,0.91372,278,259,0.9317,0.0583,0.0202,5.03,0.2038,0.9592,2.4
"4+","cat_elig >   0.500 & expedited_i >   0.500 & unc_rawben_rel_max >   0.969 & utilities > 560.000","ranger",67,0.97015,0.91372,42,41,0.9762,0.0092,7e-04,0.76,0.2038,0.9592,2.4
"4+","months_since_cert_n <=  5.500 & rawben_rel_max >  0.956 & rawben_rel_max <=  0.991 & utilities <= 55.500","ranger",67,0.97015,0.91372,34,28,0.8235,0.0063,0.0093,0.615,0.2038,0.9592,2.4
"4+","rawben_rel_max >  0.999 & shelter_expenses_by_hh_size >  0.625 & total_deductions_by_hh_size <= 99.400 & utilities <= 30.500","ranger",67,0.97015,0.91372,35,31,0.8857,0.007,0.0037,0.633,0.2038,0.9592,2.4
"4+","expedited_i >   0.500 & rawben_rel_max >   0.998 & utilities <= 530.000","ranger",436,0.93578,0.91365,221,203,0.9186,0.0457,0.0198,3.999,0.2038,0.9592,2.4
"4+","rawben_rel_max >=  0.974 & shelter_expenses_by_hh_size >= 69.200 & unc_rawben_rel_max >=  1.000 & unc_rawben_rel_max <  1.170","xgboost",876,0.92922,0.91361,455,420,0.9231,0.0946,0.0417,8.232,0.2038,0.9592,2.4
"4+","expedited_i > 0.500 & HH_size_n <= 7.500 & rawben_rel_max > 0.976","ranger",541,0.93346,0.91358,286,266,0.9301,0.0599,0.0207,5.175,0.2038,0.9592,2.4
"4+","cat_elig >   0.500 & expedited_i >   0.500 & total_deductions_by_hh_size <= 217.000 & unc_rawben_rel_max >   0.974","ranger",395,0.93671,0.91343,207,192,0.9275,0.0432,0.0162,3.745,0.2038,0.9592,2.4
"4+","count_divisible_by_100 <=   1.500 & expedited_i >   0.500 & rawben_rel_max >   0.962 & shelter_expenses_by_hh_size <= 260.000","ranger",421,0.93587,0.91331,222,210,0.9459,0.0473,0.012,4.017,0.2038,0.9592,2.4
"4+","children_i > 0.500 & expedited_i > 0.500 & percent_abawd <= 0.875 & rawben_rel_max > 0.947","ranger",565,0.93274,0.91327,300,278,0.9267,0.0626,0.0232,5.428,0.2038,0.9592,2.3
"4+","expedited_i >   0.500 & medical_deductions <= 132.000 & rawben_rel_max >   0.974 & shelter_expenses_by_hh_size >   7.500","ranger",354,0.93785,0.91324,167,154,0.9222,0.0347,0.0124,3.022,0.2038,0.9592,2.3
"4+","cat_elig > 0.500 & expedited_i > 0.500 & rawben_rel_max > 0.973 & unc_rawben_rel_max <= 1.410","ranger",407,0.93612,0.91316,212,196,0.9245,0.0441,0.0184,3.836,0.2038,0.9592,2.3
"4+","expedited_i >  0.5 & married <=  0.5 & unc_rawben_rel_max >  1.0 & utilities <= 28.5","ranger",174,0.94828,0.91316,113,105,0.9292,0.0236,0.009,2.045,0.2038,0.9592,2.3
"4+","expedited_i >   0.500 & HH_size_n <=   5.500 & shelter_expenses_by_hh_size <= 254.000 & unc_rawben_rel_max >   0.966","ranger",353,0.93768,0.913,191,180,0.9424,0.0405,0.0112,3.456,0.2038,0.9592,2.3
"4+","rawben_rel_max >   0.998 & shelter_expenses_by_hh_size > 171.000 & utilities <= 327.000","ranger",99,0.9596,0.913,48,39,0.8125,0.0088,0.0099,0.868,0.2038,0.9592,2.3
"4+","months_since_cert_n <=   2.500 & shelter_expenses_by_hh_size <= 164.000 & total_deductions_by_hh_size > 115.000 & unc_rawben_rel_max >   0.957","ranger",83,0.96386,0.91295,28,20,0.7143,0.0045,0.0093,0.507,0.2038,0.9592,2.3
"4+","expedited_i > 0.500 & months_since_cert_n > 4.500 & rawben_rel_max > 0.993 & unc_rawben_rel_max <= 1.250","ranger",144,0.95139,0.91269,78,72,0.9231,0.0162,0.0039,1.411,0.2038,0.9592,2.3
"4+","expedited_i >   0.500 & rawben_rel_max >   0.977 & total_deductions_by_hh_size <= 230.000","ranger",535,0.93271,0.91263,281,261,0.9288,0.0588,0.0193,5.084,0.2038,0.9592,2.3
"4+","expedited_i >   0.500 & rawben_rel_max >   0.969 & shelter_expenses_by_hh_size <= 253.000 & utilities >   9.000","ranger",201,0.94527,0.91249,87,83,0.954,0.0187,0.0029,1.574,0.2038,0.9592,2.3
"4+","children_i > 0.500 & expedited_i > 0.500 & HH_size_n <= 6.500 & unc_rawben_rel_max > 0.945","ranger",547,0.93236,0.91248,292,271,0.9281,0.061,0.0224,5.283,0.2038,0.9592,2.3
"4+","expedited_i >   0.500 & rawben_rel_max >   0.969 & unc_rawben_rel_max >   0.997 & utilities <= 560.000","ranger",443,0.93454,0.91245,229,211,0.9214,0.0475,0.0198,4.143,0.2038,0.9592,2.3
"4+","expedited_i >    0.500 & homeless <=    0.500 & unc_rawben_rel_max >    0.966 & utilities <= 1020.000","ranger",546,0.93223,0.91232,275,254,0.9236,0.0572,0.0215,4.976,0.2038,0.9592,2.3
"4+","children_i > 0.500 & expedited_i > 0.500 & rawben_rel_max > 0.962 & total_deductions_by_hh_size > 9.000","ranger",363,0.93664,0.91221,171,159,0.9298,0.0358,0.0114,3.094,0.2038,0.9592,2.3
"4+","cat_elig < 1.00 & HH_size_n < 5.00 & total_deductions_by_hh_size >= 1.25 & unc_rawben_rel_max >= 1.00","xgboost",186,0.94624,0.91208,94,83,0.883,0.0187,0.0099,1.701,0.2038,0.9592,2.3
"4+","medical_deductions <= 67.500 & rawben_rel_max >  0.999 & total_deductions_by_hh_size > 12.600 & utilities <= 29.500","ranger",113,0.95575,0.91189,62,53,0.8548,0.0119,0.0085,1.122,0.2038,0.9592,2.3
"4+","cat_elig <= 1.500 & expedited_i > 0.500 & months_since_cert_n > 3.500 & rawben_rel_max > 0.977","ranger",157,0.94904,0.91182,122,113,0.9262,0.0255,0.0078,2.207,0.2038,0.9592,2.3
"4+","total_deductions_by_hh_size >= 119.000 & total_deductions_by_hh_size < 168.000 & unc_rawben_rel_max >=   0.998 & unc_rawben_rel_max <   1.270","xgboost",554,0.93141,0.91156,466,396,0.8498,0.0892,0.0809,8.431,0.2038,0.9592,2.3
"4+","expedited_i >   0.500 & HH_size_n >   4.500 & total_deductions_by_hh_size <= 162.000 & unc_rawben_rel_max >   0.976","ranger",212,0.9434,0.91127,86,82,0.9535,0.0185,0.0036,1.556,0.2038,0.9592,2.3
"4+","expedited_i >   0.500 & rawben_rel_max >   0.962 & shelter_expenses_by_hh_size <= 260.000","ranger",424,0.93396,0.91124,222,210,0.9459,0.0473,0.012,4.017,0.2038,0.9592,2.3
"4+","expedited_i >   0.500 & shelter_expenses_by_hh_size <= 167.000 & unc_rawben_rel_max >   0.936 & unc_rawben_rel_max <=   1.240","ranger",332,0.93675,0.91105,182,170,0.9341,0.0383,0.0133,3.293,0.2038,0.9592,2.3
"4+","expedited_i > 0.500 & homeless <= 0.500 & rawben_rel_max > 0.962","ranger",550,0.93091,0.91093,284,263,0.9261,0.0592,0.0215,5.138,0.2038,0.9592,2.3
"4+","expedited_i >   0.500 & homeless <=   0.500 & rawben_rel_max >   0.962 & shelter_expenses_by_hh_size <= 480.000","ranger",537,0.9311,0.91087,272,254,0.9338,0.0572,0.0192,4.921,0.2038,0.9592,2.3
"4+","expedited_i >   0.500 & medical_deductions <=  72.500 & shelter_expenses_by_hh_size <= 320.000 & unc_rawben_rel_max >   0.974","ranger",473,0.93235,0.91079,242,226,0.9339,0.0509,0.0154,4.379,0.2038,0.9592,2.3
"4+","expedited_i > 0.500 & homeless <= 0.500 & percent_abawd <= 0.875 & unc_rawben_rel_max > 0.949","ranger",561,0.93048,0.91067,289,266,0.9204,0.0599,0.0242,5.229,0.2038,0.9592,2.3
"4+","expedited_i >   0.500 & months_since_cert_n <=   8.500 & shelter_expenses_by_hh_size > 176.000 & unc_rawben_rel_max >   0.997","ranger",169,0.94675,0.91065,91,82,0.9011,0.0185,0.01,1.646,0.2038,0.9592,2.3
"4+","count_divisible_by_100 <=   1.500 & expedited_i >   0.500 & shelter_expenses_by_hh_size <= 270.000 & unc_rawben_rel_max >   0.974","ranger",421,0.93349,0.91062,224,212,0.9464,0.0477,0.012,4.053,0.2038,0.9592,2.3
"4+","HH_size_n <=   5.500 & shelter_expenses_by_hh_size <= 207.000 & unc_rawben_rel_max >   0.976 & utilities > 518.000","ranger",224,0.94196,0.91061,116,107,0.9224,0.0241,0.0072,2.099,0.2038,0.9592,2.3
"4+","months_since_cert_n <=  28.500 & shelter_expenses_by_hh_size > 166.000 & unc_rawben_rel_max >   0.998 & unc_rawben_rel_max <=   1.160","ranger",508,0.9311,0.91024,279,257,0.9211,0.0579,0.0281,5.048,0.2038,0.9592,2.3
"4+","expedited_i >=   1.000 & months_since_cert_n >=   2.000 & rawben_rel_max >=   0.996 & utilities < 415.000","xgboost",223,0.9417,0.91021,133,120,0.9023,0.027,0.0136,2.406,0.2038,0.9592,2.3
"4+","total_deductions_by_hh_size >= 58.50 & unc_rawben_rel_max >=  1.02 & unc_rawben_rel_max <  1.16","xgboost",732,0.9276,0.91021,363,336,0.9256,0.0757,0.0321,6.568,0.2038,0.9592,2.3
"4+","rawben_rel_max >  0.9990 & shelter_expenses_by_hh_size <=  0.6250 & total_deductions_by_hh_size >  0.0686 & utilities <= 30.5000","ranger",47,0.97872,0.91008,18,16,0.8889,0.0036,0.0013,0.326,0.2038,0.9592,2.3
"4+","expedited_i >   0.500 & homeless <=   0.500 & total_deductions_by_hh_size <= 150.000 & unc_rawben_rel_max >   0.977","ranger",431,0.93271,0.91004,190,179,0.9421,0.0403,0.011,3.438,0.2038,0.9592,2.3
"4+","expedited_i > 0.500 & months_since_cert_n <= 3.500 & unc_rawben_rel_max > 0.976","ranger",302,0.93709,0.91,157,147,0.9363,0.0331,0.0124,2.841,0.2038,0.9592,2.3
"4+","children_i > 0.500 & expedited_i > 0.500 & unc_rawben_rel_max > 0.945","ranger",569,0.9297,0.90996,301,279,0.9269,0.0628,0.0232,5.446,0.2038,0.9592,2.3
"4+","expedited_i >   0.500 & percent_abawd <=   0.450 & rawben_rel_max >   0.966 & total_deductions_by_hh_size <= 233.000","ranger",544,0.93015,0.90996,280,260,0.9286,0.0586,0.0193,5.066,0.2038,0.9592,2.3
"4+","married >   0.500 & rawben_rel_max >   0.874 & shelter_expenses_by_hh_size <= 255.000 & utilities > 692.000","ranger",64,0.96875,0.90986,27,25,0.9259,0.0056,0.0013,0.489,0.2038,0.9592,2.3
"4+","unc_rawben_rel_max >=  1.07 & utilities < 41.00","xgboost",95,0.95789,0.90947,48,39,0.8125,0.0088,0.0094,0.868,0.2038,0.9592,2.3
"4+","expedited_i > 0.500 & married <= 0.500 & unc_rawben_rel_max > 0.962","ranger",415,0.93253,0.90935,233,215,0.9227,0.0484,0.0189,4.216,0.2038,0.9592,2.2
"4+","cat_elig <=   0.500 & shelter_expenses_by_hh_size > 177.000 & unc_rawben_rel_max >   0.998 & utilities <= 508.000","ranger",124,0.95161,0.90916,63,54,0.8571,0.0122,0.0071,1.14,0.2038,0.9592,2.2
"4+","expedited_i >=   1.00 & married <   1.00 & rawben_rel_max >=   0.99 & utilities >= 386.00","xgboost",166,0.94578,0.90908,86,79,0.9186,0.0178,0.0056,1.556,0.2038,0.9592,2.2
"4+","count_divisible_by_100 <=   0.500 & HH_size_n <=   4.500 & medical_deductions > 136.000 & rawben_rel_max <=   0.974","ranger",27,1,0.90891,16,10,0.625,0.0023,0.0036,0.289,0.2038,0.9592,2.2
"4+","homeless >  0.500 & unc_rawben_rel_max <=  0.977 & utilities <= 55.500","ranger",27,1,0.90891,15,14,0.9333,0.0032,4e-04,0.271,0.2038,0.9592,2.2
"4+","homeless >=   1.000 & unc_rawben_rel_max <   0.941 & utilities < 305.000","xgboost",27,1,0.90891,15,14,0.9333,0.0032,4e-04,0.271,0.2038,0.9592,2.2
"4+","count_divisible_by_100 <=  1.500 & expedited_i >  0.500 & unc_rawben_rel_max >  0.975 & utilities > 30.500","ranger",324,0.93519,0.90889,157,144,0.9172,0.0324,0.0124,2.841,0.2038,0.9592,2.2
"4+","expedited_i > 0.500 & homeless <= 0.500 & unc_rawben_rel_max > 0.949","ranger",562,0.92883,0.90885,291,268,0.921,0.0604,0.0242,5.265,0.2038,0.9592,2.2
"4+","expedited_i >   0.500 & married <=   0.500 & total_deductions_by_hh_size <= 150.000 & unc_rawben_rel_max >   0.962","ranger",336,0.93452,0.90867,168,157,0.9345,0.0354,0.011,3.04,0.2038,0.9592,2.2
"4+","expedited_i > 0.500 & percent_abawd <= 0.875 & rawben_rel_max > 0.947","ranger",573,0.92845,0.90865,301,278,0.9236,0.0626,0.0242,5.446,0.2038,0.9592,2.2
"4+","elderly_disabled_i <= 0.50 & HH_size_n <= 7.50 & unc_rawben_rel_max > 1.00 & unc_rawben_rel_max <= 1.17","ranger",1655,0.92024,0.90859,861,797,0.9257,0.1795,0.067,15.578,0.2038,0.9592,2.2
"4+","months_since_cert_n <= 25.5 & shelter_expenses_by_hh_size > 64.7 & unc_rawben_rel_max >  1.0 & utilities <= 45.0","ranger",94,0.95745,0.90854,48,40,0.8333,0.009,0.0095,0.868,0.2038,0.9592,2.2
"4+","cat_elig <= 0.500 & elderly_disabled_i > 0.500 & married > 0.500 & unc_rawben_rel_max > 0.622","ranger",63,0.96825,0.9085,40,33,0.825,0.0074,0.0045,0.724,0.2038,0.9592,2.2
"4+","elderly_disabled_i <=  0.500 & rawben_rel_max >  0.976 & rawben_rel_max <=  0.999 & shelter_expenses_by_hh_size <= 74.500","ranger",63,0.96825,0.9085,27,24,0.8889,0.0054,0.002,0.489,0.2038,0.9592,2.2
"4+","expedited_i >   0.5 & HH_size_n >   4.5 & unc_rawben_rel_max >   1.0 & utilities > 284.0","ranger",123,0.95122,0.90844,48,46,0.9583,0.0104,0.0015,0.868,0.2038,0.9592,2.2
"4+","expedited_i >   0.500 & rawben_rel_max >   0.969 & utilities <= 560.000","ranger",473,0.93023,0.90842,244,224,0.918,0.0505,0.0207,4.415,0.2038,0.9592,2.2
"4+","children_i > 0.50 & HH_size_n <= 7.50 & unc_rawben_rel_max > 1.00 & unc_rawben_rel_max <= 1.17","ranger",1767,0.91964,0.90835,903,831,0.9203,0.1872,0.0818,16.338,0.2038,0.9592,2.2
"4+","HH_size_n <=   7.500 & total_deductions_by_hh_size <= 182.000 & unc_rawben_rel_max >   0.998 & unc_rawben_rel_max <=   1.170","ranger",1602,0.9201,0.90823,819,757,0.9243,0.1705,0.0656,14.818,0.2038,0.9592,2.2
"4+","expedited_i >   0.500 & shelter_expenses_by_hh_size <= 167.000 & unc_rawben_rel_max >   0.936","ranger",347,0.93372,0.90822,183,171,0.9344,0.0385,0.0133,3.311,0.2038,0.9592,2.2
"4+","expedited_i >  0.500 & rawben_rel_max >  0.975 & shelter_expenses_by_hh_size > 58.800","ranger",334,0.93413,0.90813,159,147,0.9245,0.0331,0.0116,2.877,0.2038,0.9592,2.2
"4+","expedited_i > 0.500 & homeless <= 0.500 & months_since_cert_n <= 5.500 & unc_rawben_rel_max > 0.937","ranger",434,0.93088,0.90806,210,197,0.9381,0.0444,0.0174,3.8,0.2038,0.9592,2.2
"4+","expedited_i > 0.500 & months_since_cert_n <= 5.500 & percent_abawd <= 0.292 & rawben_rel_max > 0.945","ranger",433,0.93072,0.90785,212,199,0.9387,0.0448,0.0174,3.836,0.2038,0.9592,2.2
"4+","cat_elig <=  1.500 & expedited_i >  0.500 & unc_rawben_rel_max >  0.977 & utilities > 30.500","ranger",217,0.94009,0.90778,151,140,0.9272,0.0315,0.0111,2.732,0.2038,0.9592,2.2
"4+","expedited_i >  0.500 & homeless <=  0.500 & unc_rawben_rel_max >  0.976 & utilities > 41.500","ranger",320,0.93437,0.90777,155,142,0.9161,0.032,0.0124,2.804,0.2038,0.9592,2.2
"4+","expedited_i >=   1.00 & rawben_rel_max >=   0.99 & utilities >= 386.00","xgboost",243,0.93827,0.90773,125,115,0.92,0.0259,0.0082,2.262,0.2038,0.9592,2.2
"4+","expedited_i >   0.500 & rawben_rel_max >   0.969 & utilities > 560.000","ranger",78,0.96154,0.9076,45,44,0.9778,0.0099,7e-04,0.814,0.2038,0.9592,2.2
"4+","expedited_i >=   1.000 & rawben_rel_max >=   0.919 & shelter_expenses_by_hh_size < 444.000 & total_deductions_by_hh_size < 138.000","xgboost",407,0.9312,0.90759,203,191,0.9409,0.043,0.0133,3.673,0.2038,0.9592,2.2
"4+","expedited_i >=   1.000 & rawben_rel_max >=   0.952 & utilities < 495.000","xgboost",444,0.93018,0.90757,232,213,0.9181,0.048,0.0188,4.198,0.2038,0.9592,2.2
"4+","HH_size_n <=  7.500 & months_since_cert_n <= 33.500 & unc_rawben_rel_max >  0.999 & unc_rawben_rel_max <=  1.170","ranger",1784,0.91872,0.90743,914,842,0.9212,0.1896,0.0818,16.537,0.2038,0.9592,2.2
"4+","shelter_expenses_by_hh_size >=  71.80 & shelter_expenses_by_hh_size < 366.00 & unc_rawben_rel_max >=   1.00 & unc_rawben_rel_max <   1.18","xgboost",816,0.92402,0.90732,428,393,0.9182,0.0885,0.0425,7.744,0.2038,0.9592,2.2
"4+","total_deductions_by_hh_size >= 7.20 & unc_rawben_rel_max >= 1.00 & unc_rawben_rel_max < 1.13","xgboost",839,0.92372,0.90724,410,378,0.922,0.0851,0.038,7.418,0.2038,0.9592,2.2
"4+","shelter_expenses_by_hh_size < 431.000 & unc_rawben_rel_max >=   0.998 & unc_rawben_rel_max <   1.130 & utilities >= 386.000","xgboost",491,0.92872,0.90717,244,224,0.918,0.0505,0.0235,4.415,0.2038,0.9592,2.2
"4+","expedited_i >   0.500 & medical_deductions <= 136.000 & rawben_rel_max >   0.962 & total_deductions_by_hh_size <= 171.000","ranger",515,0.92816,0.90711,262,246,0.9389,0.0554,0.0169,4.74,0.2038,0.9592,2.2
"4+","HH_size_n <= 7.500 & unc_rawben_rel_max > 0.999 & unc_rawben_rel_max <= 1.170","ranger",1788,0.91834,0.90705,914,842,0.9212,0.1896,0.0818,16.537,0.2038,0.9592,2.2
"4+","count_divisible_by_100 <= 1.500 & expedited_i > 0.500 & HH_size_n <= 5.500 & rawben_rel_max > 0.961","ranger",478,0.92887,0.90702,267,247,0.9251,0.0556,0.0207,4.831,0.2038,0.9592,2.2
"4+","expedited_i >   0.500 & shelter_expenses_by_hh_size <= 480.000 & unc_rawben_rel_max >   0.958","ranger",550,0.92727,0.90689,284,266,0.9366,0.0599,0.0192,5.138,0.2038,0.9592,2.2
"4+","expedited_i >  0.500 & months_since_cert_n <=  3.500 & rawben_rel_max >  0.996 & utilities > 23.500","ranger",162,0.94444,0.90689,73,69,0.9452,0.0155,0.0065,1.321,0.2038,0.9592,2.2
"4+","children_i >   0.500 & rawben_rel_max >   0.999 & total_deductions_by_hh_size <= 396.000 & unc_rawben_rel_max <=   1.170","ranger",1817,0.918,0.90678,928,853,0.9192,0.1921,0.084,16.79,0.2038,0.9592,2.2
"4+","rawben_rel_max >  0.999 & total_deductions_by_hh_size > 11.400 & unc_rawben_rel_max >  0.977 & unc_rawben_rel_max <=  1.180","ranger",1103,0.92112,0.90672,552,509,0.9221,0.1146,0.0492,9.987,0.2038,0.9592,2.2
"4+","unc_rawben_rel_max >  1.00 & unc_rawben_rel_max <=  1.18 & utilities > 55.50","ranger",974,0.92197,0.90664,494,456,0.9231,0.1027,0.0447,8.938,0.2038,0.9592,2.2
"4+","expedited_i > 0.500 & married <= 0.500 & rawben_rel_max > 0.945","ranger",427,0.92974,0.90657,240,221,0.9208,0.0498,0.0207,4.342,0.2038,0.9592,2.2
"4+","cat_elig >  0.500 & percent_abawd <=  0.279 & rawben_rel_max >  0.999 & utilities <= 30.500","ranger",691,0.92475,0.90653,365,328,0.8986,0.0739,0.038,6.604,0.2038,0.9592,2.2
"4+","expedited_i >=   1.00 & months_since_cert_n <   5.00 & unc_rawben_rel_max >=   1.04 & utilities < 524.00","xgboost",278,0.93525,0.90653,129,119,0.9225,0.0268,0.0139,2.334,0.2038,0.9592,2.2
"4+","rawben_rel_max >   0.999 & shelter_expenses_by_hh_size > 139.000 & shelter_expenses_by_hh_size <= 243.000 & utilities > 718.000","ranger",134,0.94776,0.90636,61,60,0.9836,0.0135,4e-04,1.104,0.2038,0.9592,2.2
"4+","cat_elig > 1.500 & rawben_rel_max > 0.998 & unc_rawben_rel_max <= 1.170","ranger",736,0.92391,0.90624,90,85,0.9444,0.0191,0.0063,1.628,0.2038,0.9592,2.2
"4+","expedited_i >   0.500 & shelter_expenses_by_hh_size > 176.000 & unc_rawben_rel_max >   0.997","ranger",187,0.94118,0.90609,99,90,0.9091,0.0203,0.01,1.791,0.2038,0.9592,2.2
"4+","cat_elig >  0.500 & rawben_rel_max >  0.998 & utilities <= 40.500","ranger",710,0.92394,0.90592,378,340,0.8995,0.0766,0.0397,6.839,0.2038,0.9592,2.2
"4+","expedited_i >  0.500 & unc_rawben_rel_max >  0.975 & utilities > 30.500","ranger",326,0.93252,0.90592,157,144,0.9172,0.0324,0.0124,2.841,0.2038,0.9592,2.2
"4+","months_since_cert_n <=  31.50 & total_deductions_by_hh_size <= 212.00 & unc_rawben_rel_max >   1.00 & unc_rawben_rel_max <=   1.17","ranger",1732,0.91744,0.9059,898,826,0.9198,0.186,0.0759,16.248,0.2038,0.9592,2.2
"4+","cat_elig >  0.5 & months_since_cert_n <= 33.0 & unc_rawben_rel_max >  1.0 & utilities <= 30.5","ranger",697,0.92396,0.90576,368,331,0.8995,0.0745,0.038,6.658,0.2038,0.9592,2.2
"4+","expedited_i >   0.500 & rawben_rel_max >   0.999 & shelter_expenses_by_hh_size <= 325.000 & utilities <= 570.000","ranger",399,0.92982,0.90576,198,184,0.9293,0.0414,0.0145,3.582,0.2038,0.9592,2.2
"4+","HH_size_n <=   4.500 & medical_deductions > 136.000 & medical_deductions <= 180.000 & unc_rawben_rel_max <=   0.998","ranger",26,1,0.90573,10,6,0.6,0.0014,0.0028,0.181,0.2038,0.9592,2.2
"4+","children_i >  0.500 & expedited_i >  0.500 & unc_rawben_rel_max >  0.918 & utilities <= 30.500","ranger",225,0.93778,0.90573,134,126,0.9403,0.0284,0.009,2.424,0.2038,0.9592,2.2
"4+","expedited_i >  0.500 & percent_abawd <=  0.700 & unc_rawben_rel_max >  0.918 & utilities <= 30.500","ranger",225,0.93778,0.90573,134,126,0.9403,0.0284,0.009,2.424,0.2038,0.9592,2.2
"4+","married <=   0.5 & medical_deductions > 136.0 & utilities > 350.0","ranger",26,1,0.90573,14,10,0.7143,0.0023,0.0028,0.253,0.2038,0.9592,2.2
"4+","medical_deductions >   2.5 & months_since_cert_n <=   5.5 & total_deductions_by_hh_size > 161.0","ranger",26,1,0.90573,7,5,0.7143,0.0011,9e-04,0.127,0.2038,0.9592,2.2
"4+","expedited_i >   0.500 & total_deductions_by_hh_size <= 226.000 & unc_rawben_rel_max >   0.956","ranger",555,0.92613,0.90572,289,269,0.9308,0.0606,0.0193,5.229,0.2038,0.9592,2.2
"4+","cat_elig < 1.000 & elderly_disabled_i >= 1.000 & married >= 1.000 & unc_rawben_rel_max >= 0.645","xgboost",61,0.96721,0.90564,39,32,0.8205,0.0072,0.0045,0.706,0.2038,0.9592,2.2
"4+","medical_deductions <=  37.500 & rawben_rel_max >   0.803 & utilities > 278.000 & utilities <= 284.000","ranger",61,0.96721,0.90564,0,0,NA,0,0,0,0.2038,0.9592,2.2
"4+","children_i >   0.500 & rawben_rel_max >   0.998 & total_deductions_by_hh_size <= 257.000 & unc_rawben_rel_max <=   1.160","ranger",1738,0.91715,0.90561,889,817,0.919,0.184,0.0805,16.085,0.2038,0.9592,2.2
"4+","rawben_rel_max >   0.999 & total_deductions_by_hh_size <= 396.000 & unc_rawben_rel_max <=   1.170","ranger",1828,0.91685,0.9056,932,857,0.9195,0.193,0.084,16.863,0.2038,0.9592,2.2
"4+","HH_size_n <= 8.500 & rawben_rel_max > 0.999 & unc_rawben_rel_max <= 1.170","ranger",1816,0.91685,0.90556,928,853,0.9192,0.1921,0.0841,16.79,0.2038,0.9592,2.2
"4+","total_deductions_by_hh_size >=  58.50 & unc_rawben_rel_max >=   1.02 & unc_rawben_rel_max <   1.16 & utilities < 784.00","xgboost",660,0.92424,0.90551,322,299,0.9286,0.0673,0.0281,5.826,0.2038,0.9592,2.2
"4+","rawben_rel_max >   0.998 & shelter_expenses_by_hh_size > 167.000 & total_deductions_by_hh_size <= 276.000 & utilities <= 332.000","ranger",105,0.95238,0.9054,45,37,0.8222,0.0083,0.0087,0.814,0.2038,0.9592,2.2
"4+","rawben_rel_max >=   0.909 & shelter_expenses_by_hh_size < 150.000 & total_deductions_by_hh_size >= 120.000 & utilities >= 370.000","xgboost",105,0.95238,0.9054,52,47,0.9038,0.0106,0.0061,0.941,0.2038,0.9592,2.2
"4+","expedited_i > 0.500 & HH_size_n <= 5.500 & rawben_rel_max > 0.961","ranger",481,0.92723,0.90527,267,247,0.9251,0.0556,0.0207,4.831,0.2038,0.9592,2.2
"4+","cat_elig >   0.500 & medical_deductions <= 136.000 & rawben_rel_max >   0.999 & utilities <=  29.500","ranger",693,0.92352,0.90522,369,332,0.8997,0.0748,0.038,6.676,0.2038,0.9592,2.2
"4+","HH_size_n <=   4.500 & total_deductions_by_hh_size > 162.000 & unc_rawben_rel_max >   0.997 & unc_rawben_rel_max <=   1.200","ranger",274,0.93431,0.90519,127,116,0.9134,0.0261,0.0143,2.298,0.2038,0.9592,2.1
"4+","children_i > 0.50 & unc_rawben_rel_max > 1.00 & unc_rawben_rel_max <= 1.17","ranger",1819,0.91644,0.90514,926,850,0.9179,0.1914,0.0851,16.754,0.2038,0.9592,2.1
"4+","shelter_expenses_by_hh_size <= 518.000 & total_deductions_by_hh_size <= 222.000 & unc_rawben_rel_max >   0.999 & unc_rawben_rel_max <=   1.080","ranger",1287,0.91841,0.90497,659,603,0.915,0.1358,0.0589,11.923,0.2038,0.9592,2.1
"4+","rawben_rel_max >   0.95 & shelter_expenses_by_hh_size >   4.78 & shelter_expenses_by_hh_size <= 166.00 & total_deductions_by_hh_size > 104.00","ranger",359,0.93036,0.90489,179,157,0.8771,0.0354,0.0238,3.239,0.2038,0.9592,2.1
"4+","elderly_disabled_i <   1.000 & shelter_expenses_by_hh_size >= 157.000 & unc_rawben_rel_max >=   0.989 & unc_rawben_rel_max <   1.200","xgboost",550,0.92545,0.90488,330,303,0.9182,0.0682,0.0304,5.971,0.2038,0.9592,2.1
"4+","HH_size_n <= 4.500 & percent_abawd <= 0.292 & rawben_rel_max > 0.997 & unc_rawben_rel_max <= 1.260","ranger",1274,0.91837,0.90484,680,622,0.9147,0.1401,0.0608,12.303,0.2038,0.9592,2.1
"4+","expedited_i >  0.500 & months_since_cert_n >  3.500 & rawben_rel_max >  0.997 & utilities > 23.500","ranger",145,0.94483,0.90472,74,67,0.9054,0.0151,0.005,1.339,0.2038,0.9592,2.1
"4+","HH_size_n <=  7.500 & unc_rawben_rel_max >  0.998 & unc_rawben_rel_max <=  1.180 & utilities > 40.500","ranger",988,0.92004,0.90467,500,465,0.93,0.1047,0.0423,9.046,0.2038,0.9592,2.1
"4+","expedited_i >   0.500 & homeless <=   0.500 & rawben_rel_max >   0.956 & utilities <= 156.000","ranger",235,0.93617,0.90465,133,125,0.9398,0.0282,0.009,2.406,0.2038,0.9592,2.1
"4+","expedited_i >   0.500 & rawben_rel_max >   0.997 & shelter_expenses_by_hh_size <= 383.000 & utilities > 324.000","ranger",235,0.93617,0.90465,101,94,0.9307,0.0212,0.0076,1.827,0.2038,0.9592,2.1
"4+","cat_elig >  1.500 & married <=  0.500 & rawben_rel_max >  0.976 & shelter_expenses_by_hh_size <= 96.400","ranger",442,0.9276,0.90462,57,52,0.9123,0.0117,0.0063,1.031,0.2038,0.9592,2.1
"4+","months_since_cert_n <  2.00 & shelter_expenses_by_hh_size < 13.00 & unc_rawben_rel_max >=  1.06","xgboost",184,0.94022,0.90459,67,61,0.9104,0.0137,0.0047,1.212,0.2038,0.9592,2.1
"4+","count_divisible_by_100 <   1.000 & total_deductions_by_hh_size < 168.000 & unc_rawben_rel_max >=   0.998 & unc_rawben_rel_max <   1.140","xgboost",1293,0.91802,0.90458,649,601,0.926,0.1354,0.052,11.742,0.2038,0.9592,2.1
"4+","months_since_cert_n <  11.000 & total_deductions_by_hh_size < 286.000 & unc_rawben_rel_max >=   0.998 & unc_rawben_rel_max <   1.170","xgboost",1719,0.91623,0.90457,866,794,0.9169,0.1788,0.079,15.669,0.2038,0.9592,2.1
"4+","homeless <= 0.500 & rawben_rel_max > 0.998 & unc_rawben_rel_max <= 1.180","ranger",1884,0.91561,0.90446,954,876,0.9182,0.1973,0.0871,17.261,0.2038,0.9592,2.1
"4+","expedited_i >  0.500 & HH_size_n <=  7.500 & shelter_expenses_by_hh_size <= 82.000 & unc_rawben_rel_max >  0.909","ranger",247,0.93522,0.90445,137,129,0.9416,0.0291,0.009,2.479,0.2038,0.9592,2.1
"4+","expedited_i >   0.500 & months_since_cert_n <=   5.500 & rawben_rel_max >   0.976 & total_deductions_by_hh_size <= 150.000","ranger",345,0.93043,0.90439,146,138,0.9452,0.0311,0.0095,2.642,0.2038,0.9592,2.1
"4+","expedited_i >=   1.00 & months_since_cert_n <   1.00 & total_deductions_by_hh_size < 179.00 & unc_rawben_rel_max >=   1.06","xgboost",44,0.97727,0.90433,17,16,0.9412,0.0036,6e-04,0.308,0.2038,0.9592,2.1
"4+","expedited_i >   0.500 & rawben_rel_max >   0.892 & shelter_expenses_by_hh_size <= 105.000","ranger",296,0.93243,0.90431,163,151,0.9264,0.034,0.0126,2.949,0.2038,0.9592,2.1
"4+","HH_size_n < 7.00 & homeless < 1.00 & unc_rawben_rel_max >= 1.00 & unc_rawben_rel_max < 1.19","xgboost",1812,0.91556,0.90419,919,844,0.9184,0.1901,0.0865,16.627,0.2038,0.9592,2.1
"4+","months_since_cert_n <  2.00 & shelter_expenses_by_hh_size < 13.00 & unc_rawben_rel_max >=  1.05","xgboost",196,0.93878,0.90419,79,73,0.9241,0.0164,0.0047,1.429,0.2038,0.9592,2.1
"4+","cat_elig <   2.000 & expedited_i >=   1.000 & rawben_rel_max >=   0.909 & utilities < 502.000","xgboost",320,0.93125,0.90418,226,206,0.9115,0.0464,0.0189,4.089,0.2038,0.9592,2.1
"4+","total_deductions_by_hh_size <= 179.000 & unc_rawben_rel_max >   0.998 & unc_rawben_rel_max <=   1.170","ranger",1645,0.91611,0.90417,834,768,0.9209,0.173,0.069,15.09,0.2038,0.9592,2.1
"4+","expedited_i >= 1.000 & months_since_cert_n < 8.000 & rawben_rel_max >= 0.949 & unc_rawben_rel_max >= 0.828","xgboost",487,0.92608,0.90413,255,235,0.9216,0.0529,0.0224,4.614,0.2038,0.9592,2.1
"4+","cat_elig >   0.500 & expedited_i >   0.500 & unc_rawben_rel_max >   0.969 & utilities <= 560.000","ranger",344,0.93023,0.90412,173,158,0.9133,0.0356,0.0177,3.13,0.2038,0.9592,2.1
"4+","months_since_cert_n < 11.000 & unc_rawben_rel_max >=  0.998 & unc_rawben_rel_max <  1.170","xgboost",1744,0.91571,0.90411,878,806,0.918,0.1815,0.079,15.886,0.2038,0.9592,2.1
"4+","months_since_cert_n <  2.00 & total_deductions_by_hh_size < 13.20 & unc_rawben_rel_max >=  1.06","xgboost",183,0.93989,0.90408,66,60,0.9091,0.0135,0.0047,1.194,0.2038,0.9592,2.1
"4+","rawben_rel_max > 0.999 & unc_rawben_rel_max <= 1.170","ranger",1840,0.91522,0.90392,937,861,0.9189,0.1939,0.0851,16.953,0.2038,0.9592,2.1
"4+","expedited_i >  0.500 & months_since_cert_n <= 12.500 & unc_rawben_rel_max >  0.956 & utilities <= 55.500","ranger",233,0.93562,0.90385,137,129,0.9416,0.0291,0.009,2.479,0.2038,0.9592,2.1
"4+","cat_elig >  0.5000 & percent_abawd <=  0.0714 & rawben_rel_max >  0.9980 & utilities <= 40.5000","ranger",683,0.9224,0.90384,362,326,0.9006,0.0734,0.0381,6.55,0.2038,0.9592,2.1
"4+","cat_elig > 0.500 & HH_size_n <= 5.500 & unc_rawben_rel_max > 0.998 & unc_rawben_rel_max <= 1.210","ranger",1372,0.91691,0.90382,721,655,0.9085,0.1475,0.0718,13.045,0.2038,0.9592,2.1
"4+","total_deductions_by_hh_size <= 435.000 & unc_rawben_rel_max >   0.998 & unc_rawben_rel_max <=   1.170 & utilities >  30.500","ranger",955,0.91937,0.90367,484,451,0.9318,0.1016,0.0397,8.757,0.2038,0.9592,2.1
"4+","expedited_i >   0.500 & homeless <=   0.500 & total_deductions_by_hh_size > 150.000 & unc_rawben_rel_max >   0.977","ranger",103,0.95146,0.90362,89,79,0.8876,0.0178,0.0104,1.61,0.2038,0.9592,2.1
"4+","unc_rawben_rel_max >= 0.998 & unc_rawben_rel_max < 1.160","xgboost",1789,0.91504,0.90356,909,836,0.9197,0.1883,0.0817,16.447,0.2038,0.9592,2.1
"4+","rawben_rel_max > 0.998 & unc_rawben_rel_max <= 1.170","ranger",1843,0.91481,0.9035,943,867,0.9194,0.1953,0.0851,17.062,0.2038,0.9592,2.1
"4+","percent_abawd <= 0.583 & rawben_rel_max > 0.999 & unc_rawben_rel_max <= 1.180","ranger",1908,0.91457,0.90345,972,892,0.9177,0.2009,0.0889,17.586,0.2038,0.9592,2.1
"4+","HH_size_n <   7.00 & shelter_expenses_by_hh_size < 392.00 & unc_rawben_rel_max >=   1.00 & unc_rawben_rel_max <   1.07","xgboost",1152,0.91753,0.9032,589,539,0.9151,0.1214,0.0535,10.657,0.2038,0.9592,2.1
"4+","months_since_cert_n < 10.00 & total_deductions_by_hh_size >=  7.20 & unc_rawben_rel_max >=  1.00 & unc_rawben_rel_max <  1.13","xgboost",758,0.92084,0.90318,363,333,0.9174,0.075,0.0352,6.568,0.2038,0.9592,2.1
"4+","shelter_expenses_by_hh_size < 504.000 & unc_rawben_rel_max >=   0.998 & unc_rawben_rel_max <   1.120 & utilities < 912.000","xgboost",1538,0.91547,0.90306,754,694,0.9204,0.1563,0.0688,13.642,0.2038,0.9592,2.1
"4+","HH_size_n <= 5.500 & percent_abawd <= 0.583 & rawben_rel_max > 0.998 & unc_rawben_rel_max <= 1.260","ranger",2008,0.91384,0.90298,1029,928,0.9018,0.209,0.1103,18.618,0.2038,0.9592,2.1
"4+","rawben_rel_max >  0.962 & rawben_rel_max <=  0.998 & shelter_expenses_by_hh_size <= 50.800","ranger",74,0.95946,0.90282,38,32,0.8421,0.0072,0.0067,0.688,0.2038,0.9592,2.1
"4+","expedited_i >   0.500 & shelter_expenses_by_hh_size > 166.000 & unc_rawben_rel_max >   0.998","ranger",193,0.93782,0.90274,103,94,0.9126,0.0212,0.01,1.864,0.2038,0.9592,2.1
"4+","rawben_rel_max >   0.998 & shelter_expenses_by_hh_size > 164.000 & utilities <= 327.000","ranger",102,0.95098,0.90271,49,39,0.7959,0.0088,0.0108,0.887,0.2038,0.9592,2.1
"4+","married >= 1.00 & months_since_cert_n < 6.00 & unc_rawben_rel_max >= 1.00 & unc_rawben_rel_max < 1.18","xgboost",291,0.93127,0.90269,121,111,0.9174,0.025,0.0138,2.189,0.2038,0.9592,2.1
"4+","expedited_i > 0.500 & percent_abawd <= 0.700 & rawben_rel_max > 0.934","ranger",583,0.92281,0.90261,305,281,0.9213,0.0633,0.0245,5.518,0.2038,0.9592,2.1
"4+","cat_elig < 1.000 & expedited_i >= 1.000 & months_since_cert_n >= 4.000 & rawben_rel_max >= 0.949","xgboost",59,0.9661,0.9026,25,22,0.88,0.005,0.0016,0.452,0.2038,0.9592,2.1
"4+","expedited_i >=   1.000 & shelter_expenses_by_hh_size >= 314.000 & unc_rawben_rel_max >=   0.998 & unc_rawben_rel_max <   1.280","xgboost",59,0.9661,0.9026,41,36,0.878,0.0081,0.0061,0.742,0.2038,0.9592,2.1
"4+","expedited_i >  0.500 & medical_deductions <= 72.500 & rawben_rel_max >  0.997 & unc_rawben_rel_max <=  1.060","ranger",88,0.95455,0.90254,47,46,0.9787,0.0104,4e-04,0.85,0.2038,0.9592,2.1
"4+","homeless >  0.500 & rawben_rel_max <=  0.956 & shelter_expenses_by_hh_size <= 58.800","ranger",25,1,0.90233,11,10,0.9091,0.0023,6e-04,0.199,0.2038,0.9592,2.1
"4+","homeless >  0.500 & rawben_rel_max <=  0.962 & shelter_expenses_by_hh_size <= 50.800","ranger",25,1,0.90233,9,9,1,0.002,0,0.163,0.2038,0.9592,2.1
"4+","expedited_i > 0.50 & unc_rawben_rel_max > 0.94","ranger",581,0.92255,0.90228,305,282,0.9246,0.0635,0.0242,5.518,0.2038,0.9592,2.1
"4+","cat_elig >= 1.000 & expedited_i >= 1.000 & rawben_rel_max >= 0.949","xgboost",431,0.92575,0.90222,226,208,0.9204,0.0468,0.0211,4.089,0.2038,0.9592,2.1
"4+","months_since_cert_n <= 5.500 & percent_abawd <= 0.625 & unc_rawben_rel_max > 0.998 & unc_rawben_rel_max <= 1.170","ranger",1347,0.91537,0.90204,662,608,0.9184,0.1369,0.0575,11.978,0.2038,0.9592,2.1
"4+","expedited_i > 0.500 & HH_size_n <= 5.500 & married <= 0.500 & rawben_rel_max > 0.945","ranger",383,0.92689,0.90189,223,206,0.9238,0.0464,0.0182,4.035,0.2038,0.9592,2.1
"4+","shelter_expenses_by_hh_size < 431.000 & unc_rawben_rel_max >=   0.998 & unc_rawben_rel_max <   1.130","xgboost",1594,0.91405,0.90179,790,725,0.9177,0.1633,0.0741,14.293,0.2038,0.9592,2.1
"4+","children_i >  0.500 & months_since_cert_n <= 10.500 & rawben_rel_max >  0.999 & utilities <= 40.500","ranger",881,0.91827,0.90178,458,413,0.9017,0.093,0.0467,8.287,0.2038,0.9592,2.1
"4+","expedited_i > 0.500 & HH_size_n > 4.500 & married <= 0.500 & unc_rawben_rel_max > 0.933","ranger",153,0.94118,0.90156,76,69,0.9079,0.0155,0.0063,1.375,0.2038,0.9592,2.1
"4+","rawben_rel_max >   0.999 & shelter_expenses_by_hh_size <= 243.000 & utilities > 718.000","ranger",153,0.94118,0.90156,74,72,0.973,0.0162,0.0011,1.339,0.2038,0.9592,2.1
"4+","expedited_i <=  0.500 & rawben_rel_max >  0.999 & shelter_expenses_by_hh_size >  0.625 & utilities <= 41.500","ranger",114,0.94737,0.90145,64,53,0.8281,0.0119,0.011,1.158,0.2038,0.9592,2.1
"4+","HH_size_n <=   5.500 & rawben_rel_max >   0.997 & total_deductions_by_hh_size <= 367.000 & utilities <=  40.500","ranger",822,0.91849,0.90139,430,386,0.8977,0.0869,0.0455,7.78,0.2038,0.9592,2.1
"4+","expedited_i >  0.500 & unc_rawben_rel_max >  0.918 & utilities <= 30.500","ranger",227,0.93392,0.90137,135,127,0.9407,0.0286,0.009,2.443,0.2038,0.9592,2.1
"4+","unc_rawben_rel_max >  0.999 & unc_rawben_rel_max <=  1.050 & utilities <= 30.500","ranger",165,0.93939,0.90118,78,70,0.8974,0.0158,0.008,1.411,0.2038,0.9592,2.1
"4+","months_since_cert_n >= 4.000 & unc_rawben_rel_max >= 0.998 & unc_rawben_rel_max < 1.160","xgboost",864,0.91782,0.90112,466,427,0.9163,0.0962,0.0473,8.431,0.2038,0.9592,2.1
"4+","months_since_cert_n <= 23.500 & percent_abawd <=  0.875 & unc_rawben_rel_max >  0.999 & utilities <= 40.500","ranger",930,0.9172,0.9011,484,437,0.9029,0.0984,0.0499,8.757,0.2038,0.9592,2.1
"4+","cat_elig >  0.500 & shelter_expenses_by_hh_size <= 17.400 & unc_rawben_rel_max >  0.962 & utilities <= 28.500","ranger",652,0.92025,0.90101,338,307,0.9083,0.0691,0.0343,6.115,0.2038,0.9592,2.1
"4+","elderly_disabled_i <=  0.500 & married <=  0.500 & rawben_rel_max >  0.962 & utilities <= 30.500","ranger",851,0.91774,0.90089,450,405,0.9,0.0912,0.0474,8.142,0.2038,0.9592,2.1
"4+","expedited_i >   0.500 & medical_deductions <=  72.500 & rawben_rel_max >   0.926 & utilities <= 966.000","ranger",584,0.92123,0.90089,303,277,0.9142,0.0624,0.0255,5.482,0.2038,0.9592,2.1
"4+","expedited_i <  1.000 & shelter_expenses_by_hh_size >= 71.800 & unc_rawben_rel_max >=  0.998 & unc_rawben_rel_max <  1.170","xgboost",740,0.91892,0.90085,392,360,0.9184,0.0811,0.0384,7.092,0.2038,0.9592,2.1
"4+","shelter_expenses_by_hh_size < 366.00 & unc_rawben_rel_max >=   1.00 & unc_rawben_rel_max <   1.18","xgboost",1803,0.91237,0.90079,915,839,0.9169,0.189,0.0859,16.555,0.2038,0.9592,2.1
"4+","cat_elig <= 0.500 & expedited_i > 0.500 & HH_size_n <= 6.500 & unc_rawben_rel_max > 0.908","ranger",139,0.94245,0.90072,75,70,0.9333,0.0158,0.0027,1.357,0.2038,0.9592,2.1
"4+","months_since_cert_n <=   5.500 & rawben_rel_max >   0.999 & total_deductions_by_hh_size <= 172.000 & unc_rawben_rel_max <=   1.170","ranger",1188,0.91498,0.90071,574,526,0.9164,0.1185,0.0471,10.385,0.2038,0.9592,2.1
"4+","expedited_i >   0.50 & shelter_expenses_by_hh_size > 265.00 & unc_rawben_rel_max >   0.99 & utilities >  30.50","ranger",113,0.9469,0.9006,63,55,0.873,0.0124,0.009,1.14,0.2038,0.9592,2.1
"4+","expedited_i >  0.500 & unc_rawben_rel_max >  0.956 & utilities <= 55.500","ranger",237,0.93249,0.90051,138,130,0.942,0.0293,0.009,2.497,0.2038,0.9592,2
"4+","months_since_cert_n <  2.000 & total_deductions_by_hh_size < 15.000 & unc_rawben_rel_max >=  0.977","xgboost",237,0.93249,0.90051,95,86,0.9053,0.0194,0.0091,1.719,0.2038,0.9592,2
"4+","months_since_cert_n <=  1.500 & total_deductions_by_hh_size <= 11.800 & unc_rawben_rel_max >  0.956","ranger",237,0.93249,0.90051,96,87,0.9062,0.0196,0.0091,1.737,0.2038,0.9592,2
"4+","cat_elig > 0.50 & children_i > 0.50 & expedited_i > 0.50 & unc_rawben_rel_max > 0.94","ranger",434,0.92396,0.90031,227,210,0.9251,0.0473,0.0201,4.107,0.2038,0.9592,2
"4+","cat_elig > 1.500 & rawben_rel_max > 0.998 & unc_rawben_rel_max <= 1.200","ranger",824,0.91748,0.90031,101,92,0.9109,0.0207,0.0112,1.827,0.2038,0.9592,2
"4+","elderly_disabled_i <=  0.5 & married <=  0.5 & unc_rawben_rel_max >  1.0 & utilities <= 40.5","ranger",791,0.91783,0.9003,421,380,0.9026,0.0856,0.0421,7.617,0.2038,0.9592,2
"4+","months_since_cert_n >  7.500 & total_deductions_by_hh_size <= 10.200 & unc_rawben_rel_max >  0.956","ranger",151,0.9404,0.90029,79,72,0.9114,0.0162,0.0077,1.429,0.2038,0.9592,2
"4+","expedited_i >   0.500 & shelter_expenses_by_hh_size > 320.000 & unc_rawben_rel_max >   0.974","ranger",72,0.95833,0.90023,47,42,0.8936,0.0095,0.0061,0.85,0.2038,0.9592,2
"4+","total_deductions_by_hh_size >=  58.50 & unc_rawben_rel_max >=   1.02 & unc_rawben_rel_max <   1.16 & utilities >= 784.00","xgboost",72,0.95833,0.90023,41,37,0.9024,0.0083,0.0039,0.742,0.2038,0.9592,2
"4+","cat_elig <= 1.500 & expedited_i > 0.500 & months_since_cert_n <= 3.500 & rawben_rel_max > 0.977","ranger",188,0.93617,0.90021,152,142,0.9342,0.032,0.0124,2.75,0.2038,0.9592,2
"4+","expedited_i >  0.5 & HH_size_n <=  6.5 & total_deductions_by_hh_size <= 12.8 & utilities <= 30.5","ranger",212,0.93396,0.90008,133,122,0.9173,0.0275,0.0121,2.406,0.2038,0.9592,2
"4+","cat_elig <= 0.50 & children_i > 0.50 & expedited_i > 0.50 & unc_rawben_rel_max > 0.94","ranger",138,0.94203,0.90002,75,70,0.9333,0.0158,0.0031,1.357,0.2038,0.9592,2
"4+","expedited_i >   0.5 & HH_size_n >   4.5 & HH_size_n <=   6.5 & utilities <= 368.0","ranger",138,0.94203,0.90002,56,51,0.9107,0.0115,0.0037,1.013,0.2038,0.9592,2
"4+","expedited_i > 0.500 & HH_size_n > 4.500 & married <= 0.500 & unc_rawben_rel_max > 0.877","ranger",163,0.93865,0.9,82,70,0.8537,0.0158,0.0088,1.484,0.2038,0.9592,2
"4+","expedited_i > 0.500 & months_since_cert_n > 4.500 & rawben_rel_max > 0.993","ranger",163,0.93865,0.9,95,85,0.8947,0.0191,0.0071,1.719,0.2038,0.9592,2
"4+","percent_abawd <=   0.583 & total_deductions_by_hh_size <= 319.000 & unc_rawben_rel_max >   0.999 & utilities <=  40.500","ranger",930,0.91613,0.89994,483,436,0.9027,0.0982,0.0499,8.739,0.2038,0.9592,2
"4+","cat_elig >  0.500 & percent_abawd <=  0.292 & unc_rawben_rel_max >  0.977 & utilities <= 41.500","ranger",755,0.91788,0.89991,394,355,0.901,0.08,0.0415,7.129,0.2038,0.9592,2
"4+","cat_elig <   1.00 & unc_rawben_rel_max >=   1.08 & utilities >= 391.00 & utilities < 483.00","xgboost",99,0.94949,0.89987,68,60,0.8824,0.0135,0.007,1.23,0.2038,0.9592,2
"4+","children_i >  0.500 & married <=  0.500 & unc_rawben_rel_max >  0.998 & utilities <= 40.500","ranger",798,0.91729,0.89981,422,380,0.9005,0.0856,0.0426,7.635,0.2038,0.9592,2
"4+","married >   0.500 & rawben_rel_max >   0.999 & total_deductions_by_hh_size <= 319.000 & unc_rawben_rel_max <=   1.160","ranger",352,0.92614,0.89981,149,139,0.9329,0.0313,0.0149,2.696,0.2038,0.9592,2
"4+","expedited_i > 0.500 & HH_size_n > 4.500 & HH_size_n <= 5.500 & rawben_rel_max > 0.959","ranger",150,0.94,0.89964,67,64,0.9552,0.0144,0.0028,1.212,0.2038,0.9592,2
"4+","months_since_cert_n < 6.00 & unc_rawben_rel_max >= 1.00 & unc_rawben_rel_max < 1.18","xgboost",1398,0.91273,0.8995,681,626,0.9192,0.141,0.059,12.321,0.2038,0.9592,2
"4+","cat_elig >   1.500 & rawben_rel_max >   0.961 & total_deductions_by_hh_size <= 174.000 & utilities <=  29.500","ranger",419,0.92363,0.89946,55,50,0.9091,0.0113,0.0059,0.995,0.2038,0.9592,2
"4+","expedited_i >  0.500 & percent_abawd <=  0.118 & total_deductions_by_hh_size > 11.800 & unc_rawben_rel_max >  0.947","ranger",362,0.92541,0.89941,169,154,0.9112,0.0347,0.0151,3.058,0.2038,0.9592,2
"4+","months_since_cert_n >   9.500 & rawben_rel_max >   0.998 & total_deductions_by_hh_size > 150.000 & total_deductions_by_hh_size <= 318.000","ranger",57,0.96491,0.89936,52,48,0.9231,0.0108,0.0034,0.941,0.2038,0.9592,2
"4+","shelter_expenses_by_hh_size <=  8.40 & total_deductions_by_hh_size >  3.66 & total_deductions_by_hh_size <= 12.30","ranger",57,0.96491,0.89936,27,21,0.7778,0.0047,0.0067,0.489,0.2038,0.9592,2
"4+","expedited_i <= 0.500 & married > 0.500 & unc_rawben_rel_max > 0.999 & unc_rawben_rel_max <= 1.120","ranger",234,0.93162,0.89926,104,96,0.9231,0.0216,0.0119,1.882,0.2038,0.9592,2
"4+","HH_size_n <=  6.500 & rawben_rel_max >  0.999 & utilities <= 30.500","ranger",880,0.91591,0.89922,456,412,0.9035,0.0928,0.0464,8.25,0.2038,0.9592,2
"4+","married <=  0.500 & months_since_cert_n <= 23.500 & rawben_rel_max >  0.999 & utilities <= 41.500","ranger",804,0.91667,0.8992,425,383,0.9012,0.0863,0.0426,7.69,0.2038,0.9592,2
"4+","expedited_i >   0.5 & months_since_cert_n <=   6.5 & shelter_expenses_by_hh_size <= 167.0 & total_deductions_by_hh_size <=  14.2","ranger",198,0.93434,0.89914,112,102,0.9107,0.023,0.0123,2.026,0.2038,0.9592,2
"4+","percent_abawd <=  0.875 & unc_rawben_rel_max >  0.999 & utilities <= 40.500","ranger",933,0.91533,0.89911,484,437,0.9029,0.0984,0.0499,8.757,0.2038,0.9592,2
"4+","unc_rawben_rel_max >  0.999 & unc_rawben_rel_max <=  1.460 & utilities <= 40.500","ranger",933,0.91533,0.89911,484,438,0.905,0.0986,0.0483,8.757,0.2038,0.9592,2
"4+","count_divisible_by_100 <=   1.500 & expedited_i >   0.500 & shelter_expenses_by_hh_size > 270.000 & unc_rawben_rel_max >   0.974","ranger",124,0.94355,0.89904,65,56,0.8615,0.0126,0.0095,1.176,0.2038,0.9592,2
"4+","married <=  0.5 & unc_rawben_rel_max >  1.0 & utilities <= 40.5","ranger",802,0.91646,0.89895,425,383,0.9012,0.0863,0.0426,7.69,0.2038,0.9592,2
"4+","cat_elig < 1.00 & unc_rawben_rel_max >= 1.01 & unc_rawben_rel_max < 1.05","xgboost",71,0.95775,0.89889,41,36,0.878,0.0081,0.0062,0.742,0.2038,0.9592,2
"4+","elderly_disabled_i <   1.000 & rawben_rel_max >=   0.952 & total_deductions_by_hh_size < 124.000 & utilities >= 723.000","xgboost",71,0.95775,0.89889,31,27,0.871,0.0061,0.0036,0.561,0.2038,0.9592,2
"4+","count_divisible_by_100 <=   1.500 & total_deductions_by_hh_size <= 315.000 & unc_rawben_rel_max >   0.999 & utilities <=  30.500","ranger",920,0.91522,0.89887,473,429,0.907,0.0966,0.0451,8.558,0.2038,0.9592,2
"4+","months_since_cert_n <= 23.500 & rawben_rel_max >  0.999 & utilities <= 30.500","ranger",920,0.91522,0.89887,476,430,0.9034,0.0968,0.0483,8.612,0.2038,0.9592,2
"4+","homeless <=  0.500 & rawben_rel_max >  0.999 & unc_rawben_rel_max >  0.977 & utilities <= 41.500","ranger",909,0.91529,0.89884,462,416,0.9004,0.0937,0.049,8.359,0.2038,0.9592,2
"4+","children_i >  0.500 & rawben_rel_max >  0.999 & utilities <= 40.500","ranger",929,0.91496,0.89868,482,435,0.9025,0.098,0.0499,8.721,0.2038,0.9592,2
"4+","elderly_disabled_i <= 0.500 & HH_size_n <= 5.500 & rawben_rel_max > 0.974 & unc_rawben_rel_max <= 1.250","ranger",2078,0.90953,0.89864,1062,959,0.903,0.216,0.1073,19.215,0.2038,0.9592,2
"4+","cat_elig >  0.500 & percent_abawd <=  0.292 & rawben_rel_max >  0.975 & shelter_expenses_by_hh_size <= 65.200","ranger",756,0.91667,0.89861,376,344,0.9149,0.0775,0.0327,6.803,0.2038,0.9592,2
"4+","cat_elig >  1.500 & homeless <=  0.500 & rawben_rel_max >  0.961 & total_deductions_by_hh_size <= 12.700","ranger",359,0.92479,0.89858,44,42,0.9545,0.0095,0.0035,0.796,0.2038,0.9592,2
"4+","months_since_cert_n <=  23.500 & shelter_expenses_by_hh_size <= 406.000 & unc_rawben_rel_max >   0.999 & utilities <=  30.500","ranger",917,0.91494,0.89854,474,429,0.9051,0.0966,0.0475,8.576,0.2038,0.9592,2
"4+","homeless <=  0.500 & unc_rawben_rel_max >  0.999 & utilities <= 30.500","ranger",895,0.91508,0.89848,453,408,0.9007,0.0919,0.0474,8.196,0.2038,0.9592,2
"4+","cat_elig >  0.50 & shelter_expenses_by_hh_size <= 66.50 & unc_rawben_rel_max >  0.94 & utilities <= 33.50","ranger",722,0.9169,0.8984,362,328,0.9061,0.0739,0.0362,6.55,0.2038,0.9592,2
"4+","percent_abawd <=  0.279 & rawben_rel_max >  0.999 & utilities <= 30.500","ranger",915,0.91475,0.89832,471,425,0.9023,0.0957,0.0483,8.522,0.2038,0.9592,2
"4+","HH_size_n <   8.000 & unc_rawben_rel_max >=   0.998 & unc_rawben_rel_max <   1.240 & utilities >= 452.000","xgboost",732,0.91667,0.89829,361,334,0.9252,0.0752,0.0271,6.532,0.2038,0.9592,2
"4+","rawben_rel_max >  0.999 & unc_rawben_rel_max <=  1.370 & utilities <= 41.500","ranger",936,0.91453,0.89828,484,438,0.905,0.0986,0.0483,8.757,0.2038,0.9592,2
"4+","cat_elig >  0.500 & rawben_rel_max >  0.975 & shelter_expenses_by_hh_size <= 65.200","ranger",764,0.91623,0.89824,379,347,0.9156,0.0782,0.0327,6.857,0.2038,0.9592,2
"4+","elderly_disabled_i <=   0.500 & rawben_rel_max >   0.999 & total_deductions_by_hh_size <= 208.000 & utilities <=  30.500","ranger",903,0.91473,0.89817,470,425,0.9043,0.0957,0.0478,8.504,0.2038,0.9592,2
"4+","expedited_i >  0.500 & medical_deductions <= 72.500 & rawben_rel_max >  0.926","ranger",590,0.91864,0.89816,311,285,0.9164,0.0642,0.0255,5.627,0.2038,0.9592,2
"4+","elderly_disabled_i <=  0.500 & months_since_cert_n <= 23.500 & unc_rawben_rel_max >  0.956 & utilities <= 41.500","ranger",1020,0.91373,0.89815,529,474,0.896,0.1068,0.0623,9.571,0.2038,0.9592,2
"4+","elderly_disabled_i <=  0.500 & homeless <=  0.500 & unc_rawben_rel_max >  0.976 & utilities <= 41.500","ranger",956,0.91423,0.89813,484,436,0.9008,0.0982,0.0521,8.757,0.2038,0.9592,2
"4+","expedited_i >  0.500 & percent_abawd <=  0.875 & total_deductions_by_hh_size <= 12.400 & unc_rawben_rel_max >  0.956","ranger",196,0.93367,0.89813,125,117,0.936,0.0264,0.009,2.262,0.2038,0.9592,2
"4+","married <=  0.500 & rawben_rel_max >  0.999 & utilities <= 41.500","ranger",806,0.91563,0.8981,425,383,0.9012,0.0863,0.0426,7.69,0.2038,0.9592,2
"4+","elderly_disabled_i <=   0.500 & rawben_rel_max >   0.975 & total_deductions_by_hh_size <= 462.000 & unc_rawben_rel_max <=   1.180","ranger",2015,0.90918,0.89809,1027,940,0.9153,0.2117,0.0869,18.582,0.2038,0.9592,2
"4+","cat_elig >  0.500 & percent_abawd <=  0.292 & unc_rawben_rel_max >  0.956 & utilities <= 30.500","ranger",773,0.91591,0.89801,403,360,0.8933,0.0811,0.0484,7.291,0.2038,0.9592,2
"4+","cat_elig >   1.500 & children_i >   0.500 & shelter_expenses_by_hh_size <= 176.000 & unc_rawben_rel_max >   0.962","ranger",761,0.9159,0.89784,89,79,0.8876,0.0178,0.012,1.61,0.2038,0.9592,2
"4+","medical_deductions <= 142.000 & percent_abawd <=   0.583 & rawben_rel_max >   0.998 & utilities <=  40.500","ranger",932,0.91416,0.89784,483,436,0.9027,0.0982,0.0499,8.739,0.2038,0.9592,2
"4+","married >= 1.000 & rawben_rel_max >= 0.711 & unc_rawben_rel_max >= 1.000 & unc_rawben_rel_max < 1.150","xgboost",345,0.92464,0.89781,144,134,0.9306,0.0302,0.0149,2.605,0.2038,0.9592,2
"4+","count_divisible_by_100 <=  1.500 & unc_rawben_rel_max >  0.999 & utilities <= 30.500","ranger",921,0.91422,0.8978,474,429,0.9051,0.0966,0.0456,8.576,0.2038,0.9592,2
"4+","medical_deductions <= 56.50 & unc_rawben_rel_max >  1.00 & unc_rawben_rel_max <=  1.46 & utilities <= 30.50","ranger",921,0.91422,0.8978,475,429,0.9032,0.0966,0.0483,8.594,0.2038,0.9592,2
"4+","married > 0.500 & rawben_rel_max > 0.999 & unc_rawben_rel_max <= 1.160","ranger",356,0.92416,0.89774,151,141,0.9338,0.0318,0.0149,2.732,0.2038,0.9592,2
"4+","cat_elig > 0.500 & unc_rawben_rel_max > 0.998 & unc_rawben_rel_max <= 1.210","ranger",1686,0.90985,0.89771,874,794,0.9085,0.1788,0.0936,15.813,0.2038,0.9592,2
"4+","elderly_disabled_i <=   0.500 & medical_deductions <= 137.000 & unc_rawben_rel_max >   0.962 & utilities <=  41.500","ranger",1005,0.91343,0.89771,523,470,0.8987,0.1059,0.0585,9.463,0.2038,0.9592,2
"4+","shelter_expenses_by_hh_size >=  83.00 & total_deductions_by_hh_size >= 101.00 & unc_rawben_rel_max >=   1.08 & unc_rawben_rel_max <   1.21","xgboost",456,0.92105,0.89771,272,240,0.8824,0.0541,0.0433,4.921,0.2038,0.9592,2
"4+","elderly_disabled_i <= 0.500 & rawben_rel_max > 0.975 & unc_rawben_rel_max <= 1.180","ranger",2017,0.90878,0.89767,1028,941,0.9154,0.2119,0.0869,18.6,0.2038,0.9592,2
"4+","elderly_disabled_i <=  0.500 & unc_rawben_rel_max >  0.999 & unc_rawben_rel_max <=  1.050 & utilities <= 30.500","ranger",159,0.93711,0.89755,76,68,0.8947,0.0153,0.008,1.375,0.2038,0.9592,2
"4+","cat_elig >= 1 & months_since_cert_n < 2 & shelter_expenses_by_hh_size < 9","xgboost",230,0.93043,0.89754,115,101,0.8783,0.0227,0.016,2.081,0.2038,0.9592,2
"4+","HH_size_n <=  6.500 & rawben_rel_max >  0.997 & utilities <= 29.500","ranger",876,0.91438,0.89753,458,414,0.9039,0.0932,0.0464,8.287,0.2038,0.9592,2
"4+","shelter_expenses_by_hh_size <=  10.100 & total_deductions_by_hh_size >   0.775 & total_deductions_by_hh_size <= 167.000 & unc_rawben_rel_max >   0.999","ranger",70,0.95714,0.89751,35,32,0.9143,0.0072,0.0022,0.633,0.2038,0.9592,2
"4+","cat_elig >=  1.00 & months_since_cert_n <  9.00 & unc_rawben_rel_max >=  1.06 & utilities < 31.00","xgboost",455,0.92088,0.89749,242,216,0.8926,0.0486,0.0269,4.379,0.2038,0.9592,2
"4+","elderly_disabled_i <=  0.500 & percent_abawd <=  0.750 & rawben_rel_max >  0.976 & utilities <= 40.000","ranger",981,0.91335,0.89742,503,454,0.9026,0.1023,0.053,9.101,0.2038,0.9592,2
"4+","cat_elig > 1.500 & HH_size_n <= 6.500 & rawben_rel_max > 0.998 & unc_rawben_rel_max <= 1.210","ranger",800,0.915,0.89735,95,86,0.9053,0.0194,0.0112,1.719,0.2038,0.9592,2
"4+","cat_elig >= 2.000 & rawben_rel_max >= 0.692 & unc_rawben_rel_max >= 1.060 & unc_rawben_rel_max < 1.130","xgboost",410,0.92195,0.89729,57,55,0.9649,0.0124,0.003,1.031,0.2038,0.9592,2
"4+","children_i >  0.500 & elderly_disabled_i <=  0.500 & rawben_rel_max >  0.998 & utilities <= 41.500","ranger",916,0.91376,0.89725,476,430,0.9034,0.0968,0.0495,8.612,0.2038,0.9592,2
"4+","children_i >  0.500 & medical_deductions <=  0.500 & rawben_rel_max >  0.999 & utilities <= 30.500","ranger",916,0.91376,0.89725,473,427,0.9027,0.0962,0.0483,8.558,0.2038,0.9592,2
"4+","HH_size_n <=   4.500 & rawben_rel_max >   0.962 & total_deductions_by_hh_size <= 170.000 & utilities <=  30.500","ranger",617,0.91734,0.89723,322,293,0.9099,0.066,0.032,5.826,0.2038,0.9592,2
"4+","cat_elig >=   1.000 & expedited_i >=   1.000 & rawben_rel_max >=   0.949 & utilities < 612.000","xgboost",376,0.92287,0.8971,186,171,0.9194,0.0385,0.0177,3.365,0.2038,0.9592,2
"4+","elderly_disabled_i <=  0.500 & rawben_rel_max >  0.962 & utilities <= 30.500","ranger",987,0.91287,0.89695,511,460,0.9002,0.1036,0.0561,9.246,0.2038,0.9592,2
"4+","count_divisible_by_100 <=  1.500 & HH_size_n <=  4.500 & unc_rawben_rel_max >  0.977 & utilities <= 40.500","ranger",626,0.91693,0.89694,328,298,0.9085,0.0671,0.0291,5.935,0.2038,0.9592,2
"4+","count_divisible_by_100 <=   0.500 & months_since_cert_n >   6.500 & shelter_expenses_by_hh_size <= 161.000 & unc_rawben_rel_max >   0.989","ranger",342,0.92398,0.89693,187,172,0.9198,0.0387,0.0161,3.383,0.2038,0.9592,2
"4+","cat_elig >   1.500 & homeless <=   0.500 & shelter_expenses_by_hh_size <= 212.000 & unc_rawben_rel_max >   0.956","ranger",839,0.91418,0.89691,102,90,0.8824,0.0203,0.0133,1.845,0.2038,0.9592,2
"4+","rawben_rel_max >  0.999 & utilities <= 30.500","ranger",923,0.91333,0.89686,476,430,0.9034,0.0968,0.0483,8.612,0.2038,0.9592,2
"4+","expedited_i > 0.500 & rawben_rel_max > 0.926","ranger",593,0.91737,0.89682,311,285,0.9164,0.0642,0.0255,5.627,0.2038,0.9592,2
"4+","children_i >  0.500 & rawben_rel_max >  0.998 & utilities <= 41.500","ranger",933,0.91318,0.8968,482,435,0.9025,0.098,0.0499,8.721,0.2038,0.9592,2
"4+","HH_size_n <= 9.500 & married <= 0.500 & rawben_rel_max > 0.999 & unc_rawben_rel_max <= 1.250","ranger",1866,0.90836,0.89677,983,890,0.9054,0.2005,0.0997,17.785,0.2038,0.9592,2
"4+","medical_deductions <= 56.5 & unc_rawben_rel_max >  1.0 & utilities <= 30.5","ranger",922,0.91323,0.89675,475,429,0.9032,0.0966,0.0483,8.594,0.2038,0.9592,2
"4+","rawben_rel_max >=   0.976 & total_deductions_by_hh_size >= 101.000 & total_deductions_by_hh_size < 183.000 & unc_rawben_rel_max <   1.240","xgboost",869,0.91369,0.89671,537,476,0.8864,0.1072,0.0655,9.716,0.2038,0.9592,2
"4+","shelter_expenses_by_hh_size <= 255.000 & total_deductions_by_hh_size > 103.000 & total_deductions_by_hh_size <= 368.000 & unc_rawben_rel_max >   0.998","ranger",795,0.91447,0.89671,422,367,0.8697,0.0827,0.0687,7.635,0.2038,0.9592,2
"4+","HH_size_n <   5.00 & unc_rawben_rel_max >=   1.08 & unc_rawben_rel_max <   1.21 & utilities < 676.00","xgboost",330,0.92424,0.89668,178,158,0.8876,0.0356,0.0247,3.221,0.2038,0.9592,2
"4+","medical_deductions <=  0.500 & rawben_rel_max >  0.999 & utilities <= 30.500","ranger",921,0.91314,0.89664,476,430,0.9034,0.0968,0.0483,8.612,0.2038,0.9592,2
"4+","HH_size_n <  7.00 & unc_rawben_rel_max >=  1.02 & utilities < 42.00","xgboost",825,0.91394,0.89649,442,399,0.9027,0.0899,0.0464,7.997,0.2038,0.9592,2
"4+","HH_size_n <=   7.500 & unc_rawben_rel_max >   0.998 & unc_rawben_rel_max <=   1.260 & utilities > 390.000","ranger",1066,0.91182,0.89647,560,505,0.9018,0.1137,0.0677,10.132,0.2038,0.9592,2
"4+","elderly_disabled_i <=  0.500 & unc_rawben_rel_max >  0.956 & utilities <= 41.500","ranger",1024,0.91211,0.89645,529,474,0.896,0.1068,0.0623,9.571,0.2038,0.9592,2
"4+","expedited_i >  0.500 & homeless <=  0.500 & rawben_rel_max >  0.908 & utilities <= 55.500","ranger",239,0.92887,0.89645,133,125,0.9398,0.0282,0.009,2.406,0.2038,0.9592,2
"4+","elderly_disabled_i <=  0.500 & rawben_rel_max >  0.976 & utilities <= 40.000","ranger",982,0.91242,0.89643,505,456,0.903,0.1027,0.053,9.137,0.2038,0.9592,2
"4+","months_since_cert_n <= 23.5000 & percent_abawd <=  0.0714 & rawben_rel_max >  0.9990 & utilities <= 27.5000","ranger",877,0.91334,0.89641,451,407,0.9024,0.0917,0.0467,8.16,0.2038,0.9592,2
"4+","unc_rawben_rel_max >=   0.998 & unc_rawben_rel_max <   1.190 & utilities < 703.000","xgboost",1839,0.9081,0.89641,925,848,0.9168,0.191,0.0879,16.736,0.2038,0.9592,2
"4+","cat_elig >  0.500 & unc_rawben_rel_max >  0.956 & utilities <= 30.500","ranger",782,0.91432,0.8964,408,365,0.8946,0.0822,0.0484,7.382,0.2038,0.9592,2
"4+","married <= 0.500 & rawben_rel_max > 0.999 & unc_rawben_rel_max <= 1.250","ranger",1869,0.90797,0.89638,986,892,0.9047,0.2009,0.1008,17.84,0.2038,0.9592,2
"4+","HH_size_n <= 7.500 & unc_rawben_rel_max > 0.998 & unc_rawben_rel_max <= 1.260","ranger",2388,0.90662,0.89636,1211,1094,0.9034,0.2464,0.1346,21.911,0.2038,0.9592,2
"4+","cat_elig > 0.50 & expedited_i > 0.50 & unc_rawben_rel_max > 0.94","ranger",439,0.92027,0.89634,230,212,0.9217,0.0477,0.0211,4.161,0.2038,0.9592,2
"4+","children_i >   0.500 & homeless <=   0.500 & rawben_rel_max >   0.999 & utilities <= 324.000","ranger",1085,0.91152,0.8963,521,468,0.8983,0.1054,0.058,9.426,0.2038,0.9592,2
"4+","cat_elig <=  1.5 & count_divisible_by_100 <=  1.5 & expedited_i >  0.5 & total_deductions_by_hh_size <= 11.8","ranger",145,0.93793,0.89628,137,124,0.9051,0.0279,0.0158,2.479,0.2038,0.9592,2
"4+","months_since_cert_n >  7.500 & percent_abawd <=  0.100 & total_deductions_by_hh_size <= 10.200 & unc_rawben_rel_max >  0.956","ranger",145,0.93793,0.89628,74,67,0.9054,0.0151,0.0077,1.339,0.2038,0.9592,2
"4+","HH_size_n <   6.000 & rawben_rel_max >=   0.976 & total_deductions_by_hh_size < 296.000 & unc_rawben_rel_max <   1.210","xgboost",1918,0.90772,0.89626,976,880,0.9016,0.1982,0.0992,17.659,0.2038,0.9592,2
"4+","expedited_i >   0.500 & shelter_expenses_by_hh_size <= 121.000 & unc_rawben_rel_max >   0.956 & utilities <=  30.500","ranger",204,0.93137,0.89625,125,117,0.936,0.0264,0.009,2.262,0.2038,0.9592,2
"4+","homeless <=  0.500 & months_since_cert_n <=  5.500 & rawben_rel_max >  0.999 & utilities <= 33.500","ranger",675,0.91556,0.89625,340,305,0.8971,0.0687,0.037,6.152,0.2038,0.9592,2
"4+","cat_elig >   0.500 & HH_size_n <=   5.500 & rawben_rel_max >   0.998 & shelter_expenses_by_hh_size <= 236.000","ranger",1322,0.90998,0.89618,687,611,0.8894,0.1376,0.0829,12.43,0.2038,0.9592,2
"4+","count_divisible_by_100 <   1.000 & shelter_expenses_by_hh_size >= 183.000 & unc_rawben_rel_max >=   0.998 & unc_rawben_rel_max <   1.270","xgboost",674,0.91543,0.8961,482,419,0.8693,0.0944,0.0774,8.721,0.2038,0.9592,2
"4+","elderly_disabled_i <= 0.500 & married > 0.500 & rawben_rel_max > 0.994 & unc_rawben_rel_max <= 1.150","ranger",328,0.92378,0.89606,139,129,0.9281,0.0291,0.0149,2.515,0.2038,0.9592,2
"4+","married <=   0.500 & rawben_rel_max >   0.998 & utilities <= 332.000","ranger",978,0.91207,0.89601,475,428,0.9011,0.0964,0.049,8.594,0.2038,0.9592,2
"4+","cat_elig >=   2.00 & total_deductions_by_hh_size < 176.00 & unc_rawben_rel_max >=   1.06 & utilities <  31.00","xgboost",283,0.9258,0.89594,43,40,0.9302,0.009,0.0042,0.778,0.2038,0.9592,2
"4+","HH_size_n <   6.000 & months_since_cert_n <   2.000 & rawben_rel_max >=   0.997 & utilities < 305.000","xgboost",249,0.92771,0.89587,112,98,0.875,0.0221,0.0158,2.026,0.2038,0.9592,2
"4+","married <=   0.5000 & percent_abawd <=   0.0833 & rawben_rel_max >   0.9980 & utilities <= 332.0000","ranger",945,0.91217,0.89582,459,413,0.8998,0.093,0.0483,8.305,0.2038,0.9592,2
"4+","married <= 0.5000 & months_since_cert_n > 3.5000 & rawben_rel_max > 0.9610 & total_deductions_by_hh_size <= 0.0536","ranger",305,0.92459,0.89581,180,165,0.9167,0.0372,0.0162,3.257,0.2038,0.9592,2
"4+","medical_deductions <=   6.000 & total_deductions_by_hh_size <=  12.400 & unc_rawben_rel_max >   0.376 & utilities > 450.000","ranger",95,0.94737,0.89581,33,29,0.8788,0.0065,0.0023,0.597,0.2038,0.9592,2
"4+","expedited_i >= 1.000 & rawben_rel_max >= 0.934 & total_deductions_by_hh_size >= 1.250","xgboost",404,0.92079,0.89579,186,170,0.914,0.0383,0.0154,3.365,0.2038,0.9592,2
"4+","rawben_rel_max >  0.999 & shelter_expenses_by_hh_size > 66.800 & total_deductions_by_hh_size > 30.400 & utilities <= 30.500","ranger",82,0.95122,0.89569,42,36,0.8571,0.0081,0.0056,0.76,0.2038,0.9592,2
"4+","total_deductions_by_hh_size <= 396.000 & unc_rawben_rel_max >   0.998 & unc_rawben_rel_max <=   1.260","ranger",2430,0.90576,0.89556,1229,1109,0.9024,0.2498,0.1368,22.236,0.2038,0.9592,2
"4+","married <=  0.500 & shelter_expenses_by_hh_size <= 54.200 & unc_rawben_rel_max >  0.961 & utilities <= 30.500","ranger",786,0.91349,0.89554,409,374,0.9144,0.0842,0.0362,7.4,0.2038,0.9592,2
"4+","cat_elig >=  1.000 & rawben_rel_max >=  0.963 & utilities < 45.000","xgboost",796,0.91332,0.89548,415,372,0.8964,0.0838,0.0486,7.509,0.2038,0.9592,1.9
"4+","months_since_cert_n <= 31.500 & rawben_rel_max >  0.999 & unc_rawben_rel_max <=  1.240","ranger",2317,0.90591,0.89546,1203,1087,0.9036,0.2448,0.1335,21.766,0.2038,0.9592,1.9
"4+","homeless <   1.00 & total_deductions_by_hh_size < 216.00 & unc_rawben_rel_max >=   1.02 & unc_rawben_rel_max <   1.24","xgboost",1994,0.90672,0.89545,1051,950,0.9039,0.214,0.113,19.016,0.2038,0.9592,1.9
"4+","married <=   0.500 & rawben_rel_max >   0.963 & shelter_expenses_by_hh_size <= 163.000 & utilities <=  29.500","ranger",827,0.91294,0.89543,432,392,0.9074,0.0883,0.043,7.816,0.2038,0.9592,1.9
"4+","cat_elig >   1.500 & shelter_expenses_by_hh_size <= 176.000 & unc_rawben_rel_max >   0.962","ranger",764,0.91361,0.8954,89,79,0.8876,0.0178,0.012,1.61,0.2038,0.9592,1.9
"4+","elderly_disabled_i <   1.000 & rawben_rel_max >=   0.974 & total_deductions_by_hh_size < 210.000 & unc_rawben_rel_max <   1.210","xgboost",2154,0.90622,0.89537,1120,1016,0.9071,0.2288,0.1089,20.264,0.2038,0.9592,1.9
"4+","HH_size_n <=  4.500 & unc_rawben_rel_max >  0.977 & utilities <= 40.500","ranger",627,0.91547,0.89536,329,298,0.9058,0.0671,0.0318,5.953,0.2038,0.9592,1.9
"4+","cat_elig >= 1.00 & count_divisible_by_100 < 1.00 & unc_rawben_rel_max >= 1.01 & unc_rawben_rel_max < 1.24","xgboost",1607,0.9079,0.89534,833,758,0.91,0.1707,0.0881,15.071,0.2038,0.9592,1.9
"4+","HH_size_n <=   5.500 & rawben_rel_max >   0.997 & shelter_expenses_by_hh_size <= 236.000 & unc_rawben_rel_max <=   1.390","ranger",1698,0.90754,0.89532,855,761,0.8901,0.1714,0.1012,15.47,0.2038,0.9592,1.9
"4+","cat_elig >  0.500 & rawben_rel_max >  0.999 & shelter_expenses_by_hh_size <=  0.625 & utilities <= 30.500","ranger",595,0.91597,0.89532,309,280,0.9061,0.0631,0.0308,5.591,0.2038,0.9592,1.9
"4+","HH_size_n <=   5.500 & married <=   0.500 & rawben_rel_max >   0.998 & shelter_expenses_by_hh_size <= 302.000","ranger",1605,0.90779,0.89521,830,746,0.8988,0.168,0.0885,15.017,0.2038,0.9592,1.9
"4+","HH_size_n <=  8.500 & rawben_rel_max >  0.962 & total_deductions_by_hh_size <= 18.100 & utilities <= 29.500","ranger",856,0.91238,0.89516,442,400,0.905,0.0901,0.0457,7.997,0.2038,0.9592,1.9
"4+","months_since_cert_n >=   6.00 & unc_rawben_rel_max >=   1.00 & unc_rawben_rel_max <   1.18 & utilities >= 386.00","xgboost",236,0.92797,0.89516,154,140,0.9091,0.0315,0.0187,2.786,0.2038,0.9592,1.9
"4+","rawben_rel_max >  0.770 & total_deductions_by_hh_size <= 12.400 & unc_rawben_rel_max >  0.939 & unc_rawben_rel_max <=  1.050","ranger",236,0.92797,0.89516,97,87,0.8969,0.0196,0.0094,1.755,0.2038,0.9592,1.9
"4+","expedited_i >  0.500 & medical_deductions <= 70.000 & months_since_cert_n >  4.500 & rawben_rel_max >  0.982","ranger",167,0.93413,0.89513,98,88,0.898,0.0198,0.0071,1.773,0.2038,0.9592,1.9
"4+","HH_size_n <=   5.500 & shelter_expenses_by_hh_size <= 166.000 & total_deductions_by_hh_size <= 161.000 & unc_rawben_rel_max >   0.991","ranger",1389,0.90857,0.89504,680,612,0.9,0.1378,0.0728,12.303,0.2038,0.9592,1.9
"4+","HH_size_n <=   4.500 & shelter_expenses_by_hh_size <= 166.000 & unc_rawben_rel_max >   0.969","ranger",989,0.91102,0.89499,501,452,0.9022,0.1018,0.0528,9.065,0.2038,0.9592,1.9
"4+","rawben_rel_max >   0.953 & shelter_expenses_by_hh_size >  68.600 & shelter_expenses_by_hh_size <= 167.000 & utilities > 451.000","ranger",390,0.92051,0.89497,157,143,0.9108,0.0322,0.0128,2.841,0.2038,0.9592,1.9
"4+","cat_elig >  1.500 & rawben_rel_max >  0.961 & total_deductions_by_hh_size <= 12.700","ranger",379,0.92084,0.89493,46,44,0.9565,0.0099,0.0035,0.832,0.2038,0.9592,1.9
"4+","homeless <=   0.500 & months_since_cert_n >   6.500 & rawben_rel_max >   0.989 & shelter_expenses_by_hh_size <= 161.000","ranger",368,0.9212,0.8949,201,183,0.9104,0.0412,0.0202,3.637,0.2038,0.9592,1.9
"4+","HH_size_n <=  7.500 & months_since_cert_n <= 23.500 & rawben_rel_max >  0.962 & utilities <= 30.500","ranger",988,0.91093,0.89488,514,462,0.8988,0.1041,0.0563,9.3,0.2038,0.9592,1.9
"4+","percent_abawd <= 0.583 & rawben_rel_max > 0.998 & unc_rawben_rel_max <= 1.260","ranger",2434,0.90509,0.89487,1231,1111,0.9025,0.2502,0.1364,22.272,0.2038,0.9592,1.9
"4+","expedited_i >   0.500 & shelter_expenses_by_hh_size > 166.000 & unc_rawben_rel_max >   0.998 & utilities <= 520.000","ranger",131,0.93893,0.89484,64,56,0.875,0.0126,0.0093,1.158,0.2038,0.9592,1.9
"4+","expedited_i > 0.50 & HH_size_n <= 6.50 & married > 0.50 & unc_rawben_rel_max > 0.97","ranger",131,0.93893,0.89484,54,51,0.9444,0.0115,0.0025,0.977,0.2038,0.9592,1.9
"4+","total_deductions_by_hh_size >= 168.000 & unc_rawben_rel_max >=   0.998 & unc_rawben_rel_max <   1.270 & utilities < 505.000","xgboost",201,0.93035,0.89474,77,67,0.8701,0.0151,0.014,1.393,0.2038,0.9592,1.9
"4+","children_i > 0.500 & rawben_rel_max > 0.998 & unc_rawben_rel_max <= 1.250","ranger",2410,0.90498,0.89469,1219,1101,0.9032,0.248,0.1361,22.055,0.2038,0.9592,1.9
"4+","cat_elig >   1.500 & rawben_rel_max >   0.977 & total_deductions_by_hh_size <= 178.000 & utilities <=  41.500","ranger",421,0.91924,0.89462,52,47,0.9038,0.0106,0.0059,0.941,0.2038,0.9592,1.9
"4+","expedited_i >  0.5 & total_deductions_by_hh_size <= 27.5 & utilities <= 18.5","ranger",223,0.92825,0.8944,135,124,0.9185,0.0279,0.0121,2.443,0.2038,0.9592,1.9
"4+","elderly_disabled_i <=   0.500 & rawben_rel_max >   0.956 & shelter_expenses_by_hh_size <= 253.000 & utilities <=  42.500","ranger",1014,0.91026,0.89438,520,468,0.9,0.1054,0.0569,9.408,0.2038,0.9592,1.9
"4+","count_divisible_by_100 <=  1.500 & HH_size_n <=  7.500 & rawben_rel_max >  0.977 & utilities <= 40.500","ranger",983,0.91048,0.89435,503,455,0.9046,0.1025,0.0502,9.101,0.2038,0.9592,1.9
"4+","months_since_cert_n <= 23.500 & rawben_rel_max >  0.999 & unc_rawben_rel_max <=  1.140 & utilities <= 30.500","ranger",870,0.91149,0.89435,451,410,0.9091,0.0923,0.0429,8.16,0.2038,0.9592,1.9
"4+","HH_size_n <=   5.500 & rawben_rel_max >   0.997 & shelter_expenses_by_hh_size <= 236.000","ranger",1702,0.90658,0.89432,856,762,0.8902,0.1716,0.1012,15.488,0.2038,0.9592,1.9
"4+","HH_size_n <=   9.500 & rawben_rel_max >   0.998 & total_deductions_by_hh_size <= 399.000 & unc_rawben_rel_max <=   1.270","ranger",2441,0.90455,0.89431,1365,1215,0.8901,0.2736,0.1724,24.697,0.2038,0.9592,1.9
"4+","months_since_cert_n <= 10.500 & percent_abawd <=  0.875 & rawben_rel_max >  0.956 & shelter_expenses_by_hh_size <= 58.800","ranger",962,0.9106,0.8943,481,438,0.9106,0.0986,0.0447,8.703,0.2038,0.9592,1.9
"4+","cat_elig >=  1.0 & HH_size_n <  6.0 & months_since_cert_n <  2.0 & total_deductions_by_hh_size < 11.8","xgboost",234,0.92735,0.89429,100,90,0.9,0.0203,0.0077,1.809,0.2038,0.9592,1.9
"4+","elderly_disabled_i <=  0.500 & medical_deductions <=  0.500 & rawben_rel_max >  0.956 & utilities <= 27.500","ranger",992,0.91028,0.89422,509,457,0.8978,0.1029,0.0591,9.209,0.2038,0.9592,1.9
"4+","expedited_i <=  0.50 & unc_rawben_rel_max >  1.00 & unc_rawben_rel_max <=  1.18 & utilities > 55.50","ranger",838,0.91169,0.89422,424,391,0.9222,0.0881,0.0401,7.671,0.2038,0.9592,1.9
"4+","expedited_i <=   0.50 & shelter_expenses_by_hh_size <= 167.00 & total_deductions_by_hh_size > 102.00 & unc_rawben_rel_max >   0.95","ranger",333,0.92192,0.89419,186,158,0.8495,0.0356,0.0299,3.365,0.2038,0.9592,1.9
"4+","elderly_disabled_i <=   0.500 & expedited_i >   0.500 & rawben_rel_max >   0.998 & shelter_expenses_by_hh_size > 169.000","ranger",177,0.9322,0.89417,90,84,0.9333,0.0189,0.0065,1.628,0.2038,0.9592,1.9
"4+","married <=   0.5 & total_deductions_by_hh_size <= 210.0 & unc_rawben_rel_max >   1.0","ranger",2009,0.90543,0.89413,1064,949,0.8919,0.2137,0.1213,19.251,0.2038,0.9592,1.9
"4+","elderly_disabled_i <=   0.5 & homeless <=   0.5 & shelter_expenses_by_hh_size <= 167.0 & unc_rawben_rel_max >   1.0","ranger",1598,0.90676,0.8941,773,700,0.9056,0.1577,0.079,13.986,0.2038,0.9592,1.9
"4+","married > 0.500 & rawben_rel_max > 0.998 & total_deductions_by_hh_size > 6.040 & unc_rawben_rel_max <= 1.180","ranger",289,0.92388,0.8941,127,119,0.937,0.0268,0.0107,2.298,0.2038,0.9592,1.9
"4+","HH_size_n <=   5.500 & shelter_expenses_by_hh_size <= 207.000 & unc_rawben_rel_max >   0.976","ranger",1678,0.90644,0.89408,822,735,0.8942,0.1655,0.0901,14.872,0.2038,0.9592,1.9
"4+","expedited_i >=   1 & married >=   1 & months_since_cert_n <   4 & utilities < 386","xgboost",54,0.96296,0.89407,24,22,0.9167,0.005,0.0018,0.434,0.2038,0.9592,1.9
"4+","elderly_disabled_i <=   0.500 & unc_rawben_rel_max >   0.998 & unc_rawben_rel_max <=   1.270 & utilities <= 934.000","ranger",2286,0.90464,0.89405,1289,1149,0.8914,0.2588,0.1561,23.322,0.2038,0.9592,1.9
"4+","months_since_cert_n <=  13.500 & rawben_rel_max >   0.999 & unc_rawben_rel_max <=   1.390 & utilities <= 416.000","ranger",1557,0.90687,0.89404,774,686,0.8863,0.1545,0.0986,14.004,0.2038,0.9592,1.9
"4+","months_since_cert_n >= 6.00 & unc_rawben_rel_max >= 1.00 & unc_rawben_rel_max < 1.18","xgboost",514,0.91634,0.89401,292,267,0.9144,0.0601,0.03,5.283,0.2038,0.9592,1.9
"4+","children_i >  0.500 & months_since_cert_n <= 23.500 & unc_rawben_rel_max >  0.972 & utilities <= 40.000","ranger",1000,0.91,0.89399,517,465,0.8994,0.1047,0.0572,9.354,0.2038,0.9592,1.9
"4+","unc_rawben_rel_max > 0.998 & unc_rawben_rel_max <= 1.260","ranger",2443,0.90422,0.89397,1235,1114,0.902,0.2509,0.1379,22.345,0.2038,0.9592,1.9
"4+","shelter_expenses_by_hh_size < 242.000 & total_deductions_by_hh_size >= 103.000 & unc_rawben_rel_max >=   0.998","xgboost",743,0.91252,0.89393,401,347,0.8653,0.0782,0.0655,7.255,0.2038,0.9592,1.9
"4+","HH_size_n <=   4.500 & medical_deductions <=  23.500 & shelter_expenses_by_hh_size <= 161.000 & unc_rawben_rel_max >   0.942","ranger",1040,0.90962,0.89391,523,474,0.9063,0.1068,0.0506,9.463,0.2038,0.9592,1.9
"4+","children_i > 0.500 & expedited_i > 0.500 & rawben_rel_max > 0.962 & total_deductions_by_hh_size <= 9.000","ranger",188,0.93085,0.8939,120,112,0.9333,0.0252,0.009,2.171,0.2038,0.9592,1.9
"4+","expedited_i >   0.500 & rawben_rel_max >   0.998 & shelter_expenses_by_hh_size > 183.000 & utilities >  79.500","ranger",165,0.93333,0.89389,88,79,0.8977,0.0178,0.01,1.592,0.2038,0.9592,1.9
"4+","shelter_expenses_by_hh_size <= 17.400 & unc_rawben_rel_max >  0.962 & utilities <= 28.500","ranger",866,0.91109,0.89387,447,406,0.9083,0.0914,0.0448,8.088,0.2038,0.9592,1.9
"4+","homeless <=  0.500 & unc_rawben_rel_max >  0.976 & utilities <= 41.500","ranger",978,0.91002,0.89382,491,441,0.8982,0.0993,0.0532,8.884,0.2038,0.9592,1.9
"4+","cat_elig >   1.500 & percent_abawd <=   0.900 & shelter_expenses_by_hh_size <= 207.000 & unc_rawben_rel_max >   0.957","ranger",845,0.91124,0.89381,102,90,0.8824,0.0203,0.0133,1.845,0.2038,0.9592,1.9
"4+","elderly_disabled_i <   1.00 & HH_size_n <   6.00 & shelter_expenses_by_hh_size < 176.00 & unc_rawben_rel_max >=   1.01","xgboost",1322,0.90772,0.89378,669,603,0.9013,0.1358,0.071,12.104,0.2038,0.9592,1.9
"4+","HH_size_n <=  5.500 & rawben_rel_max >  0.998 & utilities <= 55.500","ranger",865,0.91098,0.89375,441,396,0.898,0.0892,0.0478,7.979,0.2038,0.9592,1.9
"4+","months_since_cert_n >= 1 & months_since_cert_n < 2 & shelter_expenses_by_hh_size < 9","xgboost",199,0.92965,0.89371,83,73,0.8795,0.0164,0.0142,1.502,0.2038,0.9592,1.9
"4+","rawben_rel_max >   0.953 & shelter_expenses_by_hh_size <= 167.000 & utilities > 451.000","ranger",396,0.91919,0.89371,159,145,0.9119,0.0327,0.0128,2.877,0.2038,0.9592,1.9
"4+","count_divisible_by_100 <=  1.500 & months_since_cert_n <= 26.500 & unc_rawben_rel_max >  0.962 & utilities <= 29.500","ranger",997,0.90973,0.89367,520,468,0.9,0.1054,0.0546,9.408,0.2038,0.9592,1.9
"4+","cat_elig >=  2.000 & total_deductions_by_hh_size < 94.600 & unc_rawben_rel_max >=  0.998","xgboost",491,0.9165,0.89361,65,61,0.9385,0.0137,0.006,1.176,0.2038,0.9592,1.9
"4+","months_since_cert_n <=  31.500 & rawben_rel_max >   0.999 & unc_rawben_rel_max <=   1.240 & utilities <= 784.000","ranger",2197,0.90442,0.89359,1123,1013,0.902,0.2282,0.1273,20.318,0.2038,0.9592,1.9
"4+","months_since_cert_n <= 23.500 & rawben_rel_max >  0.962 & utilities <= 30.500","ranger",1006,0.90954,0.89355,522,469,0.8985,0.1056,0.0573,9.445,0.2038,0.9592,1.9
"4+","medical_deductions <= 132.000 & percent_abawd <=   0.875 & rawben_rel_max >   0.974 & shelter_expenses_by_hh_size <=   7.500","ranger",853,0.9109,0.89353,436,396,0.9083,0.0892,0.0422,7.889,0.2038,0.9592,1.9
"4+","cat_elig <=  0.500 & children_i >  0.500 & rawben_rel_max >  0.997 & total_deductions_by_hh_size > 46.600","ranger",320,0.92188,0.89351,156,137,0.8782,0.0309,0.0174,2.823,0.2038,0.9592,1.9
"4+","cat_elig <= 1.500 & rawben_rel_max > 0.998 & unc_rawben_rel_max <= 1.170","ranger",1107,0.90876,0.89351,853,782,0.9168,0.1761,0.0789,15.433,0.2038,0.9592,1.9
"4+","HH_size_n <=  5.500 & medical_deductions <=  0.500 & rawben_rel_max >  0.998 & utilities <= 55.500","ranger",863,0.91078,0.8935,441,396,0.898,0.0892,0.0478,7.979,0.2038,0.9592,1.9
"4+","cat_elig >   0.500 & medical_deductions <= 112.000 & rawben_rel_max >   0.999 & unc_rawben_rel_max <=   1.250","ranger",1937,0.90501,0.89348,982,887,0.9033,0.1998,0.112,17.767,0.2038,0.9592,1.9
"4+","expedited_i >  0.5 & total_deductions_by_hh_size <= 12.8 & utilities <= 30.5","ranger",221,0.9276,0.89346,136,125,0.9191,0.0282,0.0121,2.461,0.2038,0.9592,1.9
"4+","married <   1.000 & months_since_cert_n >=   9.000 & total_deductions_by_hh_size < 135.000 & unc_rawben_rel_max >=   0.982","xgboost",221,0.9276,0.89346,127,110,0.8661,0.0248,0.02,2.298,0.2038,0.9592,1.9
"4+","children_i >   0.500 & elderly_disabled_i <=   0.500 & rawben_rel_max >   0.998 & shelter_expenses_by_hh_size <= 215.000","ranger",1877,0.90517,0.89345,943,851,0.9024,0.1917,0.0978,17.062,0.2038,0.9592,1.9
"4+","unc_rawben_rel_max >=   0.998 & unc_rawben_rel_max <   1.240 & utilities >= 452.000","xgboost",760,0.91184,0.89343,370,342,0.9243,0.077,0.0277,6.694,0.2038,0.9592,1.9
"4+","cat_elig <=  0.500 & months_since_cert_n <=  2.500 & unc_rawben_rel_max >  0.931 & utilities > 14.000","ranger",141,0.93617,0.89342,79,71,0.8987,0.016,0.0069,1.429,0.2038,0.9592,1.9
"4+","count_divisible_by_100 <=   0.500 & total_deductions_by_hh_size <= 176.000 & unc_rawben_rel_max >   0.956 & utilities <=  30.500","ranger",923,0.91008,0.89336,472,430,0.911,0.0968,0.0467,8.54,0.2038,0.9592,1.9
"4+","percent_abawd <=   0.875 & shelter_expenses_by_hh_size <= 140.000 & unc_rawben_rel_max >   0.998 & utilities <=  40.500","ranger",882,0.91043,0.89333,454,413,0.9097,0.093,0.0447,8.214,0.2038,0.9592,1.9
"4+","total_deductions_by_hh_size < 296.000 & unc_rawben_rel_max >=   0.982 & unc_rawben_rel_max <   1.160","xgboost",1974,0.90476,0.89333,991,901,0.9092,0.2029,0.094,17.93,0.2038,0.9592,1.9
"4+","months_since_cert_n >= 8.00 & unc_rawben_rel_max >= 1.00 & unc_rawben_rel_max < 1.28","xgboost",479,0.91649,0.89329,294,263,0.8946,0.0592,0.0381,5.319,0.2038,0.9592,1.9
"4+","months_since_cert_n >   6.500 & rawben_rel_max >   0.989 & shelter_expenses_by_hh_size <= 161.000","ranger",373,0.91957,0.89327,209,191,0.9139,0.043,0.0202,3.781,0.2038,0.9592,1.9
"4+","cat_elig >  0.5 & expedited_i <=  0.5 & unc_rawben_rel_max >  1.0 & utilities <= 28.5","ranger",531,0.91525,0.89321,266,235,0.8835,0.0529,0.03,4.813,0.2038,0.9592,1.9
"4+","count_divisible_by_100 <=  0.500 & total_deductions_by_hh_size <= 82.800 & unc_rawben_rel_max >  0.999","ranger",1023,0.90909,0.89321,493,453,0.9189,0.102,0.0414,8.92,0.2038,0.9592,1.9
"4+","cat_elig <= 0.500 & expedited_i > 0.500 & HH_size_n <= 5.500 & rawben_rel_max > 0.997","ranger",117,0.94017,0.8932,62,59,0.9516,0.0133,0.0018,1.122,0.2038,0.9592,1.9
"4+","expedited_i >   0.500 & medical_deductions <= 135.000 & rawben_rel_max >   0.946 & utilities >  28.500","ranger",351,0.92023,0.8931,169,154,0.9112,0.0347,0.0151,3.058,0.2038,0.9592,1.9
"4+","homeless <=   0.500 & months_since_cert_n <=  13.500 & shelter_expenses_by_hh_size <= 161.000 & unc_rawben_rel_max >   0.975","ranger",1712,0.90537,0.89309,810,733,0.9049,0.1651,0.0799,14.655,0.2038,0.9592,1.9
"4+","months_since_cert_n <=  1.5000 & rawben_rel_max >  0.9980 & total_deductions_by_hh_size <=  0.0686 & utilities <= 41.5000","ranger",209,0.92823,0.89307,83,76,0.9157,0.0171,0.0068,1.502,0.2038,0.9592,1.9
"4+","HH_size_n <   6.000 & months_since_cert_n <  11.000 & total_deductions_by_hh_size < 167.000 & unc_rawben_rel_max >=   0.977","xgboost",1830,0.90492,0.89303,1022,901,0.8816,0.2029,0.1305,18.491,0.2038,0.9592,1.9
"4+","children_i > 0.500 & rawben_rel_max > 0.975 & shelter_expenses_by_hh_size <= 7.580","ranger",849,0.91048,0.89303,433,393,0.9076,0.0885,0.0422,7.834,0.2038,0.9592,1.9
"4+","count_divisible_by_100 <=   1.500 & HH_size_n <=   5.500 & rawben_rel_max >   0.979 & shelter_expenses_by_hh_size <= 239.000","ranger",1820,0.90495,0.89303,901,802,0.8901,0.1806,0.1032,16.302,0.2038,0.9592,1.9
"4+","cat_elig >=  1.000 & rawben_rel_max >=  0.988 & shelter_expenses_by_hh_size < 95.000","xgboost",920,0.90978,0.89302,444,404,0.9099,0.091,0.0424,8.033,0.2038,0.9592,1.9
"4+","count_divisible_by_100 <=  1.500 & months_since_cert_n <= 25.500 & unc_rawben_rel_max >  0.977 & utilities <= 41.500","ranger",1001,0.90909,0.89302,510,461,0.9039,0.1038,0.0511,9.227,0.2038,0.9592,1.9
"4+","HH_size_n <=   4.500 & months_since_cert_n <=  13.500 & shelter_expenses_by_hh_size <= 283.000 & unc_rawben_rel_max >   0.997","ranger",1222,0.90753,0.89298,626,567,0.9058,0.1277,0.0622,11.326,0.2038,0.9592,1.9
"4+","percent_abawd <   0.182 & total_deductions_by_hh_size < 296.000 & unc_rawben_rel_max >=   0.982 & unc_rawben_rel_max <   1.160","xgboost",1898,0.90464,0.89296,951,864,0.9085,0.1946,0.0917,17.206,0.2038,0.9592,1.9
"4+","count_divisible_by_100 <=  1.500 & rawben_rel_max >  0.977 & utilities <= 40.500","ranger",1000,0.909,0.89291,510,461,0.9039,0.1038,0.0511,9.227,0.2038,0.9592,1.9
"4+","expedited_i <=   0.500 & medical_deductions > 136.000 & unc_rawben_rel_max <=   0.974 & utilities > 363.000","ranger",39,0.97436,0.8929,22,14,0.6364,0.0032,0.0068,0.398,0.2038,0.9592,1.9
"4+","married >=   1.0 & percent_abawd <   0.1 & shelter_expenses_by_hh_size >= 389.0 & shelter_expenses_by_hh_size < 399.0","xgboost",39,0.97436,0.8929,17,11,0.6471,0.0025,0.0073,0.308,0.2038,0.9592,1.9
"4+","percent_abawd <=  0.292 & unc_rawben_rel_max >  0.956 & utilities <= 30.500","ranger",1020,0.90882,0.8929,521,466,0.8944,0.105,0.061,9.426,0.2038,0.9592,1.9
"4+","married <=  0.500 & unc_rawben_rel_max >  0.956 & utilities <= 29.500","ranger",878,0.91002,0.89285,461,413,0.8959,0.093,0.0516,8.341,0.2038,0.9592,1.9
"4+","months_since_cert_n <= 26.000 & rawben_rel_max >  0.962 & shelter_expenses_by_hh_size <= 10.100","ranger",878,0.91002,0.89285,457,414,0.9059,0.0932,0.0464,8.269,0.2038,0.9592,1.9
"4+","children_i > 0.500 & HH_size_n <= 5.500 & rawben_rel_max > 0.998 & unc_rawben_rel_max <= 1.390","ranger",2319,0.90341,0.89284,1185,1049,0.8852,0.2363,0.1507,21.44,0.2038,0.9592,1.9
"4+","months_since_cert_n <   2.000 & rawben_rel_max >=   0.996 & unc_rawben_rel_max >=   1.060 & utilities < 415.000","xgboost",307,0.92182,0.89278,132,113,0.8561,0.0255,0.0248,2.388,0.2038,0.9592,1.9
"4+","HH_size_n <= 9.500 & rawben_rel_max > 0.998 & unc_rawben_rel_max <= 1.270","ranger",2454,0.90302,0.89274,1371,1220,0.8899,0.2748,0.1736,24.806,0.2038,0.9592,1.9
"4+","count_divisible_by_100 <= 0.500 & HH_size_n <= 5.500 & unc_rawben_rel_max > 0.999 & unc_rawben_rel_max <= 1.370","ranger",2129,0.90371,0.89268,1068,950,0.8895,0.214,0.1333,19.323,0.2038,0.9592,1.9
"4+","expedited_i < 1.000 & unc_rawben_rel_max >= 0.998 & unc_rawben_rel_max < 1.170","xgboost",1507,0.90577,0.89266,747,683,0.9143,0.1538,0.072,13.515,0.2038,0.9592,1.9
"4+","months_since_cert_n <  2.00 & total_deductions_by_hh_size < 52.80 & unc_rawben_rel_max >=  1.06","xgboost",197,0.92893,0.89265,73,67,0.9178,0.0151,0.0047,1.321,0.2038,0.9592,1.9
"4+","rawben_rel_max >   0.963 & shelter_expenses_by_hh_size <= 163.000 & utilities <=  29.500","ranger",957,0.90909,0.89263,491,444,0.9043,0.1,0.0524,8.884,0.2038,0.9592,1.9
"4+","cat_elig >   1.5 & medical_deductions <=   3.5 & shelter_expenses_by_hh_size <= 277.0 & unc_rawben_rel_max >   1.0","ranger",876,0.90982,0.89261,102,92,0.902,0.0207,0.0127,1.845,0.2038,0.9592,1.9
"4+","children_i >  0.500 & total_deductions_by_hh_size <= 12.800 & unc_rawben_rel_max >  0.956 & utilities <= 43.000","ranger",876,0.90982,0.89261,441,401,0.9093,0.0903,0.0423,7.979,0.2038,0.9592,1.9
"4+","count_divisible_by_100 <=   0.500 & rawben_rel_max >   0.999 & shelter_expenses_by_hh_size <= 214.000","ranger",1763,0.90471,0.89258,861,780,0.9059,0.1757,0.0896,15.578,0.2038,0.9592,1.9
"4+","rawben_rel_max > 0.998 & unc_rawben_rel_max <= 1.270","ranger",2460,0.90285,0.89258,1376,1224,0.8895,0.2757,0.1746,24.896,0.2038,0.9592,1.9
"4+","expedited_i >=   1.00 & shelter_expenses_by_hh_size < 504.00 & unc_rawben_rel_max >=   1.12 & utilities < 912.00","xgboost",208,0.92788,0.89256,90,83,0.9222,0.0187,0.0088,1.628,0.2038,0.9592,1.9
"4+","married <=  0.500 & rawben_rel_max >  0.976 & shelter_expenses_by_hh_size <= 96.400","ranger",1067,0.90815,0.89256,526,479,0.9106,0.1079,0.0454,9.517,0.2038,0.9592,1.9
"4+","married < 1.00 & months_since_cert_n < 6.00 & unc_rawben_rel_max >= 1.00 & unc_rawben_rel_max < 1.18","xgboost",1107,0.90786,0.89255,560,515,0.9196,0.116,0.0452,10.132,0.2038,0.9592,1.9
"4+","married <= 0.500 & percent_abawd <= 0.367 & shelter_expenses_by_hh_size <= 6.790 & unc_rawben_rel_max > 0.940","ranger",774,0.91085,0.89254,399,363,0.9098,0.0818,0.0366,7.219,0.2038,0.9592,1.9
"4+","total_deductions_by_hh_size >=  99.50 & unc_rawben_rel_max >=   1.01 & unc_rawben_rel_max <   1.17 & utilities < 367.00","xgboost",92,0.94565,0.89254,47,44,0.9362,0.0099,0.0024,0.85,0.2038,0.9592,1.9
"4+","married <=   0.500 & shelter_expenses_by_hh_size <= 163.000 & unc_rawben_rel_max >   0.944 & utilities <=  30.500","ranger",865,0.90983,0.8925,441,401,0.9093,0.0903,0.043,7.979,0.2038,0.9592,1.9
"4+","cat_elig >   0.500 & homeless <=   0.500 & shelter_expenses_by_hh_size <= 234.000 & unc_rawben_rel_max >   0.999","ranger",1574,0.90534,0.89249,780,698,0.8949,0.1572,0.0926,14.113,0.2038,0.9592,1.9
"4+","months_since_cert_n >=  7.00 & shelter_expenses_by_hh_size <  7.25 & total_deductions_by_hh_size < 13.20","xgboost",230,0.92609,0.89249,136,122,0.8971,0.0275,0.0156,2.461,0.2038,0.9592,1.9
"4+","cat_elig >   1.50 & homeless <=   0.50 & rawben_rel_max >   0.94 & shelter_expenses_by_hh_size <= 160.00","ranger",743,0.91117,0.89248,85,76,0.8941,0.0171,0.0111,1.538,0.2038,0.9592,1.9
"4+","count_divisible_by_100 <=   0.500 & elderly_disabled_i <=   0.500 & shelter_expenses_by_hh_size <= 226.000 & unc_rawben_rel_max >   0.974","ranger",1919,0.90412,0.89248,932,837,0.8981,0.1885,0.1006,16.863,0.2038,0.9592,1.9
"4+","homeless <=   0.500 & shelter_expenses_by_hh_size <= 161.000 & unc_rawben_rel_max >   0.975","ranger",1741,0.90465,0.89244,828,749,0.9046,0.1687,0.0825,14.981,0.2038,0.9592,1.9
"4+","medical_deductions <= 132.000 & rawben_rel_max >   0.974 & shelter_expenses_by_hh_size <=   7.500","ranger",854,0.90984,0.89239,437,397,0.9085,0.0894,0.0422,7.907,0.2038,0.9592,1.9
"4+","cat_elig > 1.500 & expedited_i > 0.500 & rawben_rel_max > 0.998 & shelter_expenses_by_hh_size > 3.250","ranger",116,0.93966,0.89231,7,5,0.7143,0.0011,0.0013,0.127,0.2038,0.9592,1.9
"4+","homeless <=   0.500 & rawben_rel_max >   0.962 & shelter_expenses_by_hh_size <= 161.000","ranger",1788,0.90436,0.8923,858,776,0.9044,0.1748,0.0868,15.524,0.2038,0.9592,1.9
"4+","HH_size_n <=   6.500 & homeless <=   0.500 & rawben_rel_max >   0.962 & shelter_expenses_by_hh_size <= 161.000","ranger",1650,0.90485,0.89229,805,728,0.9043,0.164,0.0824,14.565,0.2038,0.9592,1.9
"4+","cat_elig >= 1.00 & unc_rawben_rel_max >= 1.01 & unc_rawben_rel_max < 1.24","xgboost",1778,0.90439,0.89229,932,843,0.9045,0.1899,0.104,16.863,0.2038,0.9592,1.9
"4+","children_i >  0.500 & unc_rawben_rel_max >  0.972 & utilities <= 40.000","ranger",1004,0.90837,0.89227,517,465,0.8994,0.1047,0.0572,9.354,0.2038,0.9592,1.9
"4+","shelter_expenses_by_hh_size <= 140.000 & unc_rawben_rel_max >   0.998 & utilities <=  40.500","ranger",883,0.9094,0.89223,455,414,0.9099,0.0932,0.0447,8.232,0.2038,0.9592,1.9
"4+","HH_size_n <   6.000 & total_deductions_by_hh_size < 167.000 & unc_rawben_rel_max >=   0.977","xgboost",1963,0.90372,0.8922,1094,963,0.8803,0.2169,0.1402,19.794,0.2038,0.9592,1.9
"4+","HH_size_n <= 5.500 & married <= 0.500 & unc_rawben_rel_max > 0.998 & unc_rawben_rel_max <= 1.390","ranger",1855,0.90404,0.8922,977,869,0.8895,0.1957,0.1157,17.677,0.2038,0.9592,1.9
"4+","cat_elig >  0.5 & months_since_cert_n <=  2.5 & total_deductions_by_hh_size <= 12.6 & utilities <= 29.5","ranger",316,0.92089,0.89219,139,125,0.8993,0.0282,0.0105,2.515,0.2038,0.9592,1.9
"4+","married <=   0.500 & total_deductions_by_hh_size <= 222.000 & unc_rawben_rel_max >   0.998","ranger",2041,0.90348,0.89219,1078,962,0.8924,0.2167,0.1226,19.504,0.2038,0.9592,1.9
"4+","cat_elig <=   0.500 & months_since_cert_n >   5.500 & shelter_expenses_by_hh_size > 160.000 & unc_rawben_rel_max >   0.999","ranger",53,0.96226,0.89218,22,19,0.8636,0.0043,0.0035,0.398,0.2038,0.9592,1.9
"4+","cat_elig >=  2.000 & rawben_rel_max >=  0.444 & shelter_expenses_by_hh_size < 80.500 & unc_rawben_rel_max >=  0.957","xgboost",474,0.91561,0.89218,59,54,0.9153,0.0122,0.0063,1.067,0.2038,0.9592,1.9
"4+","shelter_expenses_by_hh_size < 431.000 & unc_rawben_rel_max >=   0.998 & unc_rawben_rel_max <   1.130 & utilities < 386.000","xgboost",1103,0.90752,0.89216,546,501,0.9176,0.1128,0.0506,9.879,0.2038,0.9592,1.9
"4+","children_i >   0.500 & unc_rawben_rel_max >   0.974 & unc_rawben_rel_max <=   1.180 & utilities > 428.000","ranger",710,0.91127,0.89212,362,332,0.9171,0.0748,0.0268,6.55,0.2038,0.9592,1.9
"4+","married <= 0.50 & shelter_expenses_by_hh_size <= 6.79 & unc_rawben_rel_max > 0.94","ranger",781,0.91037,0.89211,402,366,0.9104,0.0824,0.0366,7.273,0.2038,0.9592,1.9
"4+","HH_size_n < 6.00 & months_since_cert_n < 6.00 & shelter_expenses_by_hh_size < 7.25 & unc_rawben_rel_max >= 1.03","xgboost",484,0.91529,0.89209,248,226,0.9113,0.0509,0.0242,4.487,0.2038,0.9592,1.9
"4+","expedited_i >  0.500 & HH_size_n <=  6.500 & unc_rawben_rel_max >  0.682 & utilities <= 30.500","ranger",251,0.9243,0.89209,153,139,0.9085,0.0313,0.0134,2.768,0.2038,0.9592,1.9
"4+","percent_abawd <=   0.875 & rawben_rel_max >   0.998 & total_deductions_by_hh_size <= 217.000 & utilities <= 416.000","ranger",1548,0.90504,0.89207,782,697,0.8913,0.157,0.0923,14.149,0.2038,0.9592,1.9
"4+","cat_elig >=  1.0 & months_since_cert_n <  2.0 & total_deductions_by_hh_size < 64.8 & utilities < 19.0","xgboost",229,0.92576,0.89203,98,88,0.898,0.0198,0.0089,1.773,0.2038,0.9592,1.9
"4+","HH_size_n <=   5.500 & total_deductions_by_hh_size <= 174.000 & unc_rawben_rel_max >   0.959 & unc_rawben_rel_max <=   1.260","ranger",2028,0.90335,0.89202,1033,921,0.8916,0.2074,0.1138,18.69,0.2038,0.9592,1.9
"4+","elderly_disabled_i <= 0.500 & married <= 0.500 & percent_abawd <= 0.303 & rawben_rel_max > 0.998","ranger",1989,0.90347,0.89202,1057,944,0.8931,0.2126,0.1171,19.124,0.2038,0.9592,1.9
"4+","months_since_cert_n <= 33.500 & rawben_rel_max >  0.961 & total_deductions_by_hh_size <=  8.650","ranger",851,0.90952,0.89202,435,395,0.908,0.089,0.0423,7.87,0.2038,0.9592,1.9
"4+","HH_size_n < 6.00 & shelter_expenses_by_hh_size < 7.25 & unc_rawben_rel_max >= 1.03","xgboost",638,0.91223,0.89201,337,308,0.9139,0.0694,0.0299,6.097,0.2038,0.9592,1.9
"4+","homeless <=   0.500 & percent_abawd <=   0.875 & rawben_rel_max >   0.972 & shelter_expenses_by_hh_size <= 166.000","ranger",1773,0.90412,0.89199,844,762,0.9028,0.1716,0.0888,15.27,0.2038,0.9592,1.9
"4+","total_deductions_by_hh_size <= 12.800 & unc_rawben_rel_max >  0.956 & utilities <= 43.000","ranger",881,0.90919,0.89199,444,404,0.9099,0.091,0.0423,8.033,0.2038,0.9592,1.9
"4+","homeless <=   0.500 & percent_abawd <=   0.550 & rawben_rel_max >   0.999 & shelter_expenses_by_hh_size <= 239.000","ranger",2027,0.90331,0.89196,988,885,0.8957,0.1993,0.1157,17.876,0.2038,0.9592,1.9
"4+","months_since_cert_n >= 10.00 & total_deductions_by_hh_size >=  7.20 & unc_rawben_rel_max >=  1.00 & unc_rawben_rel_max <  1.13","xgboost",79,0.94937,0.8919,47,45,0.9574,0.0101,0.0028,0.85,0.2038,0.9592,1.9
"4+","months_since_cert_n <=  13.500 & rawben_rel_max >   0.999 & utilities <= 416.000","ranger",1565,0.90479,0.89188,779,688,0.8832,0.155,0.1009,14.094,0.2038,0.9592,1.9
"4+","total_deductions_by_hh_size < 168.000 & unc_rawben_rel_max >=   0.998 & unc_rawben_rel_max <   1.270","xgboost",2091,0.90292,0.89174,1229,1090,0.8869,0.2455,0.1572,22.236,0.2038,0.9592,1.9
"4+","HH_size_n <   6.00 & shelter_expenses_by_hh_size < 274.00 & unc_rawben_rel_max >=   1.03 & utilities < 992.00","xgboost",1641,0.90433,0.89171,817,731,0.8947,0.1646,0.0945,14.782,0.2038,0.9592,1.9
"4+","married < 1.00 & unc_rawben_rel_max >= 1.00 & unc_rawben_rel_max < 1.28","xgboost",2002,0.9031,0.89167,1103,983,0.8912,0.2214,0.1309,19.957,0.2038,0.9592,1.9
"4+","married <=   0.500 & shelter_expenses_by_hh_size <= 495.000 & unc_rawben_rel_max >   0.999 & unc_rawben_rel_max <=   1.390","ranger",2080,0.90288,0.89167,1085,967,0.8912,0.2178,0.1292,19.631,0.2038,0.9592,1.9
"4+","months_since_cert_n <= 23.500 & unc_rawben_rel_max >  0.955 & utilities <= 30.500","ranger",1028,0.90759,0.89164,529,474,0.896,0.1068,0.061,9.571,0.2038,0.9592,1.9
"4+","percent_abawd <=  0.875 & rawben_rel_max >  0.956 & shelter_expenses_by_hh_size <= 58.800","ranger",1018,0.90766,0.89164,506,461,0.9111,0.1038,0.048,9.155,0.2038,0.9592,1.9
"4+","months_since_cert_n >  7.500 & percent_abawd <=  0.367 & total_deductions_by_hh_size <=  9.950 & utilities <= 28.000","ranger",195,0.92821,0.89158,108,95,0.8796,0.0214,0.0102,1.954,0.2038,0.9592,1.9
"4+","count_divisible_by_100 <=   0.500 & percent_abawd <=   0.775 & rawben_rel_max >   0.999 & shelter_expenses_by_hh_size <= 255.000","ranger",1961,0.90311,0.89156,948,853,0.8998,0.1921,0.109,17.152,0.2038,0.9592,1.9
"4+","married <=   0.500 & rawben_rel_max >   0.998 & total_deductions_by_hh_size <= 188.000","ranger",1961,0.90311,0.89156,1034,920,0.8897,0.2072,0.1199,18.708,0.2038,0.9592,1.9
"4+","count_divisible_by_100 <   1.000 & total_deductions_by_hh_size < 168.000 & unc_rawben_rel_max >=   0.998","xgboost",2048,0.90283,0.89153,1114,992,0.8905,0.2234,0.1392,20.156,0.2038,0.9592,1.9
"4+","count_divisible_by_100 <=  1.500 & elderly_disabled_i <=  0.500 & total_deductions_by_hh_size <= 10.300 & unc_rawben_rel_max >  0.941","ranger",877,0.90878,0.8915,449,410,0.9131,0.0923,0.0392,8.124,0.2038,0.9592,1.9
"4+","percent_abawd <= 0.875 & rawben_rel_max > 0.940 & shelter_expenses_by_hh_size <= 7.580","ranger",907,0.90849,0.8915,459,416,0.9063,0.0937,0.046,8.305,0.2038,0.9592,1.9
"4+","shelter_expenses_by_hh_size >= 183.000 & unc_rawben_rel_max >=   0.998 & unc_rawben_rel_max <   1.270","xgboost",746,0.91019,0.89145,531,457,0.8606,0.1029,0.0899,9.607,0.2038,0.9592,1.9
"4+","medical_deductions <=   6.500 & rawben_rel_max >   0.958 & shelter_expenses_by_hh_size <= 166.000 & unc_rawben_rel_max <=   1.180","ranger",1578,0.90431,0.89143,759,691,0.9104,0.1556,0.069,13.733,0.2038,0.9592,1.9
"4+","elderly_disabled_i <= 0.500 & HH_size_n <= 5.500 & percent_abawd <= 0.292 & unc_rawben_rel_max > 0.998","ranger",2172,0.90239,0.89141,1117,991,0.8872,0.2232,0.1365,20.21,0.2038,0.9592,1.9
"4+","elderly_disabled_i <=   0.500 & married <=   0.500 & rawben_rel_max >   0.998 & shelter_expenses_by_hh_size <= 640.000","ranger",1997,0.90285,0.8914,1062,948,0.8927,0.2135,0.1181,19.215,0.2038,0.9592,1.9
"4+","HH_size_n <   6.000 & rawben_rel_max >=   0.982 & shelter_expenses_by_hh_size < 286.000 & unc_rawben_rel_max <   1.280","xgboost",1928,0.90301,0.89135,998,888,0.8898,0.2,0.1156,18.057,0.2038,0.9592,1.9
"4+","married <= 0.500 & percent_abawd <= 0.583 & rawben_rel_max > 0.998 & unc_rawben_rel_max <= 1.390","ranger",2112,0.90246,0.89132,1118,996,0.8909,0.2243,0.1317,20.228,0.2038,0.9592,1.9
"4+","HH_size_n <=   5.500 & rawben_rel_max >   0.979 & shelter_expenses_by_hh_size <= 239.000","ranger",1830,0.90328,0.89131,905,805,0.8895,0.1813,0.1059,16.374,0.2038,0.9592,1.9
"4+","married <=   0.5000 & percent_abawd <=   0.0714 & rawben_rel_max >   0.9980 & total_deductions_by_hh_size <= 188.0000","ranger",1888,0.90307,0.89129,995,885,0.8894,0.1993,0.1162,18.003,0.2038,0.9592,1.9
"4+","elderly_disabled_i <=  0.500 & total_deductions_by_hh_size <= 13.200 & unc_rawben_rel_max >  0.962","ranger",875,0.90857,0.89126,442,403,0.9118,0.0908,0.0416,7.997,0.2038,0.9592,1.9
"4+","married <=   0.500 & total_deductions_by_hh_size >  14.300 & total_deductions_by_hh_size <= 202.000 & unc_rawben_rel_max >   0.998","ranger",1271,0.90559,0.89122,684,602,0.8801,0.1356,0.0874,12.376,0.2038,0.9592,1.9
"4+","medical_deductions <= 142.000 & months_since_cert_n <=  30.000 & rawben_rel_max >   0.999 & shelter_expenses_by_hh_size <= 160.000","ranger",1633,0.90386,0.89118,795,723,0.9094,0.1628,0.0771,14.384,0.2038,0.9592,1.9
"4+","children_i >   0.500 & count_divisible_by_100 <=   1.500 & rawben_rel_max >   0.999 & shelter_expenses_by_hh_size <= 256.000","ranger",2128,0.90226,0.89115,1049,942,0.898,0.2122,0.1207,18.98,0.2038,0.9592,1.9
"4+","married <=   0.500 & shelter_expenses_by_hh_size <= 633.000 & unc_rawben_rel_max >   0.998 & unc_rawben_rel_max <=   1.390","ranger",2108,0.90228,0.89112,1114,992,0.8905,0.2234,0.1317,20.156,0.2038,0.9592,1.9
"4+","expedited_i >   0.500 & HH_size_n <=   4.500 & rawben_rel_max >   0.997 & total_deductions_by_hh_size <= 162.000","ranger",227,0.92511,0.8911,161,150,0.9317,0.0338,0.0129,2.913,0.2038,0.9592,1.9
"4+","HH_size_n <=  7.500 & rawben_rel_max >  0.998 & total_deductions_by_hh_size <= 89.700","ranger",1141,0.90622,0.89105,558,509,0.9122,0.1146,0.0528,10.096,0.2038,0.9592,1.9
"4+","married <=   0.500 & rawben_rel_max >   0.999 & shelter_expenses_by_hh_size <= 417.000 & unc_rawben_rel_max <=   1.430","ranger",2029,0.90241,0.89104,1053,941,0.8936,0.2119,0.12,19.052,0.2038,0.9592,1.9
"4+","count_divisible_by_100 <  1.000 & rawben_rel_max >=  0.936 & total_deductions_by_hh_size < 48.000 & utilities < 28.000","xgboost",863,0.90846,0.89101,441,408,0.9252,0.0919,0.0369,7.979,0.2038,0.9592,1.9
"4+","percent_abawd <=  0.875 & rawben_rel_max >  0.985 & utilities <= 41.500","ranger",982,0.90733,0.89097,504,454,0.9008,0.1023,0.0538,9.119,0.2038,0.9592,1.9
"4+","count_divisible_by_100 <=   1.500 & elderly_disabled_i <=   0.500 & shelter_expenses_by_hh_size <= 166.000 & unc_rawben_rel_max >   0.955","ranger",1823,0.90291,0.8909,885,799,0.9028,0.18,0.09,16.012,0.2038,0.9592,1.9
"4+","percent_abawd <=  0.875 & total_deductions_by_hh_size <= 12.400 & unc_rawben_rel_max >  0.956","ranger",892,0.90807,0.8909,450,410,0.9111,0.0923,0.0423,8.142,0.2038,0.9592,1.9
"4+","total_deductions_by_hh_size <= 10.200 & unc_rawben_rel_max >  0.956","ranger",872,0.90826,0.89089,446,406,0.9103,0.0914,0.0423,8.069,0.2038,0.9592,1.9
"4+","cat_elig >   0.500 & HH_size_n <=   5.500 & unc_rawben_rel_max >   0.975 & utilities <= 314.000","ranger",782,0.90921,0.89087,378,338,0.8942,0.0761,0.0418,6.839,0.2038,0.9592,1.9
"4+","months_since_cert_n <= 23.500 & rawben_rel_max >  0.999 & shelter_expenses_by_hh_size <= 54.000 & utilities <= 29.500","ranger",832,0.90865,0.89087,428,391,0.9136,0.0881,0.0398,7.744,0.2038,0.9592,1.9
"4+","total_deductions_by_hh_size >=  58.50 & unc_rawben_rel_max >=   1.08 & utilities < 314.00","xgboost",149,0.93289,0.89087,65,51,0.7846,0.0115,0.0168,1.176,0.2038,0.9592,1.9
"4+","children_i >   0.500 & HH_size_n <=   4.500 & unc_rawben_rel_max >   0.962 & utilities <= 332.000","ranger",792,0.90909,0.89086,387,347,0.8966,0.0782,0.0443,7.002,0.2038,0.9592,1.9
"4+","cat_elig >=  2.000 & expedited_i <  1.000 & rawben_rel_max >=  0.963 & shelter_expenses_by_hh_size < 83.000","xgboost",385,0.91688,0.89073,50,45,0.9,0.0101,0.0063,0.905,0.2038,0.9592,1.9
"4+","count_divisible_by_100 <=   0.5 & shelter_expenses_by_hh_size <= 511.0 & total_deductions_by_hh_size <= 226.0 & unc_rawben_rel_max >   1.0","ranger",2379,0.90122,0.8907,1170,1045,0.8932,0.2354,0.1438,21.169,0.2038,0.9592,1.9
"4+","rawben_rel_max >  0.956 & shelter_expenses_by_hh_size <= 58.800","ranger",1019,0.90677,0.89069,507,462,0.9112,0.1041,0.048,9.173,0.2038,0.9592,1.9
"4+","rawben_rel_max >   0.977 & total_deductions_by_hh_size <= 172.000 & utilities <=  43.000","ranger",999,0.90691,0.89067,501,454,0.9062,0.1023,0.0509,9.065,0.2038,0.9592,1.9
"4+","cat_elig <=  0.500 & rawben_rel_max >  0.997 & total_deductions_by_hh_size > 46.600","ranger",322,0.91925,0.89065,156,137,0.8782,0.0309,0.0174,2.823,0.2038,0.9592,1.9
"4+","HH_size_n <=   5.500 & married <=   0.500 & rawben_rel_max >   0.998 & total_deductions_by_hh_size <= 172.000","ranger",1654,0.90326,0.89064,875,779,0.8903,0.1755,0.1025,15.831,0.2038,0.9592,1.9
"4+","cat_elig <=   1.500 & rawben_rel_max >   0.998 & total_deductions_by_hh_size > 102.000","ranger",850,0.90824,0.89063,735,640,0.8707,0.1441,0.1159,13.298,0.2038,0.9592,1.9
"4+","cat_elig >=  1.000 & rawben_rel_max >=  0.988 & shelter_expenses_by_hh_size < 95.000 & total_deductions_by_hh_size <  1.250","xgboost",569,0.91213,0.8906,298,271,0.9094,0.061,0.0295,5.392,0.2038,0.9592,1.9
"4+","count_divisible_by_100 <=   1.500 & rawben_rel_max >   0.981 & total_deductions_by_hh_size <= 175.000 & unc_rawben_rel_max <=   1.260","ranger",2348,0.90119,0.8906,1177,1056,0.8972,0.2378,0.1277,21.295,0.2038,0.9592,1.9
"4+","HH_size_n <= 5.500 & unc_rawben_rel_max > 0.998 & unc_rawben_rel_max <= 1.390","ranger",2338,0.9012,0.89058,1191,1054,0.885,0.2374,0.1517,21.549,0.2038,0.9592,1.9
"4+","total_deductions_by_hh_size >  11.8 & total_deductions_by_hh_size <= 120.0 & unc_rawben_rel_max >   1.0 & utilities <=  41.5","ranger",78,0.94872,0.89057,35,32,0.9143,0.0072,0.0029,0.633,0.2038,0.9592,1.9
"4+","elderly_disabled_i <= 0.5 & married <= 0.5 & unc_rawben_rel_max > 1.0","ranger",2000,0.902,0.89051,1062,947,0.8917,0.2133,0.1196,19.215,0.2038,0.9592,1.9
"4+","months_since_cert_n >  7.5 & total_deductions_by_hh_size <= 12.7 & utilities <= 30.5","ranger",204,0.92647,0.89051,113,99,0.8761,0.0223,0.0135,2.045,0.2038,0.9592,1.9
"4+","children_i >   0.500 & percent_abawd <=   0.292 & shelter_expenses_by_hh_size <= 256.000 & unc_rawben_rel_max >   0.999","ranger",2125,0.90165,0.8905,1040,935,0.899,0.2106,0.1201,18.817,0.2038,0.9592,1.9
"4+","count_divisible_by_100 <=   2.500 & months_since_cert_n <=   5.500 & rawben_rel_max >   0.999 & utilities <= 420.000","ranger",1223,0.90515,0.89046,590,523,0.8864,0.1178,0.0732,10.675,0.2038,0.9592,1.9
"4+","rawben_rel_max > 0.94 & shelter_expenses_by_hh_size <= 7.58","ranger",908,0.90749,0.89044,460,417,0.9065,0.0939,0.046,8.323,0.2038,0.9592,1.9
"4+","HH_size_n <=   8.500 & married <=   0.500 & total_deductions_by_hh_size <= 438.000 & unc_rawben_rel_max >   0.998","ranger",2104,0.90162,0.89041,1118,996,0.8909,0.2243,0.1325,20.228,0.2038,0.9592,1.9
"4+","children_i >   0.500 & elderly_disabled_i <=   0.500 & rawben_rel_max >   0.975 & shelter_expenses_by_hh_size <= 243.000","ranger",2170,0.90138,0.89035,1081,965,0.8927,0.2173,0.1244,19.559,0.2038,0.9592,1.9
"4+","children_i >  0.500 & married <=  0.500 & unc_rawben_rel_max >  0.926 & utilities <= 30.500","ranger",927,0.90723,0.89035,479,430,0.8977,0.0968,0.0519,8.667,0.2038,0.9592,1.9
"4+","elderly_disabled_i <=   0.500 & HH_size_n <=   4.500 & rawben_rel_max >   0.947 & shelter_expenses_by_hh_size <= 324.000","ranger",1504,0.90359,0.89034,788,705,0.8947,0.1588,0.089,14.257,0.2038,0.9592,1.9
"4+","cat_elig <=  0.500 & elderly_disabled_i <=  0.500 & unc_rawben_rel_max >  0.956 & utilities > 41.500","ranger",321,0.919,0.89031,163,146,0.8957,0.0329,0.0143,2.949,0.2038,0.9592,1.9
"4+","cat_elig >=   3 & shelter_expenses_by_hh_size < 158 & utilities <  18","xgboost",38,0.97368,0.89028,0,0,NA,0,0,0,0.2038,0.9592,1.9
"4+","expedited_i <=   0.500 & homeless >   0.500 & shelter_expenses_by_hh_size <= 171.000 & unc_rawben_rel_max <=   0.999","ranger",38,0.97368,0.89028,17,15,0.8824,0.0034,0.0011,0.308,0.2038,0.9592,1.9
"4+","expedited_i <=  0.5000 & percent_abawd >  0.0714 & shelter_expenses_by_hh_size <= 84.8000 & utilities <= 29.5000","ranger",38,0.97368,0.89028,26,20,0.7692,0.0045,0.0072,0.47,0.2038,0.9592,1.9
"4+","shelter_expenses_by_hh_size <= 52.000 & total_deductions_by_hh_size <= 12.400 & unc_rawben_rel_max >  0.773 & unc_rawben_rel_max <=  0.870","ranger",102,0.94118,0.89027,46,43,0.9348,0.0097,0.0046,0.832,0.2038,0.9592,1.9
"4+","cat_elig <=  0.5 & shelter_expenses_by_hh_size > 99.1 & unc_rawben_rel_max >  1.0","ranger",236,0.92373,0.89026,124,110,0.8871,0.0248,0.0127,2.244,0.2038,0.9592,1.9
"4+","children_i > 0.500 & unc_rawben_rel_max > 0.974 & unc_rawben_rel_max <= 1.180","ranger",2216,0.90117,0.89025,1108,1002,0.9043,0.2257,0.1088,20.047,0.2038,0.9592,1.9
"4+","months_since_cert_n <  10.00 & rawben_rel_max >=   0.96 & shelter_expenses_by_hh_size < 111.00 & total_deductions_by_hh_size <  11.80","xgboost",797,0.90841,0.89019,401,367,0.9152,0.0827,0.0373,7.255,0.2038,0.9592,1.9
"4+","shelter_expenses_by_hh_size <= 66.50 & unc_rawben_rel_max >  0.94 & utilities <= 33.50","ranger",955,0.90681,0.89016,478,432,0.9038,0.0973,0.0488,8.648,0.2038,0.9592,1.9
"4+","homeless <=  0.500 & rawben_rel_max >  0.958 & total_deductions_by_hh_size <= 82.800 & unc_rawben_rel_max <=  1.390","ranger",1239,0.90476,0.89015,582,526,0.9038,0.1185,0.0578,10.53,0.2038,0.9592,1.9
"4+","married <= 0.500 & rawben_rel_max > 0.998 & unc_rawben_rel_max <= 1.390","ranger",2118,0.90132,0.89014,1121,998,0.8903,0.2248,0.1332,20.282,0.2038,0.9592,1.9
"4+","months_since_cert_n <=  26.500 & percent_abawd <=   0.310 & rawben_rel_max >   0.956 & utilities <= 286.000","ranger",1190,0.90504,0.89013,575,514,0.8939,0.1158,0.0691,10.403,0.2038,0.9592,1.9
"4+","HH_size_n <= 5.500 & homeless <= 0.500 & married <= 0.500 & unc_rawben_rel_max > 0.998","ranger",1838,0.90207,0.89006,965,858,0.8891,0.1932,0.1156,17.46,0.2038,0.9592,1.9
"4+","rawben_rel_max >   0.999 & shelter_expenses_by_hh_size <= 214.000","ranger",1934,0.90176,0.89006,956,862,0.9017,0.1941,0.1018,17.297,0.2038,0.9592,1.9
"4+","rawben_rel_max >   0.977 & total_deductions_by_hh_size <= 272.000 & utilities <=  43.000","ranger",1013,0.90622,0.89005,510,462,0.9059,0.1041,0.0517,9.227,0.2038,0.9592,1.9
"4+","count_divisible_by_100 <=  1.500 & unc_rawben_rel_max >  0.949 & utilities <= 40.500","ranger",1052,0.90589,0.89003,544,488,0.8971,0.1099,0.0607,9.843,0.2038,0.9592,1.9
"4+","rawben_rel_max >=   0.96 & shelter_expenses_by_hh_size < 111.00 & total_deductions_by_hh_size <  11.80","xgboost",875,0.90743,0.89003,447,407,0.9105,0.0917,0.0423,8.088,0.2038,0.9592,1.9
"4+","rawben_rel_max >= 0.974 & unc_rawben_rel_max < 1.170","xgboost",2154,0.90111,0.89003,1076,974,0.9052,0.2194,0.105,19.468,0.2038,0.9592,1.9
"4+","rawben_rel_max >  0.999 & shelter_expenses_by_hh_size >  0.625 & total_deductions_by_hh_size > 99.400 & utilities <= 30.500","ranger",65,0.95385,0.89001,33,27,0.8182,0.0061,0.0056,0.597,0.2038,0.9592,1.9
"4+","elderly_disabled_i <=   0.500 & total_deductions_by_hh_size <= 208.000 & unc_rawben_rel_max >   0.956 & utilities <=  55.500","ranger",1071,0.9057,0.88997,543,488,0.8987,0.1099,0.063,9.824,0.2038,0.9592,1.9
"4+","months_since_cert_n >   9.500 & percent_abawd <=   0.875 & rawben_rel_max >   0.998 & utilities > 416.000","ranger",125,0.936,0.88996,84,76,0.9048,0.0171,0.0111,1.52,0.2038,0.9592,1.9
"4+","rawben_rel_max >   0.998 & shelter_expenses_by_hh_size <= 303.000 & total_deductions_by_hh_size <= 226.000","ranger",2315,0.90065,0.88995,1153,1031,0.8942,0.2322,0.1404,20.861,0.2038,0.9592,1.9
"4+","elderly_disabled_i <=  0.500 & married <=  0.500 & months_since_cert_n <= 34.000 & rawben_rel_max >  0.976","ranger",2181,0.90096,0.88994,1151,1024,0.8897,0.2306,0.1287,20.825,0.2038,0.9592,1.9
"4+","cat_elig > 1.500 & expedited_i > 0.500 & rawben_rel_max > 0.999","ranger",192,0.92708,0.88993,15,13,0.8667,0.0029,0.0013,0.271,0.2038,0.9592,1.9
"4+","expedited_i > 0.500 & shelter_expenses_by_hh_size <= 4.110 & unc_rawben_rel_max > 0.919","ranger",192,0.92708,0.88993,121,113,0.9339,0.0255,0.009,2.189,0.2038,0.9592,1.9
"4+","percent_abawd <=   0.875 & rawben_rel_max >   0.962 & total_deductions_by_hh_size <= 210.000 & unc_rawben_rel_max <=   1.170","ranger",2104,0.90114,0.88992,1083,977,0.9021,0.22,0.1048,19.595,0.2038,0.9592,1.9
"4+","children_i >   0.500 & shelter_expenses_by_hh_size <= 256.000 & unc_rawben_rel_max >   0.999","ranger",2142,0.90103,0.8899,1053,945,0.8974,0.2128,0.1235,19.052,0.2038,0.9592,1.9
"4+","rawben_rel_max >=  0.963 & shelter_expenses_by_hh_size < 83.000","xgboost",1168,0.90497,0.8899,564,511,0.906,0.1151,0.0551,10.204,0.2038,0.9592,1.9
"4+","cat_elig <=   1.500 & medical_deductions <=  67.500 & rawben_rel_max >   0.998 & total_deductions_by_hh_size > 102.000","ranger",844,0.90758,0.88986,733,639,0.8718,0.1439,0.1148,13.262,0.2038,0.9592,1.9
"4+","shelter_expenses_by_hh_size <= 162.000 & unc_rawben_rel_max >   0.948 & utilities > 451.000","ranger",392,0.91582,0.8898,162,149,0.9198,0.0336,0.0118,2.931,0.2038,0.9592,1.8
"4+","HH_size_n <=   5.500 & rawben_rel_max >   0.998 & shelter_expenses_by_hh_size <= 496.000","ranger",2283,0.90057,0.88979,1157,1025,0.8859,0.2309,0.1482,20.934,0.2038,0.9592,1.8
"4+","rawben_rel_max >   0.976 & shelter_expenses_by_hh_size <= 161.000 & unc_rawben_rel_max <=   1.420","ranger",1775,0.90197,0.88974,855,773,0.9041,0.1741,0.0849,15.47,0.2038,0.9592,1.8
"4+","shelter_expenses_by_hh_size < 482.000 & total_deductions_by_hh_size < 269.000 & unc_rawben_rel_max >=   0.998 & unc_rawben_rel_max <   1.280","xgboost",2501,0.90004,0.88974,1308,1165,0.8907,0.2624,0.166,23.666,0.2038,0.9592,1.8
"4+","percent_abawd <=   0.550 & rawben_rel_max >   0.999 & shelter_expenses_by_hh_size <= 239.000","ranger",2062,0.90107,0.88972,1016,911,0.8967,0.2052,0.1175,18.382,0.2038,0.9592,1.8
"4+","elderly_disabled_i <= 0.500 & married <= 0.500 & rawben_rel_max > 0.976","ranger",2186,0.90073,0.88971,1151,1024,0.8897,0.2306,0.1287,20.825,0.2038,0.9592,1.8
"4+","homeless <=   0.500 & months_since_cert_n <=  14.500 & shelter_expenses_by_hh_size <= 167.000 & unc_rawben_rel_max >   0.955","ranger",1832,0.90175,0.88971,863,777,0.9003,0.175,0.0907,15.614,0.2038,0.9592,1.8
"4+","count_divisible_by_100 <=   1.500 & elderly_disabled_i <=   0.500 & rawben_rel_max >   0.958 & shelter_expenses_by_hh_size <= 218.000","ranger",2119,0.9009,0.8897,1058,949,0.897,0.2137,0.1103,19.142,0.2038,0.9592,1.8
"4+","elderly_disabled_i <= 0.500 & HH_size_n <= 4.500 & married <= 0.500 & rawben_rel_max > 0.977","ranger",1360,0.90368,0.8897,729,655,0.8985,0.1475,0.0767,13.19,0.2038,0.9592,1.8
"4+","shelter_expenses_by_hh_size <= 164.000 & unc_rawben_rel_max >   0.972 & unc_rawben_rel_max <=   1.420","ranger",1803,0.90183,0.88969,870,786,0.9034,0.177,0.0883,15.741,0.2038,0.9592,1.8
"4+","cat_elig >  0.500 & total_deductions_by_hh_size <= 12.700 & unc_rawben_rel_max >  0.365 & utilities <= 30.500","ranger",882,0.90703,0.88968,435,384,0.8828,0.0865,0.0486,7.87,0.2038,0.9592,1.8
"4+","married <=   0.500 & rawben_rel_max >   0.999 & total_deductions_by_hh_size <= 319.000","ranger",2090,0.90096,0.88968,1102,980,0.8893,0.2207,0.1332,19.938,0.2038,0.9592,1.8
"4+","HH_size_n <= 5.500 & percent_abawd <= 0.325 & rawben_rel_max > 0.998 & unc_rawben_rel_max <= 1.510","ranger",2318,0.90035,0.88964,1177,1041,0.8845,0.2345,0.1503,21.295,0.2038,0.9592,1.8
"4+","elderly_disabled_i <= 0.500 & HH_size_n <= 5.500 & months_since_cert_n <= 5.500 & rawben_rel_max > 0.997","ranger",1581,0.90259,0.88963,796,704,0.8844,0.1586,0.099,14.402,0.2038,0.9592,1.8
"4+","cat_elig >= 1.00 & months_since_cert_n < 9.00 & unc_rawben_rel_max >= 1.06 & unc_rawben_rel_max < 1.08","xgboost",473,0.91332,0.88962,249,224,0.8996,0.0505,0.025,4.505,0.2038,0.9592,1.8
"4+","children_i >   0.500 & count_divisible_by_100 <=   2.500 & shelter_expenses_by_hh_size <= 166.000 & unc_rawben_rel_max >   0.962","ranger",1840,0.90163,0.88961,891,804,0.9024,0.1811,0.0924,16.121,0.2038,0.9592,1.8
"4+","homeless <=   0.500 & shelter_expenses_by_hh_size <= 166.000 & unc_rawben_rel_max >   0.957 & unc_rawben_rel_max <=   1.420","ranger",1840,0.90163,0.88961,873,788,0.9026,0.1775,0.091,15.795,0.2038,0.9592,1.8
"4+","shelter_expenses_by_hh_size <= 302.000 & unc_rawben_rel_max >   0.998 & unc_rawben_rel_max <=   1.300","ranger",2327,0.9003,0.88961,1161,1039,0.8949,0.234,0.1404,21.006,0.2038,0.9592,1.8
"4+","cat_elig <= 1.500 & count_divisible_by_100 <= 1.500 & HH_size_n <= 5.500 & unc_rawben_rel_max > 0.998","ranger",1407,0.90334,0.8896,1103,978,0.8867,0.2203,0.1397,19.957,0.2038,0.9592,1.8
"4+","count_divisible_by_100 <=  1.500 & total_deductions_by_hh_size <= 10.300 & unc_rawben_rel_max >  0.941","ranger",891,0.90685,0.88957,454,414,0.9119,0.0932,0.0399,8.214,0.2038,0.9592,1.8
"4+","rawben_rel_max >   0.962 & total_deductions_by_hh_size <= 210.000 & unc_rawben_rel_max <=   1.170","ranger",2107,0.90081,0.88957,1084,978,0.9022,0.2203,0.1048,19.613,0.2038,0.9592,1.8
"4+","rawben_rel_max >=  0.957 & shelter_expenses_by_hh_size <  9.000 & total_deductions_by_hh_size < 56.800","xgboost",881,0.90692,0.88955,448,406,0.9062,0.0914,0.0457,8.106,0.2038,0.9592,1.8
"4+","married <=   0.500 & medical_deductions <=   0.500 & unc_rawben_rel_max >   0.962 & utilities <= 294.000","ranger",1018,0.9057,0.88954,494,444,0.8988,0.1,0.0534,8.938,0.2038,0.9592,1.8
"4+","rawben_rel_max > 0.959 & total_deductions_by_hh_size <= 9.170","ranger",861,0.90708,0.88951,436,396,0.9083,0.0892,0.0423,7.889,0.2038,0.9592,1.8
"4+","rawben_rel_max >=  0.974 & unc_rawben_rel_max <  1.240 & utilities < 18.000","xgboost",959,0.90615,0.8895,486,437,0.8992,0.0984,0.0517,8.793,0.2038,0.9592,1.8
"4+","unc_rawben_rel_max > 0.974 & unc_rawben_rel_max <= 1.180","ranger",2229,0.9004,0.88948,1113,1007,0.9048,0.2268,0.1088,20.138,0.2038,0.9592,1.8
"4+","married <  1.00 & total_deductions_by_hh_size >= 23.80 & unc_rawben_rel_max >=  1.00 & unc_rawben_rel_max <  1.28","xgboost",1260,0.90397,0.88944,721,633,0.8779,0.1426,0.0985,13.045,0.2038,0.9592,1.8
"4+","count_divisible_by_100 <=  0.500 & married <=  0.500 & unc_rawben_rel_max >  0.959 & utilities <= 28.500","ranger",781,0.90781,0.88935,418,380,0.9091,0.0856,0.0407,7.563,0.2038,0.9592,1.8
"4+","months_since_cert_n >= 7.0 & total_deductions_by_hh_size < 7.2 & unc_rawben_rel_max >= 1.0","xgboost",158,0.93038,0.88932,94,87,0.9255,0.0196,0.0077,1.701,0.2038,0.9592,1.8
"4+","children_i >  0.500 & married <=  0.500 & unc_rawben_rel_max >  0.976 & utilities <= 47.500","ranger",879,0.90671,0.8893,453,409,0.9029,0.0921,0.0447,8.196,0.2038,0.9592,1.8
"4+","homeless <=   0.500 & married <=   0.500 & total_deductions_by_hh_size <= 229.000 & unc_rawben_rel_max >   0.976","ranger",2225,0.90022,0.88928,1153,1023,0.8873,0.2304,0.1343,20.861,0.2038,0.9592,1.8
"4+","children_i > 0.5 & count_divisible_by_100 <= 0.5 & married <= 0.5 & unc_rawben_rel_max > 1.0","ranger",1910,0.90105,0.88923,999,891,0.8919,0.2007,0.1198,18.075,0.2038,0.9592,1.8
"4+","cat_elig <= 1.500 & children_i > 0.500 & HH_size_n <= 5.500 & rawben_rel_max > 0.998","ranger",1402,0.903,0.88921,1101,977,0.8874,0.22,0.1384,19.92,0.2038,0.9592,1.8
"4+","rawben_rel_max >   0.976 & shelter_expenses_by_hh_size <= 161.000","ranger",1776,0.90146,0.88921,855,773,0.9041,0.1741,0.0849,15.47,0.2038,0.9592,1.8
"4+","children_i >  0.500 & count_divisible_by_100 <=  1.500 & rawben_rel_max >  0.997 & shelter_expenses_by_hh_size <= 94.400","ranger",1170,0.90427,0.88918,553,504,0.9114,0.1135,0.0503,10.005,0.2038,0.9592,1.8
"4+","elderly_disabled_i <=   0.500 & shelter_expenses_by_hh_size > 226.000 & unc_rawben_rel_max >   0.974 & unc_rawben_rel_max <=   1.200","ranger",400,0.915,0.88918,238,216,0.9076,0.0486,0.0258,4.306,0.2038,0.9592,1.8
"4+","shelter_expenses_by_hh_size <= 164.000 & unc_rawben_rel_max >   0.972","ranger",1804,0.90133,0.88917,870,786,0.9034,0.177,0.0883,15.741,0.2038,0.9592,1.8
"4+","total_deductions_by_hh_size <= 12.800 & unc_rawben_rel_max >  0.956","ranger",897,0.90635,0.88911,451,411,0.9113,0.0926,0.0423,8.16,0.2038,0.9592,1.8
"4+","children_i >  0.5 & months_since_cert_n <= 25.5 & shelter_expenses_by_hh_size <= 64.7 & unc_rawben_rel_max >  1.0","ranger",936,0.90598,0.8891,467,426,0.9122,0.0959,0.0435,8.449,0.2038,0.9592,1.8
"4+","married <=   0.500 & percent_abawd <=   0.583 & rawben_rel_max >   0.998 & total_deductions_by_hh_size <= 468.000","ranger",2117,0.90033,0.8891,1124,1002,0.8915,0.2257,0.132,20.337,0.2038,0.9592,1.8
"4+","elderly_disabled_i <= 0.500 & HH_size_n <= 4.500 & married <= 0.500 & rawben_rel_max > 0.969","ranger",1381,0.90297,0.88907,749,669,0.8932,0.1507,0.0845,13.552,0.2038,0.9592,1.8
"4+","months_since_cert_n <= 26.50 & shelter_expenses_by_hh_size <= 59.20 & unc_rawben_rel_max >  1.02 & utilities <= 30.50","ranger",779,0.90757,0.88906,412,376,0.9126,0.0847,0.0388,7.454,0.2038,0.9592,1.8
"4+","rawben_rel_max >  0.998 & total_deductions_by_hh_size <= 83.800 & unc_rawben_rel_max >  0.974 & unc_rawben_rel_max <=  1.380","ranger",1130,0.90442,0.88906,543,493,0.9079,0.111,0.0511,9.824,0.2038,0.9592,1.8
"4+","elderly_disabled_i < 1.00 & HH_size_n < 6.00 & unc_rawben_rel_max >= 1.01","xgboost",2125,0.90024,0.88903,1097,970,0.8842,0.2185,0.1376,19.848,0.2038,0.9592,1.8
"4+","shelter_expenses_by_hh_size <= 255.000 & total_deductions_by_hh_size <= 368.000 & unc_rawben_rel_max >   0.998","ranger",2144,0.90019,0.88903,1054,945,0.8966,0.2128,0.1244,19.07,0.2038,0.9592,1.8
"4+","cat_elig <=   2.500 & shelter_expenses_by_hh_size <= 218.000 & unc_rawben_rel_max >   0.998","ranger",1925,0.90078,0.889,966,871,0.9017,0.1962,0.1025,17.478,0.2038,0.9592,1.8
"4+","elderly_disabled_i <=   0.500 & rawben_rel_max >   0.975 & shelter_expenses_by_hh_size <= 243.000","ranger",2181,0.90005,0.88898,1084,968,0.893,0.218,0.1244,19.613,0.2038,0.9592,1.8
"4+","married <=  0.500 & months_since_cert_n <= 23.000 & rawben_rel_max >  0.918 & utilities <= 29.500","ranger",935,0.90588,0.88898,488,437,0.8955,0.0984,0.0525,8.829,0.2038,0.9592,1.8
"4+","shelter_expenses_by_hh_size <= 163.000 & unc_rawben_rel_max >   0.944 & utilities <=  30.500","ranger",1003,0.90528,0.88897,504,457,0.9067,0.1029,0.0524,9.119,0.2038,0.9592,1.8
"4+","children_i >   0.500 & rawben_rel_max >   0.955 & shelter_expenses_by_hh_size <= 255.000 & utilities <=   9.000","ranger",993,0.90534,0.88893,505,454,0.899,0.1023,0.0559,9.137,0.2038,0.9592,1.8
"4+","expedited_i <=  0.500 & HH_size_n <=  5.500 & unc_rawben_rel_max >  0.998 & utilities <= 40.000","ranger",630,0.90952,0.88893,303,267,0.8812,0.0601,0.0364,5.482,0.2038,0.9592,1.8
"4+","married <   1 & shelter_expenses_by_hh_size < 406 & unc_rawben_rel_max >=   1","xgboost",2028,0.90039,0.88892,1051,938,0.8925,0.2113,0.1203,19.016,0.2038,0.9592,1.8
"4+","medical_deductions <=  73.000 & months_since_cert_n <=  31.500 & shelter_expenses_by_hh_size <= 255.000 & unc_rawben_rel_max >   0.999","ranger",2142,0.90009,0.88892,1054,945,0.8966,0.2128,0.1244,19.07,0.2038,0.9592,1.8
"4+","months_since_cert_n <=  31.000 & rawben_rel_max >   0.998 & shelter_expenses_by_hh_size <= 243.000 & total_deductions_by_hh_size <= 454.000","ranger",2085,0.90024,0.88892,1035,927,0.8957,0.2088,0.1212,18.726,0.2038,0.9592,1.8
"4+","cat_elig >   1.50 & rawben_rel_max >   0.94 & shelter_expenses_by_hh_size <= 160.00","ranger",768,0.90755,0.8889,87,78,0.8966,0.0176,0.0111,1.574,0.2038,0.9592,1.8
"4+","percent_abawd <=   0.875 & rawben_rel_max >   0.972 & shelter_expenses_by_hh_size <= 166.000","ranger",1809,0.90105,0.8889,871,786,0.9024,0.177,0.0912,15.759,0.2038,0.9592,1.8
"4+","unc_rawben_rel_max >=  0.941 & utilities < 42.000","xgboost",1080,0.90463,0.8889,554,496,0.8953,0.1117,0.0637,10.024,0.2038,0.9592,1.8
"4+","children_i >   0.500 & count_divisible_by_100 <=   0.500 & unc_rawben_rel_max >   0.974 & utilities <= 414.000","ranger",1513,0.90218,0.88889,776,688,0.8866,0.155,0.0987,14.04,0.2038,0.9592,1.8
"4+","elderly_disabled_i <=   0.500 & months_since_cert_n <=  26.500 & rawben_rel_max >   0.974 & total_deductions_by_hh_size <= 143.000","ranger",2018,0.9004,0.88889,983,879,0.8942,0.198,0.1145,17.785,0.2038,0.9592,1.8
"4+","HH_size_n <=   4.500 & rawben_rel_max >   0.968 & shelter_expenses_by_hh_size <= 302.000 & total_deductions_by_hh_size <= 186.000","ranger",1340,0.90299,0.88886,694,616,0.8876,0.1387,0.0838,12.557,0.2038,0.9592,1.8
"4+","shelter_expenses_by_hh_size <= 240.000 & unc_rawben_rel_max >   0.998","ranger",2074,0.90019,0.88884,1024,917,0.8955,0.2065,0.1208,18.527,0.2038,0.9592,1.8
"4+","homeless <=  0.500 & percent_abawd <=  0.875 & rawben_rel_max >  0.941 & shelter_expenses_by_hh_size <= 26.300","ranger",943,0.90562,0.88878,465,422,0.9075,0.095,0.0459,8.413,0.2038,0.9592,1.8
"4+","HH_size_n <=   8.500 & percent_abawd <=   0.050 & rawben_rel_max >   0.999 & shelter_expenses_by_hh_size <= 234.000","ranger",1949,0.90046,0.88874,955,857,0.8974,0.193,0.1105,17.279,0.2038,0.9592,1.8
"4+","months_since_cert_n >=  9.000 & months_since_cert_n < 14.000 & unc_rawben_rel_max >=  0.998","xgboost",337,0.91691,0.88874,205,181,0.8829,0.0408,0.0303,3.709,0.2038,0.9592,1.8
"4+","expedited_i >= 1.000 & rawben_rel_max >= 0.909 & unc_rawben_rel_max >= 0.898","xgboost",609,0.90969,0.88873,317,289,0.9117,0.0651,0.0267,5.735,0.2038,0.9592,1.8
"4+","months_since_cert_n <=  23.500 & total_deductions_by_hh_size <= 356.000 & unc_rawben_rel_max >   0.927 & utilities <=  30.500","ranger",1078,0.90445,0.8887,554,498,0.8989,0.1122,0.0613,10.024,0.2038,0.9592,1.8
"4+","children_i >   0.50 & months_since_cert_n <=   3.50 & rawben_rel_max >   0.96 & shelter_expenses_by_hh_size <= 166.00","ranger",942,0.90552,0.88866,425,387,0.9106,0.0872,0.0379,7.69,0.2038,0.9592,1.8
"4+","total_deductions_by_hh_size < 58.50 & unc_rawben_rel_max >=  1.02 & unc_rawben_rel_max <  1.16 & utilities < 32.00","xgboost",776,0.90722,0.88864,411,375,0.9124,0.0845,0.0388,7.436,0.2038,0.9592,1.8
"4+","shelter_expenses_by_hh_size <= 164.000 & total_deductions_by_hh_size > 115.000 & unc_rawben_rel_max >   0.957","ranger",264,0.92045,0.8886,118,101,0.8559,0.0227,0.0176,2.135,0.2038,0.9592,1.8
"4+","months_since_cert_n <= 25.5 & shelter_expenses_by_hh_size <= 64.7 & unc_rawben_rel_max >  1.0","ranger",941,0.90542,0.88854,470,429,0.9128,0.0966,0.0435,8.504,0.2038,0.9592,1.8
"4+","percent_abawd <=   0.875 & rawben_rel_max >   0.998 & utilities <= 416.000","ranger",1594,0.90151,0.88854,807,714,0.8848,0.1608,0.1036,14.601,0.2038,0.9592,1.8
"4+","expedited_i >  0.50 & HH_size_n <=  6.50 & shelter_expenses_by_hh_size <= 10.50 & total_deductions_by_hh_size <=  9.88","ranger",211,0.92417,0.88853,133,122,0.9173,0.0275,0.0121,2.406,0.2038,0.9592,1.8
"4+","percent_abawd <=   0.875 & shelter_expenses_by_hh_size <= 242.000 & unc_rawben_rel_max >   0.938 & utilities <=  27.500","ranger",1028,0.90467,0.88852,525,473,0.901,0.1065,0.0562,9.499,0.2038,0.9592,1.8
"4+","rawben_rel_max >   0.999 & utilities <= 416.000","ranger",1593,0.90144,0.88847,805,712,0.8845,0.1604,0.1036,14.565,0.2038,0.9592,1.8
"4+","elderly_disabled_i <=   0.500 & rawben_rel_max >   0.976 & shelter_expenses_by_hh_size > 166.000 & unc_rawben_rel_max <=   1.150","ranger",498,0.91165,0.88844,274,254,0.927,0.0572,0.0207,4.957,0.2038,0.9592,1.8
"4+","expedited_i <=  0.500 & months_since_cert_n <= 23.500 & unc_rawben_rel_max >  0.999 & utilities <= 30.500","ranger",706,0.90793,0.88844,346,308,0.8902,0.0694,0.0392,6.26,0.2038,0.9592,1.8
"4+","HH_size_n <   5.00 & months_since_cert_n <   4.00 & shelter_expenses_by_hh_size < 369.00 & unc_rawben_rel_max >=   1.04","xgboost",627,0.90909,0.88841,304,269,0.8849,0.0606,0.0427,5.5,0.2038,0.9592,1.8
"4+","rawben_rel_max >   0.955 & shelter_expenses_by_hh_size <= 255.000 & utilities <=   9.000","ranger",998,0.90481,0.88841,508,457,0.8996,0.1029,0.0559,9.191,0.2038,0.9592,1.8
"4+","married <=   0.500 & months_since_cert_n <=  13.500 & total_deductions_by_hh_size <= 159.000 & unc_rawben_rel_max >   0.956","ranger",1924,0.90021,0.8884,1078,954,0.885,0.2149,0.1333,19.504,0.2038,0.9592,1.8
"4+","cat_elig >   0.5 & HH_size_n <=   5.5 & unc_rawben_rel_max >   1.0 & utilities <= 420.0","ranger",1075,0.90419,0.88839,552,479,0.8678,0.1079,0.0797,9.987,0.2038,0.9592,1.8
"4+","percent_abawd <=   0.583 & rawben_rel_max >   0.999 & shelter_expenses_by_hh_size <= 171.000 & utilities <= 284.000","ranger",988,0.90486,0.88838,479,435,0.9081,0.098,0.0482,8.667,0.2038,0.9592,1.8
"4+","count_divisible_by_100 <=  1.500 & months_since_cert_n <= 23.500 & unc_rawben_rel_max >  0.962 & utilities <= 53.000","ranger",1065,0.90423,0.88835,547,492,0.8995,0.1108,0.0593,9.897,0.2038,0.9592,1.8
"4+","shelter_expenses_by_hh_size <= 57.100 & unc_rawben_rel_max >  0.941","ranger",1045,0.90431,0.88828,516,469,0.9089,0.1056,0.0486,9.336,0.2038,0.9592,1.8
"4+","HH_size_n <=   5.5000 & total_deductions_by_hh_size <=   0.0111 & unc_rawben_rel_max >   0.9590 & utilities <= 766.0000","ranger",695,0.90791,0.88825,364,330,0.9066,0.0743,0.036,6.586,0.2038,0.9592,1.8
"4+","cat_elig >  1.500 & percent_abawd <=  0.875 & shelter_expenses_by_hh_size <= 51.800 & unc_rawben_rel_max >  0.918","ranger",437,0.91304,0.88825,57,55,0.9649,0.0124,0.0035,1.031,0.2038,0.9592,1.8
"4+","cat_elig > 0.500 & elderly_disabled_i <= 0.500 & married <= 0.500 & unc_rawben_rel_max > 0.976","ranger",1741,0.90063,0.88821,931,825,0.8861,0.1858,0.1094,16.845,0.2038,0.9592,1.8
"4+","cat_elig <=  1.500 & HH_size_n <=  5.500 & rawben_rel_max >  0.998 & shelter_expenses_by_hh_size > 53.600","ranger",967,0.90486,0.88819,757,663,0.8758,0.1493,0.1082,13.696,0.2038,0.9592,1.8
"4+","HH_size_n <=   7.500 & unc_rawben_rel_max >   0.998 & unc_rawben_rel_max <=   1.260 & utilities <= 390.000","ranger",1322,0.90242,0.88816,651,589,0.9048,0.1327,0.0669,11.779,0.2038,0.9592,1.8
"4+","rawben_rel_max >=   0.963 & shelter_expenses_by_hh_size < 157.000 & total_deductions_by_hh_size <  78.200","xgboost",1188,0.9032,0.88816,585,528,0.9026,0.1189,0.0582,10.584,0.2038,0.9592,1.8
"4+","married <=  0.500 & rawben_rel_max >  0.918 & utilities <= 29.500","ranger",937,0.90502,0.88807,488,437,0.8955,0.0984,0.0525,8.829,0.2038,0.9592,1.8
"4+","cat_elig <=  2.500 & months_since_cert_n <= 13.500 & unc_rawben_rel_max >  0.926 & utilities <= 30.500","ranger",1043,0.90412,0.88806,548,492,0.8978,0.1108,0.0613,9.915,0.2038,0.9592,1.8
"4+","homeless <=   0.500 & shelter_expenses_by_hh_size <= 167.000 & unc_rawben_rel_max >   0.955","ranger",1861,0.90005,0.88803,879,792,0.901,0.1784,0.093,15.904,0.2038,0.9592,1.8
"4+","children_i >   0.500 & HH_size_n <=   5.500 & unc_rawben_rel_max >   0.922 & utilities <= 284.000","ranger",1129,0.90345,0.88802,541,481,0.8891,0.1083,0.0636,9.788,0.2038,0.9592,1.8
"4+","total_deductions_by_hh_size <= 356.000 & unc_rawben_rel_max >   0.927 & utilities <=  30.500","ranger",1081,0.90379,0.88802,554,498,0.8989,0.1122,0.0613,10.024,0.2038,0.9592,1.8
"4+","rawben_rel_max >   0.998 & shelter_expenses_by_hh_size >  61.300 & utilities <= 314.000","ranger",210,0.92381,0.88801,88,73,0.8295,0.0164,0.0175,1.592,0.2038,0.9592,1.8
"4+","HH_size_n <= 5.500 & married <= 0.500 & rawben_rel_max > 0.998","ranger",1870,0.9,0.888,985,876,0.8893,0.1973,0.1173,17.822,0.2038,0.9592,1.8
"4+","HH_size_n >   4.500 & rawben_rel_max >   0.976 & shelter_expenses_by_hh_size >  96.400 & utilities > 678.000","ranger",167,0.92814,0.888,78,71,0.9103,0.016,0.0065,1.411,0.2038,0.9592,1.8
"4+","rawben_rel_max >  0.770 & total_deductions_by_hh_size <= 12.400 & unc_rawben_rel_max >  0.939","ranger",917,0.90513,0.88799,461,420,0.9111,0.0946,0.0426,8.341,0.2038,0.9592,1.8
"4+","cat_elig <=  0.5 & percent_abawd <=  0.1 & shelter_expenses_by_hh_size > 99.1 & unc_rawben_rel_max >  1.0","ranger",231,0.92208,0.88794,123,109,0.8862,0.0245,0.0127,2.225,0.2038,0.9592,1.8
"4+","count_divisible_by_100 <=   2.500 & shelter_expenses_by_hh_size <= 166.000 & unc_rawben_rel_max >   0.962","ranger",1850,0.9,0.88794,894,807,0.9027,0.1818,0.0924,16.175,0.2038,0.9592,1.8
"4+","elderly_disabled_i <  1.000 & months_since_cert_n >=  1.000 & total_deductions_by_hh_size < 77.400 & unc_rawben_rel_max >=  0.977","xgboost",1013,0.90424,0.88794,483,438,0.9068,0.0986,0.0488,8.739,0.2038,0.9592,1.8
"4+","elderly_disabled_i <=   0.500 & rawben_rel_max >   0.998 & unc_rawben_rel_max <=   1.390 & utilities > 732.000","ranger",231,0.92208,0.88794,101,93,0.9208,0.0209,0.0073,1.827,0.2038,0.9592,1.8
"4+","HH_size_n <=   8.500 & shelter_expenses_by_hh_size <=   4.400 & total_deductions_by_hh_size <= 210.000 & unc_rawben_rel_max >   0.925","ranger",897,0.90524,0.88791,458,417,0.9105,0.0939,0.0448,8.287,0.2038,0.9592,1.8
"4+","months_since_cert_n < 9.00 & unc_rawben_rel_max >= 1.06 & unc_rawben_rel_max < 1.20","xgboost",1252,0.90256,0.88789,637,577,0.9058,0.13,0.0716,11.525,0.2038,0.9592,1.8
"4+","cat_elig >  0.5 & total_deductions_by_hh_size <= 12.7 & utilities <= 30.5","ranger",887,0.9053,0.88787,438,387,0.8836,0.0872,0.0486,7.925,0.2038,0.9592,1.8
"4+","cat_elig >=  1.0 & months_since_cert_n <  1.0 & total_deductions_by_hh_size < 96.9 & unc_rawben_rel_max >=  1.0","xgboost",88,0.94318,0.88785,48,42,0.875,0.0095,0.0043,0.868,0.2038,0.9592,1.8
"4+","HH_size_n <=   4.500 & rawben_rel_max >   0.995 & shelter_expenses_by_hh_size <= 256.000 & unc_rawben_rel_max >   0.991","ranger",1194,0.90285,0.88782,607,547,0.9012,0.1232,0.0645,10.982,0.2038,0.9592,1.8
"4+","months_since_cert_n >  9.500 & months_since_cert_n <= 10.500 & shelter_expenses_by_hh_size > 58.200 & unc_rawben_rel_max >  0.999","ranger",76,0.94737,0.88782,49,44,0.898,0.0099,0.0071,0.887,0.2038,0.9592,1.8
"4+","rawben_rel_max >=   0.955 & shelter_expenses_by_hh_size >= 113.000 & shelter_expenses_by_hh_size < 166.000","xgboost",405,0.91358,0.88778,182,162,0.8901,0.0365,0.0203,3.293,0.2038,0.9592,1.8
"4+","expedited_i >  0.500 & months_since_cert_n <=  5.500 & unc_rawben_rel_max >  0.937 & utilities > 33.500","ranger",262,0.91985,0.88777,112,106,0.9464,0.0239,0.0087,2.026,0.2038,0.9592,1.8
"4+","elderly_disabled_i < 1.000 & HH_size_n < 6.000 & rawben_rel_max >= 0.952 & unc_rawben_rel_max < 1.070","xgboost",1355,0.90185,0.88774,698,630,0.9026,0.1419,0.0677,12.629,0.2038,0.9592,1.8
"4+","cat_elig > 0.500 & elderly_disabled_i <= 0.500 & married <= 0.500 & rawben_rel_max > 0.975","ranger",1743,0.90017,0.88773,932,825,0.8852,0.1858,0.1097,16.863,0.2038,0.9592,1.8
"4+","cat_elig >=  2.000 & months_since_cert_n <  4.000 & total_deductions_by_hh_size < 94.600 & unc_rawben_rel_max >=  0.998","xgboost",241,0.92116,0.88771,19,18,0.9474,0.0041,8e-04,0.344,0.2038,0.9592,1.8
"4+","elderly_disabled_i <=  0.500 & percent_abawd <=  0.900 & rawben_rel_max >  0.944 & utilities <= 55.500","ranger",1097,0.90337,0.88769,557,500,0.8977,0.1126,0.065,10.078,0.2038,0.9592,1.8
"4+","expedited_i > 0.500 & months_since_cert_n <= 3.500 & unc_rawben_rel_max > 0.853","ranger",344,0.9157,0.88769,178,162,0.9101,0.0365,0.0157,3.221,0.2038,0.9592,1.8
"4+","percent_abawd <=  0.875 & unc_rawben_rel_max >  0.938 & utilities <= 27.500","ranger",1049,0.90372,0.88768,537,482,0.8976,0.1086,0.0605,9.716,0.2038,0.9592,1.8
"4+","months_since_cert_n <   4.00 & unc_rawben_rel_max >=   1.02 & unc_rawben_rel_max <   1.19 & utilities < 676.00","xgboost",866,0.90531,0.88766,413,377,0.9128,0.0849,0.0376,7.472,0.2038,0.9592,1.8
"4+","elderly_disabled_i <=   0.500 & rawben_rel_max >   0.962 & unc_rawben_rel_max <=   1.390 & utilities > 727.000","ranger",272,0.91912,0.88761,152,140,0.9211,0.0315,0.0099,2.75,0.2038,0.9592,1.8
"4+","rawben_rel_max >   0.997 & shelter_expenses_by_hh_size <= 255.000 & utilities > 474.000","ranger",524,0.91031,0.88761,228,207,0.9079,0.0466,0.0179,4.125,0.2038,0.9592,1.8
"4+","cat_elig <=   1.500 & married <=   0.500 & total_deductions_by_hh_size <= 222.000 & unc_rawben_rel_max >   0.998","ranger",1201,0.90258,0.88759,976,873,0.8945,0.1966,0.1083,17.659,0.2038,0.9592,1.8
"4+","unc_rawben_rel_max >   0.962 & utilities <= 294.000","ranger",1201,0.90258,0.88759,574,515,0.8972,0.116,0.0654,10.385,0.2038,0.9592,1.8
"4+","cat_elig >   2.5 & months_since_cert_n <=  26.0 & total_deductions_by_hh_size <= 154.0 & utilities <=  29.5","ranger",37,0.97297,0.88753,0,0,NA,0,0,0,0.2038,0.9592,1.8
"4+","count_divisible_by_100 <= 1.50 & expedited_i > 0.50 & months_since_cert_n <= 8.50 & total_deductions_by_hh_size <= 8.57","ranger",209,0.92344,0.88749,124,113,0.9113,0.0255,0.0133,2.244,0.2038,0.9592,1.8
"4+","married <= 0.500 & rawben_rel_max > 0.941 & total_deductions_by_hh_size <= 0.875","ranger",719,0.90682,0.88742,375,343,0.9147,0.0773,0.0319,6.785,0.2038,0.9592,1.8
"4+","rawben_rel_max >=  0.928 & unc_rawben_rel_max >=  0.442 & utilities < 39.000","xgboost",1094,0.90311,0.88739,564,506,0.8972,0.114,0.0637,10.204,0.2038,0.9592,1.8
"4+","HH_size_n <=  7.5 & months_since_cert_n >  5.5 & total_deductions_by_hh_size <= 20.2 & utilities <= 30.5","ranger",292,0.91781,0.88738,167,145,0.8683,0.0327,0.0215,3.022,0.2038,0.9592,1.8
"4+","children_i >  0.500 & months_since_cert_n >  7.500 & months_since_cert_n <= 31.500 & rawben_rel_max >  0.999","ranger",513,0.91033,0.88737,302,270,0.894,0.0608,0.04,5.464,0.2038,0.9592,1.8
"4+","rawben_rel_max >=  0.96 & unc_rawben_rel_max >=  1.04 & utilities < 51.00","xgboost",825,0.90545,0.88735,434,393,0.9055,0.0885,0.0451,7.852,0.2038,0.9592,1.8
"4+","HH_size_n <=   5.500 & shelter_expenses_by_hh_size <= 207.000 & unc_rawben_rel_max >   0.976 & utilities <= 518.000","ranger",1454,0.90096,0.88732,706,628,0.8895,0.1414,0.0829,12.774,0.2038,0.9592,1.8
"4+","medical_deductions <=   0.500 & unc_rawben_rel_max >   0.962 & utilities <= 294.000","ranger",1198,0.90234,0.88731,574,515,0.8972,0.116,0.0654,10.385,0.2038,0.9592,1.8
"4+","expedited_i <=  0.500 & homeless <=  0.500 & unc_rawben_rel_max >  0.999 & utilities <= 30.500","ranger",689,0.90711,0.88729,335,298,0.8896,0.0671,0.0383,6.061,0.2038,0.9592,1.8
"4+","months_since_cert_n <   2.00 & unc_rawben_rel_max >=   1.01 & unc_rawben_rel_max <   1.24 & utilities < 601.00","xgboost",463,0.91145,0.88727,207,183,0.8841,0.0412,0.0307,3.745,0.2038,0.9592,1.8
"4+","count_divisible_by_100 <=   0.500 & unc_rawben_rel_max >   0.962 & unc_rawben_rel_max <=   1.420 & utilities <= 334.000","ranger",1169,0.90248,0.88726,551,500,0.9074,0.1126,0.0575,9.969,0.2038,0.9592,1.8
"4+","count_divisible_by_100 <=   0.500 & unc_rawben_rel_max >   0.974 & utilities <= 414.000","ranger",1519,0.90059,0.88724,782,693,0.8862,0.1561,0.0996,14.149,0.2038,0.9592,1.8
"4+","elderly_disabled_i <= 0.500 & HH_size_n <= 4.500 & rawben_rel_max > 0.977","ranger",1641,0.90006,0.88722,865,772,0.8925,0.1739,0.0998,15.65,0.2038,0.9592,1.8
"4+","elderly_disabled_i <=  0.500 & expedited_i <=  0.500 & rawben_rel_max >  0.962 & utilities <= 30.500","ranger",766,0.90601,0.8872,378,335,0.8862,0.0755,0.0471,6.839,0.2038,0.9592,1.8
"4+","expedited_i >= 1.00 & total_deductions_by_hh_size < 3.00 & unc_rawben_rel_max >= 1.06 & unc_rawben_rel_max < 1.28","xgboost",144,0.93056,0.88719,101,93,0.9208,0.0209,0.009,1.827,0.2038,0.9592,1.8
"4+","elderly_disabled_i <= 0.50 & total_deductions_by_hh_size <= 3.58 & unc_rawben_rel_max > 0.92","ranger",843,0.9051,0.88718,434,396,0.9124,0.0892,0.0401,7.852,0.2038,0.9592,1.8
"4+","cat_elig <= 1.500 & HH_size_n <= 5.500 & unc_rawben_rel_max > 0.998","ranger",1414,0.90099,0.88715,1109,983,0.8864,0.2214,0.14,20.065,0.2038,0.9592,1.8
"4+","cat_elig >   0.500 & percent_abawd <=   0.875 & rawben_rel_max >   0.962 & shelter_expenses_by_hh_size <= 170.000","ranger",1470,0.90068,0.8871,708,636,0.8983,0.1432,0.0767,12.81,0.2038,0.9592,1.8
"4+","months_since_cert_n >=   1.000 & months_since_cert_n <   4.000 & shelter_expenses_by_hh_size < 552.000 & unc_rawben_rel_max >=   0.998","xgboost",1110,0.9027,0.88708,500,453,0.906,0.102,0.0504,9.046,0.2038,0.9592,1.8
"4+","count_divisible_by_100 <=  1.5 & expedited_i <=  0.5 & unc_rawben_rel_max >  1.0 & utilities <= 30.5","ranger",707,0.90665,0.88707,343,306,0.8921,0.0689,0.0365,6.206,0.2038,0.9592,1.8
"4+","months_since_cert_n <= 12.000 & rawben_rel_max >  0.986 & total_deductions_by_hh_size <=  9.170","ranger",803,0.90535,0.88697,412,375,0.9102,0.0845,0.0398,7.454,0.2038,0.9592,1.8
"4+","rawben_rel_max >   0.975 & total_deductions_by_hh_size <= 400.000 & unc_rawben_rel_max <=   1.170 & utilities >  30.500","ranger",1175,0.90213,0.88693,581,528,0.9088,0.1189,0.0539,10.512,0.2038,0.9592,1.8
"4+","married <   1.000 & rawben_rel_max >=   0.963 & shelter_expenses_by_hh_size < 216.000 & total_deductions_by_hh_size < 121.000","xgboost",1439,0.90063,0.88689,715,651,0.9105,0.1466,0.0634,12.936,0.2038,0.9592,1.8
"4+","married <=  0.50 & unc_rawben_rel_max >  1.00 & unc_rawben_rel_max <=  1.25 & utilities > 40.50","ranger",1070,0.9028,0.88687,560,507,0.9054,0.1142,0.0598,10.132,0.2038,0.9592,1.8
"4+","cat_elig >   0.500 & months_since_cert_n <=  22.500 & shelter_expenses_by_hh_size <= 167.000 & unc_rawben_rel_max >   0.959","ranger",1457,0.90048,0.88683,701,629,0.8973,0.1417,0.0768,12.683,0.2038,0.9592,1.8
"4+","cat_elig >   1.500 & married <=   0.500 & total_deductions_by_hh_size <= 222.000 & unc_rawben_rel_max >   0.998","ranger",840,0.90476,0.88678,102,89,0.8725,0.02,0.0143,1.845,0.2038,0.9592,1.8
"4+","count_divisible_by_100 <=  1.500 & unc_rawben_rel_max >  0.962 & utilities <= 53.000","ranger",1069,0.90271,0.88677,547,492,0.8995,0.1108,0.0593,9.897,0.2038,0.9592,1.8
"4+","cat_elig >= 2.00 & months_since_cert_n < 9.00 & unc_rawben_rel_max >= 1.04 & unc_rawben_rel_max < 1.21","xgboost",608,0.90789,0.88675,62,59,0.9516,0.0133,0.0017,1.122,0.2038,0.9592,1.8
"4+","months_since_cert_n >= 7.00 & unc_rawben_rel_max >= 1.01 & unc_rawben_rel_max < 1.21","xgboost",441,0.91156,0.88674,269,245,0.9108,0.0552,0.0303,4.867,0.2038,0.9592,1.8
"4+","cat_elig < 2.000 & HH_size_n < 5.000 & unc_rawben_rel_max >= 0.998","xgboost",983,0.90336,0.88673,780,694,0.8897,0.1563,0.0937,14.113,0.2038,0.9592,1.8
"4+","rawben_rel_max >  0.762 & shelter_expenses_by_hh_size <= 66.800 & total_deductions_by_hh_size <= 12.700 & utilities <= 30.500","ranger",1059,0.90274,0.88672,526,477,0.9068,0.1074,0.0511,9.517,0.2038,0.9592,1.8
"4+","months_since_cert_n > 3.5000 & rawben_rel_max > 0.9610 & total_deductions_by_hh_size <= 0.0536","ranger",351,0.91453,0.8867,198,180,0.9091,0.0405,0.0211,3.582,0.2038,0.9592,1.8
"4+","shelter_expenses_by_hh_size <= 57.100 & unc_rawben_rel_max >  0.941 & utilities > 54.500","ranger",63,0.95238,0.88669,24,22,0.9167,0.005,0.001,0.434,0.2038,0.9592,1.8
"4+","cat_elig >   1.5 & married <=   0.5 & total_deductions_by_hh_size <= 438.0 & unc_rawben_rel_max >   1.0","ranger",868,0.90438,0.88668,102,89,0.8725,0.02,0.0143,1.845,0.2038,0.9592,1.8
"4+","cat_elig <  1.000 & total_deductions_by_hh_size >= 80.500 & unc_rawben_rel_max >=  0.957 & unc_rawben_rel_max <  1.050","xgboost",87,0.94253,0.88661,48,42,0.875,0.0095,0.003,0.868,0.2038,0.9592,1.8
"4+","months_since_cert_n <=   5.50 & rawben_rel_max >   0.96 & shelter_expenses_by_hh_size <= 167.00 & total_deductions_by_hh_size <=  10.20","ranger",646,0.90712,0.8866,327,298,0.9113,0.0671,0.0317,5.916,0.2038,0.9592,1.8
"4+","months_since_cert_n <=  5.500 & rawben_rel_max >  0.956 & utilities <= 55.500","ranger",829,0.9047,0.88659,414,369,0.8913,0.0831,0.053,7.491,0.2038,0.9592,1.8
"4+","HH_size_n <=   4.500 & months_since_cert_n <=   2.500 & total_deductions_by_hh_size <= 188.000 & unc_rawben_rel_max >   0.997","ranger",529,0.90926,0.88658,244,214,0.877,0.0482,0.0344,4.415,0.2038,0.9592,1.8
"4+","HH_size_n <=   4.500 & shelter_expenses_by_hh_size <= 296.000 & unc_rawben_rel_max >   0.969","ranger",1416,0.90042,0.88656,722,641,0.8878,0.1444,0.0865,13.063,0.2038,0.9592,1.8
"4+","rawben_rel_max >  0.998 & total_deductions_by_hh_size <= 89.700","ranger",1190,0.90168,0.88656,578,525,0.9083,0.1182,0.0562,10.458,0.2038,0.9592,1.8
"4+","rawben_rel_max >=  0.96 & total_deductions_by_hh_size <  1.25 & utilities < 36.00","xgboost",800,0.905,0.88656,411,375,0.9124,0.0845,0.0394,7.436,0.2038,0.9592,1.8
"4+","cat_elig <=  0.500 & count_divisible_by_100 <=  1.500 & unc_rawben_rel_max >  0.997 & utilities > 29.500","ranger",310,0.91613,0.88649,153,137,0.8954,0.0309,0.015,2.768,0.2038,0.9592,1.8
"4+","children_i >  0.500 & elderly_disabled_i <=  0.500 & unc_rawben_rel_max >  0.931 & utilities <= 79.500","ranger",1142,0.90193,0.88648,582,524,0.9003,0.118,0.0652,10.53,0.2038,0.9592,1.8
"4+","rawben_rel_max >   0.956 & shelter_expenses_by_hh_size <= 174.000 & total_deductions_by_hh_size <=   0.775 & utilities <=  29.000","ranger",809,0.90482,0.88647,411,375,0.9124,0.0845,0.0394,7.436,0.2038,0.9592,1.8
"4+","cat_elig < 2.00 & unc_rawben_rel_max >= 1.04 & unc_rawben_rel_max < 1.21","xgboost",1028,0.90272,0.88645,809,734,0.9073,0.1653,0.0856,14.637,0.2038,0.9592,1.8
"4+","expedited_i >   0.500 & months_since_cert_n <=   8.500 & shelter_expenses_by_hh_size > 166.000 & unc_rawben_rel_max >   0.945","ranger",207,0.92271,0.88643,110,100,0.9091,0.0225,0.0104,1.99,0.2038,0.9592,1.8
"4+","expedited_i <=  0.500 & HH_size_n <=  6.500 & rawben_rel_max >  0.999 & utilities <= 30.500","ranger",674,0.90653,0.88642,328,292,0.8902,0.0658,0.0373,5.935,0.2038,0.9592,1.8
"4+","months_since_cert_n <   2.000 & rawben_rel_max >=   0.996 & utilities < 415.000","xgboost",390,0.91282,0.88639,183,161,0.8798,0.0363,0.0285,3.311,0.2038,0.9592,1.8
"4+","expedited_i >=   1.000 & rawben_rel_max >=   0.909 & utilities < 502.000","xgboost",479,0.91023,0.88638,242,220,0.9091,0.0495,0.0202,4.379,0.2038,0.9592,1.8
"4+","HH_size_n <  6.00 & months_since_cert_n >= 10.00 & rawben_rel_max >=  0.66 & unc_rawben_rel_max >=  1.00","xgboost",238,0.92017,0.88632,146,130,0.8904,0.0293,0.0181,2.642,0.2038,0.9592,1.8
"4+","children_i >  0.500 & unc_rawben_rel_max >  0.918 & utilities <= 30.500","ranger",1093,0.9021,0.88631,559,501,0.8962,0.1128,0.0619,10.114,0.2038,0.9592,1.8
"4+","expedited_i <=  0.500 & HH_size_n <=  8.500 & rawben_rel_max >  0.962 & shelter_expenses_by_hh_size <= 64.800","ranger",798,0.90476,0.88627,374,335,0.8957,0.0755,0.0406,6.767,0.2038,0.9592,1.8
"4+","months_since_cert_n <  11.000 & total_deductions_by_hh_size <  55.600 & unc_rawben_rel_max >=   0.941 & utilities < 469.000","xgboost",998,0.90281,0.88627,499,453,0.9078,0.102,0.046,9.028,0.2038,0.9592,1.8
"4+","months_since_cert_n <  9.00 & total_deductions_by_hh_size >= 13.20 & unc_rawben_rel_max >=  1.06 & unc_rawben_rel_max <  1.20","xgboost",702,0.90598,0.88627,356,320,0.8989,0.0721,0.0461,6.441,0.2038,0.9592,1.8
"4+","expedited_i >   0.50 & total_deductions_by_hh_size <=   1.85 & unc_rawben_rel_max >   1.00 & utilities <= 428.00","ranger",175,0.92571,0.88623,115,107,0.9304,0.0241,0.009,2.081,0.2038,0.9592,1.8
"4+","HH_size_n <   6.00 & shelter_expenses_by_hh_size >= 179.00 & shelter_expenses_by_hh_size < 254.00 & unc_rawben_rel_max >=   1.05","xgboost",299,0.91639,0.88617,145,124,0.8552,0.0279,0.0263,2.623,0.2038,0.9592,1.8
"4+","rawben_rel_max >=  0.96 & unc_rawben_rel_max >=  1.04 & unc_rawben_rel_max <  1.07 & utilities < 51.00","xgboost",711,0.90577,0.88617,377,346,0.9178,0.0779,0.0334,6.821,0.2038,0.9592,1.8
"4+","cat_elig <=  0.500 & children_i >  0.500 & rawben_rel_max >  0.997 & utilities > 30.500","ranger",309,0.91586,0.88613,154,137,0.8896,0.0309,0.0153,2.786,0.2038,0.9592,1.8
"4+","months_since_cert_n >=  4.000 & rawben_rel_max >=  0.928 & shelter_expenses_by_hh_size < 74.000","xgboost",556,0.90827,0.88611,274,247,0.9015,0.0556,0.0293,4.957,0.2038,0.9592,1.8
"4+","rawben_rel_max >  0.918 & utilities <= 29.500","ranger",1091,0.90192,0.8861,562,504,0.8968,0.1135,0.0619,10.168,0.2038,0.9592,1.8
"4+","expedited_i <=  0.500 & rawben_rel_max >  0.999 & utilities <= 41.500","ranger",720,0.90556,0.88608,353,314,0.8895,0.0707,0.0409,6.387,0.2038,0.9592,1.8
"4+","children_i >   0.500 & unc_rawben_rel_max >   0.962 & utilities <= 332.000","ranger",1288,0.90062,0.88606,607,544,0.8962,0.1225,0.0689,10.982,0.2038,0.9592,1.8
"4+","rawben_rel_max >=   0.969 & shelter_expenses_by_hh_size < 382.000 & utilities < 291.000","xgboost",1175,0.90128,0.88603,561,506,0.902,0.114,0.0617,10.15,0.2038,0.9592,1.8
"4+","total_deductions_by_hh_size < 15.000 & unc_rawben_rel_max >=  0.977","xgboost",882,0.90363,0.88603,444,405,0.9122,0.0912,0.0419,8.033,0.2038,0.9592,1.8
"4+","cat_elig >   1.50 & HH_size_n <=   5.50 & rawben_rel_max >   0.97 & shelter_expenses_by_hh_size <= 301.00","ranger",834,0.90408,0.88597,96,82,0.8542,0.0185,0.0155,1.737,0.2038,0.9592,1.8
"4+","HH_size_n <=   4.500 & months_since_cert_n <=   3.500 & unc_rawben_rel_max >   0.957 & utilities <= 420.000","ranger",594,0.90741,0.88595,283,244,0.8622,0.055,0.0477,5.12,0.2038,0.9592,1.8
"4+","rawben_rel_max >=   0.969 & shelter_expenses_by_hh_size < 102.000 & utilities < 435.000","xgboost",1230,0.90081,0.8859,597,543,0.9095,0.1223,0.0562,10.802,0.2038,0.9592,1.8
"4+","expedited_i <=  0.5 & unc_rawben_rel_max >  1.0 & utilities <= 30.5","ranger",709,0.9055,0.88586,345,307,0.8899,0.0691,0.0392,6.242,0.2038,0.9592,1.8
"4+","expedited_i >  0.5 & months_since_cert_n <=  5.5 & shelter_expenses_by_hh_size <= 85.2","ranger",237,0.91983,0.88585,123,110,0.8943,0.0248,0.013,2.225,0.2038,0.9592,1.8
"4+","unc_rawben_rel_max >  0.918 & utilities <= 30.500","ranger",1098,0.90164,0.88585,562,504,0.8968,0.1135,0.0619,10.168,0.2038,0.9592,1.8
"4+","months_since_cert_n <= 31.500 & shelter_expenses_by_hh_size <= 51.600 & unc_rawben_rel_max >  0.944","ranger",1013,0.90227,0.88583,510,465,0.9118,0.1047,0.0471,9.227,0.2038,0.9592,1.8
"4+","cat_elig <=  2.500 & unc_rawben_rel_max >  0.926 & utilities <= 30.500","ranger",1060,0.90189,0.88582,554,498,0.8989,0.1122,0.0613,10.024,0.2038,0.9592,1.8
"4+","elderly_disabled_i <= 0.500 & months_since_cert_n <= 3.500 & rawben_rel_max > 0.998","ranger",1313,0.90023,0.88579,627,560,0.8931,0.1261,0.074,11.344,0.2038,0.9592,1.8
"4+","married <  1.00 & months_since_cert_n <  2.00 & shelter_expenses_by_hh_size < 71.80 & total_deductions_by_hh_size <  1.25","xgboost",247,0.91903,0.88573,112,100,0.8929,0.0225,0.009,2.026,0.2038,0.9592,1.8
"4+","HH_size_n <  8.0 & months_since_cert_n < 13.0 & total_deductions_by_hh_size <  9.2 & unc_rawben_rel_max >=  1.0","xgboost",775,0.90452,0.88572,399,363,0.9098,0.0818,0.0388,7.219,0.2038,0.9592,1.8
"4+","cat_elig >=   1.000 & rawben_rel_max >=   0.921 & shelter_expenses_by_hh_size <  95.000 & total_deductions_by_hh_size < 339.000","xgboost",1059,0.90179,0.88571,517,467,0.9033,0.1052,0.05,9.354,0.2038,0.9592,1.8
"4+","cat_elig <= 0.50 & expedited_i > 0.50 & unc_rawben_rel_max > 0.94","ranger",142,0.92958,0.88565,75,70,0.9333,0.0158,0.0031,1.357,0.2038,0.9592,1.8
"4+","count_divisible_by_100 <=   0.500 & unc_rawben_rel_max >   0.962 & utilities <= 334.000","ranger",1171,0.90094,0.88564,552,500,0.9058,0.1126,0.0591,9.987,0.2038,0.9592,1.8
"4+","HH_size_n <= 4.500 & months_since_cert_n <= 3.500 & rawben_rel_max > 0.997","ranger",822,0.90389,0.88563,401,357,0.8903,0.0804,0.0538,7.255,0.2038,0.9592,1.8
"4+","elderly_disabled_i <=   0.500 & rawben_rel_max >   0.919 & shelter_expenses_by_hh_size <=  68.800 & total_deductions_by_hh_size <= 171.000","ranger",1124,0.90125,0.88563,564,510,0.9043,0.1149,0.0531,10.204,0.2038,0.9592,1.8
"4+","rawben_rel_max >=  0.974 & shelter_expenses_by_hh_size < 69.200 & unc_rawben_rel_max >=  1.000 & unc_rawben_rel_max <  1.170","xgboost",964,0.90249,0.88563,481,440,0.9148,0.0991,0.0435,8.703,0.2038,0.9592,1.8
"4+","cat_elig >=  1.00 & HH_size_n <  6.00 & shelter_expenses_by_hh_size < 72.20 & unc_rawben_rel_max >=  1.06","xgboost",505,0.90891,0.88561,273,248,0.9084,0.0559,0.0265,4.939,0.2038,0.9592,1.8
"4+","expedited_i >  0.5 & married <=  0.5 & total_deductions_by_hh_size <= 14.2","ranger",195,0.92308,0.88558,128,116,0.9062,0.0261,0.014,2.316,0.2038,0.9592,1.8
"4+","expedited_i > 0.500 & HH_size_n <= 6.500 & married > 0.500 & rawben_rel_max > 0.999","ranger",120,0.93333,0.88552,49,46,0.9388,0.0104,0.0025,0.887,0.2038,0.9592,1.8
"4+","months_since_cert_n <=  31.500 & rawben_rel_max >   0.999 & unc_rawben_rel_max <=   1.240 & utilities > 784.000","ranger",120,0.93333,0.88552,80,74,0.925,0.0167,0.0062,1.447,0.2038,0.9592,1.8
"4+","cat_elig <= 1.500 & count_divisible_by_100 <= 1.500 & HH_size_n <= 4.500 & rawben_rel_max > 0.974","ranger",1094,0.90128,0.88544,856,755,0.882,0.17,0.1069,15.488,0.2038,0.9592,1.8
"4+","months_since_cert_n <   2.000 & rawben_rel_max >=   0.974 & shelter_expenses_by_hh_size < 253.000 & unc_rawben_rel_max >=   0.134","xgboost",543,0.90792,0.88544,232,207,0.8922,0.0466,0.0285,4.198,0.2038,0.9592,1.8
"4+","HH_size_n <   5.000 & months_since_cert_n >=   1.000 & unc_rawben_rel_max >=   0.998 & utilities < 560.000","xgboost",1178,0.90068,0.88541,581,520,0.895,0.1171,0.0665,10.512,0.2038,0.9592,1.8
"4+","cat_elig >= 1.000 & rawben_rel_max >= 0.628 & total_deductions_by_hh_size < 9.200 & unc_rawben_rel_max >= 1.060","xgboost",455,0.90989,0.88532,251,226,0.9004,0.0509,0.0265,4.541,0.2038,0.9592,1.8
"4+","cat_elig >=   2.000 & shelter_expenses_by_hh_size < 298.000 & unc_rawben_rel_max >=   0.998 & utilities < 600.000","xgboost",781,0.90397,0.88521,102,92,0.902,0.0207,0.0125,1.845,0.2038,0.9592,1.8
"4+","shelter_expenses_by_hh_size > 253.000 & total_deductions_by_hh_size <= 397.000 & unc_rawben_rel_max >   0.999 & unc_rawben_rel_max <=   1.260","ranger",435,0.91034,0.8852,238,215,0.9034,0.0484,0.0284,4.306,0.2038,0.9592,1.8
"4+","count_divisible_by_100 <   1.000 & unc_rawben_rel_max >=   0.986 & unc_rawben_rel_max <   1.070 & utilities < 435.000","xgboost",1016,0.90157,0.88512,504,464,0.9206,0.1045,0.0423,9.119,0.2038,0.9592,1.8
"4+","rawben_rel_max >=   0.997 & utilities < 359.000","xgboost",1240,0.9,0.8851,596,537,0.901,0.1209,0.062,10.783,0.2038,0.9592,1.8
"4+","count_divisible_by_100 <= 0.500 & expedited_i <= 0.500 & rawben_rel_max > 0.956 & shelter_expenses_by_hh_size <= 8.450","ranger",637,0.90581,0.88502,308,280,0.9091,0.0631,0.0302,5.573,0.2038,0.9592,1.8
"4+","cat_elig <   1.000 & rawben_rel_max >=   0.916 & total_deductions_by_hh_size < 168.000 & unc_rawben_rel_max >=   1.210","xgboost",62,0.95161,0.88495,34,26,0.7647,0.0059,0.0068,0.615,0.2038,0.9592,1.8
"4+","cat_elig <=   0.500 & rawben_rel_max >   0.931 & total_deductions_by_hh_size <= 218.000 & utilities >  30.500","ranger",385,0.91169,0.88494,185,156,0.8432,0.0351,0.0218,3.347,0.2038,0.9592,1.8
"4+","cat_elig >  0.50 & shelter_expenses_by_hh_size <= 50.80 & total_deductions_by_hh_size <=  7.51","ranger",883,0.9026,0.88494,440,393,0.8932,0.0885,0.0466,7.961,0.2038,0.9592,1.8
"4+","HH_size_n >   4.5 & total_deductions_by_hh_size <=  12.7 & utilities > 456.0","ranger",74,0.94595,0.88492,31,28,0.9032,0.0063,0.0019,0.561,0.2038,0.9592,1.8
"4+","medical_deductions <= 140.000 & rawben_rel_max >   0.936 & shelter_expenses_by_hh_size > 130.000 & shelter_expenses_by_hh_size <= 161.000","ranger",235,0.91915,0.8849,115,98,0.8522,0.0221,0.0203,2.081,0.2038,0.9592,1.8
"4+","cat_elig <= 0.500 & HH_size_n <= 5.500 & homeless <= 0.500 & rawben_rel_max > 0.931","ranger",550,0.90727,0.88489,257,224,0.8716,0.0505,0.0288,4.65,0.2038,0.9592,1.8
"4+","cat_elig < 1.000 & expedited_i >= 1.000 & rawben_rel_max >= 0.949","xgboost",141,0.92908,0.88486,75,70,0.9333,0.0158,0.0031,1.357,0.2038,0.9592,1.8
"4+","cat_elig >=   1.00 & unc_rawben_rel_max >=   1.01 & utilities < 415.00","xgboost",1134,0.90035,0.88475,620,544,0.8774,0.1225,0.0862,11.218,0.2038,0.9592,1.8
"4+","rawben_rel_max >   0.986 & unc_rawben_rel_max >   0.977 & utilities <= 286.000","ranger",1124,0.90036,0.88468,540,488,0.9037,0.1099,0.0574,9.77,0.2038,0.9592,1.8
"4+","months_since_cert_n >  7.500 & months_since_cert_n <= 29.500 & rawben_rel_max >  0.998","ranger",520,0.90769,0.88465,306,273,0.8922,0.0615,0.0406,5.536,0.2038,0.9592,1.8
"4+","cat_elig <   1.000 & rawben_rel_max >=   0.988 & total_deductions_by_hh_size >= 113.000 & unc_rawben_rel_max >=   1.050","xgboost",162,0.92593,0.88464,73,62,0.8493,0.014,0.0093,1.321,0.2038,0.9592,1.8
"4+","months_since_cert_n >  5.500 & months_since_cert_n <= 23.500 & percent_abawd >  0.139 & unc_rawben_rel_max >  0.998","ranger",36,0.97222,0.88464,23,20,0.8696,0.0045,0.0023,0.416,0.2038,0.9592,1.8
"4+","elderly_disabled_i <=  0.5 & expedited_i >  0.5 & HH_size_n >  4.5 & utilities <= 23.5","ranger",108,0.93519,0.88461,48,42,0.875,0.0095,0.0033,0.868,0.2038,0.9592,1.8
"4+","months_since_cert_n >=  8.00 & shelter_expenses_by_hh_size < 13.00 & unc_rawben_rel_max >=  1.05","xgboost",108,0.93519,0.88461,69,63,0.913,0.0142,0.0073,1.248,0.2038,0.9592,1.8
"4+","cat_elig <=  1.500 & rawben_rel_max >  0.998 & utilities <= 41.500","ranger",539,0.90724,0.8846,435,393,0.9034,0.0885,0.0441,7.87,0.2038,0.9592,1.8
"4+","cat_elig >  0.5 & shelter_expenses_by_hh_size <= 10.1 & total_deductions_by_hh_size <= 12.7 & utilities <= 51.5","ranger",852,0.90258,0.88457,436,389,0.8922,0.0876,0.047,7.889,0.2038,0.9592,1.8
"4+","shelter_expenses_by_hh_size <  84.80 & unc_rawben_rel_max >=   1.02 & utilities < 580.00","xgboost",1011,0.90109,0.88456,492,449,0.9126,0.1011,0.0448,8.902,0.2038,0.9592,1.8
"4+","count_divisible_by_100 <  1.0 & expedited_i >=  1.0 & total_deductions_by_hh_size < 52.8 & utilities < 25.0","xgboost",224,0.91964,0.88451,129,118,0.9147,0.0266,0.0117,2.334,0.2038,0.9592,1.8
"4+","married <   1.0 & shelter_expenses_by_hh_size < 281.0 & total_deductions_by_hh_size >=  44.7 & unc_rawben_rel_max >=   1.0","xgboost",1029,0.90087,0.88448,527,468,0.888,0.1054,0.0629,9.535,0.2038,0.9592,1.8
"4+","cat_elig <= 1.500 & HH_size_n <= 5.500 & married <= 0.500 & unc_rawben_rel_max > 0.997","ranger",1103,0.90027,0.88444,904,805,0.8905,0.1813,0.1049,16.356,0.2038,0.9592,1.8
"4+","months_since_cert_n > 0.500 & months_since_cert_n <= 2.500 & unc_rawben_rel_max > 0.972","ranger",851,0.90247,0.88444,358,319,0.8911,0.0718,0.041,6.477,0.2038,0.9592,1.8
"4+","shelter_expenses_by_hh_size <= 57.100 & unc_rawben_rel_max >  0.941 & utilities <= 54.500","ranger",982,0.90122,0.88444,492,447,0.9085,0.1007,0.0476,8.902,0.2038,0.9592,1.8
"4+","months_since_cert_n >  7.500 & months_since_cert_n <= 31.500 & rawben_rel_max >  0.999","ranger",519,0.90751,0.88443,305,272,0.8918,0.0613,0.0406,5.518,0.2038,0.9592,1.8
"4+","HH_size_n <  5.00 & months_since_cert_n >=  7.00 & shelter_expenses_by_hh_size <  7.25 & total_deductions_by_hh_size < 13.20","xgboost",151,0.92715,0.88434,87,77,0.8851,0.0173,0.0113,1.574,0.2038,0.9592,1.8
"4+","shelter_expenses_by_hh_size <= 302.000 & unc_rawben_rel_max >   0.998 & unc_rawben_rel_max <=   1.300 & utilities > 526.000","ranger",441,0.9093,0.88423,243,223,0.9177,0.0502,0.0203,4.397,0.2038,0.9592,1.8
"4+","months_since_cert_n < 6.00 & shelter_expenses_by_hh_size < 7.25 & unc_rawben_rel_max >= 1.06 & unc_rawben_rel_max < 1.20","xgboost",460,0.9087,0.88415,234,213,0.9103,0.048,0.0238,4.234,0.2038,0.9592,1.8
"4+","shelter_expenses_by_hh_size <= 4.110 & unc_rawben_rel_max > 0.919","ranger",914,0.90153,0.88412,465,422,0.9075,0.095,0.0454,8.413,0.2038,0.9592,1.8
"4+","cat_elig >   0.500 & shelter_expenses_by_hh_size <= 162.000 & unc_rawben_rel_max >   0.948 & utilities > 451.000","ranger",333,0.91291,0.88405,147,135,0.9184,0.0304,0.0112,2.66,0.2038,0.9592,1.8
"4+","expedited_i >= 1.000 & rawben_rel_max >= 0.934 & total_deductions_by_hh_size < 1.250","xgboost",182,0.92308,0.88404,121,113,0.9339,0.0255,0.009,2.189,0.2038,0.9592,1.8
"4+","expedited_i <=   0.500 & rawben_rel_max >   0.962 & shelter_expenses_by_hh_size <= 166.000 & utilities <=  30.500","ranger",754,0.90318,0.884,365,326,0.8932,0.0734,0.0434,6.604,0.2038,0.9592,1.8
"4+","cat_elig < 1.000 & elderly_disabled_i < 1.000 & months_since_cert_n >= 5.000 & unc_rawben_rel_max >= 0.977","xgboost",161,0.92547,0.88394,71,62,0.8732,0.014,0.0089,1.285,0.2038,0.9592,1.8
"4+","shelter_expenses_by_hh_size >= 106.00 & unc_rawben_rel_max >=   1.10 & unc_rawben_rel_max <   1.21","xgboost",401,0.91022,0.88391,236,204,0.8644,0.0459,0.0424,4.27,0.2038,0.9592,1.8
"4+","expedited_i <=   0.5 & medical_deductions > 137.0 & shelter_expenses_by_hh_size <= 391.0","ranger",49,0.95918,0.8839,26,17,0.6538,0.0038,0.0085,0.47,0.2038,0.9592,1.8
"4+","rawben_rel_max <= 0.998 & total_deductions_by_hh_size <= 0.675 & unc_rawben_rel_max > 0.960","ranger",49,0.95918,0.8839,20,18,0.9,0.0041,0.0018,0.362,0.2038,0.9592,1.8
"4+","total_deductions_by_hh_size <  55.60 & unc_rawben_rel_max >=   1.01 & utilities < 703.00","xgboost",875,0.90171,0.8839,448,410,0.9152,0.0923,0.0404,8.106,0.2038,0.9592,1.8
"4+","rawben_rel_max >=  0.96 & utilities < 51.00","xgboost",1070,0.9,0.88389,550,493,0.8964,0.111,0.0628,9.951,0.2038,0.9592,1.8
"4+","months_since_cert_n >   9.500 & rawben_rel_max >   0.998 & total_deductions_by_hh_size <= 318.000","ranger",263,0.91635,0.88385,165,148,0.897,0.0333,0.0206,2.985,0.2038,0.9592,1.8
"4+","expedited_i <=  0.500 & rawben_rel_max >  0.962 & shelter_expenses_by_hh_size <= 64.800","ranger",809,0.90235,0.88382,378,339,0.8968,0.0764,0.0406,6.839,0.2038,0.9592,1.8
"4+","rawben_rel_max >=  0.957 & shelter_expenses_by_hh_size <  9.000 & total_deductions_by_hh_size < 56.800 & unc_rawben_rel_max <  1.020","xgboost",129,0.93023,0.88382,48,41,0.8542,0.0092,0.0077,0.868,0.2038,0.9592,1.8
"4+","rawben_rel_max >=  0.957 & shelter_expenses_by_hh_size <  9.000 & total_deductions_by_hh_size < 56.800 & unc_rawben_rel_max >=  1.020","xgboost",752,0.90293,0.88369,400,365,0.9125,0.0822,0.038,7.237,0.2038,0.9592,1.8
"4+","count_divisible_by_100 <  1.000 & rawben_rel_max >=  0.936 & total_deductions_by_hh_size < 48.000","xgboost",957,0.90073,0.88368,481,443,0.921,0.0998,0.0397,8.703,0.2038,0.9592,1.8
"4+","cat_elig >  0.500 & expedited_i <=  0.500 & unc_rawben_rel_max >  0.956 & utilities <= 30.500","ranger",620,0.90484,0.88366,309,271,0.877,0.061,0.0411,5.591,0.2038,0.9592,1.8
"4+","cat_elig <= 0.500 & rawben_rel_max > 0.970 & total_deductions_by_hh_size > 0.675","ranger",400,0.91,0.88362,191,167,0.8743,0.0376,0.0194,3.456,0.2038,0.9592,1.8
"4+","expedited_i >  0.5 & HH_size_n >  4.5 & utilities <= 14.0","ranger",107,0.93458,0.88357,51,45,0.8824,0.0101,0.0033,0.923,0.2038,0.9592,1.8
"4+","expedited_i >= 1.00 & months_since_cert_n >= 6.00 & rawben_rel_max >= 0.99 & unc_rawben_rel_max < 1.27","xgboost",107,0.93458,0.88357,77,69,0.8961,0.0155,0.0048,1.393,0.2038,0.9592,1.8
"4+","months_since_cert_n <=   1.500 & shelter_expenses_by_hh_size <= 552.000 & unc_rawben_rel_max >   0.998 & unc_rawben_rel_max <=   1.580","ranger",629,0.90461,0.88357,289,254,0.8789,0.0572,0.0424,5.229,0.2038,0.9592,1.8
"4+","percent_abawd <  0.10 & shelter_expenses_by_hh_size < 95.00 & unc_rawben_rel_max >=  1.06","xgboost",863,0.90151,0.88354,414,377,0.9106,0.0849,0.0386,7.491,0.2038,0.9592,1.7
"4+","expedited_i > 0.50 & HH_size_n <= 6.50 & total_deductions_by_hh_size <= 9.88","ranger",222,0.91892,0.8835,141,128,0.9078,0.0288,0.0158,2.551,0.2038,0.9592,1.7
"4+","elderly_disabled_i <=  0.500 & expedited_i <=  0.500 & rawben_rel_max >  0.941 & total_deductions_by_hh_size <= 11.800","ranger",694,0.90346,0.88342,325,293,0.9015,0.066,0.0329,5.88,0.2038,0.9592,1.7
"4+","expedited_i >  0.500 & unc_rawben_rel_max >  0.682 & utilities <= 30.500","ranger",262,0.91603,0.88342,158,142,0.8987,0.032,0.0142,2.859,0.2038,0.9592,1.7
"4+","cat_elig <=   2.500 & rawben_rel_max >   0.941 & shelter_expenses_by_hh_size <=  24.700 & utilities <= 140.000","ranger",954,0.90042,0.88332,488,444,0.9098,0.1,0.0468,8.829,0.2038,0.9592,1.7
"4+","rawben_rel_max >=   0.934 & shelter_expenses_by_hh_size <  38.800 & utilities < 286.000","xgboost",1000,0.9,0.8833,505,461,0.9129,0.1038,0.0468,9.137,0.2038,0.9592,1.7
"4+","HH_size_n >   4.500 & HH_size_n <=   5.500 & rawben_rel_max >   0.998 & shelter_expenses_by_hh_size <= 496.000","ranger",740,0.9027,0.88329,352,308,0.875,0.0694,0.0508,6.369,0.2038,0.9592,1.7
"4+","married <   1.0 & shelter_expenses_by_hh_size < 406.0 & total_deductions_by_hh_size <  56.8 & unc_rawben_rel_max >=   1.0","xgboost",796,0.90201,0.88329,412,375,0.9102,0.0845,0.0375,7.454,0.2038,0.9592,1.7
"4+","cat_elig <=  0.500 & rawben_rel_max >  0.997 & utilities > 30.500","ranger",311,0.91318,0.88323,154,137,0.8896,0.0309,0.0153,2.786,0.2038,0.9592,1.7
"4+","months_since_cert_n <   3.00 & shelter_expenses_by_hh_size < 309.00 & unc_rawben_rel_max >=   1.06","xgboost",702,0.90313,0.88319,290,258,0.8897,0.0581,0.0355,5.247,0.2038,0.9592,1.7
"4+","total_deductions_by_hh_size < 3.00 & unc_rawben_rel_max >= 1.06 & unc_rawben_rel_max < 1.28","xgboost",589,0.90492,0.88315,313,285,0.9105,0.0642,0.0295,5.663,0.2038,0.9592,1.7
"4+","cat_elig >= 1.0 & months_since_cert_n < 7.0 & total_deductions_by_hh_size < 7.2 & unc_rawben_rel_max >= 1.0","xgboost",446,0.90807,0.88304,227,205,0.9031,0.0462,0.0225,4.107,0.2038,0.9592,1.7
"4+","elderly_disabled_i <=  0.5 & married <=  0.5 & total_deductions_by_hh_size <= 13.4 & utilities <= 28.5","ranger",905,0.90055,0.88298,460,415,0.9022,0.0935,0.0419,8.323,0.2038,0.9592,1.7
"4+","rawben_rel_max >   0.998 & total_deductions_by_hh_size >  11.800 & utilities <= 286.000","ranger",251,0.91633,0.88296,95,82,0.8632,0.0185,0.0156,1.719,0.2038,0.9592,1.7
"4+","months_since_cert_n <= 23.5000 & total_deductions_by_hh_size >  0.0361 & unc_rawben_rel_max >  0.9550 & utilities <= 30.5000","ranger",231,0.91775,0.88295,119,100,0.8403,0.0225,0.0216,2.153,0.2038,0.9592,1.7
"4+","cat_elig > 1.5 & married <= 0.5 & unc_rawben_rel_max > 1.0","ranger",877,0.9008,0.88294,102,89,0.8725,0.02,0.0143,1.845,0.2038,0.9592,1.7
"4+","expedited_i >=  1.0 & months_since_cert_n >=  2.0 & months_since_cert_n <  6.0 & shelter_expenses_by_hh_size < 52.7","xgboost",128,0.92969,0.88294,79,72,0.9114,0.0162,0.0084,1.429,0.2038,0.9592,1.7
"4+","rawben_rel_max >=  0.913 & total_deductions_by_hh_size < 11.800","xgboost",940,0.9,0.88274,479,436,0.9102,0.0982,0.0434,8.667,0.2038,0.9592,1.7
"4+","cat_elig <= 0.500 & count_divisible_by_100 <= 1.500 & elderly_disabled_i <= 0.500 & rawben_rel_max > 0.931","ranger",615,0.90407,0.88272,300,265,0.8833,0.0597,0.0312,5.428,0.2038,0.9592,1.7
"4+","HH_size_n >  4.500 & HH_size_n <=  5.500 & rawben_rel_max >  0.976 & shelter_expenses_by_hh_size <= 96.400","ranger",329,0.91185,0.88267,164,146,0.8902,0.0329,0.0203,2.967,0.2038,0.9592,1.7
"4+","cat_elig <=   1.500 & elderly_disabled_i <=   0.500 & rawben_rel_max >   0.983 & shelter_expenses_by_hh_size > 260.000","ranger",319,0.91223,0.88258,285,248,0.8702,0.0559,0.0427,5.157,0.2038,0.9592,1.7
"4+","cat_elig <   2.000 & HH_size_n <   5.000 & shelter_expenses_by_hh_size < 144.000 & unc_rawben_rel_max >=   0.998","xgboost",501,0.90619,0.88252,388,354,0.9124,0.0797,0.0327,7.02,0.2038,0.9592,1.7
"4+","total_deductions_by_hh_size > 3.58 & total_deductions_by_hh_size <= 8.78","ranger",95,0.93684,0.88249,66,58,0.8788,0.0131,0.0078,1.194,0.2038,0.9592,1.7
"4+","cat_elig >  0.5 & shelter_expenses_by_hh_size <= 10.1 & total_deductions_by_hh_size <= 12.7","ranger",855,0.90058,0.88247,437,390,0.8924,0.0878,0.047,7.907,0.2038,0.9592,1.7
"4+","months_since_cert_n <= 23.500 & rawben_rel_max >  0.783 & total_deductions_by_hh_size <= 10.200 & unc_rawben_rel_max >  1.060","ranger",604,0.90397,0.88241,324,295,0.9105,0.0664,0.0303,5.862,0.2038,0.9592,1.7
"4+","cat_elig >= 2.00 & expedited_i < 1.00 & unc_rawben_rel_max >= 1.00 & unc_rawben_rel_max < 1.26","xgboost",808,0.90099,0.88234,93,82,0.8817,0.0185,0.0129,1.683,0.2038,0.9592,1.7
"4+","cat_elig < 1.000 & unc_rawben_rel_max >= 0.957 & unc_rawben_rel_max < 1.050","xgboost",169,0.92308,0.8823,95,82,0.8632,0.0185,0.0108,1.719,0.2038,0.9592,1.7
"4+","HH_size_n <   5.00 & months_since_cert_n <   6.00 & rawben_rel_max >=   0.99 & utilities < 305.00","xgboost",547,0.90494,0.88227,262,234,0.8931,0.0527,0.0305,4.74,0.2038,0.9592,1.7
"4+","HH_size_n >  4.500 & shelter_expenses_by_hh_size <= 59.800 & unc_rawben_rel_max >  0.959","ranger",395,0.90886,0.88218,188,171,0.9096,0.0385,0.0186,3.401,0.2038,0.9592,1.7
"4+","rawben_rel_max >=  0.733 & shelter_expenses_by_hh_size <  7.250 & unc_rawben_rel_max >=  1.050 & utilities < 51.000","xgboost",668,0.90269,0.88217,355,325,0.9155,0.0732,0.0324,6.423,0.2038,0.9592,1.7
"4+","expedited_i <=  0.500 & months_since_cert_n <= 23.500 & rawben_rel_max >  0.974 & utilities <= 40.500","ranger",779,0.90116,0.88215,379,336,0.8865,0.0757,0.0451,6.857,0.2038,0.9592,1.7
"4+","married <  1.00 & total_deductions_by_hh_size < 23.80 & unc_rawben_rel_max >=  1.00 & unc_rawben_rel_max <  1.28","xgboost",742,0.90162,0.88215,382,350,0.9162,0.0788,0.0324,6.912,0.2038,0.9592,1.7
"4+","rawben_rel_max >   0.998 & total_deductions_by_hh_size >  11.800 & unc_rawben_rel_max <=   1.180 & utilities <= 286.000","ranger",179,0.92179,0.88214,63,58,0.9206,0.0131,0.0045,1.14,0.2038,0.9592,1.7
"4+","months_since_cert_n >=  4.000 & rawben_rel_max >=  0.974 & unc_rawben_rel_max <  1.240 & utilities < 18.000","xgboost",433,0.90762,0.88213,231,207,0.8961,0.0466,0.026,4.179,0.2038,0.9592,1.7
"4+","HH_size_n < 5.00 & months_since_cert_n < 4.00 & unc_rawben_rel_max >= 1.04","xgboost",714,0.90196,0.88211,350,307,0.8771,0.0691,0.053,6.333,0.2038,0.9592,1.7
"4+","months_since_cert_n >=  4.000 & rawben_rel_max >=  0.925 & shelter_expenses_by_hh_size < 13.000 & unc_rawben_rel_max <  1.050","xgboost",148,0.92568,0.88206,60,55,0.9167,0.0124,0.0058,1.086,0.2038,0.9592,1.7
"4+","months_since_cert_n <=   1.500 & shelter_expenses_by_hh_size <= 552.000 & unc_rawben_rel_max >   0.998","ranger",630,0.90317,0.88203,289,254,0.8789,0.0572,0.0424,5.229,0.2038,0.9592,1.7
"4+","medical_deductions <=  73.000 & months_since_cert_n >   3.500 & rawben_rel_max >   0.971 & shelter_expenses_by_hh_size <= 161.000","ranger",870,0.9,0.88201,453,405,0.894,0.0912,0.0523,8.196,0.2038,0.9592,1.7
"4+","months_since_cert_n >  5.5 & total_deductions_by_hh_size <= 20.2 & utilities <= 30.5","ranger",298,0.91275,0.88201,169,147,0.8698,0.0331,0.0215,3.058,0.2038,0.9592,1.7
"4+","expedited_i >  0.500 & percent_abawd <=  0.875 & total_deductions_by_hh_size <= 12.300","ranger",239,0.91632,0.88199,145,132,0.9103,0.0297,0.0158,2.623,0.2038,0.9592,1.7
"4+","cat_elig <=  0.500 & expedited_i <=  0.500 & total_deductions_by_hh_size > 84.600 & unc_rawben_rel_max >  0.969","ranger",219,0.91781,0.88194,111,95,0.8559,0.0214,0.013,2.008,0.2038,0.9592,1.7
"4+","cat_elig <=  0.500 & months_since_cert_n <= 34.500 & rawben_rel_max >  0.975 & utilities > 30.500","ranger",346,0.9104,0.88186,174,154,0.8851,0.0347,0.0163,3.148,0.2038,0.9592,1.7
"4+","rawben_rel_max >=  0.699 & shelter_expenses_by_hh_size < 13.000 & total_deductions_by_hh_size < 62.200 & unc_rawben_rel_max >=  1.040","xgboost",721,0.90153,0.88174,381,349,0.916,0.0786,0.0342,6.893,0.2038,0.9592,1.7
"4+","months_since_cert_n <   2.00 & unc_rawben_rel_max >=   1.01 & utilities < 601.00","xgboost",535,0.90467,0.8817,230,199,0.8652,0.0448,0.0369,4.161,0.2038,0.9592,1.7
"4+","expedited_i <= 0.500 & rawben_rel_max > 0.956 & shelter_expenses_by_hh_size <= 8.450","ranger",693,0.90188,0.88169,325,291,0.8954,0.0655,0.0366,5.88,0.2038,0.9592,1.7
"4+","cat_elig <=   0.500 & expedited_i >   0.500 & total_deductions_by_hh_size <= 217.000 & unc_rawben_rel_max >   0.974","ranger",137,0.92701,0.8816,74,69,0.9324,0.0155,0.0031,1.339,0.2038,0.9592,1.7
"4+","expedited_i >= 1.00 & months_since_cert_n >= 1.00 & unc_rawben_rel_max >= 1.19","xgboost",137,0.92701,0.8816,63,57,0.9048,0.0128,0.0069,1.14,0.2038,0.9592,1.7
"4+","months_since_cert_n <=  7.500 & total_deductions_by_hh_size <= 10.200 & unc_rawben_rel_max >  0.956","ranger",720,0.90139,0.88158,367,334,0.9101,0.0752,0.0346,6.64,0.2038,0.9592,1.7
"4+","expedited_i >   0.5 & HH_size_n >   4.5 & HH_size_n <=   5.5 & total_deductions_by_hh_size <= 145.0","ranger",178,0.92135,0.8815,82,75,0.9146,0.0169,0.0054,1.484,0.2038,0.9592,1.7
"4+","HH_size_n <=  4.5 & total_deductions_by_hh_size <= 12.7 & utilities <= 31.5","ranger",710,0.90141,0.88145,362,322,0.8895,0.0725,0.0391,6.55,0.2038,0.9592,1.7
"4+","months_since_cert_n <  4.000 & rawben_rel_max >=  0.974 & unc_rawben_rel_max <  1.240 & utilities < 18.000","xgboost",524,0.90458,0.88134,255,230,0.902,0.0518,0.0257,4.614,0.2038,0.9592,1.7
"4+","married > 0.50 & months_since_cert_n <= 5.50 & shelter_expenses_by_hh_size <= 8.57 & unc_rawben_rel_max > 1.06","ranger",60,0.95,0.88132,23,20,0.8696,0.0045,0.0044,0.416,0.2038,0.9592,1.7
"4+","cat_elig >   1.500 & expedited_i >   0.500 & unc_rawben_rel_max >   0.997 & utilities > 156.000","ranger",94,0.93617,0.88129,5,3,0.6,7e-04,0.0013,0.09,0.2038,0.9592,1.7
"4+","expedited_i >=   1.000 & rawben_rel_max >=   0.947 & utilities >= 534.000","xgboost",94,0.93617,0.88129,59,56,0.9492,0.0126,0.0034,1.067,0.2038,0.9592,1.7
"4+","shelter_expenses_by_hh_size < 348.00 & total_deductions_by_hh_size <   1.25 & unc_rawben_rel_max >=   1.01","xgboost",727,0.90096,0.88122,385,351,0.9117,0.0791,0.0376,6.966,0.2038,0.9592,1.7
"4+","children_i > 0.500 & expedited_i > 0.500 & married > 0.500 & unc_rawben_rel_max > 0.999","ranger",126,0.92857,0.88115,52,50,0.9615,0.0113,0.0015,0.941,0.2038,0.9592,1.7
"4+","expedited_i <=  0.500 & rawben_rel_max >  0.941 & total_deductions_by_hh_size <= 11.800","ranger",708,0.90113,0.88112,330,297,0.9,0.0669,0.0336,5.971,0.2038,0.9592,1.7
"4+","months_since_cert_n >=   3.000 & rawben_rel_max >=   0.966 & total_deductions_by_hh_size < 117.000 & unc_rawben_rel_max <   1.080","xgboost",717,0.90098,0.88109,388,349,0.8995,0.0786,0.0448,7.02,0.2038,0.9592,1.7
"4+","months_since_cert_n >  1.500 & shelter_expenses_by_hh_size <=  7.580 & total_deductions_by_hh_size <= 11.800 & unc_rawben_rel_max >  0.956","ranger",634,0.90221,0.88106,343,312,0.9096,0.0703,0.0332,6.206,0.2038,0.9592,1.7
"4+","months_since_cert_n >=  4.00 & total_deductions_by_hh_size < 31.80 & unc_rawben_rel_max >=  1.02 & utilities < 18.00","xgboost",334,0.91018,0.88104,193,176,0.9119,0.0396,0.0207,3.492,0.2038,0.9592,1.7
"4+","cat_elig <=   0.500 & rawben_rel_max >   0.969 & shelter_expenses_by_hh_size > 166.000 & total_deductions_by_hh_size <= 216.000","ranger",167,0.92216,0.88093,88,72,0.8182,0.0162,0.0116,1.592,0.2038,0.9592,1.7
"4+","expedited_i >   0.500 & rawben_rel_max >   0.997 & shelter_expenses_by_hh_size <= 440.000 & utilities > 424.000","ranger",167,0.92216,0.88093,83,81,0.9759,0.0182,0.0027,1.502,0.2038,0.9592,1.7
"4+","months_since_cert_n <  4.00 & unc_rawben_rel_max >=  1.04 & utilities < 56.00","xgboost",466,0.90558,0.8809,222,201,0.9054,0.0453,0.0222,4.017,0.2038,0.9592,1.7
"4+","HH_size_n >   4.5 & married <=   0.5 & shelter_expenses_by_hh_size <= 170.0 & unc_rawben_rel_max >   1.0","ranger",596,0.90268,0.88086,281,253,0.9004,0.057,0.0269,5.084,0.2038,0.9592,1.7
"4+","cat_elig >= 2.000 & months_since_cert_n < 7.000 & total_deductions_by_hh_size < 3.000 & unc_rawben_rel_max >= 0.871","xgboost",285,0.91228,0.8807,33,32,0.9697,0.0072,8e-04,0.597,0.2038,0.9592,1.7
"4+","expedited_i <=  0.50 & shelter_expenses_by_hh_size <= 10.10 & unc_rawben_rel_max >  0.94","ranger",723,0.90041,0.88058,345,309,0.8957,0.0696,0.0377,6.242,0.2038,0.9592,1.7
"4+","HH_size_n >= 5.000 & HH_size_n < 6.000 & months_since_cert_n < 9.000 & unc_rawben_rel_max >= 0.982","xgboost",668,0.9012,0.88056,308,268,0.8701,0.0604,0.0417,5.573,0.2038,0.9592,1.7
"4+","cat_elig <=   0.500 & months_since_cert_n >   3.500 & rawben_rel_max >   0.947 & total_deductions_by_hh_size <= 213.000","ranger",275,0.91273,0.88056,134,112,0.8358,0.0252,0.018,2.424,0.2038,0.9592,1.7
"4+","cat_elig >= 2.000 & rawben_rel_max >= 0.913 & total_deductions_by_hh_size < 1.250","xgboost",361,0.90859,0.8805,49,46,0.9388,0.0104,0.004,0.887,0.2038,0.9592,1.7
"4+","expedited_i <=  0.500 & percent_abawd <=  0.875 & total_deductions_by_hh_size <= 12.400 & unc_rawben_rel_max >  0.956","ranger",695,0.90072,0.88048,323,291,0.9009,0.0655,0.0332,5.844,0.2038,0.9592,1.7
"4+","cat_elig <=  0.500 & rawben_rel_max >  0.957 & shelter_expenses_by_hh_size > 72.700","ranger",332,0.90964,0.88034,173,153,0.8844,0.0345,0.0159,3.13,0.2038,0.9592,1.7
"4+","cat_elig >   1.500 & expedited_i >   0.500 & medical_deductions <= 138.000 & unc_rawben_rel_max >   0.956","ranger",206,0.91748,0.88027,17,15,0.8824,0.0034,0.0013,0.308,0.2038,0.9592,1.7
"4+","months_since_cert_n >  7.50 & total_deductions_by_hh_size <= 11.80 & unc_rawben_rel_max >  0.77 & unc_rawben_rel_max <=  1.08","ranger",206,0.91748,0.88027,118,105,0.8898,0.0236,0.0135,2.135,0.2038,0.9592,1.7
"4+","cat_elig <=  1.50 & homeless <=  0.50 & rawben_rel_max >  0.98 & utilities <= 40.50","ranger",565,0.90265,0.88018,436,392,0.8991,0.0883,0.047,7.889,0.2038,0.9592,1.7
"4+","months_since_cert_n >=  4.000 & rawben_rel_max >=  0.928 & shelter_expenses_by_hh_size < 74.000 & total_deductions_by_hh_size < 48.000","xgboost",491,0.90428,0.88017,253,230,0.9091,0.0518,0.0262,4.578,0.2038,0.9592,1.7
"4+","HH_size_n > 4.500 & HH_size_n <= 5.500 & married <= 0.500 & rawben_rel_max > 0.998","ranger",555,0.9027,0.88001,273,239,0.8755,0.0538,0.036,4.939,0.2038,0.9592,1.7
"4+","HH_size_n <  6.00 & shelter_expenses_by_hh_size < 72.20 & unc_rawben_rel_max >=  1.06","xgboost",674,0.90059,0.88,348,317,0.9109,0.0714,0.0324,6.296,0.2038,0.9592,1.7
"4+","months_since_cert_n <   3.00 & total_deductions_by_hh_size < 150.00 & unc_rawben_rel_max >=   1.24","xgboost",82,0.93902,0.87999,0,0,NA,0,0,0,0.2038,0.9592,1.7
"4+","months_since_cert_n >  2.500 & shelter_expenses_by_hh_size >  0.625 & unc_rawben_rel_max >  1.000 & utilities <= 30.500","ranger",82,0.93902,0.87999,38,32,0.8421,0.0072,0.0051,0.688,0.2038,0.9592,1.7
"4+","cat_elig <= 0.500 & children_i > 0.500 & count_divisible_by_100 <= 1.500 & rawben_rel_max > 0.998","ranger",527,0.90323,0.87993,260,235,0.9038,0.0529,0.0253,4.704,0.2038,0.9592,1.7
"4+","months_since_cert_n <  2.0 & total_deductions_by_hh_size < 11.8","xgboost",387,0.90698,0.87978,176,158,0.8977,0.0356,0.0147,3.184,0.2038,0.9592,1.7
"4+","elderly_disabled_i <=   0.500 & shelter_expenses_by_hh_size <= 150.000 & unc_rawben_rel_max >   0.962 & utilities > 294.000","ranger",636,0.90094,0.87973,313,286,0.9137,0.0644,0.0278,5.663,0.2038,0.9592,1.7
"4+","months_since_cert_n < 2.000 & unc_rawben_rel_max >= 0.998","xgboost",636,0.90094,0.87973,296,260,0.8784,0.0586,0.0439,5.356,0.2038,0.9592,1.7
"4+","expedited_i >  0.5 & homeless <=  0.5 & married <=  0.5 & shelter_expenses_by_hh_size <= 93.1","ranger",244,0.91393,0.87967,141,122,0.8652,0.0275,0.0184,2.551,0.2038,0.9592,1.7
"4+","expedited_i <   1.00 & shelter_expenses_by_hh_size >= 186.00 & unc_rawben_rel_max >=   1.00 & unc_rawben_rel_max <   1.27","xgboost",617,0.90113,0.87958,419,356,0.8496,0.0802,0.0765,7.581,0.2038,0.9592,1.7
"4+","cat_elig > 0.500 & expedited_i > 0.500 & months_since_cert_n > 3.500 & unc_rawben_rel_max > 0.977","ranger",185,0.91892,0.87955,108,100,0.9259,0.0225,0.0075,1.954,0.2038,0.9592,1.7
"4+","HH_size_n >   4.500 & medical_deductions <=  67.500 & rawben_rel_max >   0.981 & utilities > 678.000","ranger",165,0.92121,0.87953,77,71,0.9221,0.016,0.006,1.393,0.2038,0.9592,1.7
"4+","cat_elig <=  1.500 & rawben_rel_max >  0.977 & utilities <= 41.500","ranger",580,0.90172,0.87949,460,415,0.9022,0.0935,0.0479,8.323,0.2038,0.9592,1.7
"4+","months_since_cert_n <  3.00 & rawben_rel_max >=  0.96 & total_deductions_by_hh_size <  1.25 & utilities < 36.00","xgboost",339,0.90855,0.87947,138,125,0.9058,0.0282,0.0121,2.497,0.2038,0.9592,1.7
"4+","expedited_i <  1.000 & total_deductions_by_hh_size < 11.800 & unc_rawben_rel_max >=  0.977","xgboost",661,0.90015,0.87931,312,281,0.9006,0.0633,0.0328,5.645,0.2038,0.9592,1.7
"4+","cat_elig <=   0.500 & count_divisible_by_100 <=   1.500 & rawben_rel_max >   0.931 & utilities <= 488.000","ranger",579,0.90155,0.87928,290,254,0.8759,0.0572,0.0305,5.247,0.2038,0.9592,1.7
"4+","elderly_disabled_i <= 0.500 & married > 0.500 & rawben_rel_max > 0.974 & unc_rawben_rel_max <= 1.160","ranger",376,0.90691,0.87928,163,151,0.9264,0.034,0.0181,2.949,0.2038,0.9592,1.7
"4+","married <  1.0 & months_since_cert_n >=  7.0 & shelter_expenses_by_hh_size < 38.8 & utilities < 31.0","xgboost",243,0.91358,0.87919,145,127,0.8759,0.0286,0.0215,2.623,0.2038,0.9592,1.7
"4+","married > 0.500 & rawben_rel_max > 0.998 & unc_rawben_rel_max <= 1.190","ranger",413,0.90557,0.87919,177,162,0.9153,0.0365,0.023,3.202,0.2038,0.9592,1.7
"4+","cat_elig <= 0.500 & rawben_rel_max > 0.973 & unc_rawben_rel_max <= 1.180","ranger",459,0.90414,0.87911,228,206,0.9035,0.0464,0.02,4.125,0.2038,0.9592,1.7
"4+","cat_elig <=  0.500 & shelter_expenses_by_hh_size > 14.400 & unc_rawben_rel_max >  0.937 & utilities > 30.500","ranger",394,0.90609,0.87907,192,167,0.8698,0.0376,0.0195,3.474,0.2038,0.9592,1.7
"4+","cat_elig <= 0.5 & children_i > 0.5 & homeless <= 0.5 & unc_rawben_rel_max > 1.0","ranger",523,0.90249,0.87903,253,227,0.8972,0.0511,0.0255,4.578,0.2038,0.9592,1.7
"4+","cat_elig <=  0.500 & elderly_disabled_i <=  0.500 & months_since_cert_n <= 32.000 & unc_rawben_rel_max >  0.976","ranger",550,0.90182,0.87894,268,241,0.8993,0.0543,0.0259,4.849,0.2038,0.9592,1.7
"4+","months_since_cert_n >= 10.000 & unc_rawben_rel_max >=  0.998","xgboost",271,0.91144,0.87883,175,156,0.8914,0.0351,0.0224,3.166,0.2038,0.9592,1.7
"4+","months_since_cert_n >=   8.000 & shelter_expenses_by_hh_size >=  13.000 & unc_rawben_rel_max >=   0.993 & utilities >= 703.000","xgboost",92,0.93478,0.87881,53,49,0.9245,0.011,0.004,0.959,0.2038,0.9592,1.7
"4+","cat_elig >  1.5 & expedited_i <=  0.5 & shelter_expenses_by_hh_size <= 71.7 & total_deductions_by_hh_size <= 12.3","ranger",402,0.90547,0.87869,56,53,0.9464,0.0119,0.004,1.013,0.2038,0.9592,1.7
"4+","HH_size_n >   4.500 & total_deductions_by_hh_size <=   9.170 & unc_rawben_rel_max <=   0.999 & utilities > 456.000","ranger",70,0.94286,0.87866,29,27,0.931,0.0061,0.0012,0.525,0.2038,0.9592,1.7
"4+","cat_elig <= 0.500 & unc_rawben_rel_max > 0.976 & unc_rawben_rel_max <= 1.390","ranger",585,0.90085,0.87865,288,256,0.8889,0.0577,0.029,5.211,0.2038,0.9592,1.7
"4+","cat_elig <= 0.500 & medical_deductions <= 5.500 & rawben_rel_max > 0.961","ranger",603,0.9005,0.87862,302,268,0.8874,0.0604,0.0301,5.464,0.2038,0.9592,1.7
"4+","cat_elig <= 0.500 & count_divisible_by_100 <= 1.500 & unc_rawben_rel_max > 0.969","ranger",593,0.90051,0.87843,291,259,0.89,0.0583,0.0291,5.265,0.2038,0.9592,1.7
"4+","months_since_cert_n >= 10.00 & rawben_rel_max >=  0.66 & unc_rawben_rel_max >=  1.00","xgboost",270,0.91111,0.87839,174,155,0.8908,0.0349,0.0224,3.148,0.2038,0.9592,1.7
"4+","HH_size_n <=   4.500 & medical_deductions > 136.000 & percent_abawd <=   0.292 & shelter_expenses_by_hh_size > 110.000","ranger",34,0.97059,0.87838,17,11,0.6471,0.0025,0.0036,0.308,0.2038,0.9592,1.7
"4+","cat_elig <=  0.5 & count_divisible_by_100 >  0.5 & total_deductions_by_hh_size <= 40.4","ranger",34,0.97059,0.87838,22,16,0.7273,0.0036,0.0038,0.398,0.2038,0.9592,1.7
"4+","cat_elig > 0.500 & months_since_cert_n > 5.500 & percent_abawd > 0.100 & rawben_rel_max > 0.998","ranger",34,0.97059,0.87838,24,21,0.875,0.0047,0.0023,0.434,0.2038,0.9592,1.7
"4+","medical_deductions > 136.000 & rawben_rel_max <=   0.596","ranger",34,0.97059,0.87838,12,9,0.75,0.002,0.0032,0.217,0.2038,0.9592,1.7
"4+","HH_size_n >  4.500 & rawben_rel_max >  0.976 & shelter_expenses_by_hh_size <= 96.400","ranger",565,0.90088,0.87826,262,236,0.9008,0.0532,0.0296,4.74,0.2038,0.9592,1.7
"4+","cat_elig <= 0.500 & count_divisible_by_100 <= 1.500 & percent_abawd <= 0.139 & unc_rawben_rel_max > 0.969","ranger",583,0.90051,0.87824,286,254,0.8881,0.0572,0.0291,5.175,0.2038,0.9592,1.7
"4+","expedited_i >   0.5 & shelter_expenses_by_hh_size <= 167.0 & total_deductions_by_hh_size <=  14.2","ranger",241,0.91286,0.87821,146,133,0.911,0.03,0.0158,2.642,0.2038,0.9592,1.7
"4+","cat_elig <= 1.5 & elderly_disabled_i <= 0.5 & expedited_i > 0.5 & months_since_cert_n <= 4.5","ranger",326,0.90798,0.87818,247,218,0.8826,0.0491,0.0245,4.469,0.2038,0.9592,1.7
"4+","HH_size_n <  5.000 & months_since_cert_n <  2.000 & rawben_rel_max >=  0.684 & total_deductions_by_hh_size < 11.800","xgboost",173,0.91908,0.87817,76,67,0.8816,0.0151,0.0073,1.375,0.2038,0.9592,1.7
"4+","rawben_rel_max >=   0.877 & shelter_expenses_by_hh_size >= 129.000 & shelter_expenses_by_hh_size < 157.000 & utilities >= 526.000","xgboost",133,0.92481,0.87815,66,60,0.9091,0.0135,0.0082,1.194,0.2038,0.9592,1.7
"4+","children_i >   0.50 & months_since_cert_n >   5.50 & rawben_rel_max >   0.94 & shelter_expenses_by_hh_size <= 161.00","ranger",519,0.90173,0.87811,270,243,0.9,0.0547,0.0268,4.885,0.2038,0.9592,1.7
"4+","cat_elig <=  0.500 & unc_rawben_rel_max >  0.937 & utilities > 30.500","ranger",400,0.905,0.87809,196,170,0.8673,0.0383,0.0203,3.546,0.2038,0.9592,1.7
"4+","cat_elig <= 0.5 & children_i > 0.5 & unc_rawben_rel_max > 1.0","ranger",528,0.90152,0.87809,259,233,0.8996,0.0525,0.0255,4.686,0.2038,0.9592,1.7
"4+","months_since_cert_n >=   4.000 & shelter_expenses_by_hh_size < 106.000 & unc_rawben_rel_max >=   0.998 & unc_rawben_rel_max <   1.160","xgboost",509,0.90177,0.8779,266,241,0.906,0.0543,0.0283,4.813,0.2038,0.9592,1.7
"4+","months_since_cert_n <   3.000 & rawben_rel_max >=   0.966 & total_deductions_by_hh_size < 117.000 & unc_rawben_rel_max <   1.080","xgboost",472,0.90254,0.87774,204,187,0.9167,0.0421,0.0151,3.691,0.2038,0.9592,1.7
"4+","expedited_i >  0.5 & total_deductions_by_hh_size <= 12.3","ranger",240,0.9125,0.87771,146,133,0.911,0.03,0.0158,2.642,0.2038,0.9592,1.7
"4+","cat_elig >  1.50 & months_since_cert_n <= 10.50 & total_deductions_by_hh_size <=  1.55","ranger",526,0.90114,0.87764,59,55,0.9322,0.0124,0.0046,1.067,0.2038,0.9592,1.7
"4+","cat_elig <=  0.500 & unc_rawben_rel_max >  0.931 & utilities > 14.000","ranger",416,0.90385,0.87739,200,171,0.855,0.0385,0.0218,3.619,0.2038,0.9592,1.7
"4+","cat_elig >= 2.000 & rawben_rel_max >= 0.692 & unc_rawben_rel_max >= 1.030 & unc_rawben_rel_max < 1.060","xgboost",122,0.92623,0.87738,13,13,1,0.0029,0,0.235,0.2038,0.9592,1.7
"4+","rawben_rel_max >=  0.925 & shelter_expenses_by_hh_size < 13.000 & unc_rawben_rel_max <  1.050","xgboost",277,0.90975,0.87732,126,113,0.8968,0.0255,0.0135,2.28,0.2038,0.9592,1.7
"4+","expedited_i > 0.50 & married > 0.50 & unc_rawben_rel_max > 0.97","ranger",142,0.92254,0.87723,59,56,0.9492,0.0126,0.0025,1.067,0.2038,0.9592,1.7
"4+","cat_elig >  0.5 & months_since_cert_n <=  1.5 & utilities <= 33.5","ranger",314,0.90764,0.87717,166,141,0.8494,0.0318,0.0296,3.003,0.2038,0.9592,1.7
"4+","cat_elig >=  1.000 & rawben_rel_max >=  0.988 & shelter_expenses_by_hh_size < 95.000 & total_deductions_by_hh_size >=  1.250","xgboost",351,0.90598,0.87716,146,133,0.911,0.03,0.0129,2.642,0.2038,0.9592,1.7
"4+","shelter_expenses_by_hh_size >= 115.00 & shelter_expenses_by_hh_size < 191.00 & unc_rawben_rel_max >=   1.02 & utilities >= 688.00","xgboost",80,0.9375,0.87712,43,41,0.9535,0.0092,0.0015,0.778,0.2038,0.9592,1.7
"4+","cat_elig >=  2.000 & months_since_cert_n >=  4.000 & total_deductions_by_hh_size < 94.600 & unc_rawben_rel_max >=  0.998","xgboost",248,0.91129,0.87698,46,43,0.9348,0.0097,0.0052,0.832,0.2038,0.9592,1.7
"4+","months_since_cert_n >=  3.00 & rawben_rel_max >=  0.96 & total_deductions_by_hh_size <  1.25 & utilities < 36.00","xgboost",460,0.90217,0.87698,273,250,0.9158,0.0563,0.0273,4.939,0.2038,0.9592,1.7
"4+","shelter_expenses_by_hh_size < 282.00 & total_deductions_by_hh_size < 150.00 & unc_rawben_rel_max >=   1.17 & utilities >= 688.00","xgboost",69,0.94203,0.87698,14,14,1,0.0032,0,0.253,0.2038,0.9592,1.7
"4+","expedited_i >=   1.00 & rawben_rel_max >=   0.96 & utilities >= 415.00","xgboost",229,0.91266,0.87696,106,100,0.9434,0.0225,0.0051,1.918,0.2038,0.9592,1.7
"4+","cat_elig <=  0.500 & count_divisible_by_100 <=  1.500 & months_since_cert_n <= 28.500 & rawben_rel_max >  0.999","ranger",532,0.90038,0.87695,260,235,0.9038,0.0529,0.0253,4.704,0.2038,0.9592,1.7
"4+","cat_elig <= 0.500 & HH_size_n <= 8.500 & homeless <= 0.500 & rawben_rel_max > 0.998","ranger",523,0.90057,0.87694,251,226,0.9004,0.0509,0.0245,4.541,0.2038,0.9592,1.7
"4+","rawben_rel_max >=   0.628 & total_deductions_by_hh_size < 128.000 & unc_rawben_rel_max >=   1.220","xgboost",101,0.93069,0.87692,77,63,0.8182,0.0142,0.0164,1.393,0.2038,0.9592,1.7
"4+","cat_elig <=  0.500 & count_divisible_by_100 <=  0.500 & rawben_rel_max >  0.957 & shelter_expenses_by_hh_size > 72.700","ranger",304,0.90789,0.8769,151,136,0.9007,0.0306,0.0132,2.732,0.2038,0.9592,1.7
"4+","percent_abawd >   0.225 & shelter_expenses_by_hh_size <=  54.100 & utilities <= 414.000","ranger",46,0.95652,0.87681,28,22,0.7857,0.005,0.0073,0.507,0.2038,0.9592,1.7
"4+","cat_elig <= 0.500 & children_i > 0.500 & total_deductions_by_hh_size > 0.375 & unc_rawben_rel_max > 0.912","ranger",495,0.90101,0.8767,238,204,0.8571,0.0459,0.0253,4.306,0.2038,0.9592,1.7
"4+","rawben_rel_max >=   0.899 & shelter_expenses_by_hh_size < 334.000 & total_deductions_by_hh_size < 172.000 & utilities >= 750.000","xgboost",219,0.91324,0.87669,113,105,0.9292,0.0236,0.0064,2.045,0.2038,0.9592,1.7
"4+","rawben_rel_max >=  0.96 & total_deductions_by_hh_size >=  1.25 & utilities < 36.00","xgboost",219,0.91324,0.87669,115,96,0.8348,0.0216,0.0194,2.081,0.2038,0.9592,1.7
"4+","cat_elig >=   2.00 & total_deductions_by_hh_size <  29.90 & unc_rawben_rel_max >=   1.05 & utilities < 757.00","xgboost",294,0.90816,0.87661,43,42,0.9767,0.0095,0.0027,0.778,0.2038,0.9592,1.7
"4+","months_since_cert_n <  2.0 & total_deductions_by_hh_size < 64.8 & utilities < 19.0","xgboost",331,0.90634,0.87661,146,128,0.8767,0.0288,0.0157,2.642,0.2038,0.9592,1.7
"4+","months_since_cert_n <   2.00 & total_deductions_by_hh_size <   1.25 & utilities < 646.00","xgboost",340,0.90588,0.87653,154,138,0.8961,0.0311,0.0133,2.786,0.2038,0.9592,1.7
"4+","cat_elig >=  1 & months_since_cert_n <  2 & utilities < 32","xgboost",312,0.90705,0.8764,166,141,0.8494,0.0318,0.0296,3.003,0.2038,0.9592,1.6
"4+","expedited_i >   0.500 & months_since_cert_n >   5.500 & rawben_rel_max >   0.982 & shelter_expenses_by_hh_size <= 534.000","ranger",121,0.92562,0.8764,78,71,0.9103,0.016,0.0042,1.411,0.2038,0.9592,1.6
"4+","expedited_i >  0.5 & married <=  0.5 & shelter_expenses_by_hh_size <= 93.1","ranger",256,0.91016,0.87631,153,134,0.8758,0.0302,0.0184,2.768,0.2038,0.9592,1.6
"4+","cat_elig >=  2.000 & elderly_disabled_i <  1.000 & unc_rawben_rel_max >=  0.805 & utilities < 31.000","xgboost",511,0.9002,0.87623,66,59,0.8939,0.0133,0.0076,1.194,0.2038,0.9592,1.6
"4+","count_divisible_by_100 <=  1.5 & expedited_i >  0.5 & total_deductions_by_hh_size <= 11.8","ranger",237,0.91139,0.8762,146,133,0.911,0.03,0.0158,2.642,0.2038,0.9592,1.6
"4+","cat_elig <= 1.500 & months_since_cert_n > 7.500 & rawben_rel_max > 0.987","ranger",339,0.9056,0.87618,279,247,0.8853,0.0556,0.0344,5.048,0.2038,0.9592,1.6
"4+","expedited_i >  0.5 & HH_size_n <=  6.5 & months_since_cert_n <= 23.5 & utilities <= 27.5","ranger",265,0.90943,0.87615,159,143,0.8994,0.0322,0.0152,2.877,0.2038,0.9592,1.6
"4+","months_since_cert_n >=  6.000 & rawben_rel_max >=  0.779 & shelter_expenses_by_hh_size < 52.700 & total_deductions_by_hh_size <  5.200","xgboost",265,0.90943,0.87615,144,129,0.8958,0.0291,0.0164,2.605,0.2038,0.9592,1.6
"4+","HH_size_n <  5.0 & months_since_cert_n <  2.0 & total_deductions_by_hh_size < 11.8","xgboost",218,0.91284,0.87614,88,78,0.8864,0.0176,0.0078,1.592,0.2038,0.9592,1.6
"4+","expedited_i >  0.5000 & percent_abawd <=  0.8750 & unc_rawben_rel_max >  0.0689 & utilities <= 23.5000","ranger",274,0.90876,0.87601,162,144,0.8889,0.0324,0.0159,2.931,0.2038,0.9592,1.6
"4+","elderly_disabled_i <   1.00 & months_since_cert_n <   3.00 & shelter_expenses_by_hh_size < 102.00 & unc_rawben_rel_max >=   1.06","xgboost",384,0.90365,0.87598,159,146,0.9182,0.0329,0.0094,2.877,0.2038,0.9592,1.6
"4+","cat_elig <=   0.500 & shelter_expenses_by_hh_size <= 160.000 & unc_rawben_rel_max >   0.902 & utilities >  66.000","ranger",189,0.91534,0.87589,90,82,0.9111,0.0185,0.0065,1.628,0.2038,0.9592,1.6
"4+","cat_elig <   2.000 & HH_size_n <   5.000 & shelter_expenses_by_hh_size >= 144.000 & unc_rawben_rel_max >=   0.998","xgboost",482,0.90041,0.87569,392,340,0.8673,0.0766,0.0609,7.092,0.2038,0.9592,1.6
"4+","rawben_rel_max >   0.998 & unc_rawben_rel_max <=   1.390 & utilities > 732.000","ranger",264,0.90909,0.87569,120,109,0.9083,0.0245,0.0117,2.171,0.2038,0.9592,1.6
"4+","expedited_i > 0.50 & HH_size_n <= 7.50 & unc_rawben_rel_max > 1.17","ranger",179,0.9162,0.87563,77,70,0.9091,0.0158,0.0074,1.393,0.2038,0.9592,1.6
"4+","cat_elig >  0.5 & count_divisible_by_100 <=  0.5 & expedited_i >  0.5 & utilities <= 30.5","ranger",198,0.91414,0.87555,116,104,0.8966,0.0234,0.0121,2.099,0.2038,0.9592,1.6
"4+","rawben_rel_max <   0.509 & shelter_expenses_by_hh_size >= 209.000 & shelter_expenses_by_hh_size < 238.000 & utilities < 430.000","xgboost",110,0.92727,0.87549,51,34,0.6667,0.0077,0.0099,0.923,0.2038,0.9592,1.6
"4+","cat_elig > 1.500 & HH_size_n > 4.500 & percent_abawd <= 0.900 & rawben_rel_max > 0.999","ranger",481,0.90021,0.87544,47,41,0.8723,0.0092,0.0061,0.85,0.2038,0.9592,1.6
"4+","homeless <  1.0 & months_since_cert_n <  3.0 & shelter_expenses_by_hh_size < 74.0 & total_deductions_by_hh_size <  9.2","xgboost",472,0.90042,0.87542,209,187,0.8947,0.0421,0.0178,3.781,0.2038,0.9592,1.6
"4+","total_deductions_by_hh_size < 135 & utilities >= 361 & utilities < 363","xgboost",57,0.94737,0.87541,0,0,NA,0,0,0,0.2038,0.9592,1.6
"4+","HH_size_n <=   6.500 & unc_rawben_rel_max >   0.998 & utilities > 732.000","ranger",254,0.90945,0.87535,108,98,0.9074,0.0221,0.0102,1.954,0.2038,0.9592,1.6
"4+","months_since_cert_n >=   9.00 & rawben_rel_max >=   0.99 & total_deductions_by_hh_size < 199.00","xgboost",373,0.90349,0.87535,219,193,0.8813,0.0435,0.0308,3.962,0.2038,0.9592,1.6
"4+","HH_size_n <   5.00 & shelter_expenses_by_hh_size < 266.00 & total_deductions_by_hh_size < 143.00 & unc_rawben_rel_max >=   1.07","xgboost",263,0.90875,0.87522,130,116,0.8923,0.0261,0.0164,2.352,0.2038,0.9592,1.6
"4+","months_since_cert_n >=   9.000 & total_deductions_by_hh_size < 135.000 & unc_rawben_rel_max >=   0.982","xgboost",263,0.90875,0.87522,157,137,0.8726,0.0309,0.0254,2.841,0.2038,0.9592,1.6
"4+","cat_elig < 1.00 & unc_rawben_rel_max >= 1.01 & unc_rawben_rel_max < 1.24","xgboost",444,0.9009,0.87509,219,197,0.8995,0.0444,0.0229,3.962,0.2038,0.9592,1.6
"4+","HH_size_n <=   5.500 & medical_deductions >  12.500 & shelter_expenses_by_hh_size <= 229.000 & unc_rawben_rel_max <=   0.954","ranger",33,0.9697,0.87499,23,18,0.7826,0.0041,0.008,0.416,0.2038,0.9592,1.6
"4+","HH_size_n > 5.500 & married > 0.500 & unc_rawben_rel_max <= 0.154","ranger",33,0.9697,0.87499,17,15,0.8824,0.0034,0.0025,0.308,0.2038,0.9592,1.6
"4+","elderly_disabled_i <=  0.50 & unc_rawben_rel_max >  0.65 & utilities > 22.00 & utilities <= 30.50","ranger",33,0.9697,0.87499,23,19,0.8261,0.0043,0.0036,0.416,0.2038,0.9592,1.6
"4+","expedited_i >   0.500 & total_deductions_by_hh_size > 188.000 & unc_rawben_rel_max >   0.952","ranger",33,0.9697,0.87499,21,19,0.9048,0.0043,0.0026,0.38,0.2038,0.9592,1.6
"4+","cat_elig >=   1.00 & unc_rawben_rel_max >=   1.01 & unc_rawben_rel_max <   1.03 & utilities < 415.00","xgboost",89,0.93258,0.8749,46,43,0.9348,0.0097,0.002,0.832,0.2038,0.9592,1.6
"4+","count_divisible_by_100 <=   0.5 & expedited_i >   0.5 & total_deductions_by_hh_size <=  12.8 & utilities <= 284.0","ranger",225,0.91111,0.87482,131,123,0.9389,0.0277,0.0096,2.37,0.2038,0.9592,1.6
"4+","cat_elig <= 1.500 & HH_size_n <= 8.500 & months_since_cert_n > 6.500 & unc_rawben_rel_max > 0.998","ranger",389,0.90231,0.8747,331,294,0.8882,0.0662,0.0438,5.989,0.2038,0.9592,1.6
"4+","expedited_i >  0.500 & married >  0.500 & months_since_cert_n <= 34.000 & rawben_rel_max >  0.981","ranger",139,0.92086,0.87467,58,55,0.9483,0.0124,0.0025,1.049,0.2038,0.9592,1.6
"4+","expedited_i >   0.5 & total_deductions_by_hh_size <=  12.8 & utilities <= 284.0","ranger",234,0.91026,0.87465,141,130,0.922,0.0293,0.0121,2.551,0.2038,0.9592,1.6
"4+","elderly_disabled_i <   1 & expedited_i >=   1 & total_deductions_by_hh_size >= 101 & total_deductions_by_hh_size < 135","xgboost",129,0.92248,0.8745,62,59,0.9516,0.0133,0.0018,1.122,0.2038,0.9592,1.6
"4+","expedited_i >= 1.000 & married >= 1.000 & months_since_cert_n < 9.000 & unc_rawben_rel_max >= 0.998","xgboost",119,0.92437,0.8744,50,47,0.94,0.0106,0.0025,0.905,0.2038,0.9592,1.6
"4+","months_since_cert_n >  3.500 & rawben_rel_max >  0.922 & shelter_expenses_by_hh_size <= 69.800 & total_deductions_by_hh_size > 11.700","ranger",119,0.92437,0.8744,51,42,0.8235,0.0095,0.0079,0.923,0.2038,0.9592,1.6
"4+","children_i >   0.500 & months_since_cert_n >   7.500 & rawben_rel_max >   0.976 & utilities > 648.000","ranger",109,0.92661,0.87439,59,55,0.9322,0.0124,0.0043,1.067,0.2038,0.9592,1.6
"4+","expedited_i < 1.00 & months_since_cert_n < 5.00 & unc_rawben_rel_max >= 1.04 & unc_rawben_rel_max < 1.06","xgboost",109,0.92661,0.87439,64,62,0.9688,0.014,0.0017,1.158,0.2038,0.9592,1.6
"4+","married >=  1.0 & months_since_cert_n <  4.0 & shelter_expenses_by_hh_size < 17.5 & total_deductions_by_hh_size < 92.9","xgboost",109,0.92661,0.87439,59,52,0.8814,0.0117,0.009,1.067,0.2038,0.9592,1.6
"4+","cat_elig <=  1.5 & count_divisible_by_100 <=  0.5 & expedited_i >  0.5 & shelter_expenses_by_hh_size <= 60.0","ranger",158,0.91772,0.87434,142,128,0.9014,0.0288,0.013,2.569,0.2038,0.9592,1.6
"4+","homeless <=  0.50 & months_since_cert_n >  5.50 & rawben_rel_max >  0.99 & utilities <= 29.50","ranger",224,0.91071,0.87427,114,104,0.9123,0.0234,0.0103,2.063,0.2038,0.9592,1.6
"4+","expedited_i >=   1.00 & total_deductions_by_hh_size >= 140.00 & unc_rawben_rel_max >=   1.07 & utilities >= 495.00","xgboost",45,0.95556,0.87425,33,31,0.9394,0.007,0.0027,0.597,0.2038,0.9592,1.6
"4+","cat_elig >=  1.000 & months_since_cert_n <  1.000 & rawben_rel_max >=  0.733 & total_deductions_by_hh_size < 11.800","xgboost",78,0.9359,0.87411,47,40,0.8511,0.009,0.0042,0.85,0.2038,0.9592,1.6
"4+","total_deductions_by_hh_size >= 168.000 & unc_rawben_rel_max >=   0.998 & unc_rawben_rel_max <   1.270","xgboost",369,0.90244,0.87402,147,134,0.9116,0.0302,0.0174,2.66,0.2038,0.9592,1.6
"4+","cat_elig <   2.00 & unc_rawben_rel_max >=   1.18 & unc_rawben_rel_max <   1.28 & utilities >= 478.00","xgboost",186,0.91398,0.87394,181,159,0.8785,0.0358,0.0235,3.275,0.2038,0.9592,1.6
"4+","cat_elig > 1.500 & expedited_i <= 0.500 & HH_size_n <= 5.500 & total_deductions_by_hh_size <= 0.165","ranger",395,0.90127,0.87378,57,52,0.9123,0.0117,0.0056,1.031,0.2038,0.9592,1.6
"4+","months_since_cert_n >=   6.00 & unc_rawben_rel_max >=   1.00 & unc_rawben_rel_max <   1.18 & utilities < 386.00","xgboost",278,0.90647,0.8737,138,127,0.9203,0.0286,0.0112,2.497,0.2038,0.9592,1.6
"4+","married <= 0.50 & months_since_cert_n <= 5.50 & shelter_expenses_by_hh_size <= 8.57 & unc_rawben_rel_max > 1.06","ranger",403,0.90074,0.87351,214,195,0.9112,0.0439,0.0202,3.872,0.2038,0.9592,1.6
"4+","months_since_cert_n >= 9.000 & unc_rawben_rel_max >= 0.998","xgboost",385,0.9013,0.87342,238,211,0.8866,0.0475,0.0337,4.306,0.2038,0.9592,1.6
"4+","elderly_disabled_i <=   0.500 & unc_rawben_rel_max >   0.998 & utilities > 790.000","ranger",118,0.92373,0.87337,101,93,0.9208,0.0209,0.0073,1.827,0.2038,0.9592,1.6
"4+","expedited_i <=   0.500 & medical_deductions > 137.000 & months_since_cert_n <=  33.500 & percent_abawd <=   0.268","ranger",56,0.94643,0.87331,29,19,0.6552,0.0043,0.007,0.525,0.2038,0.9592,1.6
"4+","expedited_i >  0.500 & HH_size_n >  5.500 & unc_rawben_rel_max >  0.954 & utilities > 55.500","ranger",56,0.94643,0.87331,22,20,0.9091,0.0045,0.0025,0.398,0.2038,0.9592,1.6
"4+","rawben_rel_max >   0.999 & total_deductions_by_hh_size <= 247.000 & unc_rawben_rel_max >   1.170 & utilities <= 319.000","ranger",98,0.92857,0.8733,39,30,0.7692,0.0068,0.0118,0.706,0.2038,0.9592,1.6
"4+","cat_elig <=  1.5 & expedited_i >  0.5 & shelter_expenses_by_hh_size <= 60.0","ranger",166,0.91566,0.87317,151,134,0.8874,0.0302,0.0154,2.732,0.2038,0.9592,1.6
"4+","expedited_i > 0.500 & percent_abawd <= 0.875 & shelter_expenses_by_hh_size <= 4.780","ranger",231,0.90909,0.87306,143,127,0.8881,0.0286,0.0147,2.587,0.2038,0.9592,1.6
"4+","months_since_cert_n >=  1.00 & months_since_cert_n <  4.00 & unc_rawben_rel_max >=  1.04 & utilities < 56.00","xgboost",375,0.90133,0.87305,172,158,0.9186,0.0356,0.0149,3.112,0.2038,0.9592,1.6
"4+","months_since_cert_n < 2 & shelter_expenses_by_hh_size < 9","xgboost",330,0.90303,0.87286,162,141,0.8704,0.0318,0.0219,2.931,0.2038,0.9592,1.6
"4+","children_i >   0.5 & expedited_i >   0.5 & total_deductions_by_hh_size <= 193.0 & utilities <=  30.5","ranger",276,0.9058,0.87281,163,145,0.8896,0.0327,0.0159,2.949,0.2038,0.9592,1.6
"4+","months_since_cert_n < 1.00 & rawben_rel_max >= 0.99 & unc_rawben_rel_max < 1.08","xgboost",156,0.91667,0.87278,72,66,0.9167,0.0149,0.0039,1.303,0.2038,0.9592,1.6
"4+","expedited_i >  0.50 & months_since_cert_n <= 23.50 & total_deductions_by_hh_size <=  3.66","ranger",221,0.9095,0.87261,138,125,0.9058,0.0282,0.0158,2.497,0.2038,0.9592,1.6
"4+","months_since_cert_n >= 7.000 & rawben_rel_max >= 0.756 & total_deductions_by_hh_size < 7.200","xgboost",248,0.90726,0.87241,144,130,0.9028,0.0293,0.0138,2.605,0.2038,0.9592,1.6
"4+","shelter_expenses_by_hh_size < 192 & total_deductions_by_hh_size >= 119 & total_deductions_by_hh_size < 145 & utilities >= 534","xgboost",146,0.91781,0.87238,79,68,0.8608,0.0153,0.007,1.429,0.2038,0.9592,1.6
"4+","expedited_i > 0.5000 & percent_abawd <= 0.0714 & utilities <= 9.0000","ranger",266,0.90602,0.87236,152,135,0.8882,0.0304,0.0152,2.75,0.2038,0.9592,1.6
"4+","expedited_i >  0.5000 & unc_rawben_rel_max >  0.0689 & utilities <= 23.5000","ranger",275,0.90545,0.87235,163,145,0.8896,0.0327,0.0159,2.949,0.2038,0.9592,1.6
"4+","cat_elig <= 0.500 & expedited_i > 0.500 & months_since_cert_n <= 5.500 & unc_rawben_rel_max > 0.931","ranger",117,0.92308,0.87232,66,63,0.9545,0.0142,0.0019,1.194,0.2038,0.9592,1.6
"4+","cat_elig >=   2 & HH_size_n <   5 & shelter_expenses_by_hh_size < 205 & utilities >= 551","xgboost",107,0.92523,0.87213,8,7,0.875,0.0016,7e-04,0.145,0.2038,0.9592,1.6
"4+","cat_elig >  0.5 & expedited_i >  0.5 & shelter_expenses_by_hh_size <= 57.7 & utilities <= 28.5","ranger",183,0.91257,0.87193,106,95,0.8962,0.0214,0.0118,1.918,0.2038,0.9592,1.6
"4+","months_since_cert_n >=   6.00 & total_deductions_by_hh_size < 151.00 & unc_rawben_rel_max >=   1.02 & unc_rawben_rel_max <   1.10","xgboost",274,0.90511,0.8719,146,132,0.9041,0.0297,0.0148,2.642,0.2038,0.9592,1.6
"4+","expedited_i > 0.500 & HH_size_n > 5.500 & married <= 0.500 & rawben_rel_max > 0.945","ranger",44,0.95455,0.87158,17,15,0.8824,0.0034,0.0025,0.308,0.2038,0.9592,1.6
"4+","rawben_rel_max > 0.959 & rawben_rel_max <= 0.986 & total_deductions_by_hh_size <= 9.170","ranger",44,0.95455,0.87158,17,14,0.8235,0.0032,0.0025,0.308,0.2038,0.9592,1.6
"4+","married <=   0.5 & total_deductions_by_hh_size > 150.0 & total_deductions_by_hh_size <= 210.0 & unc_rawben_rel_max >   1.0","ranger",344,0.90116,0.87148,299,260,0.8696,0.0586,0.0418,5.41,0.2038,0.9592,1.6
"4+","HH_size_n <=   7.500 & medical_deductions > 136.000 & percent_abawd <=   0.775 & rawben_rel_max <=   0.584","ranger",32,0.96875,0.87141,12,9,0.75,0.002,0.0032,0.217,0.2038,0.9592,1.6
"4+","HH_size_n <=   7.500 & unc_rawben_rel_max >   0.998 & utilities > 732.000","ranger",264,0.9053,0.87141,116,105,0.9052,0.0236,0.0117,2.099,0.2038,0.9592,1.6
"4+","cat_elig <=   0.5 & months_since_cert_n >   9.5 & months_since_cert_n <=  13.5 & utilities <= 372.0","ranger",32,0.96875,0.87141,13,9,0.6923,0.002,0.0024,0.235,0.2038,0.9592,1.6
"4+","cat_elig > 2.50 & shelter_expenses_by_hh_size <= 3.56","ranger",32,0.96875,0.87141,0,0,NA,0,0,0,0.2038,0.9592,1.6
"4+","elderly_disabled_i >   0.500 & shelter_expenses_by_hh_size > 200.000 & total_deductions_by_hh_size <=   0.675","ranger",32,0.96875,0.87141,19,17,0.8947,0.0038,8e-04,0.344,0.2038,0.9592,1.6
"4+","married <=   0.5 & medical_deductions > 136.0","ranger",32,0.96875,0.87141,17,12,0.7059,0.0027,0.0044,0.308,0.2038,0.9592,1.6
"4+","medical_deductions >  23.5 & months_since_cert_n <=  32.0 & shelter_expenses_by_hh_size <= 166.0 & total_deductions_by_hh_size <= 118.0","ranger",32,0.96875,0.87141,23,19,0.8261,0.0043,0.0063,0.416,0.2038,0.9592,1.6
"4+","medical_deductions <=  2.50 & total_deductions_by_hh_size >  3.58 & total_deductions_by_hh_size <= 10.30","ranger",116,0.92241,0.87126,80,70,0.875,0.0158,0.009,1.447,0.2038,0.9592,1.6
"4+","cat_elig <= 1.500 & rawben_rel_max <= 0.998 & total_deductions_by_hh_size <= 2.330 & unc_rawben_rel_max > 0.931","ranger",55,0.94545,0.87114,35,32,0.9143,0.0072,0.0022,0.633,0.2038,0.9592,1.6
"4+","cat_elig >=   1.000 & expedited_i >=   1.000 & rawben_rel_max >=   0.949 & utilities >= 612.000","xgboost",55,0.94545,0.87114,40,37,0.925,0.0083,0.0034,0.724,0.2038,0.9592,1.6
"4+","children_i >   0.500 & medical_deductions > 136.000 & medical_deductions <= 319.000 & percent_abawd <=   0.268","ranger",55,0.94545,0.87114,29,20,0.6897,0.0045,0.0067,0.525,0.2038,0.9592,1.6
"4+","months_since_cert_n <=  7.5000 & total_deductions_by_hh_size >  0.0686 & total_deductions_by_hh_size <= 10.2000 & unc_rawben_rel_max >  0.9560","ranger",55,0.94545,0.87114,29,25,0.8621,0.0056,0.0028,0.525,0.2038,0.9592,1.6
"4+","months_since_cert_n <   1.000 & rawben_rel_max >=   0.328 & shelter_expenses_by_hh_size < 126.000 & unc_rawben_rel_max >=   0.998","xgboost",135,0.91852,0.87107,77,70,0.9091,0.0158,0.0056,1.393,0.2038,0.9592,1.6
"4+","children_i >   0.500 & months_since_cert_n <=  34.000 & unc_rawben_rel_max >   0.999 & utilities > 724.000","ranger",272,0.90441,0.87098,152,140,0.9211,0.0315,0.0121,2.75,0.2038,0.9592,1.6
"4+","cat_elig >  0.5 & count_divisible_by_100 <=  1.5 & expedited_i >  0.5 & utilities <= 30.5","ranger",209,0.90909,0.87094,125,112,0.896,0.0252,0.013,2.262,0.2038,0.9592,1.6
"4+","unc_rawben_rel_max >=   1.08 & utilities < 330.00","xgboost",236,0.90678,0.87087,82,68,0.8293,0.0153,0.0168,1.484,0.2038,0.9592,1.6
"4+","months_since_cert_n <=   5.500 & total_deductions_by_hh_size >   0.179 & total_deductions_by_hh_size <=  13.200 & utilities <= 284.000","ranger",96,0.92708,0.87076,39,32,0.8205,0.0072,0.0051,0.706,0.2038,0.9592,1.6
"4+","HH_size_n >  4.5000 & rawben_rel_max >  0.9980 & total_deductions_by_hh_size >  0.0686 & utilities <= 41.5000","ranger",86,0.93023,0.87072,40,34,0.85,0.0077,0.0044,0.724,0.2038,0.9592,1.6
"4+","months_since_cert_n <   2.000 & rawben_rel_max >=   0.162 & shelter_expenses_by_hh_size <   7.250 & utilities < 369.000","xgboost",324,0.90123,0.87056,155,136,0.8774,0.0306,0.0162,2.804,0.2038,0.9592,1.6
"4+","months_since_cert_n <   4.00 & shelter_expenses_by_hh_size < 251.00 & total_deductions_by_hh_size >=  85.30 & unc_rawben_rel_max >=   1.17","xgboost",244,0.90574,0.87036,111,97,0.8739,0.0218,0.0172,2.008,0.2038,0.9592,1.6
"4+","cat_elig <= 0.500 & months_since_cert_n > 3.500 & rawben_rel_max > 0.947","ranger",288,0.90278,0.8702,140,118,0.8429,0.0266,0.018,2.533,0.2038,0.9592,1.6
"4+","elderly_disabled_i <=   0.5 & expedited_i >   0.5 & months_since_cert_n <=   8.5 & shelter_expenses_by_hh_size <= 107.0","ranger",323,0.90093,0.87016,164,147,0.8963,0.0331,0.0162,2.967,0.2038,0.9592,1.6
"4+","months_since_cert_n >=  4.000 & rawben_rel_max >=  0.928 & shelter_expenses_by_hh_size < 74.000 & total_deductions_by_hh_size >= 48.000","xgboost",65,0.93846,0.8698,21,17,0.8095,0.0038,0.0032,0.38,0.2038,0.9592,1.6
"4+","expedited_i >   0.500 & rawben_rel_max >   0.892 & shelter_expenses_by_hh_size <= 105.000 & total_deductions_by_hh_size <=   0.404","ranger",189,0.91005,0.86978,126,117,0.9286,0.0264,0.0109,2.28,0.2038,0.9592,1.6
"4+","expedited_i >=   1.000 & rawben_rel_max >=   0.936 & shelter_expenses_by_hh_size >= 300.000","xgboost",105,0.92381,0.86978,57,52,0.9123,0.0117,0.0061,1.031,0.2038,0.9592,1.6
"4+","expedited_i >   0.5 & total_deductions_by_hh_size <= 193.0 & utilities <=  30.5","ranger",278,0.90288,0.86966,164,146,0.8902,0.0329,0.0159,2.967,0.2038,0.9592,1.6
"4+","expedited_i >   0.5 & HH_size_n >   4.5 & HH_size_n <=   5.5 & shelter_expenses_by_hh_size <= 168.0","ranger",124,0.91935,0.86961,60,53,0.8833,0.0119,0.0054,1.086,0.2038,0.9592,1.6
"4+","expedited_i > 0.5 & married > 0.5 & months_since_cert_n <= 3.5","ranger",124,0.91935,0.86961,58,54,0.931,0.0122,0.0043,1.049,0.2038,0.9592,1.6
"4+","months_since_cert_n <   2 & total_deductions_by_hh_size <   3 & utilities < 495","xgboost",330,0.9,0.8695,152,136,0.8947,0.0306,0.0133,2.75,0.2038,0.9592,1.6
"4+","expedited_i >   0.500 & HH_size_n <=   4.500 & rawben_rel_max >   0.946 & shelter_expenses_by_hh_size > 265.000","ranger",95,0.92632,0.86946,58,49,0.8448,0.011,0.0095,1.049,0.2038,0.9592,1.6
"4+","cat_elig > 0.5000 & expedited_i > 0.5000 & total_deductions_by_hh_size <= 0.0111","ranger",161,0.91304,0.86935,102,93,0.9118,0.0209,0.0137,1.845,0.2038,0.9592,1.6
"4+","expedited_i >  0.500 & HH_size_n >  5.500 & months_since_cert_n <= 16.000 & rawben_rel_max >  0.974","ranger",75,0.93333,0.86931,28,27,0.9643,0.0061,8e-04,0.507,0.2038,0.9592,1.6
"4+","shelter_expenses_by_hh_size >= 113.00 & shelter_expenses_by_hh_size < 141.00 & unc_rawben_rel_max >=   1.21","xgboost",75,0.93333,0.86931,28,26,0.9286,0.0059,0.002,0.507,0.2038,0.9592,1.6
"4+","expedited_i >= 1.000 & months_since_cert_n >= 8.000 & rawben_rel_max >= 0.949 & unc_rawben_rel_max >= 0.828","xgboost",85,0.92941,0.86926,46,43,0.9348,0.0097,0.0018,0.832,0.2038,0.9592,1.6
"4+","expedited_i > 0.50 & married > 0.50 & months_since_cert_n <= 5.50 & rawben_rel_max > 0.86","ranger",133,0.91729,0.8692,50,50,1,0.0113,0,0.905,0.2038,0.9592,1.6
"4+","HH_size_n <   5.0 & months_since_cert_n <   2.0 & shelter_expenses_by_hh_size < 187.0 & total_deductions_by_hh_size <  13.2","xgboost",206,0.90777,0.86911,84,75,0.8929,0.0169,0.0073,1.52,0.2038,0.9592,1.6
"4+","expedited_i >   0.5 & medical_deductions <=  70.0 & total_deductions_by_hh_size <= 158.0 & utilities <=  14.0","ranger",268,0.90299,0.86909,156,138,0.8846,0.0311,0.0159,2.823,0.2038,0.9592,1.6
"4+","elderly_disabled_i <=   0.500 & rawben_rel_max >   0.999 & total_deductions_by_hh_size <= 240.000 & utilities > 792.000","ranger",114,0.92105,0.86908,100,92,0.92,0.0207,0.0073,1.809,0.2038,0.9592,1.6
"4+","elderly_disabled_i <=   0.500 & percent_abawd >   0.225 & shelter_expenses_by_hh_size <=  59.500 & utilities <= 340.000","ranger",43,0.95349,0.86879,26,21,0.8077,0.0047,0.0065,0.47,0.2038,0.9592,1.6
"4+","expedited_i >  0.5 & utilities <= 23.5","ranger",276,0.90217,0.86874,163,145,0.8896,0.0327,0.0159,2.949,0.2038,0.9592,1.6
"4+","shelter_expenses_by_hh_size >=  71.80 & unc_rawben_rel_max >=   1.08 & utilities < 330.00","xgboost",151,0.91391,0.8687,62,49,0.7903,0.011,0.0155,1.122,0.2038,0.9592,1.6
"4+","expedited_i >   0.5 & HH_size_n <=   5.5 & shelter_expenses_by_hh_size <=  26.2 & total_deductions_by_hh_size <= 208.0","ranger",223,0.90583,0.86862,142,127,0.8944,0.0286,0.0144,2.569,0.2038,0.9592,1.6
"4+","cat_elig <=  0.500 & expedited_i <=  0.500 & rawben_rel_max >  0.962 & shelter_expenses_by_hh_size > 64.800","ranger",267,0.90262,0.86861,137,118,0.8613,0.0266,0.0154,2.479,0.2038,0.9592,1.6
"4+","elderly_disabled_i <=  0.5 & expedited_i >  0.5 & HH_size_n <=  6.5 & utilities <= 30.5","ranger",267,0.90262,0.86861,156,140,0.8974,0.0315,0.0152,2.823,0.2038,0.9592,1.6
"4+","months_since_cert_n >= 10.000 & total_deductions_by_hh_size >= 85.300 & unc_rawben_rel_max >=  0.998","xgboost",169,0.91124,0.86848,115,102,0.887,0.023,0.0161,2.081,0.2038,0.9592,1.5
"4+","rawben_rel_max >=   0.899 & total_deductions_by_hh_size < 195.000 & utilities >= 789.000","xgboost",196,0.90816,0.86845,151,137,0.9073,0.0309,0.0146,2.732,0.2038,0.9592,1.5
"4+","cat_elig >  0.50 & expedited_i >  0.50 & medical_deductions <= 70.00 & shelter_expenses_by_hh_size <=  6.56","ranger",178,0.91011,0.86844,106,95,0.8962,0.0214,0.0118,1.918,0.2038,0.9592,1.5
"4+","rawben_rel_max >=   0.947 & total_deductions_by_hh_size <  84.500 & utilities >=  55.000 & utilities < 391.000","xgboost",187,0.90909,0.86843,72,66,0.9167,0.0149,0.0038,1.303,0.2038,0.9592,1.5
"4+","months_since_cert_n <=  34.000 & unc_rawben_rel_max >   0.999 & utilities > 724.000","ranger",275,0.90182,0.86827,155,142,0.9161,0.032,0.0127,2.804,0.2038,0.9592,1.5
"4+","expedited_i >  0.5 & HH_size_n <=  6.5 & shelter_expenses_by_hh_size <= 10.1","ranger",231,0.90476,0.86814,145,130,0.8966,0.0293,0.0144,2.623,0.2038,0.9592,1.5
"4+","months_since_cert_n < 1.000 & rawben_rel_max >= 0.957 & shelter_expenses_by_hh_size < 7.250 & unc_rawben_rel_max < 1.210","xgboost",94,0.92553,0.86812,48,44,0.9167,0.0099,0.0024,0.868,0.2038,0.9592,1.5
"4+","unc_rawben_rel_max >=   0.941 & utilities >= 105.000 & utilities < 305.000","xgboost",113,0.92035,0.86797,30,24,0.8,0.0054,0.0041,0.543,0.2038,0.9592,1.5
"4+","HH_size_n >=  5.00 & shelter_expenses_by_hh_size < 77.70 & unc_rawben_rel_max >=  1.06","xgboost",283,0.90106,0.86796,133,122,0.9173,0.0275,0.0114,2.406,0.2038,0.9592,1.5
"4+","married <= 0.50 & months_since_cert_n <= 1.50 & shelter_expenses_by_hh_size <= 7.58","ranger",283,0.90106,0.86796,133,116,0.8722,0.0261,0.0165,2.406,0.2038,0.9592,1.5
"4+","count_divisible_by_100 >=   1.000 & unc_rawben_rel_max >=   0.957 & unc_rawben_rel_max <   1.260 & utilities >= 495.000","xgboost",64,0.9375,0.86787,41,38,0.9268,0.0086,0.0038,0.742,0.2038,0.9592,1.5
"4+","months_since_cert_n > 5.500 & total_deductions_by_hh_size <= 0.750 & unc_rawben_rel_max > 0.741","ranger",274,0.90146,0.8678,153,138,0.902,0.0311,0.0137,2.768,0.2038,0.9592,1.5
"4+","expedited_i >   0.500 & shelter_expenses_by_hh_size > 163.000 & unc_rawben_rel_max >   0.949 & utilities <= 530.000","ranger",159,0.91195,0.86776,75,65,0.8667,0.0146,0.0102,1.357,0.2038,0.9592,1.5
"4+","rawben_rel_max >=   0.899 & shelter_expenses_by_hh_size < 334.000 & utilities >= 750.000","xgboost",265,0.90189,0.86764,131,121,0.9237,0.0273,0.0085,2.37,0.2038,0.9592,1.5
"4+","months_since_cert_n >=   9.00 & unc_rawben_rel_max >=   1.19 & utilities >= 462.00","xgboost",74,0.93243,0.86763,48,42,0.875,0.0095,0.0046,0.868,0.2038,0.9592,1.5
"4+","HH_size_n <=   4.500 & medical_deductions > 136.000 & rawben_rel_max <=   0.974","ranger",31,0.96774,0.86761,17,11,0.6471,0.0025,0.0036,0.308,0.2038,0.9592,1.5
"4+","cat_elig <=   0.5 & shelter_expenses_by_hh_size > 153.0 & shelter_expenses_by_hh_size <= 164.0 & total_deductions_by_hh_size > 103.0","ranger",31,0.96774,0.86761,12,11,0.9167,0.0025,7e-04,0.217,0.2038,0.9592,1.5
"4+","cat_elig <=   2.5 & married <=   0.5 & medical_deductions > 136.0","ranger",31,0.96774,0.86761,17,12,0.7059,0.0027,0.0044,0.308,0.2038,0.9592,1.5
"4+","cat_elig > 0.5000 & HH_size_n > 4.5000 & percent_abawd > 0.0714 & rawben_rel_max > 0.9980","ranger",31,0.96774,0.86761,26,21,0.8077,0.0047,0.0038,0.47,0.2038,0.9592,1.5
"4+","children_i >   0.5 & married <=   0.5 & medical_deductions > 136.0","ranger",31,0.96774,0.86761,17,12,0.7059,0.0027,0.0044,0.308,0.2038,0.9592,1.5
"4+","expedited_i >   0.500 & HH_size_n <=   5.000 & total_deductions_by_hh_size > 188.000 & unc_rawben_rel_max >   0.952","ranger",31,0.96774,0.86761,20,18,0.9,0.0041,0.0026,0.362,0.2038,0.9592,1.5
"4+","expedited_i >=   1.00 & total_deductions_by_hh_size >= 140.00 & unc_rawben_rel_max >=   1.07","xgboost",122,0.91803,0.86755,69,61,0.8841,0.0137,0.0096,1.248,0.2038,0.9592,1.5
"4+","months_since_cert_n <   1.000 & rawben_rel_max >=   0.966 & shelter_expenses_by_hh_size < 106.000 & total_deductions_by_hh_size < 158.000","xgboost",122,0.91803,0.86755,76,70,0.9211,0.0158,0.0035,1.375,0.2038,0.9592,1.5
"4+","expedited_i >=   1.00 & unc_rawben_rel_max >=   1.21 & utilities < 912.00","xgboost",131,0.91603,0.86727,46,40,0.8696,0.009,0.0069,0.832,0.2038,0.9592,1.5
"4+","total_deductions_by_hh_size >= 167.000 & total_deductions_by_hh_size < 176.000 & unc_rawben_rel_max >=   0.977 & unc_rawben_rel_max <   1.260","xgboost",131,0.91603,0.86727,32,29,0.9062,0.0065,0.0011,0.579,0.2038,0.9592,1.5
"4+","expedited_i >   0.50 & medical_deductions <= 136.00 & shelter_expenses_by_hh_size <=   8.45 & total_deductions_by_hh_size <= 176.00","ranger",238,0.90336,0.86717,147,131,0.8912,0.0295,0.0147,2.66,0.2038,0.9592,1.5
"4+","expedited_i >  0.5 & percent_abawd <=  0.9 & utilities <= 30.5","ranger",280,0.9,0.86657,167,149,0.8922,0.0336,0.0159,3.022,0.2038,0.9592,1.5
"4+","children_i >   0.500 & medical_deductions > 136.000 & unc_rawben_rel_max <=   0.988","ranger",53,0.9434,0.86656,29,19,0.6552,0.0043,0.007,0.525,0.2038,0.9592,1.5
"4+","elderly_disabled_i <= 0.500 & percent_abawd > 0.225 & percent_abawd <= 0.279 & rawben_rel_max > 0.976","ranger",53,0.9434,0.86656,25,23,0.92,0.0052,0.0015,0.452,0.2038,0.9592,1.5
"4+","expedited_i <=   0.500 & medical_deductions > 136.000 & unc_rawben_rel_max <=   0.974","ranger",53,0.9434,0.86656,29,18,0.6207,0.0041,0.0096,0.525,0.2038,0.9592,1.5
"4+","children_i >   0.500 & rawben_rel_max >   0.986 & shelter_expenses_by_hh_size > 253.000 & utilities <= 420.000","ranger",193,0.90674,0.86646,112,89,0.7946,0.02,0.0235,2.026,0.2038,0.9592,1.5
"4+","rawben_rel_max >  0.977 & shelter_expenses_by_hh_size <= 57.100 & total_deductions_by_hh_size > 10.400","ranger",130,0.91538,0.86628,46,44,0.9565,0.0099,0.0016,0.832,0.2038,0.9592,1.5
"4+","cat_elig <=   0.500 & shelter_expenses_by_hh_size > 253.000 & shelter_expenses_by_hh_size <= 496.000 & unc_rawben_rel_max >   0.977","ranger",83,0.92771,0.86625,42,36,0.8571,0.0081,0.0039,0.76,0.2038,0.9592,1.5
"4+","cat_elig >  1.5 & months_since_cert_n >  8.5 & months_since_cert_n <= 23.5 & unc_rawben_rel_max >  1.0","ranger",139,0.91367,0.86616,31,27,0.871,0.0061,0.0079,0.561,0.2038,0.9592,1.5
"4+","expedited_i >=  1.00 & shelter_expenses_by_hh_size >= 11.00 & unc_rawben_rel_max >=  1.18 & utilities >= 31.00","xgboost",157,0.91083,0.86612,69,63,0.913,0.0142,0.0069,1.248,0.2038,0.9592,1.5
"4+","months_since_cert_n <=   8.500 & shelter_expenses_by_hh_size > 166.000 & total_deductions_by_hh_size <=   1.880 & unc_rawben_rel_max <=   0.945","ranger",73,0.93151,0.8659,34,31,0.9118,0.007,0.0016,0.615,0.2038,0.9592,1.5
"4+","cat_elig <=  0.500 & expedited_i <=  0.500 & rawben_rel_max >  0.974 & utilities > 40.500","ranger",270,0.9,0.86588,136,118,0.8676,0.0266,0.015,2.461,0.2038,0.9592,1.5
"4+","married >   0.500 & rawben_rel_max <=   0.268 & shelter_expenses_by_hh_size <= 164.000 & unc_rawben_rel_max <=   0.957","ranger",63,0.93651,0.86588,26,19,0.7308,0.0043,0.0087,0.47,0.2038,0.9592,1.5
"4+","medical_deductions <= 2.000 & rawben_rel_max <= 0.998 & total_deductions_by_hh_size > 3.610 & total_deductions_by_hh_size <= 9.950","ranger",63,0.93651,0.86588,51,44,0.8627,0.0099,0.0068,0.923,0.2038,0.9592,1.5
"4+","percent_abawd >=   0.222 & shelter_expenses_by_hh_size <  38.800 & total_deductions_by_hh_size < 112.000","xgboost",42,0.95238,0.86588,24,19,0.7917,0.0043,0.0062,0.434,0.2038,0.9592,1.5
"4+","rawben_rel_max <=   0.998 & shelter_expenses_by_hh_size > 201.000 & total_deductions_by_hh_size <=   0.775","ranger",42,0.95238,0.86588,23,20,0.8696,0.0045,0.0016,0.416,0.2038,0.9592,1.5
"4+","HH_size_n < 5.00 & months_since_cert_n < 2.00 & shelter_expenses_by_hh_size < 9.00 & unc_rawben_rel_max < 1.18","xgboost",192,0.90625,0.86578,84,70,0.8333,0.0158,0.0108,1.52,0.2038,0.9592,1.5
"4+","months_since_cert_n >   7.500 & rawben_rel_max >   0.976 & utilities > 648.000","ranger",111,0.91892,0.86568,61,56,0.918,0.0126,0.0049,1.104,0.2038,0.9592,1.5
"4+","count_divisible_by_100 <=  0.5 & expedited_i >  0.5 & utilities <= 30.5","ranger",261,0.90038,0.86566,156,141,0.9038,0.0318,0.0135,2.823,0.2038,0.9592,1.5
"4+","married >=   1 & shelter_expenses_by_hh_size < 406 & total_deductions_by_hh_size >= 120 & unc_rawben_rel_max >=   1","xgboost",261,0.90038,0.86566,123,102,0.8293,0.023,0.0263,2.225,0.2038,0.9592,1.5
"4+","shelter_expenses_by_hh_size >= 100.00 & shelter_expenses_by_hh_size < 158.00 & unc_rawben_rel_max >=   1.18","xgboost",209,0.90431,0.86548,110,94,0.8545,0.0212,0.0178,1.99,0.2038,0.9592,1.5
"4+","expedited_i >   0.500 & medical_deductions <=  72.500 & rawben_rel_max >   0.966 & total_deductions_by_hh_size > 140.000","ranger",156,0.91026,0.86529,95,85,0.8947,0.0191,0.0104,1.719,0.2038,0.9592,1.5
"4+","expedited_i >   0.500 & rawben_rel_max >   0.958 & shelter_expenses_by_hh_size > 218.000 & utilities <= 808.000","ranger",156,0.91026,0.86529,80,71,0.8875,0.016,0.0095,1.447,0.2038,0.9592,1.5
"4+","rawben_rel_max >=   0.84 & shelter_expenses_by_hh_size < 158.00 & utilities >= 626.00","xgboost",101,0.92079,0.86483,62,56,0.9032,0.0126,0.0084,1.122,0.2038,0.9592,1.5
"4+","shelter_expenses_by_hh_size >= 143 & shelter_expenses_by_hh_size < 161 & utilities >= 530","xgboost",173,0.90751,0.86474,75,65,0.8667,0.0146,0.0086,1.357,0.2038,0.9592,1.5
"4+","cat_elig <   1 & expedited_i >=   1 & total_deductions_by_hh_size >= 104","xgboost",82,0.92683,0.86469,52,49,0.9423,0.011,0.0012,0.941,0.2038,0.9592,1.5
"4+","elderly_disabled_i <= 0.500 & HH_size_n > 6.500 & married <= 0.500 & unc_rawben_rel_max > 0.998","ranger",82,0.92683,0.86469,34,28,0.8235,0.0063,0.0052,0.615,0.2038,0.9592,1.5
"4+","expedited_i > 0.500 & HH_size_n > 5.500 & rawben_rel_max > 0.956","ranger",82,0.92683,0.86469,28,27,0.9643,0.0061,8e-04,0.507,0.2038,0.9592,1.5
"4+","percent_abawd > 0.127 & percent_abawd <= 0.268 & rawben_rel_max > 0.977 & unc_rawben_rel_max <= 1.410","ranger",82,0.92683,0.86469,43,38,0.8837,0.0086,0.0037,0.778,0.2038,0.9592,1.5
"4+","months_since_cert_n >=   8.00 & months_since_cert_n <  11.00 & shelter_expenses_by_hh_size < 583.00 & total_deductions_by_hh_size <   1.25","xgboost",164,0.90854,0.86458,92,82,0.8913,0.0185,0.0069,1.665,0.2038,0.9592,1.5
"4+","cat_elig < 1.000 & rawben_rel_max >= 0.988 & unc_rawben_rel_max < 1.050","xgboost",128,0.91406,0.86426,70,62,0.8857,0.014,0.0072,1.267,0.2038,0.9592,1.5
"4+","expedited_i <=   0.500 & medical_deductions > 137.000 & percent_abawd <=   0.775 & rawben_rel_max <=   0.966","ranger",52,0.94231,0.86415,29,18,0.6207,0.0041,0.0096,0.525,0.2038,0.9592,1.5
"4+","cat_elig <=   0.5 & expedited_i >   0.5 & total_deductions_by_hh_size > 117.0","ranger",72,0.93056,0.86413,41,38,0.9268,0.0086,0.0012,0.742,0.2038,0.9592,1.5
"4+","cat_elig >=  2.000 & expedited_i >=  1.000 & rawben_rel_max >=  0.963 & shelter_expenses_by_hh_size < 83.000","xgboost",91,0.92308,0.86396,10,10,1,0.0023,0,0.181,0.2038,0.9592,1.5
"4+","expedited_i >   0.500 & shelter_expenses_by_hh_size > 166.000 & unc_rawben_rel_max >   0.998 & utilities > 520.000","ranger",62,0.93548,0.86383,39,38,0.9744,0.0086,7e-04,0.706,0.2038,0.9592,1.5
"4+","months_since_cert_n <=   6.50 & shelter_expenses_by_hh_size > 166.00 & total_deductions_by_hh_size <=   1.25","ranger",62,0.93548,0.86383,25,24,0.96,0.0054,5e-04,0.452,0.2038,0.9592,1.5
"4+","count_divisible_by_100 >=   1.00 & unc_rawben_rel_max >=   1.03 & utilities >= 580.00 & utilities < 852.00","xgboost",30,0.96667,0.86358,15,13,0.8667,0.0029,0.003,0.271,0.2038,0.9592,1.5
"4+","elderly_disabled_i >   0.5 & medical_deductions >   1.5 & shelter_expenses_by_hh_size > 323.0 & utilities > 370.0","ranger",30,0.96667,0.86358,10,7,0.7,0.0016,0.0023,0.181,0.2038,0.9592,1.5
"4+","medical_deductions >  23.5 & shelter_expenses_by_hh_size >  59.7 & shelter_expenses_by_hh_size <= 160.0","ranger",30,0.96667,0.86358,20,16,0.8,0.0036,0.0063,0.362,0.2038,0.9592,1.5
"4+","months_since_cert_n <   1.000 & shelter_expenses_by_hh_size >= 216.000 & shelter_expenses_by_hh_size < 289.000 & unc_rawben_rel_max <   0.377","xgboost",30,0.96667,0.86358,15,12,0.8,0.0027,0.0018,0.271,0.2038,0.9592,1.5
"4+","elderly_disabled_i <=   0.500 & HH_size_n <=   5.500 & unc_rawben_rel_max >   0.998 & utilities > 790.000","ranger",100,0.92,0.86353,77,71,0.9221,0.016,0.0052,1.393,0.2038,0.9592,1.5
"4+","cat_elig <=   0.500 & expedited_i <=   0.500 & unc_rawben_rel_max >   0.958 & utilities > 311.000","ranger",214,0.90187,0.86323,107,92,0.8598,0.0207,0.0118,1.936,0.2038,0.9592,1.5
"4+","expedited_i >=   1.000 & rawben_rel_max >=   0.952 & utilities >= 495.000","xgboost",127,0.91339,0.86323,66,63,0.9545,0.0142,0.0044,1.194,0.2038,0.9592,1.5
"4+","elderly_disabled_i <=   0.500 & married <=   0.500 & rawben_rel_max >   0.976 & utilities > 784.000","ranger",118,0.91525,0.86322,89,83,0.9326,0.0187,0.0051,1.61,0.2038,0.9592,1.5
"4+","rawben_rel_max >   0.976 & rawben_rel_max <=   0.991 & shelter_expenses_by_hh_size <= 161.000 & unc_rawben_rel_max <=   1.420","ranger",81,0.92593,0.8631,37,31,0.8378,0.007,0.0042,0.669,0.2038,0.9592,1.5
"4+","cat_elig <  1.000 & months_since_cert_n >=  5.000 & months_since_cert_n < 13.000 & rawben_rel_max >=  0.913","xgboost",222,0.9009,0.86293,103,87,0.8447,0.0196,0.0137,1.864,0.2038,0.9592,1.5
"4+","cat_elig >  2.5 & utilities <= 28.5","ranger",41,0.95122,0.86284,0,0,NA,0,0,0,0.2038,0.9592,1.5
"4+","medical_deductions > 132 & utilities > 442","ranger",41,0.95122,0.86284,23,15,0.6522,0.0034,0.0075,0.416,0.2038,0.9592,1.5
"4+","medical_deductions > 136.0 & medical_deductions <= 180.0 & shelter_expenses_by_hh_size >  59.9","ranger",41,0.95122,0.86284,18,11,0.6111,0.0025,0.0063,0.326,0.2038,0.9592,1.5
"4+","medical_deductions > 137.000 & percent_abawd <=   0.250 & total_deductions_by_hh_size <= 233.000 & unc_rawben_rel_max <=   0.976","ranger",41,0.95122,0.86284,24,17,0.7083,0.0038,0.0058,0.434,0.2038,0.9592,1.5
"4+","months_since_cert_n <= 23.500 & rawben_rel_max <=  0.783 & total_deductions_by_hh_size >  3.980 & total_deductions_by_hh_size <= 10.200","ranger",41,0.95122,0.86284,19,17,0.8947,0.0038,0.0013,0.344,0.2038,0.9592,1.5
"4+","shelter_expenses_by_hh_size <= 66.800 & total_deductions_by_hh_size > 12.700 & unc_rawben_rel_max >  0.993 & utilities <= 30.500","ranger",41,0.95122,0.86284,21,18,0.8571,0.0041,0.0029,0.38,0.2038,0.9592,1.5
"4+","shelter_expenses_by_hh_size >= 176.00 & total_deductions_by_hh_size < 172.00 & unc_rawben_rel_max >=   1.15 & utilities < 415.00","xgboost",153,0.9085,0.86273,78,63,0.8077,0.0142,0.0167,1.411,0.2038,0.9592,1.5
"4+","HH_size_n >=  7.000 & months_since_cert_n < 14.000 & rawben_rel_max >=  0.925 & unc_rawben_rel_max <  1.040","xgboost",90,0.92222,0.86251,44,34,0.7727,0.0077,0.0108,0.796,0.2038,0.9592,1.5
"4+","unc_rawben_rel_max >=   1.21 & utilities >= 371.00 & utilities < 417.00","xgboost",90,0.92222,0.86251,40,31,0.775,0.007,0.0098,0.724,0.2038,0.9592,1.5
"4+","shelter_expenses_by_hh_size < 309 & total_deductions_by_hh_size >= 129 & total_deductions_by_hh_size < 147 & utilities >= 580","xgboost",204,0.90196,0.86227,78,56,0.7179,0.0126,0.0139,1.411,0.2038,0.9592,1.5
"4+","expedited_i >   0.500 & married >   0.500 & shelter_expenses_by_hh_size <= 547.000 & unc_rawben_rel_max >   0.998","ranger",126,0.9127,0.86218,51,49,0.9608,0.011,0.0017,0.923,0.2038,0.9592,1.5
"4+","count_divisible_by_100 <= 1.5000 & married > 0.5000 & months_since_cert_n <= 6.5000 & total_deductions_by_hh_size <= 0.0111","ranger",212,0.90094,0.86197,89,79,0.8876,0.0178,0.0115,1.61,0.2038,0.9592,1.5
"4+","cat_elig <= 0.500 & rawben_rel_max <= 0.369 & unc_rawben_rel_max > 0.316","ranger",61,0.93443,0.86172,21,20,0.9524,0.0045,2e-04,0.38,0.2038,0.9592,1.5
"4+","cat_elig <=   0.5 & medical_deductions <= 132.0 & shelter_expenses_by_hh_size > 300.0 & unc_rawben_rel_max >   1.0","ranger",51,0.94118,0.86164,30,28,0.9333,0.0063,0.0016,0.543,0.2038,0.9592,1.5
"4+","cat_elig <=   0.500 & HH_size_n <=   5.500 & total_deductions_by_hh_size > 179.000 & unc_rawben_rel_max >   0.969","ranger",51,0.94118,0.86164,20,19,0.95,0.0043,0.0014,0.362,0.2038,0.9592,1.5
"4+","cat_elig <   1.00 & months_since_cert_n >=   1.00 & shelter_expenses_by_hh_size >= 223.00 & unc_rawben_rel_max >=   1.08","xgboost",80,0.925,0.86146,35,32,0.9143,0.0072,0.001,0.633,0.2038,0.9592,1.5
"4+","cat_elig < 1.000 & rawben_rel_max >= 0.988 & total_deductions_by_hh_size >= 7.200 & unc_rawben_rel_max < 1.050","xgboost",89,0.92135,0.86103,51,46,0.902,0.0104,0.0029,0.923,0.2038,0.9592,1.5
"4+","rawben_rel_max <= 0.998 & total_deductions_by_hh_size <= 2.330 & unc_rawben_rel_max > 0.931","ranger",89,0.92135,0.86103,40,37,0.925,0.0083,0.0022,0.724,0.2038,0.9592,1.5
"4+","months_since_cert_n >=  7.00 & shelter_expenses_by_hh_size < 59.60 & total_deductions_by_hh_size < 11.80 & unc_rawben_rel_max >=  1.06","xgboost",116,0.91379,0.86095,76,70,0.9211,0.0158,0.0052,1.375,0.2038,0.9592,1.5
"4+","months_since_cert_n <  1.00 & rawben_rel_max >=  0.96 & total_deductions_by_hh_size < 42.80","xgboost",98,0.91837,0.86086,54,49,0.9074,0.011,0.0032,0.977,0.2038,0.9592,1.5
"4+","expedited_i >   0.500 & rawben_rel_max >   0.966 & total_deductions_by_hh_size > 140.000","ranger",159,0.90566,0.86046,95,85,0.8947,0.0191,0.0104,1.719,0.2038,0.9592,1.5
"4+","rawben_rel_max <=   0.962 & total_deductions_by_hh_size <=   0.175 & utilities > 368.000 & utilities <= 754.000","ranger",176,0.90341,0.86044,88,78,0.8864,0.0176,0.0069,1.592,0.2038,0.9592,1.5
"4+","cat_elig < 1.00 & months_since_cert_n >= 5.00 & unc_rawben_rel_max >= 1.05","xgboost",133,0.90977,0.86033,59,52,0.8814,0.0117,0.0071,1.067,0.2038,0.9592,1.5
"4+","months_since_cert_n <=   6.500 & shelter_expenses_by_hh_size > 126.000 & total_deductions_by_hh_size <=  10.800 & unc_rawben_rel_max <=   0.974","ranger",133,0.90977,0.86033,59,53,0.8983,0.0119,0.0033,1.067,0.2038,0.9592,1.5
"4+","HH_size_n >=  5.00 & months_since_cert_n >=  7.00 & shelter_expenses_by_hh_size <  7.25 & total_deductions_by_hh_size < 13.20","xgboost",79,0.92405,0.85979,49,45,0.9184,0.0101,0.0043,0.887,0.2038,0.9592,1.5
"4+","expedited_i >   0.500 & married <=   0.500 & total_deductions_by_hh_size > 150.000 & unc_rawben_rel_max >   0.962","ranger",79,0.92405,0.85979,65,58,0.8923,0.0131,0.0079,1.176,0.2038,0.9592,1.5
"4+","months_since_cert_n >= 6.000 & percent_abawd >= 0.182 & rawben_rel_max >= 0.976","xgboost",40,0.95,0.85966,22,19,0.8636,0.0043,0.0023,0.398,0.2038,0.9592,1.5
"4+","HH_size_n <   6.00 & months_since_cert_n <   1.00 & shelter_expenses_by_hh_size < 231.00 & unc_rawben_rel_max >=   1.01","xgboost",158,0.90506,0.8596,85,72,0.8471,0.0162,0.0133,1.538,0.2038,0.9592,1.5
"4+","count_divisible_by_100 <   1.00 & unc_rawben_rel_max >=   1.07 & utilities < 314.00","xgboost",200,0.9,0.85959,78,64,0.8205,0.0144,0.0173,1.411,0.2038,0.9592,1.5
"4+","months_since_cert_n <   9 & shelter_expenses_by_hh_size < 256 & unc_rawben_rel_max >=   1 & utilities >= 601","xgboost",200,0.9,0.85959,111,102,0.9189,0.023,0.0071,2.008,0.2038,0.9592,1.5
"4+","married >  0.50 & unc_rawben_rel_max >  1.06 & utilities <= 32.00","ranger",88,0.92045,0.85952,37,34,0.9189,0.0077,0.0044,0.669,0.2038,0.9592,1.5
"4+","shelter_expenses_by_hh_size >= 186.00 & total_deductions_by_hh_size < 150.00 & unc_rawben_rel_max >=   1.21 & utilities < 417.00","xgboost",97,0.91753,0.85948,20,17,0.85,0.0038,0.003,0.362,0.2038,0.9592,1.5
"4+","married <=   0.5 & medical_deductions > 136.0 & total_deductions_by_hh_size <= 315.0","ranger",29,0.96552,0.8593,16,11,0.6875,0.0025,0.0044,0.289,0.2038,0.9592,1.4
"4+","married <=   0.500 & medical_deductions > 136.000 & rawben_rel_max <=   0.998 & total_deductions_by_hh_size >   0.675","ranger",29,0.96552,0.8593,16,11,0.6875,0.0025,0.0044,0.289,0.2038,0.9592,1.4
"4+","rawben_rel_max <=   0.986 & unc_rawben_rel_max >   0.977 & utilities <= 286.000","ranger",29,0.96552,0.8593,11,9,0.8182,0.002,0.0021,0.199,0.2038,0.9592,1.4
"4+","HH_size_n >=  5.00 & shelter_expenses_by_hh_size < 52.70 & total_deductions_by_hh_size < 97.70 & unc_rawben_rel_max >=  1.06","xgboost",191,0.90052,0.85911,99,90,0.9091,0.0203,0.0102,1.791,0.2038,0.9592,1.4
"4+","months_since_cert_n >=   7.00 & months_since_cert_n <  13.00 & shelter_expenses_by_hh_size < 104.00 & unc_rawben_rel_max >=   1.05","xgboost",191,0.90052,0.85911,110,99,0.9,0.0223,0.013,1.99,0.2038,0.9592,1.4
"4+","HH_size_n >   5.500 & rawben_rel_max >   0.962 & unc_rawben_rel_max <=   1.160 & utilities > 590.000","ranger",50,0.94,0.85905,35,30,0.8571,0.0068,0.0056,0.633,0.2038,0.9592,1.4
"4+","expedited_i <=   0.5 & HH_size_n <=   6.5 & medical_deductions > 137.0 & shelter_expenses_by_hh_size >  59.9","ranger",50,0.94,0.85905,27,16,0.5926,0.0036,0.0096,0.489,0.2038,0.9592,1.4
"4+","cat_elig >=  1.0 & expedited_i >=  1.0 & months_since_cert_n <  6.0 & total_deductions_by_hh_size < 77.4","xgboost",182,0.9011,0.85861,97,82,0.8454,0.0185,0.0157,1.755,0.2038,0.9592,1.4
"4+","rawben_rel_max >=   0.947 & total_deductions_by_hh_size >=  84.500 & utilities < 302.000","xgboost",182,0.9011,0.85861,90,72,0.8,0.0162,0.0231,1.628,0.2038,0.9592,1.4
"4+","cat_elig <=   1.5 & expedited_i >   0.5 & months_since_cert_n <=   3.5 & shelter_expenses_by_hh_size > 165.0","ranger",114,0.91228,0.8586,109,92,0.844,0.0207,0.016,1.972,0.2038,0.9592,1.4
"4+","married >  0.5 & months_since_cert_n <=  4.5 & shelter_expenses_by_hh_size <= 57.1 & total_deductions_by_hh_size <= 10.1","ranger",114,0.91228,0.8586,49,44,0.898,0.0099,0.0064,0.887,0.2038,0.9592,1.4
"4+","shelter_expenses_by_hh_size <= 167.000 & total_deductions_by_hh_size <=   9.170 & unc_rawben_rel_max >   0.919 & unc_rawben_rel_max <=   1.000","ranger",114,0.91228,0.8586,49,44,0.898,0.0099,0.0031,0.887,0.2038,0.9592,1.4
"4+","total_deductions_by_hh_size > 3.580 & total_deductions_by_hh_size <= 8.780 & unc_rawben_rel_max > 0.716","ranger",69,0.92754,0.85852,56,48,0.8571,0.0108,0.0078,1.013,0.2038,0.9592,1.4
"4+","cat_elig <   1.0 & shelter_expenses_by_hh_size < 166.0 & total_deductions_by_hh_size <  81.2 & utilities >= 291.0","xgboost",165,0.90303,0.85838,144,119,0.8264,0.0268,0.0215,2.605,0.2038,0.9592,1.4
"4+","percent_abawd >   0.05 & shelter_expenses_by_hh_size <= 321.00 & total_deductions_by_hh_size <= 210.00 & unc_rawben_rel_max >   1.03","ranger",78,0.92308,0.85808,47,40,0.8511,0.009,0.0061,0.85,0.2038,0.9592,1.4
"4+","cat_elig <  1.0 & expedited_i >=  1.0 & total_deductions_by_hh_size >= 99.2","xgboost",87,0.91954,0.85798,53,50,0.9434,0.0113,0.0012,0.959,0.2038,0.9592,1.4
"4+","months_since_cert_n >   2.500 & shelter_expenses_by_hh_size <= 164.000 & total_deductions_by_hh_size > 115.000 & unc_rawben_rel_max >   0.957","ranger",181,0.90055,0.85786,90,81,0.9,0.0182,0.0083,1.628,0.2038,0.9592,1.4
"4+","elderly_disabled_i <=  0.500 & HH_size_n >  5.500 & rawben_rel_max >  0.962 & shelter_expenses_by_hh_size <= 65.100","ranger",164,0.90244,0.85754,73,68,0.9315,0.0153,0.0056,1.321,0.2038,0.9592,1.4
"4+","HH_size_n > 6.500 & rawben_rel_max <= 0.999 & unc_rawben_rel_max > 0.936","ranger",59,0.9322,0.8573,29,22,0.7586,0.005,0.0079,0.525,0.2038,0.9592,1.4
"4+","cat_elig <=   0.500 & shelter_expenses_by_hh_size <= 162.000 & unc_rawben_rel_max >   0.948 & utilities > 451.000","ranger",59,0.9322,0.8573,15,14,0.9333,0.0032,6e-04,0.271,0.2038,0.9592,1.4
"4+","children_i >   0.5 & medical_deductions > 136.0","ranger",59,0.9322,0.8573,30,20,0.6667,0.0045,0.007,0.543,0.2038,0.9592,1.4
"4+","months_since_cert_n >   9.500 & percent_abawd <=   0.775 & rawben_rel_max >   0.998 & shelter_expenses_by_hh_size > 255.000","ranger",59,0.9322,0.8573,45,38,0.8444,0.0086,0.0073,0.814,0.2038,0.9592,1.4
"4+","cat_elig >=   2.000 & rawben_rel_max >=   0.834 & total_deductions_by_hh_size < 150.000 & utilities >= 601.000","xgboost",130,0.90769,0.85722,2,2,1,5e-04,0,0.036,0.2038,0.9592,1.4
"4+","cat_elig < 1.00 & HH_size_n >= 5.00 & unc_rawben_rel_max >= 1.00 & unc_rawben_rel_max < 1.16","xgboost",155,0.90323,0.85697,82,76,0.9268,0.0171,0.0064,1.484,0.2038,0.9592,1.4
"4+","medical_deductions <=  2.50 & total_deductions_by_hh_size >  3.58 & total_deductions_by_hh_size <= 12.40","ranger",155,0.90323,0.85697,103,89,0.8641,0.02,0.0121,1.864,0.2038,0.9592,1.4
"4+","months_since_cert_n >=  9.000 & rawben_rel_max >=  0.809 & shelter_expenses_by_hh_size < 71.800 & total_deductions_by_hh_size < 49.800","xgboost",155,0.90323,0.85697,100,84,0.84,0.0189,0.0145,1.809,0.2038,0.9592,1.4
"4+","count_divisible_by_100 <   1.0 & total_deductions_by_hh_size <  13.2 & utilities >= 452.0","xgboost",138,0.9058,0.85674,56,50,0.8929,0.0113,0.0034,1.013,0.2038,0.9592,1.4
"4+","elderly_disabled_i <=   0.5 & shelter_expenses_by_hh_size <= 253.0 & utilities > 784.0 & utilities <= 880.0","ranger",121,0.90909,0.85669,94,80,0.8511,0.018,0.0151,1.701,0.2038,0.9592,1.4
"4+","months_since_cert_n >= 7.000 & months_since_cert_n < 9.000 & rawben_rel_max >= 0.783 & total_deductions_by_hh_size < 1.250","xgboost",86,0.9186,0.8564,45,43,0.9556,0.0097,0.0011,0.814,0.2038,0.9592,1.4
"4+","months_since_cert_n <   4.000 & rawben_rel_max >=   0.957 & utilities >= 534.000 & utilities < 688.000","xgboost",146,0.90411,0.85636,91,80,0.8791,0.018,0.0125,1.646,0.2038,0.9592,1.4
"4+","HH_size_n <=  4.5 & utilities >  9.5 & utilities <= 30.5","ranger",49,0.93878,0.85635,25,20,0.8,0.0045,0.0026,0.452,0.2038,0.9592,1.4
"4+","cat_elig <=  0.500 & HH_size_n >  5.500 & rawben_rel_max <=  0.998 & total_deductions_by_hh_size <= 17.000","ranger",49,0.93878,0.85635,19,16,0.8421,0.0036,0.0018,0.344,0.2038,0.9592,1.4
"4+","cat_elig >   2.5 & total_deductions_by_hh_size <= 233.0 & utilities <=  28.5","ranger",39,0.94872,0.85632,0,0,NA,0,0,0,0.2038,0.9592,1.4
"4+","cat_elig >  1.5 & total_deductions_by_hh_size >  3.6 & total_deductions_by_hh_size <= 11.7","ranger",39,0.94872,0.85632,1,1,1,2e-04,0,0.018,0.2038,0.9592,1.4
"4+","cat_elig >  2.5 & expedited_i <=  0.5 & utilities <= 55.5","ranger",39,0.94872,0.85632,0,0,NA,0,0,0,0.2038,0.9592,1.4
"4+","cat_elig >=   2 & married <   1 & total_deductions_by_hh_size <   3 & utilities >= 426","xgboost",39,0.94872,0.85632,3,3,1,7e-04,0,0.054,0.2038,0.9592,1.4
"4+","cat_elig >= 1.00 & months_since_cert_n >= 9.00 & unc_rawben_rel_max >= 1.06 & unc_rawben_rel_max < 1.08","xgboost",77,0.92208,0.85632,51,47,0.9216,0.0106,0.0044,0.923,0.2038,0.9592,1.4
"4+","children_i >   0.5 & medical_deductions > 136.0 & medical_deductions <= 166.0","ranger",39,0.94872,0.85632,18,12,0.6667,0.0027,0.0037,0.326,0.2038,0.9592,1.4
"4+","expedited_i >=   1.00 & married >=   1.00 & rawben_rel_max >=   0.99 & utilities >= 386.00","xgboost",77,0.92208,0.85632,39,36,0.9231,0.0081,0.0025,0.706,0.2038,0.9592,1.4
"4+","months_since_cert_n <  1.000 & rawben_rel_max >=  0.706 & total_deductions_by_hh_size < 52.800 & unc_rawben_rel_max >=  1.060","xgboost",77,0.92208,0.85632,40,36,0.9,0.0081,0.0024,0.724,0.2038,0.9592,1.4
"4+","HH_size_n >=   5.00 & shelter_expenses_by_hh_size <  11.00 & total_deductions_by_hh_size < 236.00 & unc_rawben_rel_max >=   1.06","xgboost",170,0.9,0.85566,89,80,0.8989,0.018,0.0102,1.61,0.2038,0.9592,1.4
"4+","cat_elig <=   1.50 & rawben_rel_max >   0.94 & shelter_expenses_by_hh_size <= 160.00 & utilities > 518.00","ranger",103,0.91262,0.85566,100,92,0.92,0.0207,0.0083,1.809,0.2038,0.9592,1.4
"4+","cat_elig <=   0.500 & expedited_i >   0.500 & total_deductions_by_hh_size <= 117.000 & unc_rawben_rel_max >   0.908","ranger",94,0.91489,0.85518,52,48,0.9231,0.0108,0.0026,0.941,0.2038,0.9592,1.4
"4+","rawben_rel_max <   0.349 & utilities >= 447.000 & utilities < 478.000","xgboost",94,0.91489,0.85518,70,60,0.8571,0.0135,0.0094,1.267,0.2038,0.9592,1.4
"4+","utilities >= 361 & utilities < 363","xgboost",94,0.91489,0.85518,0,0,NA,0,0,0,0.2038,0.9592,1.4
"4+","HH_size_n < 6.00 & months_since_cert_n >= 6.00 & shelter_expenses_by_hh_size < 7.25 & unc_rawben_rel_max >= 1.03","xgboost",153,0.90196,0.85516,89,82,0.9213,0.0185,0.0057,1.61,0.2038,0.9592,1.4
"4+","total_deductions_by_hh_size >  3.66 & total_deductions_by_hh_size <= 12.30","ranger",153,0.90196,0.85516,100,86,0.86,0.0194,0.0121,1.809,0.2038,0.9592,1.4
"4+","expedited_i <=   0.5 & medical_deductions > 137.0","ranger",58,0.93103,0.85498,30,19,0.6333,0.0043,0.0096,0.543,0.2038,0.9592,1.4
"4+","months_since_cert_n <   5.00 & total_deductions_by_hh_size < 135.00 & unc_rawben_rel_max >=   1.22","xgboost",111,0.90991,0.85492,48,39,0.8125,0.0088,0.0098,0.868,0.2038,0.9592,1.4
"4+","HH_size_n >=   8.000 & rawben_rel_max >=   0.775 & total_deductions_by_hh_size <  90.000 & utilities >= 530.000","xgboost",28,0.96429,0.85475,16,12,0.75,0.0027,0.006,0.289,0.2038,0.9592,1.4
"4+","expedited_i <=   0.500 & medical_deductions > 137.000 & rawben_rel_max <=   0.586 & shelter_expenses_by_hh_size <= 391.000","ranger",28,0.96429,0.85475,10,8,0.8,0.0018,0.0026,0.181,0.2038,0.9592,1.4
"4+","percent_abawd >  0.191 & rawben_rel_max <=  0.706 & utilities <= 84.000","ranger",28,0.96429,0.85475,26,19,0.7308,0.0043,0.0051,0.47,0.2038,0.9592,1.4
"4+","count_divisible_by_100 <= 0.500 & expedited_i > 0.500 & HH_size_n > 5.500 & unc_rawben_rel_max > 0.942","ranger",76,0.92105,0.85452,29,27,0.931,0.0061,0.0025,0.525,0.2038,0.9592,1.4
"4+","cat_elig <= 0.500 & married <= 0.500 & rawben_rel_max <= 0.369 & unc_rawben_rel_max <= 0.962","ranger",67,0.92537,0.85451,17,16,0.9412,0.0036,2e-04,0.308,0.2038,0.9592,1.4
"4+","months_since_cert_n >=   7.00 & unc_rawben_rel_max >=   1.10 & unc_rawben_rel_max <   1.18 & utilities < 487.00","xgboost",67,0.92537,0.85451,48,43,0.8958,0.0097,0.0066,0.868,0.2038,0.9592,1.4
"4+","count_divisible_by_100 <   1.00 & unc_rawben_rel_max >=   1.07 & unc_rawben_rel_max <   1.23 & utilities < 314.00","xgboost",144,0.90278,0.85443,64,54,0.8438,0.0122,0.0118,1.158,0.2038,0.9592,1.4
"4+","married >  0.500 & rawben_rel_max >  0.959 & shelter_expenses_by_hh_size <= 74.100 & unc_rawben_rel_max <=  1.160","ranger",144,0.90278,0.85443,66,59,0.8939,0.0133,0.0094,1.194,0.2038,0.9592,1.4
"4+","expedited_i >   0.500 & months_since_cert_n >   6.500 & rawben_rel_max >   0.977 & total_deductions_by_hh_size <= 230.000","ranger",102,0.91176,0.8543,61,55,0.9016,0.0124,0.0037,1.104,0.2038,0.9592,1.4
"4+","rawben_rel_max >=   0.731 & utilities >= 371.000 & utilities < 380.000","xgboost",102,0.91176,0.8543,90,62,0.6889,0.014,0.0301,1.628,0.2038,0.9592,1.4
"4+","months_since_cert_n >=  9.000 & rawben_rel_max >=  0.775 & total_deductions_by_hh_size < 23.800","xgboost",160,0.9,0.85409,100,88,0.88,0.0198,0.0127,1.809,0.2038,0.9592,1.4
"4+","expedited_i >   0.5 & HH_size_n >   4.5 & utilities <= 284.0","ranger",127,0.90551,0.85396,61,54,0.8852,0.0122,0.0044,1.104,0.2038,0.9592,1.4
"4+","cat_elig < 2.000 & married >= 1.000 & rawben_rel_max < 0.186","xgboost",93,0.91398,0.85369,84,70,0.8333,0.0158,0.0186,1.52,0.2038,0.9592,1.4
"4+","total_deductions_by_hh_size < 168.00 & unc_rawben_rel_max >=   1.17 & utilities < 327.00","xgboost",93,0.91398,0.85369,39,31,0.7949,0.007,0.0115,0.706,0.2038,0.9592,1.4
"4+","children_i >   0.500 & medical_deductions > 137.000 & rawben_rel_max <=   0.998 & shelter_expenses_by_hh_size <= 456.000","ranger",48,0.9375,0.85355,28,18,0.6429,0.0041,0.007,0.507,0.2038,0.9592,1.4
"4+","elderly_disabled_i <=  0.500 & married >  0.500 & total_deductions_by_hh_size <= 65.400 & unc_rawben_rel_max >  0.944","ranger",151,0.90066,0.8533,68,62,0.9118,0.014,0.0087,1.23,0.2038,0.9592,1.4
"4+","rawben_rel_max >   0.962 & utilities >  46.500 & utilities <= 294.000","ranger",151,0.90066,0.8533,33,30,0.9091,0.0068,0.0034,0.597,0.2038,0.9592,1.4
"4+","count_divisible_by_100 >  0.500 & married <=  0.500 & unc_rawben_rel_max >  0.959 & utilities <= 28.500","ranger",84,0.91667,0.85313,38,29,0.7632,0.0065,0.0079,0.688,0.2038,0.9592,1.4
"4+","rawben_rel_max >   0.999 & unc_rawben_rel_max >   1.170 & utilities <= 319.000","ranger",101,0.91089,0.85292,42,31,0.7381,0.007,0.0139,0.76,0.2038,0.9592,1.4
"4+","unc_rawben_rel_max >=   1.00 & unc_rawben_rel_max <   1.17 & utilities >= 596.00 & utilities < 784.00","xgboost",101,0.91089,0.85292,57,55,0.9649,0.0124,0.003,1.031,0.2038,0.9592,1.4
"4+","HH_size_n <=   4.500 & medical_deductions > 136.000 & percent_abawd <=   0.292","ranger",38,0.94737,0.85283,18,12,0.6667,0.0027,0.0036,0.326,0.2038,0.9592,1.4
"4+","HH_size_n <=   5.500 & medical_deductions >  12.500 & rawben_rel_max <=   0.999 & shelter_expenses_by_hh_size <= 260.000","ranger",38,0.94737,0.85283,26,20,0.7692,0.0045,0.0083,0.47,0.2038,0.9592,1.4
"4+","cat_elig >  2.5 & HH_size_n <=  7.5 & percent_abawd <=  0.9 & utilities <= 30.5","ranger",38,0.94737,0.85283,0,0,NA,0,0,0,0.2038,0.9592,1.4
"4+","cat_elig >  2.500 & count_divisible_by_100 <=  0.500 & percent_abawd <=  0.292 & utilities <= 30.500","ranger",38,0.94737,0.85283,0,0,NA,0,0,0,0.2038,0.9592,1.4
"4+","medical_deductions > 132.000 & months_since_cert_n >   3.500 & rawben_rel_max <=   0.947 & unc_rawben_rel_max <=   0.946","ranger",38,0.94737,0.85283,22,12,0.5455,0.0027,0.0093,0.398,0.2038,0.9592,1.4
"4+","expedited_i <= 0.50 & total_deductions_by_hh_size > 5.62 & total_deductions_by_hh_size <= 9.88","ranger",66,0.92424,0.85243,43,35,0.814,0.0079,0.0053,0.778,0.2038,0.9592,1.4
"4+","rawben_rel_max >=   0.899 & total_deductions_by_hh_size >= 120.000 & total_deductions_by_hh_size < 195.000 & utilities >= 789.000","xgboost",150,0.9,0.85235,113,102,0.9027,0.023,0.0116,2.045,0.2038,0.9592,1.4
"4+","cat_elig <= 0.5 & married > 0.5 & months_since_cert_n <= 8.5 & unc_rawben_rel_max > 1.0","ranger",100,0.91,0.85151,45,40,0.8889,0.009,0.0051,0.814,0.2038,0.9592,1.4
"4+","expedited_i > 0.500 & HH_size_n > 5.500 & unc_rawben_rel_max > 0.942","ranger",83,0.91566,0.85145,30,28,0.9333,0.0063,0.0025,0.543,0.2038,0.9592,1.4
"4+","percent_abawd > 0.127 & percent_abawd <= 0.268 & rawben_rel_max > 0.977","ranger",83,0.91566,0.85145,43,38,0.8837,0.0086,0.0037,0.778,0.2038,0.9592,1.4
"4+","total_deductions_by_hh_size < 145.00 & unc_rawben_rel_max >=   1.24 & utilities >= 314.00","xgboost",83,0.91566,0.85145,2,2,1,5e-04,0,0.036,0.2038,0.9592,1.4
"4+","expedited_i <  1.00 & shelter_expenses_by_hh_size < 83.00 & unc_rawben_rel_max >=  1.16","xgboost",47,0.93617,0.85064,10,9,0.9,0.002,5e-04,0.181,0.2038,0.9592,1.4
"4+","cat_elig <= 0.50 & elderly_disabled_i <= 0.50 & months_since_cert_n > 6.50 & unc_rawben_rel_max > 0.97","ranger",91,0.91209,0.85062,42,38,0.9048,0.0086,0.0028,0.76,0.2038,0.9592,1.4
"4+","months_since_cert_n >= 6.00 & shelter_expenses_by_hh_size < 7.25 & unc_rawben_rel_max >= 1.06 & unc_rawben_rel_max < 1.20","xgboost",140,0.9,0.85041,85,78,0.9176,0.0176,0.0057,1.538,0.2038,0.9592,1.4
"4+","rawben_rel_max <= 0.998 & total_deductions_by_hh_size > 3.610 & total_deductions_by_hh_size <= 9.950","ranger",65,0.92308,0.85028,52,45,0.8654,0.0101,0.0068,0.941,0.2038,0.9592,1.4
"4+","cat_elig <=   0.5 & expedited_i >   0.5 & shelter_expenses_by_hh_size > 199.0","ranger",56,0.92857,0.8501,39,36,0.9231,0.0081,0.0012,0.706,0.2038,0.9592,1.4
"4+","medical_deductions >=   1 & utilities >= 435","xgboost",56,0.92857,0.8501,37,27,0.7297,0.0061,0.0088,0.669,0.2038,0.9592,1.4
"4+","cat_elig <= 0.50 & months_since_cert_n > 6.50 & unc_rawben_rel_max > 0.97","ranger",99,0.90909,0.85007,51,44,0.8627,0.0099,0.0049,0.923,0.2038,0.9592,1.4
"4+","HH_size_n <=   5.5 & married <=   0.5 & medical_deductions > 136.0","ranger",27,0.96296,0.84989,16,11,0.6875,0.0025,0.0044,0.289,0.2038,0.9592,1.4
"4+","cat_elig >  0.5000 & percent_abawd >  0.0714 & rawben_rel_max >  0.9980 & utilities <= 40.5000","ranger",27,0.96296,0.84989,16,14,0.875,0.0032,0.0015,0.289,0.2038,0.9592,1.4
"4+","children_i >   0.500 & medical_deductions > 137.000 & total_deductions_by_hh_size <= 151.000 & unc_rawben_rel_max <=   0.973","ranger",27,0.96296,0.84989,19,14,0.7368,0.0032,0.0051,0.344,0.2038,0.9592,1.4
"4+","count_divisible_by_100 >=   1 & shelter_expenses_by_hh_size < 300 & utilities >= 600 & utilities < 679","xgboost",27,0.96296,0.84989,13,10,0.7692,0.0023,0.005,0.235,0.2038,0.9592,1.4
"4+","cat_elig <= 0.5 & married > 0.5 & unc_rawben_rel_max > 1.0","ranger",107,0.90654,0.84971,51,46,0.902,0.0104,0.0051,0.923,0.2038,0.9592,1.4
"4+","elderly_disabled_i <=   0.500 & rawben_rel_max <=   0.990 & total_deductions_by_hh_size <= 210.000 & unc_rawben_rel_max >   0.977","ranger",115,0.90435,0.8495,46,39,0.8478,0.0088,0.0063,0.832,0.2038,0.9592,1.4
"4+","months_since_cert_n <= 10.50 & total_deductions_by_hh_size >  3.05 & total_deductions_by_hh_size <= 11.80","ranger",131,0.90076,0.84935,87,76,0.8736,0.0171,0.0073,1.574,0.2038,0.9592,1.4
"4+","medical_deductions > 136.000 & months_since_cert_n >   0.500 & rawben_rel_max <=   0.998 & utilities > 358.000","ranger",37,0.94595,0.84916,22,14,0.6364,0.0032,0.0068,0.398,0.2038,0.9592,1.4
"4+","months_since_cert_n >=   9 & shelter_expenses_by_hh_size >= 193 & shelter_expenses_by_hh_size < 198","xgboost",37,0.94595,0.84916,13,9,0.6923,0.002,0.002,0.235,0.2038,0.9592,1.4
"4+","rawben_rel_max <   0.216 & shelter_expenses_by_hh_size >= 324.000 & shelter_expenses_by_hh_size < 358.000","xgboost",37,0.94595,0.84916,25,17,0.68,0.0038,0.0034,0.452,0.2038,0.9592,1.4
"4+","rawben_rel_max <   0.341 & shelter_expenses_by_hh_size >= 319.000 & shelter_expenses_by_hh_size < 332.000 & unc_rawben_rel_max <   1.050","xgboost",37,0.94595,0.84916,19,13,0.6842,0.0029,0.0031,0.344,0.2038,0.9592,1.4
"4+","rawben_rel_max <=  0.77 & total_deductions_by_hh_size >  5.62 & total_deductions_by_hh_size <= 12.40","ranger",37,0.94595,0.84916,23,21,0.913,0.0047,0.0018,0.416,0.2038,0.9592,1.4
"4+","elderly_disabled_i <=  0.500 & percent_abawd <=  0.875 & total_deductions_by_hh_size >  2.540 & total_deductions_by_hh_size <= 10.300","ranger",90,0.91111,0.84903,60,53,0.8833,0.0119,0.007,1.086,0.2038,0.9592,1.3
"4+","HH_size_n >  5.500 & total_deductions_by_hh_size <= 11.700 & unc_rawben_rel_max >  0.248 & unc_rawben_rel_max <=  0.691","ranger",73,0.91781,0.84884,28,23,0.8214,0.0052,0.0038,0.507,0.2038,0.9592,1.3
"4+","rawben_rel_max >=   0.84 & shelter_expenses_by_hh_size >= 111.00 & shelter_expenses_by_hh_size < 122.00 & utilities < 469.00","xgboost",73,0.91781,0.84884,46,38,0.8261,0.0086,0.0071,0.832,0.2038,0.9592,1.3
"4+","cat_elig > 1.50 & elderly_disabled_i > 0.50 & shelter_expenses_by_hh_size > 3.92 & total_deductions_by_hh_size <= 1.55","ranger",98,0.90816,0.8486,11,9,0.8182,0.002,0.002,0.199,0.2038,0.9592,1.3
"4+","cat_elig >=  2.000 & expedited_i >=  1.000 & rawben_rel_max >=  0.928 & utilities < 48.000","xgboost",98,0.90816,0.8486,9,9,1,0.002,0,0.163,0.2038,0.9592,1.3
"4+","expedited_i <=   0.500 & total_deductions_by_hh_size <= 217.000 & unc_rawben_rel_max >   0.974 & utilities > 847.000","ranger",98,0.90816,0.8486,77,69,0.8961,0.0155,0.008,1.393,0.2038,0.9592,1.3
"4+","expedited_i >=   1.000 & rawben_rel_max >=   0.824 & shelter_expenses_by_hh_size < 162.000 & utilities >= 361.000","xgboost",106,0.90566,0.84835,49,42,0.8571,0.0095,0.0082,0.887,0.2038,0.9592,1.3
"4+","shelter_expenses_by_hh_size <= 168.000 & total_deductions_by_hh_size >  21.500 & unc_rawben_rel_max >   0.922 & utilities <=  33.500","ranger",114,0.90351,0.84823,58,51,0.8793,0.0115,0.0073,1.049,0.2038,0.9592,1.3
"4+","cat_elig <= 1.500 & months_since_cert_n > 3.500 & rawben_rel_max <= 0.971 & unc_rawben_rel_max <= 0.137","ranger",64,0.92188,0.84806,49,38,0.7755,0.0086,0.0209,0.887,0.2038,0.9592,1.3
"4+","cat_elig <= 0.500 & rawben_rel_max <= 0.969 & unc_rawben_rel_max > 0.306 & unc_rawben_rel_max <= 0.352","ranger",46,0.93478,0.84761,18,17,0.9444,0.0038,2e-04,0.326,0.2038,0.9592,1.3
"4+","medical_deductions > 136.0 & months_since_cert_n >   0.5 & shelter_expenses_by_hh_size >  66.2 & utilities <= 756.0","ranger",46,0.93478,0.84761,23,15,0.6522,0.0034,0.0068,0.416,0.2038,0.9592,1.3
"4+","expedited_i <=   0.500 & medical_deductions > 136.000 & rawben_rel_max <=   0.998","ranger",55,0.92727,0.84754,29,18,0.6207,0.0041,0.0096,0.525,0.2038,0.9592,1.3
"4+","expedited_i <= 0.500 & rawben_rel_max > 0.977 & rawben_rel_max <= 0.986","ranger",89,0.91011,0.84741,37,30,0.8108,0.0068,0.0069,0.669,0.2038,0.9592,1.3
"4+","elderly_disabled_i <=   0.500 & rawben_rel_max >   0.975 & shelter_expenses_by_hh_size > 243.000 & utilities > 732.000","ranger",121,0.90083,0.84699,58,52,0.8966,0.0117,0.0062,1.049,0.2038,0.9592,1.3
"4+","HH_size_n >=   6.000 & rawben_rel_max <   0.332 & shelter_expenses_by_hh_size < 261.000 & utilities >= 435.000","xgboost",105,0.90476,0.84697,44,33,0.75,0.0074,0.0098,0.796,0.2038,0.9592,1.3
"4+","children_i >   0.5 & expedited_i <=   0.5 & medical_deductions >  12.5 & total_deductions_by_hh_size <= 219.0","ranger",72,0.91667,0.84685,43,33,0.7674,0.0074,0.011,0.778,0.2038,0.9592,1.3
"4+","count_divisible_by_100 >=   1.000 & rawben_rel_max >=   0.921 & shelter_expenses_by_hh_size < 504.000 & utilities >= 496.000","xgboost",72,0.91667,0.84685,50,45,0.9,0.0101,0.0065,0.905,0.2038,0.9592,1.3
"4+","HH_size_n >  5.500 & months_since_cert_n <=  2.500 & rawben_rel_max >  0.974 & shelter_expenses_by_hh_size <= 73.100","ranger",80,0.9125,0.84614,31,30,0.9677,0.0068,9e-04,0.561,0.2038,0.9592,1.3
"4+","cat_elig <= 0.500 & count_divisible_by_100 <= 0.500 & rawben_rel_max <= 0.349 & unc_rawben_rel_max <= 1.000","ranger",80,0.9125,0.84614,17,17,1,0.0038,0,0.308,0.2038,0.9592,1.3
"4+","rawben_rel_max >=   0.909 & total_deductions_by_hh_size >= 120.000 & utilities <  25.000","xgboost",63,0.92063,0.84579,35,25,0.7143,0.0056,0.0111,0.633,0.2038,0.9592,1.3
"4+","children_i > 0.500 & percent_abawd > 0.127 & rawben_rel_max > 0.976 & unc_rawben_rel_max <= 1.390","ranger",112,0.90179,0.84562,66,58,0.8788,0.0131,0.0071,1.194,0.2038,0.9592,1.3
"4+","count_divisible_by_100 <   1.000 & months_since_cert_n <   7.000 & rawben_rel_max >=   0.365 & utilities >= 923.000","xgboost",112,0.90179,0.84562,113,98,0.8673,0.0221,0.0156,2.045,0.2038,0.9592,1.3
"4+","elderly_disabled_i >=   1.0 & months_since_cert_n <   3.0 & total_deductions_by_hh_size <  69.2 & utilities >= 475.0","xgboost",96,0.90625,0.84558,35,34,0.9714,0.0077,5e-04,0.633,0.2038,0.9592,1.3
"4+","expedited_i >= 1.000 & married >= 1.000 & rawben_rel_max >= 0.877 & unc_rawben_rel_max >= 1.050","xgboost",104,0.90385,0.84555,49,46,0.9388,0.0104,0.0025,0.887,0.2038,0.9592,1.3
"4+","months_since_cert_n <  1.000 & rawben_rel_max >=  0.943 & utilities < 28.000","xgboost",104,0.90385,0.84555,60,53,0.8833,0.0119,0.0057,1.086,0.2038,0.9592,1.3
"4+","HH_size_n <=  4.500 & percent_abawd >  0.125 & utilities <= 33.500","ranger",36,0.94444,0.8453,34,26,0.7647,0.0059,0.0081,0.615,0.2038,0.9592,1.3
"4+","HH_size_n > 5.500 & married > 0.500 & rawben_rel_max <= 0.160 & unc_rawben_rel_max <= 0.981","ranger",36,0.94444,0.8453,19,16,0.8421,0.0036,0.0034,0.344,0.2038,0.9592,1.3
"4+","cat_elig <=   0.5 & expedited_i >   0.5 & total_deductions_by_hh_size > 117.0 & utilities <= 416.0","ranger",36,0.94444,0.8453,16,15,0.9375,0.0034,4e-04,0.289,0.2038,0.9592,1.3
"4+","cat_elig >  0.5 & HH_size_n <=  5.5 & married <=  0.5 & medical_deductions > 56.0","ranger",36,0.94444,0.8453,20,15,0.75,0.0034,0.0065,0.362,0.2038,0.9592,1.3
"4+","count_divisible_by_100 <= 1.5 & expedited_i > 0.5 & months_since_cert_n > 9.5 & unc_rawben_rel_max > 1.0","ranger",36,0.94444,0.8453,21,20,0.9524,0.0045,3e-04,0.38,0.2038,0.9592,1.3
"4+","count_divisible_by_100 >=   1 & months_since_cert_n >=   8 & utilities < 283","xgboost",36,0.94444,0.8453,16,12,0.75,0.0027,0.0037,0.289,0.2038,0.9592,1.3
"4+","elderly_disabled_i <=   0.500 & shelter_expenses_by_hh_size > 167.000 & unc_rawben_rel_max >   0.993 & utilities <=  28.000","ranger",36,0.94444,0.8453,22,18,0.8182,0.0041,0.0031,0.398,0.2038,0.9592,1.3
"4+","homeless >   0.500 & rawben_rel_max >   0.119 & rawben_rel_max <=   0.958 & utilities <= 402.000","ranger",36,0.94444,0.8453,18,16,0.8889,0.0036,0.001,0.326,0.2038,0.9592,1.3
"4+","homeless > 0.500 & months_since_cert_n > 0.500 & months_since_cert_n <= 5.500 & unc_rawben_rel_max <= 0.986","ranger",36,0.94444,0.8453,14,13,0.9286,0.0029,6e-04,0.253,0.2038,0.9592,1.3
"4+","rawben_rel_max <   0.304 & shelter_expenses_by_hh_size < 156.000 & total_deductions_by_hh_size <  95.300","xgboost",36,0.94444,0.8453,16,13,0.8125,0.0029,0.0021,0.289,0.2038,0.9592,1.3
"4+","total_deductions_by_hh_size >=   94.6 & total_deductions_by_hh_size <  200.0 & utilities >= 1020.0","xgboost",36,0.94444,0.8453,81,63,0.7778,0.0142,0.0163,1.466,0.2038,0.9592,1.3
"4+","children_i >   0.500 & medical_deductions > 136.000 & rawben_rel_max <=   0.997","ranger",54,0.92593,0.84489,29,19,0.6552,0.0043,0.007,0.525,0.2038,0.9592,1.3
"4+","expedited_i <=   0.5 & medical_deductions > 137.0 & utilities >  36.0","ranger",54,0.92593,0.84489,29,18,0.6207,0.0041,0.0096,0.525,0.2038,0.9592,1.3
"4+","medical_deductions > 136.000 & unc_rawben_rel_max <=   0.962","ranger",54,0.92593,0.84489,30,19,0.6333,0.0043,0.0096,0.543,0.2038,0.9592,1.3
"4+","HH_size_n <=   5.5 & medical_deductions >  23.5 & shelter_expenses_by_hh_size <= 161.0","ranger",26,0.96154,0.84469,15,12,0.8,0.0027,0.0059,0.271,0.2038,0.9592,1.3
"4+","cat_elig <= 0.50 & children_i > 0.50 & count_divisible_by_100 > 0.50 & total_deductions_by_hh_size <= 9.95","ranger",26,0.96154,0.84469,12,10,0.8333,0.0023,0.0015,0.217,0.2038,0.9592,1.3
"4+","cat_elig <= 1.5 & homeless > 0.5 & shelter_expenses_by_hh_size <= 6.1","ranger",26,0.96154,0.84469,25,24,0.96,0.0054,9e-04,0.452,0.2038,0.9592,1.3
"4+","elderly_disabled_i >   0.500 & months_since_cert_n <=  10.500 & percent_abawd >   0.133 & shelter_expenses_by_hh_size <= 180.000","ranger",26,0.96154,0.84469,16,11,0.6875,0.0025,0.007,0.289,0.2038,0.9592,1.3
"4+","expedited_i <=   0.500 & homeless >   0.500 & medical_deductions <= 137.000 & rawben_rel_max <=   0.748","ranger",26,0.96154,0.84469,9,8,0.8889,0.0018,4e-04,0.163,0.2038,0.9592,1.3
"4+","married <=   0.5 & medical_deductions > 136.0 & shelter_expenses_by_hh_size > 109.0","ranger",26,0.96154,0.84469,14,10,0.7143,0.0023,0.0028,0.253,0.2038,0.9592,1.3
"4+","total_deductions_by_hh_size > 3.580 & total_deductions_by_hh_size <= 8.780 & unc_rawben_rel_max <= 0.716","ranger",26,0.96154,0.84469,10,10,1,0.0023,0,0.181,0.2038,0.9592,1.3
"4+","cat_elig >  1.5 & expedited_i >  0.5 & percent_abawd <=  0.9 & utilities <= 30.5","ranger",111,0.9009,0.84429,11,11,1,0.0025,0,0.199,0.2038,0.9592,1.3
"4+","count_divisible_by_100 <=  1.500 & shelter_expenses_by_hh_size >  0.625 & total_deductions_by_hh_size <= 11.000 & utilities <= 30.500","ranger",95,0.90526,0.84403,36,30,0.8333,0.0068,0.0028,0.651,0.2038,0.9592,1.3
"4+","rawben_rel_max > 0.977 & rawben_rel_max <= 0.986","ranger",95,0.90526,0.84403,43,36,0.8372,0.0081,0.0069,0.778,0.2038,0.9592,1.3
"4+","medical_deductions > 136.000 & percent_abawd <=   0.268","ranger",62,0.91935,0.84344,30,20,0.6667,0.0045,0.007,0.543,0.2038,0.9592,1.3
"4+","expedited_i >=   1.00 & shelter_expenses_by_hh_size >= 221.00 & unc_rawben_rel_max >=   1.21 & utilities < 912.00","xgboost",70,0.91429,0.8427,36,31,0.8611,0.007,0.0059,0.651,0.2038,0.9592,1.3
"4+","married <   1.00 & shelter_expenses_by_hh_size >= 169.00 & shelter_expenses_by_hh_size < 222.00 & unc_rawben_rel_max >=   1.21","xgboost",102,0.90196,0.84265,51,41,0.8039,0.0092,0.0112,0.923,0.2038,0.9592,1.3
"4+","married >   0.500 & shelter_expenses_by_hh_size > 369.000 & total_deductions_by_hh_size <= 316.000 & unc_rawben_rel_max >   0.942","ranger",102,0.90196,0.84265,45,38,0.8444,0.0086,0.005,0.814,0.2038,0.9592,1.3
"4+","count_divisible_by_100 >=   1.000 & shelter_expenses_by_hh_size >= 108.000 & unc_rawben_rel_max >=   0.998 & unc_rawben_rel_max <   1.160","xgboost",78,0.91026,0.84239,53,48,0.9057,0.0108,0.006,0.959,0.2038,0.9592,1.3
"4+","children_i >   0.500 & medical_deductions > 137.000 & rawben_rel_max <=   0.998","ranger",53,0.92453,0.84214,29,19,0.6552,0.0043,0.007,0.525,0.2038,0.9592,1.3
"4+","expedited_i <=   0.5 & HH_size_n <=   6.5 & medical_deductions > 137.0","ranger",53,0.92453,0.84214,28,17,0.6071,0.0038,0.0096,0.507,0.2038,0.9592,1.3
"4+","medical_deductions > 137.000 & rawben_rel_max <=   0.974","ranger",53,0.92453,0.84214,30,19,0.6333,0.0043,0.0096,0.543,0.2038,0.9592,1.3
"4+","months_since_cert_n <   4.0 & shelter_expenses_by_hh_size >= 154.0 & total_deductions_by_hh_size <   5.2","xgboost",53,0.92453,0.84214,25,24,0.96,0.0054,5e-04,0.452,0.2038,0.9592,1.3
"4+","rawben_rel_max >=   0.997 & utilities >= 287.000 & utilities < 325.000","xgboost",53,0.92453,0.84214,30,26,0.8667,0.0059,0.0036,0.543,0.2038,0.9592,1.3
"4+","expedited_i <= 0.500 & homeless > 0.500 & months_since_cert_n <= 5.500 & rawben_rel_max <= 0.977","ranger",35,0.94286,0.84124,14,13,0.9286,0.0029,6e-04,0.253,0.2038,0.9592,1.3
"4+","homeless > 0.500 & months_since_cert_n > 0.500 & months_since_cert_n <= 5.500 & rawben_rel_max <= 0.975","ranger",35,0.94286,0.84124,13,13,1,0.0029,0,0.235,0.2038,0.9592,1.3
"4+","medical_deductions >   7.500 & shelter_expenses_by_hh_size <= 176.000 & unc_rawben_rel_max <=   0.933","ranger",35,0.94286,0.84124,28,22,0.7857,0.005,0.0102,0.507,0.2038,0.9592,1.3
"4+","months_since_cert_n <   4 & shelter_expenses_by_hh_size >= 200 & shelter_expenses_by_hh_size < 256 & utilities >= 875","xgboost",35,0.94286,0.84124,18,17,0.9444,0.0038,4e-04,0.326,0.2038,0.9592,1.3
"4+","HH_size_n >=  6.00 & shelter_expenses_by_hh_size < 83.00 & unc_rawben_rel_max >=  1.13","xgboost",44,0.93182,0.84117,17,17,1,0.0038,0,0.308,0.2038,0.9592,1.3
"4+","cat_elig >   0.500 & medical_deductions > 136.000 & rawben_rel_max <=   0.988 & unc_rawben_rel_max <=   0.999","ranger",44,0.93182,0.84117,23,15,0.6522,0.0034,0.0072,0.416,0.2038,0.9592,1.3
"4+","elderly_disabled_i <=   0.5000 & percent_abawd >   0.0714 & shelter_expenses_by_hh_size <= 166.0000 & total_deductions_by_hh_size <=  10.2000","ranger",44,0.93182,0.84117,35,28,0.8,0.0063,0.0086,0.633,0.2038,0.9592,1.3
"4+","months_since_cert_n >=  4.00 & unc_rawben_rel_max >=  1.07 & utilities < 41.00","xgboost",44,0.93182,0.84117,21,17,0.8095,0.0038,0.0035,0.38,0.2038,0.9592,1.3
"4+","HH_size_n <   8 & shelter_expenses_by_hh_size >= 360 & total_deductions_by_hh_size < 167 & utilities >= 559","xgboost",101,0.90099,0.84116,102,80,0.7843,0.018,0.0209,1.845,0.2038,0.9592,1.3
"4+","HH_size_n <   5.000 & rawben_rel_max <   0.322 & shelter_expenses_by_hh_size < 125.000 & unc_rawben_rel_max <   1.060","xgboost",61,0.91803,0.84102,18,15,0.8333,0.0034,0.0063,0.326,0.2038,0.9592,1.3
"4+","elderly_disabled_i <=  0.5 & expedited_i <=  0.5 & utilities > 18.5 & utilities <= 30.5","ranger",61,0.91803,0.84102,36,30,0.8333,0.0068,0.0043,0.651,0.2038,0.9592,1.3
"4+","percent_abawd >   0.05 & total_deductions_by_hh_size <= 210.00 & unc_rawben_rel_max >   1.03","ranger",85,0.90588,0.84056,52,45,0.8654,0.0101,0.0061,0.941,0.2038,0.9592,1.3
"4+","months_since_cert_n >   3.500 & rawben_rel_max <=   0.137 & unc_rawben_rel_max <=   0.976 & utilities <= 880.000","ranger",100,0.9,0.83964,45,35,0.7778,0.0079,0.019,0.814,0.2038,0.9592,1.3
"4+","count_divisible_by_100 >   0.5 & months_since_cert_n <=   1.5 & shelter_expenses_by_hh_size <= 511.0 & unc_rawben_rel_max >   1.0","ranger",52,0.92308,0.8393,39,34,0.8718,0.0077,0.0071,0.706,0.2038,0.9592,1.3
"4+","medical_deductions > 136 & shelter_expenses_by_hh_size > 109","ranger",52,0.92308,0.8393,26,16,0.6154,0.0036,0.008,0.47,0.2038,0.9592,1.3
"4+","rawben_rel_max >=   0.996 & shelter_expenses_by_hh_size >= 193.000 & shelter_expenses_by_hh_size < 257.000 & utilities < 377.000","xgboost",92,0.90217,0.83917,41,35,0.8537,0.0079,0.0053,0.742,0.2038,0.9592,1.3
"4+","elderly_disabled_i >   0.5 & expedited_i >   0.5 & total_deductions_by_hh_size > 154.0","ranger",25,0.96,0.83912,24,18,0.75,0.0041,0.0064,0.434,0.2038,0.9592,1.3
"4+","rawben_rel_max <=   0.998 & total_deductions_by_hh_size <= 205.000 & unc_rawben_rel_max >   0.198 & unc_rawben_rel_max <=   0.207","ranger",25,0.96,0.83912,12,8,0.6667,0.0018,0.0026,0.217,0.2038,0.9592,1.3
"4+","cat_elig >=   2.000 & count_divisible_by_100 >=   1.000 & total_deductions_by_hh_size < 168.000 & unc_rawben_rel_max >=   0.998","xgboost",84,0.90476,0.83876,11,8,0.7273,0.0018,0.0047,0.199,0.2038,0.9592,1.3
"4+","HH_size_n >=   5.000 & months_since_cert_n >=   9.000 & rawben_rel_max >=   0.963 & utilities >= 495.000","xgboost",60,0.91667,0.83852,33,30,0.9091,0.0068,0.0045,0.597,0.2038,0.9592,1.3
"4+","children_i >  0.5 & HH_size_n <=  5.5 & medical_deductions > 12.5 & months_since_cert_n <= 16.0","ranger",76,0.90789,0.83845,38,26,0.6842,0.0059,0.0116,0.688,0.2038,0.9592,1.3
"4+","percent_abawd >=   0.182 & total_deductions_by_hh_size < 296.000 & unc_rawben_rel_max >=   0.982 & unc_rawben_rel_max <   1.160","xgboost",76,0.90789,0.83845,40,37,0.925,0.0083,0.0023,0.724,0.2038,0.9592,1.3
"4+","rawben_rel_max <   0.109 & utilities < 473.000","xgboost",76,0.90789,0.83845,29,23,0.7931,0.0052,0.0096,0.525,0.2038,0.9592,1.3
"4+","count_divisible_by_100 <=   1.50 & unc_rawben_rel_max >   1.09 & utilities >   9.00 & utilities <= 286.00","ranger",68,0.91176,0.83832,27,23,0.8519,0.0052,0.0071,0.489,0.2038,0.9592,1.3
"4+","expedited_i >=   1 & months_since_cert_n <   1 & total_deductions_by_hh_size < 179","xgboost",68,0.91176,0.83832,33,28,0.8485,0.0063,0.0028,0.597,0.2038,0.9592,1.3
"4+","months_since_cert_n <   4.00 & shelter_expenses_by_hh_size < 296.00 & unc_rawben_rel_max >=   1.27","xgboost",68,0.91176,0.83832,4,4,1,9e-04,0,0.072,0.2038,0.9592,1.3
"4+","medical_deductions >   6.500 & rawben_rel_max <=   0.999 & shelter_expenses_by_hh_size <= 193.000","ranger",43,0.93023,0.83774,32,26,0.8125,0.0059,0.0102,0.579,0.2038,0.9592,1.3
"4+","medical_deductions > 136.000 & rawben_rel_max <=   0.998 & utilities > 358.000","ranger",43,0.93023,0.83774,23,15,0.6522,0.0034,0.0068,0.416,0.2038,0.9592,1.3
"4+","cat_elig <= 0.500 & homeless <= 0.500 & rawben_rel_max <= 0.998 & unc_rawben_rel_max <= 0.353","ranger",91,0.9011,0.83748,20,19,0.95,0.0043,2e-04,0.362,0.2038,0.9592,1.3
"4+","expedited_i > 0.500 & rawben_rel_max > 0.989 & unc_rawben_rel_max > 1.240","ranger",91,0.9011,0.83748,42,36,0.8571,0.0081,0.0069,0.76,0.2038,0.9592,1.3
"4+","cat_elig <=  1.500 & expedited_i >  0.500 & total_deductions_by_hh_size <= 12.800 & unc_rawben_rel_max <=  0.998","ranger",34,0.94118,0.83696,24,19,0.7917,0.0043,0.0068,0.434,0.2038,0.9592,1.3
"4+","elderly_disabled_i <=   0.500 & total_deductions_by_hh_size >  11.000 & unc_rawben_rel_max >   0.974 & utilities > 934.000","ranger",34,0.94118,0.83696,30,27,0.9,0.0061,0.0032,0.543,0.2038,0.9592,1.3
"4+","medical_deductions >  23.5 & shelter_expenses_by_hh_size <= 160.0","ranger",34,0.94118,0.83696,24,19,0.7917,0.0043,0.0094,0.434,0.2038,0.9592,1.3
"4+","medical_deductions > 136.0 & months_since_cert_n <=  31.5 & shelter_expenses_by_hh_size <= 391.0","ranger",51,0.92157,0.83635,27,18,0.6667,0.0041,0.0085,0.489,0.2038,0.9592,1.2
"4+","medical_deductions > 136.0 & months_since_cert_n >   0.5 & shelter_expenses_by_hh_size >  66.2","ranger",51,0.92157,0.83635,27,17,0.6296,0.0038,0.008,0.489,0.2038,0.9592,1.2
"4+","medical_deductions > 136.000 & rawben_rel_max <=   0.974 & utilities >  30.500","ranger",51,0.92157,0.83635,29,18,0.6207,0.0041,0.0096,0.525,0.2038,0.9592,1.2
"4+","months_since_cert_n >=  19 & total_deductions_by_hh_size >= 100 & total_deductions_by_hh_size < 208","xgboost",51,0.92157,0.83635,14,9,0.6429,0.002,0.0026,0.253,0.2038,0.9592,1.2
"4+","cat_elig <=   0.50 & HH_size_n >   5.50 & shelter_expenses_by_hh_size <= 239.00 & total_deductions_by_hh_size <=   9.78","ranger",67,0.91045,0.83604,25,24,0.96,0.0054,9e-04,0.452,0.2038,0.9592,1.2
"4+","unc_rawben_rel_max >=   1.03 & unc_rawben_rel_max <   1.10 & utilities >= 580.00 & utilities < 844.00","xgboost",67,0.91045,0.83604,27,26,0.963,0.0059,8e-04,0.489,0.2038,0.9592,1.2
"4+","medical_deductions > 136.0 & shelter_expenses_by_hh_size >  59.9","ranger",59,0.91525,0.83595,29,18,0.6207,0.0041,0.0096,0.525,0.2038,0.9592,1.2
"4+","total_deductions_by_hh_size < 129.00 & unc_rawben_rel_max >=   1.18 & utilities >= 600.00","xgboost",59,0.91525,0.83595,33,30,0.9091,0.0068,0.0033,0.597,0.2038,0.9592,1.2
"4+","cat_elig <= 0.500 & rawben_rel_max <= 0.351","ranger",90,0.9,0.83576,18,18,1,0.0041,0,0.326,0.2038,0.9592,1.2
"4+","expedited_i > 0.500 & percent_abawd <= 0.279 & rawben_rel_max > 0.999 & unc_rawben_rel_max > 1.240","ranger",90,0.9,0.83576,40,34,0.85,0.0077,0.0069,0.724,0.2038,0.9592,1.2
"4+","cat_elig <  1.000 & total_deductions_by_hh_size < 80.500 & unc_rawben_rel_max >=  0.957 & unc_rawben_rel_max <  1.050","xgboost",82,0.90244,0.83501,47,40,0.8511,0.009,0.0078,0.85,0.2038,0.9592,1.2
"4+","cat_elig < 1.000 & expedited_i >= 1.000 & months_since_cert_n < 4.000 & rawben_rel_max >= 0.949","xgboost",82,0.90244,0.83501,50,48,0.96,0.0108,0.0015,0.905,0.2038,0.9592,1.2
"4+","percent_abawd >  0.191 & utilities <= 84.000","ranger",82,0.90244,0.83501,62,47,0.7581,0.0106,0.0155,1.122,0.2038,0.9592,1.2
"4+","cat_elig <=   0.5 & total_deductions_by_hh_size > 217.0 & utilities > 476.0","ranger",74,0.90541,0.83431,12,11,0.9167,0.0025,8e-04,0.217,0.2038,0.9592,1.2
"4+","expedited_i <=   0.5 & medical_deductions >  12.5 & total_deductions_by_hh_size <= 219.0","ranger",74,0.90541,0.83431,46,35,0.7609,0.0079,0.0136,0.832,0.2038,0.9592,1.2
"4+","HH_size_n >=  5.000 & months_since_cert_n >= 11.000 & unc_rawben_rel_max >=  0.998 & unc_rawben_rel_max <  1.170","xgboost",42,0.92857,0.83416,31,29,0.9355,0.0065,0.0042,0.561,0.2038,0.9592,1.2
"4+","cat_elig >   2.5 & utilities <= 140.0","ranger",42,0.92857,0.83416,0,0,NA,0,0,0,0.2038,0.9592,1.2
"4+","cat_elig >=   2 & months_since_cert_n <   2 & utilities >=  32 & utilities < 200","xgboost",42,0.92857,0.83416,1,1,1,2e-04,0,0.018,0.2038,0.9592,1.2
"4+","expedited_i >   0.5 & HH_size_n >   5.5 & months_since_cert_n <=   5.5 & utilities > 456.0","ranger",42,0.92857,0.83416,12,10,0.8333,0.0023,0.0036,0.217,0.2038,0.9592,1.2
"4+","medical_deductions > 136.00 & percent_abawd <=   0.25 & shelter_expenses_by_hh_size > 160.00","ranger",42,0.92857,0.83416,20,11,0.55,0.0025,0.0053,0.362,0.2038,0.9592,1.2
"4+","medical_deductions > 137.000 & total_deductions_by_hh_size <= 233.000 & unc_rawben_rel_max <=   0.976","ranger",42,0.92857,0.83416,25,17,0.68,0.0038,0.0085,0.452,0.2038,0.9592,1.2
"4+","cat_elig <= 1.500 & rawben_rel_max > 0.977 & rawben_rel_max <= 0.987","ranger",66,0.90909,0.83369,41,35,0.8537,0.0079,0.0065,0.742,0.2038,0.9592,1.2
"4+","HH_size_n <=  4.500 & medical_deductions > 12.500 & rawben_rel_max <=  0.966","ranger",50,0.92,0.83329,30,24,0.8,0.0054,0.0036,0.543,0.2038,0.9592,1.2
"4+","cat_elig <   1 & elderly_disabled_i >=   1 & shelter_expenses_by_hh_size < 228 & utilities >= 447","xgboost",50,0.92,0.83329,18,14,0.7778,0.0032,0.0018,0.326,0.2038,0.9592,1.2
"4+","cat_elig <= 1.500 & elderly_disabled_i <= 0.500 & rawben_rel_max > 0.977 & rawben_rel_max <= 0.987","ranger",58,0.91379,0.83329,34,30,0.8824,0.0068,0.0047,0.615,0.2038,0.9592,1.2
"4+","children_i >   0.5 & medical_deductions > 136.0 & unc_rawben_rel_max <=   1.0 & utilities >  55.5","ranger",50,0.92,0.83329,27,17,0.6296,0.0038,0.007,0.489,0.2038,0.9592,1.2
"4+","count_divisible_by_100 <=   0.5 & HH_size_n <=   4.5 & medical_deductions > 112.0","ranger",50,0.92,0.83329,27,20,0.7407,0.0045,0.0048,0.489,0.2038,0.9592,1.2
"4+","elderly_disabled_i <   1.000 & rawben_rel_max <   0.109 & utilities < 478.000","xgboost",58,0.91379,0.83329,24,20,0.8333,0.0045,0.0084,0.434,0.2038,0.9592,1.2
"4+","married >=   1.000 & rawben_rel_max <   0.353 & shelter_expenses_by_hh_size < 167.000 & utilities >= 425.000","xgboost",58,0.91379,0.83329,22,19,0.8636,0.0043,0.0017,0.398,0.2038,0.9592,1.2
"4+","rawben_rel_max <=   0.940 & shelter_expenses_by_hh_size <= 160.000 & unc_rawben_rel_max >   0.578 & unc_rawben_rel_max <=   0.589","ranger",50,0.92,0.83329,15,12,0.8,0.0027,0.002,0.271,0.2038,0.9592,1.2
"4+","shelter_expenses_by_hh_size >= 144 & total_deductions_by_hh_size >= 119 & total_deductions_by_hh_size < 151 & utilities <  36","xgboost",58,0.91379,0.83329,33,23,0.697,0.0052,0.0116,0.597,0.2038,0.9592,1.2
"4+","HH_size_n <=   4.500 & medical_deductions > 136.000 & unc_rawben_rel_max <=   0.998","ranger",33,0.93939,0.83245,17,11,0.6471,0.0025,0.0036,0.308,0.2038,0.9592,1.2
"4+","HH_size_n <=  4.500 & medical_deductions > 12.500 & rawben_rel_max <=  0.966 & total_deductions_by_hh_size > 68.000","ranger",33,0.93939,0.83245,19,14,0.7368,0.0032,0.0019,0.344,0.2038,0.9592,1.2
"4+","cat_elig >  2.50 & months_since_cert_n <= 29.50 & shelter_expenses_by_hh_size <=  8.45","ranger",33,0.93939,0.83245,0,0,NA,0,0,0,0.2038,0.9592,1.2
"4+","cat_elig >   1.500 & expedited_i >   0.500 & shelter_expenses_by_hh_size > 176.000 & unc_rawben_rel_max >   0.962","ranger",73,0.90411,0.83215,5,3,0.6,7e-04,0.0013,0.09,0.2038,0.9592,1.2
"4+","married <=   0.5000 & percent_abawd >   0.0714 & rawben_rel_max >   0.9980 & total_deductions_by_hh_size <= 188.0000","ranger",73,0.90411,0.83215,39,35,0.8974,0.0079,0.0037,0.706,0.2038,0.9592,1.2
"4+","cat_elig <=   0.5 & shelter_expenses_by_hh_size > 153.0 & shelter_expenses_by_hh_size <= 164.0","ranger",65,0.90769,0.83128,32,28,0.875,0.0063,0.0032,0.579,0.2038,0.9592,1.2
"4+","children_i >   0.500 & medical_deductions > 112.000 & unc_rawben_rel_max <=   0.954","ranger",80,0.9,0.83109,46,33,0.7174,0.0074,0.0121,0.832,0.2038,0.9592,1.2
"4+","cat_elig <  1 & married <  1 & months_since_cert_n >= 10 & months_since_cert_n < 12","xgboost",57,0.91228,0.83054,40,31,0.775,0.007,0.0044,0.724,0.2038,0.9592,1.2
"4+","cat_elig <  1 & married >=  1 & months_since_cert_n <  4 & total_deductions_by_hh_size < 61","xgboost",57,0.91228,0.83054,34,31,0.9118,0.007,0.0031,0.615,0.2038,0.9592,1.2
"4+","medical_deductions > 132.0 & medical_deductions <= 170.0 & shelter_expenses_by_hh_size > 109.0 & total_deductions_by_hh_size >  19.9","ranger",57,0.91228,0.83054,23,15,0.6522,0.0034,0.0074,0.416,0.2038,0.9592,1.2
"4+","unc_rawben_rel_max >=   1.22 & unc_rawben_rel_max <   1.27 & utilities >= 688.00","xgboost",57,0.91228,0.83054,57,51,0.8947,0.0115,0.0048,1.031,0.2038,0.9592,1.2
"4+","elderly_disabled_i >  0.5 & HH_size_n >  5.5 & shelter_expenses_by_hh_size <= 50.1","ranger",41,0.92683,0.83042,15,10,0.6667,0.0023,0.0067,0.271,0.2038,0.9592,1.2
"4+","expedited_i <=   0.500 & medical_deductions > 137.000 & unc_rawben_rel_max >   0.409","ranger",41,0.92683,0.83042,23,15,0.6522,0.0034,0.0064,0.416,0.2038,0.9592,1.2
"4+","homeless > 0.500 & months_since_cert_n <= 5.500 & rawben_rel_max <= 0.975","ranger",41,0.92683,0.83042,16,16,1,0.0036,0,0.289,0.2038,0.9592,1.2
"4+","medical_deductions > 137.0 & months_since_cert_n <=   6.5 & shelter_expenses_by_hh_size >  59.9 & utilities >  30.5","ranger",41,0.92683,0.83042,19,13,0.6842,0.0029,0.0048,0.344,0.2038,0.9592,1.2
"4+","months_since_cert_n <   2 & shelter_expenses_by_hh_size < 186 & utilities >= 580 & utilities < 676","xgboost",41,0.92683,0.83042,16,13,0.8125,0.0029,0.0037,0.289,0.2038,0.9592,1.2
"4+","rawben_rel_max >   0.983 & rawben_rel_max <=   0.987 & total_deductions_by_hh_size <= 198.000","ranger",41,0.92683,0.83042,12,9,0.75,0.002,0.0025,0.217,0.2038,0.9592,1.2
"4+","cat_elig <   1.000 & elderly_disabled_i <   1.000 & shelter_expenses_by_hh_size >= 310.000 & unc_rawben_rel_max >=   0.929","xgboost",49,0.91837,0.83012,25,22,0.88,0.005,0.002,0.452,0.2038,0.9592,1.2
"4+","cat_elig <=  1.5 & count_divisible_by_100 <=  0.5 & medical_deductions > 12.5 & months_since_cert_n >  0.5","ranger",49,0.91837,0.83012,50,35,0.7,0.0079,0.0159,0.905,0.2038,0.9592,1.2
"4+","expedited_i <=  0.5000 & percent_abawd >  0.0714 & utilities <= 29.5000","ranger",49,0.91837,0.83012,40,28,0.7,0.0063,0.014,0.724,0.2038,0.9592,1.2
"4+","HH_size_n <=  5.500 & medical_deductions > 12.500 & unc_rawben_rel_max <=  0.954","ranger",72,0.90278,0.82995,41,30,0.7317,0.0068,0.0104,0.742,0.2038,0.9592,1.2
"4+","children_i >  0.500 & medical_deductions > 23.500 & months_since_cert_n <=  6.500 & percent_abawd <=  0.633","ranger",72,0.90278,0.82995,33,26,0.7879,0.0059,0.0057,0.597,0.2038,0.9592,1.2
"4+","expedited_i <=  0.5 & utilities > 18.5 & utilities <= 30.5","ranger",72,0.90278,0.82995,40,34,0.85,0.0077,0.0043,0.724,0.2038,0.9592,1.2
"4+","medical_deductions > 132.000 & medical_deductions <= 319.000 & percent_abawd <=   0.250 & unc_rawben_rel_max <=   0.974","ranger",72,0.90278,0.82995,35,25,0.7143,0.0056,0.0076,0.633,0.2038,0.9592,1.2
"4+","rawben_rel_max >   0.998 & total_deductions_by_hh_size >  11.800 & unc_rawben_rel_max >   1.180 & utilities <= 286.000","ranger",72,0.90278,0.82995,32,24,0.75,0.0054,0.0111,0.579,0.2038,0.9592,1.2
"4+","cat_elig >  0.5 & HH_size_n <=  9.5 & utilities > 22.0 & utilities <= 30.5","ranger",64,0.90625,0.82879,45,39,0.8667,0.0088,0.0043,0.814,0.2038,0.9592,1.2
"4+","cat_elig <=  1.5 & count_divisible_by_100 <=  0.5 & medical_deductions > 12.5","ranger",56,0.91071,0.8277,53,38,0.717,0.0086,0.0159,0.959,0.2038,0.9592,1.2
"4+","cat_elig >   0.5 & medical_deductions >   8.5 & total_deductions_by_hh_size >  12.7 & utilities > 387.0","ranger",56,0.91071,0.8277,30,21,0.7,0.0047,0.0087,0.543,0.2038,0.9592,1.2
"4+","medical_deductions > 136.0 & months_since_cert_n >   0.5","ranger",56,0.91071,0.8277,30,19,0.6333,0.0043,0.0096,0.543,0.2038,0.9592,1.2
"4+","medical_deductions > 136.000 & rawben_rel_max <=   0.998","ranger",56,0.91071,0.8277,30,19,0.6333,0.0043,0.0096,0.543,0.2038,0.9592,1.2
"4+","medical_deductions > 137 & total_deductions_by_hh_size <= 338","ranger",56,0.91071,0.8277,28,18,0.6429,0.0041,0.0093,0.507,0.2038,0.9592,1.2
"4+","medical_deductions > 137.0 & shelter_expenses_by_hh_size >  59.9 & utilities >  30.5","ranger",56,0.91071,0.8277,29,18,0.6207,0.0041,0.0096,0.525,0.2038,0.9592,1.2
"4+","HH_size_n >  6.5000 & rawben_rel_max <=  0.6950 & shelter_expenses_by_hh_size > 56.2000 & total_deductions_by_hh_size <=  0.0111","ranger",32,0.9375,0.82768,11,10,0.9091,0.0023,3e-04,0.199,0.2038,0.9592,1.2
"4+","cat_elig <   1 & HH_size_n <   5 & months_since_cert_n <   2 & shelter_expenses_by_hh_size >= 247","xgboost",71,0.90141,0.82768,38,35,0.9211,0.0079,0.002,0.688,0.2038,0.9592,1.2
"4+","cat_elig <= 1.500 & homeless > 0.500 & rawben_rel_max <= 0.872","ranger",32,0.9375,0.82768,22,20,0.9091,0.0045,0.001,0.398,0.2038,0.9592,1.2
"4+","count_divisible_by_100 <=   1.5 & HH_size_n >   5.5 & shelter_expenses_by_hh_size > 160.0 & utilities <= 105.0","ranger",32,0.9375,0.82768,19,14,0.7368,0.0032,0.0031,0.344,0.2038,0.9592,1.2
"4+","elderly_disabled_i <= 0.500 & HH_size_n <= 5.500 & homeless > 0.500 & rawben_rel_max <= 0.944","ranger",32,0.9375,0.82768,17,16,0.9412,0.0036,4e-04,0.308,0.2038,0.9592,1.2
"4+","elderly_disabled_i <= 0.500 & expedited_i <= 0.500 & homeless > 0.500 & rawben_rel_max <= 0.932","ranger",32,0.9375,0.82768,15,13,0.8667,0.0029,0.001,0.271,0.2038,0.9592,1.2
"4+","elderly_disabled_i >   0.5 & HH_size_n <=   7.5 & medical_deductions >  23.5 & shelter_expenses_by_hh_size <= 178.0","ranger",32,0.9375,0.82768,26,20,0.7692,0.0045,0.0102,0.47,0.2038,0.9592,1.2
"4+","expedited_i <=   0.5 & medical_deductions > 136.0 & shelter_expenses_by_hh_size > 255.0","ranger",32,0.9375,0.82768,11,6,0.5455,0.0014,0.0022,0.199,0.2038,0.9592,1.2
"4+","rawben_rel_max >=   0.99 & utilities >= 361.00 & utilities < 370.00","xgboost",71,0.90141,0.82768,22,20,0.9091,0.0045,0.0011,0.398,0.2038,0.9592,1.2
"4+","cat_elig <   1.000 & expedited_i >=   1.000 & rawben_rel_max >=   0.641 & shelter_expenses_by_hh_size >= 189.000","xgboost",48,0.91667,0.82682,36,33,0.9167,0.0074,0.0012,0.651,0.2038,0.9592,1.2
"4+","expedited_i >  0.5 & HH_size_n <=  6.5 & married >  0.5 & shelter_expenses_by_hh_size <= 67.8","ranger",48,0.91667,0.82682,20,19,0.95,0.0043,0.0018,0.362,0.2038,0.9592,1.2
"4+","expedited_i >=   1 & months_since_cert_n <   5 & utilities >= 646 & utilities < 850","xgboost",48,0.91667,0.82682,12,11,0.9167,0.0025,6e-04,0.217,0.2038,0.9592,1.2
"4+","HH_size_n <=   5.500 & medical_deductions > 137.000 & rawben_rel_max <=   0.951","ranger",40,0.925,0.82651,23,14,0.6087,0.0032,0.0062,0.416,0.2038,0.9592,1.2
"4+","HH_size_n <=  4.5 & married <=  0.5 & utilities >  9.5 & utilities <= 30.5","ranger",40,0.925,0.82651,20,16,0.8,0.0036,0.0018,0.362,0.2038,0.9592,1.2
"4+","cat_elig <= 1.500 & months_since_cert_n <= 1.500 & percent_abawd > 0.050 & percent_abawd <= 0.388","ranger",40,0.925,0.82651,42,30,0.7143,0.0068,0.0124,0.76,0.2038,0.9592,1.2
"4+","cat_elig >   0.500 & medical_deductions > 136.000 & rawben_rel_max <=   0.974 & utilities >  30.500","ranger",40,0.925,0.82651,22,14,0.6364,0.0032,0.0072,0.398,0.2038,0.9592,1.2
"4+","expedited_i >   0.5 & married <=   0.5 & total_deductions_by_hh_size <= 233.0 & utilities > 692.0","ranger",40,0.925,0.82651,29,27,0.931,0.0061,8e-04,0.525,0.2038,0.9592,1.2
"4+","homeless <=   0.50 & percent_abawd >   0.10 & shelter_expenses_by_hh_size <=   8.57 & total_deductions_by_hh_size <= 169.00","ranger",40,0.925,0.82651,29,23,0.7931,0.0052,0.0077,0.525,0.2038,0.9592,1.2
"4+","homeless >=   1.000 & rawben_rel_max <   0.862 & utilities < 750.000","xgboost",40,0.925,0.82651,22,20,0.9091,0.0045,0.001,0.398,0.2038,0.9592,1.2
"4+","medical_deductions > 136","ranger",63,0.90476,0.82623,31,20,0.6452,0.0045,0.0096,0.561,0.2038,0.9592,1.2
"4+","shelter_expenses_by_hh_size > 180.000 & total_deductions_by_hh_size <=   0.154 & unc_rawben_rel_max <=   0.998","ranger",63,0.90476,0.82623,34,31,0.9118,0.007,0.0016,0.615,0.2038,0.9592,1.2
"4+","cat_elig <=   0.500 & HH_size_n <=   8.500 & rawben_rel_max >   0.997 & total_deductions_by_hh_size > 171.000","ranger",55,0.90909,0.82477,25,24,0.96,0.0054,0.0014,0.452,0.2038,0.9592,1.2
"4+","total_deductions_by_hh_size < 159.00 & unc_rawben_rel_max >=   1.22 & utilities < 340.00","xgboost",55,0.90909,0.82477,31,24,0.7742,0.0054,0.0092,0.561,0.2038,0.9592,1.2
"4+","cat_elig <  3.00 & rawben_rel_max >=  0.79 & shelter_expenses_by_hh_size >= 84.80 & shelter_expenses_by_hh_size < 90.00","xgboost",62,0.90323,0.82359,56,53,0.9464,0.0119,0.006,1.013,0.2038,0.9592,1.2
"4+","cat_elig <=   0.5 & elderly_disabled_i <=   0.5 & total_deductions_by_hh_size > 217.0 & utilities > 476.0","ranger",62,0.90323,0.82359,9,8,0.8889,0.0018,8e-04,0.163,0.2038,0.9592,1.2
"4+","cat_elig <=   0.500 & percent_abawd <=   0.225 & shelter_expenses_by_hh_size > 357.000 & total_deductions_by_hh_size > 234.000","ranger",62,0.90323,0.82359,26,25,0.9615,0.0056,8e-04,0.47,0.2038,0.9592,1.2
"4+","medical_deductions > 136.0 & months_since_cert_n <=  31.5","ranger",62,0.90323,0.82359,31,20,0.6452,0.0045,0.0096,0.561,0.2038,0.9592,1.2
"4+","months_since_cert_n <   9.000 & percent_abawd >=   0.222 & shelter_expenses_by_hh_size < 106.000","xgboost",62,0.90323,0.82359,36,28,0.7778,0.0063,0.0057,0.651,0.2038,0.9592,1.2
"4+","cat_elig <   2 & married <   1 & shelter_expenses_by_hh_size >= 406 & unc_rawben_rel_max >=   1","xgboost",47,0.91489,0.82339,68,57,0.8382,0.0128,0.0141,1.23,0.2038,0.9592,1.2
"4+","cat_elig <=   0.500 & unc_rawben_rel_max <=   0.377 & utilities <= 334.000","ranger",47,0.91489,0.82339,22,21,0.9545,0.0047,2e-04,0.398,0.2038,0.9592,1.2
"4+","expedited_i <=   0.500 & rawben_rel_max >   0.977 & rawben_rel_max <=   0.986 & utilities > 408.000","ranger",47,0.91489,0.82339,24,21,0.875,0.0047,0.0025,0.434,0.2038,0.9592,1.2
"4+","homeless >   0.500 & rawben_rel_max <=   0.998 & shelter_expenses_by_hh_size <= 168.000","ranger",47,0.91489,0.82339,21,19,0.9048,0.0043,0.0011,0.38,0.2038,0.9592,1.2
"4+","cat_elig <=   0.5 & elderly_disabled_i <=   0.5 & shelter_expenses_by_hh_size > 163.0 & utilities <=  55.5","ranger",31,0.93548,0.82263,11,8,0.7273,0.0018,0.0016,0.199,0.2038,0.9592,1.1
"4+","cat_elig <= 1.500 & homeless > 0.500 & months_since_cert_n <= 5.500 & unc_rawben_rel_max <= 0.998","ranger",31,0.93548,0.82263,16,15,0.9375,0.0034,6e-04,0.289,0.2038,0.9592,1.1
"4+","cat_elig >  2.5 & HH_size_n <=  5.5 & utilities <= 28.5","ranger",31,0.93548,0.82263,0,0,NA,0,0,0,0.2038,0.9592,1.1
"4+","children_i >   0.5 & expedited_i <=   0.5 & medical_deductions > 136.0 & shelter_expenses_by_hh_size > 255.0","ranger",31,0.93548,0.82263,11,6,0.5455,0.0014,0.0022,0.199,0.2038,0.9592,1.1
"4+","elderly_disabled_i <=   0.50 & months_since_cert_n <=   3.50 & total_deductions_by_hh_size > 208.00 & unc_rawben_rel_max >   1.01","ranger",31,0.93548,0.82263,9,6,0.6667,0.0014,0.0033,0.163,0.2038,0.9592,1.1
"4+","homeless >=   1.000 & rawben_rel_max <   0.777 & total_deductions_by_hh_size < 472.000","xgboost",31,0.93548,0.82263,16,14,0.875,0.0032,0.001,0.289,0.2038,0.9592,1.1
"4+","HH_size_n <=   4.5 & medical_deductions > 136.0","ranger",39,0.92308,0.82241,18,12,0.6667,0.0027,0.0036,0.326,0.2038,0.9592,1.1
"4+","HH_size_n <=   5.5 & medical_deductions > 137.0 & shelter_expenses_by_hh_size <= 391.0","ranger",39,0.92308,0.82241,20,13,0.65,0.0029,0.005,0.362,0.2038,0.9592,1.1
"4+","count_divisible_by_100 <=   0.500 & HH_size_n <=   5.500 & medical_deductions > 136.000 & rawben_rel_max <=   0.998","ranger",39,0.92308,0.82241,22,13,0.5909,0.0029,0.0062,0.398,0.2038,0.9592,1.1
"4+","elderly_disabled_i <= 0.50 & expedited_i <= 0.50 & total_deductions_by_hh_size > 5.62 & total_deductions_by_hh_size <= 9.88","ranger",39,0.92308,0.82241,30,25,0.8333,0.0056,0.0033,0.543,0.2038,0.9592,1.1
"4+","elderly_disabled_i >   0.5 & expedited_i <=   0.5 & medical_deductions > 136.0 & shelter_expenses_by_hh_size > 177.0","ranger",39,0.92308,0.82241,17,9,0.5294,0.002,0.0045,0.308,0.2038,0.9592,1.1
"4+","months_since_cert_n >=   9.0 & shelter_expenses_by_hh_size < 154.0 & total_deductions_by_hh_size >=  76.6 & utilities >= 534.0","xgboost",39,0.92308,0.82241,28,27,0.9643,0.0061,0.001,0.507,0.2038,0.9592,1.1
"4+","shelter_expenses_by_hh_size > 292.0 & shelter_expenses_by_hh_size <= 410.0 & utilities <=  27.5","ranger",39,0.92308,0.82241,20,15,0.75,0.0034,0.005,0.362,0.2038,0.9592,1.1
"4+","count_divisible_by_100 >=   1 & HH_size_n <   6 & shelter_expenses_by_hh_size < 166 & total_deductions_by_hh_size >= 116","xgboost",54,0.90741,0.82173,19,18,0.9474,0.0041,8e-04,0.344,0.2038,0.9592,1.1
"4+","HH_size_n <=   5.500 & medical_deductions > 112.000 & rawben_rel_max <=   0.937 & utilities >  27.500","ranger",61,0.90164,0.82088,33,23,0.697,0.0052,0.0074,0.597,0.2038,0.9592,1.1
"4+","shelter_expenses_by_hh_size < 286.0 & unc_rawben_rel_max >=   1.2 & utilities < 305.0","xgboost",61,0.90164,0.82088,24,17,0.7083,0.0038,0.0092,0.434,0.2038,0.9592,1.1
"4+","cat_elig <= 0.500 & HH_size_n > 6.500 & shelter_expenses_by_hh_size > 8.500 & unc_rawben_rel_max > 0.912","ranger",46,0.91304,0.81983,27,23,0.8519,0.0052,0.0033,0.489,0.2038,0.9592,1.1
"4+","homeless >  0.500 & percent_abawd <=  0.875 & shelter_expenses_by_hh_size <= 26.300","ranger",53,0.90566,0.81858,30,29,0.9667,0.0065,9e-04,0.543,0.2038,0.9592,1.1
"4+","medical_deductions >  12.500 & rawben_rel_max <=   0.999 & shelter_expenses_by_hh_size <= 260.000","ranger",53,0.90566,0.81858,38,29,0.7632,0.0065,0.0126,0.688,0.2038,0.9592,1.1
"4+","HH_size_n >   5.5000 & rawben_rel_max <=   0.1540 & shelter_expenses_by_hh_size > 160.0000 & unc_rawben_rel_max >   0.0534","ranger",38,0.92105,0.81811,15,13,0.8667,0.0029,0.0026,0.271,0.2038,0.9592,1.1
"4+","HH_size_n >=  7.000 & rawben_rel_max <  0.686 & total_deductions_by_hh_size < 11.800","xgboost",38,0.92105,0.81811,16,14,0.875,0.0032,0.0017,0.289,0.2038,0.9592,1.1
"4+","cat_elig >=  2.00 & shelter_expenses_by_hh_size <  7.25 & total_deductions_by_hh_size >= 76.60","xgboost",38,0.92105,0.81811,3,2,0.6667,5e-04,0.001,0.054,0.2038,0.9592,1.1
"4+","months_since_cert_n >   6.5000 & percent_abawd >   0.0833 & unc_rawben_rel_max >   0.9770 & utilities <= 884.0000","ranger",38,0.92105,0.81811,23,19,0.8261,0.0043,0.0033,0.416,0.2038,0.9592,1.1
"4+","percent_abawd >  0.155 & shelter_expenses_by_hh_size <= 73.500 & unc_rawben_rel_max <=  0.998","ranger",38,0.92105,0.81811,31,18,0.5806,0.0041,0.012,0.561,0.2038,0.9592,1.1
"4+","HH_size_n <=   7.500 & medical_deductions > 136.000 & percent_abawd <=   0.775","ranger",60,0.9,0.81807,31,20,0.6452,0.0045,0.0096,0.561,0.2038,0.9592,1.1
"4+","count_divisible_by_100 <=   0.5 & medical_deductions > 112.0 & medical_deductions <= 163.0","ranger",60,0.9,0.81807,32,23,0.7188,0.0052,0.0105,0.579,0.2038,0.9592,1.1
"4+","elderly_disabled_i <=  0.5 & utilities > 22.0 & utilities <= 30.5","ranger",60,0.9,0.81807,41,35,0.8537,0.0079,0.0043,0.742,0.2038,0.9592,1.1
"4+","elderly_disabled_i >   0.5 & medical_deductions > 136.0 & months_since_cert_n <=  17.5","ranger",60,0.9,0.81807,30,19,0.6333,0.0043,0.0096,0.543,0.2038,0.9592,1.1
"4+","cat_elig <=  0.500 & unc_rawben_rel_max >  0.931 & unc_rawben_rel_max <=  0.994 & utilities <= 14.000","ranger",30,0.93333,0.81727,19,16,0.8421,0.0036,0.0024,0.344,0.2038,0.9592,1.1
"4+","cat_elig >   1.500 & medical_deductions > 136.000 & unc_rawben_rel_max <=   0.962","ranger",30,0.93333,0.81727,0,0,NA,0,0,0,0.2038,0.9592,1.1
"4+","cat_elig >   2.5 & expedited_i <=   0.5 & HH_size_n <=   5.5 & utilities <= 332.0","ranger",30,0.93333,0.81727,0,0,NA,0,0,0,0.2038,0.9592,1.1
"4+","count_divisible_by_100 > 0.500 & expedited_i > 0.500 & percent_abawd <= 0.100 & unc_rawben_rel_max > 0.991","ranger",30,0.93333,0.81727,24,21,0.875,0.0047,0.002,0.434,0.2038,0.9592,1.1
"4+","medical_deductions > 136 & total_deductions_by_hh_size > 157","ranger",30,0.93333,0.81727,10,5,0.5,0.0011,0.0019,0.181,0.2038,0.9592,1.1
"4+","percent_abawd >  0.0714 & rawben_rel_max >  0.9990 & utilities <= 27.5000","ranger",30,0.93333,0.81727,18,17,0.9444,0.0038,7e-04,0.326,0.2038,0.9592,1.1
"4+","rawben_rel_max >  0.956 & shelter_expenses_by_hh_size > 40.100 & shelter_expenses_by_hh_size <= 51.200","ranger",30,0.93333,0.81727,10,10,1,0.0023,0,0.181,0.2038,0.9592,1.1
"4+","cat_elig >   0.5 & medical_deductions > 137.0 & total_deductions_by_hh_size <= 338.0","ranger",45,0.91111,0.81611,22,14,0.6364,0.0032,0.0072,0.398,0.2038,0.9592,1.1
"4+","cat_elig >   0.500 & medical_deductions > 136.000 & unc_rawben_rel_max <=   0.999","ranger",45,0.91111,0.81611,23,15,0.6522,0.0034,0.0072,0.416,0.2038,0.9592,1.1
"4+","married <   1.000 & months_since_cert_n <   1.000 & rawben_rel_max >=   0.966 & total_deductions_by_hh_size >= 158.000","xgboost",45,0.91111,0.81611,18,12,0.6667,0.0027,0.0082,0.326,0.2038,0.9592,1.1
"4+","medical_deductions > 137.0 & months_since_cert_n >   1.5 & months_since_cert_n <=  12.5","ranger",45,0.91111,0.81611,21,10,0.4762,0.0023,0.0096,0.38,0.2038,0.9592,1.1
"4+","shelter_expenses_by_hh_size < 38.8 & utilities >= 45.0 & utilities < 54.0","xgboost",45,0.91111,0.81611,24,21,0.875,0.0047,0.0014,0.434,0.2038,0.9592,1.1
"4+","count_divisible_by_100 >   0.50 & months_since_cert_n >   1.50 & total_deductions_by_hh_size > 172.00 & unc_rawben_rel_max >   0.88","ranger",52,0.90385,0.81533,36,27,0.75,0.0061,0.0069,0.651,0.2038,0.9592,1.1
"4+","expedited_i >=   1.000 & rawben_rel_max >=   0.186 & shelter_expenses_by_hh_size < 440.000 & utilities >= 750.000","xgboost",52,0.90385,0.81533,28,25,0.8929,0.0056,0.0017,0.507,0.2038,0.9592,1.1
"4+","medical_deductions >  12.500 & shelter_expenses_by_hh_size >  26.300 & shelter_expenses_by_hh_size <= 266.000 & unc_rawben_rel_max <=   0.977","ranger",52,0.90385,0.81533,36,28,0.7778,0.0063,0.0095,0.651,0.2038,0.9592,1.1
"4+","medical_deductions > 136.0 & unc_rawben_rel_max <=   1.0 & utilities >  55.5","ranger",52,0.90385,0.81533,28,17,0.6071,0.0038,0.0096,0.507,0.2038,0.9592,1.1
"4+","months_since_cert_n >=   7.000 & rawben_rel_max <   0.248 & shelter_expenses_by_hh_size < 253.000 & utilities < 789.000","xgboost",52,0.90385,0.81533,33,30,0.9091,0.0068,0.0078,0.597,0.2038,0.9592,1.1
"4+","cat_elig <= 0.500 & HH_size_n <= 5.500 & rawben_rel_max <= 0.999 & unc_rawben_rel_max > 0.977","ranger",37,0.91892,0.8136,22,17,0.7727,0.0038,0.0031,0.398,0.2038,0.9592,1.1
"4+","expedited_i > 0.5 & months_since_cert_n > 9.5 & unc_rawben_rel_max > 1.0","ranger",37,0.91892,0.8136,21,20,0.9524,0.0045,3e-04,0.38,0.2038,0.9592,1.1
"4+","homeless > 0.50 & months_since_cert_n > 0.50 & total_deductions_by_hh_size <= 8.98","ranger",37,0.91892,0.8136,30,28,0.9333,0.0063,0.0015,0.543,0.2038,0.9592,1.1
"4+","medical_deductions >   6.5 & shelter_expenses_by_hh_size <= 166.0","ranger",37,0.91892,0.8136,26,21,0.8077,0.0047,0.0094,0.47,0.2038,0.9592,1.1
"4+","months_since_cert_n >=   5.000 & rawben_rel_max <   0.481 & total_deductions_by_hh_size >= 105.000 & utilities <  31.000","xgboost",37,0.91892,0.8136,24,14,0.5833,0.0032,0.01,0.434,0.2038,0.9592,1.1
"4+","rawben_rel_max >=   0.887 & shelter_expenses_by_hh_size >= 450.000 & total_deductions_by_hh_size < 153.000","xgboost",37,0.91892,0.8136,9,8,0.8889,0.0018,7e-04,0.163,0.2038,0.9592,1.1
"4+","shelter_expenses_by_hh_size > 180.000 & total_deductions_by_hh_size <=   0.154 & unc_rawben_rel_max >   0.234 & unc_rawben_rel_max <=   0.998","ranger",37,0.91892,0.8136,27,24,0.8889,0.0054,0.0016,0.489,0.2038,0.9592,1.1
"4+","shelter_expenses_by_hh_size > 66.800 & total_deductions_by_hh_size <= 30.400 & unc_rawben_rel_max >  0.413 & utilities <= 30.500","ranger",37,0.91892,0.8136,16,12,0.75,0.0027,0.0018,0.289,0.2038,0.9592,1.1
"4+","HH_size_n >=   5.00 & months_since_cert_n <   3.00 & unc_rawben_rel_max >=   1.08 & utilities >= 676.00","xgboost",44,0.90909,0.81225,9,8,0.8889,0.0018,0.0015,0.163,0.2038,0.9592,1.1
"4+","cat_elig >   0.500 & homeless <=   0.500 & medical_deductions > 137.000 & unc_rawben_rel_max <=   0.999","ranger",44,0.90909,0.81225,23,15,0.6522,0.0034,0.0072,0.416,0.2038,0.9592,1.1
"4+","cat_elig >= 1 & HH_size_n >= 7 & months_since_cert_n < 3 & unc_rawben_rel_max >= 1","xgboost",44,0.90909,0.81225,11,10,0.9091,0.0023,0.0015,0.199,0.2038,0.9592,1.1
"4+","expedited_i >   0.5 & medical_deductions <=   0.5 & months_since_cert_n <=   0.5 & shelter_expenses_by_hh_size <= 169.0","ranger",44,0.90909,0.81225,24,19,0.7917,0.0043,0.0028,0.434,0.2038,0.9592,1.1
"4+","total_deductions_by_hh_size <  60 & utilities >= 703 & utilities < 783","xgboost",44,0.90909,0.81225,11,11,1,0.0025,0,0.199,0.2038,0.9592,1.1
"4+","cat_elig <=   0.500 & elderly_disabled_i <=   0.500 & total_deductions_by_hh_size > 177.000 & unc_rawben_rel_max >   0.926","ranger",51,0.90196,0.81195,21,19,0.9048,0.0043,0.0021,0.38,0.2038,0.9592,1.1
"4+","children_i >  0.5 & married <=  0.5 & medical_deductions > 12.5","ranger",51,0.90196,0.81195,29,22,0.7586,0.005,0.0086,0.525,0.2038,0.9592,1.1
"4+","count_divisible_by_100 >  0.500 & HH_size_n >  5.500 & months_since_cert_n <= 16.000 & unc_rawben_rel_max >  0.936","ranger",51,0.90196,0.81195,27,22,0.8148,0.005,0.0055,0.489,0.2038,0.9592,1.1
"4+","expedited_i <=   0.500 & unc_rawben_rel_max >   0.958 & utilities > 279.000 & utilities <= 311.000","ranger",51,0.90196,0.81195,32,28,0.875,0.0063,0.0036,0.579,0.2038,0.9592,1.1
"4+","homeless > 0.50 & shelter_expenses_by_hh_size <= 8.45","ranger",51,0.90196,0.81195,29,28,0.9655,0.0063,9e-04,0.525,0.2038,0.9592,1.1
"4+","married >=   1 & total_deductions_by_hh_size <   3 & utilities >= 426","xgboost",51,0.90196,0.81195,18,16,0.8889,0.0036,0.001,0.326,0.2038,0.9592,1.1
"4+","months_since_cert_n >=   7 & shelter_expenses_by_hh_size >= 191 & shelter_expenses_by_hh_size < 197 & utilities < 912","xgboost",51,0.90196,0.81195,18,13,0.7222,0.0029,0.0025,0.326,0.2038,0.9592,1.1
"4+","cat_elig < 1.000 & count_divisible_by_100 >= 1.000 & rawben_rel_max >= 0.963 & unc_rawben_rel_max < 1.060","xgboost",29,0.93103,0.81158,15,13,0.8667,0.0029,0.0012,0.271,0.2038,0.9592,1.1
"4+","children_i >   0.5 & medical_deductions > 150.0 & months_since_cert_n <=   9.0","ranger",29,0.93103,0.81158,18,11,0.6111,0.0025,0.0054,0.326,0.2038,0.9592,1.1
"4+","children_i >   0.500 & medical_deductions > 137.000 & months_since_cert_n >   3.500 & percent_abawd <=   0.268","ranger",29,0.93103,0.81158,17,8,0.4706,0.0018,0.0067,0.308,0.2038,0.9592,1.1
"4+","count_divisible_by_100 > 0.500 & expedited_i > 0.500 & unc_rawben_rel_max > 0.999 & unc_rawben_rel_max <= 1.370","ranger",29,0.93103,0.81158,24,21,0.875,0.0047,0.002,0.434,0.2038,0.9592,1.1
"4+","homeless >  0.500 & total_deductions_by_hh_size <= 61.400 & unc_rawben_rel_max <=  0.976","ranger",29,0.93103,0.81158,18,17,0.9444,0.0038,6e-04,0.326,0.2038,0.9592,1.1
"4+","medical_deductions >  23.5 & shelter_expenses_by_hh_size <= 163.0 & utilities >  30.5","ranger",29,0.93103,0.81158,21,17,0.8095,0.0038,0.0063,0.38,0.2038,0.9592,1.1
"4+","medical_deductions >  50.5 & shelter_expenses_by_hh_size <= 168.0 & utilities >  33.5","ranger",29,0.93103,0.81158,21,17,0.8095,0.0038,0.0063,0.38,0.2038,0.9592,1.1
"4+","medical_deductions > 138.000 & rawben_rel_max <=   0.998 & shelter_expenses_by_hh_size <= 266.000","ranger",29,0.93103,0.81158,19,13,0.6842,0.0029,0.0074,0.344,0.2038,0.9592,1.1
"4+","HH_size_n > 6.5000 & rawben_rel_max <= 0.6950 & total_deductions_by_hh_size <= 0.0111","ranger",36,0.91667,0.80887,14,12,0.8571,0.0027,0.0017,0.253,0.2038,0.9592,1.1
"4+","cat_elig <=   0.5 & expedited_i >   0.5 & total_deductions_by_hh_size > 117.0 & utilities > 416.0","ranger",36,0.91667,0.80887,25,23,0.92,0.0052,8e-04,0.452,0.2038,0.9592,1.1
"4+","cat_elig >   1.5 & expedited_i <=   0.5 & medical_deductions > 122.0","ranger",36,0.91667,0.80887,0,0,NA,0,0,0,0.2038,0.9592,1.1
"4+","children_i >   0.500 & medical_deductions > 136.000 & unc_rawben_rel_max >   0.392 & unc_rawben_rel_max <=   0.988","ranger",36,0.91667,0.80887,23,16,0.6957,0.0036,0.0038,0.416,0.2038,0.9592,1.1
"4+","elderly_disabled_i >   0.5 & married >   0.5 & utilities > 315.0 & utilities <= 352.0","ranger",36,0.91667,0.80887,33,30,0.9091,0.0068,0.0045,0.597,0.2038,0.9592,1.1
"4+","medical_deductions >   6.500 & rawben_rel_max <=   0.999 & shelter_expenses_by_hh_size > 193.000 & utilities > 446.000","ranger",36,0.91667,0.80887,16,10,0.625,0.0023,0.0037,0.289,0.2038,0.9592,1.1
"4+","months_since_cert_n < 1.000 & rawben_rel_max < 0.337 & unc_rawben_rel_max >= 0.276 & unc_rawben_rel_max < 1.100","xgboost",36,0.91667,0.80887,17,15,0.8824,0.0034,0.0013,0.308,0.2038,0.9592,1.1
"4+","months_since_cert_n > 5.500 & percent_abawd > 0.225 & unc_rawben_rel_max > 0.969","ranger",36,0.91667,0.80887,17,15,0.8824,0.0034,0.0018,0.308,0.2038,0.9592,1.1
"4+","HH_size_n <=   5.5 & medical_deductions > 136.0","ranger",50,0.9,0.80845,24,15,0.625,0.0034,0.0062,0.434,0.2038,0.9592,1.1
"4+","HH_size_n <=   5.500 & medical_deductions > 136.000 & rawben_rel_max <=   0.998","ranger",43,0.90698,0.80821,23,14,0.6087,0.0032,0.0062,0.416,0.2038,0.9592,1.1
"4+","expedited_i <=   0.500 & medical_deductions > 137.000 & unc_rawben_rel_max >   0.385","ranger",43,0.90698,0.80821,24,16,0.6667,0.0036,0.0064,0.434,0.2038,0.9592,1.1
"4+","rawben_rel_max >   0.048 & total_deductions_by_hh_size > 318.000 & unc_rawben_rel_max <=   0.244","ranger",43,0.90698,0.80821,25,20,0.8,0.0045,0.0033,0.452,0.2038,0.9592,1.1
"4+","HH_size_n <=   4.5 & medical_deductions >  67.0 & total_deductions_by_hh_size > 158.0","ranger",28,0.92857,0.80553,12,7,0.5833,0.0016,0.0028,0.217,0.2038,0.9592,1
"4+","HH_size_n >   4.500 & percent_abawd >   0.174 & rawben_rel_max >   0.993 & total_deductions_by_hh_size <= 210.000","ranger",28,0.92857,0.80553,21,16,0.7619,0.0036,0.0038,0.38,0.2038,0.9592,1
"4+","cat_elig <=   0.5 & elderly_disabled_i >   0.5 & shelter_expenses_by_hh_size > 303.0 & total_deductions_by_hh_size > 177.0","ranger",28,0.92857,0.80553,20,20,1,0.0045,0,0.362,0.2038,0.9592,1
"4+","cat_elig <=  0.500 & count_divisible_by_100 >  0.500 & rawben_rel_max >  0.957 & shelter_expenses_by_hh_size > 72.700","ranger",28,0.92857,0.80553,22,17,0.7727,0.0038,0.0027,0.398,0.2038,0.9592,1
"4+","elderly_disabled_i <=   0.500 & rawben_rel_max >   0.995 & rawben_rel_max <=   0.999 & utilities > 366.000","ranger",28,0.92857,0.80553,13,12,0.9231,0.0027,3e-04,0.235,0.2038,0.9592,1
"4+","elderly_disabled_i > 0.500 & expedited_i > 0.500 & unc_rawben_rel_max > 0.914","ranger",28,0.92857,0.80553,17,12,0.7059,0.0027,0.0058,0.308,0.2038,0.9592,1
"4+","homeless >  0.500 & rawben_rel_max <=  0.976 & total_deductions_by_hh_size <= 54.500","ranger",28,0.92857,0.80553,18,17,0.9444,0.0038,6e-04,0.326,0.2038,0.9592,1
"4+","homeless >= 1.000 & rawben_rel_max < 0.722","xgboost",28,0.92857,0.80553,11,10,0.9091,0.0023,4e-04,0.199,0.2038,0.9592,1
"4+","medical_deductions > 136.000 & shelter_expenses_by_hh_size > 161.000 & unc_rawben_rel_max <=   0.739","ranger",28,0.92857,0.80553,13,6,0.4615,0.0014,0.0047,0.235,0.2038,0.9592,1
"4+","medical_deductions > 137.000 & rawben_rel_max <=   0.974 & total_deductions_by_hh_size > 106.000","ranger",28,0.92857,0.80553,15,8,0.5333,0.0018,0.0028,0.271,0.2038,0.9592,1
"4+","shelter_expenses_by_hh_size >= 312 & shelter_expenses_by_hh_size < 374 & utilities < 277","xgboost",28,0.92857,0.80553,22,17,0.7727,0.0038,0.003,0.398,0.2038,0.9592,1
"4+","HH_size_n <=   5.500 & medical_deductions > 137.000 & rawben_rel_max <=   0.999","ranger",42,0.90476,0.804,23,14,0.6087,0.0032,0.0062,0.416,0.2038,0.9592,1
"4+","elderly_disabled_i >   0.5 & medical_deductions > 137.0 & shelter_expenses_by_hh_size > 163.0","ranger",42,0.90476,0.804,20,11,0.55,0.0025,0.0053,0.362,0.2038,0.9592,1
"4+","expedited_i <=   0.500 & rawben_rel_max >   0.977 & rawben_rel_max <=   0.986 & utilities <= 408.000","ranger",42,0.90476,0.804,13,9,0.6923,0.002,0.0045,0.235,0.2038,0.9592,1
"4+","medical_deductions > 132.00 & months_since_cert_n >   3.50 & unc_rawben_rel_max <=   1.14","ranger",42,0.90476,0.804,23,12,0.5217,0.0027,0.0105,0.416,0.2038,0.9592,1
"4+","months_since_cert_n >=  11.000 & months_since_cert_n <  13.000 & rawben_rel_max <   0.885 & utilities < 341.000","xgboost",42,0.90476,0.804,17,13,0.7647,0.0029,0.0054,0.308,0.2038,0.9592,1
"4+","rawben_rel_max >=   0.957 & utilities >= 789.000 & utilities < 798.000","xgboost",42,0.90476,0.804,9,8,0.8889,0.0018,7e-04,0.163,0.2038,0.9592,1
"4+","cat_elig <=   1.500 & count_divisible_by_100 >   0.500 & rawben_rel_max >   0.909 & total_deductions_by_hh_size > 160.000","ranger",35,0.91429,0.80388,41,34,0.8293,0.0077,0.0073,0.742,0.2038,0.9592,1
"4+","cat_elig >   0.5 & elderly_disabled_i >   0.5 & medical_deductions > 137.0 & shelter_expenses_by_hh_size > 163.0","ranger",35,0.91429,0.80388,16,9,0.5625,0.002,0.0046,0.289,0.2038,0.9592,1
"4+","elderly_disabled_i <= 0.500 & homeless > 0.500 & months_since_cert_n <= 5.500 & unc_rawben_rel_max <= 0.992","ranger",35,0.91429,0.80388,14,13,0.9286,0.0029,6e-04,0.253,0.2038,0.9592,1
"4+","medical_deductions >   6.50 & months_since_cert_n <=  29.50 & shelter_expenses_by_hh_size >   8.45 & shelter_expenses_by_hh_size <= 166.00","ranger",35,0.91429,0.80388,23,19,0.8261,0.0043,0.0063,0.416,0.2038,0.9592,1
"4+","medical_deductions > 136.000 & medical_deductions <= 314.000 & unc_rawben_rel_max >   0.385 & unc_rawben_rel_max <=   0.977","ranger",35,0.91429,0.80388,23,16,0.6957,0.0036,0.0061,0.416,0.2038,0.9592,1
"4+","medical_deductions > 136.000 & months_since_cert_n <=   5.500 & unc_rawben_rel_max <=   0.937 & utilities >  29.500","ranger",35,0.91429,0.80388,18,13,0.7222,0.0029,0.0045,0.326,0.2038,0.9592,1
"4+","medical_deductions > 138.000 & months_since_cert_n <=   5.500 & unc_rawben_rel_max <=   0.937","ranger",35,0.91429,0.80388,18,13,0.7222,0.0029,0.0045,0.326,0.2038,0.9592,1
"4+","months_since_cert_n <   2 & shelter_expenses_by_hh_size >= 344 & utilities >= 730 & utilities < 792","xgboost",35,0.91429,0.80388,8,7,0.875,0.0016,3e-04,0.145,0.2038,0.9592,1
"4+","count_divisible_by_100 <=   0.500 & medical_deductions > 112.000 & medical_deductions <= 163.000 & rawben_rel_max >   0.462","ranger",41,0.90244,0.7996,27,19,0.7037,0.0043,0.0099,0.489,0.2038,0.9592,1
"4+","elderly_disabled_i >   0.5 & medical_deductions > 136.0 & shelter_expenses_by_hh_size > 178.0","ranger",41,0.90244,0.7996,17,9,0.5294,0.002,0.0045,0.308,0.2038,0.9592,1
"4+","homeless >= 1.0 & total_deductions_by_hh_size < 9.2","xgboost",41,0.90244,0.7996,32,30,0.9375,0.0068,0.0015,0.579,0.2038,0.9592,1
"4+","HH_size_n <=   4.500 & medical_deductions > 112.000 & rawben_rel_max <=   0.945 & shelter_expenses_by_hh_size > 265.000","ranger",27,0.92593,0.79907,11,8,0.7273,0.0018,0.0013,0.199,0.2038,0.9592,1
"4+","HH_size_n >= 7.000 & months_since_cert_n < 1.000 & rawben_rel_max >= 0.862","xgboost",27,0.92593,0.79907,13,10,0.7692,0.0023,0.0022,0.235,0.2038,0.9592,1
"4+","elderly_disabled_i > 0.50 & expedited_i <= 0.50 & total_deductions_by_hh_size > 5.62 & total_deductions_by_hh_size <= 9.88","ranger",27,0.92593,0.79907,13,10,0.7692,0.0023,0.002,0.235,0.2038,0.9592,1
"4+","expedited_i >=  1.000 & months_since_cert_n >= 10.000 & unc_rawben_rel_max >=  0.998 & unc_rawben_rel_max <  1.170","xgboost",27,0.92593,0.79907,13,12,0.9231,0.0027,3e-04,0.235,0.2038,0.9592,1
"4+","married <=   0.5 & medical_deductions >  12.5 & total_deductions_by_hh_size <= 150.0","ranger",27,0.92593,0.79907,20,16,0.8,0.0036,0.0067,0.362,0.2038,0.9592,1
"4+","medical_deductions > 138.0 & months_since_cert_n <=   5.5 & shelter_expenses_by_hh_size > 167.0","ranger",27,0.92593,0.79907,12,8,0.6667,0.0018,0.0029,0.217,0.2038,0.9592,1
"4+","cat_elig >   1.500 & medical_deductions > 132.000 & rawben_rel_max <=   0.997","ranger",34,0.91176,0.79863,0,0,NA,0,0,0,0.2038,0.9592,1
"4+","homeless >   0.500 & rawben_rel_max <=   0.977 & shelter_expenses_by_hh_size <= 278.000 & unc_rawben_rel_max <=   0.798","ranger",34,0.91176,0.79863,14,13,0.9286,0.0029,6e-04,0.253,0.2038,0.9592,1
"4+","months_since_cert_n <   1.0 & shelter_expenses_by_hh_size < 164.0 & total_deductions_by_hh_size >=  52.8 & utilities >= 524.0","xgboost",34,0.91176,0.79863,17,14,0.8235,0.0032,0.0037,0.308,0.2038,0.9592,1
"4+","count_divisible_by_100 <=   1.5 & elderly_disabled_i >   0.5 & medical_deductions >   0.5 & shelter_expenses_by_hh_size <= 177.0","ranger",40,0.9,0.795,28,22,0.7857,0.005,0.0102,0.507,0.2038,0.9592,1
"4+","expedited_i >=   1 & months_since_cert_n >=   5 & months_since_cert_n <   6 & utilities < 415","xgboost",40,0.9,0.795,20,16,0.8,0.0036,0.0035,0.362,0.2038,0.9592,1
"4+","homeless >=   1.000 & rawben_rel_max <   0.909 & total_deductions_by_hh_size < 243.000 & utilities < 596.000","xgboost",40,0.9,0.795,24,22,0.9167,0.005,0.001,0.434,0.2038,0.9592,1
"4+","medical_deductions >   0.5 & shelter_expenses_by_hh_size <= 169.0","ranger",40,0.9,0.795,26,21,0.8077,0.0047,0.0094,0.47,0.2038,0.9592,1
"4+","months_since_cert_n <   4.00 & shelter_expenses_by_hh_size < 284.00 & unc_rawben_rel_max >=   1.27 & utilities >= 417.00","xgboost",40,0.9,0.795,4,4,1,9e-04,0,0.072,0.2038,0.9592,1
"4+","rawben_rel_max <=   0.119 & utilities <= 402.000","ranger",40,0.9,0.795,14,12,0.8571,0.0027,0.0057,0.253,0.2038,0.9592,1
"4+","cat_elig <= 1.5 & HH_size_n <= 4.5 & medical_deductions > 7.0","ranger",33,0.90909,0.79309,32,25,0.7812,0.0056,0.0048,0.579,0.2038,0.9592,1
"4+","cat_elig >   1.5 & elderly_disabled_i >   0.5 & medical_deductions > 132.0 & shelter_expenses_by_hh_size <= 456.0","ranger",33,0.90909,0.79309,0,0,NA,0,0,0,0.2038,0.9592,1
"4+","married <=   0.5000 & percent_abawd >   0.0833 & rawben_rel_max >   0.9980 & utilities <= 332.0000","ranger",33,0.90909,0.79309,16,15,0.9375,0.0034,7e-04,0.289,0.2038,0.9592,1
"4+","medical_deductions >  12.500 & shelter_expenses_by_hh_size <= 255.000 & unc_rawben_rel_max <=   0.596","ranger",33,0.90909,0.79309,18,15,0.8333,0.0034,0.0056,0.326,0.2038,0.9592,1
"4+","medical_deductions > 136.0 & shelter_expenses_by_hh_size > 260.0 & total_deductions_by_hh_size >  10.3","ranger",33,0.90909,0.79309,12,7,0.5833,0.0016,0.0022,0.217,0.2038,0.9592,1
"4+","months_since_cert_n <   2 & total_deductions_by_hh_size >= 168 & utilities >= 707 & utilities < 750","xgboost",33,0.90909,0.79309,18,14,0.7778,0.0032,0.0029,0.326,0.2038,0.9592,1
"4+","rawben_rel_max <   0.186 & shelter_expenses_by_hh_size >= 296.000 & shelter_expenses_by_hh_size < 440.000 & utilities >= 750.000","xgboost",33,0.90909,0.79309,15,13,0.8667,0.0029,0.0013,0.271,0.2038,0.9592,1
"4+","rawben_rel_max >=   0.928 & shelter_expenses_by_hh_size >= 292.000 & utilities >= 583.000 & utilities < 651.000","xgboost",33,0.90909,0.79309,33,32,0.9697,0.0072,0.0033,0.597,0.2038,0.9592,1
"4+","HH_size_n <=   4.50 & medical_deductions > 132.00 & months_since_cert_n >   3.50 & unc_rawben_rel_max <=   1.14","ranger",26,0.92308,0.79218,13,6,0.4615,0.0014,0.0048,0.235,0.2038,0.9592,1
"4+","HH_size_n <=   5.5 & medical_deductions > 148.0 & months_since_cert_n <=   9.0","ranger",26,0.92308,0.79218,15,8,0.5333,0.0018,0.0054,0.271,0.2038,0.9592,1
"4+","HH_size_n > 6.500 & homeless <= 0.500 & rawben_rel_max <= 0.999 & unc_rawben_rel_max > 0.977","ranger",26,0.92308,0.79218,6,6,1,0.0014,0,0.109,0.2038,0.9592,1
"4+","HH_size_n >=   7.000 & rawben_rel_max <   0.254 & utilities >=  54.000 & utilities < 534.000","xgboost",26,0.92308,0.79218,10,5,0.5,0.0011,0.0058,0.181,0.2038,0.9592,1
"4+","count_divisible_by_100 <=   1.5 & medical_deductions > 137.0 & total_deductions_by_hh_size > 182.0","ranger",26,0.92308,0.79218,8,4,0.5,9e-04,0.0016,0.145,0.2038,0.9592,1
"4+","expedited_i <=   0.500 & medical_deductions > 136.000 & months_since_cert_n <=   3.500 & unc_rawben_rel_max <=   0.976","ranger",26,0.92308,0.79218,12,11,0.9167,0.0025,3e-04,0.217,0.2038,0.9592,1
"4+","medical_deductions >   6.500 & rawben_rel_max >   0.403 & shelter_expenses_by_hh_size <= 166.000","ranger",26,0.92308,0.79218,20,15,0.75,0.0034,0.0094,0.362,0.2038,0.9592,1
"4+","months_since_cert_n <   2.000 & rawben_rel_max <   0.492 & shelter_expenses_by_hh_size >= 487.000 & total_deductions_by_hh_size >= 326.000","xgboost",26,0.92308,0.79218,9,7,0.7778,0.0016,0.001,0.163,0.2038,0.9592,1
"4+","rawben_rel_max >  0.976 & rawben_rel_max <=  0.985 & utilities <= 41.500","ranger",26,0.92308,0.79218,9,8,0.8889,0.0018,3e-04,0.163,0.2038,0.9592,1
"4+","total_deductions_by_hh_size <  68.4 & utilities >= 852.0","xgboost",26,0.92308,0.79218,15,13,0.8667,0.0029,0.0019,0.271,0.2038,0.9592,1
"4+","cat_elig <=  0.5 & count_divisible_by_100 >  0.5 & utilities <= 30.5","ranger",32,0.90625,0.78724,14,11,0.7857,0.0025,0.0026,0.253,0.2038,0.9592,1
"4+","married >   0.500 & medical_deductions > 132.000 & months_since_cert_n >   0.500 & rawben_rel_max <=   0.959","ranger",32,0.90625,0.78724,18,11,0.6111,0.0025,0.006,0.326,0.2038,0.9592,1
"4+","medical_deductions > 136.000 & rawben_rel_max <=   0.989 & total_deductions_by_hh_size <= 157.000","ranger",32,0.90625,0.78724,21,15,0.7143,0.0034,0.0077,0.38,0.2038,0.9592,1
"4+","shelter_expenses_by_hh_size <= 110.0 & total_deductions_by_hh_size > 162.0 & utilities >  30.5","ranger",32,0.90625,0.78724,17,14,0.8235,0.0032,0.0068,0.308,0.2038,0.9592,1
"4+","HH_size_n <= 4.500 & homeless > 0.500 & rawben_rel_max <= 0.976 & unc_rawben_rel_max > 0.346","ranger",25,0.92,0.78479,8,8,1,0.0018,0,0.145,0.2038,0.9592,0.9
"4+","cat_elig <=   1.500 & percent_abawd >   0.303 & unc_rawben_rel_max <=   0.976 & utilities <= 396.000","ranger",25,0.92,0.78479,24,17,0.7083,0.0038,0.0073,0.434,0.2038,0.9592,0.9
"4+","cat_elig >   0.5 & medical_deductions >  20.0 & shelter_expenses_by_hh_size <= 177.0","ranger",25,0.92,0.78479,18,14,0.7778,0.0032,0.0077,0.326,0.2038,0.9592,0.9
"4+","cat_elig >   1.50 & medical_deductions > 132.00 & shelter_expenses_by_hh_size > 169.00 & total_deductions_by_hh_size >   1.55","ranger",25,0.92,0.78479,0,0,NA,0,0,0,0.2038,0.9592,0.9
"4+","expedited_i <=  0.5000 & months_since_cert_n <=  5.5000 & percent_abawd >  0.0714 & utilities <= 30.5000","ranger",31,0.90323,0.78105,28,17,0.6071,0.0038,0.0107,0.507,0.2038,0.9592,0.9
"4+","homeless > 0.500 & months_since_cert_n <= 6.500 & rawben_rel_max <= 0.958 & total_deductions_by_hh_size > 8.780","ranger",31,0.90323,0.78105,10,10,1,0.0023,0,0.181,0.2038,0.9592,0.9
"4+","cat_elig <= 0.500 & elderly_disabled_i <= 0.500 & rawben_rel_max <= 0.301 & unc_rawben_rel_max <= 0.931","ranger",30,0.9,0.77448,1,1,1,2e-04,0,0.018,0.2038,0.9592,0.9
"4+","cat_elig >=   2 & shelter_expenses_by_hh_size < 100 & total_deductions_by_hh_size >= 134 & total_deductions_by_hh_size < 204","xgboost",30,0.9,0.77448,2,2,1,5e-04,0,0.036,0.2038,0.9592,0.9
"4+","months_since_cert_n <   2.0000 & rawben_rel_max <   0.1620 & total_deductions_by_hh_size >= 178.0000 & unc_rawben_rel_max >=   0.0527","xgboost",30,0.9,0.77448,16,14,0.875,0.0032,0.0028,0.289,0.2038,0.9592,0.9
"4+","months_since_cert_n <=   6.500 & percent_abawd >   0.279 & rawben_rel_max <=   0.999 & total_deductions_by_hh_size <= 104.000","ranger",30,0.9,0.77448,13,9,0.6923,0.002,0.0051,0.235,0.2038,0.9592,0.9
